<<<[18:14:57] 140.0, 126.5, 1.104
[18:14:58] 140.1, 126.4, 1.105
[18:14:59] 140.2, 126.4, 1.114
[18:15:00] 140.4, 126.4, 1.682
[18:15:01] 199.9, 126.3, 1.678
[18:15:02] 213.3, 126.3, 1.680
[18:15:03] 213.3, 126.3, 1.681
[18:15:04] 213.3, 126.3, 1.680
[18:15:05] 213.3, 126.3, 1.680
[18:15:06] 213.3, 126.3, 1.680
[18:15:07] 213.3, 126.3, 1.681
[18:15:08] 213.3, 126.3, 1.681
[18:15:09] 213.3, 126.3, 1.680
[18:15:10] 213.4, 126.3, 1.681
[18:15:11] 213.4, 126.3, 1.680
[18:15:12] 213.4, 126.3, 1.680
[18:15:13] 213.4, 126.3, 1.682
[18:15:14] 213.5, 126.3, 1.682
[18:15:15] 213.5, 126.3, 1.681
[18:15:16] 213.5, 126.3, 1.681
[18:15:17] 213.5, 126.3, 1.683
[18:15:18] 213.6, 126.3, 1.683
[18:15:19] 213.6, 126.3, 1.640
[18:15:20] 213.3, 126.4, 1.446
[18:15:21] 186.5, 126.4, 1.442
[18:15:22] 186.1, 126.4, 1.592
[18:15:23] 185.9, 126.4, 1.087
[18:15:24] 139.0, 126.4, 1.081
[18:15:25] 138.8, 126.4, 1.095
[18:15:26] 138.8, 126.4, 1.097
[18:15:27] 138.9, 126.4, 1.638
[18:15:28] 171.3, 126.4, 1.037
[18:15:29] 132.3, 126.4, 1.094
[18:15:30] 139.2, 126.4, 1.096
[18:15:31] 139.3, 126.4, 1.096
[18:15:32] 139.4, 126.4, 1.857
[18:15:33] 185.0, 126.4, 1.032
[18:15:34] 133.1, 126.4, 1.095
[18:15:35] 139.0, 126.4, 1.090
[18:15:36] 139.1, 126.5, 1.094
[18:15:37] 139.2, 126.4, 2.290
[18:15:38] 185.6, 126.5, 1.035
[18:15:39] 133.6, 126.5, 1.096
[18:15:40] 134.1, 126.5, 1.091
[18:15:41] 139.8, 126.5, 1.096
[18:15:42] 139.8, 126.3, 3.292
[18:15:43] 189.5, 126.5, 1.029
[18:15:44] 144.5, 126.5, 1.095
[18:15:45] 137.4, 126.5, 1.092
[18:15:46] 137.6, 126.5, 1.098
[18:15:47] 137.9, 126.5, 1.095
[18:15:48] 169.3, 126.5, 1.014
[18:15:49] 194.4, 126.5, 1.094
[18:15:50] 136.0, 126.5, 1.098
[18:15:51] 136.4, 126.5, 1.097
[18:15:52] 136.9, 126.5, 1.100
[18:15:53] 137.2, 126.3, 2.200
[18:15:54] 248.2, 126.5, 1.055
[18:15:55] 168.2, 126.4, 1.097
[18:15:56] 139.9, 126.4, 1.093
[18:15:57] 139.9, 126.4, 1.096
[18:15:58] 139.8, 126.4, 1.097
[18:15:59] 139.9, 126.3, 2.157
[18:16:00] 276.8, 126.3, 1.671
[18:16:01] 251.8, 126.4, 1.094
[18:16:02] 141.9, 126.4, 1.100
[18:16:03] 141.6, 126.4, 1.098
[18:16:04] 141.4, 126.3, 1.101
[18:16:05] 141.2, 126.2, 2.980
[18:16:06] 200.6, 126.2, 2.162
[18:16:07] 275.5, 126.2, 2.230
[18:16:08] 280.8, 126.2, 2.120
[18:16:09] 266.1, 126.4, 1.097
[18:16:10] 142.1, 126.4, 1.097
[18:16:11] 141.8, 126.4, 1.094
[18:16:12] 141.5, 126.3, 1.111
[18:16:13] 141.3, 126.1, 3.295
[18:16:14] 186.3, 126.2, 2.162
[18:16:15] 273.2, 126.2, 2.225
[18:16:16] 280.0, 126.2, 2.240
[18:16:17] 280.4, 126.2, 2.233
[18:16:18] 280.7, 126.2, 2.234
[18:16:19] 281.0, 126.2, 2.233
[18:16:20] 281.3, 126.3, 1.095
[18:16:21] 157.3, 126.4, 1.098
[18:16:22] 139.9, 126.4, 1.096
[18:16:23] 139.9, 126.4, 1.098
[18:16:24] 139.9, 126.4, 1.096
[18:16:25] 139.8, 126.3, 2.165
[18:16:26] 287.5, 126.2, 2.227
[18:16:27] 277.9, 126.2, 2.224
[18:16:28] 278.4, 126.2, 2.226
[18:16:29] 279.0, 126.2, 2.233
[18:16:30] 279.5, 126.2, 2.238
[18:16:31] 280.0, 126.2, 2.230
[18:16:32] 280.4, 126.2, 2.238
[18:16:33] 280.8, 126.2, 2.239
[18:16:34] 281.2, 126.2, 2.231
[18:16:35] 281.4, 126.2, 2.243
[18:16:36] 281.7, 126.2, 2.235
[18:16:37] 282.0, 126.4, 1.117
[18:16:38] 214.7, 126.4, 1.102
[18:16:39] 140.3, 126.3, 1.098
[18:16:40] 140.2, 126.4, 1.091
[18:16:41] 140.2, 126.4, 1.100
