<<<[18:11:08] 140.0, 126.3, 1.099
[18:11:09] 140.1, 126.3, 1.111
[18:11:10] 140.2, 126.3, 1.110
[18:11:11] 140.4, 126.3, 1.732
[18:11:12] 171.4, 126.3, 1.671
[18:11:13] 212.3, 126.3, 1.672
[18:11:14] 212.3, 126.3, 1.674
[18:11:15] 212.3, 126.2, 1.675
[18:11:16] 212.3, 126.2, 1.676
[18:11:17] 212.4, 126.3, 1.675
[18:11:18] 212.4, 126.3, 1.677
[18:11:19] 212.5, 126.3, 1.676
[18:11:20] 212.5, 126.3, 1.677
[18:11:21] 212.5, 126.3, 1.676
[18:11:22] 212.6, 126.3, 1.679
[18:11:23] 212.7, 126.3, 1.566
[18:11:24] 201.5, 126.3, 1.482
[18:11:25] 190.4, 126.4, 1.120
[18:11:26] 156.6, 126.4, 1.092
[18:11:27] 140.5, 126.4, 1.096
[18:11:28] 140.3, 126.4, 1.092
[18:11:29] 140.3, 126.4, 1.147
[18:11:30] 153.5, 126.4, 1.091
[18:11:31] 153.3, 126.4, 1.094
[18:11:32] 139.6, 126.4, 1.094
[18:11:33] 139.5, 126.4, 1.099
[18:11:34] 139.5, 126.4, 1.111
[18:11:35] 170.5, 126.4, 1.032
[18:11:36] 141.9, 126.3, 1.094
[18:11:37] 136.1, 126.4, 1.096
[18:11:38] 136.5, 126.4, 1.095
[18:11:39] 136.8, 126.4, 1.093
[18:11:40] 170.2, 126.4, 1.031
[18:11:41] 141.8, 126.4, 1.089
[18:11:42] 136.0, 126.4, 1.092
[18:11:43] 136.4, 126.4, 1.091
[18:11:44] 136.7, 126.4, 1.095
[18:11:45] 166.5, 126.4, 1.057
[18:11:46] 159.3, 126.4, 1.090
[18:11:47] 135.8, 126.4, 1.088
[18:11:48] 136.2, 126.4, 1.090
[18:11:49] 136.6, 126.4, 1.090
[18:11:50] 136.9, 126.4, 0.990
[18:11:51] 202.0, 126.4, 1.096
[18:11:52] 134.5, 126.4, 1.091
[18:11:53] 135.1, 126.4, 1.094
[18:11:54] 135.6, 126.4, 1.093
[18:11:55] 136.1, 126.3, 1.926
[18:11:56] 230.6, 126.4, 1.032
[18:11:57] 134.3, 126.4, 1.090
[18:11:58] 139.4, 126.4, 1.094
[18:11:59] 139.4, 126.3, 1.091
[18:12:00] 139.4, 126.1, 3.454
[18:12:01] 189.5, 126.3, 1.624
[18:12:02] 247.1, 126.4, 1.093
[18:12:03] 138.7, 126.3, 1.089
[18:12:04] 138.7, 126.4, 1.093
[18:12:05] 138.8, 126.4, 1.089
[18:12:06] 138.9, 126.2, 2.889
[18:12:07] 198.8, 126.2, 2.158
[18:12:08] 273.3, 126.3, 1.601
[18:12:09] 231.5, 126.4, 1.094
[18:12:10] 139.2, 126.4, 1.091
[18:12:11] 139.2, 126.4, 1.093
[18:12:12] 139.2, 126.4, 1.095
[18:12:13] 139.2, 126.3, 2.175
[18:12:14] 218.0, 126.3, 2.149
[18:12:15] 273.0, 126.3, 2.215
[18:12:16] 279.5, 126.2, 2.222
[18:12:17] 279.7, 126.4, 1.110
[18:12:18] 184.7, 126.4, 1.096
[18:12:19] 139.9, 126.4, 1.095
[18:12:20] 139.8, 126.3, 1.091
[18:12:21] 139.7, 126.3, 1.091
[18:12:22] 139.7, 126.2, 2.178
[18:12:23] 258.3, 126.2, 2.154
[18:12:24] 274.8, 126.2, 2.222
[18:12:25] 281.0, 126.2, 2.219
[18:12:26] 281.0, 126.2, 2.227
[18:12:27] 280.9, 126.2, 2.223
[18:12:28] 281.0, 126.2, 2.234
[18:12:29] 281.2, 126.3, 1.593
[18:12:30] 242.4, 126.4, 1.092
[18:12:31] 139.4, 126.4, 1.097
[18:12:32] 139.4, 126.4, 1.094
[18:12:33] 139.4, 126.4, 1.091
[18:12:34] 139.5, 126.2, 2.542
[18:12:35] 205.6, 126.2, 2.150
[18:12:36] 273.9, 126.2, 2.216
[18:12:37] 279.7, 126.2, 2.229
[18:12:38] 279.9, 126.2, 2.223
[18:12:39] 280.2, 126.2, 2.224
[18:12:40] 280.3, 126.2, 2.220
[18:12:41] 280.5, 126.2, 2.219
[18:12:42] 280.7, 126.3, 2.226
[18:12:43] 280.8, 126.2, 2.223
[18:12:44] 280.9, 126.2, 2.230
[18:12:45] 281.0, 126.2, 2.221
[18:12:46] 281.0, 126.2, 2.224
[18:12:47] 281.2, 126.2, 2.229
[18:12:48] 281.2, 126.1, 2.217
[18:12:49] 281.3, 126.3, 1.115
[18:12:50] 193.3, 126.4, 1.096
[18:12:51] 140.1, 126.4, 1.096
[18:12:52] 140.0, 126.3, 1.098
