<<<[18:07:48] 139.7, 126.3, 1.097
[18:07:49] 139.7, 126.3, 1.098
[18:07:50] 139.7, 126.3, 1.108
[18:07:51] 140.0, 126.3, 1.666
[18:07:52] 213.3, 126.3, 1.670
[18:07:53] 213.1, 126.3, 1.668
[18:07:54] 212.9, 126.3, 1.666
[18:07:55] 212.8, 126.3, 1.667
[18:07:56] 212.7, 126.3, 1.676
[18:07:57] 212.5, 126.4, 1.520
[18:07:58] 186.8, 126.4, 1.097
[18:07:59] 141.0, 126.4, 1.091
[18:08:00] 140.7, 126.4, 1.095
[18:08:01] 140.5, 126.4, 1.092
[18:08:02] 140.4, 126.4, 1.528
[18:08:03] 159.7, 126.3, 1.094
[18:08:04] 139.8, 126.3, 1.097
[18:08:05] 139.7, 126.4, 1.094
[18:08:06] 139.6, 126.4, 1.091
[18:08:07] 139.6, 126.3, 1.533
[18:08:08] 159.7, 126.4, 1.093
[18:08:09] 139.6, 126.4, 1.090
[18:08:10] 139.5, 126.4, 1.092
[18:08:11] 139.5, 126.4, 1.090
[18:08:12] 139.4, 126.4, 1.540
[18:08:13] 170.5, 126.4, 1.025
[18:08:14] 131.3, 126.4, 1.091
[18:08:15] 138.7, 126.4, 1.090
[18:08:16] 138.7, 126.4, 1.089
[18:08:17] 138.7, 126.3, 1.731
[18:08:18] 185.0, 126.4, 1.031
[18:08:19] 130.9, 126.4, 1.091
[18:08:20] 138.5, 126.4, 1.090
[18:08:21] 138.5, 126.4, 1.090
[18:08:22] 138.6, 126.3, 2.174
[18:08:23] 186.1, 126.4, 1.030
[18:08:24] 131.4, 126.4, 1.094
[18:08:25] 138.1, 126.4, 1.096
[18:08:26] 138.2, 126.4, 1.090
[18:08:27] 138.3, 126.2, 3.401
[18:08:28] 190.6, 126.4, 1.021
[18:08:29] 142.1, 126.4, 1.092
[18:08:30] 136.7, 126.4, 1.093
[18:08:31] 136.9, 126.4, 1.095
[18:08:32] 137.2, 126.4, 1.095
[18:08:33] 164.7, 126.4, 1.003
[18:08:34] 198.0, 126.4, 1.097
[18:08:35] 135.6, 126.3, 1.089
[18:08:36] 136.0, 126.3, 1.088
[18:08:37] 136.3, 126.3, 1.088
[18:08:38] 136.6, 126.1, 2.180
[18:08:39] 239.1, 126.4, 0.990
[18:08:40] 189.9, 126.4, 1.088
[18:08:41] 139.2, 126.4, 1.093
[18:08:42] 139.2, 126.4, 1.090
[18:08:43] 139.1, 126.4, 1.088
[18:08:44] 139.1, 126.3, 2.176
[18:08:45] 255.2, 126.3, 2.156
[18:08:46] 275.2, 126.4, 1.089
[18:08:47] 153.2, 126.4, 1.089
[18:08:48] 139.0, 126.4, 1.089
[18:08:49] 139.0, 126.4, 1.089
[18:08:50] 138.9, 126.4, 1.089
[18:08:51] 139.0, 126.3, 2.155
[18:08:52] 287.6, 126.2, 2.224
[18:08:53] 277.3, 126.2, 2.228
[18:08:54] 277.9, 126.4, 1.601
[18:08:55] 231.5, 126.4, 1.088
[18:08:56] 139.0, 126.4, 1.088
[18:08:57] 139.0, 126.4, 1.094
[18:08:58] 139.0, 126.3, 1.089
[18:08:59] 139.1, 126.3, 2.156
[18:09:00] 221.2, 126.2, 2.165
[18:09:01] 274.4, 126.3, 2.230
[18:09:02] 282.2, 126.3, 2.232
[18:09:03] 282.2, 126.2, 2.228
[18:09:04] 282.1, 126.3, 2.223
[18:09:05] 282.1, 126.3, 2.222
[18:09:06] 282.1, 126.3, 1.630
[18:09:07] 232.4, 126.4, 1.092
[18:09:08] 138.9, 126.4, 1.088
[18:09:09] 138.9, 126.4, 1.098
[18:09:10] 139.0, 126.4, 1.091
[18:09:11] 139.0, 126.3, 2.142
[18:09:12] 223.6, 126.3, 2.162
[18:09:13] 274.1, 126.2, 2.219
[18:09:14] 281.5, 126.3, 2.215
[18:09:15] 281.3, 126.3, 2.223
[18:09:16] 281.5, 126.3, 2.214
[18:09:17] 281.5, 126.2, 2.229
[18:09:18] 281.6, 126.2, 2.226
[18:09:19] 281.6, 126.3, 2.222
[18:09:20] 281.7, 126.3, 2.233
[18:09:21] 281.9, 126.2, 2.231
[18:09:22] 281.9, 126.3, 2.228
[18:09:23] 282.0, 126.3, 2.228
[18:09:24] 282.1, 126.3, 2.232
[18:09:25] 282.3, 126.4, 1.143
[18:09:26] 206.2, 126.4, 1.098
[18:09:27] 140.1, 126.5, 1.099
[18:09:28] 140.1, 126.5, 1.095
[18:09:29] 140.0, 126.4, 1.093
