<<<[18:12:56] 140.1, 126.3, 1.098
[18:12:57] 140.0, 126.4, 1.102
[18:12:58] 140.1, 126.4, 1.108
[18:12:59] 140.2, 126.3, 1.679
[18:13:00] 178.0, 126.3, 1.678
[18:13:01] 213.3, 126.3, 1.677
[18:13:02] 213.2, 126.3, 1.676
[18:13:03] 213.2, 126.3, 1.678
[18:13:04] 213.2, 126.3, 1.677
[18:13:05] 213.2, 126.3, 1.679
[18:13:06] 213.2, 126.3, 1.678
[18:13:07] 213.2, 126.3, 1.678
[18:13:08] 213.2, 126.3, 1.679
[18:13:09] 213.2, 126.3, 1.679
[18:13:10] 213.2, 126.3, 1.680
[18:13:11] 213.2, 126.3, 1.680
[18:13:12] 213.2, 126.3, 1.680
[18:13:13] 213.3, 126.3, 1.679
[18:13:14] 213.3, 126.3, 1.609
[18:13:15] 212.7, 126.4, 1.438
[18:13:16] 183.9, 126.4, 1.308
[18:13:17] 183.9, 126.4, 1.135
[18:13:18] 147.0, 126.4, 1.097
[18:13:19] 141.0, 126.4, 1.097
[18:13:20] 140.8, 126.3, 1.098
[18:13:21] 140.7, 126.4, 1.235
[18:13:22] 175.6, 126.4, 1.032
[18:13:23] 133.4, 126.4, 1.096
[18:13:24] 139.9, 126.4, 1.092
[18:13:25] 139.8, 126.4, 1.099
[18:13:26] 139.8, 126.4, 1.250
[18:13:27] 176.9, 126.4, 1.032
[18:13:28] 132.9, 126.4, 1.092
[18:13:29] 139.9, 126.4, 1.097
[18:13:30] 139.9, 126.4, 1.097
[18:13:31] 139.9, 126.4, 1.236
[18:13:32] 176.5, 126.4, 1.037
[18:13:33] 132.3, 126.4, 1.095
[18:13:34] 139.6, 126.3, 1.096
[18:13:35] 139.6, 126.4, 1.098
[18:13:36] 139.6, 126.3, 1.602
[18:13:37] 194.6, 126.4, 1.035
[18:13:38] 129.6, 126.3, 1.098
[18:13:39] 139.6, 126.3, 1.093
[18:13:40] 139.6, 126.3, 1.096
[18:13:41] 139.6, 126.2, 2.556
[18:13:42] 202.4, 126.4, 1.042
[18:13:43] 151.2, 126.3, 1.098
[18:13:44] 138.1, 126.3, 1.098
[18:13:45] 138.3, 126.4, 1.093
[18:13:46] 138.4, 126.4, 1.094
[18:13:47] 167.1, 126.3, 1.540
[18:13:48] 233.9, 126.4, 1.096
[18:13:49] 133.2, 126.4, 1.096
[18:13:50] 139.8, 126.4, 1.100
[18:13:51] 139.8, 126.4, 1.095
[18:13:52] 139.8, 126.2, 2.183
[18:13:53] 218.7, 126.3, 1.870
[18:13:54] 254.0, 126.3, 1.095
[18:13:55] 147.9, 126.4, 1.094
[18:13:56] 139.6, 126.4, 1.095
[18:13:57] 139.6, 126.4, 1.096
[18:13:58] 139.6, 126.2, 3.379
[18:13:59] 191.3, 126.2, 2.163
[18:14:00] 274.3, 126.3, 2.230
[18:14:01] 280.6, 126.4, 1.072
[18:14:02] 186.3, 126.4, 1.096
[18:14:03] 139.9, 126.4, 1.093
[18:14:04] 139.8, 126.4, 1.092
[18:14:05] 139.8, 126.4, 1.135
[18:14:06] 139.9, 126.2, 2.186
[18:14:07] 269.7, 126.2, 2.204
[18:14:08] 277.1, 126.2, 2.232
[18:14:09] 282.8, 126.2, 2.229
[18:14:10] 282.8, 126.2, 2.226
[18:14:11] 282.7, 126.4, 1.105
[18:14:12] 161.3, 126.4, 1.099
[18:14:13] 139.9, 126.3, 1.098
[18:14:14] 139.8, 126.3, 1.097
[18:14:15] 139.8, 126.4, 1.098
[18:14:16] 145.9, 126.2, 2.170
[18:14:17] 286.4, 126.2, 2.231
[18:14:18] 278.4, 126.2, 2.232
[18:14:19] 278.9, 126.2, 2.233
[18:14:20] 279.5, 126.2, 2.234
[18:14:21] 279.9, 126.2, 2.231
[18:14:22] 280.4, 126.2, 2.228
[18:14:23] 280.8, 126.2, 2.234
[18:14:24] 281.0, 126.2, 2.248
[18:14:25] 281.4, 126.3, 1.620
[18:14:26] 253.8, 126.3, 1.102
[18:14:27] 137.9, 126.3, 1.097
[18:14:28] 138.1, 126.4, 1.096
[18:14:29] 138.3, 126.4, 1.098
[18:14:30] 138.5, 126.2, 2.705
[18:14:31] 204.7, 126.2, 2.173
[18:14:32] 275.9, 126.2, 2.244
[18:14:33] 281.3, 126.2, 2.230
[18:14:34] 281.5, 126.2, 2.242
[18:14:35] 281.7, 126.2, 2.235
[18:14:36] 281.9, 126.3, 2.237
[18:14:37] 282.2, 126.2, 2.235
[18:14:38] 282.3, 126.3, 2.228
[18:14:39] 282.5, 126.2, 2.250
[18:14:40] 282.7, 126.3, 2.245
[18:14:41] 282.8, 126.3, 2.233
[18:14:42] 282.9, 126.3, 2.239
[18:14:43] 283.0, 126.3, 2.250
[18:14:44] 283.1, 126.2, 2.237
[18:14:45] 283.2, 126.2, 2.240
[18:14:46] 283.3, 126.2, 2.246
[18:14:47] 283.4, 126.3, 2.235
[18:14:48] 283.4, 126.3, 2.236
[18:14:49] 283.5, 126.3, 2.242
[18:14:50] 283.2, 126.4, 1.099
[18:14:51] 139.0, 126.4, 1.097
[18:14:52] 139.1, 126.4, 1.095
[18:14:53] 139.3, 126.4, 1.101
