<<<[18:25:08] 140.8, 126.5, 1.106
[18:25:09] 140.8, 126.4, 1.105
[18:25:10] 140.8, 126.4, 1.109
[18:25:11] 140.9, 126.3, 1.485
[18:25:12] 162.6, 126.3, 1.685
[18:25:13] 213.4, 126.3, 1.687
[18:25:14] 213.5, 126.3, 1.688
[18:25:15] 213.6, 126.3, 1.688
[18:25:16] 213.7, 126.3, 1.688
[18:25:17] 213.8, 126.3, 1.689
[18:25:18] 213.8, 126.3, 1.687
[18:25:19] 213.9, 126.3, 1.688
[18:25:20] 213.9, 126.3, 1.688
[18:25:21] 214.0, 126.3, 1.687
[18:25:22] 214.0, 126.3, 1.689
[18:25:23] 214.1, 126.3, 1.689
[18:25:24] 214.1, 126.3, 1.688
[18:25:25] 214.2, 126.3, 1.690
[18:25:26] 214.2, 126.3, 1.689
[18:25:27] 214.2, 126.3, 1.688
[18:25:28] 214.3, 126.3, 1.690
[18:25:29] 214.3, 126.3, 1.690
[18:25:30] 214.3, 126.3, 1.690
[18:25:31] 214.4, 126.3, 1.690
[18:25:32] 214.4, 126.3, 1.690
[18:25:33] 214.4, 126.2, 1.690
[18:25:34] 214.4, 126.2, 1.690
[18:25:35] 214.5, 126.2, 1.692
[18:25:36] 214.5, 126.2, 1.690
[18:25:37] 214.5, 126.3, 1.691
[18:25:38] 214.5, 126.3, 1.690
[18:25:39] 214.6, 126.3, 1.691
[18:25:40] 214.6, 126.3, 1.689
[18:25:41] 214.6, 126.3, 1.690
[18:25:42] 214.6, 126.3, 1.688
[18:25:43] 214.6, 126.3, 1.688
[18:25:44] 214.6, 126.4, 1.689
[18:25:45] 214.6, 126.3, 1.687
[18:25:46] 214.5, 126.3, 1.689
[18:25:47] 214.6, 126.4, 1.689
[18:25:48] 214.6, 126.3, 1.690
[18:25:49] 214.5, 126.3, 1.689
[18:25:50] 214.5, 126.3, 1.689
[18:25:51] 214.6, 126.4, 1.690
[18:25:52] 214.6, 126.3, 1.690
[18:25:53] 214.6, 126.3, 1.690
[18:25:54] 214.6, 126.3, 1.690
[18:25:55] 214.6, 126.4, 1.690
[18:25:56] 214.6, 126.4, 1.688
[18:25:57] 214.6, 126.4, 1.691
[18:25:58] 214.6, 126.3, 1.690
[18:25:59] 214.7, 126.4, 1.663
[18:26:00] 214.4, 126.4, 1.638
[18:26:01] 213.8, 126.4, 1.548
[18:26:02] 199.1, 126.4, 1.532
[18:26:03] 193.2, 126.4, 1.450
[18:26:04] 183.6, 126.4, 1.422
[18:26:05] 183.2, 126.4, 1.371
[18:26:06] 174.9, 126.4, 1.032
[18:26:07] 187.7, 126.4, 1.047
[18:26:08] 133.1, 126.4, 1.098
[18:26:09] 139.9, 126.4, 1.101
[18:26:10] 139.9, 126.4, 1.102
[18:26:11] 140.0, 126.5, 1.012
[18:26:12] 176.1, 126.4, 1.040
[18:26:13] 134.0, 126.4, 1.096
[18:26:14] 139.9, 126.4, 1.099
[18:26:15] 140.0, 126.4, 1.100
[18:26:16] 139.9, 126.4, 1.509
[18:26:17] 190.6, 126.5, 1.040
[18:26:18] 133.4, 126.5, 1.099
[18:26:19] 140.7, 126.5, 1.100
[18:26:20] 140.6, 126.5, 1.098
[18:26:21] 140.6, 126.4, 1.723
[18:26:22] 206.7, 126.5, 1.039
[18:26:23] 131.8, 126.5, 1.098
[18:26:24] 140.1, 126.4, 1.098
[18:26:25] 140.0, 126.4, 1.095
[18:26:26] 140.0, 126.3, 3.228
[18:26:27] 197.0, 126.5, 1.021
[18:26:28] 179.0, 126.5, 1.100
[18:26:29] 137.8, 126.5, 1.099
[18:26:30] 138.0, 126.5, 1.100
[18:26:31] 138.3, 126.5, 1.098
[18:26:32] 138.5, 126.4, 2.183
[18:26:33] 264.3, 126.5, 1.084
[18:26:34] 174.5, 126.5, 1.101
[18:26:35] 140.1, 126.5, 1.105
[18:26:36] 140.1, 126.5, 1.109
[18:26:37] 140.1, 126.5, 1.098
[18:26:38] 140.1, 126.3, 2.170
[18:26:39] 265.9, 126.3, 2.193
[18:26:40] 277.7, 126.5, 1.118
[18:26:41] 178.0, 126.5, 1.100
[18:26:42] 140.3, 126.5, 1.103
[18:26:43] 140.2, 126.5, 1.099
[18:26:44] 140.2, 126.5, 1.098
[18:26:45] 140.2, 126.4, 2.172
[18:26:46] 269.4, 126.3, 2.205
[18:26:47] 278.1, 126.3, 2.237
[18:26:48] 283.5, 126.3, 2.239
[18:26:49] 283.5, 126.5, 1.117
[18:26:50] 174.2, 126.5, 1.099
[18:26:51] 140.3, 126.4, 1.098
[18:26:52] 140.2, 126.5, 1.099
[18:26:53] 140.2, 126.5, 1.096
[18:26:54] 140.2, 126.3, 2.177
[18:26:55] 279.7, 126.3, 2.246
[18:26:56] 279.5, 126.3, 2.244
[18:26:57] 284.6, 126.3, 2.234
[18:26:58] 284.5, 126.3, 2.242
[18:26:59] 284.5, 126.3, 2.249
[18:27:00] 284.5, 126.3, 2.250
[18:27:01] 284.5, 126.2, 2.246
[18:27:02] 284.3, 126.4, 1.105
[18:27:03] 154.1, 126.4, 1.107
[18:27:04] 140.7, 126.4, 1.105
[18:27:05] 140.7, 126.5, 1.104
[18:27:06] 140.7, 126.5, 1.102
[18:27:07] 160.9, 126.3, 2.178
[18:27:08] 277.7, 126.3, 2.241
[18:27:09] 277.9, 126.3, 2.234
[18:27:10] 283.7, 126.3, 2.233
[18:27:11] 283.7, 126.3, 2.239
[18:27:12] 283.7, 126.3, 2.233
[18:27:13] 283.8, 126.3, 2.239
[18:27:14] 283.8, 126.3, 2.239
[18:27:15] 283.9, 126.3, 2.233
[18:27:16] 284.0, 126.3, 2.233
[18:27:17] 283.9, 126.3, 2.244
[18:27:18] 283.9, 126.3, 2.248
[18:27:19] 283.9, 126.3, 2.243
[18:27:20] 284.0, 126.3, 2.249
[18:27:21] 284.1, 126.3, 2.236
[18:27:22] 284.0, 126.5, 1.403
[18:27:23] 238.2, 126.5, 1.103
[18:27:24] 141.4, 126.5, 1.102
[18:27:25] 141.2, 126.5, 1.102
[18:27:26] 141.1, 126.5, 1.105
