<<<[18:55:20] 140.3, 126.7, 1.105
[18:55:21] 140.5, 126.7, 1.103
[18:55:22] 140.7, 126.7, 1.111
[18:55:23] 140.8, 126.6, 1.691
[18:55:24] 205.1, 126.6, 1.691
[18:55:25] 215.2, 126.7, 1.691
[18:55:26] 215.2, 126.6, 1.692
[18:55:27] 215.3, 126.6, 1.691
[18:55:28] 215.3, 126.7, 1.692
[18:55:29] 215.3, 126.6, 1.693
[18:55:30] 215.3, 126.7, 1.693
[18:55:31] 215.4, 126.7, 1.693
[18:55:32] 215.4, 126.7, 1.693
[18:55:33] 215.5, 126.7, 1.694
[18:55:34] 215.5, 126.7, 1.692
[18:55:35] 215.5, 126.7, 1.693
[18:55:36] 215.6, 126.7, 1.695
[18:55:37] 215.6, 126.7, 1.695
[18:55:38] 215.6, 126.6, 1.695
[18:55:39] 215.7, 126.7, 1.695
[18:55:40] 215.7, 126.7, 1.694
[18:55:41] 215.7, 126.7, 1.694
[18:55:42] 215.7, 126.7, 1.694
[18:55:43] 215.7, 126.6, 1.694
[18:55:44] 215.8, 126.6, 1.695
[18:55:45] 215.8, 126.6, 1.695
[18:55:46] 215.8, 126.6, 1.697
[18:55:47] 215.8, 126.6, 1.697
[18:55:48] 215.8, 126.6, 1.696
[18:55:49] 215.9, 126.6, 1.696
[18:55:50] 215.9, 126.6, 1.697
[18:55:51] 215.9, 126.6, 1.698
[18:55:52] 215.9, 126.6, 1.697
[18:55:53] 215.9, 126.6, 1.696
[18:55:54] 216.0, 126.6, 1.697
[18:55:55] 216.0, 126.6, 1.697
[18:55:56] 216.0, 126.6, 1.698
[18:55:57] 216.0, 126.6, 1.697
[18:55:58] 216.0, 126.6, 1.697
[18:55:59] 216.1, 126.6, 1.697
[18:56:00] 216.1, 126.7, 1.696
[18:56:01] 216.1, 126.7, 1.698
[18:56:02] 216.1, 126.7, 1.697
[18:56:03] 216.1, 126.6, 1.698
[18:56:04] 216.1, 126.7, 1.697
[18:56:05] 216.2, 126.7, 1.697
[18:56:06] 216.1, 126.7, 1.698
[18:56:07] 216.2, 126.7, 1.698
[18:56:08] 216.2, 126.7, 1.699
[18:56:09] 216.2, 126.7, 1.699
[18:56:10] 216.2, 126.7, 1.698
[18:56:11] 216.2, 126.6, 1.699
[18:56:12] 216.2, 126.7, 1.698
[18:56:13] 216.3, 126.7, 1.699
[18:56:14] 216.3, 126.7, 1.698
[18:56:15] 216.3, 126.7, 1.699
[18:56:16] 216.3, 126.7, 1.699
[18:56:17] 216.3, 126.6, 1.699
[18:56:18] 216.3, 126.6, 1.698
[18:56:19] 216.3, 126.6, 1.700
[18:56:20] 216.4, 126.6, 1.699
[18:56:21] 216.4, 126.6, 1.699
[18:56:22] 216.4, 126.6, 1.700
[18:56:23] 216.4, 126.7, 1.699
[18:56:24] 216.4, 126.6, 1.700
[18:56:25] 216.4, 126.6, 1.701
[18:56:26] 216.4, 126.6, 1.699
[18:56:27] 216.4, 126.6, 1.701
[18:56:28] 216.4, 126.6, 1.701
[18:56:29] 216.4, 126.6, 1.700
[18:56:30] 216.4, 126.6, 1.701
[18:56:31] 216.5, 126.6, 1.702
[18:56:32] 216.5, 126.7, 1.701
[18:56:33] 216.5, 126.7, 1.700
[18:56:34] 216.5, 126.7, 1.699
[18:56:35] 216.5, 126.7, 1.699
[18:56:37] 216.5, 126.7, 1.699
[18:56:38] 216.5, 126.7, 1.698
[18:56:39] 216.5, 126.7, 1.700
[18:56:40] 216.5, 126.7, 1.701
[18:56:41] 216.5, 126.7, 1.700
[18:56:42] 216.5, 126.6, 1.698
[18:56:43] 216.5, 126.6, 1.702
[18:56:44] 216.5, 126.6, 1.698
[18:56:45] 216.5, 126.6, 1.699
[18:56:46] 216.5, 126.7, 1.699
[18:56:47] 216.5, 126.7, 1.700
[18:56:48] 216.5, 126.7, 1.698
[18:56:49] 216.5, 126.6, 1.701
[18:56:50] 216.5, 126.6, 1.699
[18:56:51] 216.5, 126.6, 1.700
[18:56:52] 216.5, 126.6, 1.700
[18:56:53] 216.5, 126.7, 1.700
[18:56:54] 216.5, 126.6, 1.702
[18:56:55] 216.6, 126.6, 1.702
[18:56:56] 216.6, 126.7, 1.700
[18:56:57] 216.6, 126.6, 1.702
[18:56:58] 216.6, 126.7, 1.699
[18:56:59] 216.6, 126.7, 1.700
[18:57:00] 216.6, 126.7, 1.699
[18:57:01] 216.6, 126.6, 1.700
[18:57:02] 216.6, 126.7, 1.700
[18:57:03] 216.6, 126.7, 1.701
[18:57:04] 216.5, 126.6, 1.702
[18:57:05] 216.6, 126.6, 1.701
[18:57:06] 216.6, 126.6, 1.701
[18:57:07] 216.6, 126.7, 1.699
[18:57:08] 216.6, 126.7, 1.700
[18:57:09] 216.6, 126.7, 1.699
[18:57:10] 216.6, 126.6, 1.698
[18:57:11] 216.5, 126.7, 1.698
[18:57:12] 216.5, 126.7, 1.699
[18:57:13] 216.5, 126.7, 1.697
[18:57:14] 216.5, 126.7, 1.701
[18:57:15] 216.5, 126.6, 1.702
[18:57:16] 216.5, 126.7, 1.701
[18:57:17] 216.6, 126.6, 1.700
[18:57:18] 216.6, 126.6, 1.701
[18:57:19] 216.6, 126.6, 1.700
[18:57:20] 216.6, 126.6, 1.699
[18:57:21] 216.6, 126.6, 1.700
[18:57:22] 216.5, 126.7, 1.699
[18:57:23] 216.5, 126.6, 1.700
[18:57:24] 216.5, 126.6, 1.701
[18:57:25] 216.5, 126.6, 1.698
[18:57:26] 216.5, 126.6, 1.700
[18:57:27] 216.6, 126.6, 1.699
[18:57:28] 216.5, 126.7, 1.697
[18:57:29] 216.5, 126.7, 1.699
[18:57:30] 216.5, 126.7, 1.698
[18:57:31] 216.4, 126.7, 1.697
[18:57:32] 216.4, 126.7, 1.699
[18:57:33] 216.4, 126.7, 1.697
[18:57:34] 216.4, 126.7, 1.697
[18:57:35] 216.4, 126.7, 1.700
[18:57:36] 216.4, 126.7, 1.699
[18:57:37] 216.4, 126.7, 1.698
[18:57:38] 216.4, 126.7, 1.698
[18:57:39] 216.3, 126.7, 1.697
[18:57:40] 216.3, 126.7, 1.698
[18:57:41] 216.3, 126.7, 1.697
[18:57:42] 216.3, 126.6, 1.699
[18:57:43] 216.3, 126.7, 1.699
[18:57:44] 216.3, 126.7, 1.698
[18:57:45] 216.3, 126.7, 1.699
[18:57:46] 216.3, 126.6, 1.699
[18:57:47] 216.3, 126.7, 1.699
[18:57:48] 216.3, 126.7, 1.698
[18:57:49] 216.3, 126.7, 1.698
[18:57:50] 216.3, 126.7, 1.698
[18:57:51] 216.3, 126.7, 1.698
[18:57:52] 216.3, 126.7, 1.649
[18:57:53] 216.0, 126.7, 1.644
[18:57:54] 209.6, 126.7, 1.645
[18:57:55] 209.6, 126.6, 1.649
[18:57:56] 209.7, 126.7, 1.526
[18:57:57] 199.0, 126.6, 1.454
[18:57:58] 189.4, 126.7, 1.451
[18:57:59] 188.8, 126.6, 1.452
[18:58:00] 188.3, 126.6, 1.451
[18:58:01] 187.9, 126.7, 1.454
[18:58:02] 187.6, 126.7, 1.451
[18:58:03] 187.2, 126.6, 1.440
[18:58:04] 186.8, 126.6, 1.432
[18:58:05] 186.4, 126.7, 1.420
[18:58:06] 185.8, 126.6, 1.414
[18:58:07] 185.3, 126.6, 1.423
[18:58:08] 184.7, 126.6, 1.403
[18:58:09] 184.1, 126.7, 1.407
[18:58:10] 183.6, 126.6, 1.398
[18:58:11] 178.5, 126.6, 1.395
[18:58:12] 178.5, 126.6, 1.396
[18:58:13] 178.5, 126.7, 1.344
[18:58:14] 177.9, 126.6, 1.337
[18:58:15] 170.5, 126.7, 1.299
[18:58:16] 170.3, 126.7, 1.579
[18:58:17] 210.5, 126.7, 1.049
[18:58:18] 138.5, 126.7, 1.106
[18:58:19] 138.8, 126.7, 1.106
[18:58:20] 139.1, 126.7, 1.105
[18:58:21] 139.4, 126.7, 1.869
[18:58:22] 200.6, 126.7, 1.044
[18:58:23] 135.2, 126.7, 1.096
[18:58:24] 140.7, 126.7, 1.101
[18:58:25] 140.7, 126.7, 1.100
[18:58:26] 140.8, 126.5, 3.352
[18:58:27] 196.4, 126.8, 1.058
[18:58:28] 170.4, 126.7, 1.099
[18:58:29] 138.9, 126.7, 1.094
[18:58:30] 139.1, 126.7, 1.102
[18:58:31] 139.4, 126.7, 1.095
[18:58:32] 139.6, 126.6, 2.201
[18:58:33] 272.4, 126.7, 1.085
[18:58:34] 149.5, 126.7, 1.098
[18:58:35] 141.0, 126.7, 1.094
[18:58:36] 141.0, 126.7, 1.101
[18:58:37] 141.0, 126.7, 1.096
[18:58:38] 176.1, 126.6, 2.211
[18:58:39] 277.3, 126.8, 1.099
[18:58:40] 212.9, 126.8, 1.099
[18:58:41] 140.8, 126.8, 1.098
[18:58:42] 140.7, 126.8, 1.098
[18:58:43] 140.7, 126.8, 1.096
[18:58:44] 140.7, 126.6, 2.182
[18:58:45] 236.4, 126.6, 2.194
[18:58:46] 279.5, 126.5, 2.258
[18:58:47] 287.8, 126.7, 1.636
[18:58:48] 239.0, 126.7, 1.099
[18:58:49] 140.3, 126.7, 1.100
[18:58:50] 140.3, 126.7, 1.099
[18:58:51] 140.3, 126.7, 1.100
[18:58:52] 140.4, 126.6, 2.200
[18:58:53] 223.7, 126.6, 2.199
[18:58:54] 280.0, 126.6, 2.274
[18:58:55] 287.1, 126.6, 2.252
[18:58:56] 287.2, 126.6, 2.266
[18:58:57] 287.2, 126.6, 2.258
[18:58:58] 287.3, 126.7, 1.787
[18:58:59] 263.8, 126.8, 1.105
[18:59:00] 144.1, 126.7, 1.101
[18:59:01] 143.6, 126.7, 1.097
[18:59:02] 143.3, 126.7, 1.104
[18:59:03] 143.0, 126.5, 3.286
[18:59:04] 198.8, 126.5, 2.202
[18:59:05] 279.9, 126.5, 2.268
[18:59:06] 285.3, 126.5, 2.263
[18:59:07] 285.6, 126.5, 2.270
[18:59:08] 286.0, 126.6, 2.266
[18:59:09] 286.3, 126.5, 2.275
[18:59:10] 286.6, 126.5, 2.275
[18:59:11] 286.8, 126.5, 2.267
[18:59:12] 287.0, 126.5, 2.268
[18:59:13] 287.2, 126.5, 2.281
[18:59:14] 287.4, 126.5, 2.274
[18:59:15] 287.5, 126.6, 2.275
[18:59:16] 287.6, 126.7, 1.100
[18:59:17] 148.3, 126.7, 1.099
[18:59:18] 141.0, 126.7, 1.104
[18:59:19] 141.0, 126.7, 1.099
