<<<[18:22:59] 142.3, 126.3, 1.118
[18:23:00] 142.3, 126.4, 1.114
[18:23:01] 165.5, 126.4, 1.120
[18:23:02] 142.1, 126.3, 1.188
[18:23:03] 158.0, 126.2, 1.687
[18:23:04] 213.8, 126.3, 1.688
[18:23:05] 213.8, 126.3, 1.690
[18:23:06] 213.9, 126.3, 1.690
[18:23:07] 214.0, 126.2, 1.690
[18:23:08] 214.0, 126.2, 1.689
[18:23:09] 214.1, 126.2, 1.690
[18:23:10] 214.1, 126.3, 1.689
[18:23:11] 214.2, 126.2, 1.688
[18:23:12] 214.2, 126.2, 1.689
[18:23:13] 214.2, 126.2, 1.689
[18:23:14] 214.2, 126.2, 1.689
[18:23:15] 214.2, 126.2, 1.688
[18:23:16] 214.3, 126.3, 1.690
[18:23:17] 214.3, 126.3, 1.689
[18:23:18] 214.3, 126.3, 1.688
[18:23:19] 214.4, 126.3, 1.690
[18:23:20] 214.4, 126.3, 1.690
[18:23:21] 214.4, 126.3, 1.690
[18:23:22] 214.4, 126.3, 1.690
[18:23:23] 214.4, 126.3, 1.690
[18:23:24] 214.4, 126.3, 1.690
[18:23:25] 214.5, 126.3, 1.691
[18:23:26] 214.5, 126.3, 1.691
[18:23:27] 214.5, 126.3, 1.690
[18:23:28] 214.5, 126.3, 1.692
[18:23:29] 214.6, 126.3, 1.690
[18:23:30] 214.6, 126.3, 1.690
[18:23:31] 214.6, 126.3, 1.690
[18:23:32] 214.6, 126.3, 1.692
[18:23:33] 214.6, 126.3, 1.692
[18:23:34] 214.7, 126.3, 1.692
[18:23:35] 214.7, 126.3, 1.692
[18:23:36] 214.7, 126.3, 1.691
[18:23:37] 214.7, 126.3, 1.692
[18:23:38] 214.7, 126.2, 1.691
[18:23:39] 214.8, 126.3, 1.694
[18:23:40] 214.8, 126.3, 1.691
[18:23:41] 214.8, 126.3, 1.693
[18:23:42] 214.8, 126.3, 1.693
[18:23:43] 214.8, 126.3, 1.668
[18:23:44] 214.4, 126.3, 1.591
[18:23:45] 204.6, 126.3, 1.562
[18:23:46] 198.4, 126.2, 1.449
[18:23:47] 183.9, 126.3, 1.462
[18:23:48] 183.9, 126.3, 1.364
[18:23:49] 174.5, 126.2, 2.304
[18:23:50] 202.4, 126.3, 1.046
[18:23:51] 138.5, 126.3, 1.100
[18:23:52] 138.5, 126.3, 1.101
[18:23:53] 138.7, 126.4, 1.099
[18:23:54] 138.9, 126.3, 2.718
[18:23:55] 178.5, 126.4, 1.036
[18:23:56] 134.7, 126.4, 1.097
[18:23:57] 135.1, 126.4, 1.099
[18:23:58] 140.7, 126.4, 1.101
[18:23:59] 140.6, 126.2, 3.467
[18:24:00] 181.4, 126.4, 1.035
[18:24:01] 133.6, 126.4, 1.096
[18:24:02] 134.1, 126.4, 1.098
[18:24:03] 140.5, 126.4, 1.098
[18:24:04] 140.4, 126.4, 1.101
[18:24:05] 180.7, 126.4, 1.060
[18:24:06] 163.3, 126.4, 1.096
[18:24:07] 137.2, 126.4, 1.092
[18:24:08] 137.5, 126.4, 1.096
[18:24:09] 137.8, 126.4, 1.098
[18:24:10] 138.1, 126.4, 1.580
[18:24:11] 236.2, 126.4, 1.104
[18:24:12] 134.1, 126.4, 1.098
[18:24:13] 140.1, 126.4, 1.103
[18:24:14] 140.0, 126.4, 1.099
[18:24:15] 140.1, 126.2, 2.169
[18:24:16] 227.7, 126.4, 1.073
[18:24:17] 200.9, 126.4, 1.103
[18:24:18] 140.7, 126.4, 1.101
[18:24:19] 140.6, 126.4, 1.102
[18:24:20] 140.5, 126.4, 1.098
[18:24:21] 140.5, 126.2, 2.222
[18:24:22] 250.0, 126.2, 2.195
[18:24:23] 279.1, 126.4, 1.102
[18:24:24] 157.3, 126.3, 1.099
[18:24:25] 140.3, 126.4, 1.103
[18:24:26] 140.2, 126.4, 1.105
[18:24:27] 140.3, 126.4, 1.099
[18:24:28] 140.3, 126.3, 2.199
[18:24:29] 294.0, 126.2, 2.251
[18:24:30] 281.7, 126.2, 2.264
[18:24:31] 282.2, 126.4, 1.173
[18:24:32] 212.9, 126.4, 1.095
[18:24:33] 140.3, 126.4, 1.098
[18:24:34] 140.3, 126.4, 1.101
[18:24:35] 140.2, 126.4, 1.098
[18:24:36] 140.2, 126.2, 2.227
[18:24:37] 243.8, 126.2, 2.193
[18:24:38] 278.1, 126.2, 2.261
[18:24:39] 286.6, 126.2, 2.267
[18:24:40] 286.6, 126.2, 2.256
[18:24:41] 286.6, 126.2, 2.264
[18:24:42] 286.6, 126.2, 2.267
[18:24:43] 286.6, 126.4, 1.097
[18:24:44] 164.9, 126.4, 1.102
[18:24:45] 140.1, 126.4, 1.094
[18:24:46] 140.1, 126.4, 1.103
[18:24:47] 140.2, 126.4, 1.098
[18:24:48] 140.1, 126.2, 2.197
[18:24:49] 283.1, 126.2, 2.256
[18:24:50] 282.8, 126.2, 2.257
[18:24:51] 283.3, 126.2, 2.258
[18:24:52] 283.7, 126.2, 2.263
[18:24:53] 284.0, 126.2, 2.262
[18:24:54] 284.4, 126.2, 2.273
[18:24:55] 284.7, 126.2, 2.269
[18:24:56] 285.0, 126.2, 2.259
[18:24:57] 285.3, 126.2, 2.266
[18:24:58] 285.5, 126.2, 2.261
[18:24:59] 285.7, 126.2, 2.269
[18:25:00] 285.9, 126.3, 2.263
[18:25:01] 286.0, 126.5, 1.104
[18:25:02] 216.7, 126.5, 1.105
[18:25:03] 140.7, 126.4, 1.102
[18:25:04] 140.7, 126.4, 1.100
