<<<[18:38:02] 140.9, 126.6, 1.107
[18:38:03] 141.0, 126.6, 1.106
[18:38:04] 141.0, 126.6, 1.110
[18:38:05] 141.1, 126.6, 1.667
[18:38:06] 187.2, 126.5, 1.688
[18:38:07] 214.5, 126.6, 1.689
[18:38:08] 214.5, 126.6, 1.690
[18:38:09] 214.6, 126.5, 1.690
[18:38:10] 214.6, 126.5, 1.692
[18:38:11] 214.7, 126.5, 1.690
[18:38:12] 214.8, 126.6, 1.689
[18:38:13] 214.8, 126.6, 1.688
[18:38:14] 214.8, 126.5, 1.691
[18:38:15] 214.8, 126.5, 1.691
[18:38:16] 214.9, 126.6, 1.690
[18:38:17] 214.9, 126.6, 1.690
[18:38:18] 214.9, 126.5, 1.690
[18:38:19] 214.9, 126.6, 1.690
[18:38:20] 214.9, 126.5, 1.691
[18:38:21] 215.0, 126.6, 1.691
[18:38:22] 215.0, 126.6, 1.691
[18:38:23] 215.0, 126.5, 1.689
[18:38:24] 215.0, 126.6, 1.691
[18:38:25] 215.0, 126.5, 1.691
[18:38:26] 215.1, 126.6, 1.691
[18:38:27] 215.1, 126.6, 1.690
[18:38:28] 215.1, 126.6, 1.691
[18:38:29] 215.1, 126.6, 1.691
[18:38:30] 215.1, 126.5, 1.692
[18:38:31] 215.1, 126.5, 1.691
[18:38:32] 215.1, 126.6, 1.692
[18:38:33] 215.1, 126.6, 1.692
[18:38:34] 215.2, 126.6, 1.691
[18:38:35] 215.2, 126.6, 1.692
[18:38:36] 215.2, 126.6, 1.693
[18:38:37] 215.2, 126.5, 1.692
[18:38:38] 215.2, 126.6, 1.691
[18:38:39] 215.2, 126.5, 1.691
[18:38:40] 215.2, 126.5, 1.692
[18:38:41] 215.2, 126.6, 1.691
[18:38:42] 215.2, 126.6, 1.692
[18:38:43] 215.2, 126.5, 1.692
[18:38:44] 215.2, 126.5, 1.694
[18:38:45] 215.2, 126.5, 1.692
[18:38:46] 215.2, 126.5, 1.695
[18:38:47] 215.2, 126.5, 1.694
[18:38:48] 215.2, 126.5, 1.693
[18:38:49] 215.2, 126.5, 1.694
[18:38:50] 215.2, 126.5, 1.693
[18:38:51] 215.3, 126.5, 1.694
[18:38:52] 215.3, 126.5, 1.693
[18:38:53] 215.3, 126.5, 1.694
[18:38:54] 215.3, 126.5, 1.695
[18:38:55] 215.3, 126.6, 1.695
[18:38:56] 215.3, 126.5, 1.693
[18:38:57] 215.3, 126.6, 1.694
[18:38:58] 215.4, 126.6, 1.694
[18:38:59] 215.4, 126.6, 1.693
[18:39:00] 215.4, 126.5, 1.694
[18:39:01] 215.4, 126.5, 1.695
[18:39:02] 215.4, 126.5, 1.696
[18:39:03] 215.4, 126.5, 1.696
[18:39:04] 215.5, 126.5, 1.697
[18:39:05] 215.5, 126.5, 1.695
[18:39:06] 215.5, 126.5, 1.696
[18:39:07] 215.5, 126.5, 1.696
[18:39:08] 215.5, 126.5, 1.696
[18:39:09] 215.5, 126.5, 1.696
[18:39:10] 215.6, 126.5, 1.694
[18:39:11] 215.6, 126.5, 1.697
[18:39:12] 215.6, 126.5, 1.695
[18:39:13] 215.6, 126.5, 1.697
[18:39:14] 215.6, 126.5, 1.696
[18:39:15] 215.6, 126.5, 1.697
[18:39:16] 215.6, 126.5, 1.697
[18:39:17] 215.7, 126.5, 1.697
[18:39:18] 215.7, 126.5, 1.696
[18:39:19] 215.7, 126.5, 1.699
[18:39:20] 215.7, 126.5, 1.697
[18:39:21] 215.7, 126.5, 1.697
[18:39:22] 215.7, 126.4, 1.697
[18:39:23] 215.8, 126.4, 1.697
[18:39:24] 215.8, 126.5, 1.699
[18:39:25] 215.8, 126.5, 1.697
[18:39:26] 215.8, 126.5, 1.697
[18:39:27] 215.8, 126.5, 1.699
[18:39:28] 215.8, 126.5, 1.699
[18:39:29] 215.9, 126.5, 1.698
[18:39:30] 215.9, 126.5, 1.697
[18:39:31] 215.9, 126.6, 1.697
[18:39:32] 215.9, 126.6, 1.699
[18:39:33] 215.9, 126.5, 1.700
[18:39:34] 215.9, 126.6, 1.698
[18:39:35] 215.9, 126.6, 1.698
[18:39:36] 216.0, 126.6, 1.699
[18:39:37] 216.0, 126.5, 1.699
[18:39:38] 216.0, 126.5, 1.671
[18:39:39] 215.7, 126.5, 1.540
[18:39:40] 201.3, 126.6, 1.459
[18:39:41] 186.1, 126.6, 1.456
[18:39:42] 186.0, 126.6, 1.452
[18:39:43] 185.8, 126.6, 1.447
[18:39:44] 185.7, 126.5, 1.453
[18:39:45] 185.5, 126.6, 1.444
[18:39:46] 185.3, 126.5, 1.446
[18:39:47] 185.1, 126.6, 1.429
[18:39:48] 184.8, 126.6, 1.416
[18:39:49] 184.3, 126.6, 1.420
[18:39:50] 183.8, 126.5, 1.589
[18:39:51] 211.3, 126.6, 1.058
[18:39:52] 135.6, 126.6, 1.116
[18:39:53] 142.7, 126.6, 1.113
[18:39:54] 142.6, 126.6, 1.105
[18:39:55] 142.4, 126.5, 2.043
[18:39:56] 185.0, 126.6, 1.045
[18:39:57] 131.4, 126.6, 1.105
[18:39:58] 139.2, 126.6, 1.104
[18:39:59] 139.4, 126.6, 1.110
[18:40:00] 139.5, 126.4, 3.069
[18:40:01] 193.2, 126.6, 1.049
[18:40:02] 152.1, 126.6, 1.105
[18:40:03] 139.0, 126.6, 1.100
[18:40:04] 139.2, 126.5, 1.104
[18:40:05] 139.4, 126.6, 1.106
[18:40:06] 167.3, 126.6, 1.287
[18:40:07] 209.6, 126.6, 1.102
[18:40:08] 137.4, 126.6, 1.098
[18:40:09] 137.7, 126.6, 1.105
[18:40:10] 138.2, 126.6, 1.100
[18:40:11] 138.4, 126.5, 2.192
[18:40:12] 238.1, 126.6, 1.074
[18:40:13] 195.7, 126.6, 1.099
[18:40:14] 141.2, 126.6, 1.097
[18:40:15] 141.1, 126.6, 1.100
[18:40:16] 141.1, 126.6, 1.102
[18:40:17] 141.0, 126.4, 2.213
[18:40:18] 247.8, 126.4, 2.181
[18:40:19] 277.3, 126.6, 1.077
[18:40:20] 190.8, 126.6, 1.118
[18:40:21] 140.8, 126.5, 1.103
[18:40:22] 140.8, 126.5, 1.096
[18:40:23] 140.7, 126.6, 1.103
[18:40:24] 140.7, 126.4, 2.187
[18:40:25] 266.8, 126.4, 2.205
[18:40:26] 278.8, 126.4, 2.248
[18:40:27] 284.8, 126.5, 2.239
[18:40:28] 279.1, 126.6, 1.099
[18:40:29] 147.7, 126.6, 1.103
[18:40:30] 140.7, 126.6, 1.097
[18:40:31] 140.6, 126.6, 1.103
[18:40:32] 140.7, 126.6, 1.105
[18:40:33] 170.7, 126.4, 2.184
[18:40:34] 274.6, 126.4, 2.231
[18:40:35] 280.4, 126.4, 2.242
[18:40:36] 281.0, 126.4, 2.245
[18:40:37] 281.5, 126.4, 2.256
[18:40:38] 282.1, 126.4, 2.250
[18:40:39] 282.5, 126.4, 2.262
[18:40:40] 282.8, 126.5, 1.067
[18:40:41] 202.6, 126.5, 1.105
[18:40:42] 140.8, 126.5, 1.107
[18:40:43] 140.7, 126.5, 1.101
[18:40:44] 140.7, 126.5, 1.107
[18:40:45] 140.7, 126.4, 2.222
[18:40:46] 248.5, 126.4, 2.182
[18:40:47] 278.1, 126.4, 2.256
[18:40:48] 286.2, 126.4, 2.254
[18:40:49] 286.1, 126.4, 2.251
[18:40:50] 286.1, 126.4, 2.235
[18:40:51] 286.0, 126.4, 2.250
[18:40:52] 286.0, 126.5, 2.254
[18:40:53] 286.0, 126.4, 2.254
[18:40:54] 286.0, 126.4, 2.245
[18:40:55] 286.0, 126.4, 2.249
[18:40:56] 285.9, 126.4, 2.257
[18:40:57] 286.0, 126.4, 2.253
[18:40:58] 286.0, 126.4, 2.248
[18:40:59] 286.0, 126.4, 2.255
[18:41:00] 286.0, 126.6, 1.102
[18:41:01] 162.7, 126.6, 1.095
[18:41:02] 140.5, 126.6, 1.102
[18:41:03] 140.5, 126.5, 1.099
