<<<[18:32:27] 140.8, 126.4, 1.107
[18:32:28] 140.8, 126.4, 1.111
[18:32:29] 140.8, 126.5, 1.114
[18:32:30] 140.9, 126.3, 1.758
[18:32:31] 170.7, 126.4, 1.690
[18:32:32] 214.9, 126.4, 1.689
[18:32:33] 214.8, 126.4, 1.691
[18:32:34] 214.8, 126.3, 1.691
[18:32:35] 214.8, 126.3, 1.692
[18:32:36] 214.8, 126.3, 1.691
[18:32:37] 214.9, 126.3, 1.692
[18:32:38] 214.9, 126.4, 1.692
[18:32:39] 214.9, 126.3, 1.692
[18:32:40] 214.9, 126.3, 1.692
[18:32:41] 214.9, 126.3, 1.693
[18:32:42] 214.9, 126.4, 1.692
[18:32:43] 214.9, 126.3, 1.692
[18:32:44] 214.9, 126.3, 1.693
[18:32:45] 214.9, 126.3, 1.693
[18:32:46] 214.9, 126.4, 1.693
[18:32:47] 215.0, 126.3, 1.693
[18:32:48] 215.0, 126.3, 1.692
[18:32:49] 215.0, 126.4, 1.693
[18:32:50] 215.0, 126.3, 1.692
[18:32:51] 215.0, 126.3, 1.692
[18:32:52] 215.0, 126.3, 1.693
[18:32:53] 215.0, 126.3, 1.692
[18:32:54] 215.0, 126.3, 1.694
[18:32:55] 215.0, 126.3, 1.694
[18:32:56] 215.1, 126.3, 1.694
[18:32:57] 215.0, 126.3, 1.694
[18:32:58] 215.1, 126.3, 1.694
[18:32:59] 215.1, 126.3, 1.695
[18:33:00] 215.1, 126.3, 1.695
[18:33:01] 215.1, 126.4, 1.696
[18:33:02] 215.1, 126.3, 1.695
[18:33:03] 215.1, 126.3, 1.695
[18:33:04] 215.1, 126.3, 1.696
[18:33:05] 215.1, 126.3, 1.696
[18:33:06] 215.2, 126.3, 1.694
[18:33:07] 215.2, 126.3, 1.695
[18:33:08] 215.2, 126.3, 1.694
[18:33:09] 215.2, 126.3, 1.696
[18:33:10] 215.2, 126.3, 1.695
[18:33:11] 215.2, 126.3, 1.695
[18:33:12] 215.3, 126.3, 1.695
[18:33:13] 215.3, 126.3, 1.696
[18:33:14] 215.3, 126.3, 1.697
[18:33:15] 215.3, 126.3, 1.695
[18:33:16] 215.3, 126.3, 1.695
[18:33:17] 215.3, 126.4, 1.696
[18:33:18] 215.4, 126.4, 1.696
[18:33:19] 215.4, 126.3, 1.697
[18:33:20] 215.4, 126.4, 1.697
[18:33:21] 215.4, 126.3, 1.696
[18:33:22] 215.5, 126.3, 1.697
[18:33:23] 215.5, 126.4, 1.697
[18:33:24] 215.5, 126.3, 1.699
[18:33:25] 215.5, 126.4, 1.697
[18:33:26] 215.5, 126.4, 1.696
[18:33:27] 215.5, 126.4, 1.697
[18:33:28] 215.6, 126.3, 1.697
[18:33:29] 215.6, 126.4, 1.698
[18:33:30] 215.6, 126.4, 1.698
[18:33:31] 215.6, 126.4, 1.697
[18:33:32] 215.6, 126.4, 1.698
[18:33:33] 215.6, 126.4, 1.696
[18:33:34] 215.6, 126.4, 1.697
[18:33:35] 215.7, 126.4, 1.698
[18:33:36] 215.6, 126.4, 1.700
[18:33:37] 215.7, 126.3, 1.699
[18:33:38] 215.7, 126.4, 1.699
[18:33:39] 215.7, 126.3, 1.699
[18:33:40] 215.7, 126.3, 1.700
[18:33:41] 215.7, 126.3, 1.699
[18:33:42] 215.8, 126.3, 1.701
[18:33:43] 215.8, 126.3, 1.701
[18:33:44] 215.8, 126.3, 1.699
[18:33:45] 215.8, 126.3, 1.701
[18:33:46] 215.8, 126.3, 1.700
[18:33:47] 215.9, 126.3, 1.684
[18:33:48] 215.8, 126.3, 1.691
[18:33:49] 215.5, 126.3, 1.606
[18:33:50] 207.1, 126.4, 1.563
[18:33:51] 200.0, 126.4, 1.453
[18:33:52] 184.5, 126.4, 1.452
[18:33:53] 184.5, 126.3, 1.453
[18:33:54] 184.5, 126.3, 1.449
[18:33:55] 184.5, 126.4, 1.445
[18:33:56] 184.4, 126.4, 1.452
[18:33:57] 184.3, 126.4, 1.384
[18:33:58] 178.1, 126.4, 1.358
[18:33:59] 177.7, 126.3, 2.455
[18:34:00] 206.4, 126.4, 1.088
[18:34:01] 145.4, 126.4, 1.145
[18:34:02] 145.1, 126.3, 1.123
[18:34:03] 144.8, 126.4, 1.112
[18:34:04] 144.3, 126.2, 3.435
[18:34:05] 180.3, 126.4, 1.049
[18:34:06] 137.9, 126.4, 1.108
[18:34:07] 138.0, 126.4, 1.106
[18:34:08] 138.3, 126.4, 1.106
[18:34:09] 138.5, 126.4, 1.137
[18:34:10] 182.8, 126.4, 1.050
[18:34:11] 151.3, 126.4, 1.102
[18:34:12] 137.2, 126.4, 1.105
[18:34:13] 137.5, 126.4, 1.103
[18:34:14] 137.9, 126.5, 1.105
[18:34:15] 138.3, 126.4, 1.251
[18:34:16] 222.7, 126.4, 1.109
[18:34:17] 136.0, 126.5, 1.101
[18:34:18] 136.5, 126.4, 1.102
[18:34:19] 137.0, 126.5, 1.098
[18:34:20] 137.5, 126.3, 2.169
[18:34:21] 238.1, 126.4, 1.027
[18:34:22] 178.0, 126.5, 1.101
[18:34:23] 140.7, 126.4, 1.103
[18:34:24] 140.6, 126.4, 1.104
[18:34:25] 140.6, 126.4, 1.105
[18:34:26] 140.6, 126.3, 2.171
[18:34:27] 272.1, 126.4, 1.609
[18:34:28] 246.6, 126.4, 1.104
[18:34:29] 138.1, 126.5, 1.101
[18:34:30] 138.3, 126.5, 1.101
[18:34:31] 138.6, 126.4, 1.102
[18:34:32] 138.7, 126.3, 2.665
[18:34:33] 204.2, 126.3, 2.176
[18:34:34] 276.8, 126.3, 2.236
[18:34:35] 281.9, 126.3, 1.610
[18:34:36] 252.0, 126.5, 1.103
[18:34:37] 138.1, 126.4, 1.098
[18:34:38] 138.4, 126.5, 1.102
[18:34:39] 138.6, 126.5, 1.100
[18:34:40] 138.9, 126.3, 2.598
[18:34:41] 208.0, 126.3, 2.179
[18:34:42] 276.8, 126.3, 2.243
[18:34:43] 282.0, 126.3, 2.239
[18:34:44] 282.2, 126.3, 2.243
[18:34:45] 282.5, 126.3, 2.235
[18:34:46] 282.7, 126.4, 1.611
[18:34:47] 248.2, 126.5, 1.105
[18:34:48] 138.7, 126.5, 1.103
[18:34:49] 138.9, 126.5, 1.107
[18:34:50] 139.1, 126.5, 1.100
[18:34:51] 139.2, 126.4, 2.264
[18:34:52] 214.2, 126.3, 2.176
[18:34:53] 276.1, 126.3, 2.237
[18:34:54] 283.3, 126.3, 2.248
[18:34:55] 283.4, 126.3, 2.246
[18:34:56] 283.4, 126.3, 2.247
[18:34:57] 283.5, 126.3, 2.236
[18:34:58] 283.6, 126.3, 2.244
[18:34:59] 283.6, 126.2, 2.242
[18:35:00] 283.8, 126.3, 2.243
[18:35:01] 283.8, 126.3, 2.234
[18:35:02] 283.9, 126.2, 2.241
[18:35:03] 283.9, 126.4, 1.140
[18:35:04] 203.7, 126.4, 1.105
[18:35:05] 140.7, 126.3, 1.105
[18:35:06] 140.7, 126.4, 1.100
