<<<[18:09:32] 140.2, 126.5, 1.107
[18:09:33] 140.2, 126.5, 1.106
[18:09:34] 140.2, 126.4, 1.106
[18:09:35] 140.3, 126.4, 1.657
[18:09:36] 165.1, 126.4, 1.672
[18:09:37] 212.0, 126.4, 1.673
[18:09:38] 212.0, 126.4, 1.674
[18:09:39] 212.1, 126.4, 1.674
[18:09:40] 212.2, 126.3, 1.674
[18:09:41] 212.2, 126.4, 1.675
[18:09:42] 212.3, 126.3, 1.677
[18:09:43] 212.4, 126.3, 1.679
[18:09:44] 212.5, 126.4, 1.459
[18:09:45] 195.7, 126.4, 1.127
[18:09:46] 162.6, 126.4, 1.095
[18:09:47] 140.8, 126.4, 1.098
[18:09:48] 140.6, 126.4, 1.098
[18:09:49] 140.5, 126.4, 1.098
[18:09:50] 140.5, 126.4, 1.102
[18:09:51] 168.4, 126.3, 1.098
[18:09:52] 139.9, 126.4, 1.099
[18:09:53] 139.8, 126.4, 1.096
[18:09:54] 139.8, 126.4, 1.093
[18:09:55] 139.8, 126.4, 1.024
[18:09:56] 176.3, 126.4, 1.086
[18:09:57] 133.8, 126.4, 1.098
[18:09:58] 139.0, 126.4, 1.095
[18:09:59] 139.0, 126.4, 1.090
[18:10:00] 139.0, 126.4, 1.023
[18:10:01] 176.1, 126.3, 1.090
[18:10:02] 134.0, 126.3, 1.093
[18:10:03] 139.4, 126.3, 1.098
[18:10:04] 139.4, 126.3, 1.094
[18:10:05] 139.4, 126.4, 1.027
[18:10:06] 177.4, 126.3, 1.055
[18:10:07] 133.1, 126.3, 1.091
[18:10:08] 139.2, 126.4, 1.094
[18:10:09] 139.2, 126.4, 1.100
[18:10:10] 139.2, 126.4, 1.224
[18:10:11] 190.6, 126.4, 1.036
[18:10:12] 133.4, 126.4, 1.095
[18:10:13] 139.0, 126.4, 1.094
[18:10:14] 139.0, 126.4, 1.089
[18:10:15] 139.0, 126.3, 1.934
[18:10:16] 213.8, 126.4, 1.028
[18:10:17] 138.5, 126.4, 1.088
[18:10:18] 138.6, 126.4, 1.097
[18:10:19] 138.7, 126.4, 1.089
[18:10:20] 138.8, 126.2, 3.511
[18:10:21] 188.3, 126.4, 1.233
[18:10:22] 208.4, 126.4, 1.108
[18:10:23] 137.9, 126.4, 1.092
[18:10:24] 138.0, 126.4, 1.093
[18:10:25] 138.2, 126.4, 1.096
[18:10:26] 138.4, 126.2, 2.120
[18:10:27] 232.1, 126.3, 1.984
[18:10:28] 253.8, 126.4, 1.098
[18:10:29] 147.2, 126.4, 1.094
[18:10:30] 139.6, 126.4, 1.097
[18:10:31] 139.6, 126.4, 1.097
[18:10:32] 139.6, 126.2, 3.439
[18:10:33] 188.1, 126.3, 2.145
[18:10:34] 270.8, 126.3, 2.212
[18:10:35] 277.5, 126.4, 1.328
[18:10:36] 218.7, 126.4, 1.099
[18:10:37] 139.9, 126.4, 1.099
[18:10:38] 139.9, 126.4, 1.095
[18:10:39] 139.9, 126.4, 1.099
[18:10:40] 139.8, 126.3, 2.123
[18:10:41] 230.6, 126.2, 2.145
[18:10:42] 272.4, 126.3, 2.199
[18:10:43] 279.5, 126.3, 2.210
[18:10:44] 279.5, 126.3, 2.211
[18:10:45] 279.6, 126.3, 2.091
[18:10:46] 263.4, 126.4, 1.099
[18:10:47] 148.8, 126.4, 1.098
[18:10:48] 139.4, 126.4, 1.095
[18:10:49] 139.4, 126.4, 1.099
[18:10:50] 139.4, 126.1, 3.395
[18:10:51] 186.6, 126.2, 2.154
[18:10:52] 270.5, 126.3, 2.209
[18:10:53] 277.1, 126.3, 2.218
[18:10:54] 277.5, 126.3, 2.225
[18:10:55] 277.9, 126.3, 2.213
[18:10:56] 278.2, 126.2, 2.215
[18:10:57] 278.4, 126.3, 2.214
[18:10:58] 278.7, 126.3, 2.201
[18:10:59] 278.9, 126.2, 2.215
[18:11:00] 279.1, 126.2, 2.223
[18:11:01] 279.4, 126.4, 1.125
[18:11:02] 204.4, 126.4, 1.099
[18:11:03] 139.9, 126.3, 1.095
[18:11:04] 139.8, 126.3, 1.098
