<<<[18:44:30] 140.9, 126.6, 1.106
[18:44:31] 141.0, 126.6, 1.117
[18:44:32] 141.0, 126.6, 1.116
[18:44:33] 141.1, 126.5, 1.694
[18:44:34] 199.0, 126.5, 1.690
[18:44:35] 215.1, 126.5, 1.691
[18:44:36] 215.1, 126.6, 1.692
[18:44:37] 215.1, 126.6, 1.691
[18:44:38] 215.1, 126.6, 1.691
[18:44:39] 215.1, 126.6, 1.692
[18:44:40] 215.1, 126.6, 1.691
[18:44:41] 215.1, 126.6, 1.691
[18:44:42] 215.2, 126.6, 1.693
[18:44:43] 215.2, 126.6, 1.692
[18:44:44] 215.2, 126.6, 1.693
[18:44:45] 215.3, 126.6, 1.692
[18:44:46] 215.3, 126.6, 1.693
[18:44:47] 215.3, 126.6, 1.694
[18:44:48] 215.3, 126.6, 1.694
[18:44:49] 215.4, 126.6, 1.695
[18:44:50] 215.4, 126.6, 1.694
[18:44:51] 215.4, 126.6, 1.693
[18:44:52] 215.4, 126.6, 1.693
[18:44:53] 215.4, 126.6, 1.692
[18:44:54] 215.5, 126.6, 1.694
[18:44:55] 215.5, 126.6, 1.693
[18:44:56] 215.5, 126.6, 1.695
[18:44:57] 215.5, 126.6, 1.696
[18:44:58] 215.5, 126.6, 1.696
[18:44:59] 215.5, 126.6, 1.695
[18:45:00] 215.6, 126.6, 1.694
[18:45:01] 215.6, 126.6, 1.696
[18:45:02] 215.6, 126.5, 1.696
[18:45:03] 215.6, 126.5, 1.697
[18:45:04] 215.7, 126.6, 1.696
[18:45:05] 215.7, 126.6, 1.694
[18:45:06] 215.7, 126.6, 1.695
[18:45:07] 215.7, 126.6, 1.695
[18:45:08] 215.7, 126.6, 1.696
[18:45:09] 215.7, 126.5, 1.694
[18:45:10] 215.8, 126.6, 1.696
[18:45:11] 215.8, 126.6, 1.696
[18:45:12] 215.8, 126.6, 1.697
[18:45:13] 215.8, 126.5, 1.697
[18:45:14] 215.9, 126.5, 1.697
[18:45:15] 215.9, 126.6, 1.696
[18:45:16] 215.9, 126.6, 1.695
[18:45:17] 215.9, 126.5, 1.699
[18:45:18] 215.9, 126.6, 1.697
[18:45:19] 215.9, 126.6, 1.697
[18:45:20] 215.9, 126.7, 1.697
[18:45:21] 216.0, 126.6, 1.697
[18:45:22] 216.0, 126.7, 1.696
[18:45:23] 216.0, 126.7, 1.696
[18:45:24] 216.0, 126.6, 1.696
[18:45:25] 216.0, 126.6, 1.697
[18:45:26] 216.0, 126.6, 1.698
[18:45:27] 216.0, 126.6, 1.697
[18:45:28] 216.0, 126.6, 1.699
[18:45:29] 216.0, 126.6, 1.696
[18:45:30] 216.0, 126.6, 1.697
[18:45:31] 216.1, 126.6, 1.697
[18:45:32] 216.0, 126.6, 1.698
[18:45:33] 216.1, 126.6, 1.698
[18:45:34] 216.1, 126.6, 1.699
[18:45:35] 216.1, 126.6, 1.698
[18:45:36] 216.1, 126.6, 1.699
[18:45:37] 216.1, 126.6, 1.699
[18:45:38] 216.1, 126.6, 1.699
[18:45:39] 216.1, 126.6, 1.697
[18:45:40] 216.2, 126.6, 1.697
[18:45:41] 216.2, 126.6, 1.698
[18:45:42] 216.1, 126.6, 1.698
[18:45:43] 216.2, 126.7, 1.699
[18:45:44] 216.2, 126.6, 1.698
[18:45:45] 216.2, 126.7, 1.700
[18:45:46] 216.2, 126.6, 1.698
[18:45:47] 216.2, 126.6, 1.700
[18:45:48] 216.3, 126.7, 1.698
[18:45:49] 216.3, 126.6, 1.700
[18:45:50] 216.2, 126.6, 1.698
[18:45:51] 216.3, 126.6, 1.699
[18:45:52] 216.2, 126.6, 1.699
[18:45:53] 216.3, 126.6, 1.700
[18:45:54] 216.3, 126.6, 1.698
[18:45:55] 216.3, 126.6, 1.700
[18:45:56] 216.3, 126.6, 1.700
[18:45:57] 216.3, 126.6, 1.701
[18:45:58] 216.3, 126.6, 1.700
[18:45:59] 216.3, 126.6, 1.700
[18:46:00] 216.3, 126.6, 1.699
[18:46:01] 216.3, 126.6, 1.698
[18:46:02] 216.3, 126.6, 1.699
[18:46:03] 216.3, 126.6, 1.702
[18:46:04] 216.3, 126.6, 1.700
[18:46:05] 216.3, 126.6, 1.701
[18:46:06] 216.3, 126.6, 1.699
[18:46:07] 216.3, 126.6, 1.700
[18:46:08] 216.4, 126.6, 1.700
[18:46:09] 216.3, 126.6, 1.701
[18:46:10] 216.4, 126.6, 1.701
[18:46:11] 216.4, 126.6, 1.700
[18:46:12] 216.3, 126.6, 1.699
[18:46:13] 216.3, 126.6, 1.700
[18:46:14] 216.3, 126.6, 1.701
[18:46:15] 216.3, 126.6, 1.699
[18:46:16] 216.3, 126.6, 1.700
[18:46:17] 216.3, 126.6, 1.700
[18:46:18] 216.3, 126.6, 1.700
[18:46:19] 216.3, 126.6, 1.698
[18:46:20] 216.3, 126.6, 1.700
[18:46:21] 216.3, 126.6, 1.701
[18:46:22] 216.3, 126.6, 1.699
[18:46:23] 216.3, 126.6, 1.700
[18:46:24] 216.3, 126.6, 1.700
[18:46:25] 216.3, 126.6, 1.700
[18:46:26] 216.3, 126.6, 1.699
[18:46:27] 216.3, 126.6, 1.672
[18:46:28] 216.2, 126.6, 1.636
[18:46:29] 210.9, 126.6, 1.521
[18:46:30] 199.0, 126.6, 1.480
[18:46:31] 191.9, 126.6, 1.452
[18:46:32] 185.2, 126.6, 1.447
[18:46:33] 185.0, 126.6, 1.450
[18:46:34] 185.0, 126.6, 1.453
[18:46:35] 185.0, 126.5, 1.452
[18:46:36] 185.0, 126.6, 1.444
[18:46:37] 184.9, 126.6, 1.427
[18:46:38] 184.8, 126.6, 1.413
[18:46:39] 184.3, 126.7, 1.406
[18:46:40] 183.7, 126.6, 1.453
[18:46:41] 183.3, 126.6, 1.400
[18:46:42] 183.1, 126.7, 1.353
[18:46:43] 173.8, 126.7, 1.332
[18:46:44] 197.0, 126.7, 1.118
[18:46:45] 166.0, 126.7, 1.118
[18:46:46] 141.0, 126.7, 1.104
[18:46:47] 141.1, 126.7, 1.103
[18:46:48] 141.0, 126.7, 1.103
[18:46:49] 141.0, 126.7, 0.999
[18:46:50] 192.8, 126.6, 1.100
[18:46:51] 135.4, 126.6, 1.102
[18:46:52] 140.7, 126.7, 1.094
[18:46:53] 140.6, 126.7, 1.104
[18:46:54] 140.6, 126.7, 1.109
[18:46:55] 208.0, 126.7, 1.035
[18:46:56] 134.7, 126.6, 1.103
[18:46:57] 140.3, 126.7, 1.101
[18:46:58] 140.3, 126.7, 1.096
[18:46:59] 140.4, 126.5, 2.283
[18:47:00] 220.7, 126.7, 1.048
[18:47:01] 167.1, 126.7, 1.099
[18:47:02] 139.9, 126.7, 1.101
[18:47:03] 140.0, 126.6, 1.100
[18:47:04] 140.0, 126.6, 1.102
[18:47:05] 140.1, 126.5, 2.216
[18:47:06] 277.7, 126.7, 1.071
[18:47:07] 199.7, 126.7, 1.101
[18:47:08] 140.7, 126.7, 1.101
[18:47:09] 140.7, 126.7, 1.100
[18:47:10] 140.6, 126.6, 1.102
[18:47:11] 140.6, 126.5, 2.251
[18:47:12] 249.8, 126.5, 2.218
[18:47:13] 282.6, 126.6, 1.913
[18:47:14] 265.6, 126.6, 1.105
[18:47:15] 139.8, 126.6, 1.097
[18:47:16] 139.8, 126.6, 1.096
[18:47:17] 139.9, 126.6, 1.099
[18:47:18] 140.0, 126.5, 3.413
[18:47:19] 195.0, 126.5, 2.209
[18:47:20] 281.1, 126.5, 2.281
[18:47:21] 287.3, 126.5, 2.281
[18:47:22] 287.5, 126.6, 2.279
[18:47:23] 287.8, 126.7, 1.486
[18:47:24] 233.2, 126.7, 1.101
[18:47:25] 141.0, 126.7, 1.102
[18:47:26] 140.9, 126.7, 1.103
[18:47:27] 140.9, 126.7, 1.102
[18:47:28] 140.9, 126.6, 2.202
[18:47:29] 224.8, 126.6, 2.224
[18:47:30] 281.7, 126.6, 2.276
[18:47:31] 289.1, 126.6, 2.289
[18:47:32] 289.1, 126.6, 2.283
[18:47:33] 289.2, 126.6, 2.281
[18:47:34] 289.3, 126.6, 2.281
[18:47:35] 289.4, 126.6, 2.288
[18:47:36] 289.6, 126.5, 2.286
[18:47:37] 289.7, 126.5, 2.286
[18:47:38] 289.8, 126.7, 1.126
[18:47:39] 172.0, 126.7, 1.104
[18:47:40] 141.0, 126.7, 1.102
[18:47:41] 140.9, 126.7, 1.104
[18:47:42] 140.9, 126.7, 1.100
[18:47:43] 140.9, 126.5, 2.204
[18:47:44] 287.6, 126.5, 2.297
[18:47:45] 287.2, 126.5, 2.275
[18:47:46] 287.5, 126.5, 2.277
[18:47:47] 287.8, 126.5, 2.288
[18:47:48] 288.0, 126.5, 2.288
[18:47:49] 288.3, 126.6, 2.282
[18:47:50] 288.5, 126.6, 2.283
[18:47:51] 288.7, 126.5, 2.282
[18:47:52] 288.8, 126.6, 2.279
[18:47:53] 289.0, 126.6, 2.282
[18:47:54] 289.2, 126.5, 2.289
[18:47:55] 289.3, 126.5, 2.291
[18:47:56] 289.4, 126.5, 2.288
[18:47:57] 289.6, 126.5, 2.292
[18:47:58] 289.7, 126.5, 2.286
[18:47:59] 289.8, 126.5, 2.287
[18:48:00] 289.9, 126.5, 2.283
[18:48:01] 289.9, 126.5, 2.288
[18:48:02] 290.0, 126.7, 1.101
[18:48:03] 174.7, 126.7, 1.108
[18:48:04] 141.2, 126.7, 1.103
[18:48:05] 141.1, 126.7, 1.104
[18:48:06] 141.1, 126.7, 1.103
