<<<[18:18:45] 140.6, 126.4, 1.107
[18:18:46] 140.6, 126.4, 1.104
[18:18:47] 140.6, 126.4, 1.108
[18:18:48] 140.6, 126.4, 1.251
[18:18:49] 158.0, 126.3, 1.680
[18:18:50] 213.1, 126.4, 1.681
[18:18:51] 213.1, 126.3, 1.684
[18:18:52] 213.2, 126.3, 1.685
[18:18:53] 213.3, 126.3, 1.685
[18:18:54] 213.4, 126.4, 1.684
[18:18:55] 213.5, 126.3, 1.686
[18:18:56] 213.6, 126.3, 1.685
[18:18:57] 213.7, 126.3, 1.685
[18:18:58] 213.7, 126.3, 1.686
[18:18:59] 213.8, 126.3, 1.686
[18:19:00] 213.9, 126.3, 1.686
[18:19:01] 213.9, 126.3, 1.688
[18:19:02] 214.0, 126.3, 1.687
[18:19:03] 214.0, 126.3, 1.687
[18:19:04] 214.0, 126.3, 1.689
[18:19:05] 214.1, 126.3, 1.687
[18:19:06] 214.1, 126.3, 1.689
[18:19:07] 214.2, 126.3, 1.686
[18:19:08] 214.2, 126.3, 1.688
[18:19:09] 214.2, 126.4, 1.689
[18:19:10] 214.3, 126.4, 1.689
[18:19:11] 214.3, 126.4, 1.689
[18:19:12] 214.3, 126.3, 1.688
[18:19:13] 214.3, 126.4, 1.689
[18:19:14] 214.4, 126.4, 1.688
[18:19:15] 214.3, 126.3, 1.690
[18:19:16] 214.4, 126.3, 1.688
[18:19:17] 214.4, 126.3, 1.666
[18:19:18] 214.4, 126.3, 1.565
[18:19:19] 200.2, 126.3, 1.450
[18:19:20] 184.3, 126.3, 1.423
[18:19:21] 184.1, 126.3, 1.838
[18:19:22] 194.2, 126.4, 1.024
[18:19:23] 134.7, 126.4, 1.101
[18:19:24] 135.2, 126.4, 1.093
[18:19:25] 135.9, 126.4, 1.095
[18:19:26] 136.3, 126.3, 2.041
[18:19:27] 182.1, 126.4, 1.036
[18:19:28] 133.1, 126.3, 1.100
[18:19:29] 139.0, 126.4, 1.094
[18:19:30] 139.1, 126.4, 1.099
[18:19:31] 139.2, 126.3, 2.463
[18:19:32] 181.9, 126.4, 1.039
[18:19:33] 133.2, 126.4, 1.097
[18:19:34] 138.7, 126.3, 1.098
[18:19:35] 138.8, 126.4, 1.101
[18:19:36] 139.0, 126.2, 3.409
[18:19:37] 185.4, 126.4, 1.036
[18:19:38] 144.8, 126.4, 1.102
[18:19:39] 138.1, 126.4, 1.097
[18:19:40] 138.3, 126.4, 1.102
[18:19:41] 138.5, 126.4, 1.101
[18:19:42] 175.2, 126.4, 1.054
[18:19:43] 174.8, 126.4, 1.102
[18:19:44] 136.3, 126.4, 1.096
[18:19:45] 136.7, 126.4, 1.097
[18:19:46] 137.1, 126.4, 1.098
[18:19:47] 137.5, 126.3, 2.185
[18:19:48] 252.9, 126.4, 1.065
[18:19:49] 134.9, 126.4, 1.103
[18:19:50] 135.5, 126.4, 1.098
[18:19:51] 136.1, 126.4, 1.100
[18:19:52] 136.6, 126.2, 2.334
[18:19:53] 184.7, 126.2, 2.210
[18:19:54] 277.1, 126.4, 1.118
[18:19:55] 169.3, 126.4, 1.095
[18:19:56] 139.9, 126.4, 1.097
[18:19:57] 139.8, 126.4, 1.089
[18:19:58] 139.8, 126.4, 1.096
[18:19:59] 139.9, 126.2, 2.192
[18:20:00] 286.7, 126.2, 2.272
[18:20:01] 286.1, 126.3, 1.601
[18:20:02] 239.5, 126.4, 1.098
[18:20:03] 139.9, 126.4, 1.099
[18:20:04] 139.9, 126.3, 1.098
[18:20:05] 139.9, 126.4, 1.098
[18:20:06] 139.9, 126.2, 2.305
[18:20:07] 219.4, 126.2, 2.205
[18:20:08] 279.9, 126.2, 2.277
[18:20:09] 286.6, 126.2, 2.273
[18:20:10] 286.8, 126.2, 2.278
[18:20:11] 286.9, 126.3, 1.628
[18:20:12] 238.1, 126.3, 1.099
[18:20:13] 139.6, 126.3, 1.096
[18:20:14] 139.6, 126.3, 1.100
[18:20:15] 139.7, 126.4, 1.098
[18:20:16] 139.7, 126.2, 2.219
[18:20:17] 223.9, 126.2, 2.195
[18:20:18] 279.5, 126.2, 2.278
[18:20:19] 287.1, 126.2, 2.272
[18:20:20] 287.1, 126.2, 2.271
[18:20:21] 287.2, 126.2, 2.276
[18:20:22] 287.4, 126.2, 2.269
[18:20:23] 287.5, 126.2, 2.273
[18:20:24] 287.5, 126.2, 2.270
[18:20:25] 287.7, 126.2, 2.279
[18:20:26] 287.7, 126.4, 1.126
[18:20:27] 219.6, 126.4, 1.100
[18:20:28] 140.8, 126.4, 1.099
[18:20:29] 140.7, 126.4, 1.092
[18:20:30] 140.6, 126.4, 1.098
[18:20:31] 140.5, 126.3, 2.186
[18:20:32] 233.7, 126.2, 2.214
[18:20:33] 280.0, 126.2, 2.274
[18:20:34] 288.0, 126.2, 2.272
[18:20:35] 288.0, 126.2, 2.274
[18:20:36] 288.1, 126.2, 2.280
[18:20:37] 288.2, 126.2, 2.274
[18:20:38] 288.2, 126.2, 2.278
[18:20:39] 288.2, 126.2, 2.274
[18:20:40] 288.3, 126.2, 2.272
[18:20:41] 288.3, 126.2, 2.281
[18:20:42] 288.4, 126.2, 2.283
[18:20:43] 288.5, 126.2, 2.275
[18:20:44] 288.6, 126.2, 2.271
[18:20:45] 288.6, 126.3, 2.277
[18:20:46] 288.7, 126.2, 2.281
[18:20:47] 288.7, 126.2, 2.275
[18:20:48] 288.7, 126.2, 2.276
[18:20:49] 288.7, 126.2, 2.285
[18:20:50] 288.8, 126.2, 2.287
[18:20:51] 288.8, 126.4, 1.100
[18:20:52] 180.5, 126.4, 1.104
[18:20:53] 140.8, 126.4, 1.106
[18:20:54] 140.7, 126.4, 1.103
