<<<wattsup: [error] Reading final time stamp: Bad address
[18:27:35] 215.4, 126.3, 1.686
wattsup: [error] Reading final time stamp: Bad address
[18:27:42] 214.7, 126.3, 1.689
[18:27:43] 214.6, 126.3, 1.688
[18:27:44] 214.6, 126.3, 1.688
[18:27:46] 214.5, 126.3, 1.691
[18:27:47] 214.6, 126.3, 1.689
[18:27:48] 214.6, 126.3, 1.689
[18:27:49] 214.5, 126.3, 1.688
[18:27:50] 214.5, 126.3, 1.688
[18:27:51] 214.5, 126.3, 1.688
[18:27:52] 214.5, 126.4, 1.687
[18:27:53] 214.5, 126.4, 1.689
[18:27:54] 214.5, 126.4, 1.688
[18:27:55] 214.5, 126.4, 1.689
[18:27:56] 214.5, 126.4, 1.688
[18:27:57] 214.5, 126.4, 1.690
[18:27:58] 214.5, 126.4, 1.688
[18:27:59] 214.6, 126.4, 1.688
[18:28:00] 214.5, 126.4, 1.689
[18:28:01] 214.6, 126.4, 1.688
[18:28:02] 214.6, 126.4, 1.689
[18:28:03] 214.6, 126.3, 1.689
[18:28:04] 214.6, 126.4, 1.688
[18:28:05] 214.6, 126.4, 1.689
[18:28:06] 214.6, 126.4, 1.689
[18:28:07] 214.6, 126.3, 1.691
[18:28:08] 214.6, 126.3, 1.691
[18:28:09] 214.6, 126.3, 1.690
[18:28:10] 214.7, 126.3, 1.693
[18:28:11] 214.7, 126.3, 1.692
[18:28:12] 214.7, 126.3, 1.691
[18:28:13] 214.7, 126.4, 1.690
[18:28:14] 214.7, 126.3, 1.692
[18:28:15] 214.8, 126.3, 1.693
[18:28:16] 214.8, 126.3, 1.691
[18:28:17] 214.8, 126.3, 1.691
[18:28:18] 214.8, 126.3, 1.692
[18:28:19] 214.8, 126.3, 1.692
[18:28:20] 214.8, 126.3, 1.693
[18:28:21] 214.9, 126.3, 1.692
[18:28:22] 214.9, 126.3, 1.693
[18:28:23] 214.9, 126.3, 1.692
[18:28:24] 214.9, 126.3, 1.692
[18:28:25] 214.9, 126.3, 1.694
[18:28:26] 214.9, 126.3, 1.693
[18:28:27] 214.9, 126.3, 1.694
[18:28:28] 215.0, 126.3, 1.693
[18:28:29] 215.0, 126.3, 1.695
[18:28:30] 215.0, 126.3, 1.641
[18:28:31] 214.6, 126.3, 1.525
[18:28:32] 200.0, 126.3, 1.455
[18:28:33] 184.5, 126.3, 1.451
[18:28:34] 184.5, 126.3, 1.448
[18:28:35] 184.4, 126.3, 1.450
[18:28:36] 184.4, 126.3, 1.446
[18:28:37] 184.4, 126.4, 1.417
[18:28:38] 184.1, 126.3, 1.930
[18:28:39] 205.1, 126.4, 1.070
[18:28:40] 136.1, 126.4, 1.098
[18:28:41] 136.3, 126.4, 1.103
[18:28:42] 136.9, 126.4, 1.108
[18:28:43] 137.3, 126.3, 2.394
[18:28:44] 180.8, 126.4, 1.040
[18:28:45] 130.9, 126.4, 1.106
[18:28:46] 139.0, 126.4, 1.106
[18:28:47] 139.2, 126.4, 1.105
[18:28:48] 139.3, 126.3, 3.282
[18:28:49] 184.7, 126.5, 1.038
[18:28:50] 141.4, 126.5, 1.106
[18:28:51] 140.9, 126.5, 1.102
[18:28:52] 140.9, 126.5, 1.092
[18:28:53] 140.8, 126.4, 1.104
[18:28:54] 179.0, 126.4, 1.053
[18:28:55] 163.3, 126.4, 1.100
[18:28:56] 137.2, 126.5, 1.104
[18:28:57] 137.6, 126.5, 1.102
[18:28:58] 137.9, 126.4, 1.101
[18:28:59] 138.2, 126.4, 1.777
[18:29:00] 247.8, 126.5, 1.099
[18:29:01] 133.4, 126.4, 1.099
[18:29:02] 140.3, 126.4, 1.101
[18:29:03] 140.3, 126.4, 1.100
[18:29:04] 140.2, 126.3, 3.304
[18:29:05] 195.3, 126.3, 2.167
[18:29:06] 264.1, 126.4, 1.098
[18:29:07] 148.3, 126.5, 1.103
[18:29:08] 140.1, 126.5, 1.103
[18:29:09] 140.1, 126.5, 1.106
[18:29:10] 140.2, 126.4, 1.119
[18:29:11] 181.9, 126.3, 2.179
[18:29:12] 273.3, 126.3, 2.244
[18:29:13] 281.1, 126.4, 1.123
[18:29:14] 171.4, 126.5, 1.106
[18:29:15] 140.7, 126.5, 1.104
[18:29:16] 140.6, 126.4, 1.101
[18:29:17] 140.6, 126.5, 1.101
[18:29:18] 140.6, 126.3, 2.170
[18:29:19] 279.7, 126.3, 2.235
[18:29:20] 279.6, 126.3, 2.248
[18:29:21] 280.2, 126.3, 2.251
[18:29:22] 285.5, 126.4, 1.598
[18:29:23] 252.9, 126.5, 1.108
[18:29:24] 138.9, 126.4, 1.103
[18:29:25] 139.1, 126.4, 1.105
[18:29:26] 139.3, 126.4, 1.104
[18:29:27] 139.4, 126.3, 2.428
[18:29:28] 210.5, 126.3, 2.175
[18:29:29] 276.6, 126.2, 2.249
[18:29:30] 283.8, 126.3, 2.248
[18:29:31] 283.8, 126.3, 2.245
[18:29:32] 283.9, 126.3, 2.243
[18:29:33] 284.0, 126.2, 2.245
[18:29:34] 284.1, 126.3, 2.249
[18:29:35] 284.3, 126.2, 2.245
[18:29:36] 284.4, 126.4, 1.600
[18:29:37] 254.2, 126.4, 1.105
[18:29:38] 139.9, 126.4, 1.101
[18:29:39] 139.9, 126.5, 1.104
[18:29:40] 140.0, 126.5, 1.098
[18:29:41] 140.0, 126.3, 2.458
[18:29:42] 209.4, 126.3, 2.169
[18:29:43] 276.8, 126.3, 2.244
[18:29:44] 283.8, 126.3, 2.243
[18:29:45] 283.9, 126.3, 2.248
[18:29:46] 284.0, 126.3, 2.241
[18:29:47] 284.1, 126.3, 2.247
[18:29:48] 284.2, 126.3, 2.248
[18:29:49] 284.3, 126.3, 2.247
[18:29:50] 284.4, 126.3, 2.247
[18:29:51] 284.5, 126.3, 2.250
[18:29:52] 284.6, 126.3, 2.249
[18:29:53] 284.7, 126.3, 2.252
[18:29:54] 284.7, 126.3, 2.249
[18:29:55] 284.8, 126.3, 2.247
[18:29:56] 284.9, 126.3, 2.245
[18:29:57] 285.0, 126.3, 2.254
[18:29:58] 285.0, 126.3, 2.251
[18:29:59] 285.1, 126.5, 1.155
[18:30:00] 229.9, 126.4, 1.107
[18:30:01] 140.7, 126.4, 1.106
[18:30:02] 140.7, 126.4, 1.103
[18:30:03] 140.7, 126.4, 1.104
