<<<[12:02:49] 139.7, 125.4, 1.105
[12:02:50] 139.8, 125.4, 1.107
[12:02:51] 139.9, 125.4, 1.112
[12:02:52] 140.0, 125.4, 1.274
[12:02:53] 157.0, 125.4, 1.138
[12:02:54] 150.6, 125.4, 1.118
[12:02:55] 141.6, 125.3, 1.118
[12:02:56] 141.6, 125.3, 1.129
[12:02:57] 141.8, 125.3, 1.141
[12:02:58] 142.1, 125.3, 1.659
[12:02:59] 171.6, 125.3, 1.121
[12:03:00] 140.7, 125.3, 1.120
[12:03:01] 140.7, 125.3, 1.119
[12:03:02] 140.8, 125.4, 1.120
[12:03:03] 140.9, 125.3, 1.657
[12:03:04] 170.0, 125.4, 1.127
[12:03:05] 141.4, 125.4, 1.127
[12:03:06] 141.4, 125.4, 1.124
[12:03:07] 141.6, 125.5, 1.112
[12:03:08] 141.5, 125.4, 1.654
[12:03:09] 169.4, 125.4, 1.107
[12:03:10] 139.6, 125.4, 1.113
[12:03:11] 139.7, 125.4, 1.116
[12:03:12] 139.9, 125.4, 1.116
[12:03:13] 140.0, 125.4, 1.651
[12:03:14] 169.3, 125.5, 1.106
[12:03:15] 139.8, 125.4, 1.106
[12:03:16] 139.8, 125.5, 1.107
[12:03:17] 139.9, 125.4, 1.116
[12:03:18] 140.0, 125.4, 1.649
[12:03:19] 169.1, 125.4, 1.108
[12:03:20] 139.0, 125.4, 1.104
[12:03:21] 139.1, 125.4, 1.110
[12:03:22] 139.2, 125.4, 1.105
[12:03:23] 139.4, 125.3, 1.654
[12:03:24] 169.1, 125.4, 1.102
[12:03:25] 139.2, 125.4, 1.103
[12:03:26] 139.2, 125.3, 1.105
[12:03:27] 139.4, 125.3, 1.100
[12:03:28] 139.4, 125.3, 1.644
[12:03:29] 168.2, 125.4, 1.109
[12:03:30] 139.0, 125.4, 1.106
[12:03:31] 139.1, 125.4, 1.105
[12:03:32] 139.2, 125.4, 1.104
[12:03:33] 139.3, 125.3, 1.647
[12:03:34] 168.0, 125.4, 1.111
[12:03:35] 139.4, 125.4, 1.105
[12:03:36] 139.4, 125.4, 1.106
[12:03:37] 139.4, 125.4, 1.106
[12:03:38] 139.5, 125.4, 1.675
[12:03:39] 177.6, 125.4, 1.036
[12:03:40] 130.5, 125.4, 1.102
[12:03:41] 139.4, 125.4, 1.105
[12:03:42] 139.4, 125.4, 1.107
[12:03:43] 139.5, 125.3, 1.916
[12:03:44] 176.0, 125.4, 1.037
[12:03:45] 131.1, 125.4, 1.107
[12:03:46] 138.9, 125.4, 1.103
[12:03:47] 139.0, 125.4, 1.102
[12:03:48] 139.1, 125.2, 2.750
[12:03:49] 181.4, 125.4, 1.035
[12:03:50] 135.6, 125.3, 1.098
[12:03:51] 135.9, 125.4, 1.105
[12:03:52] 136.4, 125.4, 1.107
[12:03:53] 136.8, 125.4, 1.107
[12:03:54] 170.7, 125.4, 1.057
[12:03:55] 170.3, 125.4, 1.104
[12:03:56] 136.5, 125.4, 1.107
[12:03:57] 136.8, 125.4, 1.102
[12:03:58] 137.2, 125.4, 1.105
[12:03:59] 137.5, 125.3, 1.862
[12:04:00] 223.0, 125.4, 1.041
[12:04:01] 152.6, 125.4, 1.106
[12:04:02] 140.5, 125.4, 1.116
[12:04:03] 140.5, 125.4, 1.106
[12:04:04] 140.6, 125.4, 1.101
[12:04:05] 140.5, 125.4, 1.827
[12:04:06] 242.4, 125.4, 1.645
[12:04:07] 214.0, 125.5, 1.096
[12:04:08] 138.5, 125.4, 1.102
[12:04:09] 138.6, 125.4, 1.103
[12:04:10] 138.8, 125.4, 1.103
[12:04:11] 138.9, 125.3, 2.500
[12:04:12] 188.6, 125.4, 1.826
[12:04:13] 231.2, 125.4, 1.892
[12:04:14] 236.6, 125.4, 1.855
[12:04:15] 235.9, 125.5, 1.109
[12:04:16] 144.5, 125.5, 1.103
[12:04:17] 143.9, 125.5, 1.113
[12:04:18] 143.5, 125.5, 1.105
[12:04:19] 143.0, 125.3, 2.892
[12:04:20] 176.7, 125.4, 1.831
[12:04:21] 228.8, 125.4, 1.891
[12:04:22] 235.7, 125.4, 1.895
[12:04:23] 236.0, 125.4, 1.897
[12:04:24] 236.4, 125.4, 1.896
[12:04:25] 236.7, 125.4, 1.897
[12:04:26] 237.0, 125.4, 1.122
[12:04:27] 174.7, 125.5, 1.105
[12:04:28] 140.1, 125.5, 1.106
[12:04:29] 140.0, 125.4, 1.109
[12:04:30] 140.0, 125.5, 1.109
[12:04:31] 140.0, 125.4, 1.828
[12:04:32] 237.9, 125.4, 1.887
[12:04:33] 237.3, 125.4, 1.897
[12:04:34] 237.5, 125.3, 1.897
[12:04:35] 237.7, 125.3, 1.900
[12:04:36] 237.9, 125.3, 1.897
[12:04:37] 238.0, 125.3, 1.897
[12:04:38] 238.1, 125.3, 1.900
[12:04:39] 238.3, 125.3, 1.897
[12:04:40] 238.4, 125.3, 1.898
[12:04:41] 238.4, 125.3, 1.900
[12:04:42] 238.6, 125.3, 1.900
[12:04:43] 238.6, 125.4, 1.493
[12:04:44] 212.2, 125.4, 1.106
[12:04:45] 141.2, 125.4, 1.110
[12:04:46] 141.0, 125.4, 1.105
[12:04:47] 141.0, 125.4, 1.102
