<<<[11:58:50] 140.1, 125.5, 1.110
[11:58:51] 140.2, 125.5, 1.111
[11:58:52] 140.3, 125.5, 1.113
[11:58:53] 140.5, 125.5, 1.226
[11:58:54] 159.3, 125.5, 1.262
[11:58:55] 159.5, 125.5, 1.283
[11:58:56] 159.4, 125.5, 1.249
[11:58:57] 159.6, 125.5, 1.268
[11:58:58] 159.8, 125.5, 1.316
[11:58:59] 160.0, 125.5, 1.250
[11:59:00] 159.8, 125.5, 1.133
[11:59:01] 154.4, 125.5, 1.119
[11:59:02] 142.8, 125.5, 1.124
[11:59:03] 142.6, 125.5, 1.119
[11:59:04] 142.5, 125.5, 1.117
[11:59:05] 142.4, 125.4, 1.715
[11:59:06] 167.8, 125.5, 1.104
[11:59:07] 141.4, 125.5, 1.105
[11:59:08] 141.2, 125.5, 1.105
[11:59:09] 141.1, 125.5, 1.105
[11:59:10] 141.1, 125.4, 1.711
[11:59:11] 166.2, 125.5, 1.112
[11:59:12] 141.0, 125.5, 1.105
[11:59:13] 140.8, 125.4, 1.111
[11:59:14] 140.8, 125.5, 1.106
[11:59:15] 140.7, 125.4, 1.712
[11:59:16] 166.7, 125.5, 1.115
[11:59:17] 141.8, 125.5, 1.113
[11:59:18] 141.6, 125.5, 1.104
[11:59:19] 141.5, 125.5, 1.100
[11:59:20] 141.3, 125.4, 2.528
[11:59:21] 178.0, 125.5, 1.043
[11:59:22] 134.9, 125.5, 1.114
[11:59:23] 135.3, 125.5, 1.114
[11:59:24] 135.9, 125.5, 1.117
[11:59:25] 136.5, 125.4, 2.552
[11:59:26] 177.6, 125.4, 1.044
[11:59:27] 134.9, 125.4, 1.105
[11:59:28] 135.3, 125.4, 1.113
[11:59:29] 140.5, 125.4, 1.115
[11:59:30] 140.5, 125.3, 2.823
[11:59:31] 178.9, 125.4, 1.042
[11:59:32] 135.2, 125.4, 1.105
[11:59:33] 135.5, 125.4, 1.102
[11:59:34] 136.2, 125.4, 1.099
[11:59:35] 136.7, 125.2, 3.698
[11:59:36] 183.4, 125.5, 1.037
[11:59:37] 146.5, 125.5, 1.104
[11:59:38] 137.6, 125.5, 1.109
[11:59:39] 137.9, 125.5, 1.109
[11:59:40] 138.2, 125.5, 1.118
[11:59:41] 179.6, 125.5, 1.068
[11:59:42] 167.1, 125.5, 1.106
[11:59:43] 136.7, 125.5, 1.098
[11:59:44] 137.1, 125.5, 1.107
[11:59:45] 137.5, 125.4, 1.103
[11:59:46] 137.8, 125.4, 1.530
[11:59:47] 243.8, 125.5, 1.103
[11:59:48] 134.0, 125.5, 1.109
[11:59:49] 140.1, 125.5, 1.104
[11:59:50] 140.1, 125.5, 1.108
[11:59:51] 140.2, 125.3, 2.390
[11:59:52] 228.3, 125.5, 1.090
[11:59:53] 216.3, 125.5, 1.108
[11:59:54] 139.8, 125.5, 1.108
[11:59:55] 139.8, 125.6, 1.105
[11:59:56] 139.9, 125.6, 1.102
[11:59:57] 140.0, 125.4, 2.342
[11:59:58] 246.7, 125.4, 2.353
[11:59:59] 295.8, 125.5, 1.115
[12:00:00] 189.5, 125.6, 1.108
[12:00:01] 140.1, 125.6, 1.109
[12:00:02] 140.1, 125.6, 1.106
[12:00:03] 140.1, 125.6, 1.115
[12:00:04] 140.2, 125.4, 2.368
[12:00:05] 280.2, 125.4, 2.384
[12:00:06] 298.0, 125.4, 2.420
[12:00:07] 303.9, 125.4, 2.169
[12:00:08] 280.4, 125.5, 1.106
[12:00:09] 145.0, 125.5, 1.106
[12:00:10] 144.4, 125.5, 1.109
[12:00:11] 143.9, 125.5, 1.116
[12:00:12] 143.5, 125.2, 3.737
[12:00:13] 194.1, 125.3, 2.357
[12:00:14] 295.4, 125.3, 2.421
[12:00:15] 301.8, 125.3, 2.425
[12:00:16] 302.1, 125.3, 2.424
[12:00:17] 302.3, 125.3, 2.425
[12:00:18] 302.6, 125.3, 2.427
[12:00:19] 302.9, 125.3, 2.428
[12:00:20] 290.7, 125.5, 1.104
[12:00:21] 145.0, 125.5, 1.110
[12:00:22] 144.4, 125.5, 1.109
[12:00:23] 143.9, 125.5, 1.105
[12:00:24] 143.5, 125.5, 1.108
[12:00:25] 182.7, 125.3, 2.362
[12:00:26] 294.0, 125.3, 2.418
[12:00:27] 301.2, 125.3, 2.425
[12:00:28] 301.6, 125.3, 2.425
[12:00:29] 302.0, 125.3, 2.429
[12:00:30] 302.4, 125.3, 2.428
[12:00:31] 302.7, 125.3, 2.429
[12:00:32] 303.1, 125.3, 2.429
[12:00:33] 303.4, 125.3, 2.425
[12:00:34] 303.6, 125.4, 2.426
[12:00:35] 303.9, 125.3, 2.426
[12:00:36] 304.0, 125.3, 2.427
[12:00:37] 304.2, 125.3, 2.426
[12:00:38] 304.3, 125.3, 2.428
[12:00:39] 304.5, 125.5, 1.106
[12:00:40] 142.3, 125.5, 1.114
[12:00:41] 142.1, 125.5, 1.114
[12:00:42] 141.9, 125.5, 1.111
[12:00:43] 141.8, 125.5, 1.116
