<<<[01:07:37] 140.3, 126.0, 1.110
[01:07:38] 140.4, 126.0, 1.107
[01:07:39] 140.5, 126.0, 1.112
[01:07:40] 140.6, 126.0, 1.259
[01:07:41] 156.2, 126.0, 1.235
[01:07:42] 156.4, 126.0, 1.117
[01:07:43] 147.5, 126.0, 1.113
[01:07:44] 141.2, 126.0, 1.129
[01:07:45] 141.3, 126.0, 1.126
[01:07:46] 141.6, 126.1, 1.130
[01:07:47] 141.9, 126.0, 1.591
[01:07:48] 168.9, 126.1, 1.096
[01:07:49] 139.2, 126.1, 1.103
[01:07:50] 139.4, 126.1, 1.101
[01:07:51] 139.5, 126.1, 1.098
[01:07:52] 139.6, 126.0, 1.574
[01:07:53] 167.1, 126.1, 1.101
[01:07:54] 140.1, 126.1, 1.108
[01:07:55] 140.0, 126.1, 1.104
[01:07:56] 140.0, 126.0, 1.105
[01:07:57] 140.0, 126.0, 1.580
[01:07:58] 166.7, 126.1, 1.099
[01:07:59] 139.9, 126.1, 1.101
[01:08:00] 139.8, 126.0, 1.104
[01:08:01] 139.8, 126.0, 1.105
[01:08:02] 139.9, 126.0, 1.573
[01:08:03] 166.7, 126.1, 1.098
[01:08:04] 140.1, 126.1, 1.102
[01:08:05] 140.0, 126.1, 1.101
[01:08:06] 140.0, 126.0, 1.105
[01:08:07] 140.0, 126.0, 1.535
[01:08:08] 178.0, 126.1, 1.037
[01:08:09] 131.6, 126.1, 1.101
[01:08:10] 139.8, 126.0, 1.104
[01:08:11] 139.8, 126.0, 1.099
[01:08:12] 139.7, 126.0, 1.535
[01:08:13] 178.3, 126.0, 1.037
[01:08:14] 131.4, 126.0, 1.101
[01:08:15] 139.4, 126.1, 1.099
[01:08:16] 139.4, 126.1, 1.103
[01:08:17] 139.4, 126.0, 1.587
[01:08:18] 178.3, 126.1, 1.038
[01:08:19] 132.0, 126.1, 1.097
[01:08:20] 139.0, 126.1, 1.098
[01:08:21] 139.0, 126.1, 1.097
[01:08:22] 139.1, 126.1, 2.045
[01:08:23] 191.5, 126.1, 1.036
[01:08:24] 132.7, 126.1, 1.100
[01:08:25] 138.3, 126.1, 1.098
[01:08:26] 138.5, 126.1, 1.098
[01:08:27] 138.6, 125.9, 3.499
[01:08:28] 191.9, 126.1, 1.061
[01:08:29] 161.7, 126.0, 1.097
[01:08:30] 137.6, 126.1, 1.098
[01:08:31] 137.8, 126.0, 1.100
[01:08:32] 138.1, 126.1, 1.103
[01:08:33] 138.3, 126.0, 1.677
[01:08:34] 258.0, 126.1, 1.106
[01:08:35] 135.4, 126.0, 1.099
[01:08:36] 135.9, 126.0, 1.102
[01:08:37] 136.4, 126.0, 1.097
[01:08:38] 136.8, 125.8, 3.058
[01:08:39] 197.0, 125.9, 2.147
[01:08:40] 271.0, 126.0, 1.102
[01:08:41] 149.4, 126.1, 1.099
[01:08:42] 140.1, 126.1, 1.101
[01:08:43] 140.0, 126.1, 1.097
[01:08:44] 140.0, 126.0, 1.098
[01:08:45] 159.5, 125.9, 2.151
[01:08:46] 274.3, 126.0, 2.214
[01:08:47] 274.4, 126.0, 1.599
[01:08:48] 230.1, 126.1, 1.102
[01:08:49] 139.9, 126.1, 1.103
[01:08:50] 139.9, 126.1, 1.104
[01:08:51] 139.9, 126.1, 1.101
[01:08:52] 139.9, 126.0, 2.129
[01:08:53] 221.9, 126.0, 2.149
[01:08:54] 272.1, 126.0, 2.211
[01:08:55] 279.5, 125.9, 2.209
[01:08:56] 279.5, 125.9, 2.210
[01:08:57] 279.6, 126.0, 1.547
[01:08:58] 235.9, 126.0, 1.102
[01:08:59] 139.9, 126.0, 1.101
[01:09:00] 139.9, 126.0, 1.105
[01:09:01] 139.8, 126.0, 1.104
[01:09:02] 139.9, 125.9, 2.403
[01:09:03] 210.5, 125.9, 2.148
[01:09:04] 272.8, 125.9, 2.209
[01:09:05] 278.6, 125.9, 2.210
[01:09:06] 278.7, 125.9, 2.205
[01:09:07] 278.7, 125.9, 2.212
[01:09:08] 278.9, 125.9, 2.213
[01:09:09] 279.0, 125.9, 2.212
[01:09:10] 279.2, 126.0, 2.214
[01:09:11] 279.3, 125.9, 2.213
[01:09:12] 279.4, 126.0, 1.876
[01:09:13] 247.5, 126.1, 1.101
[01:09:14] 141.0, 126.1, 1.099
[01:09:15] 140.8, 126.1, 1.099
[01:09:16] 140.7, 126.0, 1.104
