<<<[05:58:33] 140.5, 126.2, 1.114
[05:58:34] 140.7, 126.2, 1.133
[05:58:35] 141.0, 126.3, 1.132
[05:58:36] 141.5, 126.2, 1.224
[05:58:37] 158.9, 126.2, 1.234
[05:58:38] 159.1, 126.2, 1.272
[05:58:39] 159.4, 126.2, 1.271
[05:58:40] 159.6, 126.2, 1.257
[05:58:41] 159.6, 126.2, 1.241
[05:58:42] 159.5, 126.2, 1.242
[05:58:43] 159.5, 126.2, 1.236
[05:58:44] 159.3, 126.2, 1.246
[05:58:45] 159.3, 126.2, 1.185
[05:58:46] 150.6, 126.2, 1.174
[05:58:47] 150.4, 126.1, 1.166
[05:58:48] 150.2, 126.2, 1.172
[05:58:49] 150.0, 126.2, 1.235
[05:58:50] 162.4, 126.2, 1.084
[05:58:51] 152.2, 126.2, 1.099
[05:58:52] 140.3, 126.2, 1.107
[05:58:53] 140.3, 126.2, 1.101
[05:58:54] 140.3, 126.2, 1.124
[05:58:55] 153.2, 126.3, 1.097
[05:58:56] 153.3, 126.3, 1.100
[05:58:57] 140.3, 126.3, 1.100
[05:58:58] 140.3, 126.2, 1.101
[05:58:59] 140.3, 126.3, 1.104
[05:59:00] 169.1, 126.2, 1.035
[05:59:01] 143.9, 126.2, 1.097
[05:59:02] 136.9, 126.3, 1.099
[05:59:03] 137.3, 126.3, 1.100
[05:59:04] 137.6, 126.2, 1.101
[05:59:05] 170.0, 126.2, 1.031
[05:59:06] 143.9, 126.3, 1.096
[05:59:07] 136.9, 126.2, 1.096
[05:59:08] 137.2, 126.2, 1.098
[05:59:09] 137.6, 126.2, 1.097
[05:59:10] 169.6, 126.2, 1.038
[05:59:11] 145.2, 126.2, 1.094
[05:59:12] 136.0, 126.2, 1.100
[05:59:13] 136.5, 126.2, 1.098
[05:59:14] 136.9, 126.2, 1.098
[05:59:15] 142.7, 126.2, 1.056
[05:59:16] 188.1, 126.2, 1.112
[05:59:17] 136.0, 126.2, 1.095
[05:59:18] 136.5, 126.2, 1.101
[05:59:19] 136.9, 126.2, 1.102
[05:59:20] 137.3, 126.1, 1.578
[05:59:21] 223.9, 126.2, 1.076
[05:59:22] 133.8, 126.1, 1.103
[05:59:23] 140.1, 126.1, 1.100
[05:59:24] 140.1, 126.2, 1.101
[05:59:25] 140.0, 126.0, 2.266
[05:59:26] 236.4, 126.2, 1.059
[05:59:27] 169.1, 126.2, 1.101
[05:59:28] 139.6, 126.1, 1.104
[05:59:29] 139.6, 126.2, 1.099
[05:59:30] 139.7, 126.2, 1.100
[05:59:31] 139.7, 126.0, 2.289
[05:59:32] 291.8, 126.2, 1.109
[05:59:33] 208.0, 126.2, 1.103
[05:59:34] 140.1, 126.1, 1.101
[05:59:35] 140.1, 126.2, 1.102
[05:59:36] 140.1, 126.2, 1.098
[05:59:37] 140.1, 126.0, 2.332
[05:59:38] 256.0, 126.1, 2.297
[05:59:39] 291.4, 126.1, 2.324
[05:59:40] 281.9, 126.2, 1.104
[05:59:41] 143.4, 126.2, 1.094
[05:59:42] 142.9, 126.2, 1.100
[05:59:43] 142.5, 126.2, 1.096
[05:59:44] 142.2, 126.1, 2.341
[05:59:45] 186.3, 126.1, 2.297
[05:59:46] 288.0, 126.0, 2.359
[05:59:47] 295.4, 126.1, 2.347
[05:59:48] 295.8, 126.0, 2.367
[05:59:49] 296.3, 126.1, 2.183
[05:59:50] 277.9, 126.2, 1.098
[05:59:51] 144.8, 126.2, 1.100
[05:59:52] 144.2, 126.2, 1.096
[05:59:53] 143.7, 126.2, 1.095
[05:59:54] 143.3, 126.0, 3.579
[05:59:55] 191.3, 126.1, 2.298
[05:59:56] 289.5, 126.1, 2.363
[05:59:57] 296.0, 126.1, 2.364
[05:59:58] 296.4, 126.1, 2.366
[05:59:59] 296.8, 126.1, 2.364
[06:00:00] 297.1, 126.0, 2.369
[06:00:01] 297.4, 126.0, 2.366
[06:00:02] 297.6, 126.0, 2.367
[06:00:03] 297.9, 126.0, 2.364
[06:00:04] 298.1, 126.1, 1.786
[06:00:05] 270.1, 126.2, 1.109
[06:00:06] 145.6, 126.2, 1.099
[06:00:07] 144.9, 126.2, 1.104
[06:00:08] 144.4, 126.1, 1.101
[06:00:09] 143.9, 126.0, 3.155
[06:00:10] 203.3, 125.9, 2.306
[06:00:11] 292.4, 125.9, 2.365
[06:00:12] 293.0, 125.9, 2.368
[06:00:13] 299.4, 125.9, 2.367
[06:00:14] 299.4, 125.9, 2.371
[06:00:15] 299.4, 125.9, 2.366
[06:00:16] 299.5, 126.0, 2.371
[06:00:17] 299.5, 126.0, 2.369
[06:00:18] 299.5, 126.0, 2.372
[06:00:19] 299.6, 126.0, 2.372
[06:00:20] 299.6, 126.0, 2.372
[06:00:21] 299.7, 125.9, 2.372
[06:00:22] 299.7, 125.9, 2.375
[06:00:23] 299.7, 125.9, 2.372
[06:00:24] 299.8, 125.9, 2.375
[06:00:25] 299.9, 125.9, 2.377
[06:00:26] 299.9, 125.9, 2.375
[06:00:27] 300.0, 126.0, 2.377
[06:00:28] 300.0, 125.9, 2.377
[06:00:29] 300.1, 126.1, 1.108
[06:00:30] 218.3, 126.1, 1.104
[06:00:31] 140.5, 126.1, 1.106
[06:00:32] 140.5, 126.1, 1.105
[06:00:33] 140.5, 126.0, 1.106
