<<<[14:33:10] 144.5, 124.9, 1.156
[14:33:11] 144.8, 124.9, 1.155
[14:33:12] 144.9, 124.9, 1.157
[14:33:13] 145.0, 124.9, 1.243
[14:33:14] 151.5, 124.9, 1.185
[14:33:15] 151.4, 124.9, 1.176
[14:33:16] 151.1, 124.9, 1.180
[14:33:17] 150.7, 124.9, 1.176
[14:33:18] 150.4, 124.9, 1.179
[14:33:19] 150.1, 124.9, 1.632
[14:33:20] 168.0, 125.0, 1.090
[14:33:21] 141.6, 125.0, 1.116
[14:33:22] 141.4, 124.9, 1.106
[14:33:23] 141.3, 125.0, 1.122
[14:33:24] 141.2, 124.8, 1.630
[14:33:25] 162.6, 124.9, 1.107
[14:33:26] 143.6, 124.9, 1.106
[14:33:27] 143.0, 124.9, 1.111
[14:33:28] 142.6, 124.9, 1.119
[14:33:29] 142.3, 124.9, 1.641
[14:33:30] 163.7, 125.0, 1.111
[14:33:31] 143.4, 124.9, 1.114
[14:33:32] 142.9, 124.9, 1.117
[14:33:33] 142.5, 124.9, 1.105
[14:33:34] 142.2, 124.8, 1.630
[14:33:35] 162.2, 124.9, 1.109
[14:33:36] 143.4, 124.9, 1.109
[14:33:37] 142.9, 124.9, 1.117
[14:33:38] 142.6, 124.9, 1.106
[14:33:39] 142.2, 124.8, 1.628
[14:33:40] 162.0, 124.9, 1.109
[14:33:41] 143.4, 124.9, 1.110
[14:33:42] 142.9, 124.9, 1.103
[14:33:43] 142.5, 124.9, 1.112
[14:33:44] 142.1, 124.8, 1.599
[14:33:45] 161.1, 124.9, 1.107
[14:33:46] 143.9, 124.9, 1.109
[14:33:47] 143.3, 124.9, 1.107
[14:33:48] 142.8, 124.9, 1.103
[14:33:49] 142.4, 124.7, 3.320
[14:33:50] 174.3, 124.9, 1.042
[14:33:51] 134.5, 124.9, 1.109
[14:33:52] 134.7, 124.9, 1.110
[14:33:53] 135.3, 124.8, 1.118
[14:33:54] 135.8, 124.7, 2.265
[14:33:55] 173.6, 124.9, 1.044
[14:33:56] 146.6, 124.8, 1.103
[14:33:57] 136.3, 124.8, 1.110
[14:33:58] 136.7, 124.8, 1.114
[14:33:59] 137.1, 124.8, 1.112
[14:34:00] 163.3, 124.8, 1.049
[14:34:01] 163.7, 124.8, 1.110
[14:34:02] 135.2, 124.9, 1.109
[14:34:03] 135.6, 124.9, 1.107
[14:34:04] 136.2, 124.9, 1.104
[14:34:05] 136.6, 124.8, 1.602
[14:34:06] 211.4, 124.9, 1.070
[14:34:07] 131.8, 125.0, 1.104
[14:34:08] 139.4, 125.0, 1.108
[14:34:09] 139.3, 124.9, 1.115
[14:34:10] 139.4, 124.8, 2.682
[14:34:11] 185.6, 124.9, 1.568
[14:34:12] 209.4, 124.9, 1.103
[14:34:13] 136.3, 125.0, 1.113
[14:34:14] 136.6, 124.9, 1.099
[14:34:15] 137.0, 124.9, 1.113
[14:34:16] 137.4, 124.8, 2.590
[14:34:17] 187.4, 124.8, 1.814
[14:34:18] 228.6, 124.8, 1.634
[14:34:19] 214.7, 124.9, 1.102
[14:34:20] 138.7, 124.9, 1.110
[14:34:21] 138.7, 124.9, 1.112
[14:34:22] 138.8, 124.9, 1.104
[14:34:23] 138.9, 124.8, 2.327
[14:34:24] 190.8, 124.7, 1.817
[14:34:25] 228.8, 124.7, 1.883
[14:34:26] 234.6, 124.7, 1.882
[14:34:27] 234.8, 124.8, 1.649
[14:34:28] 214.0, 124.9, 1.111
[14:34:29] 138.3, 124.9, 1.120
[14:34:30] 138.4, 124.9, 1.105
[14:34:31] 138.6, 124.9, 1.111
[14:34:32] 138.7, 124.8, 1.898
[14:34:33] 198.6, 124.8, 1.803
[14:34:34] 228.1, 124.8, 1.884
[14:34:35] 236.1, 124.8, 1.885
[14:34:36] 236.1, 124.8, 1.882
[14:34:37] 236.2, 124.8, 1.878
[14:34:38] 236.2, 124.8, 1.884
[14:34:39] 236.2, 124.8, 1.876
[14:34:40] 236.3, 125.0, 1.159
[14:34:41] 194.4, 124.9, 1.105
[14:34:42] 139.9, 124.9, 1.115
[14:34:43] 139.8, 124.9, 1.149
[14:34:44] 139.9, 124.9, 1.113
[14:34:45] 139.9, 124.8, 1.809
[14:34:46] 208.9, 124.9, 1.817
[14:34:47] 224.1, 124.8, 1.827
[14:34:48] 235.9, 124.8, 1.885
[14:34:49] 235.9, 124.8, 1.883
[14:34:50] 236.0, 124.9, 1.883
[14:34:51] 236.1, 124.9, 1.878
[14:34:52] 236.1, 124.9, 1.884
[14:34:53] 236.2, 124.8, 1.877
[14:34:54] 236.2, 124.8, 1.885
[14:34:55] 236.3, 124.8, 1.879
[14:34:56] 236.3, 124.8, 1.885
[14:34:57] 236.4, 124.8, 1.887
[14:34:58] 236.5, 124.9, 1.886
[14:34:59] 236.5, 124.8, 1.877
[14:35:00] 236.6, 124.8, 1.889
[14:35:01] 236.7, 124.9, 1.104
[14:35:02] 196.1, 125.0, 1.114
[14:35:03] 140.8, 124.9, 1.118
[14:35:04] 140.7, 125.0, 1.116
[14:35:05] 140.8, 125.0, 1.127
