<<<[18:11:11] 140.7, 125.5, 1.122
[18:11:12] 140.9, 125.5, 1.134
[18:11:13] 141.2, 125.5, 1.143
[18:11:14] 141.6, 125.5, 1.254
[18:11:15] 152.4, 125.6, 1.212
[18:11:16] 152.7, 125.5, 1.183
[18:11:17] 152.3, 125.5, 1.185
[18:11:18] 152.0, 125.5, 1.185
[18:11:19] 151.7, 125.5, 1.181
[18:11:20] 151.4, 125.5, 1.435
[18:11:21] 165.8, 125.5, 1.112
[18:11:22] 149.4, 125.5, 1.115
[18:11:23] 141.4, 125.5, 1.119
[18:11:24] 141.4, 125.6, 1.113
[18:11:25] 141.5, 125.5, 1.314
[18:11:26] 158.8, 125.5, 1.105
[18:11:27] 149.2, 125.5, 1.108
[18:11:28] 140.7, 125.5, 1.111
[18:11:29] 140.6, 125.4, 1.113
[18:11:30] 140.7, 125.4, 1.299
[18:11:31] 157.7, 125.5, 1.107
[18:11:32] 149.5, 125.5, 1.115
[18:11:33] 140.7, 125.6, 1.117
[18:11:34] 140.7, 125.6, 1.109
[18:11:35] 140.6, 125.5, 1.284
[18:11:36] 157.0, 125.5, 1.101
[18:11:37] 149.5, 125.6, 1.111
[18:11:38] 140.7, 125.6, 1.101
[18:11:39] 140.6, 125.6, 1.114
[18:11:40] 140.6, 125.6, 1.260
[18:11:41] 157.0, 125.6, 1.107
[18:11:42] 150.1, 125.6, 1.100
[18:11:43] 140.1, 125.5, 1.109
[18:11:44] 140.1, 125.6, 1.105
[18:11:45] 140.1, 125.5, 1.234
[18:11:46] 156.1, 125.6, 1.102
[18:11:47] 150.4, 125.6, 1.108
[18:11:48] 140.1, 125.5, 1.101
[18:11:49] 140.0, 125.5, 1.106
[18:11:50] 140.0, 125.5, 1.188
[18:11:51] 171.6, 125.5, 1.036
[18:11:52] 139.8, 125.5, 1.097
[18:11:53] 139.3, 125.5, 1.105
[18:11:54] 139.4, 125.5, 1.098
[18:11:55] 139.5, 125.5, 1.117
[18:11:56] 169.6, 125.5, 1.038
[18:11:57] 140.1, 125.4, 1.108
[18:11:58] 139.7, 125.4, 1.108
[18:11:59] 139.7, 125.4, 1.110
[18:12:00] 139.8, 125.5, 1.117
[18:12:01] 169.1, 125.5, 1.070
[18:12:02] 154.2, 125.5, 1.106
[18:12:03] 136.3, 125.5, 1.110
[18:12:04] 136.7, 125.5, 1.097
[18:12:05] 137.1, 125.5, 1.104
[18:12:06] 137.5, 125.5, 0.977
[18:12:07] 193.3, 125.5, 1.107
[18:12:08] 135.6, 125.5, 1.101
[18:12:09] 136.1, 125.5, 1.107
[18:12:10] 136.6, 125.5, 1.103
[18:12:11] 137.0, 125.4, 1.570
[18:12:12] 218.0, 125.5, 1.075
[18:12:13] 132.2, 125.5, 1.109
[18:12:14] 139.9, 125.5, 1.101
[18:12:15] 139.8, 125.5, 1.109
[18:12:16] 139.8, 125.4, 2.246
[18:12:17] 194.2, 125.5, 1.475
[18:12:18] 194.6, 125.5, 1.107
[18:12:19] 139.6, 125.6, 1.112
[18:12:20] 139.7, 125.5, 1.103
[18:12:21] 139.7, 125.5, 1.108
[18:12:22] 139.7, 125.4, 1.882
[18:12:23] 214.5, 125.4, 1.860
[18:12:24] 234.4, 125.6, 1.099
[18:12:25] 150.8, 125.6, 1.104
[18:12:26] 139.9, 125.4, 1.101
[18:12:27] 139.8, 125.6, 1.103
[18:12:28] 139.8, 125.6, 1.098
[18:12:29] 146.6, 125.5, 1.861
[18:12:30] 246.2, 125.5, 1.931
[18:12:31] 238.4, 125.5, 1.919
[18:12:32] 238.9, 125.6, 1.112
[18:12:33] 170.0, 125.5, 1.101
[18:12:34] 139.6, 125.5, 1.102
[18:12:35] 139.6, 125.6, 1.101
[18:12:36] 139.5, 125.5, 1.092
[18:12:37] 139.6, 125.4, 1.866
[18:12:38] 236.4, 125.4, 1.884
[18:12:39] 236.4, 125.4, 1.919
[18:12:40] 242.0, 125.4, 1.924
[18:12:41] 242.0, 125.4, 1.921
[18:12:42] 242.0, 125.4, 1.924
[18:12:43] 242.1, 125.5, 1.553
[18:12:44] 209.6, 125.5, 1.102
[18:12:45] 140.5, 125.5, 1.106
[18:12:46] 140.4, 125.5, 1.102
[18:12:47] 140.3, 125.4, 1.104
[18:12:48] 140.3, 125.3, 1.900
[18:12:49] 202.9, 125.3, 1.859
[18:12:50] 234.4, 125.3, 1.925
[18:12:51] 241.9, 125.3, 1.924
[18:12:52] 241.9, 125.3, 1.927
[18:12:53] 242.1, 125.4, 1.926
[18:12:54] 242.2, 125.4, 1.928
[18:12:55] 242.2, 125.4, 1.928
[18:12:56] 242.3, 125.4, 1.930
[18:12:57] 242.5, 125.4, 1.929
[18:12:58] 242.5, 125.4, 1.930
[18:12:59] 242.6, 125.4, 1.929
[18:13:00] 242.7, 125.4, 1.930
[18:13:01] 242.8, 125.5, 1.105
[18:13:02] 162.2, 125.5, 1.108
[18:13:03] 140.1, 125.6, 1.106
[18:13:04] 140.0, 125.5, 1.109
