<<<[21:54:36] 140.5, 125.7, 1.122
[21:54:37] 140.6, 125.7, 1.113
[21:54:38] 140.7, 125.7, 1.113
[21:54:39] 140.8, 125.7, 1.137
[21:54:40] 141.0, 125.6, 1.097
[21:54:41] 140.7, 125.6, 1.113
[21:54:42] 140.7, 125.6, 1.110
[21:54:43] 140.8, 125.7, 1.114
<<<[22:14:57] 140.4, 125.7, 1.108
[22:14:58] 140.5, 125.7, 1.111
[22:14:59] 140.6, 125.8, 1.111
[22:15:00] 140.7, 125.8, 1.141
[22:15:01] 140.9, 125.8, 1.110
[22:15:02] 140.8, 125.7, 1.108
[22:15:03] 140.9, 125.8, 1.110
[22:15:04] 140.9, 125.7, 1.115
