<<<[21:28:51] 140.5, 125.6, 1.111
[21:28:52] 140.5, 125.6, 1.110
[21:28:53] 140.6, 125.6, 1.128
[21:28:54] 140.9, 125.5, 1.270
[21:28:55] 151.2, 125.5, 1.234
[21:28:56] 159.5, 125.5, 1.242
[21:28:57] 159.6, 125.5, 1.274
[21:28:58] 159.7, 125.5, 1.263
[21:28:59] 159.5, 125.5, 1.266
[21:29:00] 159.5, 125.6, 1.249
[21:29:01] 159.5, 125.6, 1.242
[21:29:02] 159.4, 125.6, 1.270
[21:29:03] 159.5, 125.6, 1.126
[21:29:04] 143.7, 125.6, 1.121
[21:29:05] 143.5, 125.7, 1.124
[21:29:06] 143.3, 125.6, 1.115
[21:29:07] 143.1, 125.7, 1.110
[21:29:08] 142.8, 125.6, 1.128
[21:29:09] 167.6, 125.6, 1.118
[21:29:10] 140.1, 125.6, 1.101
[21:29:11] 140.1, 125.6, 1.103
[21:29:12] 140.1, 125.6, 1.104
[21:29:13] 140.1, 125.6, 1.131
[21:29:14] 167.3, 125.6, 1.104
[21:29:15] 140.3, 125.6, 1.108
[21:29:16] 140.3, 125.6, 1.106
[21:29:17] 140.2, 125.6, 1.105
[21:29:18] 140.2, 125.6, 1.121
[21:29:19] 167.6, 125.5, 1.110
[21:29:20] 139.9, 125.5, 1.107
[21:29:21] 139.9, 125.6, 1.108
[21:29:22] 140.0, 125.6, 1.099
[21:29:23] 139.9, 125.6, 1.060
[21:29:24] 175.4, 125.5, 1.105
[21:29:25] 135.2, 125.6, 1.105
[21:29:26] 140.3, 125.5, 1.115
[21:29:27] 140.3, 125.5, 1.103
[21:29:28] 140.2, 125.6, 1.048
[21:29:29] 175.6, 125.7, 1.107
[21:29:30] 135.2, 125.7, 1.097
[21:29:31] 140.3, 125.6, 1.102
[21:29:32] 140.2, 125.6, 1.109
[21:29:33] 140.2, 125.6, 1.062
[21:29:34] 177.0, 125.6, 1.090
[21:29:35] 134.5, 125.6, 1.106
[21:29:36] 139.9, 125.7, 1.101
[21:29:37] 139.9, 125.7, 1.109
[21:29:38] 139.9, 125.7, 1.097
[21:29:39] 193.3, 125.7, 1.040
[21:29:40] 134.0, 125.7, 1.100
[21:29:41] 139.8, 125.6, 1.099
[21:29:42] 139.8, 125.7, 1.098
[21:29:43] 139.8, 125.5, 2.246
[21:29:44] 223.7, 125.7, 1.041
[21:29:45] 134.7, 125.6, 1.112
[21:29:46] 140.1, 125.6, 1.109
[21:29:47] 140.1, 125.6, 1.112
[21:29:48] 140.0, 125.5, 1.121
[21:29:49] 183.4, 125.5, 1.547
[21:29:50] 242.0, 125.6, 1.101
[21:29:51] 135.4, 125.6, 1.100
[21:29:52] 135.9, 125.6, 1.101
[21:29:53] 136.5, 125.6, 1.106
[21:29:54] 136.9, 125.5, 2.715
[21:29:55] 212.3, 125.5, 2.262
[21:29:56] 288.2, 125.6, 1.119
[21:29:57] 184.3, 125.6, 1.111
[21:29:58] 140.3, 125.6, 1.100
[21:29:59] 140.2, 125.6, 1.106
[21:30:00] 140.2, 125.6, 1.106
[21:30:01] 140.2, 125.5, 2.287
[21:30:02] 277.1, 125.4, 2.313
[21:30:03] 289.8, 125.5, 2.326
[21:30:04] 294.9, 125.6, 1.172
[21:30:05] 209.8, 125.6, 1.105
[21:30:06] 140.5, 125.6, 1.104
[21:30:07] 140.4, 125.6, 1.112
[21:30:08] 140.4, 125.6, 1.106
[21:30:09] 140.4, 125.4, 2.308
[21:30:10] 260.1, 125.4, 2.281
[21:30:11] 289.1, 125.5, 2.345
[21:30:12] 295.6, 125.5, 2.344
[21:30:13] 295.5, 125.5, 2.344
[21:30:14] 295.5, 125.5, 2.345
[21:30:15] 295.5, 125.6, 1.645
[21:30:16] 245.3, 125.6, 1.104
[21:30:17] 138.7, 125.6, 1.112
[21:30:18] 138.9, 125.6, 1.098
[21:30:19] 139.1, 125.6, 1.102
[21:30:20] 139.2, 125.4, 2.281
[21:30:21] 228.5, 125.4, 2.279
[21:30:22] 287.8, 125.4, 2.345
[21:30:23] 294.7, 125.4, 2.347
[21:30:24] 294.8, 125.4, 2.351
[21:30:25] 294.9, 125.5, 2.351
[21:30:26] 295.1, 125.4, 2.343
[21:30:27] 295.2, 125.4, 2.354
[21:30:28] 295.3, 125.5, 2.353
[21:30:29] 295.5, 125.4, 2.353
[21:30:30] 295.6, 125.5, 2.353
[21:30:31] 295.7, 125.4, 2.352
[21:30:32] 295.8, 125.5, 2.352
[21:30:33] 289.3, 125.6, 1.111
[21:30:34] 138.9, 125.6, 1.101
[21:30:35] 139.1, 125.6, 1.104
[21:30:36] 139.2, 125.6, 1.112
