<<<[15:25:21] 141.2, 125.2, 1.127
[15:25:22] 141.4, 125.2, 1.139
[15:25:23] 141.6, 125.1, 1.154
[15:25:24] 142.0, 125.1, 1.281
[15:25:25] 156.6, 125.1, 1.252
[15:25:26] 156.8, 125.2, 1.107
[15:25:27] 151.3, 125.1, 1.165
[15:25:28] 145.2, 125.1, 1.173
[15:25:29] 145.5, 125.1, 1.163
[15:25:30] 145.8, 125.2, 1.164
[15:25:31] 145.8, 125.1, 1.721
[15:25:32] 172.3, 125.2, 1.117
[15:25:33] 139.9, 125.2, 1.125
[15:25:34] 140.0, 125.1, 1.125
[15:25:35] 140.1, 125.1, 1.131
[15:25:36] 140.4, 125.0, 1.731
[15:25:37] 169.4, 125.1, 1.119
[15:25:38] 140.1, 125.1, 1.119
[15:25:39] 140.2, 125.0, 1.125
[15:25:40] 140.4, 125.0, 1.135
[15:25:41] 140.6, 124.9, 1.732
[15:25:42] 169.3, 125.0, 1.122
[15:25:43] 139.9, 125.0, 1.122
[15:25:44] 140.0, 124.9, 1.122
[15:25:45] 140.1, 125.0, 1.118
[15:25:46] 140.2, 124.9, 1.734
[15:25:47] 168.7, 125.0, 1.126
[15:25:48] 139.9, 125.1, 1.116
[15:25:49] 140.0, 125.1, 1.123
[15:25:50] 140.1, 125.1, 1.119
[15:25:51] 140.4, 125.0, 1.732
[15:25:52] 168.2, 125.1, 1.114
[15:25:53] 139.8, 125.1, 1.121
[15:25:54] 139.8, 125.1, 1.121
[15:25:55] 140.0, 125.1, 1.122
[15:25:56] 140.1, 125.0, 1.739
[15:25:57] 168.0, 125.1, 1.121
[15:25:58] 139.9, 125.1, 1.120
[15:25:59] 140.0, 125.1, 1.118
[15:26:00] 140.1, 125.1, 1.124
[15:26:01] 140.3, 125.0, 2.546
[15:26:02] 178.9, 125.1, 1.050
[15:26:03] 132.7, 125.1, 1.114
[15:26:04] 138.5, 125.1, 1.123
[15:26:05] 138.7, 125.1, 1.121
[15:26:06] 138.9, 125.0, 2.737
[15:26:07] 178.0, 125.2, 1.047
[15:26:08] 132.5, 125.1, 1.105
[15:26:09] 138.1, 125.1, 1.123
[15:26:10] 138.4, 125.1, 1.121
[15:26:11] 138.8, 124.9, 3.380
[15:26:12] 178.5, 125.1, 1.046
[15:26:13] 144.6, 125.1, 1.114
[15:26:14] 137.9, 125.1, 1.116
[15:26:15] 138.2, 125.1, 1.114
[15:26:16] 138.5, 125.1, 1.123
[15:26:17] 172.3, 125.1, 1.078
[15:26:18] 160.9, 125.1, 1.109
[15:26:19] 137.2, 125.1, 1.123
[15:26:20] 137.6, 125.0, 1.120
[15:26:21] 138.0, 125.0, 1.123
[15:26:22] 138.4, 125.0, 1.535
[15:26:23] 215.1, 125.1, 1.107
[15:26:24] 134.5, 125.1, 1.111
[15:26:25] 140.1, 125.0, 1.127
[15:26:26] 140.1, 125.0, 1.126
[15:26:27] 140.2, 125.0, 2.197
[15:26:28] 195.7, 125.0, 1.559
[15:26:29] 208.4, 125.1, 1.119
[15:26:30] 139.2, 125.2, 1.116
[15:26:31] 139.3, 125.1, 1.119
[15:26:32] 139.5, 125.1, 1.115
[15:26:33] 139.6, 125.0, 2.007
[15:26:34] 200.9, 125.0, 1.891
[15:26:35] 238.1, 125.1, 1.659
[15:26:36] 211.6, 125.1, 1.120
[15:26:37] 140.1, 125.0, 1.121
[15:26:38] 140.1, 125.0, 1.116
[15:26:39] 140.2, 125.1, 1.124
[15:26:40] 140.2, 125.0, 1.878
[15:26:41] 211.1, 124.9, 1.884
[15:26:42] 237.3, 125.0, 1.959
[15:26:43] 246.0, 125.0, 1.961
[15:26:44] 246.0, 125.1, 1.086
[15:26:45] 192.1, 125.1, 1.125
[15:26:46] 140.5, 125.1, 1.124
[15:26:47] 140.5, 125.2, 1.120
[15:26:48] 140.5, 125.1, 1.115
[15:26:49] 140.5, 125.0, 1.923
[15:26:50] 229.2, 125.0, 1.895
[15:26:51] 239.5, 125.0, 1.960
[15:26:52] 246.0, 125.0, 1.959
[15:26:53] 246.0, 125.0, 1.961
[15:26:54] 246.1, 125.0, 1.957
[15:26:55] 246.1, 125.0, 1.961
[15:26:56] 246.1, 125.0, 1.956
[15:26:57] 245.6, 125.2, 1.118
[15:26:58] 155.1, 125.2, 1.107
[15:26:59] 140.8, 125.1, 1.121
[15:27:00] 140.7, 125.1, 1.116
[15:27:01] 140.7, 125.1, 1.131
[15:27:02] 172.9, 125.0, 1.899
[15:27:03] 235.3, 125.0, 1.949
[15:27:04] 242.6, 125.0, 1.959
[15:27:05] 243.0, 125.0, 1.958
[15:27:06] 243.4, 125.0, 1.952
[15:27:07] 243.7, 125.0, 1.960
[15:27:08] 244.1, 125.0, 1.964
[15:27:09] 244.4, 125.0, 1.956
[15:27:10] 244.7, 125.0, 1.967
[15:27:11] 245.0, 125.0, 1.966
[15:27:12] 245.2, 125.0, 1.966
[15:27:13] 245.4, 125.0, 1.964
[15:27:14] 245.6, 125.0, 1.964
[15:27:15] 245.7, 125.0, 1.963
[15:27:16] 245.8, 125.0, 1.947
[15:27:17] 245.9, 125.1, 1.127
[15:27:18] 155.1, 125.0, 1.122
[15:27:19] 141.2, 125.1, 1.119
[15:27:20] 141.2, 125.1, 1.122
[15:27:21] 141.2, 125.1, 1.131
