<<<[02:09:59] 140.5, 126.4, 1.101
[02:10:00] 140.4, 126.3, 1.102
[02:10:01] 140.5, 126.4, 1.110
[02:10:02] 140.6, 126.3, 1.179
[02:10:03] 149.9, 126.3, 1.107
[02:10:04] 141.6, 126.3, 1.107
[02:10:05] 141.6, 126.3, 1.122
[02:10:06] 141.7, 126.3, 1.125
[02:10:07] 142.0, 126.3, 1.130
[02:10:08] 142.3, 126.3, 1.123
[02:10:09] 169.1, 126.3, 1.112
[02:10:10] 141.6, 126.3, 1.109
[02:10:11] 141.5, 126.3, 1.114
[02:10:12] 141.5, 126.3, 1.113
[02:10:13] 141.6, 126.3, 1.131
[02:10:14] 169.3, 126.3, 1.122
[02:10:15] 142.3, 126.3, 1.116
[02:10:16] 142.2, 126.3, 1.104
[02:10:17] 142.0, 126.3, 1.111
[02:10:18] 142.0, 126.3, 1.131
[02:10:19] 168.2, 126.3, 1.104
[02:10:20] 140.7, 126.3, 1.097
[02:10:21] 140.7, 126.3, 1.109
[02:10:22] 140.7, 126.3, 1.104
[02:10:23] 140.8, 126.3, 1.119
[02:10:24] 168.2, 126.4, 1.102
[02:10:25] 140.5, 126.3, 1.103
[02:10:26] 140.5, 126.3, 1.099
[02:10:27] 140.4, 126.3, 1.098
[02:10:28] 140.4, 126.3, 1.117
[02:10:29] 167.5, 126.3, 1.099
[02:10:30] 140.3, 126.3, 1.101
[02:10:31] 140.2, 126.3, 1.107
[02:10:32] 140.3, 126.3, 1.103
[02:10:33] 140.3, 126.3, 1.122
[02:10:34] 167.1, 126.3, 1.099
[02:10:35] 139.9, 126.3, 1.100
[02:10:36] 139.9, 126.3, 1.095
[02:10:37] 139.8, 126.3, 1.104
[02:10:38] 139.9, 126.3, 1.053
[02:10:39] 172.7, 126.3, 1.101
[02:10:40] 134.7, 126.3, 1.100
[02:10:41] 139.8, 126.3, 1.103
[02:10:42] 139.9, 126.3, 1.100
[02:10:43] 139.9, 126.3, 1.057
[02:10:44] 171.1, 126.3, 1.088
[02:10:45] 134.1, 126.3, 1.091
[02:10:46] 139.6, 126.3, 1.094
[02:10:47] 139.6, 126.3, 1.090
[02:10:48] 139.6, 126.3, 1.019
[02:10:49] 181.0, 126.4, 1.032
[02:10:50] 133.4, 126.3, 1.098
[02:10:51] 139.8, 126.4, 1.099
[02:10:52] 139.8, 126.4, 1.095
[02:10:53] 139.8, 126.3, 1.743
[02:10:54] 200.9, 126.3, 1.028
[02:10:55] 132.7, 126.3, 1.090
[02:10:56] 139.6, 126.3, 1.089
[02:10:57] 139.6, 126.3, 1.091
[02:10:58] 139.6, 126.3, 1.137
[02:10:59] 173.8, 126.3, 1.561
[02:11:00] 200.2, 126.3, 1.097
[02:11:01] 136.1, 126.3, 1.103
[02:11:02] 136.6, 126.3, 1.103
[02:11:03] 137.0, 126.4, 1.095
[02:11:04] 137.4, 126.3, 2.365
[02:11:05] 186.8, 126.3, 1.764
[02:11:06] 224.8, 126.4, 1.113
[02:11:07] 172.2, 126.4, 1.092
[02:11:08] 139.6, 126.4, 1.090
[02:11:09] 139.6, 126.4, 1.092
[02:11:10] 139.6, 126.4, 1.097
[02:11:11] 139.6, 126.3, 1.787
[02:11:12] 221.2, 126.3, 1.765
[02:11:13] 221.7, 126.3, 1.830
[02:11:14] 232.3, 126.4, 1.089
[02:11:15] 192.6, 126.3, 1.100
[02:11:16] 139.9, 126.3, 1.094
[02:11:17] 139.9, 126.3, 1.094
[02:11:18] 139.8, 126.3, 1.095
[02:11:19] 139.8, 126.2, 1.749
[02:11:20] 205.3, 126.2, 1.763
[02:11:21] 223.9, 126.2, 1.830
[02:11:22] 232.1, 126.2, 1.832
[02:11:23] 232.1, 126.3, 1.831
[02:11:24] 232.1, 126.3, 1.829
[02:11:25] 232.2, 126.3, 1.814
[02:11:26] 231.6, 126.3, 1.103
[02:11:27] 142.5, 126.3, 1.096
[02:11:28] 142.1, 126.4, 1.095
[02:11:29] 141.8, 126.3, 1.097
[02:11:30] 141.6, 126.2, 1.661
[02:11:31] 174.2, 126.3, 1.765
[02:11:32] 221.8, 126.3, 1.828
[02:11:33] 229.4, 126.3, 1.827
[02:11:34] 229.7, 126.3, 1.833
[02:11:35] 230.1, 126.3, 1.829
[02:11:36] 230.3, 126.3, 1.828
[02:11:37] 230.6, 126.3, 1.827
[02:11:38] 230.7, 126.3, 1.827
[02:11:39] 230.9, 126.3, 1.828
[02:11:40] 231.1, 126.3, 1.828
[02:11:41] 231.2, 126.3, 1.830
[02:11:42] 231.4, 126.3, 1.826
[02:11:43] 231.5, 126.4, 1.088
[02:11:44] 194.8, 126.4, 1.099
[02:11:45] 140.1, 126.4, 1.096
[02:11:46] 140.1, 126.4, 1.096
[02:11:47] 140.1, 126.4, 1.107
