<<<[20:51:01] 140.5, 125.8, 1.109
[20:51:02] 140.7, 125.7, 1.117
[20:51:03] 140.8, 125.8, 1.110
[20:51:04] 140.9, 125.8, 1.248
[20:51:05] 153.3, 125.8, 1.278
[20:51:06] 153.7, 125.8, 1.271
[20:51:07] 161.1, 125.8, 1.230
[20:51:08] 160.8, 125.7, 1.276
[20:51:09] 160.8, 125.8, 1.230
[20:51:10] 160.6, 125.8, 1.273
[20:51:11] 160.4, 125.7, 1.266
[20:51:12] 160.2, 125.8, 1.273
[20:51:13] 160.1, 125.8, 1.267
[20:51:14] 160.0, 125.8, 1.210
[20:51:15] 159.7, 125.8, 1.248
[20:51:16] 159.7, 125.8, 1.216
[20:51:17] 159.7, 125.8, 1.260
[20:51:18] 159.8, 125.9, 1.269
[20:51:19] 159.9, 125.9, 1.258
[20:51:20] 159.7, 125.8, 1.269
[20:51:21] 159.8, 125.8, 1.266
[20:51:22] 159.9, 125.9, 1.243
[20:51:23] 159.9, 125.8, 1.216
[20:51:24] 159.6, 125.7, 1.269
[20:51:25] 159.6, 125.8, 1.263
[20:51:26] 159.7, 125.7, 1.271
[20:51:27] 159.7, 125.7, 1.271
[20:51:28] 159.8, 125.7, 1.248
[20:51:29] 159.7, 125.7, 1.273
[20:51:30] 159.9, 125.7, 1.211
[20:51:31] 159.6, 125.7, 1.276
[20:51:32] 159.6, 125.7, 1.264
[20:51:33] 159.2, 125.6, 1.253
[20:51:34] 159.4, 125.7, 1.293
[20:51:35] 159.3, 125.7, 1.248
[20:51:36] 159.2, 125.7, 1.260
[20:51:37] 159.3, 125.7, 1.248
[20:51:38] 159.2, 125.7, 1.320
[20:51:39] 159.4, 125.7, 1.267
[20:51:40] 159.4, 125.7, 1.253
[20:51:41] 159.3, 125.7, 1.324
[20:51:42] 159.4, 125.7, 1.249
[20:51:43] 159.2, 125.7, 1.264
[20:51:44] 159.1, 125.7, 1.318
[20:51:45] 159.7, 125.7, 1.243
[20:51:46] 159.7, 125.8, 1.278
[20:51:47] 159.6, 125.8, 1.239
[20:51:48] 159.4, 125.8, 1.233
[20:51:49] 159.4, 125.8, 1.251
[20:51:50] 159.2, 125.8, 1.236
[20:51:51] 159.2, 125.7, 1.316
[20:51:52] 159.4, 125.7, 1.238
[20:51:53] 159.3, 125.7, 1.286
[20:51:54] 159.1, 125.7, 1.237
[20:51:55] 159.0, 125.8, 1.239
[20:51:56] 159.0, 125.7, 1.242
[20:51:57] 158.9, 125.7, 1.244
[20:51:58] 158.9, 125.8, 1.317
[20:51:59] 159.1, 125.8, 1.269
[20:52:00] 159.7, 125.8, 1.080
[20:52:01] 140.5, 125.8, 1.095
[20:52:02] 140.4, 125.8, 1.101
[20:52:03] 140.3, 125.8, 1.098
[20:52:04] 140.2, 125.8, 1.117
[20:52:05] 140.3, 125.8, 1.032
[20:52:06] 177.2, 125.8, 1.094
[20:52:07] 134.5, 125.7, 1.105
[20:52:08] 139.8, 125.8, 1.104
[20:52:09] 139.8, 125.8, 1.108
[20:52:10] 139.9, 125.8, 1.026
[20:52:11] 176.0, 125.8, 1.089
[20:52:12] 134.3, 125.8, 1.101
[20:52:13] 139.9, 125.8, 1.106
[20:52:14] 139.9, 125.8, 1.107
[20:52:15] 139.9, 125.8, 1.032
[20:52:16] 178.0, 125.8, 1.072
[20:52:17] 134.0, 125.8, 1.103
[20:52:18] 139.8, 125.8, 1.099
[20:52:19] 139.8, 125.8, 1.107
[20:52:20] 139.8, 125.8, 1.256
[20:52:21] 192.4, 125.8, 1.045
[20:52:22] 134.3, 125.8, 1.098
[20:52:23] 139.8, 125.8, 1.105
[20:52:24] 139.8, 125.8, 1.101
[20:52:25] 139.8, 125.7, 1.767
[20:52:26] 213.6, 125.8, 1.038
[20:52:27] 130.5, 125.8, 1.101
[20:52:28] 139.8, 125.8, 1.098
[20:52:29] 139.8, 125.8, 1.106
[20:52:30] 139.8, 125.6, 3.389
[20:52:31] 202.0, 125.8, 1.024
[20:52:32] 193.0, 125.8, 1.101
[20:52:33] 137.4, 125.8, 1.099
[20:52:34] 137.7, 125.7, 1.104
[20:52:35] 138.0, 125.8, 1.104
[20:52:36] 138.2, 125.5, 2.346
[20:52:37] 262.7, 125.8, 1.272
[20:52:38] 224.5, 125.8, 1.102
[20:52:39] 140.3, 125.7, 1.104
[20:52:40] 140.2, 125.7, 1.106
[20:52:41] 140.1, 125.7, 1.107
[20:52:42] 140.2, 125.6, 2.282
[20:52:43] 233.9, 125.6, 2.309
[20:52:44] 291.3, 125.6, 2.371
[20:52:45] 285.3, 125.7, 1.102
[20:52:46] 147.4, 125.8, 1.099
[20:52:47] 140.1, 125.8, 1.098
[20:52:48] 140.0, 125.7, 1.107
[20:52:49] 140.0, 125.7, 1.106
[20:52:50] 181.8, 125.6, 2.315
[20:52:51] 289.1, 125.6, 2.374
[20:52:52] 296.2, 125.6, 2.379
[20:52:53] 296.6, 125.6, 2.379
[20:52:54] 297.1, 125.7, 1.604
[20:52:55] 257.8, 125.8, 1.107
[20:52:56] 137.8, 125.8, 1.098
[20:52:57] 138.0, 125.8, 1.112
[20:52:58] 138.3, 125.7, 1.106
[20:52:59] 138.5, 125.6, 2.438
[20:53:00] 220.9, 125.6, 2.314
[20:53:01] 292.2, 125.5, 2.379
[20:53:02] 298.9, 125.6, 2.381
[20:53:03] 299.0, 125.6, 2.379
[20:53:04] 299.2, 125.6, 2.384
[20:53:05] 299.3, 125.6, 2.379
[20:53:06] 299.5, 125.6, 2.381
[20:53:07] 299.5, 125.6, 2.379
[20:53:08] 299.6, 125.7, 2.380
[20:53:09] 299.8, 125.8, 1.116
[20:53:10] 165.3, 125.8, 1.101
[20:53:11] 140.3, 125.8, 1.106
[20:53:12] 140.2, 125.8, 1.102
[20:53:13] 140.2, 125.8, 1.108
[20:53:14] 140.2, 125.6, 2.314
[20:53:15] 304.3, 125.6, 2.385
[20:53:16] 295.4, 125.6, 2.381
[20:53:17] 295.9, 125.6, 2.381
[20:53:18] 296.5, 125.6, 2.383
[20:53:19] 297.0, 125.6, 2.384
[20:53:20] 297.5, 125.6, 2.384
[20:53:21] 297.9, 125.6, 2.385
[20:53:22] 298.2, 125.6, 2.385
[20:53:23] 298.6, 125.7, 2.383
[20:53:24] 298.8, 125.7, 2.386
[20:53:25] 299.1, 125.6, 2.387
[20:53:26] 299.4, 125.6, 2.387
[20:53:27] 299.5, 125.6, 2.387
[20:53:28] 299.7, 125.6, 2.387
[20:53:29] 299.9, 125.6, 2.388
[20:53:30] 300.0, 125.6, 2.388
[20:53:31] 300.2, 125.6, 2.390
[20:53:32] 300.3, 125.7, 2.387
[20:53:33] 291.8, 125.8, 1.110
[20:53:34] 139.0, 125.8, 1.109
[20:53:35] 139.1, 125.8, 1.103
[20:53:36] 139.3, 125.8, 1.102
