<<<[10:03:01] 141.9, 125.8, 1.110
[10:03:02] 141.8, 125.8, 1.116
[10:03:03] 141.8, 125.8, 1.110
[10:03:04] 141.7, 125.8, 1.116
[10:03:05] 141.9, 125.7, 1.244
[10:03:06] 158.0, 125.8, 1.235
[10:03:07] 157.8, 125.8, 1.245
[10:03:08] 157.7, 125.8, 1.125
[10:03:09] 142.5, 125.7, 1.127
[10:03:10] 142.5, 125.8, 1.136
[10:03:11] 142.7, 125.8, 1.126
[10:03:12] 142.8, 125.8, 1.123
[10:03:13] 143.1, 125.7, 1.111
[10:03:14] 164.0, 125.8, 1.099
[10:03:15] 139.8, 125.8, 1.104
[10:03:16] 139.8, 125.8, 1.101
[10:03:17] 139.8, 125.7, 1.108
[10:03:18] 140.1, 125.8, 1.109
[10:03:19] 164.4, 125.8, 1.097
[10:03:20] 139.6, 125.8, 1.098
[10:03:21] 139.5, 125.7, 1.105
[10:03:22] 139.6, 125.8, 1.102
[10:03:23] 139.9, 125.8, 1.108
[10:03:24] 164.2, 125.8, 1.100
[10:03:25] 139.6, 125.8, 1.104
[10:03:26] 139.6, 125.7, 1.102
[10:03:27] 139.6, 125.7, 1.097
[10:03:28] 146.5, 125.8, 1.053
[10:03:29] 166.4, 125.7, 1.103
[10:03:30] 135.2, 125.7, 1.100
[10:03:31] 135.7, 125.8, 1.100
[10:03:32] 136.3, 125.8, 1.096
[10:03:33] 142.1, 125.8, 1.055
[10:03:34] 170.7, 125.7, 1.101
[10:03:35] 135.4, 125.7, 1.099
[10:03:36] 135.9, 125.7, 1.100
[10:03:37] 136.4, 125.8, 1.101
[10:03:38] 136.8, 125.8, 1.051
[10:03:39] 173.4, 125.7, 1.104
[10:03:40] 135.2, 125.7, 1.102
[10:03:41] 135.7, 125.7, 1.103
[10:03:42] 136.2, 125.7, 1.105
[10:03:43] 136.7, 125.7, 0.992
[10:03:44] 190.6, 125.7, 1.094
[10:03:45] 134.1, 125.7, 1.107
[10:03:46] 139.8, 125.7, 1.105
[10:03:47] 139.8, 125.7, 1.102
[10:03:48] 139.8, 125.7, 1.406
[10:03:49] 207.3, 125.8, 1.036
[10:03:50] 133.4, 125.8, 1.100
[10:03:51] 139.8, 125.7, 1.098
[10:03:52] 139.7, 125.7, 1.098
[10:03:53] 139.7, 125.6, 2.260
[10:03:54] 230.3, 125.8, 1.057
[10:03:55] 156.6, 125.7, 1.097
[10:03:56] 139.0, 125.7, 1.100
[10:03:57] 139.0, 125.7, 1.100
[10:03:58] 139.1, 125.7, 1.100
[10:03:59] 139.2, 125.5, 2.284
[10:04:00] 302.3, 125.7, 1.120
[10:04:01] 163.5, 125.7, 1.099
[10:04:02] 139.8, 125.7, 1.108
[10:04:03] 139.8, 125.7, 1.098
[10:04:04] 139.7, 125.7, 1.098
[10:04:05] 139.7, 125.7, 1.106
[10:04:06] 294.7, 125.6, 2.355
[10:04:07] 294.2, 125.7, 1.111
[10:04:08] 176.0, 125.7, 1.101
[10:04:09] 139.8, 125.8, 1.101
[10:04:10] 139.7, 125.8, 1.099
[10:04:11] 139.8, 125.7, 1.098
[10:04:12] 139.7, 125.6, 2.287
[10:04:13] 283.1, 125.6, 2.344
[10:04:14] 290.7, 125.6, 2.345
[10:04:15] 291.3, 125.6, 2.349
[10:04:16] 291.9, 125.7, 1.061
[10:04:17] 204.6, 125.7, 1.102
[10:04:18] 139.6, 125.7, 1.105
[10:04:19] 139.6, 125.7, 1.098
[10:04:20] 139.6, 125.7, 1.096
[10:04:21] 139.6, 125.5, 2.326
[10:04:22] 260.5, 125.5, 2.286
[10:04:29] 296.1, 125.5, 2.355
wattsup: [error] Reading final time stamp: Bad address
[10:04:36] 289.1, 125.5, 2.351
wattsup: [error] Reading final time stamp: Bad address
[10:04:43] 296.1, 125.6, 2.357
wattsup: [error] Reading final time stamp: Bad address
[10:04:50] 296.6, 125.6, 2.358
[10:04:52] 140.3, 125.7, 1.103
[10:04:53] 140.2, 125.8, 1.108
[10:04:54] 140.3, 125.8, 1.104
