<<<[18:04:51] 140.7, 125.5, 1.121
[18:04:52] 140.9, 125.6, 1.142
[18:04:53] 141.2, 125.5, 1.154
[18:04:54] 141.7, 125.5, 1.190
[18:04:55] 154.8, 125.5, 1.183
[18:04:56] 154.2, 125.5, 1.174
[18:04:57] 153.6, 125.5, 1.166
[18:04:58] 148.3, 125.5, 1.165
[18:04:59] 148.1, 125.5, 1.678
[18:05:00] 173.2, 125.5, 1.134
[18:05:01] 141.2, 125.5, 1.143
[18:05:02] 141.5, 125.5, 1.141
[18:05:03] 141.8, 125.5, 1.126
[18:05:04] 142.0, 125.4, 1.702
[18:05:05] 171.8, 125.4, 1.124
[18:05:06] 140.7, 125.4, 1.118
[18:05:07] 140.8, 125.5, 1.117
[18:05:08] 140.8, 125.5, 1.113
[18:05:09] 140.9, 125.4, 1.700
[18:05:10] 170.9, 125.4, 1.112
[18:05:11] 139.0, 125.4, 1.113
[18:05:12] 139.2, 125.4, 1.119
[18:05:13] 139.5, 125.4, 1.121
[18:05:14] 139.7, 125.3, 1.700
[18:05:15] 170.4, 125.4, 1.111
[18:05:16] 138.5, 125.5, 1.109
[18:05:17] 138.7, 125.4, 1.111
[18:05:18] 139.0, 125.4, 1.112
[18:05:19] 139.2, 125.3, 1.707
[18:05:20] 170.9, 125.4, 1.110
[18:05:21] 138.5, 125.4, 1.108
[18:05:22] 138.7, 125.4, 1.107
[18:05:23] 138.9, 125.4, 1.114
[18:05:24] 139.1, 125.3, 1.713
[18:05:25] 171.1, 125.4, 1.107
[18:05:26] 138.5, 125.4, 1.104
[18:05:27] 138.7, 125.4, 1.102
[18:05:28] 138.8, 125.4, 1.106
[18:05:29] 139.0, 125.3, 1.721
[18:05:30] 170.0, 125.4, 1.103
[18:05:31] 137.8, 125.4, 1.104
[18:05:32] 138.0, 125.4, 1.109
[18:05:33] 138.2, 125.4, 1.111
[18:05:34] 138.5, 125.3, 1.724
[18:05:35] 170.0, 125.2, 1.103
[18:05:36] 137.8, 125.4, 1.102
[18:05:37] 138.0, 125.4, 1.099
[18:05:38] 138.2, 125.4, 1.095
[18:05:39] 138.4, 125.3, 2.025
[18:05:40] 180.7, 125.4, 1.041
[18:05:41] 130.3, 125.4, 1.104
[18:05:42] 138.5, 125.4, 1.108
[18:05:43] 138.7, 125.4, 1.108
[18:05:44] 138.8, 125.4, 2.028
[18:05:45] 180.1, 125.5, 1.038
[18:05:46] 130.3, 125.5, 1.101
[18:05:47] 138.5, 125.5, 1.100
[18:05:48] 138.6, 125.5, 1.102
[18:05:49] 138.7, 125.4, 2.484
[18:05:50] 178.7, 125.4, 1.034
[18:05:51] 130.5, 125.5, 1.102
[18:05:52] 137.8, 125.5, 1.102
[18:05:53] 138.0, 125.5, 1.106
[18:05:54] 138.3, 125.3, 3.354
[18:05:55] 181.4, 125.5, 1.039
[18:05:56] 139.8, 125.5, 1.093
[18:05:57] 139.4, 125.5, 1.104
[18:05:58] 139.4, 125.5, 1.099
[18:05:59] 139.5, 125.5, 1.100
[18:06:00] 160.2, 125.5, 0.991
[18:06:01] 184.8, 125.5, 1.106
[18:06:02] 135.4, 125.4, 1.099
[18:06:03] 135.9, 125.4, 1.101
[18:06:04] 136.4, 125.4, 1.098
[18:06:05] 136.8, 125.3, 1.951
[18:06:06] 224.1, 125.4, 1.052
[18:06:07] 160.9, 125.5, 1.103
[18:06:08] 139.2, 125.4, 1.101
[18:06:09] 139.2, 125.4, 1.107
[18:06:10] 139.3, 125.5, 1.100
[18:06:11] 139.3, 125.3, 1.914
[18:06:12] 247.1, 125.3, 1.635
[18:06:13] 228.5, 125.4, 1.109
[18:06:14] 138.7, 125.4, 1.101
[18:06:15] 138.8, 125.4, 1.103
[18:06:16] 138.9, 125.4, 1.102
[18:06:17] 139.0, 125.3, 2.670
[18:06:18] 192.3, 125.3, 1.921
[18:06:19] 242.9, 125.3, 1.981
[18:06:20] 248.2, 125.3, 1.743
[18:06:21] 236.2, 125.5, 1.110
[18:06:22] 138.9, 125.5, 1.111
[18:06:23] 139.0, 125.5, 1.109
[18:06:24] 139.2, 125.5, 1.104
[18:06:25] 139.2, 125.3, 3.222
[18:06:26] 185.9, 125.4, 1.922
[18:06:27] 242.0, 125.4, 1.981
[18:06:28] 247.6, 125.4, 1.977
[18:06:29] 247.8, 125.4, 1.981
[18:06:30] 248.0, 125.4, 1.980
[18:06:31] 248.2, 125.3, 1.984
[18:06:32] 247.7, 125.4, 1.102
[18:06:33] 150.8, 125.4, 1.105
[18:06:34] 140.3, 125.4, 1.109
[18:06:35] 140.2, 125.4, 1.102
[18:06:36] 140.2, 125.4, 1.103
[18:06:37] 174.0, 125.3, 1.923
[18:06:38] 239.1, 125.3, 1.977
[18:06:39] 246.4, 125.3, 1.986
[18:06:40] 246.8, 125.3, 1.983
[18:06:41] 247.1, 125.2, 1.987
[18:06:42] 247.5, 125.3, 1.988
[18:06:43] 247.9, 125.3, 1.987
[18:06:44] 248.2, 125.3, 1.989
[18:06:45] 248.5, 125.3, 1.987
[18:06:46] 248.7, 125.3, 1.989
[18:06:47] 248.9, 125.3, 1.988
[18:06:48] 249.1, 125.3, 1.990
[18:06:49] 249.3, 125.5, 1.109
[18:06:50] 155.5, 125.4, 1.110
[18:06:51] 140.1, 125.4, 1.114
[18:06:52] 140.1, 125.4, 1.110
[18:06:53] 140.2, 125.5, 1.108
