<<<[07:37:20] 139.8, 126.0, 1.118
[07:37:21] 140.1, 126.0, 1.127
[07:37:22] 140.5, 125.9, 1.128
[07:37:23] 140.9, 125.9, 1.296
[07:37:24] 159.7, 125.9, 1.283
[07:37:25] 160.1, 125.8, 1.253
[07:37:26] 159.9, 125.9, 1.114
[07:37:27] 143.0, 125.9, 1.117
[07:37:28] 142.8, 125.9, 1.152
[07:37:29] 142.8, 125.9, 1.166
[07:37:30] 143.1, 125.9, 1.489
[07:37:31] 164.0, 125.9, 1.111
[07:37:32] 147.9, 125.9, 1.104
[07:37:33] 140.3, 125.9, 1.107
[07:37:34] 140.3, 125.9, 1.112
[07:37:35] 140.4, 125.8, 1.448
[07:37:36] 160.9, 125.9, 1.111
[07:37:37] 148.1, 125.9, 1.108
[07:37:38] 140.5, 125.9, 1.103
[07:37:39] 140.4, 125.9, 1.110
[07:37:40] 140.4, 125.8, 1.437
[07:37:41] 159.5, 125.9, 1.113
[07:37:42] 148.8, 125.9, 1.106
[07:37:43] 140.1, 125.9, 1.110
[07:37:44] 140.1, 125.9, 1.102
[07:37:45] 140.1, 125.8, 1.414
[07:37:46] 159.3, 125.9, 1.106
[07:37:47] 147.9, 125.8, 1.108
[07:37:48] 140.1, 125.9, 1.106
[07:37:49] 140.1, 125.9, 1.107
[07:37:50] 140.1, 125.9, 1.395
[07:37:51] 158.8, 125.9, 1.110
[07:37:52] 149.0, 125.9, 1.115
[07:37:53] 140.3, 125.9, 1.113
[07:37:54] 140.3, 125.9, 1.110
[07:37:55] 140.3, 125.8, 1.374
[07:37:56] 158.4, 125.9, 1.102
[07:37:57] 149.0, 125.9, 1.108
[07:37:58] 140.3, 125.9, 1.104
[07:37:59] 140.3, 125.9, 1.106
[07:38:00] 140.3, 125.9, 1.351
[07:38:01] 158.0, 126.0, 1.105
[07:38:02] 149.2, 126.0, 1.102
[07:38:03] 139.8, 126.0, 1.105
[07:38:04] 139.7, 126.0, 1.102
[07:38:05] 139.7, 125.8, 2.875
[07:38:06] 172.2, 126.0, 1.038
[07:38:07] 139.6, 126.0, 1.100
[07:38:08] 139.2, 126.0, 1.104
[07:38:09] 139.3, 126.0, 1.104
[07:38:10] 139.4, 125.7, 2.219
[07:38:11] 172.2, 126.0, 1.042
[07:38:12] 139.6, 126.0, 1.100
[07:38:13] 139.2, 126.0, 1.097
[07:38:14] 139.3, 126.0, 1.093
[07:38:15] 139.3, 126.0, 1.099
[07:38:16] 170.5, 126.0, 1.058
[07:38:17] 153.2, 126.0, 1.103
[07:38:18] 136.1, 126.0, 1.105
[07:38:19] 136.5, 126.0, 1.108
[07:38:20] 136.9, 126.0, 1.104
[07:38:21] 137.4, 126.0, 0.991
[07:38:22] 195.0, 126.0, 1.103
[07:38:23] 135.1, 126.0, 1.101
[07:38:24] 135.6, 126.0, 1.099
[07:38:25] 136.1, 126.0, 1.098
[07:38:26] 136.6, 125.9, 1.649
[07:38:27] 219.6, 126.0, 1.041
[07:38:28] 132.0, 126.0, 1.102
[07:38:29] 139.6, 126.0, 1.109
[07:38:30] 139.6, 126.0, 1.116
[07:38:31] 139.9, 125.8, 3.082
[07:38:32] 187.2, 125.9, 1.547
[07:38:33] 223.9, 126.0, 1.104
[07:38:34] 136.3, 126.0, 1.103
[07:38:35] 136.7, 126.0, 1.101
[07:38:36] 137.1, 126.0, 1.100
[07:38:37] 137.4, 125.9, 2.376
[07:38:38] 194.8, 125.9, 1.903
[07:38:39] 241.7, 126.0, 1.542
[07:38:40] 208.2, 126.0, 1.107
[07:38:41] 141.0, 126.0, 1.107
[07:38:42] 140.8, 126.0, 1.099
[07:38:43] 140.7, 125.9, 1.104
[07:38:44] 140.6, 125.8, 1.886
[07:38:45] 212.2, 125.8, 1.903
[07:38:46] 240.8, 125.8, 1.966
[07:38:47] 248.4, 125.8, 1.962
[07:38:48] 248.4, 126.0, 1.118
[07:38:49] 170.0, 126.0, 1.103
[07:38:50] 140.7, 126.0, 1.099
[07:38:51] 140.6, 126.0, 1.098
[07:38:52] 140.5, 126.0, 1.102
[07:38:53] 140.5, 125.9, 1.902
[07:38:54] 244.7, 125.9, 1.956
[07:38:55] 244.5, 125.9, 1.963
[07:38:56] 244.9, 125.8, 1.962
[07:38:57] 245.3, 125.9, 1.963
[07:38:58] 245.6, 125.8, 1.966
[07:38:59] 246.0, 125.8, 1.966
[07:39:00] 246.3, 125.9, 1.567
[07:39:01] 211.6, 126.0, 1.108
[07:39:02] 141.0, 125.9, 1.106
[07:39:03] 140.8, 125.9, 1.107
[07:39:04] 140.8, 125.9, 1.101
[07:39:05] 140.6, 125.8, 1.888
[07:39:06] 209.3, 125.8, 1.899
[07:39:07] 240.2, 125.8, 1.965
[07:39:08] 248.5, 125.8, 1.968
[07:39:09] 248.5, 125.7, 1.970
[07:39:10] 248.5, 125.7, 1.971
[07:39:11] 248.6, 125.8, 1.971
[07:39:12] 248.6, 125.8, 1.972
[07:39:13] 248.7, 125.7, 1.973
[07:39:14] 248.8, 125.8, 1.973
[07:39:15] 248.9, 125.8, 1.972
[07:39:16] 248.9, 125.8, 1.970
[07:39:17] 248.9, 125.8, 1.969
[07:39:18] 249.0, 125.8, 1.971
[07:39:19] 249.0, 125.9, 1.970
[07:39:20] 249.0, 126.0, 1.110
[07:39:21] 156.4, 126.0, 1.101
[07:39:22] 140.7, 126.0, 1.107
[07:39:23] 140.6, 125.9, 1.113
[07:39:24] 140.5, 125.9, 1.111
