<<<[01:15:28] 140.3, 126.0, 1.106
[01:15:29] 140.3, 126.0, 1.112
[01:15:30] 140.4, 126.0, 1.117
[01:15:31] 140.6, 126.0, 1.122
[01:15:32] 140.9, 126.0, 1.120
[01:15:33] 141.0, 126.0, 1.127
[01:15:34] 141.2, 126.0, 1.129
[01:15:35] 141.5, 126.0, 1.133
[01:15:36] 141.8, 126.0, 1.109
[01:15:37] 170.9, 126.0, 1.124
[01:15:38] 143.4, 126.0, 1.110
[01:15:39] 143.2, 126.0, 1.108
[01:15:40] 143.0, 126.1, 1.112
[01:15:41] 142.8, 126.1, 1.094
[01:15:42] 169.3, 126.1, 1.113
[01:15:43] 141.6, 126.1, 1.142
[01:15:44] 141.9, 126.1, 1.122
[01:15:45] 142.0, 126.1, 1.120
[01:15:46] 142.0, 126.1, 1.082
[01:15:47] 168.7, 126.1, 1.102
[01:15:48] 140.7, 126.0, 1.104
[01:15:49] 140.7, 126.0, 1.106
[01:15:50] 140.7, 126.0, 1.108
[01:15:51] 140.7, 126.1, 1.084
[01:15:52] 168.7, 126.0, 1.108
[01:15:53] 140.7, 126.1, 1.111
[01:15:54] 140.7, 126.1, 1.108
[01:15:55] 140.7, 126.0, 1.103
[01:15:56] 140.7, 126.1, 1.117
[01:15:57] 154.2, 126.1, 1.103
[01:15:58] 140.7, 126.1, 1.102
[01:15:59] 140.6, 126.1, 1.098
[01:16:00] 140.5, 126.0, 1.100
[01:16:01] 140.4, 126.1, 1.108
[01:16:02] 154.4, 126.0, 1.093
[01:16:03] 139.9, 126.1, 1.102
[01:16:04] 139.9, 126.0, 1.105
[01:16:05] 140.0, 126.0, 1.100
[01:16:06] 140.0, 126.0, 1.111
[01:16:07] 154.1, 126.0, 1.099
[01:16:08] 139.8, 126.1, 1.100
[01:16:09] 139.8, 126.0, 1.105
[01:16:10] 139.8, 126.0, 1.099
[01:16:11] 139.8, 126.0, 1.078
[01:16:12] 168.0, 126.0, 1.100
[01:16:13] 139.9, 126.0, 1.095
[01:16:14] 139.9, 126.0, 1.098
[01:16:15] 139.9, 126.0, 1.098
[01:16:16] 139.9, 126.0, 1.071
[01:16:17] 167.1, 126.0, 1.097
[01:16:18] 139.8, 126.0, 1.099
[01:16:19] 139.8, 126.0, 1.098
[01:16:20] 139.7, 126.0, 1.102
[01:16:21] 139.7, 126.1, 1.080
[01:16:22] 168.0, 126.1, 1.104
[01:16:23] 139.6, 126.1, 1.102
[01:16:24] 139.6, 126.1, 1.107
[01:16:25] 139.7, 126.1, 1.097
[01:16:26] 139.8, 126.1, 1.068
[01:16:27] 167.3, 126.1, 1.095
[01:16:28] 139.4, 126.1, 1.096
[01:16:29] 139.4, 126.1, 1.105
[01:16:30] 139.4, 126.1, 1.094
[01:16:31] 139.5, 126.1, 1.071
[01:16:32] 166.4, 126.1, 1.100
[01:16:33] 139.6, 126.1, 1.097
[01:16:34] 139.6, 126.1, 1.104
[01:16:35] 139.7, 126.1, 1.095
[01:16:36] 139.7, 126.1, 1.076
[01:16:37] 165.8, 126.1, 1.095
[01:16:38] 139.6, 126.1, 1.098
[01:16:39] 139.5, 126.1, 1.097
[01:16:40] 139.5, 126.1, 1.102
[01:16:41] 139.5, 126.1, 1.016
[01:16:42] 172.0, 126.1, 1.037
[01:16:43] 133.2, 126.1, 1.097
[01:16:44] 139.6, 126.1, 1.101
[01:16:45] 139.6, 126.1, 1.096
[01:16:46] 139.6, 126.1, 1.375
[01:16:47] 180.7, 126.1, 1.030
[01:16:48] 132.9, 126.1, 1.093
[01:16:49] 139.4, 126.1, 1.096
[01:16:50] 139.4, 126.1, 1.096
[01:16:51] 139.4, 126.1, 1.723
[01:16:52] 191.3, 126.1, 1.039
[01:16:53] 141.0, 126.1, 1.095
[01:16:54] 140.8, 126.2, 1.104
[01:16:55] 140.6, 126.1, 1.092
[01:16:56] 140.5, 126.1, 1.103
[01:16:57] 170.2, 126.1, 1.341
[01:16:58] 183.9, 126.1, 1.094
[01:16:59] 136.7, 126.1, 1.097
[01:17:00] 137.0, 126.1, 1.092
[01:17:01] 137.3, 126.1, 1.123
[01:17:02] 137.9, 126.0, 1.725
[01:17:03] 193.7, 126.0, 1.662
[01:17:04] 209.4, 126.1, 1.100
[01:17:05] 148.4, 126.1, 1.108
[01:17:06] 141.4, 126.1, 1.119
[01:17:07] 141.5, 126.1, 1.126
[01:17:08] 141.8, 126.1, 1.230
[01:17:09] 176.9, 126.1, 1.671
[01:17:10] 209.4, 126.0, 1.741
[01:17:11] 216.9, 126.1, 1.412
[01:17:12] 196.1, 126.1, 1.104
[01:17:13] 141.2, 126.1, 1.108
[01:17:14] 141.2, 126.1, 1.103
[01:17:15] 141.2, 126.1, 1.107
[01:17:16] 141.1, 126.1, 1.671
[01:17:17] 196.1, 126.1, 1.669
[01:17:18] 211.8, 126.0, 1.733
[01:17:19] 219.2, 126.0, 1.734
[01:17:20] 219.2, 126.0, 1.731
[01:17:21] 219.3, 126.0, 1.634
[01:17:22] 212.7, 126.1, 1.099
[01:17:23] 137.9, 126.1, 1.102
[01:17:24] 138.2, 126.1, 1.100
[01:17:25] 138.4, 126.1, 1.103
[01:17:26] 138.7, 126.0, 2.064
[01:17:27] 186.1, 126.0, 1.677
[01:17:28] 213.3, 126.0, 1.738
[01:17:29] 219.0, 126.0, 1.737
[01:17:30] 219.1, 126.0, 1.741
[01:17:31] 219.2, 126.0, 1.735
[01:17:32] 219.4, 126.0, 1.736
[01:17:33] 219.5, 126.0, 1.746
[01:17:34] 219.6, 126.0, 1.736
[01:17:35] 219.7, 126.0, 1.736
[01:17:36] 219.8, 126.0, 1.737
[01:17:37] 219.8, 126.1, 1.097
[01:17:38] 161.1, 126.1, 1.096
[01:17:39] 139.9, 126.2, 1.097
[01:17:40] 139.8, 126.1, 1.098
[01:17:41] 139.8, 126.1, 1.100
