<<<[22:31:20] 140.0, 125.7, 1.115
[22:31:21] 140.1, 125.8, 1.113
[22:31:22] 140.3, 125.8, 1.121
[22:31:23] 140.4, 125.8, 1.177
[22:31:24] 153.2, 125.8, 1.127
[22:31:25] 142.5, 125.8, 1.121
[22:31:26] 142.4, 125.8, 1.118
[22:31:27] 142.4, 125.8, 1.133
[22:31:28] 142.5, 125.7, 1.315
[22:31:29] 159.9, 125.7, 1.115
[22:31:30] 152.2, 125.8, 1.112
[22:31:31] 141.8, 125.8, 1.110
[22:31:32] 141.7, 125.8, 1.115
[22:31:33] 141.7, 125.8, 1.248
[22:31:34] 157.3, 125.8, 1.111
[22:31:35] 152.2, 125.8, 1.119
[22:31:36] 142.3, 125.8, 1.116
[22:31:37] 142.2, 125.8, 1.114
[22:31:38] 142.1, 125.8, 1.222
[22:31:39] 156.2, 125.8, 1.102
[22:31:40] 155.6, 125.8, 1.107
[22:31:41] 140.1, 125.8, 1.108
[22:31:42] 140.1, 125.8, 1.109
[22:31:43] 140.2, 125.8, 1.207
[22:31:44] 156.2, 125.8, 1.105
[22:31:45] 155.7, 125.7, 1.107
[22:31:46] 140.3, 125.7, 1.108
[22:31:47] 140.2, 125.8, 1.104
[22:31:48] 140.2, 125.7, 1.185
[22:31:49] 155.0, 125.8, 1.106
[22:31:50] 154.7, 125.8, 1.101
[22:31:51] 139.9, 125.8, 1.104
[22:31:52] 139.9, 125.8, 1.107
[22:31:53] 139.9, 125.8, 1.165
[22:31:54] 154.8, 125.8, 1.101
[22:31:55] 154.6, 125.8, 1.107
[22:31:56] 139.6, 125.8, 1.101
[22:31:57] 139.6, 125.8, 1.098
[22:31:58] 139.7, 125.8, 1.144
[22:31:59] 153.3, 125.7, 1.095
[22:32:00] 153.3, 125.8, 1.101
[22:32:01] 139.8, 125.8, 1.105
[22:32:02] 139.8, 125.7, 1.101
[22:32:03] 139.8, 125.8, 1.125
[22:32:04] 153.0, 125.8, 1.098
[22:32:05] 153.0, 125.8, 1.098
[22:32:06] 139.9, 125.8, 1.095
[22:32:07] 139.8, 125.8, 1.102
[22:32:08] 139.8, 125.8, 1.100
[22:32:09] 168.9, 125.7, 1.031
[22:32:10] 143.7, 125.8, 1.094
[22:32:11] 136.1, 125.8, 1.101
[22:32:12] 136.6, 125.7, 1.109
[22:32:13] 137.0, 125.8, 1.105
[22:32:14] 167.8, 125.8, 1.032
[22:32:15] 144.3, 125.8, 1.097
[22:32:16] 135.8, 125.8, 1.101
[22:32:17] 136.2, 125.8, 1.100
[22:32:18] 136.7, 125.8, 1.101
[22:32:19] 158.2, 125.8, 1.065
[22:32:20] 165.6, 125.8, 1.099
[22:32:21] 135.1, 125.8, 1.099
[22:32:22] 135.7, 125.8, 1.097
[22:32:23] 136.2, 125.8, 1.102
[22:32:24] 136.7, 125.8, 1.021
[22:32:25] 196.4, 125.8, 1.101
[22:32:26] 134.9, 125.8, 1.096
[22:32:27] 135.4, 125.8, 1.098
[22:32:28] 135.9, 125.8, 1.099
[22:32:29] 136.3, 125.7, 1.928
[22:32:30] 216.1, 125.8, 1.037
[22:32:31] 134.5, 125.7, 1.098
[22:32:32] 139.8, 125.8, 1.100
[22:32:33] 139.8, 125.8, 1.101
[22:32:34] 139.8, 125.6, 2.182
[22:32:35] 177.2, 125.7, 1.841
[22:32:36] 229.9, 125.8, 1.098
[22:32:37] 139.6, 125.8, 1.102
[22:32:38] 139.5, 125.8, 1.103
[22:32:39] 139.5, 125.8, 1.099
[22:32:40] 139.6, 125.6, 3.210
[22:32:41] 179.0, 125.7, 1.914
[22:32:42] 240.6, 125.8, 1.734
[22:32:43] 234.6, 125.9, 1.103
[22:32:44] 143.0, 125.8, 1.098
[22:32:45] 142.6, 125.8, 1.100
[22:32:46] 142.2, 125.8, 1.093
[22:32:47] 141.9, 125.7, 3.197
[22:32:48] 185.4, 125.7, 1.920
[22:32:49] 242.2, 125.7, 1.982
[22:32:50] 248.0, 125.7, 1.983
[22:32:51] 248.3, 125.8, 1.625
[22:32:52] 221.8, 125.8, 1.107
[22:32:53] 139.0, 125.7, 1.112
[22:32:54] 139.2, 125.7, 1.104
[22:32:55] 139.3, 125.7, 1.103
[22:32:56] 139.3, 125.6, 2.118
[22:32:57] 201.1, 125.6, 1.920
[22:32:58] 242.9, 125.6, 1.980
[22:32:59] 248.7, 125.7, 1.982
[22:33:00] 248.8, 125.6, 1.978
[22:33:01] 248.9, 125.6, 1.980
[22:33:02] 249.0, 125.7, 1.979
[22:33:03] 249.1, 125.7, 1.981
[22:33:04] 249.3, 125.7, 1.114
[22:33:05] 182.7, 125.8, 1.099
[22:33:06] 140.1, 125.8, 1.103
[22:33:07] 140.1, 125.7, 1.103
[22:33:08] 140.0, 125.7, 1.105
[22:33:09] 140.0, 125.6, 1.953
[22:33:10] 231.7, 125.7, 1.915
[22:33:11] 243.3, 125.7, 1.979
[22:33:12] 250.0, 125.6, 1.981
[22:33:13] 250.0, 125.7, 1.981
[22:33:14] 250.0, 125.7, 1.983
[22:33:15] 250.1, 125.7, 1.981
[22:33:16] 250.1, 125.7, 1.988
[22:33:17] 250.2, 125.7, 1.985
[22:33:18] 250.2, 125.7, 1.985
[22:33:19] 250.3, 125.7, 1.983
[22:33:20] 250.3, 125.6, 1.985
[22:33:21] 250.4, 125.7, 1.987
[22:33:22] 250.5, 125.7, 1.984
[22:33:23] 250.5, 125.7, 1.984
[22:33:24] 250.5, 125.9, 1.183
[22:33:25] 211.6, 125.8, 1.106
[22:33:26] 140.5, 125.8, 1.100
[22:33:27] 140.4, 125.8, 1.100
[22:33:28] 140.4, 125.8, 1.103
