<<<[16:01:14] 140.5, 125.1, 1.128
[16:01:15] 140.6, 125.1, 1.132
[16:01:16] 140.8, 125.1, 1.144
[16:01:17] 141.2, 125.1, 1.212
[16:01:18] 148.8, 125.0, 1.283
[16:01:19] 159.7, 125.0, 1.255
[16:01:20] 159.7, 125.1, 1.239
[16:01:21] 159.3, 125.1, 1.237
[16:01:22] 159.1, 125.1, 1.236
[16:01:23] 158.8, 125.0, 1.272
[16:01:24] 158.7, 125.1, 1.187
[16:01:25] 150.8, 125.1, 1.184
[16:01:26] 150.6, 125.1, 1.180
[16:01:27] 150.4, 125.1, 1.188
[16:01:28] 150.3, 125.1, 1.187
[16:01:29] 150.2, 125.2, 1.113
[16:01:30] 169.3, 125.1, 1.110
[16:01:31] 140.3, 125.1, 1.110
[16:01:32] 140.2, 125.1, 1.112
[16:01:33] 140.2, 125.1, 1.105
[16:01:34] 140.1, 125.1, 1.116
[16:01:35] 166.7, 125.1, 1.108
[16:01:36] 139.9, 125.1, 1.110
[16:01:37] 139.9, 125.1, 1.102
[16:01:38] 139.8, 125.1, 1.111
[16:01:39] 139.9, 125.1, 1.084
[16:01:40] 176.1, 125.1, 1.042
[16:01:41] 133.1, 125.1, 1.105
[16:01:42] 139.8, 125.1, 1.108
[16:01:43] 139.8, 125.1, 1.107
[16:01:44] 139.8, 125.1, 1.090
[16:01:45] 175.8, 125.1, 1.036
[16:01:46] 132.7, 125.1, 1.110
[16:01:47] 140.1, 125.1, 1.101
[16:01:48] 140.0, 125.1, 1.108
[16:01:49] 140.0, 125.0, 1.585
[16:01:50] 190.8, 125.0, 1.039
[16:01:51] 131.1, 125.1, 1.101
[16:01:52] 139.8, 125.1, 1.103
[16:01:53] 139.7, 125.0, 1.102
[16:01:54] 139.7, 125.0, 2.045
[16:01:55] 199.7, 125.1, 1.044
[16:01:56] 135.1, 125.1, 1.108
[16:01:57] 135.5, 125.1, 1.104
[16:01:58] 136.1, 125.1, 1.107
[16:01:59] 136.6, 124.8, 3.199
[16:02:00] 182.1, 125.0, 1.084
[16:02:01] 193.2, 125.0, 1.108
[16:02:02] 137.2, 125.0, 1.112
[16:02:03] 137.5, 125.0, 1.105
[16:02:04] 137.7, 125.0, 1.108
[16:02:05] 138.0, 124.9, 2.107
[16:02:06] 236.2, 125.0, 1.087
[16:02:07] 200.6, 125.0, 1.108
[16:02:08] 140.3, 125.0, 1.108
[16:02:09] 140.2, 125.0, 1.109
[16:02:10] 140.1, 125.0, 1.110
[16:02:11] 140.1, 124.8, 2.072
[16:02:12] 226.8, 124.9, 2.071
[16:02:13] 260.3, 124.9, 1.623
[16:02:14] 232.1, 125.0, 1.116
[16:02:15] 138.9, 125.0, 1.109
[16:02:16] 139.0, 125.0, 1.108
[16:02:17] 139.1, 125.0, 1.105
[16:02:18] 139.2, 124.9, 2.158
[16:02:19] 209.3, 124.9, 2.073
[16:02:20] 260.9, 124.8, 2.138
[16:02:21] 267.0, 124.9, 2.140
[16:02:22] 267.2, 124.9, 2.140
[16:02:23] 259.0, 124.9, 1.115
[16:02:24] 143.2, 124.9, 1.112
[16:02:25] 142.7, 125.0, 1.109
[16:02:26] 142.4, 125.0, 1.115
[16:02:27] 142.1, 125.1, 1.109
[16:02:28] 177.2, 124.9, 2.072
[16:02:29] 257.6, 124.9, 2.136
[16:02:30] 265.0, 124.9, 2.140
[16:02:31] 265.4, 124.9, 2.139
[16:02:32] 265.8, 124.9, 2.137
[16:02:33] 266.1, 125.0, 2.139
[16:02:34] 266.4, 124.9, 2.141
[16:02:35] 266.7, 124.9, 2.139
[16:02:36] 266.9, 125.1, 1.168
[16:02:37] 210.5, 125.1, 1.109
[16:02:38] 140.1, 125.1, 1.110
[16:02:39] 140.1, 125.1, 1.105
[16:02:40] 140.0, 125.0, 1.107
[16:02:41] 140.0, 124.9, 2.055
[16:02:42] 224.5, 124.9, 2.074
[16:02:43] 260.1, 124.9, 2.138
[16:02:44] 268.5, 124.9, 2.143
[16:02:45] 268.5, 124.8, 2.144
[16:02:46] 268.5, 124.7, 2.145
[16:02:47] 268.5, 124.7, 2.146
[16:02:48] 268.6, 124.7, 2.145
[16:02:49] 268.6, 124.7, 2.149
[16:02:50] 268.7, 124.7, 2.147
[16:02:51] 268.7, 124.7, 2.149
[16:02:52] 268.8, 124.8, 2.148
[16:02:53] 268.9, 124.8, 2.149
[16:02:54] 269.0, 124.9, 2.148
[16:02:55] 269.0, 124.9, 2.147
[16:02:56] 269.1, 124.9, 2.145
[16:02:57] 269.1, 125.0, 2.148
[16:02:58] 269.1, 125.1, 1.148
[16:02:59] 218.9, 125.2, 1.113
[16:03:00] 140.1, 125.2, 1.112
[16:03:01] 140.1, 125.1, 1.107
