<<<[19:28:36] 140.3, 126.1, 1.119
[19:28:37] 140.5, 126.0, 1.129
[19:28:38] 140.9, 126.0, 1.128
[19:28:39] 141.3, 126.0, 1.268
[19:28:40] 158.4, 126.0, 1.259
[19:28:41] 158.7, 126.0, 1.272
[19:28:42] 158.9, 125.9, 1.263
[19:28:43] 159.1, 125.9, 1.262
[19:28:44] 159.2, 126.0, 1.255
[19:28:45] 159.4, 125.9, 1.258
[19:28:46] 159.6, 125.9, 1.267
[19:28:47] 159.6, 125.9, 1.233
[19:28:48] 159.7, 125.9, 1.267
[19:28:49] 159.8, 125.9, 1.252
[19:28:50] 159.7, 125.9, 1.225
[19:28:51] 159.6, 125.9, 1.268
[19:28:52] 159.6, 126.0, 1.288
[19:28:53] 159.8, 126.0, 1.247
[19:28:54] 159.8, 125.9, 1.265
[19:28:55] 160.0, 126.0, 1.260
[19:28:56] 159.9, 126.0, 1.267
[19:28:57] 160.0, 126.0, 1.270
[19:28:58] 160.0, 126.0, 1.256
[19:28:59] 160.1, 126.1, 1.241
[19:29:00] 160.0, 126.0, 1.228
[19:29:01] 159.8, 126.0, 1.237
[19:29:02] 159.6, 126.0, 1.256
[19:29:03] 159.4, 126.0, 1.241
[19:29:04] 159.2, 126.0, 1.295
[19:29:05] 159.3, 126.0, 1.242
[19:29:06] 159.2, 126.0, 1.228
[19:29:07] 159.0, 126.1, 1.252
[19:29:08] 159.1, 126.1, 1.234
[19:29:09] 158.8, 126.1, 1.237
[19:29:10] 158.7, 126.0, 1.311
[19:29:11] 159.0, 126.1, 1.219
[19:29:12] 159.2, 126.1, 1.240
[19:29:13] 159.0, 126.1, 1.231
[19:29:14] 158.9, 126.0, 1.306
[19:29:15] 158.8, 126.0, 1.230
[19:29:16] 158.6, 126.1, 1.244
[19:29:17] 158.5, 126.0, 1.236
[19:29:18] 158.5, 126.0, 1.233
[19:29:19] 158.6, 126.0, 1.274
[19:29:20] 158.5, 126.0, 1.230
[19:29:21] 158.4, 126.0, 1.232
[19:29:22] 158.4, 126.0, 1.230
[19:29:23] 158.3, 126.0, 1.253
[19:29:24] 158.2, 126.0, 1.306
[19:29:25] 158.5, 126.0, 1.256
[19:29:26] 159.0, 126.0, 1.244
[19:29:27] 159.2, 126.1, 1.241
[19:29:28] 159.0, 126.1, 1.225
[19:29:29] 158.6, 126.0, 1.178
[19:29:30] 149.0, 126.0, 1.185
[19:29:31] 149.1, 126.0, 1.154
[19:29:32] 148.9, 126.0, 1.159
[19:29:33] 148.7, 125.8, 3.316
[19:29:34] 180.3, 126.0, 1.033
[19:29:35] 141.6, 126.1, 1.103
[19:29:36] 141.0, 126.1, 1.105
[19:29:37] 140.9, 126.0, 1.104
[19:29:38] 140.7, 125.8, 2.282
[19:29:39] 174.5, 126.0, 1.032
[19:29:40] 141.2, 126.0, 1.096
[19:29:41] 140.6, 126.0, 1.105
[19:29:42] 140.5, 126.0, 1.099
[19:29:43] 140.4, 126.0, 1.099
[19:29:44] 175.4, 126.0, 1.066
[19:29:45] 155.0, 125.9, 1.106
[19:29:46] 136.7, 126.0, 1.099
[19:29:47] 137.1, 126.0, 1.106
[19:29:48] 137.4, 126.0, 1.096
[19:29:49] 138.0, 126.1, 0.985
[19:29:50] 206.0, 126.0, 1.101
[19:29:51] 135.6, 126.0, 1.100
[19:29:52] 136.1, 126.0, 1.099
[19:29:53] 136.5, 126.0, 1.103
[19:29:54] 136.9, 125.9, 1.731
[19:29:55] 245.3, 126.0, 1.046
[19:29:56] 133.1, 126.0, 1.103
[19:29:57] 139.8, 125.9, 1.107
[19:29:58] 139.8, 125.9, 1.103
[19:29:59] 139.8, 125.8, 3.154
[19:30:00] 205.1, 125.9, 1.449
[19:30:01] 241.5, 126.0, 1.105
[19:30:02] 138.5, 126.0, 1.100
[19:30:03] 138.7, 126.0, 1.100
[19:30:04] 138.8, 126.0, 1.104
[19:30:05] 139.0, 125.8, 2.574
[19:30:06] 220.7, 125.8, 2.347
[19:30:07] 297.4, 125.9, 1.576
[19:30:08] 229.0, 126.0, 1.103
[19:30:09] 140.3, 125.9, 1.102
[19:30:10] 140.3, 125.9, 1.102
[19:30:11] 140.2, 125.9, 1.101
[19:30:12] 140.2, 125.7, 2.361
[19:30:13] 250.4, 125.8, 2.340
[19:30:14] 296.9, 125.8, 2.414
[19:30:15] 305.6, 125.8, 2.416
[19:30:16] 305.5, 125.9, 1.125
[19:30:17] 167.6, 125.9, 1.114
[19:30:18] 140.1, 125.9, 1.102
[19:30:19] 140.1, 126.0, 1.103
[19:30:20] 140.1, 126.0, 1.096
[19:30:21] 140.0, 125.9, 2.331
[19:30:22] 310.8, 125.8, 2.421
[19:30:23] 300.3, 125.8, 2.416
[19:30:24] 300.9, 125.8, 2.418
[19:30:25] 301.5, 125.8, 2.419
[19:30:26] 302.0, 125.9, 2.419
[19:30:27] 302.4, 125.9, 2.419
[19:30:28] 302.8, 126.1, 1.065
[19:30:29] 205.8, 126.1, 1.108
[19:30:30] 140.1, 126.0, 1.100
[19:30:31] 140.1, 126.1, 1.099
[19:30:32] 140.1, 126.0, 1.098
[19:30:33] 140.1, 125.9, 2.376
[19:30:34] 273.0, 125.8, 2.358
[19:30:35] 298.9, 125.8, 2.407
[19:30:36] 305.2, 125.9, 2.417
[19:30:37] 305.2, 125.9, 2.419
[19:30:38] 305.3, 125.8, 2.420
[19:30:39] 305.3, 125.8, 2.422
[19:30:40] 305.4, 125.7, 2.422
[19:30:41] 305.4, 125.8, 2.415
[19:30:42] 305.5, 125.8, 2.423
[19:30:43] 305.6, 125.8, 2.424
[19:30:44] 305.6, 125.7, 2.425
[19:30:45] 305.7, 125.8, 2.426
[19:30:46] 305.8, 125.8, 2.423
[19:30:47] 305.8, 125.8, 1.815
[19:30:48] 262.1, 125.9, 1.099
[19:30:49] 140.8, 125.9, 1.108
[19:30:50] 140.7, 125.9, 1.104
[19:30:51] 140.7, 125.9, 1.102
