<<<[16:45:31] 144.3, 125.2, 1.124
[16:45:32] 144.1, 125.2, 1.134
[16:45:33] 143.9, 125.2, 1.144
[16:45:34] 144.2, 125.2, 1.276
[16:45:35] 158.4, 125.2, 1.275
[16:45:36] 158.4, 125.2, 1.268
[16:45:37] 158.3, 125.3, 1.256
[16:45:38] 158.5, 125.3, 1.271
[16:45:39] 158.8, 125.3, 1.251
[16:45:40] 158.6, 125.3, 1.258
[16:45:41] 158.4, 125.3, 1.238
[16:45:42] 158.2, 125.3, 1.237
[16:45:43] 158.0, 125.3, 1.242
[16:45:44] 157.9, 125.3, 1.239
[16:45:45] 157.8, 125.3, 1.238
[16:45:46] 157.7, 125.3, 1.241
[16:45:47] 157.5, 125.3, 1.232
[16:45:48] 157.5, 125.3, 1.245
[16:45:49] 157.4, 125.3, 1.236
[16:45:50] 157.2, 125.2, 1.286
[16:45:51] 157.6, 125.2, 1.241
[16:45:52] 157.7, 125.3, 1.175
[16:45:53] 149.2, 125.3, 1.185
[16:45:54] 149.2, 125.3, 1.176
[16:45:55] 149.1, 125.3, 1.182
[16:45:56] 149.0, 125.2, 1.183
[16:45:57] 149.0, 125.2, 1.128
[16:45:58] 181.4, 125.2, 1.146
[16:45:59] 137.2, 125.2, 1.116
[16:46:00] 137.7, 125.2, 1.126
[16:46:01] 138.2, 125.2, 1.131
[16:46:02] 138.7, 125.1, 1.101
[16:46:03] 179.9, 125.2, 1.156
[16:46:04] 137.6, 125.2, 1.126
[16:46:05] 138.2, 125.2, 1.124
[16:46:06] 138.6, 125.2, 1.132
[16:46:07] 139.1, 125.2, 1.024
[16:46:08] 194.2, 125.2, 1.111
[16:46:09] 137.2, 125.2, 1.132
[16:46:10] 137.7, 125.1, 1.115
[16:46:11] 138.3, 125.1, 1.126
[16:46:12] 138.7, 125.1, 1.609
[16:46:13] 223.2, 125.1, 1.076
[16:46:14] 137.4, 125.1, 1.132
[16:46:15] 137.9, 125.1, 1.124
[16:46:16] 138.5, 125.1, 1.124
[16:46:17] 138.9, 124.9, 2.774
[16:46:18] 207.1, 125.1, 1.026
[16:46:19] 197.3, 125.1, 1.107
[16:46:20] 140.8, 125.1, 1.107
[16:46:21] 140.9, 125.1, 1.123
[16:46:22] 141.0, 125.1, 1.124
[16:46:23] 141.2, 124.9, 2.227
[16:46:24] 254.5, 125.0, 1.549
[16:46:25] 233.3, 125.1, 1.142
[16:46:26] 141.4, 125.1, 1.152
[16:46:27] 141.5, 125.1, 1.124
[16:46:28] 141.6, 125.1, 1.113
[16:46:29] 141.6, 125.0, 2.364
[16:46:30] 216.5, 125.0, 2.197
[16:46:31] 276.2, 125.0, 2.262
[16:46:32] 282.8, 125.2, 1.130
[16:46:33] 180.7, 125.2, 1.129
[16:46:34] 143.0, 125.2, 1.132
[16:46:35] 142.9, 125.2, 1.110
[16:46:36] 142.8, 125.2, 1.139
[16:46:37] 142.7, 125.1, 2.193
[16:46:38] 274.1, 125.1, 2.253
[16:46:39] 274.6, 125.1, 2.259
[16:46:40] 283.8, 125.1, 2.256
[16:46:41] 283.7, 125.1, 2.259
[16:46:42] 283.8, 125.2, 1.109
[16:46:43] 205.5, 125.1, 1.117
[16:46:44] 143.2, 125.2, 1.133
[16:46:45] 143.0, 125.2, 1.120
[16:46:46] 142.9, 125.3, 1.148
[16:46:47] 142.9, 125.1, 2.230
[16:46:48] 255.1, 125.1, 2.194
[16:46:49] 277.0, 125.0, 2.259
[16:46:50] 283.5, 125.0, 2.259
[16:46:51] 283.5, 125.0, 2.259
[16:46:52] 283.5, 125.0, 2.260
[16:46:53] 283.6, 125.0, 2.262
[16:46:54] 283.6, 125.0, 2.261
[16:46:55] 283.6, 125.0, 2.263
[16:46:56] 283.7, 125.0, 2.262
[16:46:57] 283.8, 125.1, 1.129
[16:46:58] 224.3, 125.2, 1.119
[16:46:59] 142.8, 125.1, 1.114
[16:47:00] 142.6, 125.1, 1.121
