<<<[01:36:13] 140.6, 126.2, 1.105
[01:36:14] 140.6, 126.2, 1.104
[01:36:15] 140.7, 126.1, 1.111
[01:36:16] 140.8, 126.1, 1.124
[01:36:17] 141.2, 126.2, 1.123
[01:36:18] 141.6, 126.2, 1.116
[01:36:19] 141.8, 126.2, 1.143
[01:36:20] 142.2, 126.2, 1.123
[01:36:21] 142.4, 126.1, 1.145
[01:36:22] 170.5, 126.1, 1.121
[01:36:23] 142.8, 126.2, 1.112
[01:36:24] 142.7, 126.2, 1.110
[01:36:25] 142.5, 126.1, 1.109
[01:36:26] 142.4, 126.2, 1.125
[01:36:27] 167.6, 126.2, 1.113
[01:36:28] 141.4, 126.2, 1.105
[01:36:29] 141.3, 126.1, 1.107
[01:36:30] 141.3, 126.1, 1.102
[01:36:31] 141.2, 126.1, 1.122
[01:36:32] 167.5, 126.1, 1.106
[01:36:33] 141.0, 126.1, 1.104
[01:36:34] 140.9, 126.1, 1.108
[01:36:35] 140.9, 126.2, 1.106
[01:36:36] 141.0, 126.2, 1.127
[01:36:37] 167.5, 126.1, 1.100
[01:36:38] 140.5, 126.1, 1.093
[01:36:39] 140.4, 126.2, 1.097
[01:36:40] 140.4, 126.1, 1.096
[01:36:41] 140.3, 126.2, 1.124
[01:36:42] 167.1, 126.1, 1.094
[01:36:43] 139.9, 126.1, 1.098
[01:36:44] 139.8, 126.2, 1.099
[01:36:45] 139.9, 126.2, 1.102
[01:36:46] 140.0, 126.2, 1.118
[01:36:47] 167.1, 126.2, 1.100
[01:36:48] 139.9, 126.2, 1.093
[01:36:49] 139.8, 126.2, 1.094
[01:36:50] 139.8, 126.2, 1.096
[01:36:51] 139.8, 126.1, 1.121
[01:36:52] 166.9, 126.1, 1.098
[01:36:53] 139.8, 126.1, 1.099
[01:36:54] 139.7, 126.1, 1.096
[01:36:55] 139.8, 126.1, 1.098
[01:36:56] 139.9, 126.1, 1.117
[01:36:57] 166.9, 126.1, 1.096
[01:36:58] 139.6, 126.2, 1.098
[01:36:59] 139.6, 126.1, 1.093
[01:37:00] 139.6, 126.1, 1.092
[01:37:01] 139.6, 126.1, 1.115
[01:37:02] 166.7, 126.1, 1.091
[01:37:03] 139.6, 126.1, 1.090
[01:37:04] 139.6, 126.1, 1.104
[01:37:05] 139.6, 126.2, 1.102
[01:37:06] 139.7, 126.1, 1.110
[01:37:07] 166.7, 126.1, 1.094
[01:37:08] 139.8, 126.1, 1.095
[01:37:09] 139.7, 126.2, 1.095
[01:37:10] 139.8, 126.1, 1.093
[01:37:11] 139.7, 126.1, 1.114
[01:37:12] 166.0, 126.1, 1.092
[01:37:13] 139.6, 126.2, 1.100
[01:37:14] 139.6, 126.2, 1.094
[01:37:15] 139.6, 126.1, 1.097
[01:37:16] 139.7, 126.1, 1.114
[01:37:17] 165.8, 126.2, 1.098
[01:37:18] 139.8, 126.1, 1.096
[01:37:19] 139.8, 126.1, 1.095
[01:37:20] 139.7, 126.1, 1.093
[01:37:21] 139.7, 126.1, 1.058
[01:37:22] 172.3, 126.2, 1.092
[01:37:23] 134.3, 126.1, 1.098
[01:37:24] 139.8, 126.1, 1.103
[01:37:25] 139.8, 126.1, 1.103
[01:37:26] 139.8, 126.1, 1.056
[01:37:27] 170.0, 126.1, 1.071
[01:37:28] 134.0, 126.1, 1.098
[01:37:29] 139.4, 126.2, 1.097
[01:37:30] 139.4, 126.2, 1.092
[01:37:31] 139.4, 126.1, 1.032
[01:37:32] 178.5, 126.1, 1.035
[01:37:33] 133.2, 126.2, 1.093
[01:37:34] 139.8, 126.2, 1.094
[01:37:35] 139.8, 126.1, 1.099
[01:37:36] 139.8, 126.1, 1.668
[01:37:37] 197.1, 126.2, 1.033
[01:37:38] 132.9, 126.2, 1.096
[01:37:39] 139.2, 126.2, 1.090
[01:37:40] 139.2, 126.1, 1.092
[01:37:41] 139.2, 126.0, 2.237
[01:37:42] 174.2, 126.1, 1.556
[01:37:43] 193.5, 126.1, 1.091
[01:37:44] 136.0, 126.1, 1.097
[01:37:45] 136.4, 126.1, 1.095
[01:37:46] 136.8, 126.2, 1.090
[01:37:47] 137.2, 126.1, 1.910
[01:37:48] 190.6, 126.0, 1.696
[01:37:49] 216.1, 126.1, 1.091
[01:37:50] 153.7, 126.1, 1.094
[01:37:51] 139.4, 126.2, 1.095
[01:37:52] 139.3, 126.2, 1.098
[01:37:53] 139.3, 126.1, 1.100
[01:37:54] 139.4, 126.0, 1.696
[01:37:55] 229.0, 126.1, 1.767
[01:37:56] 218.7, 126.1, 1.767
[01:37:57] 219.3, 126.2, 1.116
[01:37:58] 169.3, 126.2, 1.098
[01:37:59] 140.1, 126.2, 1.100
[01:38:00] 140.0, 126.2, 1.102
[01:38:01] 139.9, 126.1, 1.094
[01:38:02] 139.8, 126.1, 1.695
[01:38:03] 227.9, 126.1, 1.765
[01:38:04] 218.3, 126.1, 1.762
[01:38:05] 223.4, 126.1, 1.758
[01:38:06] 223.4, 126.1, 1.766
[01:38:07] 223.4, 126.1, 1.764
[01:38:08] 223.4, 126.2, 1.119
[01:38:09] 169.6, 126.2, 1.097
[01:38:10] 139.6, 126.1, 1.096
[01:38:11] 139.6, 126.2, 1.101
[01:38:12] 139.6, 126.2, 1.098
[01:38:13] 139.6, 126.1, 1.695
[01:38:14] 227.7, 126.1, 1.753
[01:38:15] 218.1, 126.1, 1.763
[01:38:16] 223.6, 126.1, 1.759
[01:38:17] 223.5, 126.1, 1.762
[01:38:18] 223.5, 126.1, 1.764
[01:38:19] 223.5, 126.1, 1.768
[01:38:20] 223.5, 126.1, 1.765
[01:38:21] 223.6, 126.1, 1.768
[01:38:22] 223.6, 126.1, 1.762
[01:38:23] 223.7, 126.1, 1.770
[01:38:24] 223.7, 126.1, 1.761
[01:38:25] 223.6, 126.1, 1.099
[01:38:26] 138.9, 126.2, 1.101
[01:38:27] 139.0, 126.1, 1.102
[01:38:28] 139.1, 126.2, 1.098
[01:38:29] 139.2, 126.2, 1.099
