<<<[01:33:46] 140.4, 126.1, 1.101
[01:33:47] 140.4, 126.1, 1.103
[01:33:48] 140.3, 126.1, 1.112
[01:33:49] 140.5, 126.1, 1.266
[01:33:50] 156.6, 126.1, 1.234
[01:33:51] 156.6, 126.1, 1.267
[01:33:52] 156.9, 126.1, 1.258
[01:33:53] 157.0, 126.0, 1.260
[01:33:54] 157.0, 126.1, 1.254
[01:33:55] 157.4, 126.1, 1.229
[01:33:56] 157.5, 126.1, 1.266
[01:33:57] 157.4, 126.1, 1.261
[01:33:58] 157.5, 126.1, 1.264
[01:33:59] 157.3, 126.1, 1.238
[01:34:00] 157.5, 126.1, 1.258
[01:34:01] 157.5, 126.1, 1.264
[01:34:02] 157.6, 126.1, 1.264
[01:34:03] 157.8, 126.1, 1.230
[01:34:04] 157.9, 126.2, 1.258
[01:34:05] 157.9, 126.1, 1.263
[01:34:06] 158.2, 126.1, 1.230
[01:34:07] 158.4, 126.1, 1.232
[01:34:08] 158.2, 126.1, 1.242
[01:34:09] 158.1, 126.1, 1.229
[01:34:10] 158.1, 126.1, 1.236
[01:34:11] 158.0, 126.1, 1.237
[01:34:12] 157.9, 126.1, 1.257
[01:34:13] 158.0, 126.1, 1.236
[01:34:14] 157.9, 126.1, 1.241
[01:34:15] 157.9, 126.1, 1.233
[01:34:16] 157.9, 126.2, 1.232
[01:34:17] 157.8, 126.1, 1.244
[01:34:18] 157.7, 126.1, 1.275
[01:34:19] 158.1, 126.1, 1.225
[01:34:20] 158.1, 126.1, 1.227
[01:34:21] 157.9, 126.1, 1.227
[01:34:22] 157.8, 126.1, 1.230
[01:34:23] 157.6, 126.2, 1.225
[01:34:24] 157.7, 126.2, 1.229
[01:34:25] 157.6, 126.1, 1.228
[01:34:26] 157.5, 126.1, 1.231
[01:34:27] 157.4, 126.1, 1.230
[01:34:28] 157.6, 126.1, 1.230
[01:34:29] 157.6, 126.1, 1.227
[01:34:30] 157.5, 126.1, 1.230
[01:34:31] 157.4, 126.1, 1.225
[01:34:32] 157.5, 126.1, 1.233
[01:34:33] 157.4, 126.1, 1.231
[01:34:34] 157.4, 126.1, 1.232
[01:34:35] 157.3, 126.1, 1.268
[01:34:36] 158.0, 126.1, 1.233
[01:34:37] 158.2, 126.2, 1.237
[01:34:38] 158.1, 126.1, 1.237
[01:34:39] 158.0, 126.2, 1.237
[01:34:40] 158.0, 126.1, 1.099
[01:34:41] 143.4, 126.2, 1.097
[01:34:42] 142.9, 126.1, 1.100
[01:34:43] 142.5, 126.2, 1.097
[01:34:44] 142.3, 126.2, 1.095
[01:34:45] 142.1, 126.2, 0.984
[01:34:46] 178.0, 126.1, 1.093
[01:34:47] 133.4, 126.2, 1.098
[01:34:48] 139.8, 126.2, 1.091
[01:34:49] 139.8, 126.1, 1.102
[01:34:50] 139.8, 126.2, 1.012
[01:34:51] 180.1, 126.2, 1.067
[01:34:52] 134.0, 126.1, 1.102
[01:34:53] 140.1, 126.2, 1.099
[01:34:54] 140.0, 126.2, 1.100
[01:34:55] 140.0, 126.2, 1.306
[01:34:56] 195.7, 126.1, 1.044
[01:34:57] 134.3, 126.1, 1.093
[01:34:58] 139.8, 126.1, 1.103
[01:34:59] 139.8, 126.2, 1.096
[01:35:00] 139.8, 126.1, 1.577
[01:35:01] 217.4, 126.1, 1.043
[01:35:02] 130.3, 126.1, 1.093
[01:35:03] 140.1, 126.1, 1.096
[01:35:04] 140.0, 126.1, 1.101
[01:35:05] 140.0, 125.9, 2.912
[01:35:06] 214.3, 126.1, 0.996
[01:35:07] 186.3, 126.1, 1.095
[01:35:08] 137.6, 126.1, 1.102
[01:35:09] 137.8, 126.1, 1.106
[01:35:10] 138.1, 126.1, 1.092
[01:35:11] 138.3, 125.9, 2.394
[01:35:12] 288.6, 126.1, 1.049
[01:35:13] 196.6, 126.1, 1.101
[01:35:14] 139.9, 126.2, 1.100
[01:35:15] 139.8, 126.2, 1.099
[01:35:16] 139.8, 126.2, 1.099
[01:35:17] 139.9, 126.0, 2.419
[01:35:18] 275.0, 126.0, 2.395
[01:35:19] 304.1, 126.1, 1.362
[01:35:20] 233.5, 126.2, 1.098
[01:35:21] 140.5, 126.1, 1.104
[01:35:22] 140.4, 126.1, 1.097
[01:35:23] 140.4, 126.2, 1.109
[01:35:24] 140.3, 126.0, 2.367
[01:35:25] 247.6, 126.0, 2.396
[01:35:26] 302.7, 125.9, 2.460
[01:35:27] 311.2, 126.0, 2.463
[01:35:28] 311.2, 126.0, 2.276
[01:35:29] 287.8, 126.2, 1.099
[01:35:30] 149.2, 126.2, 1.099
[01:35:31] 139.9, 126.2, 1.095
[01:35:32] 139.9, 126.2, 1.096
[01:35:33] 139.9, 125.9, 3.584
[01:35:34] 193.5, 126.0, 2.397
[01:35:35] 301.6, 126.0, 2.462
[01:35:36] 308.6, 126.0, 2.463
[01:35:37] 308.9, 126.0, 2.464
[01:35:38] 309.3, 126.0, 2.463
[01:35:39] 309.5, 126.0, 2.463
[01:35:40] 309.8, 126.0, 2.465
[01:35:41] 310.0, 126.0, 2.464
[01:35:42] 310.3, 126.1, 1.384
[01:35:43] 237.3, 126.1, 1.106
[01:35:44] 140.8, 126.1, 1.107
[01:35:45] 140.7, 126.1, 1.100
[01:35:46] 140.7, 126.1, 1.100
[01:35:47] 140.6, 125.9, 2.372
[01:35:48] 243.1, 126.0, 2.399
[01:35:49] 303.9, 126.0, 2.464
[01:35:50] 311.7, 125.9, 2.464
[01:35:51] 311.7, 126.0, 2.464
[01:35:52] 311.8, 126.0, 2.465
[01:35:53] 311.8, 125.9, 2.467
[01:35:54] 311.8, 126.0, 2.465
[01:35:55] 311.8, 126.0, 2.467
[01:35:56] 311.8, 126.0, 2.465
[01:35:57] 311.8, 126.0, 2.469
[01:35:58] 311.8, 126.0, 2.469
[01:35:59] 311.9, 125.9, 2.469
[01:36:00] 312.0, 126.0, 2.471
[01:36:01] 312.0, 125.9, 2.472
[01:36:02] 312.1, 125.9, 2.473
[01:36:03] 312.2, 125.9, 2.473
[01:36:04] 312.2, 126.0, 2.442
[01:36:05] 283.8, 126.1, 1.102
[01:36:06] 140.3, 126.1, 1.108
[01:36:07] 140.3, 126.1, 1.103
[01:36:08] 140.4, 126.2, 1.099
