<<<[19:07:21] 140.9, 125.8, 1.118
[19:07:22] 141.0, 125.8, 1.117
[19:07:23] 141.2, 125.8, 1.149
[19:07:24] 141.7, 125.8, 1.256
[19:07:25] 151.7, 125.8, 1.180
[19:07:26] 151.8, 125.8, 1.176
[19:07:27] 151.5, 125.8, 1.183
[19:07:28] 151.2, 125.8, 1.182
[19:07:29] 151.0, 125.8, 1.178
[19:07:30] 150.9, 125.7, 1.621
[19:07:31] 171.4, 125.8, 1.119
[19:07:32] 141.4, 125.8, 1.107
[19:07:33] 141.4, 125.8, 1.113
[19:07:34] 141.4, 125.8, 1.117
[19:07:35] 141.4, 125.8, 1.623
[19:07:36] 167.6, 125.8, 1.121
[19:07:37] 141.4, 125.8, 1.111
[19:07:38] 141.4, 125.8, 1.110
[19:07:39] 141.3, 125.8, 1.106
[19:07:40] 141.3, 125.8, 1.628
[19:07:41] 167.1, 125.8, 1.115
[19:07:42] 141.2, 125.9, 1.107
[19:07:43] 141.2, 125.8, 1.111
[19:07:44] 141.1, 125.8, 1.109
[19:07:45] 141.1, 125.7, 1.631
[19:07:46] 167.1, 125.8, 1.104
[19:07:47] 140.3, 125.8, 1.111
[19:07:48] 140.3, 125.9, 1.106
[19:07:49] 140.3, 125.9, 1.109
[19:07:50] 140.4, 125.8, 1.627
[19:07:51] 166.7, 125.9, 1.108
[19:07:52] 140.1, 125.9, 1.114
[19:07:53] 140.2, 125.8, 1.113
[19:07:54] 140.3, 125.9, 1.109
[19:07:55] 140.3, 125.8, 1.641
[19:07:56] 166.2, 125.9, 1.101
[19:07:57] 139.9, 125.9, 1.106
[19:07:58] 139.9, 125.9, 1.105
[19:07:59] 139.9, 125.9, 1.098
[19:08:00] 139.9, 125.8, 1.652
[19:08:01] 165.5, 125.9, 1.107
[19:08:02] 139.9, 125.8, 1.112
[19:08:03] 139.9, 125.9, 1.096
[19:08:04] 139.9, 125.8, 1.101
[19:08:05] 139.9, 125.8, 1.753
[19:08:06] 175.8, 125.9, 1.039
[19:08:07] 130.9, 125.9, 1.099
[19:08:08] 138.9, 125.9, 1.099
[19:08:09] 139.0, 125.9, 1.102
[19:08:10] 139.1, 125.9, 2.062
[19:08:11] 183.2, 126.0, 1.038
[19:08:12] 136.1, 125.9, 1.096
[19:08:13] 136.4, 125.9, 1.102
[19:08:14] 136.8, 125.9, 1.094
[19:08:15] 137.2, 125.8, 3.145
[19:08:16] 181.0, 125.9, 1.037
[19:08:17] 148.8, 125.9, 1.100
[19:08:18] 137.8, 125.8, 1.114
[19:08:19] 138.0, 125.8, 1.100
[19:08:20] 138.2, 125.9, 1.101
[19:08:21] 164.0, 125.8, 1.103
[19:08:22] 185.0, 125.8, 1.105
[19:08:23] 136.7, 125.8, 1.099
[19:08:24] 137.0, 125.8, 1.108
[19:08:25] 137.4, 125.9, 1.099
[19:08:26] 137.7, 125.8, 1.821
[19:08:27] 212.3, 125.9, 1.044
[19:08:28] 169.6, 125.9, 1.105
[19:08:29] 139.6, 125.8, 1.102
[19:08:30] 139.6, 125.8, 1.102
[19:08:31] 139.6, 125.8, 1.113
[19:08:32] 139.7, 125.8, 1.819
[19:08:33] 223.2, 125.8, 1.798
[19:08:34] 223.7, 125.8, 1.104
[19:08:35] 157.5, 125.9, 1.104
[19:08:36] 139.6, 125.9, 1.106
[19:08:37] 139.6, 125.8, 1.103
[19:08:38] 139.6, 125.9, 1.102
[19:08:39] 154.1, 125.8, 1.800
[19:08:40] 232.8, 125.8, 1.862
[19:08:41] 232.5, 125.8, 1.857
[19:08:42] 232.8, 125.9, 1.206
[19:08:43] 197.0, 125.8, 1.098
[19:08:44] 139.9, 125.9, 1.098
[19:08:45] 139.9, 125.9, 1.099
[19:08:46] 139.9, 125.9, 1.096
[19:08:47] 139.9, 125.8, 1.782
[19:08:48] 206.9, 125.8, 1.794
[19:08:49] 226.8, 125.8, 1.855
[19:08:50] 234.8, 125.7, 1.859
[19:08:51] 234.8, 125.7, 1.860
[19:08:52] 234.8, 125.7, 1.861
[19:08:53] 234.9, 125.7, 1.861
[19:08:54] 234.9, 125.8, 1.232
[19:08:55] 195.7, 125.8, 1.131
[19:08:56] 144.1, 125.8, 1.130
[19:08:57] 144.0, 125.8, 1.104
[19:08:58] 143.7, 125.8, 1.100
[19:08:59] 143.2, 125.7, 1.831
[19:09:00] 214.2, 125.7, 1.794
[19:09:01] 227.4, 125.7, 1.861
[19:09:02] 235.3, 125.7, 1.863
[19:09:03] 235.2, 125.7, 1.863
[19:09:04] 235.3, 125.7, 1.864
[19:09:05] 235.3, 125.7, 1.866
[19:09:06] 235.4, 125.7, 1.864
[19:09:07] 235.4, 125.7, 1.868
[19:09:08] 235.4, 125.7, 1.865
[19:09:09] 235.4, 125.7, 1.868
[19:09:10] 235.5, 125.8, 1.866
[19:09:11] 235.6, 125.7, 1.867
[19:09:12] 235.6, 125.8, 1.863
[19:09:13] 235.6, 125.8, 1.105
[19:09:14] 158.9, 125.8, 1.105
[19:09:15] 140.1, 125.9, 1.095
[19:09:16] 140.0, 125.9, 1.108
