<<<[01:27:04] 139.2, 126.1, 1.100
[01:27:05] 139.3, 126.1, 1.106
[01:27:06] 139.5, 126.1, 1.106
[01:27:07] 139.6, 126.1, 1.245
[01:27:08] 155.9, 126.1, 1.240
[01:27:09] 156.2, 126.1, 1.261
[01:27:10] 156.7, 126.1, 1.278
[01:27:11] 157.2, 126.0, 1.268
[01:27:12] 157.7, 126.1, 1.251
[01:27:13] 157.9, 126.1, 1.234
[01:27:14] 157.9, 126.1, 1.241
[01:27:15] 157.8, 126.0, 1.235
[01:27:16] 157.9, 126.0, 1.263
[01:27:17] 157.8, 126.1, 1.231
[01:27:18] 157.7, 126.1, 1.235
[01:27:19] 158.0, 126.0, 1.231
[01:27:20] 157.8, 126.0, 1.231
[01:27:21] 157.8, 126.1, 1.230
[01:27:22] 157.7, 126.1, 1.233
[01:27:23] 157.7, 126.1, 1.235
[01:27:24] 157.7, 126.0, 1.243
[01:27:25] 157.6, 126.1, 1.282
[01:27:26] 157.8, 126.1, 1.241
[01:27:27] 157.9, 126.1, 1.240
[01:27:28] 157.9, 126.1, 1.111
[01:27:29] 142.8, 126.1, 1.103
[01:27:30] 142.6, 126.1, 1.096
[01:27:31] 142.2, 126.1, 1.096
[01:27:32] 141.9, 126.1, 1.102
[01:27:33] 141.7, 126.1, 1.066
[01:27:34] 176.0, 126.1, 1.101
[01:27:35] 135.2, 126.1, 1.099
[01:27:36] 140.3, 126.1, 1.107
[01:27:37] 140.3, 126.1, 1.097
[01:27:38] 140.3, 126.1, 1.053
[01:27:39] 176.0, 126.1, 1.105
[01:27:40] 135.6, 126.1, 1.106
[01:27:41] 136.1, 126.1, 1.105
[01:27:42] 136.6, 126.0, 1.095
[01:27:43] 137.0, 126.1, 1.058
[01:27:44] 178.0, 126.1, 1.103
[01:27:45] 134.7, 126.1, 1.101
[01:27:46] 140.5, 126.1, 1.099
[01:27:47] 140.5, 126.1, 1.105
[01:27:48] 140.4, 126.1, 1.040
[01:27:49] 193.5, 126.0, 1.070
[01:27:50] 134.9, 126.1, 1.110
[01:27:51] 135.5, 126.1, 1.094
[01:27:52] 136.0, 126.1, 1.093
[01:27:53] 136.5, 126.0, 1.535
[01:27:54] 214.5, 126.1, 1.042
[01:27:55] 132.5, 126.1, 1.095
[01:27:56] 140.3, 126.1, 1.100
[01:27:57] 140.2, 126.0, 1.098
[01:27:58] 140.2, 125.9, 2.454
[01:27:59] 225.0, 126.1, 1.063
[01:28:00] 170.5, 126.0, 1.106
[01:28:01] 139.6, 126.0, 1.102
[01:28:02] 139.7, 126.1, 1.105
[01:28:03] 139.7, 126.1, 1.100
[01:28:04] 139.8, 125.9, 2.381
[01:28:05] 302.5, 126.1, 1.119
[01:28:06] 179.2, 126.1, 1.099
[01:28:07] 140.5, 126.1, 1.096
[01:28:08] 140.4, 126.0, 1.099
[01:28:09] 140.3, 126.1, 1.102
[01:28:10] 140.4, 125.9, 2.388
[01:28:11] 293.6, 125.9, 2.447
[01:28:12] 304.8, 126.1, 1.103
[01:28:13] 208.0, 126.1, 1.110
[01:28:14] 141.0, 126.1, 1.104
[01:28:15] 140.9, 126.1, 1.097
[01:28:16] 140.8, 126.1, 1.100
[01:28:17] 140.7, 125.9, 2.406
[01:28:18] 277.5, 125.9, 2.395
[01:28:19] 303.8, 125.9, 2.451
[01:28:20] 310.5, 125.9, 2.461
[01:28:21] 310.5, 126.0, 1.655
[01:28:22] 244.0, 126.1, 1.103
[01:28:23] 140.5, 126.1, 1.103
[01:28:24] 140.4, 126.1, 1.100
[01:28:25] 140.5, 126.1, 1.106
[01:28:26] 140.5, 125.9, 2.363
[01:28:27] 245.1, 125.9, 2.393
[01:28:28] 302.5, 125.9, 2.460
[01:28:29] 310.5, 125.9, 2.457
[01:28:30] 310.5, 125.9, 2.459
[01:28:31] 310.5, 125.9, 2.459
[01:28:32] 310.5, 125.9, 2.460
[01:28:33] 310.6, 125.9, 2.461
[01:28:34] 310.6, 125.9, 2.458
[01:28:35] 298.0, 126.1, 1.106
[01:28:36] 156.2, 126.1, 1.106
[01:28:37] 140.8, 126.1, 1.109
[01:28:38] 140.8, 126.1, 1.105
[01:28:39] 140.7, 126.1, 1.098
[01:28:40] 180.1, 125.9, 2.393
[01:28:41] 300.3, 125.9, 2.457
[01:28:42] 307.6, 125.9, 2.456
[01:28:43] 307.9, 126.0, 2.457
[01:28:44] 308.3, 126.0, 2.457
[01:28:45] 308.6, 125.9, 2.458
[01:28:46] 308.9, 125.9, 2.458
[01:28:47] 309.1, 126.0, 2.461
[01:28:48] 309.3, 126.0, 2.461
[01:28:49] 309.6, 125.9, 2.463
[01:28:50] 309.8, 125.9, 2.464
[01:28:51] 310.0, 126.0, 2.463
[01:28:52] 310.2, 126.0, 2.463
[01:28:53] 310.3, 125.9, 2.460
[01:28:54] 310.5, 126.0, 2.465
[01:28:55] 310.6, 125.9, 2.454
[01:28:56] 310.6, 126.1, 1.597
[01:28:57] 259.4, 126.1, 1.108
[01:28:58] 141.8, 126.1, 1.106
[01:28:59] 141.6, 126.1, 1.111
[01:29:00] 141.5, 126.1, 1.102
