<<<[01:31:30] 141.7, 126.0, 1.104
[01:31:31] 141.6, 126.1, 1.102
[01:31:32] 141.5, 126.1, 1.108
[01:31:33] 141.4, 126.1, 1.114
[01:31:34] 141.5, 126.1, 1.110
[01:31:35] 141.5, 126.1, 1.109
[01:31:36] 141.5, 126.1, 1.109
[01:31:37] 141.5, 126.1, 1.124
[01:31:38] 141.8, 126.0, 1.681
[01:31:39] 172.2, 126.1, 1.118
[01:31:40] 140.7, 126.1, 1.115
[01:31:41] 140.8, 126.0, 1.111
[01:31:42] 140.9, 126.0, 1.104
[01:31:43] 140.9, 126.0, 1.678
[01:31:44] 169.8, 126.1, 1.108
[01:31:45] 139.0, 126.0, 1.115
[01:31:46] 139.3, 126.0, 1.112
[01:31:47] 139.5, 126.1, 1.102
[01:31:48] 139.7, 126.0, 1.679
[01:31:49] 169.3, 126.1, 1.100
[01:31:50] 138.5, 126.1, 1.106
[01:31:51] 138.7, 126.2, 1.105
[01:31:52] 138.9, 126.1, 1.100
[01:31:53] 139.0, 126.0, 1.678
[01:31:54] 169.3, 126.1, 1.096
[01:31:55] 138.3, 126.1, 1.099
[01:31:56] 138.5, 126.1, 1.097
[01:31:57] 138.7, 126.1, 1.103
[01:31:58] 138.9, 126.0, 1.676
[01:31:59] 169.3, 126.1, 1.090
[01:32:00] 137.4, 126.0, 1.096
[01:32:01] 137.7, 126.1, 1.102
[01:32:02] 137.9, 126.1, 1.100
[01:32:03] 138.1, 126.0, 1.683
[01:32:04] 168.9, 126.1, 1.101
[01:32:05] 137.8, 126.0, 1.100
[01:32:06] 138.0, 126.1, 1.101
[01:32:07] 138.3, 126.1, 1.093
[01:32:08] 138.5, 126.0, 1.680
[01:32:09] 168.9, 126.1, 1.096
[01:32:10] 137.6, 126.0, 1.094
[01:32:11] 137.8, 126.0, 1.094
[01:32:12] 138.0, 126.1, 1.094
[01:32:13] 138.2, 125.9, 1.674
[01:32:14] 168.7, 126.1, 1.098
[01:32:15] 137.9, 126.1, 1.090
[01:32:16] 138.1, 126.1, 1.102
[01:32:17] 138.3, 126.1, 1.098
[01:32:18] 138.4, 126.0, 1.677
[01:32:19] 168.7, 126.1, 1.096
[01:32:20] 137.4, 126.1, 1.095
[01:32:21] 137.6, 126.1, 1.092
[01:32:22] 137.8, 126.1, 1.096
[01:32:23] 138.0, 126.0, 1.679
[01:32:24] 169.1, 126.1, 1.096
[01:32:25] 137.8, 126.1, 1.094
[01:32:26] 138.0, 126.0, 1.098
[01:32:27] 138.3, 126.0, 1.097
[01:32:28] 138.5, 126.0, 1.681
[01:32:29] 168.4, 126.1, 1.094
[01:32:30] 137.4, 126.1, 1.094
[01:32:31] 137.6, 126.1, 1.091
[01:32:32] 137.9, 126.0, 1.099
[01:32:33] 138.1, 126.0, 1.688
[01:32:34] 168.0, 126.1, 1.104
[01:32:35] 137.9, 126.1, 1.092
[01:32:36] 138.1, 126.1, 1.088
[01:32:37] 138.3, 126.1, 1.095
[01:32:38] 138.4, 126.0, 1.698
[01:32:39] 166.5, 126.1, 1.094
[01:32:40] 137.6, 126.0, 1.096
[01:32:41] 137.8, 126.0, 1.099
[01:32:42] 138.0, 126.1, 1.095
[01:32:43] 138.2, 126.0, 2.416
[01:32:44] 176.5, 126.1, 1.032
[01:32:45] 130.2, 126.1, 1.102
[01:32:46] 138.3, 126.0, 1.097
[01:32:47] 138.4, 126.1, 1.089
[01:32:48] 138.5, 126.0, 3.012
[01:32:49] 176.0, 126.1, 1.023
[01:32:50] 139.4, 126.2, 1.093
[01:32:51] 139.1, 126.2, 1.098
[01:32:52] 139.1, 126.1, 1.093
[01:32:53] 139.1, 126.1, 1.091
[01:32:54] 168.4, 126.1, 0.998
[01:32:55] 168.2, 126.1, 1.097
[01:32:56] 136.1, 126.2, 1.093
[01:32:57] 136.5, 126.1, 1.094
[01:32:58] 136.9, 126.2, 1.095
[01:32:59] 137.2, 126.0, 1.704
[01:33:00] 214.0, 126.1, 1.033
[01:33:01] 141.0, 126.1, 1.089
[01:33:02] 140.7, 126.1, 1.096
[01:33:03] 140.5, 126.1, 1.100
[01:33:04] 140.4, 126.1, 1.101
[01:33:05] 169.4, 126.0, 1.694
[01:33:06] 211.4, 126.1, 1.078
[01:33:07] 174.3, 126.2, 1.090
[01:33:08] 139.4, 126.1, 1.098
[01:33:09] 139.3, 126.1, 1.094
[01:33:10] 139.4, 126.1, 1.093
[01:33:11] 139.3, 126.0, 1.709
[01:33:12] 216.5, 126.1, 1.694
[01:33:13] 216.3, 126.0, 1.747
[01:33:14] 216.8, 126.1, 1.093
[01:33:15] 148.1, 126.1, 1.094
[01:33:16] 139.8, 126.1, 1.096
[01:33:17] 139.7, 126.1, 1.095
[01:33:18] 139.7, 126.1, 1.102
[01:33:19] 170.2, 126.0, 1.690
[01:33:20] 211.3, 126.0, 1.751
[01:33:21] 218.7, 126.0, 1.752
[01:33:22] 219.1, 126.0, 1.758
[01:33:23] 219.5, 126.0, 1.752
[01:33:24] 219.8, 126.1, 1.105
[01:33:25] 163.7, 126.1, 1.101
[01:33:26] 140.1, 126.1, 1.096
[01:33:27] 140.1, 126.1, 1.096
[01:33:28] 139.9, 126.1, 1.097
[01:33:29] 139.9, 126.0, 1.693
[01:33:30] 220.5, 126.0, 1.726
[01:33:31] 219.9, 126.0, 1.752
[01:33:32] 220.2, 126.1, 1.752
[01:33:33] 220.5, 126.1, 1.757
[01:33:34] 220.7, 126.0, 1.751
[01:33:35] 220.9, 126.1, 1.753
[01:33:36] 221.1, 126.0, 1.757
[01:33:37] 221.3, 126.0, 1.755
[01:33:38] 221.4, 126.1, 1.754
[01:33:39] 221.6, 126.1, 1.563
[01:33:40] 202.0, 126.2, 1.093
[01:33:41] 140.8, 126.1, 1.099
[01:33:42] 140.7, 126.1, 1.100
[01:33:43] 140.5, 126.1, 1.096
