<<<[22:17:14] 141.9, 125.5, 1.126
[22:17:15] 142.0, 125.5, 1.113
[22:17:16] 142.0, 125.6, 1.115
[22:17:17] 141.8, 125.6, 1.143
[22:17:18] 142.1, 125.6, 1.233
[22:17:19] 158.4, 125.6, 1.218
[22:17:20] 157.8, 125.7, 1.124
[22:17:21] 142.5, 125.7, 1.125
[22:17:22] 142.5, 125.6, 1.127
[22:17:23] 142.6, 125.7, 1.132
[22:17:24] 142.7, 125.6, 1.176
[22:17:25] 157.0, 125.7, 1.123
[22:17:26] 156.9, 125.6, 1.133
[22:17:27] 143.2, 125.6, 1.135
[22:17:28] 143.2, 125.6, 1.125
[22:17:29] 143.2, 125.6, 1.135
[22:17:30] 154.2, 125.6, 1.097
[22:17:31] 154.2, 125.7, 1.103
[22:17:32] 139.4, 125.6, 1.100
[22:17:33] 139.4, 125.6, 1.101
[22:17:34] 139.4, 125.6, 1.113
[22:17:35] 151.5, 125.6, 1.098
[22:17:36] 151.8, 125.6, 1.102
[22:17:37] 139.6, 125.6, 1.097
[22:17:38] 139.6, 125.6, 1.106
[22:17:39] 139.6, 125.6, 1.107
[22:17:40] 150.8, 125.6, 1.100
[22:17:41] 151.3, 125.7, 1.103
[22:17:42] 139.6, 125.6, 1.103
[22:17:43] 139.6, 125.6, 1.097
[22:17:44] 139.5, 125.6, 1.103
[22:17:45] 149.9, 125.6, 1.096
[22:17:46] 155.9, 125.6, 1.103
[22:17:47] 139.6, 125.6, 1.099
[22:17:48] 139.5, 125.5, 1.103
[22:17:49] 139.5, 125.6, 1.101
[22:17:50] 149.4, 125.6, 1.100
[22:17:51] 155.7, 125.6, 1.105
[22:17:52] 139.6, 125.6, 1.101
[22:17:53] 139.5, 125.6, 1.101
[22:17:54] 139.5, 125.6, 1.104
[22:17:55] 166.4, 125.6, 1.038
[22:17:56] 145.6, 125.6, 1.100
[22:17:57] 135.6, 125.6, 1.102
[22:17:58] 136.1, 125.6, 1.102
[22:17:59] 136.5, 125.6, 1.103
[22:18:00] 163.1, 125.7, 1.038
[22:18:01] 147.0, 125.6, 1.096
[22:18:02] 135.8, 125.6, 1.102
[22:18:03] 136.2, 125.6, 1.099
[22:18:04] 136.6, 125.6, 1.096
[22:18:05] 136.9, 125.7, 1.052
[22:18:06] 183.0, 125.6, 1.110
[22:18:07] 135.1, 125.6, 1.096
[22:18:08] 135.6, 125.7, 1.100
[22:18:09] 136.0, 125.7, 1.101
[22:18:10] 136.5, 125.7, 1.068
[22:18:11] 194.1, 125.7, 1.060
[22:18:12] 133.8, 125.7, 1.098
[22:18:13] 139.2, 125.7, 1.094
[22:18:14] 139.1, 125.7, 1.098
[22:18:15] 139.2, 125.6, 1.885
[22:18:16] 210.0, 125.7, 1.037
[22:18:17] 149.4, 125.7, 1.095
[22:18:18] 139.4, 125.7, 1.106
[22:18:19] 139.4, 125.7, 1.097
[22:18:20] 139.4, 125.7, 1.103
[22:18:21] 139.4, 125.6, 1.901
[22:18:22] 252.4, 125.7, 1.120
[22:18:23] 172.9, 125.7, 1.097
[22:18:24] 139.6, 125.7, 1.100
[22:18:25] 139.5, 125.7, 1.098
[22:18:26] 139.5, 125.7, 1.099
[22:18:27] 139.5, 125.5, 1.917
[22:18:28] 234.8, 125.6, 1.926
[22:18:29] 242.2, 125.6, 1.630
[22:18:30] 220.5, 125.7, 1.100
[22:18:31] 138.7, 125.7, 1.099
[22:18:32] 138.7, 125.7, 1.096
[22:18:33] 138.8, 125.7, 1.099
[22:18:34] 138.9, 125.5, 2.033
[22:18:35] 202.2, 125.6, 1.906
[22:18:36] 240.6, 125.5, 1.971
[22:18:37] 247.8, 125.5, 1.972
[22:18:38] 247.8, 125.6, 1.974
[22:18:39] 248.0, 125.7, 1.113
[22:18:40] 179.8, 125.7, 1.099
[22:18:41] 139.4, 125.7, 1.103
[22:18:42] 139.4, 125.7, 1.106
[22:18:43] 139.4, 125.7, 1.095
[22:18:44] 139.4, 125.6, 1.920
[22:18:45] 235.5, 125.6, 1.937
[22:18:46] 242.9, 125.5, 1.974
[22:18:47] 248.7, 125.5, 1.976
[22:18:48] 248.7, 125.5, 1.974
[22:18:49] 248.8, 125.6, 1.974
[22:18:50] 248.8, 125.5, 1.969
[22:18:51] 248.8, 125.6, 1.972
[22:18:52] 248.8, 125.5, 1.973
[22:18:53] 248.8, 125.5, 1.636
[22:18:54] 222.3, 125.7, 1.105
[22:18:55] 138.7, 125.7, 1.101
[22:18:56] 138.8, 125.7, 1.104
[22:18:57] 138.9, 125.7, 1.105
[22:18:58] 139.0, 125.6, 1.975
[22:18:59] 204.0, 125.6, 1.909
[22:19:00] 241.3, 125.6, 1.973
[22:19:01] 248.0, 125.5, 1.965
[22:19:02] 248.0, 125.6, 1.972
[22:19:03] 248.1, 125.5, 1.973
[22:19:04] 248.2, 125.6, 1.973
[22:19:05] 248.3, 125.5, 1.974
[22:19:06] 248.4, 125.5, 1.973
[22:19:07] 248.4, 125.5, 1.974
[22:19:08] 248.5, 125.5, 1.977
[22:19:09] 248.6, 125.5, 1.978
[22:19:10] 248.7, 125.5, 1.977
[22:19:11] 248.8, 125.5, 1.979
[22:19:12] 248.9, 125.6, 1.974
[22:19:13] 248.9, 125.5, 1.981
[22:19:14] 249.1, 125.6, 1.981
[22:19:15] 249.1, 125.6, 1.979
[22:19:16] 249.2, 125.6, 1.977
[22:19:17] 249.3, 125.7, 1.100
[22:19:18] 159.3, 125.7, 1.104
[22:19:19] 140.1, 125.7, 1.106
[22:19:20] 140.1, 125.7, 1.106
