<<<[04:26:17] 140.3, 126.3, 1.120
[04:26:18] 140.5, 126.4, 1.130
[04:26:19] 140.8, 126.4, 1.138
[04:26:20] 141.4, 126.4, 1.163
[04:26:21] 152.2, 126.4, 1.166
[04:26:22] 151.7, 126.4, 1.168
[04:26:23] 151.3, 126.3, 1.167
[04:26:24] 151.0, 126.3, 1.166
[04:26:25] 150.6, 126.3, 1.652
[04:26:26] 173.6, 126.3, 1.100
[04:26:27] 138.9, 126.3, 1.101
[04:26:28] 139.0, 126.3, 1.104
[04:26:29] 139.2, 126.3, 1.106
[04:26:30] 139.4, 126.2, 1.664
[04:26:31] 168.5, 126.3, 1.106
[04:26:32] 138.9, 126.3, 1.102
[04:26:33] 139.1, 126.3, 1.100
[04:26:34] 139.2, 126.3, 1.101
[04:26:35] 139.3, 126.2, 1.661
[04:26:36] 168.2, 126.3, 1.092
[04:26:37] 137.8, 126.3, 1.098
[04:26:38] 138.1, 126.3, 1.095
[04:26:39] 138.3, 126.3, 1.087
[04:26:40] 138.5, 126.3, 1.660
[04:26:41] 168.0, 126.4, 1.102
[04:26:42] 138.3, 126.3, 1.102
[04:26:43] 138.5, 126.4, 1.093
[04:26:44] 138.6, 126.4, 1.096
[04:26:45] 138.8, 126.3, 1.670
[04:26:46] 168.2, 126.4, 1.096
[04:26:47] 137.9, 126.4, 1.099
[04:26:48] 138.1, 126.4, 1.098
[04:26:49] 138.2, 126.4, 1.097
[04:26:50] 138.5, 126.3, 1.687
[04:26:51] 168.2, 126.4, 1.101
[04:26:52] 137.9, 126.3, 1.098
[04:26:53] 138.1, 126.3, 1.095
[04:26:54] 138.3, 126.3, 1.090
[04:26:55] 138.4, 126.2, 1.690
[04:26:56] 167.3, 126.3, 1.092
[04:26:57] 137.6, 126.3, 1.092
[04:26:58] 137.7, 126.3, 1.091
[04:26:59] 137.9, 126.3, 1.091
[04:27:00] 138.1, 126.3, 2.118
[04:27:01] 177.2, 126.3, 1.039
[04:27:02] 130.5, 126.3, 1.099
[04:27:03] 138.7, 126.3, 1.096
[04:27:04] 138.7, 126.3, 1.090
[04:27:05] 138.7, 126.2, 2.581
[04:27:06] 178.0, 126.3, 1.024
[04:27:07] 141.0, 126.3, 1.094
[04:27:08] 140.5, 126.3, 1.089
[04:27:09] 140.4, 126.3, 1.094
[04:27:10] 140.2, 126.0, 3.290
[04:27:11] 177.4, 126.3, 1.047
[04:27:12] 152.4, 126.4, 1.096
[04:27:13] 136.9, 126.4, 1.097
[04:27:14] 137.2, 126.4, 1.093
[04:27:15] 137.4, 126.3, 1.093
[04:27:16] 137.8, 126.4, 1.349
[04:27:17] 208.7, 126.4, 1.096
[04:27:18] 135.8, 126.3, 1.094
[04:27:19] 136.2, 126.3, 1.089
[04:27:20] 136.5, 126.3, 1.088
[04:27:21] 136.9, 126.3, 1.766
[04:27:22] 206.4, 126.3, 0.999
[04:27:23] 175.8, 126.3, 1.088
[04:27:24] 138.9, 126.3, 1.090
[04:27:25] 138.9, 126.3, 1.095
[04:27:26] 139.0, 126.2, 1.089
[04:27:27] 139.0, 126.2, 1.819
[04:27:28] 216.1, 126.2, 1.779
[04:27:29] 227.0, 126.3, 1.112
[04:27:30] 163.8, 126.3, 1.097
[04:27:31] 139.6, 126.3, 1.097
[04:27:32] 139.6, 126.3, 1.092
[04:27:33] 139.6, 126.3, 1.092
[04:27:34] 139.6, 126.2, 1.777
[04:27:35] 238.8, 126.1, 1.853
[04:27:36] 229.5, 126.2, 1.848
[04:27:37] 230.1, 126.2, 1.420
[04:27:38] 203.3, 126.3, 1.093
[04:27:39] 139.9, 126.3, 1.099
[04:27:40] 139.8, 126.4, 1.097
[04:27:41] 139.8, 126.3, 1.097
[04:27:42] 139.8, 126.2, 1.859
[04:27:43] 197.1, 126.2, 1.783
[04:27:44] 226.5, 126.2, 1.847
[04:27:45] 233.7, 126.3, 1.846
[04:27:46] 233.8, 126.2, 1.847
[04:27:47] 233.8, 126.2, 1.848
[04:27:48] 234.0, 126.2, 1.851
[04:27:49] 234.0, 126.3, 1.433
[04:27:50] 202.0, 126.2, 1.094
[04:27:51] 139.9, 126.3, 1.103
[04:27:52] 139.9, 126.3, 1.099
[04:27:53] 139.9, 126.3, 1.101
[04:27:54] 139.8, 126.2, 1.770
[04:27:55] 202.6, 126.2, 1.784
[04:27:56] 226.1, 126.2, 1.847
[04:27:57] 234.4, 126.2, 1.846
[04:27:58] 234.4, 126.3, 1.850
[04:27:59] 234.4, 126.2, 1.852
[04:28:00] 234.5, 126.2, 1.851
[04:28:01] 234.5, 126.2, 1.855
[04:28:02] 234.6, 126.2, 1.852
[04:28:03] 234.7, 126.2, 1.852
[04:28:04] 234.7, 126.2, 1.852
[04:28:05] 234.8, 126.2, 1.854
[04:28:06] 234.8, 126.2, 1.855
[04:28:07] 234.9, 126.1, 1.857
[04:28:08] 234.9, 126.3, 1.108
[04:28:09] 174.5, 126.3, 1.104
[04:28:10] 140.1, 126.3, 1.097
[04:28:11] 140.1, 126.3, 1.096
[04:28:12] 140.1, 126.3, 1.095
