<<<[05:06:52] 141.5, 126.1, 1.113
[05:06:53] 141.5, 126.0, 1.125
[05:06:54] 141.7, 126.0, 1.124
[05:06:55] 142.0, 126.0, 1.235
[05:06:56] 154.4, 126.0, 1.274
[05:06:57] 160.0, 126.0, 1.232
[05:06:58] 159.8, 125.9, 1.247
[05:06:59] 160.0, 126.0, 1.248
[05:07:00] 159.8, 125.9, 1.272
[05:07:01] 159.5, 126.0, 1.248
[05:07:02] 159.3, 125.9, 1.276
[05:07:03] 159.2, 125.9, 1.240
[05:07:04] 159.0, 126.0, 1.237
[05:07:05] 158.7, 126.0, 1.242
[05:07:06] 158.6, 125.9, 1.239
[05:07:07] 158.5, 126.0, 1.255
[05:07:08] 158.3, 126.0, 1.176
[05:07:09] 149.7, 126.0, 1.181
[05:07:10] 149.6, 126.0, 1.182
[05:07:11] 149.6, 126.0, 1.173
[05:07:12] 149.6, 126.0, 1.395
[05:07:13] 165.5, 126.0, 1.122
[05:07:14] 153.0, 125.9, 1.142
[05:07:15] 143.9, 126.0, 1.139
[05:07:16] 143.9, 126.0, 1.140
[05:07:17] 144.0, 126.0, 1.193
[05:07:18] 176.0, 126.0, 1.053
[05:07:19] 141.9, 126.0, 1.124
[05:07:20] 141.5, 126.0, 1.133
[05:07:21] 141.7, 126.0, 1.130
[05:07:22] 142.0, 126.0, 1.116
[05:07:23] 169.1, 126.0, 1.078
[05:07:24] 157.7, 126.0, 1.130
[05:07:25] 139.0, 126.0, 1.127
[05:07:26] 139.4, 126.0, 1.124
[05:07:27] 139.9, 126.0, 1.133
[05:07:28] 140.4, 126.0, 1.449
[05:07:29] 203.7, 126.0, 1.129
[05:07:30] 138.5, 125.9, 1.140
[05:07:31] 144.3, 126.1, 1.123
[05:07:32] 144.2, 126.0, 1.116
[05:07:33] 143.9, 125.9, 1.744
[05:07:34] 204.0, 126.0, 1.080
[05:07:35] 160.6, 126.0, 1.116
[05:07:36] 142.7, 126.0, 1.112
[05:07:37] 142.7, 126.0, 1.114
[05:07:38] 142.7, 126.0, 1.115
[05:07:39] 142.6, 125.9, 1.757
[05:07:40] 227.7, 126.0, 1.454
[05:07:41] 198.0, 126.0, 1.123
[05:07:42] 143.6, 126.0, 1.128
[05:07:43] 143.7, 126.0, 1.128
[05:07:44] 143.6, 126.0, 1.117
[05:07:45] 143.4, 126.0, 1.956
[05:07:46] 193.5, 126.0, 1.754
[05:07:47] 222.8, 125.9, 1.818
[05:07:48] 229.2, 126.0, 1.077
[05:07:49] 187.4, 126.0, 1.134
[05:07:50] 143.0, 126.0, 1.131
[05:07:51] 142.9, 126.0, 1.115
[05:07:52] 142.8, 126.0, 1.118
[05:07:53] 142.7, 125.9, 1.773
[05:07:54] 208.2, 125.9, 1.750
[05:07:55] 222.3, 125.9, 1.821
[05:07:56] 230.6, 125.9, 1.817
[05:07:57] 230.5, 126.0, 1.819
[05:07:58] 230.5, 126.0, 1.820
[05:07:59] 230.5, 126.1, 1.135
[05:08:00] 167.1, 126.1, 1.112
[05:08:01] 143.2, 126.1, 1.127
[05:08:02] 143.1, 126.1, 1.120
[05:08:03] 143.0, 126.0, 1.126
[05:08:04] 143.0, 126.0, 1.753
[05:08:05] 237.5, 126.0, 1.819
[05:08:06] 225.4, 126.0, 1.820
[05:08:07] 226.0, 126.0, 1.819
[05:08:08] 226.5, 126.0, 1.821
[05:08:09] 227.0, 126.0, 1.819
[05:08:10] 227.5, 126.0, 1.821
[05:08:11] 227.9, 126.0, 1.821
[05:08:12] 228.3, 126.0, 1.822
[05:08:13] 228.6, 126.0, 1.823
[05:08:14] 228.9, 126.0, 1.824
[05:08:15] 229.1, 126.1, 1.126
[05:08:16] 169.3, 126.1, 1.135
[05:08:17] 143.4, 126.1, 1.121
[05:08:18] 143.3, 126.1, 1.128
[05:08:19] 143.3, 126.1, 1.124
