<<<[09:52:26] 141.1, 125.9, 1.108
[09:52:27] 141.1, 125.9, 1.110
[09:52:28] 141.1, 126.0, 1.109
[09:52:29] 141.1, 125.9, 1.138
[09:52:30] 141.5, 125.9, 1.214
[09:52:31] 158.0, 125.9, 1.260
[09:52:32] 158.3, 125.9, 1.244
[09:52:33] 158.3, 125.9, 1.137
[09:52:34] 147.9, 125.9, 1.127
[09:52:35] 147.3, 125.9, 1.125
[09:52:36] 146.9, 125.8, 1.135
[09:52:37] 146.4, 125.8, 1.136
[09:52:38] 146.1, 125.8, 1.125
[09:52:39] 169.8, 125.8, 1.117
[09:52:40] 141.2, 125.8, 1.118
[09:52:41] 141.2, 125.8, 1.124
[09:52:42] 141.3, 125.8, 1.123
[09:52:43] 141.5, 125.9, 1.120
[09:52:44] 168.2, 125.8, 1.108
[09:52:45] 141.0, 125.8, 1.109
[09:52:46] 140.9, 125.8, 1.110
[09:52:47] 140.9, 125.8, 1.108
[09:52:48] 140.9, 125.8, 1.122
[09:52:49] 167.6, 125.8, 1.115
[09:52:50] 140.8, 125.8, 1.109
[09:52:51] 140.8, 125.9, 1.112
[09:52:52] 140.8, 125.9, 1.109
[09:52:53] 140.7, 125.9, 1.115
[09:52:54] 167.5, 125.9, 1.106
[09:52:55] 140.5, 125.8, 1.106
[09:52:56] 140.4, 125.8, 1.107
[09:52:57] 140.4, 125.8, 1.106
[09:52:58] 140.4, 125.9, 1.116
[09:52:59] 167.3, 125.9, 1.112
[09:53:00] 140.7, 125.9, 1.106
[09:53:01] 140.6, 125.8, 1.108
[09:53:02] 140.6, 125.9, 1.103
[09:53:03] 140.5, 125.8, 1.116
[09:53:04] 166.7, 125.9, 1.106
[09:53:05] 139.8, 125.9, 1.111
[09:53:06] 139.8, 125.9, 1.106
[09:53:07] 139.9, 125.9, 1.100
[09:53:08] 139.9, 125.9, 1.118
[09:53:09] 166.4, 125.9, 1.101
[09:53:10] 140.5, 125.9, 1.106
[09:53:11] 140.4, 125.9, 1.104
[09:53:12] 140.3, 125.9, 1.098
[09:53:13] 140.3, 125.9, 1.100
[09:53:14] 175.1, 125.9, 1.043
[09:53:15] 133.2, 125.8, 1.102
[09:53:16] 139.8, 125.8, 1.099
[09:53:17] 139.7, 125.9, 1.105
[09:53:18] 139.7, 125.9, 1.094
[09:53:19] 174.3, 126.0, 1.045
[09:53:20] 132.7, 125.9, 1.104
[09:53:21] 140.3, 125.9, 1.103
[09:53:22] 140.2, 125.9, 1.099
[09:53:23] 140.1, 125.8, 1.575
[09:53:24] 187.7, 125.9, 1.033
[09:53:25] 130.3, 125.9, 1.105
[09:53:26] 139.8, 125.9, 1.104
[09:53:27] 139.8, 125.9, 1.100
[09:53:28] 139.7, 125.8, 2.348
[09:53:29] 193.3, 125.9, 1.044
[09:53:30] 149.9, 125.9, 1.104
[09:53:31] 138.5, 125.9, 1.101
[09:53:32] 138.6, 125.9, 1.100
[09:53:33] 138.7, 125.9, 1.104
[09:53:34] 154.2, 125.7, 1.569
[09:53:35] 223.7, 125.9, 1.101
[09:53:36] 134.0, 125.9, 1.104
[09:53:37] 139.4, 125.8, 1.105
[09:53:38] 139.4, 125.9, 1.100
[09:53:39] 139.4, 125.7, 2.626
[09:53:40] 191.3, 125.8, 1.909
[09:53:41] 242.4, 125.9, 1.100
[09:53:42] 156.1, 125.8, 1.113
[09:53:43] 140.1, 125.8, 1.104
[09:53:44] 140.0, 125.8, 1.100
[09:53:45] 139.9, 125.9, 1.097
[09:53:46] 139.9, 125.8, 1.909
[09:53:47] 256.5, 125.8, 1.982
[09:53:48] 244.6, 125.8, 1.831
[09:53:49] 238.8, 125.8, 1.116
[09:53:50] 145.4, 125.8, 1.111
[09:53:51] 140.3, 125.8, 1.109
[09:53:52] 140.3, 125.7, 1.116
[09:53:53] 140.3, 125.5, 3.414
[09:53:54] 181.9, 125.7, 1.914
[09:53:55] 240.8, 125.7, 1.977
[09:53:56] 247.1, 125.7, 1.978
[09:53:57] 247.4, 125.7, 1.976
[09:53:58] 247.7, 125.7, 1.974
[09:53:59] 247.9, 125.8, 1.118
[09:54:00] 181.4, 125.8, 1.113
[09:54:01] 140.8, 125.8, 1.109
[09:54:02] 140.7, 125.8, 1.114
[09:54:03] 140.7, 125.8, 1.103
[09:54:04] 140.6, 125.7, 1.935
[09:54:05] 235.3, 125.7, 1.921
[09:54:06] 243.3, 125.7, 1.974
[09:54:07] 249.6, 125.8, 1.973
[09:54:08] 249.5, 125.8, 1.974
[09:54:09] 249.6, 125.8, 1.975
[09:54:10] 249.6, 125.7, 1.975
[09:54:11] 249.6, 125.7, 1.978
[09:54:12] 249.6, 125.7, 1.978
[09:54:13] 249.7, 125.7, 1.981
[09:54:14] 249.7, 125.7, 1.980
[09:54:15] 249.8, 125.7, 1.107
[09:54:16] 155.9, 125.8, 1.107
[09:54:17] 140.1, 125.8, 1.105
[09:54:18] 140.1, 125.8, 1.103
<<<[09:54:32] 141.8, 125.8, 1.115
[09:54:33] 141.7, 125.9, 1.111
[09:54:34] 141.7, 125.8, 1.108
[09:54:35] 141.6, 125.8, 1.233
[09:54:36] 150.1, 125.9, 1.272
[09:54:37] 160.4, 125.9, 1.246
[09:54:38] 160.1, 125.8, 1.107
[09:54:39] 152.6, 125.8, 1.133
[09:54:40] 143.0, 125.8, 1.130
[09:54:41] 143.0, 125.8, 1.133
[09:54:42] 143.1, 125.8, 1.124
[09:54:43] 143.1, 125.7, 1.715
[09:54:44] 168.7, 125.8, 1.110
[09:54:45] 142.7, 125.8, 1.108
[09:54:46] 142.4, 125.9, 1.126
[09:54:47] 142.4, 125.8, 1.125
[09:54:48] 142.5, 125.7, 1.719
[09:54:49] 168.4, 125.9, 1.118
[09:54:50] 143.0, 125.9, 1.105
[09:54:51] 142.6, 125.8, 1.110
[09:54:52] 142.4, 125.8, 1.106
[09:54:53] 142.1, 125.7, 1.714
[09:54:54] 166.0, 125.7, 1.108
[09:54:55] 142.5, 125.7, 1.108
[09:54:56] 142.2, 125.7, 1.105
[09:54:57] 141.9, 125.7, 1.102
[09:54:58] 141.7, 125.5, 1.714
[09:54:59] 166.0, 125.7, 1.106
[09:55:00] 142.8, 125.7, 1.105
[09:55:01] 142.4, 125.7, 1.105
[09:55:02] 142.2, 125.7, 1.106
[09:55:03] 141.9, 125.6, 1.700
[09:55:04] 165.3, 125.7, 1.104
[09:55:05] 142.7, 125.7, 1.107
[09:55:06] 142.3, 125.7, 1.102
[09:55:07] 142.0, 125.7, 1.103
[09:55:08] 141.8, 125.6, 1.692
[09:55:09] 164.7, 125.7, 1.112
[09:55:10] 143.2, 125.7, 1.105
[09:55:11] 142.8, 125.8, 1.103
[09:55:12] 142.5, 125.8, 1.110
[09:55:13] 142.1, 125.7, 2.841
[09:55:14] 176.3, 125.8, 1.037
[09:55:15] 135.2, 125.7, 1.107
[09:55:16] 135.4, 125.6, 1.102
[09:55:17] 136.0, 125.7, 1.103
[09:55:18] 136.5, 125.6, 2.852
[09:55:19] 175.4, 125.7, 1.038
[09:55:20] 135.6, 125.7, 1.104
[09:55:21] 135.8, 125.7, 1.105
[09:55:22] 136.3, 125.8, 1.096
[09:55:23] 136.8, 125.7, 3.375
[09:55:24] 175.8, 125.8, 1.039
[09:55:25] 134.3, 125.8, 1.100
[09:55:26] 134.6, 125.8, 1.101
[09:55:27] 139.8, 125.7, 1.095
[09:55:28] 139.7, 125.6, 1.117
[09:55:29] 175.1, 125.7, 1.042
[09:55:30] 147.2, 125.7, 1.102
[09:55:31] 137.0, 125.8, 1.098
[09:55:32] 137.3, 125.8, 1.092
[09:55:33] 137.6, 125.8, 1.101
[09:55:34] 137.8, 125.9, 1.091
[09:55:35] 206.0, 125.8, 1.108
[09:55:36] 135.2, 125.8, 1.104
[09:55:37] 135.7, 125.8, 1.105
[09:55:38] 136.2, 125.8, 1.100
[09:55:39] 136.6, 125.6, 1.941
[09:55:40] 222.1, 125.8, 1.034
[09:55:41] 150.6, 125.8, 1.104
[09:55:42] 139.9, 125.8, 1.104
[09:55:43] 139.9, 125.8, 1.100
[09:55:44] 139.8, 125.8, 1.103
[09:55:45] 139.8, 125.7, 1.909
[09:55:46] 254.3, 125.9, 1.167
[09:55:47] 195.9, 125.9, 1.100
[09:55:48] 140.3, 125.9, 1.099
[09:55:49] 140.1, 125.9, 1.107
[09:55:50] 140.1, 125.8, 1.099
[09:55:51] 140.1, 125.7, 1.920
[09:55:52] 216.7, 125.7, 1.909
[09:55:53] 241.7, 125.6, 1.977
[09:55:54] 249.5, 125.8, 1.116
[09:55:55] 177.4, 125.8, 1.097
[09:55:56] 139.8, 125.8, 1.104
[09:55:57] 139.8, 125.9, 1.101
[09:55:58] 139.8, 125.9, 1.102
[09:55:59] 139.8, 125.7, 1.910
[09:56:00] 242.8, 125.7, 1.969
[09:56:01] 243.0, 125.7, 1.978
[09:56:02] 249.8, 125.6, 1.979
[09:56:03] 249.8, 125.7, 1.976
[09:56:04] 249.7, 125.6, 1.615
[09:56:05] 225.2, 125.7, 1.107
[09:56:06] 138.7, 125.7, 1.102
[09:56:07] 138.8, 125.7, 1.105
[09:56:08] 139.0, 125.7, 1.107
[09:56:09] 139.1, 125.6, 2.254
[09:56:10] 196.1, 125.6, 1.914
[09:56:11] 242.8, 125.6, 1.978
[09:56:12] 248.4, 125.6, 1.977
[09:56:13] 248.5, 125.6, 1.976
[09:56:14] 248.7, 125.7, 1.977
[09:56:15] 248.8, 125.7, 1.976
[09:56:16] 248.9, 125.6, 1.977
[09:56:17] 248.9, 125.6, 1.975
[09:56:18] 249.0, 125.6, 1.979
[09:56:19] 249.1, 125.6, 1.979
[09:56:20] 249.2, 125.7, 1.117
[09:56:21] 197.0, 125.7, 1.108
[09:56:22] 139.9, 125.8, 1.108
[09:56:23] 139.9, 125.7, 1.110
[09:56:24] 139.9, 125.8, 1.106
<<<[09:56:38] 141.7, 125.7, 1.113
[09:56:39] 141.6, 125.7, 1.116
[09:56:40] 141.5, 125.6, 1.112
[09:56:41] 141.6, 125.6, 1.207
[09:56:42] 158.0, 125.6, 1.275
[09:56:43] 158.1, 125.6, 1.272
[09:56:44] 158.2, 125.6, 1.122
[09:56:45] 151.2, 125.6, 1.132
[09:56:46] 143.6, 125.5, 1.133
[09:56:47] 143.6, 125.6, 1.141
[09:56:48] 143.6, 125.6, 1.133
[09:56:49] 143.7, 125.6, 1.697
[09:56:50] 172.3, 125.7, 1.109
[09:56:51] 139.2, 125.7, 1.111
[09:56:52] 139.4, 125.8, 1.121
[09:56:53] 139.7, 125.8, 1.118
[09:56:54] 140.0, 125.7, 1.695
[09:56:55] 171.4, 125.7, 1.110
[09:56:56] 138.5, 125.8, 1.105
[09:56:57] 138.7, 125.8, 1.108
[09:56:58] 139.0, 125.8, 1.109
[09:56:59] 139.2, 125.7, 1.710
[09:57:00] 170.9, 125.8, 1.109
[09:57:01] 138.3, 125.7, 1.107
[09:57:02] 138.5, 125.8, 1.104
[09:57:03] 138.7, 125.7, 1.102
[09:57:04] 138.9, 125.6, 1.699
[09:57:05] 169.8, 125.7, 1.111
[09:57:06] 138.3, 125.7, 1.105
[09:57:07] 138.5, 125.7, 1.100
[09:57:08] 138.7, 125.7, 1.098
[09:57:09] 138.8, 125.6, 1.705
[09:57:10] 170.0, 125.7, 1.109
[09:57:11] 138.5, 125.7, 1.104
[09:57:12] 138.7, 125.7, 1.106
[09:57:13] 138.9, 125.7, 1.103
[09:57:14] 139.0, 125.6, 1.704
[09:57:15] 169.3, 125.6, 1.104
[09:57:16] 138.3, 125.7, 1.108
[09:57:17] 138.5, 125.6, 1.106
[09:57:18] 138.6, 125.6, 1.106
[09:57:19] 138.8, 125.6, 1.714
[09:57:20] 169.3, 125.6, 1.108
[09:57:21] 137.9, 125.8, 1.102
[09:57:22] 138.1, 125.7, 1.103
[09:57:23] 138.3, 125.8, 1.103
[09:57:24] 138.5, 125.8, 2.030
[09:57:25] 179.0, 125.9, 1.035
[09:57:26] 130.0, 125.8, 1.096
[09:57:27] 138.3, 125.8, 1.102
[09:57:28] 138.4, 125.8, 1.100
[09:57:29] 138.5, 125.6, 2.399
[09:57:30] 178.3, 125.8, 1.036
[09:57:31] 130.5, 125.8, 1.096
[09:57:32] 138.1, 125.7, 1.094
[09:57:33] 138.2, 125.8, 1.101
[09:57:34] 138.4, 125.6, 3.307
[09:57:35] 180.3, 125.8, 1.030
[09:57:36] 140.5, 125.7, 1.101
[09:57:37] 140.1, 125.7, 1.107
[09:57:44] 136.5, 125.8, 1.096
wattsup: [error] Reading final time stamp: Bad address
[09:57:51] 163.1, 125.6, 1.910
wattsup: [error] Reading final time stamp: Bad address
[09:57:58] 225.7, 125.6, 1.912
wattsup: [error] Reading final time stamp: Bad address
[09:58:05] 140.0, 125.6, 1.909
wattsup: [error] Reading final time stamp: Bad address
[09:58:12] 140.3, 125.6, 1.099
[09:58:13] 140.2, 125.7, 1.102
[09:58:14] 140.1, 125.6, 1.932
[09:58:15] 204.9, 125.6, 1.915
[09:58:16] 242.0, 125.5, 1.977
[09:58:17] 248.5, 125.6, 1.974
[09:58:18] 248.6, 125.5, 1.977
[09:58:19] 248.6, 125.7, 1.973
[09:58:20] 248.7, 125.6, 1.974
[09:58:21] 248.8, 125.6, 1.975
[09:58:22] 248.9, 125.6, 1.976
[09:58:23] 248.9, 125.6, 1.977
[09:58:24] 249.0, 125.7, 1.976
[09:58:25] 249.1, 125.8, 1.144
[09:58:26] 189.5, 125.8, 1.108
[09:58:27] 140.1, 125.8, 1.109
[09:58:28] 140.1, 125.8, 1.104
[09:58:29] 140.1, 125.7, 1.107
