<<<[05:05:07] 140.7, 126.0, 1.101
[05:05:08] 140.8, 126.1, 1.116
[05:05:09] 141.0, 126.1, 1.127
[05:05:10] 141.3, 126.1, 1.238
[05:05:11] 149.9, 126.1, 1.267
[05:05:12] 158.8, 126.1, 1.266
[05:05:13] 158.8, 126.1, 1.252
[05:05:14] 158.8, 126.1, 1.254
[05:05:15] 158.7, 126.1, 1.234
[05:05:16] 158.6, 126.1, 1.262
[05:05:17] 158.6, 126.1, 1.246
[05:05:18] 158.4, 126.1, 1.234
[05:05:19] 158.3, 126.2, 1.232
[05:05:20] 158.2, 126.1, 1.167
[05:05:21] 157.8, 126.1, 1.175
[05:05:22] 149.2, 126.1, 1.179
[05:05:23] 149.2, 126.1, 1.172
[05:05:24] 149.2, 126.1, 1.173
[05:05:25] 149.2, 126.1, 1.625
[05:05:26] 172.9, 126.1, 1.114
[05:05:27] 140.5, 126.0, 1.103
[05:05:28] 140.5, 126.1, 1.102
[05:05:29] 140.6, 126.1, 1.096
[05:05:30] 140.7, 126.0, 1.627
[05:05:31] 168.5, 126.1, 1.117
[05:05:32] 140.3, 126.1, 1.110
[05:05:33] 140.3, 126.1, 1.107
[05:05:34] 140.4, 126.1, 1.115
[05:05:35] 140.5, 126.1, 1.585
[05:05:36] 179.2, 126.2, 1.042
[05:05:37] 131.8, 126.1, 1.113
[05:05:38] 141.4, 126.1, 1.113
[05:05:39] 141.3, 126.1, 1.107
[05:05:40] 141.4, 126.0, 1.666
[05:05:41] 181.0, 126.1, 1.040
[05:05:42] 132.3, 126.1, 1.105
[05:05:43] 140.7, 126.1, 1.109
[05:05:44] 140.7, 126.0, 1.125
[05:05:45] 140.8, 126.0, 1.964
[05:05:46] 190.6, 126.1, 1.050
[05:05:47] 137.8, 126.1, 1.108
[05:05:48] 138.0, 126.0, 1.113
[05:05:49] 138.4, 126.0, 1.112
[05:05:50] 138.8, 125.9, 2.887
[05:05:51] 192.3, 126.0, 1.039
[05:05:52] 136.5, 126.0, 1.101
[05:05:53] 136.8, 126.1, 1.096
[05:05:54] 137.3, 126.0, 1.102
[05:05:55] 137.8, 126.1, 1.113
[05:05:56] 180.3, 126.0, 1.066
[05:05:57] 180.2, 126.0, 1.103
[05:05:58] 138.1, 126.0, 1.104
[05:05:59] 138.5, 126.0, 1.110
[05:06:00] 138.9, 126.0, 1.114
[05:06:01] 139.2, 125.9, 2.221
[05:06:02] 261.9, 126.1, 1.053
[05:06:03] 152.1, 126.0, 1.103
[05:06:04] 140.8, 126.1, 1.099
[05:06:05] 140.7, 126.1, 1.104
[05:06:06] 140.8, 126.1, 1.113
[05:06:07] 140.8, 125.9, 2.198
[05:06:08] 292.4, 125.9, 1.611
[05:06:09] 237.7, 126.0, 1.106
[05:06:10] 139.9, 126.0, 1.109
[05:06:11] 140.0, 126.0, 1.104
[05:06:12] 140.1, 126.0, 1.114
[05:06:13] 140.2, 125.9, 2.275
[05:06:14] 218.5, 125.9, 2.199
[05:06:15] 278.6, 125.8, 2.266
[05:06:16] 285.3, 125.9, 1.633
[05:06:17] 248.7, 126.0, 1.099
[05:06:18] 140.1, 126.0, 1.105
[05:06:19] 140.2, 126.0, 1.105
[05:06:20] 140.3, 125.9, 1.114
[05:06:21] 140.5, 125.7, 2.692
[05:06:22] 206.6, 125.8, 2.197
[05:06:23] 279.1, 125.8, 2.266
[05:06:24] 284.8, 125.8, 2.263
[05:06:25] 284.9, 125.8, 2.263
[05:06:26] 285.1, 125.7, 2.266
[05:06:27] 285.3, 125.8, 2.230
[05:06:28] 271.4, 125.9, 1.105
[05:06:29] 144.8, 125.9, 1.103
[05:06:30] 144.3, 125.9, 1.106
[05:06:31] 143.9, 126.0, 1.103
[05:06:32] 143.6, 125.8, 2.637
[05:06:33] 184.5, 125.8, 2.198
[05:06:34] 276.2, 125.8, 2.263
[05:06:35] 283.5, 125.9, 2.265
[05:06:36] 283.8, 125.9, 2.262
[05:06:37] 284.2, 125.9, 2.264
[05:06:38] 284.5, 125.8, 2.266
[05:06:39] 284.7, 125.9, 2.269
[05:06:40] 285.0, 125.9, 2.268
[05:06:41] 285.2, 125.8, 2.269
[05:06:42] 285.5, 125.8, 2.269
[05:06:43] 285.7, 125.8, 2.273
[05:06:44] 285.8, 125.9, 2.270
[05:06:45] 286.0, 126.0, 1.111
[05:06:46] 164.9, 126.0, 1.110
[05:06:47] 141.2, 126.0, 1.109
[05:06:48] 141.2, 126.0, 1.118
