<<<[03:07:36] 141.8, 126.4, 1.109
[03:07:37] 141.7, 126.4, 1.112
[03:07:38] 141.6, 126.5, 1.101
[03:07:39] 141.5, 126.5, 1.125
[03:07:40] 141.8, 126.4, 1.154
[03:07:41] 152.8, 126.4, 1.109
[03:07:42] 141.2, 126.4, 1.108
[03:07:43] 141.2, 126.5, 1.124
[03:07:44] 141.3, 126.5, 1.124
[03:07:45] 141.5, 126.4, 1.413
[03:07:46] 161.8, 126.4, 1.093
[03:07:47] 149.4, 126.4, 1.101
[03:07:48] 139.6, 126.4, 1.107
[03:07:49] 139.7, 126.5, 1.110
[03:07:50] 139.8, 126.4, 1.395
[03:07:51] 160.0, 126.4, 1.115
[03:07:52] 150.4, 126.5, 1.125
[03:07:53] 142.8, 126.5, 1.116
[03:07:54] 142.7, 126.5, 1.101
[03:07:55] 142.5, 126.4, 1.379
[03:07:56] 159.5, 126.4, 1.098
[03:07:57] 149.7, 126.4, 1.106
[03:07:58] 140.7, 126.4, 1.103
[03:07:59] 140.6, 126.4, 1.110
[03:08:00] 140.7, 126.4, 1.356
[03:08:01] 158.6, 126.5, 1.100
[03:08:02] 149.5, 126.4, 1.095
[03:08:03] 140.1, 126.4, 1.107
[03:08:04] 140.1, 126.4, 1.100
[03:08:05] 140.2, 126.4, 1.350
[03:08:06] 158.4, 126.4, 1.096
[03:08:07] 149.5, 126.4, 1.102
[03:08:08] 139.9, 126.4, 1.096
[03:08:09] 139.9, 126.4, 1.101
[03:08:10] 140.0, 126.4, 1.327
[03:08:11] 158.0, 126.5, 1.102
[03:08:12] 149.9, 126.5, 1.099
[03:08:13] 140.1, 126.4, 1.103
[03:08:14] 140.1, 126.5, 1.096
[03:08:15] 140.1, 126.4, 1.311
[03:08:16] 157.3, 126.4, 1.092
[03:08:17] 149.9, 126.5, 1.095
[03:08:18] 139.9, 126.5, 1.094
[03:08:19] 162.7, 126.5, 1.091
[03:08:20] 139.8, 126.4, 1.277
[03:08:21] 157.0, 126.5, 1.093
[03:08:22] 150.3, 126.5, 1.094
[03:08:23] 139.6, 126.4, 1.102
[03:08:24] 139.6, 126.5, 1.097
[03:08:25] 139.7, 126.2, 2.814
[03:08:26] 170.9, 126.4, 1.027
[03:08:27] 140.7, 126.4, 1.097
[03:08:28] 140.2, 126.5, 1.098
[03:08:29] 140.1, 126.5, 1.101
[03:08:30] 140.0, 126.4, 1.117
[03:08:31] 170.9, 126.5, 1.027
[03:08:32] 140.5, 126.5, 1.091
[03:08:33] 139.9, 126.5, 1.103
[03:08:34] 140.0, 126.5, 1.098
[03:08:35] 139.9, 126.5, 1.097
[03:08:36] 169.1, 126.5, 1.059
[03:08:37] 155.1, 126.4, 1.098
[03:08:38] 135.8, 126.4, 1.094
[03:08:39] 136.3, 126.4, 1.100
[03:08:40] 136.6, 126.4, 1.095
[03:08:41] 137.0, 126.4, 0.978
[03:08:42] 195.5, 126.4, 1.097
[03:08:43] 135.1, 126.4, 1.098
[03:08:44] 135.6, 126.4, 1.092
[03:08:45] 136.1, 126.5, 1.095
[03:08:46] 136.6, 126.4, 1.757
[03:08:47] 218.5, 126.5, 1.036
[03:08:48] 132.3, 126.5, 1.098
[03:08:49] 139.0, 126.5, 1.100
[03:08:50] 139.0, 126.5, 1.094
[03:08:51] 139.0, 126.3, 3.289
[03:08:52] 181.6, 126.4, 1.637
[03:08:53] 226.3, 126.5, 1.103
[03:08:54] 136.7, 126.5, 1.097
[03:08:55] 137.0, 126.5, 1.093
[03:08:56] 137.4, 126.5, 1.097
[03:08:57] 137.7, 126.3, 3.005
[03:08:58] 186.1, 126.3, 1.887
[03:08:59] 240.0, 126.4, 1.606
[03:09:00] 229.2, 126.5, 1.099
[03:09:01] 138.3, 126.4, 1.096
[03:09:02] 138.4, 126.5, 1.099
[03:09:03] 138.6, 126.5, 1.098
[03:09:04] 138.8, 126.4, 2.371
[03:09:05] 194.8, 126.3, 1.889
[03:09:06] 240.8, 126.3, 1.951
[03:09:07] 241.4, 126.4, 1.950
[03:09:08] 247.6, 126.4, 1.588
[03:09:09] 209.4, 126.4, 1.095
[03:09:10] 139.9, 126.5, 1.093
[03:09:11] 139.8, 126.5, 1.098
[03:09:12] 139.8, 126.4, 1.097
[03:09:13] 139.8, 126.4, 1.882
[03:09:14] 214.9, 126.3, 1.886
[03:09:15] 239.7, 126.3, 1.951
[03:09:16] 247.6, 126.3, 1.950
[03:09:17] 247.5, 126.4, 1.947
[03:09:18] 247.5, 126.4, 1.950
[03:09:19] 247.6, 126.3, 1.952
[03:09:20] 247.6, 126.4, 1.953
[03:09:21] 247.6, 126.4, 1.121
[03:09:22] 168.2, 126.5, 1.097
[03:09:23] 140.1, 126.4, 1.101
[03:09:24] 140.1, 126.4, 1.098
[03:09:25] 140.0, 126.4, 1.100
[03:09:26] 140.0, 126.3, 1.888
[03:09:27] 251.8, 126.2, 1.957
[03:09:28] 242.9, 126.2, 1.954
[03:09:29] 243.5, 126.2, 1.950
[03:09:30] 244.0, 126.3, 1.957
[03:09:31] 244.5, 126.2, 1.956
[03:09:32] 245.0, 126.3, 1.958
[03:09:33] 245.4, 126.3, 1.957
[03:09:34] 245.8, 126.3, 1.956
[03:09:35] 246.2, 126.3, 1.952
[03:09:36] 246.4, 126.3, 1.955
[03:09:37] 246.6, 126.3, 1.956
[03:09:38] 246.8, 126.3, 1.955
[03:09:39] 247.0, 126.3, 1.957
[03:09:40] 247.1, 126.3, 1.956
[03:09:41] 247.3, 126.4, 1.101
[03:09:42] 168.7, 126.4, 1.106
[03:09:43] 140.7, 126.4, 1.100
[03:09:44] 140.6, 126.4, 1.100
