<<<[03:35:59] 144.9, 126.3, 1.113
[03:36:00] 144.5, 126.4, 1.111
[03:36:01] 144.0, 126.4, 1.115
[03:36:02] 143.8, 126.3, 1.251
[03:36:03] 152.8, 126.4, 1.112
[03:36:04] 142.1, 126.4, 1.106
[03:36:05] 142.0, 126.4, 1.110
[03:36:06] 142.0, 126.4, 1.123
[03:36:07] 142.1, 126.4, 1.126
[03:36:08] 142.3, 126.5, 1.119
[03:36:09] 169.4, 126.5, 1.108
[03:36:10] 141.4, 126.4, 1.107
[03:36:11] 141.3, 126.5, 1.112
[03:36:12] 141.3, 126.5, 1.118
[03:36:13] 141.4, 126.5, 1.129
[03:36:14] 170.0, 126.5, 1.122
[03:36:15] 143.0, 126.5, 1.120
[03:36:16] 143.0, 126.5, 1.110
[03:36:17] 142.9, 126.5, 1.110
[03:36:18] 142.7, 126.4, 1.116
[03:36:19] 168.2, 126.5, 1.101
[03:36:20] 140.7, 126.5, 1.108
[03:36:21] 140.7, 126.4, 1.115
[03:36:22] 140.8, 126.5, 1.113
[03:36:23] 140.9, 126.4, 1.115
[03:36:24] 168.4, 126.5, 1.104
[03:36:25] 140.5, 126.5, 1.107
[03:36:26] 140.5, 126.4, 1.101
[03:36:27] 140.5, 126.5, 1.103
[03:36:28] 140.6, 126.5, 1.110
[03:36:29] 167.8, 126.5, 1.096
[03:36:30] 139.9, 126.5, 1.093
[03:36:31] 139.9, 126.4, 1.095
[03:36:32] 139.9, 126.4, 1.096
[03:36:33] 140.0, 126.4, 1.127
[03:36:34] 168.2, 126.4, 1.102
[03:36:35] 140.1, 126.4, 1.098
[03:36:36] 140.0, 126.4, 1.121
[03:36:37] 140.2, 126.3, 1.094
[03:36:38] 140.1, 126.4, 1.110
[03:36:39] 167.5, 126.4, 1.103
[03:36:40] 139.6, 126.4, 1.094
[03:36:41] 139.6, 126.3, 1.098
[03:36:42] 139.6, 126.3, 1.095
[03:36:43] 139.7, 126.3, 1.108
[03:36:44] 167.3, 126.3, 1.091
[03:36:45] 139.6, 126.2, 1.097
[03:36:46] 139.6, 126.4, 1.102
[03:36:47] 139.6, 126.3, 1.103
[03:36:48] 139.7, 126.3, 1.042
[03:36:49] 173.6, 126.3, 1.094
[03:36:50] 134.3, 126.3, 1.095
[03:36:51] 139.6, 126.3, 1.099
[03:36:52] 139.6, 126.4, 1.099
[03:36:53] 139.6, 126.4, 1.052
[03:36:54] 172.9, 126.3, 1.057
[03:36:55] 133.8, 126.4, 1.092
[03:36:56] 139.8, 126.4, 1.101
[03:36:57] 139.8, 126.4, 1.096
[03:36:58] 139.8, 126.4, 1.125
[03:36:59] 183.2, 126.4, 1.035
[03:37:00] 133.8, 126.3, 1.090
[03:37:01] 139.6, 126.3, 1.097
[03:37:02] 139.6, 126.3, 1.099
[03:37:03] 139.7, 126.3, 1.827
[03:37:04] 202.6, 126.3, 1.034
[03:37:05] 135.8, 126.4, 1.097
[03:37:06] 136.2, 126.3, 1.103
[03:37:07] 136.7, 126.4, 1.091
[03:37:08] 137.1, 126.3, 1.106
[03:37:09] 174.2, 126.3, 1.557
[03:37:10] 210.5, 126.4, 1.092
[03:37:11] 134.9, 126.4, 1.096
[03:37:12] 135.4, 126.4, 1.092
[03:37:13] 136.0, 126.4, 1.098
[03:37:14] 136.5, 126.3, 2.326
[03:37:15] 192.6, 126.3, 1.846
[03:37:16] 235.3, 126.4, 1.112
[03:37:17] 174.7, 126.4, 1.095
[03:37:18] 139.9, 126.4, 1.094
[03:37:19] 139.9, 126.4, 1.092
[03:37:20] 139.8, 126.3, 1.096
[03:37:21] 139.9, 126.3, 1.847
[03:37:22] 237.1, 126.3, 1.881
[03:37:23] 237.0, 126.3, 1.902
[03:37:24] 237.6, 126.4, 1.103
[03:37:25] 179.4, 126.4, 1.092
[03:37:26] 139.9, 126.3, 1.109
[03:37:27] 139.9, 126.3, 1.097
[03:37:28] 139.9, 126.4, 1.100
[03:37:29] 139.9, 126.4, 1.869
[03:37:30] 229.4, 126.3, 1.849
[03:37:31] 236.1, 126.3, 1.908
[03:37:32] 242.2, 126.3, 1.911
[03:37:33] 242.2, 126.3, 1.913
[03:37:34] 242.3, 126.3, 1.913
[03:37:35] 242.4, 126.4, 1.175
[03:37:36] 198.6, 126.4, 1.104
[03:37:37] 140.3, 126.4, 1.099
[03:37:38] 140.2, 126.4, 1.097
[03:37:39] 140.2, 126.4, 1.096
[03:37:40] 140.1, 126.3, 1.854
[03:37:41] 214.2, 126.3, 1.849
[03:37:42] 234.6, 126.3, 1.912
[03:37:43] 242.9, 126.3, 1.908
[03:37:44] 242.8, 126.3, 1.916
[03:37:45] 242.9, 126.3, 1.913
[03:37:46] 242.9, 126.3, 1.910
[03:37:47] 242.9, 126.2, 1.914
[03:37:48] 242.9, 126.3, 1.913
[03:37:49] 242.9, 126.3, 1.913
[03:37:50] 242.9, 126.3, 1.915
[03:37:51] 242.9, 126.3, 1.909
[03:37:52] 242.9, 126.4, 1.404
[03:37:53] 212.9, 126.4, 1.111
[03:37:54] 141.6, 126.3, 1.097
[03:37:55] 141.4, 126.4, 1.103
[03:37:56] 141.2, 126.4, 1.109
