<<<[20:00:21] 140.2, 126.1, 1.107
[20:00:22] 140.3, 126.1, 1.106
[20:00:23] 140.4, 126.1, 1.111
[20:00:24] 140.5, 126.1, 1.255
[20:00:25] 151.9, 126.0, 1.206
[20:00:26] 158.0, 126.1, 1.274
[20:00:27] 158.3, 126.1, 1.252
[20:00:28] 158.4, 126.1, 1.223
[20:00:29] 158.4, 126.1, 1.237
[20:00:30] 158.5, 126.0, 1.246
[20:00:31] 158.5, 126.1, 1.234
[20:00:32] 158.4, 126.1, 1.231
[20:00:33] 158.4, 126.0, 1.253
[20:00:34] 158.3, 126.0, 1.251
[20:00:35] 158.3, 126.0, 1.227
[20:00:36] 158.2, 126.0, 1.252
[20:00:37] 158.0, 126.0, 1.230
[20:00:38] 157.9, 125.9, 1.232
[20:00:39] 157.9, 126.0, 1.232
[20:00:40] 157.7, 125.9, 1.236
[20:00:41] 157.6, 125.9, 1.276
[20:00:42] 157.8, 125.9, 1.256
[20:00:43] 158.0, 126.0, 1.244
[20:00:44] 158.1, 125.9, 1.111
[20:00:45] 150.3, 126.0, 1.108
[20:00:46] 141.2, 126.0, 1.115
[20:00:47] 141.2, 126.0, 1.099
[20:00:48] 141.0, 126.0, 1.101
[20:00:49] 140.9, 125.9, 1.661
[20:00:50] 184.7, 126.0, 1.043
[20:00:51] 130.3, 126.0, 1.102
[20:00:52] 139.2, 126.0, 1.101
[20:00:53] 139.3, 125.9, 1.096
[20:00:54] 139.4, 125.9, 1.935
[20:00:55] 185.4, 126.1, 1.043
[20:00:56] 130.7, 126.1, 1.108
[20:00:57] 139.2, 126.1, 1.103
[20:00:58] 139.3, 126.1, 1.103
[20:00:59] 139.4, 125.9, 2.930
[20:01:00] 190.8, 126.1, 1.043
[20:01:01] 139.8, 126.0, 1.100
[20:01:02] 139.6, 126.1, 1.104
[20:01:03] 139.7, 126.1, 1.106
[20:01:04] 139.8, 126.1, 1.102
[20:01:05] 176.7, 126.1, 1.007
[20:01:06] 183.2, 126.1, 1.108
[20:01:07] 136.9, 126.1, 1.095
[20:01:08] 137.3, 126.1, 1.098
[20:01:09] 137.6, 126.1, 1.100
[20:01:10] 137.9, 125.9, 2.198
[20:01:11] 257.4, 126.1, 1.046
[20:01:12] 157.0, 126.1, 1.102
[20:01:13] 139.9, 126.1, 1.097
[20:01:14] 139.9, 126.0, 1.098
[20:01:15] 140.0, 126.1, 1.103
[20:01:16] 139.9, 125.9, 2.173
[20:01:17] 288.7, 126.0, 1.611
[20:01:18] 241.7, 126.0, 1.110
[20:01:19] 138.5, 126.0, 1.101
[20:01:20] 138.6, 126.0, 1.107
[20:01:21] 138.9, 126.0, 1.100
[20:01:22] 139.0, 125.8, 2.298
[20:01:23] 215.1, 125.9, 2.173
[20:01:24] 275.5, 125.8, 2.241
[20:01:25] 281.5, 126.0, 1.616
[20:01:26] 252.5, 126.0, 1.103
[20:01:27] 138.5, 125.9, 1.103
[20:01:28] 138.7, 125.9, 1.114
[20:01:29] 138.9, 125.9, 1.100
[20:01:30] 139.1, 125.8, 2.740
[20:01:31] 206.0, 125.8, 2.177
[20:01:32] 275.9, 125.8, 2.240
[20:01:33] 281.7, 125.8, 2.240
[20:01:34] 281.8, 125.8, 2.241
[20:01:35] 282.0, 125.8, 2.241
[20:01:36] 282.2, 125.8, 2.073
[20:01:37] 265.0, 126.0, 1.103
[20:01:38] 150.8, 126.0, 1.103
[20:01:39] 140.5, 126.0, 1.103
[20:01:40] 140.5, 126.0, 1.110
[20:01:41] 140.5, 125.8, 3.489
[20:01:42] 189.0, 125.8, 2.174
[20:01:43] 273.9, 125.8, 2.238
[20:01:44] 280.6, 125.8, 2.244
[20:01:45] 280.9, 125.9, 2.242
[20:01:46] 281.2, 125.9, 2.244
[20:01:47] 281.6, 125.8, 2.245
[20:01:48] 281.8, 125.8, 2.246
[20:01:49] 282.1, 125.9, 2.245
[20:01:50] 282.3, 125.8, 2.247
[20:01:51] 282.5, 125.9, 2.246
[20:01:52] 282.7, 125.9, 2.247
[20:01:53] 282.8, 125.8, 2.245
[20:01:54] 283.0, 126.0, 1.106
[20:01:55] 147.5, 126.0, 1.104
[20:01:56] 140.7, 126.0, 1.102
[20:01:57] 140.7, 126.0, 1.103
