<<<[15:03:28] 142.1, 124.9, 1.142
[15:03:29] 142.1, 124.9, 1.150
[15:03:30] 142.2, 124.9, 1.154
[15:03:31] 142.4, 124.9, 1.155
[15:03:32] 142.7, 124.9, 1.129
[15:03:33] 142.7, 124.9, 1.131
[15:03:34] 142.7, 124.9, 1.154
[15:03:35] 142.8, 124.9, 1.129
<<<[03:07:26] 140.2, 126.4, 1.104
[03:07:27] 140.3, 126.4, 1.111
[03:07:28] 140.4, 126.5, 1.107
[03:07:29] 140.4, 126.4, 1.144
[03:07:30] 140.7, 126.4, 1.110
[03:07:31] 140.8, 126.4, 1.116
[03:07:32] 140.9, 126.4, 1.119
[03:07:33] 141.0, 126.4, 1.119
