<<<[02:03:40] 139.4, 126.2, 1.097
[02:03:41] 139.6, 126.3, 1.103
[02:03:42] 139.7, 126.3, 1.108
[02:03:43] 140.0, 126.2, 1.103
[02:03:44] 140.4, 126.3, 1.113
[02:03:45] 140.5, 126.2, 1.109
[02:03:46] 140.8, 126.3, 1.109
[02:03:47] 141.0, 126.2, 1.130
[02:03:48] 141.3, 126.2, 1.270
[02:03:49] 170.2, 126.3, 1.129
[02:03:50] 144.3, 126.3, 1.122
[02:03:51] 144.0, 126.3, 1.114
[02:03:52] 143.8, 126.3, 1.113
[02:03:53] 143.5, 126.3, 1.271
[02:03:54] 168.2, 126.3, 1.114
[02:03:55] 142.1, 126.3, 1.117
[02:03:56] 142.0, 126.3, 1.107
[02:03:57] 142.0, 126.3, 1.105
[02:03:58] 141.9, 126.3, 1.269
[02:03:59] 167.8, 126.3, 1.101
[02:04:00] 140.8, 126.2, 1.101
[02:04:01] 140.7, 126.3, 1.104
[02:04:02] 140.7, 126.3, 1.103
[02:04:03] 140.8, 126.3, 1.279
[02:04:04] 167.6, 126.3, 1.102
[02:04:05] 141.2, 126.2, 1.107
[02:04:06] 141.1, 126.2, 1.101
[02:04:07] 141.0, 126.3, 1.095
[02:04:08] 140.9, 126.3, 1.287
[02:04:09] 167.1, 126.3, 1.094
[02:04:10] 140.5, 126.3, 1.096
[02:04:11] 140.4, 126.3, 1.097
[02:04:12] 140.3, 126.3, 1.103
[02:04:13] 140.3, 126.3, 1.288
[02:04:14] 166.7, 126.3, 1.104
[02:04:15] 140.8, 126.3, 1.099
[02:04:16] 140.7, 126.3, 1.094
[02:04:17] 140.5, 126.3, 1.095
[02:04:18] 140.5, 126.3, 1.308
[02:04:19] 166.5, 126.3, 1.098
[02:04:20] 140.3, 126.3, 1.090
[02:04:21] 140.1, 126.3, 1.093
[02:04:22] 140.1, 126.3, 1.089
[02:04:23] 140.0, 126.3, 1.308
[02:04:24] 165.8, 126.3, 1.098
[02:04:25] 140.5, 126.3, 1.102
[02:04:26] 140.4, 126.3, 1.096
[02:04:27] 140.3, 126.3, 1.092
[02:04:28] 140.2, 126.3, 1.286
[02:04:29] 174.9, 126.3, 1.029
[02:04:30] 132.3, 126.3, 1.100
[02:04:31] 139.9, 126.3, 1.097
[02:04:32] 139.8, 126.3, 1.091
[02:04:33] 139.7, 126.2, 1.589
[02:04:34] 190.1, 126.3, 1.033
[02:04:35] 129.6, 126.3, 1.094
[02:04:36] 139.8, 126.3, 1.097
[02:04:37] 139.7, 126.3, 1.094
[02:04:38] 139.7, 126.3, 1.811
[02:04:39] 188.1, 126.3, 1.021
[02:04:40] 140.5, 126.3, 1.090
[02:04:41] 140.2, 126.3, 1.096
[02:04:42] 140.2, 126.3, 1.096
[02:04:43] 140.1, 126.1, 3.394
[02:04:44] 178.3, 126.3, 1.004
[02:04:45] 170.4, 126.3, 1.096
[02:04:46] 137.0, 126.3, 1.098
[02:04:47] 137.3, 126.3, 1.094
[02:04:48] 137.5, 126.3, 1.091
[02:04:49] 137.8, 126.2, 1.760
[02:04:50] 224.1, 126.3, 1.068
[02:04:51] 156.6, 126.3, 1.094
[02:04:52] 139.4, 126.3, 1.090
[02:04:53] 139.4, 126.3, 1.095
[02:04:54] 139.4, 126.3, 1.095
[02:04:55] 139.5, 126.2, 1.752
[02:04:56] 238.4, 126.2, 1.649
[02:04:57] 215.4, 126.3, 1.093
[02:04:58] 137.4, 126.3, 1.097
[02:04:59] 137.7, 126.3, 1.094
[02:05:00] 137.8, 126.3, 1.092
[02:05:01] 138.1, 126.2, 2.692
[02:05:02] 182.7, 126.2, 1.753
[02:05:03] 223.0, 126.2, 1.816
[02:05:04] 229.0, 126.2, 1.816
[02:05:05] 229.1, 126.3, 1.109
[02:05:06] 162.4, 126.3, 1.100
[02:05:07] 139.9, 126.3, 1.095
[02:05:08] 139.8, 126.2, 1.093
[02:05:09] 139.8, 126.3, 1.096
[02:05:10] 146.5, 126.2, 1.755
[02:05:11] 234.2, 126.2, 1.819
[02:05:12] 226.1, 126.2, 1.819
[02:05:13] 226.6, 126.2, 1.818
[02:05:14] 227.1, 126.2, 1.819
[02:05:15] 227.6, 126.2, 1.819
[02:05:16] 228.0, 126.2, 1.614
[02:05:17] 219.2, 126.3, 1.101
[02:05:18] 137.8, 126.3, 1.101
[02:05:19] 138.0, 126.3, 1.099
[02:05:20] 138.3, 126.3, 1.096
[02:05:21] 138.4, 126.2, 2.245
[02:05:22] 188.1, 126.2, 1.755
[02:05:23] 223.7, 126.2, 1.820
[02:05:24] 229.2, 126.2, 1.820
[02:05:25] 229.4, 126.2, 1.821
[02:05:26] 229.5, 126.2, 1.823
[02:05:27] 229.7, 126.1, 1.823
[02:05:28] 229.9, 126.2, 1.823
[02:05:29] 230.0, 126.2, 1.820
[02:05:30] 230.2, 126.2, 1.820
[02:05:31] 230.3, 126.2, 1.819
[02:05:32] 230.4, 126.2, 1.822
[02:05:33] 230.5, 126.2, 1.821
[02:05:34] 230.5, 126.2, 1.822
[02:05:35] 219.4, 126.3, 1.102
[02:05:36] 139.6, 126.3, 1.097
[02:05:37] 139.6, 126.3, 1.100
[02:05:38] 139.6, 126.3, 1.095
