<<<[05:37:46] 140.7, 125.9, 1.111
[05:37:47] 140.9, 125.9, 1.132
[05:37:48] 141.2, 125.8, 1.145
[05:37:49] 141.6, 125.8, 1.267
[05:37:50] 152.1, 125.9, 1.169
[05:37:51] 151.8, 125.9, 1.173
[05:37:52] 151.4, 125.8, 1.176
[05:37:53] 151.1, 125.9, 1.175
[05:37:54] 150.8, 125.9, 1.173
[05:37:55] 150.5, 125.9, 1.119
[05:37:56] 170.0, 125.9, 1.110
[05:37:57] 141.6, 125.9, 1.111
[05:37:58] 141.5, 125.9, 1.112
[05:37:59] 141.5, 125.9, 1.126
[05:38:00] 141.5, 125.9, 1.121
[05:38:01] 168.0, 125.9, 1.112
[05:38:02] 141.4, 125.9, 1.112
[05:38:03] 141.3, 125.8, 1.108
[05:38:04] 141.3, 125.9, 1.107
[05:38:05] 141.2, 125.8, 1.126
[05:38:06] 168.0, 125.8, 1.107
[05:38:07] 140.8, 125.9, 1.110
[05:38:08] 140.8, 125.9, 1.106
[05:38:09] 140.8, 125.9, 1.107
[05:38:10] 140.8, 125.8, 1.123
[05:38:11] 167.8, 125.8, 1.110
[05:38:12] 141.0, 125.8, 1.109
[05:38:13] 141.0, 125.9, 1.105
[05:38:14] 140.9, 125.9, 1.107
[05:38:15] 140.9, 125.9, 1.116
[05:38:16] 167.5, 125.9, 1.104
[05:38:17] 140.7, 125.9, 1.106
[05:38:18] 140.7, 125.9, 1.109
[05:38:19] 140.7, 125.9, 1.113
[05:38:20] 140.7, 125.9, 1.120
[05:38:21] 168.0, 126.0, 1.112
[05:38:22] 141.0, 126.0, 1.100
[05:38:23] 141.0, 125.9, 1.103
[05:38:24] 140.9, 126.0, 1.102
[05:38:25] 140.8, 125.9, 1.114
[05:38:26] 166.9, 125.9, 1.106
[05:38:27] 140.3, 125.9, 1.102
[05:38:28] 140.2, 126.0, 1.104
[05:38:29] 140.2, 125.9, 1.104
[05:38:30] 140.3, 126.0, 1.091
[05:38:31] 176.3, 125.9, 1.044
[05:38:32] 134.0, 125.9, 1.105
[05:38:33] 141.0, 125.9, 1.101
[05:38:34] 140.8, 125.9, 1.103
[05:38:35] 140.8, 125.9, 1.084
[05:38:36] 174.5, 125.9, 1.038
[05:38:37] 133.1, 125.9, 1.100
[05:38:38] 140.1, 125.9, 1.100
[05:38:39] 140.1, 125.9, 1.104
[05:38:40] 140.0, 125.9, 1.593
[05:38:41] 189.0, 125.9, 1.038
[05:38:42] 131.3, 125.9, 1.104
[05:38:43] 140.7, 125.9, 1.102
[05:38:44] 140.6, 125.9, 1.107
[05:38:45] 140.5, 125.9, 1.905
[05:38:46] 194.1, 125.9, 1.043
[05:38:47] 135.4, 125.9, 1.105
[05:38:48] 135.9, 125.9, 1.103
[05:38:49] 136.4, 125.9, 1.096
[05:38:50] 136.8, 125.7, 2.926
[05:38:51] 178.0, 126.0, 1.063
[05:38:52] 185.9, 125.9, 1.105
[05:38:53] 137.6, 125.9, 1.110
[05:38:54] 137.8, 125.9, 1.103
[05:38:55] 138.1, 125.9, 1.104
[05:38:56] 138.3, 125.8, 1.895
[05:38:57] 220.3, 125.9, 1.054
[05:38:58] 191.0, 125.9, 1.100
[05:38:59] 140.5, 125.9, 1.099
[05:39:00] 140.3, 125.9, 1.098
[05:39:01] 140.3, 125.9, 1.102
[05:39:02] 140.3, 125.8, 1.846
[05:39:03] 211.6, 125.9, 1.866
[05:39:04] 235.9, 125.9, 1.621
[05:39:05] 219.0, 126.0, 1.100
[05:39:06] 139.4, 125.9, 1.105
[05:39:07] 139.5, 126.0, 1.101
[05:39:08] 139.5, 125.9, 1.105
[05:39:09] 139.6, 125.9, 2.271
[05:39:10] 193.0, 125.9, 1.865
[05:39:11] 236.8, 125.8, 1.926
[05:39:12] 242.8, 125.8, 1.927
[05:39:13] 242.9, 125.9, 1.924
[05:39:14] 242.9, 126.0, 1.099
[05:39:15] 155.7, 125.9, 1.097
[05:39:16] 139.9, 126.0, 1.092
[05:39:17] 139.8, 126.0, 1.102
[05:39:18] 139.9, 126.0, 1.105
[05:39:19] 154.6, 125.8, 1.868
[05:39:20] 242.2, 125.9, 1.928
[05:39:21] 241.8, 125.8, 1.926
[05:39:22] 242.0, 125.9, 1.925
[05:39:23] 242.2, 125.9, 1.925
[05:39:24] 242.4, 125.9, 1.926
[05:39:25] 242.6, 125.9, 1.928
[05:39:26] 242.7, 125.9, 1.928
[05:39:27] 242.9, 125.9, 1.643
[05:39:28] 231.4, 126.0, 1.106
[05:39:29] 142.8, 126.0, 1.107
[05:39:30] 142.4, 125.9, 1.111
[05:39:31] 142.2, 125.9, 1.107
[05:39:32] 141.9, 125.8, 2.702
[05:39:33] 188.5, 125.8, 1.861
[05:39:34] 236.6, 125.8, 1.927
[05:39:35] 242.2, 125.8, 1.928
[05:39:36] 242.4, 125.8, 1.931
[05:39:37] 242.6, 125.8, 1.933
[05:39:38] 242.8, 125.8, 1.933
[05:39:39] 243.1, 125.8, 1.932
[05:39:40] 243.2, 125.8, 1.934
[05:39:41] 243.4, 125.8, 1.933
[05:39:42] 243.6, 125.8, 1.934
[05:39:43] 243.7, 125.8, 1.935
[05:39:44] 243.9, 125.8, 1.935
[05:39:45] 244.0, 125.8, 1.935
[05:39:46] 244.1, 125.9, 1.934
[05:39:47] 244.2, 125.8, 1.936
[05:39:48] 244.3, 125.9, 1.933
[05:39:49] 244.4, 125.9, 1.936
[05:39:50] 244.4, 126.0, 1.110
[05:39:51] 147.7, 126.0, 1.106
[05:39:52] 140.7, 126.0, 1.110
[05:39:53] 140.7, 125.9, 1.110
