<<<[18:48:17] 141.3, 125.6, 1.137
[18:48:18] 141.5, 125.6, 1.136
[18:48:19] 141.8, 125.6, 1.136
[18:48:20] 142.3, 125.6, 1.260
[18:48:21] 159.3, 125.6, 1.134
[18:48:22] 151.2, 125.5, 1.171
[18:48:23] 150.6, 125.5, 1.168
[18:48:24] 150.3, 125.5, 1.188
[18:48:25] 150.3, 125.6, 1.187
[18:48:26] 150.2, 125.5, 1.649
[18:48:33] 139.4, 125.6, 1.113
wattsup: [error] Reading final time stamp: Bad address
[18:48:40] 139.3, 125.6, 1.108
wattsup: [error] Reading final time stamp: Bad address
[18:48:47] 169.4, 125.6, 1.103
[18:48:49] 138.8, 125.6, 1.113
[18:48:50] 139.1, 125.5, 1.670
[18:48:52] 138.3, 125.6, 1.108
[18:48:53] 138.5, 125.5, 1.105
[18:48:54] 138.6, 125.5, 1.104
[18:48:55] 138.8, 125.5, 1.673
[18:48:56] 169.3, 125.5, 1.105
[18:48:57] 138.5, 125.5, 1.101
[18:48:58] 138.6, 125.4, 1.102
[18:48:59] 138.7, 125.5, 1.104
[18:49:00] 138.9, 125.5, 1.735
[18:49:01] 180.3, 125.5, 1.037
[18:49:02] 130.0, 125.5, 1.107
[18:49:03] 138.7, 125.5, 1.100
[18:49:04] 138.8, 125.5, 1.102
[18:49:05] 138.9, 125.5, 1.954
[18:49:06] 179.6, 125.6, 1.037
[18:49:07] 130.0, 125.6, 1.100
[18:49:08] 138.5, 125.6, 1.104
[18:49:09] 138.6, 125.6, 1.107
[18:49:10] 138.8, 125.5, 2.464
[18:49:11] 181.6, 125.6, 1.039
[18:49:12] 140.5, 125.5, 1.106
[18:49:13] 140.2, 125.6, 1.103
[18:49:14] 140.1, 125.6, 1.099
[18:49:15] 140.0, 125.3, 3.345
[18:49:16] 182.5, 125.6, 1.053
[18:49:17] 151.5, 125.6, 1.097
[18:49:18] 137.2, 125.6, 1.102
[18:49:19] 137.5, 125.6, 1.110
[18:49:20] 137.8, 125.6, 1.110
[18:49:21] 147.9, 125.6, 1.327
[18:49:22] 210.4, 125.6, 1.106
[18:49:23] 136.1, 125.6, 1.104
[18:49:24] 136.5, 125.6, 1.093
[18:49:25] 136.9, 125.6, 1.104
[18:49:26] 137.3, 125.5, 1.929
[18:49:27] 216.5, 125.6, 1.016
[18:49:28] 181.2, 125.7, 1.098
[18:49:29] 139.4, 125.7, 1.102
[18:49:30] 139.4, 125.7, 1.112
[18:49:31] 139.5, 125.7, 1.096
[18:49:32] 139.6, 125.6, 1.973
[18:49:33] 227.9, 125.6, 1.939
[18:49:34] 245.7, 125.7, 1.110
[18:49:35] 165.8, 125.7, 1.102
[18:49:36] 139.6, 125.7, 1.103
[18:49:37] 139.6, 125.6, 1.107
[18:49:38] 139.6, 125.6, 1.103
[18:49:39] 139.6, 125.5, 1.937
[18:49:40] 252.2, 125.5, 1.998
[18:49:41] 251.5, 125.5, 2.002
[18:49:42] 251.6, 125.6, 1.620
[18:49:43] 233.5, 125.6, 1.108
[18:49:44] 137.8, 125.6, 1.107
[18:49:45] 138.0, 125.6, 1.109
[18:49:46] 138.3, 125.5, 1.100
[18:49:47] 138.4, 125.5, 2.558
[18:49:48] 194.6, 125.5, 1.940
[18:49:49] 245.8, 125.5, 2.001
[18:49:50] 246.4, 125.5, 2.000
[18:49:51] 252.2, 125.5, 2.001
[18:49:52] 252.2, 125.5, 1.999
[18:49:53] 252.2, 125.5, 2.003
[18:49:54] 252.2, 125.6, 1.710
[18:49:55] 237.3, 125.7, 1.101
[18:49:56] 138.3, 125.7, 1.102
[18:49:57] 138.5, 125.6, 1.106
[18:49:58] 138.7, 125.6, 1.099
[18:49:59] 138.8, 125.5, 3.085
[18:50:00] 188.5, 125.5, 1.936
[18:50:01] 244.6, 125.5, 2.001
[18:50:02] 250.2, 125.5, 2.004
[18:50:03] 250.4, 125.5, 2.006
[18:50:04] 250.8, 125.5, 2.006
[18:50:05] 251.0, 125.5, 2.004
[18:50:06] 251.3, 125.5, 2.007
[18:50:07] 251.5, 125.5, 2.008
[18:50:08] 251.7, 125.5, 2.010
[18:50:09] 251.9, 125.5, 2.010
[18:50:10] 252.1, 125.5, 2.007
[18:50:11] 252.2, 125.5, 2.007
[18:50:12] 252.4, 125.5, 2.007
[18:50:13] 252.5, 125.5, 1.976
[18:50:14] 232.8, 125.6, 1.107
[18:50:15] 140.5, 125.6, 1.114
[18:50:16] 140.4, 125.6, 1.110
[18:50:17] 140.4, 125.7, 1.115
[18:50:18] 140.5, 125.7, 1.112
