<<<[23:33:39] 140.7, 125.8, 1.108
[23:33:40] 140.7, 125.8, 1.109
[23:33:41] 140.8, 125.8, 1.124
[23:33:42] 140.9, 125.8, 1.240
[23:33:43] 148.1, 125.8, 1.269
[23:33:44] 159.5, 125.8, 1.275
[23:33:45] 159.5, 125.8, 1.251
[23:33:46] 159.7, 125.8, 1.249
[23:33:47] 159.6, 125.8, 1.246
[23:33:48] 159.6, 125.8, 1.264
[23:33:49] 159.6, 125.8, 1.133
[23:33:50] 144.1, 125.9, 1.141
[23:33:51] 144.1, 125.9, 1.126
[23:33:52] 144.1, 125.9, 1.127
[23:33:53] 144.0, 125.9, 1.123
[23:33:54] 144.0, 125.8, 1.117
[23:33:55] 166.0, 125.8, 1.100
[23:33:56] 140.1, 125.8, 1.101
[23:33:57] 140.0, 125.8, 1.104
[23:33:58] 140.0, 125.8, 1.101
[23:33:59] 140.2, 125.8, 1.112
[23:34:00] 166.0, 125.8, 1.102
[23:34:01] 140.3, 125.8, 1.103
[23:34:02] 140.2, 125.8, 1.105
[23:34:03] 140.2, 125.8, 1.100
[23:34:04] 140.3, 125.8, 1.057
[23:34:05] 173.6, 125.8, 1.102
[23:34:06] 135.2, 125.8, 1.106
[23:34:07] 135.8, 125.8, 1.102
[23:34:08] 136.3, 125.8, 1.102
[23:34:09] 142.5, 125.8, 1.062
[23:34:10] 172.0, 125.8, 1.109
[23:34:11] 135.8, 125.9, 1.103
[23:34:12] 136.3, 125.9, 1.098
[23:34:13] 136.7, 125.9, 1.102
[23:34:14] 137.1, 125.9, 1.062
[23:34:15] 176.1, 125.9, 1.107
[23:34:16] 135.1, 125.8, 1.099
[23:34:17] 135.6, 125.9, 1.103
[23:34:18] 136.2, 125.9, 1.108
[23:34:19] 136.6, 125.9, 1.059
[23:34:20] 177.4, 125.9, 1.107
[23:34:21] 134.9, 125.9, 1.104
[23:34:22] 135.5, 125.9, 1.101
[23:34:23] 136.0, 125.8, 1.098
[23:34:24] 136.4, 125.9, 1.012
[23:34:25] 194.6, 125.8, 1.068
[23:34:26] 133.8, 125.9, 1.106
[23:34:27] 139.9, 125.8, 1.101
[23:34:28] 139.9, 125.8, 1.098
[23:34:29] 139.8, 125.7, 2.064
[23:34:30] 228.5, 125.8, 1.039
[23:34:31] 132.5, 125.8, 1.103
[23:34:32] 140.1, 125.8, 1.103
[23:34:33] 140.0, 125.8, 1.104
[23:34:34] 140.0, 125.6, 3.605
[23:34:35] 195.3, 125.7, 1.512
[23:34:36] 233.2, 125.8, 1.094
[23:34:37] 136.9, 125.8, 1.106
[23:34:38] 137.2, 125.8, 1.105
[23:34:39] 137.6, 125.8, 1.098
[23:34:40] 137.8, 125.7, 2.314
[23:34:41] 230.4, 125.7, 2.331
[23:34:42] 294.2, 125.8, 1.123
[23:34:43] 169.3, 125.8, 1.100
[23:34:44] 139.6, 125.8, 1.095
[23:34:45] 139.6, 125.8, 1.096
[23:34:46] 139.6, 125.8, 1.103
[23:34:47] 139.7, 125.7, 2.331
[23:34:48] 304.3, 125.7, 2.395
[23:34:49] 297.4, 125.7, 2.397
[23:34:50] 297.9, 125.9, 1.126
[23:34:51] 174.0, 125.8, 1.101
[23:34:52] 139.9, 125.8, 1.103
[23:34:53] 139.9, 125.9, 1.102
[23:34:54] 139.8, 125.9, 1.101
[23:34:55] 139.8, 125.7, 2.323
[23:34:56] 300.1, 125.7, 2.390
[23:34:57] 299.7, 125.6, 2.400
[23:34:58] 300.0, 125.6, 2.396
[23:34:59] 300.2, 125.6, 2.404
[23:35:00] 300.6, 125.6, 2.397
[23:35:01] 300.8, 125.8, 1.121
[23:35:02] 181.4, 125.8, 1.104
[23:35:03] 140.3, 125.8, 1.103
[23:35:04] 140.2, 125.8, 1.105
[23:35:05] 140.2, 125.8, 1.102
[23:35:06] 140.2, 125.6, 2.325
[23:35:07] 289.8, 125.6, 2.394
[23:35:08] 296.3, 125.6, 2.396
[23:35:09] 302.7, 125.6, 2.404
[23:35:10] 302.7, 125.6, 2.398
[23:35:11] 302.7, 125.6, 2.404
[23:35:12] 302.7, 125.6, 2.399
[23:35:13] 302.8, 125.6, 2.402
[23:35:14] 302.8, 125.6, 2.397
[23:35:15] 302.7, 125.6, 2.405
[23:35:16] 302.8, 125.6, 2.397
[23:35:17] 302.8, 125.7, 2.404
[23:35:18] 302.8, 125.9, 1.113
[23:35:19] 181.4, 125.8, 1.104
[23:35:20] 140.1, 125.8, 1.109
[23:35:21] 140.1, 125.8, 1.104
