<<<[07:12:51] 142.4, 125.8, 1.117
[07:12:52] 142.3, 125.8, 1.133
[07:12:53] 142.3, 125.8, 1.131
[07:12:54] 142.5, 125.8, 1.254
[07:12:55] 152.1, 125.8, 1.171
[07:12:56] 152.1, 125.8, 1.175
[07:12:57] 151.8, 125.8, 1.173
[07:12:58] 151.5, 125.8, 1.173
[07:12:59] 151.1, 125.8, 1.174
[07:13:00] 150.9, 125.8, 1.553
[07:13:01] 172.5, 125.9, 1.149
[07:13:02] 146.6, 125.9, 1.132
[07:13:03] 146.4, 125.9, 1.124
[07:13:04] 146.1, 125.8, 1.117
[07:13:05] 145.8, 125.7, 1.553
[07:13:06] 169.1, 125.9, 1.118
[07:13:07] 142.1, 125.9, 1.113
[07:13:08] 142.0, 125.9, 1.121
[07:13:09] 142.0, 125.8, 1.116
[07:13:10] 142.0, 125.8, 1.555
[07:13:11] 168.7, 125.9, 1.114
[07:13:12] 141.6, 125.8, 1.113
[07:13:13] 141.5, 125.8, 1.115
[07:13:14] 141.5, 125.8, 1.116
[07:13:15] 141.6, 125.8, 1.558
[07:13:16] 168.4, 125.8, 1.104
[07:13:17] 141.2, 125.8, 1.109
[07:13:18] 141.1, 125.8, 1.108
[07:13:19] 141.1, 125.8, 1.112
[07:13:20] 141.1, 125.8, 1.550
[07:13:21] 168.5, 125.9, 1.109
[07:13:22] 141.6, 125.8, 1.114
[07:13:23] 141.5, 125.9, 1.105
[07:13:24] 141.4, 125.9, 1.106
[07:13:25] 141.3, 125.8, 1.552
[07:13:26] 168.0, 125.9, 1.101
[07:13:27] 140.8, 125.9, 1.111
[07:13:28] 140.7, 125.8, 1.104
[07:13:29] 140.6, 125.8, 1.109
[07:13:30] 140.6, 125.8, 1.572
[07:13:31] 168.4, 125.9, 1.109
[07:13:32] 140.7, 125.9, 1.104
[07:13:33] 140.6, 125.9, 1.103
[07:13:34] 140.5, 125.9, 1.106
[07:13:35] 140.5, 125.8, 1.524
[07:13:36] 178.0, 125.9, 1.032
[07:13:37] 132.0, 125.9, 1.096
[07:13:38] 139.9, 125.9, 1.102
[07:13:39] 139.8, 125.8, 1.104
[07:13:40] 139.9, 125.8, 1.529
[07:13:41] 177.2, 125.9, 1.045
[07:13:42] 132.3, 125.9, 1.099
[07:13:43] 139.9, 125.8, 1.108
[07:13:44] 139.9, 125.9, 1.106
[07:13:45] 139.9, 125.8, 1.675
[07:13:46] 189.7, 125.9, 1.040
[07:13:47] 131.4, 125.8, 1.091
[07:13:48] 138.5, 125.8, 1.097
[07:13:49] 138.6, 125.8, 1.101
[07:13:50] 138.7, 125.6, 2.427
[07:13:51] 185.6, 125.8, 1.035
[07:13:52] 145.9, 125.8, 1.107
[07:13:53] 138.3, 125.8, 1.110
[07:13:54] 138.5, 125.8, 1.106
[07:13:55] 138.7, 125.7, 1.099
[07:13:56] 172.2, 125.8, 0.991
[07:13:57] 179.0, 125.7, 1.100
[07:13:58] 136.3, 125.7, 1.103
[07:13:59] 136.7, 125.7, 1.099
[07:14:00] 137.1, 125.7, 1.099
[07:14:01] 137.4, 125.6, 1.857
[07:14:02] 218.7, 125.7, 0.993
[07:14:03] 180.3, 125.8, 1.102
[07:14:04] 139.9, 125.8, 1.097
[07:14:05] 139.8, 125.9, 1.103
[07:14:06] 139.8, 125.9, 1.100
[07:14:07] 139.8, 125.8, 1.841
[07:14:08] 226.8, 125.8, 1.821
[07:14:09] 227.4, 125.9, 1.116
[07:14:10] 167.8, 125.9, 1.097
[07:14:11] 139.9, 125.9, 1.100
[07:14:12] 139.9, 126.0, 1.099
[07:14:13] 139.9, 125.9, 1.099
[07:14:14] 139.9, 125.8, 1.816
[07:14:15] 242.8, 125.8, 1.888
[07:14:16] 233.2, 125.8, 1.888
[07:14:17] 233.8, 125.9, 1.664
[07:14:18] 227.9, 125.9, 1.104
[07:14:19] 140.1, 125.9, 1.097
[07:14:20] 140.0, 125.9, 1.099
[07:14:21] 139.9, 125.9, 1.107
[07:14:22] 139.9, 125.8, 2.732
[07:14:23] 185.0, 125.8, 1.820
[07:14:24] 231.0, 125.7, 1.885
[07:14:25] 236.4, 125.8, 1.884
[07:14:26] 236.6, 125.8, 1.881
[07:14:27] 236.7, 125.8, 1.882
[07:14:28] 236.8, 125.8, 1.882
[07:14:29] 236.9, 125.9, 1.880
[07:14:30] 236.9, 125.9, 1.094
[07:14:31] 153.0, 125.9, 1.098
[07:14:32] 140.1, 125.9, 1.102
[07:14:33] 140.0, 125.9, 1.103
[07:14:34] 140.1, 125.9, 1.096
[07:14:35] 160.0, 125.8, 1.827
[07:14:36] 232.4, 125.8, 1.884
[07:14:37] 232.5, 125.8, 1.881
[07:14:38] 237.9, 125.9, 1.882
[07:14:39] 237.9, 125.8, 1.882
[07:14:40] 237.9, 125.8, 1.882
[07:14:41] 237.9, 125.9, 1.880
[07:14:42] 238.0, 125.9, 1.883
[07:14:43] 238.0, 125.9, 1.886
[07:14:44] 238.1, 125.8, 1.886
[07:14:45] 238.1, 125.9, 1.886
[07:14:46] 238.2, 125.8, 1.888
[07:14:47] 238.2, 125.8, 1.887
[07:14:48] 238.3, 125.9, 1.886
[07:14:49] 238.4, 126.0, 1.124
[07:14:50] 185.0, 126.0, 1.089
[07:14:51] 140.3, 126.0, 1.099
[07:14:52] 140.3, 125.9, 1.109
[07:14:53] 140.3, 125.9, 1.107
