<<<[04:59:44] 144.5, 126.3, 1.129
[04:59:45] 144.3, 126.3, 1.134
[04:59:47] 158.4, 126.2, 1.210
[04:59:48] 157.9, 126.3, 1.174
[04:59:49] 149.7, 126.3, 1.171
[04:59:51] 149.5, 126.3, 1.168
[04:59:52] 149.4, 126.2, 1.377
[04:59:53] 164.9, 126.2, 1.090
[04:59:54] 149.4, 126.2, 1.087
[04:59:55] 138.5, 126.2, 1.099
[04:59:56] 138.7, 126.2, 1.104
[04:59:57] 139.0, 126.2, 1.298
[04:59:58] 157.3, 126.2, 1.099
[04:59:59] 150.1, 126.2, 1.099
[05:00:00] 139.9, 126.1, 1.105
[05:00:01] 139.9, 126.2, 1.098
[05:00:02] 139.9, 126.1, 1.281
[05:00:03] 156.6, 126.2, 1.097
[05:00:04] 150.1, 126.2, 1.100
[05:00:05] 139.9, 126.3, 1.099
[05:00:06] 139.9, 126.3, 1.097
[05:00:07] 139.9, 126.3, 1.267
[05:00:08] 156.8, 126.3, 1.096
[05:00:09] 150.3, 126.3, 1.093
[05:00:10] 139.8, 126.3, 1.097
[05:00:11] 139.8, 126.3, 1.095
[05:00:12] 139.7, 126.2, 1.245
[05:00:13] 155.9, 126.3, 1.091
[05:00:14] 150.8, 126.2, 1.097
[05:00:15] 139.4, 126.2, 1.094
[05:00:16] 139.4, 126.2, 1.099
[05:00:17] 139.5, 126.2, 1.211
[05:00:18] 155.7, 126.2, 1.097
[05:00:19] 155.1, 126.2, 1.094
[05:00:20] 139.8, 126.2, 1.096
[05:00:21] 139.8, 126.3, 1.100
[05:00:22] 139.8, 126.2, 1.162
[05:00:23] 170.7, 126.2, 1.037
[05:00:24] 141.2, 126.2, 1.099
[05:00:25] 140.6, 126.2, 1.100
[05:00:26] 140.5, 126.3, 1.096
[05:00:27] 140.4, 126.3, 1.097
[05:00:28] 169.8, 126.2, 1.033
[05:00:29] 141.6, 126.3, 1.097
[05:00:30] 136.5, 126.2, 1.099
[05:00:31] 136.8, 126.3, 1.095
[05:00:32] 137.2, 126.2, 1.098
[05:00:33] 166.5, 126.2, 1.063
[05:00:34] 157.0, 126.3, 1.097
[05:00:35] 136.0, 126.3, 1.097
[05:00:36] 136.4, 126.3, 1.098
[05:00:37] 136.8, 126.2, 1.099
[05:00:38] 137.2, 126.2, 0.983
[05:00:39] 195.1, 126.2, 1.103
[05:00:40] 134.9, 126.2, 1.098
[05:00:41] 135.4, 126.2, 1.100
[05:00:42] 136.0, 126.2, 1.098
[05:00:43] 136.5, 126.1, 1.773
[05:00:44] 216.3, 126.2, 1.040
[05:00:45] 132.9, 126.2, 1.098
[05:00:46] 139.6, 126.2, 1.098
[05:00:47] 139.6, 126.2, 1.099
[05:00:48] 139.6, 126.0, 3.372
[05:00:49] 182.3, 126.1, 1.635
[05:00:50] 225.2, 126.2, 1.097
[05:00:51] 137.0, 126.1, 1.096
[05:00:52] 137.2, 126.1, 1.097
[05:00:53] 137.6, 126.2, 1.095
[05:00:54] 137.8, 126.0, 3.038
[05:00:55] 186.1, 126.1, 1.885
[05:00:56] 239.3, 126.1, 1.549
[05:00:57] 213.8, 126.2, 1.096
[05:00:58] 140.3, 126.1, 1.092
[05:00:59] 140.2, 126.2, 1.098
[05:01:00] 140.1, 126.2, 1.096
[05:01:01] 140.1, 126.1, 2.134
[05:01:02] 197.0, 126.1, 1.883
[05:01:03] 239.5, 126.1, 1.949
[05:01:04] 245.8, 126.1, 1.949
[05:01:05] 245.9, 126.2, 1.067
[05:01:06] 193.9, 126.2, 1.098
[05:01:07] 139.8, 126.2, 1.100
[05:01:08] 139.8, 126.2, 1.099
[05:01:09] 139.8, 126.2, 1.097
[05:01:10] 139.8, 126.1, 1.908
[05:01:11] 220.3, 126.1, 1.883
[05:01:12] 239.0, 126.1, 1.947
[05:01:13] 247.3, 126.0, 1.947
[05:01:14] 247.2, 126.0, 1.948
[05:01:15] 247.1, 126.0, 1.945
[05:01:16] 247.1, 126.1, 1.947
[05:01:17] 247.0, 126.0, 1.945
[05:01:18] 246.7, 126.2, 1.101
[05:01:19] 152.8, 126.2, 1.100
[05:01:20] 140.1, 126.1, 1.099
[05:01:21] 140.0, 126.2, 1.100
[05:01:22] 140.0, 126.2, 1.098
[05:01:23] 166.7, 126.1, 1.890
[05:01:24] 237.3, 126.1, 1.946
[05:01:25] 242.9, 126.1, 1.947
[05:01:26] 243.3, 126.0, 1.949
[05:01:27] 243.8, 126.0, 1.949
[05:01:28] 244.2, 126.1, 1.950
[05:01:29] 244.6, 126.0, 1.951
[05:01:30] 244.9, 126.0, 1.951
[05:01:31] 245.3, 126.0, 1.953
[05:01:32] 245.6, 126.1, 1.953
[05:01:33] 245.8, 126.0, 1.955
[05:01:34] 246.1, 126.0, 1.954
[05:01:35] 246.2, 125.9, 1.958
[05:01:36] 246.5, 126.0, 1.954
[05:01:37] 246.6, 126.0, 1.954
[05:01:38] 246.6, 126.1, 1.102
[05:01:39] 139.2, 126.1, 1.097
[05:01:40] 139.2, 126.1, 1.098
[05:01:41] 139.3, 126.1, 1.101
[05:01:42] 139.4, 126.1, 1.101
