<<<[11:35:16] 142.1, 125.3, 1.118
[11:35:17] 142.0, 125.3, 1.121
[11:35:18] 142.0, 125.3, 1.114
[11:35:19] 141.9, 125.3, 1.228
[11:35:20] 154.2, 125.3, 1.251
[11:35:21] 154.7, 125.3, 1.123
[11:35:22] 146.1, 125.3, 1.119
[11:35:23] 145.5, 125.3, 1.131
[11:35:24] 145.2, 125.3, 1.135
[11:35:25] 145.0, 125.3, 1.139
[11:35:26] 144.8, 125.3, 1.094
[11:35:27] 170.5, 125.3, 1.130
[11:35:28] 143.7, 125.2, 1.133
[11:35:29] 143.8, 125.3, 1.145
[11:35:30] 143.9, 125.3, 1.150
[11:35:31] 144.1, 125.3, 1.082
[11:35:32] 169.1, 125.3, 1.126
[11:35:33] 141.6, 125.3, 1.111
[11:35:34] 141.5, 125.3, 1.124
[11:35:35] 141.5, 125.4, 1.125
[11:35:36] 141.5, 125.3, 1.077
[11:35:37] 168.0, 125.4, 1.106
[11:35:38] 141.2, 125.3, 1.122
[11:35:39] 141.2, 125.4, 1.120
[11:35:40] 141.2, 125.3, 1.125
[11:35:41] 141.3, 125.4, 1.079
[11:35:42] 167.6, 125.4, 1.116
[11:35:43] 140.8, 125.4, 1.105
[11:35:44] 140.7, 125.4, 1.108
[11:35:45] 140.7, 125.4, 1.108
[11:35:46] 140.8, 125.4, 1.072
[11:35:47] 166.7, 125.4, 1.106
[11:35:48] 140.7, 125.4, 1.114
[11:35:49] 140.6, 125.4, 1.113
[11:35:50] 140.7, 125.3, 1.130
[11:35:51] 140.9, 125.3, 1.030
[11:35:52] 175.4, 125.3, 1.039
[11:35:53] 133.8, 125.3, 1.118
[11:35:54] 141.0, 125.2, 1.106
[11:35:55] 140.9, 125.3, 1.106
[11:35:56] 140.9, 125.3, 1.032
[11:35:57] 173.2, 125.3, 1.054
[11:35:58] 134.3, 125.3, 1.108
[11:35:59] 141.0, 125.3, 1.115
[11:36:00] 140.9, 125.3, 1.118
[11:36:01] 140.9, 125.3, 1.563
[11:36:02] 182.8, 125.4, 1.049
[11:36:03] 132.9, 125.4, 1.114
[11:36:04] 140.8, 125.3, 1.110
[11:36:05] 140.6, 125.4, 1.112
[11:36:06] 140.6, 125.3, 2.050
[11:36:07] 190.3, 125.4, 1.046
[11:36:08] 146.6, 125.4, 1.105
[11:36:09] 139.4, 125.4, 1.102
[11:36:10] 139.5, 125.4, 1.106
[11:36:11] 139.6, 125.4, 1.109
[11:36:12] 165.5, 125.3, 1.535
[11:36:13] 197.1, 125.4, 1.103
[11:36:14] 137.0, 125.3, 1.104
[11:36:15] 137.4, 125.3, 1.122
[11:36:16] 137.8, 125.3, 1.123
[11:36:17] 138.2, 125.3, 2.257
[11:36:18] 189.4, 125.3, 1.750
[11:36:19] 221.2, 125.3, 1.112
[11:36:20] 152.2, 125.4, 1.115
[11:36:21] 141.0, 125.4, 1.107
[11:36:22] 140.9, 125.4, 1.116
[11:36:23] 140.8, 125.4, 1.114
[11:36:24] 141.0, 125.3, 1.751
[11:36:25] 237.7, 125.3, 1.816
[11:36:26] 224.3, 125.3, 1.737
[11:36:27] 224.1, 125.4, 1.119
[11:36:28] 141.2, 125.4, 1.117
[11:36:29] 141.2, 125.4, 1.123
[11:36:30] 141.2, 125.4, 1.120
[11:36:31] 141.1, 125.1, 3.390
[11:36:32] 179.0, 125.2, 1.752
[11:36:33] 219.2, 125.2, 1.815
[11:36:34] 226.1, 125.2, 1.819
[11:36:35] 226.4, 125.3, 1.817
[11:36:36] 226.7, 125.3, 1.813
[11:36:37] 227.0, 125.4, 1.074
[11:36:38] 186.6, 125.4, 1.113
[11:36:39] 141.0, 125.4, 1.116
[11:36:40] 140.8, 125.4, 1.122
[11:36:41] 140.8, 125.4, 1.118
[11:36:42] 140.9, 125.2, 1.791
[11:36:43] 214.5, 125.2, 1.754
[11:36:44] 221.9, 125.3, 1.818
[11:36:45] 229.2, 125.2, 1.818
[11:36:46] 229.1, 125.2, 1.818
[11:36:47] 229.1, 125.2, 1.815
[11:36:48] 229.1, 125.2, 1.818
[11:36:49] 229.1, 125.2, 1.818
[11:36:50] 229.1, 125.2, 1.817
[11:36:51] 229.0, 125.2, 1.817
[11:36:52] 229.0, 125.2, 1.817
[11:36:53] 229.0, 125.3, 1.126
[11:36:54] 172.2, 125.3, 1.117
[11:36:55] 141.0, 125.3, 1.112
[11:36:56] 140.9, 125.3, 1.131
[11:36:57] 141.0, 125.3, 1.136
