<<<[03:13:40] 142.1, 126.5, 1.108
[03:13:41] 142.1, 126.5, 1.107
[03:13:42] 142.1, 126.5, 1.113
[03:13:43] 142.2, 126.4, 1.275
[03:13:44] 158.4, 126.4, 1.269
[03:13:45] 158.7, 126.4, 1.269
[03:13:46] 158.9, 126.4, 1.266
[03:13:47] 159.0, 126.4, 1.253
[03:13:48] 159.0, 126.4, 1.251
[03:13:49] 159.1, 126.4, 1.238
[03:13:50] 159.0, 126.4, 1.111
[03:13:51] 158.5, 126.4, 1.125
[03:13:52] 143.0, 126.4, 1.124
[03:13:53] 142.9, 126.5, 1.114
[03:13:54] 142.8, 126.5, 1.110
[03:13:55] 142.7, 126.4, 1.694
[03:13:56] 170.2, 126.5, 1.103
[03:13:57] 138.9, 126.5, 1.098
[03:13:58] 139.1, 126.5, 1.100
[03:13:59] 139.2, 126.4, 1.099
[03:14:00] 139.3, 126.4, 1.698
[03:14:01] 168.9, 126.5, 1.098
[03:14:02] 139.0, 126.5, 1.101
[03:14:03] 139.1, 126.4, 1.093
[03:14:04] 139.2, 126.4, 1.098
[03:14:05] 139.3, 126.4, 1.983
[03:14:06] 180.3, 126.5, 1.037
[03:14:07] 131.4, 126.5, 1.097
[03:14:08] 138.7, 126.4, 1.103
[03:14:09] 138.9, 126.4, 1.099
[03:14:10] 139.1, 126.4, 2.184
[03:14:11] 180.5, 126.5, 1.034
[03:14:12] 131.6, 126.4, 1.102
[03:14:13] 139.0, 126.4, 1.097
[03:14:14] 139.1, 126.5, 1.100
[03:14:15] 139.2, 126.4, 2.553
[03:14:16] 181.6, 126.5, 1.036
[03:14:17] 131.6, 126.5, 1.098
[03:14:18] 138.5, 126.5, 1.097
[03:14:19] 138.7, 126.4, 1.096
[03:14:20] 138.8, 126.3, 3.369
[03:14:21] 185.2, 126.5, 1.032
[03:14:22] 142.8, 126.5, 1.099
[03:14:23] 142.1, 126.4, 1.095
[03:14:24] 141.8, 126.5, 1.100
[03:14:25] 141.6, 126.4, 1.098
[03:14:26] 175.6, 126.5, 0.998
[03:14:27] 180.8, 126.4, 1.097
[03:14:28] 136.3, 126.4, 1.099
[03:14:29] 136.7, 126.4, 1.098
[03:14:30] 137.2, 126.5, 1.095
[03:14:31] 137.5, 126.4, 2.132
[03:14:32] 253.8, 126.5, 1.066
[03:14:33] 133.4, 126.5, 1.097
[03:14:34] 140.1, 126.5, 1.098
[03:14:35] 140.0, 126.4, 1.096
[03:14:36] 140.0, 126.2, 3.404
[03:14:37] 188.5, 126.3, 2.233
[03:14:38] 281.5, 126.5, 1.093
[03:14:39] 148.1, 126.5, 1.100
[03:14:40] 139.8, 126.5, 1.097
[03:14:41] 139.8, 126.5, 1.097
[03:14:42] 139.8, 126.5, 1.099
[03:14:43] 147.4, 126.3, 2.235
[03:14:44] 295.3, 126.3, 2.301
[03:14:45] 286.9, 126.5, 1.073
[03:14:46] 210.5, 126.5, 1.100
[03:14:47] 140.3, 126.4, 1.096
[03:14:48] 140.2, 126.5, 1.099
[03:14:49] 140.2, 126.5, 1.100
[03:14:50] 140.2, 126.3, 2.254
[03:14:51] 246.9, 126.3, 2.233
[03:14:52] 283.7, 126.3, 2.301
[03:14:53] 291.6, 126.3, 2.301
[03:14:54] 291.6, 126.3, 2.302
[03:14:55] 291.7, 126.4, 1.118
[03:14:56] 178.1, 126.4, 1.102
[03:14:57] 140.7, 126.4, 1.097
[03:14:58] 140.6, 126.4, 1.096
[03:14:59] 140.5, 126.4, 1.101
[03:15:00] 140.5, 126.2, 2.234
[03:15:01] 279.0, 126.3, 2.292
[03:15:02] 286.6, 126.3, 2.303
[03:15:03] 287.2, 126.3, 2.298
[03:15:04] 287.8, 126.3, 2.301
[03:15:05] 288.3, 126.3, 2.299
[03:15:06] 288.7, 126.3, 2.304
[03:15:07] 289.1, 126.3, 2.299
[03:15:08] 289.5, 126.4, 2.302
[03:15:09] 289.8, 126.4, 1.802
[03:15:10] 265.7, 126.4, 1.097
[03:15:11] 140.5, 126.5, 1.101
[03:15:12] 140.4, 126.5, 1.099
[03:15:13] 140.4, 126.4, 1.096
[03:15:14] 140.4, 126.3, 3.098
[03:15:15] 198.0, 126.3, 2.233
[03:15:16] 284.6, 126.3, 2.302
[03:15:17] 290.2, 126.4, 2.297
[03:15:18] 290.4, 126.3, 2.301
[03:15:19] 290.6, 126.3, 2.301
[03:15:20] 290.8, 126.3, 2.307
[03:15:21] 291.0, 126.3, 2.303
[03:15:22] 291.2, 126.3, 2.307
[03:15:23] 291.4, 126.3, 2.305
[03:15:24] 291.5, 126.3, 2.309
[03:15:25] 291.6, 126.3, 2.304
[03:15:26] 291.7, 126.3, 2.303
[03:15:27] 291.8, 126.3, 2.302
[03:15:28] 291.9, 126.3, 2.307
[03:15:29] 291.9, 126.3, 2.303
[03:15:30] 292.0, 126.3, 2.308
[03:15:31] 292.1, 126.3, 2.301
[03:15:32] 292.2, 126.3, 2.310
[03:15:33] 292.2, 126.4, 2.154
[03:15:34] 262.5, 126.5, 1.097
[03:15:35] 140.3, 126.5, 1.097
[03:15:36] 140.3, 126.5, 1.099
[03:15:37] 140.4, 126.5, 1.104
