<<<[18:36:31] 144.8, 125.6, 1.126
[18:36:32] 144.5, 125.6, 1.132
[18:36:33] 144.2, 125.5, 1.141
[18:36:34] 144.2, 125.6, 1.269
[18:36:35] 156.8, 125.6, 1.222
[18:36:36] 156.6, 125.5, 1.171
[18:36:37] 145.6, 125.6, 1.174
[18:36:38] 145.9, 125.5, 1.186
[18:36:39] 146.4, 125.6, 1.176
[18:36:40] 146.8, 125.5, 1.297
[18:36:41] 162.9, 125.6, 1.109
[18:36:42] 152.2, 125.6, 1.104
[18:36:43] 140.1, 125.5, 1.121
[18:36:44] 140.2, 125.6, 1.117
[18:36:45] 140.2, 125.5, 1.239
[18:36:46] 157.7, 125.6, 1.113
[18:36:47] 152.1, 125.5, 1.106
[18:36:48] 140.5, 125.5, 1.105
[18:36:49] 140.5, 125.4, 1.119
[18:36:50] 140.5, 125.4, 1.209
[18:36:51] 156.2, 125.4, 1.103
[18:36:52] 155.7, 125.4, 1.110
[18:36:53] 140.5, 125.5, 1.112
[18:36:54] 140.5, 125.6, 1.112
[18:36:55] 140.4, 125.6, 1.199
[18:36:56] 155.1, 125.6, 1.102
[18:36:57] 154.7, 125.6, 1.111
[18:36:58] 140.5, 125.6, 1.107
[18:36:59] 140.4, 125.6, 1.108
[18:37:00] 140.4, 125.6, 1.188
[18:37:01] 155.1, 125.6, 1.105
[18:37:02] 154.9, 125.6, 1.103
[18:37:03] 140.3, 125.6, 1.105
[18:37:04] 140.2, 125.6, 1.100
[18:37:05] 140.2, 125.6, 1.161
[18:37:06] 154.6, 125.6, 1.106
[18:37:07] 154.4, 125.6, 1.104
[18:37:08] 139.9, 125.6, 1.104
[18:37:09] 139.8, 125.6, 1.109
[18:37:10] 139.9, 125.6, 1.138
[18:37:11] 153.5, 125.6, 1.098
[18:37:12] 153.5, 125.5, 1.102
[18:37:13] 139.8, 125.5, 1.107
[18:37:14] 139.8, 125.5, 1.105
[18:37:15] 139.8, 125.5, 1.111
[18:37:16] 169.6, 125.6, 1.039
[18:37:17] 143.2, 125.6, 1.093
[18:37:18] 136.3, 125.6, 1.101
[18:37:19] 136.7, 125.6, 1.103
[18:37:20] 137.1, 125.6, 1.107
[18:37:21] 168.5, 125.6, 1.042
[18:37:22] 143.9, 125.7, 1.100
[18:37:23] 136.1, 125.6, 1.103
[18:37:24] 136.5, 125.6, 1.103
[18:37:25] 136.9, 125.6, 1.104
[18:37:26] 162.4, 125.6, 1.066
[18:37:27] 162.3, 125.6, 1.101
[18:37:28] 135.8, 125.6, 1.101
[18:37:29] 136.3, 125.6, 1.100
[18:37:30] 136.7, 125.6, 1.105
[18:37:31] 137.1, 125.6, 1.019
[18:37:32] 197.0, 125.6, 1.107
[18:37:33] 134.7, 125.5, 1.103
[18:37:34] 135.3, 125.5, 1.105
[18:37:35] 135.8, 125.6, 1.098
[18:37:36] 136.3, 125.5, 1.727
[18:37:37] 217.8, 125.6, 1.045
[18:37:38] 135.8, 125.6, 1.100
[18:37:39] 136.2, 125.6, 1.103
[18:37:40] 136.7, 125.6, 1.103
[18:37:41] 137.1, 125.4, 3.231
[18:37:42] 186.8, 125.5, 1.539
[18:37:43] 214.7, 125.6, 1.098
[18:37:44] 136.7, 125.6, 1.099
[18:37:45] 137.0, 125.6, 1.104
[18:37:46] 137.4, 125.6, 1.108
[18:37:47] 137.7, 125.5, 2.183
[18:37:48] 199.1, 125.5, 1.943
[18:37:49] 245.7, 125.7, 1.120
[18:37:50] 196.1, 125.6, 1.113
[18:37:51] 140.5, 125.7, 1.115
[18:37:52] 140.4, 125.7, 1.100
[18:37:53] 140.4, 125.7, 1.107
[18:37:54] 140.3, 125.5, 1.976
[18:37:55] 226.8, 125.5, 1.937
[18:37:56] 245.8, 125.5, 1.998
[18:37:57] 252.7, 125.5, 1.958
[18:37:58] 243.1, 125.6, 1.108
[18:37:59] 143.0, 125.6, 1.102
[18:38:00] 142.6, 125.6, 1.100
[18:38:01] 142.3, 125.6, 1.109
[18:38:02] 142.0, 125.4, 2.649
[18:38:03] 178.1, 125.5, 1.945
[18:38:04] 243.1, 125.5, 2.000
[18:38:05] 249.6, 125.5, 2.003
[18:38:06] 249.9, 125.5, 1.999
[18:38:07] 250.2, 125.5, 2.003
[18:38:08] 250.6, 125.5, 2.005
[18:38:09] 250.8, 125.6, 1.844
[18:38:10] 240.9, 125.6, 1.108
[18:38:11] 144.8, 125.6, 1.113
[18:38:12] 144.2, 125.6, 1.100
[18:38:13] 143.6, 125.7, 1.104
[18:38:14] 143.2, 125.5, 3.372
[18:38:15] 183.7, 125.6, 1.937
[18:38:16] 243.7, 125.5, 1.986
[18:38:17] 249.8, 125.5, 1.997
[18:38:18] 250.1, 125.6, 2.007
[18:38:19] 250.5, 125.6, 2.007
[18:38:20] 250.8, 125.6, 2.009
[18:38:21] 251.1, 125.5, 2.010
[18:38:22] 251.5, 125.5, 2.010
[18:38:23] 251.7, 125.5, 2.011
[18:38:24] 251.9, 125.5, 2.013
[18:38:25] 252.1, 125.5, 2.013
[18:38:26] 252.3, 125.4, 1.983
[18:38:27] 252.4, 125.5, 2.010
[18:38:28] 252.6, 125.6, 1.200
[18:38:29] 213.4, 125.7, 1.117
[18:38:30] 140.8, 125.7, 1.111
[18:38:31] 140.7, 125.7, 1.111
[18:38:32] 140.7, 125.7, 1.107
