<<<[20:32:36] 141.6, 126.0, 1.103
[20:32:37] 141.6, 126.0, 1.101
[20:32:38] 141.5, 126.0, 1.106
[20:32:39] 141.4, 126.0, 1.189
[20:32:40] 153.7, 126.0, 1.092
[20:32:41] 139.0, 126.0, 1.111
[20:32:42] 139.1, 126.0, 1.121
[20:32:43] 139.5, 126.0, 1.113
[20:32:44] 139.8, 126.0, 1.125
[20:32:45] 148.1, 126.0, 1.120
[20:32:46] 163.8, 126.0, 1.102
[20:32:47] 141.2, 126.0, 1.100
[20:32:48] 141.1, 126.0, 1.109
[20:32:49] 141.1, 126.0, 1.117
[20:32:50] 146.8, 126.0, 1.116
[20:32:51] 163.8, 126.0, 1.119
[20:32:52] 142.5, 126.0, 1.114
[20:32:53] 142.4, 126.0, 1.107
[20:32:54] 142.3, 126.0, 1.112
[20:32:55] 142.7, 126.0, 1.115
[20:32:56] 163.5, 126.0, 1.110
[20:32:57] 140.8, 126.0, 1.104
[20:32:58] 140.8, 125.9, 1.110
[20:32:59] 140.8, 126.0, 1.105
[20:33:00] 141.4, 126.0, 1.107
[20:33:01] 163.1, 126.0, 1.107
[20:33:02] 140.3, 126.0, 1.102
[20:33:03] 140.3, 126.0, 1.101
[20:33:04] 140.3, 126.0, 1.102
[20:33:05] 140.8, 126.0, 1.109
[20:33:06] 163.1, 125.9, 1.107
[20:33:07] 139.9, 126.0, 1.102
[20:33:08] 139.9, 126.0, 1.102
[20:33:09] 139.9, 126.0, 1.108
[20:33:10] 140.3, 125.9, 1.103
[20:33:11] 163.5, 125.9, 1.103
[20:33:12] 139.9, 126.0, 1.101
[20:33:13] 139.9, 125.9, 1.106
[20:33:14] 139.9, 125.9, 1.105
[20:33:15] 147.4, 125.9, 1.051
[20:33:16] 165.6, 125.9, 1.103
[20:33:17] 135.4, 126.0, 1.094
[20:33:18] 135.9, 125.9, 1.102
[20:33:19] 136.4, 125.9, 1.102
[20:33:20] 136.8, 126.0, 1.045
[20:33:21] 170.5, 126.0, 1.101
[20:33:22] 135.1, 126.0, 1.098
[20:33:23] 135.7, 126.0, 1.101
[20:33:24] 136.2, 126.0, 1.099
[20:33:25] 136.7, 126.0, 1.009
[20:33:26] 180.5, 126.0, 1.093
[20:33:27] 134.1, 125.9, 1.098
[20:33:28] 139.6, 126.0, 1.108
[20:33:29] 139.5, 126.0, 1.105
[20:33:30] 139.6, 125.9, 1.620
[20:33:31] 202.9, 126.0, 1.037
[20:33:32] 130.5, 126.0, 1.101
[20:33:33] 139.9, 126.0, 1.099
[20:33:34] 139.8, 126.0, 1.095
[20:33:35] 139.8, 125.9, 2.633
[20:33:36] 183.0, 126.0, 1.309
[20:33:37] 188.8, 125.9, 1.099
[20:33:38] 138.1, 125.9, 1.098
[20:33:39] 138.3, 125.9, 1.097
[20:33:40] 138.4, 125.9, 1.096
[20:33:41] 138.6, 125.8, 1.753
[20:33:42] 207.3, 125.8, 1.710
[20:33:43] 215.6, 125.9, 1.094
[20:33:44] 148.3, 125.9, 1.098
[20:33:45] 139.8, 125.9, 1.098
[20:33:46] 139.7, 125.9, 1.096
[20:33:47] 139.7, 125.7, 2.285
[20:33:48] 175.2, 125.8, 1.735
[20:33:49] 217.4, 125.9, 1.799
[20:33:50] 224.7, 125.9, 1.644
[20:33:51] 218.5, 126.0, 1.104
[20:33:52] 137.8, 126.0, 1.100
[20:33:53] 138.0, 125.9, 1.107
[20:33:54] 138.3, 125.9, 1.100
[20:33:55] 138.5, 125.8, 2.801
[20:33:56] 182.5, 125.9, 1.736
[20:33:57] 220.7, 125.8, 1.801
[20:33:58] 221.3, 125.9, 1.803
[20:33:59] 228.5, 125.8, 1.803
[20:34:00] 228.4, 125.9, 1.805
[20:34:01] 228.5, 125.9, 1.394
[20:34:02] 197.0, 125.9, 1.110
[20:34:03] 140.8, 125.9, 1.101
[20:34:04] 140.7, 125.9, 1.098
[20:34:05] 140.6, 125.9, 1.098
[20:34:06] 140.4, 125.9, 1.749
[20:34:07] 206.0, 125.8, 1.740
[20:34:08] 220.1, 125.8, 1.804
[20:34:09] 228.6, 125.9, 1.806
[20:34:10] 228.5, 125.8, 1.805
[20:34:11] 228.5, 125.8, 1.805
[20:34:12] 228.5, 125.8, 1.807
[20:34:13] 228.5, 125.8, 1.807
[20:34:14] 228.5, 125.8, 1.808
[20:34:15] 228.5, 125.8, 1.806
[20:34:16] 228.5, 125.8, 1.806
[20:34:17] 228.5, 125.9, 1.805
[20:34:18] 215.1, 126.0, 1.101
[20:34:19] 139.6, 125.9, 1.100
[20:34:20] 139.6, 125.9, 1.101
[20:34:21] 139.7, 125.9, 1.098
