<<<[02:42:08] 142.2, 126.4, 1.113
[02:42:09] 142.1, 126.4, 1.110
[02:42:10] 142.0, 126.4, 1.110
[02:42:11] 141.9, 126.4, 1.167
[02:42:12] 142.4, 126.4, 1.256
[02:42:13] 158.8, 126.4, 1.252
[02:42:14] 158.7, 126.4, 1.248
[02:42:15] 159.0, 126.4, 1.267
[02:42:16] 159.0, 126.4, 1.262
[02:42:17] 159.1, 126.4, 1.274
[02:42:18] 159.1, 126.4, 1.221
[02:42:19] 159.2, 126.4, 1.210
[02:42:20] 159.2, 126.4, 1.270
[02:42:21] 159.4, 126.4, 1.233
[02:42:22] 159.4, 126.4, 1.266
[02:42:23] 159.2, 126.4, 1.259
[02:42:24] 159.4, 126.5, 1.236
[02:42:25] 159.2, 126.5, 1.232
[02:42:26] 159.0, 126.4, 1.241
[02:42:27] 158.9, 126.4, 1.234
[02:42:28] 158.8, 126.4, 1.265
[02:42:29] 158.8, 126.5, 1.239
[02:42:30] 158.7, 126.4, 1.231
[02:42:31] 158.5, 126.4, 1.238
[02:42:32] 158.5, 126.4, 1.239
[02:42:33] 158.4, 126.4, 1.277
[02:42:34] 158.7, 126.4, 1.239
[02:42:35] 158.6, 126.4, 1.231
[02:42:36] 158.4, 126.5, 1.273
[02:42:37] 158.4, 126.4, 1.229
[02:42:38] 158.3, 126.4, 1.237
[02:42:39] 158.1, 126.4, 1.284
[02:42:40] 158.3, 126.4, 1.236
[02:42:41] 158.1, 126.4, 1.235
[02:42:42] 158.0, 126.4, 1.276
[02:42:43] 158.1, 126.4, 1.231
[02:42:44] 158.0, 126.4, 1.240
[02:42:45] 157.9, 126.5, 1.277
[02:42:46] 158.3, 126.5, 1.272
[02:42:47] 158.7, 126.5, 1.242
[02:42:48] 158.7, 126.5, 1.241
[02:42:49] 158.6, 126.5, 1.122
[02:42:50] 146.3, 126.5, 1.101
[02:42:51] 140.1, 126.5, 1.101
[02:42:52] 140.0, 126.5, 1.097
[02:42:53] 140.0, 126.4, 1.098
[02:42:54] 139.9, 126.4, 1.003
[02:42:55] 182.1, 126.4, 1.074
[02:42:56] 136.7, 126.4, 1.124
[02:42:57] 142.7, 126.4, 1.129
[02:42:58] 142.7, 126.4, 1.129
[02:42:59] 142.8, 126.4, 1.166
[02:43:00] 185.7, 126.5, 1.050
[02:43:01] 135.6, 126.4, 1.124
[02:43:02] 142.7, 126.4, 1.131
[02:43:03] 142.7, 126.4, 1.128
[02:43:04] 142.7, 126.4, 1.700
[02:43:05] 210.5, 126.4, 1.063
[02:43:06] 134.3, 126.4, 1.121
[02:43:07] 143.6, 126.5, 1.114
[02:43:08] 143.4, 126.5, 1.117
[02:43:09] 143.4, 126.3, 2.994
[02:43:10] 194.4, 126.5, 1.009
[02:43:11] 194.0, 126.5, 1.120
[02:43:12] 140.1, 126.5, 1.124
[02:43:13] 140.4, 126.5, 1.125
[02:43:14] 140.7, 126.5, 1.129
[02:43:15] 141.0, 126.4, 2.102
[02:43:16] 246.4, 126.5, 1.560
[02:43:17] 214.7, 126.5, 1.124
[02:43:18] 142.5, 126.5, 1.119
[02:43:19] 142.6, 126.5, 1.121
[02:43:20] 142.6, 126.5, 1.118
[02:43:21] 142.6, 126.4, 2.068
[02:43:22] 227.7, 126.4, 2.078
[02:43:23] 263.6, 126.4, 1.831
[02:43:24] 253.6, 126.5, 1.123
[02:43:25] 143.0, 126.5, 1.109
[02:43:26] 142.9, 126.5, 1.131
[02:43:27] 142.9, 126.5, 1.131
[02:43:28] 142.9, 126.2, 3.327
[02:43:29] 191.9, 126.4, 2.078
[02:43:30] 263.6, 126.3, 2.141
[02:43:31] 269.4, 126.4, 2.140
[02:43:32] 269.6, 126.4, 2.144
[02:43:33] 269.9, 126.5, 1.089
[02:43:34] 203.7, 126.5, 1.127
[02:43:35] 142.5, 126.5, 1.107
[02:43:36] 142.5, 126.5, 1.112
[02:43:37] 142.6, 126.5, 1.120
[02:43:38] 142.7, 126.3, 2.111
[02:43:39] 239.1, 126.4, 2.080
[02:43:40] 264.7, 126.3, 2.143
[02:43:41] 271.9, 126.3, 2.145
[02:43:42] 271.9, 126.3, 2.142
[02:43:43] 271.9, 126.4, 2.146
[02:43:44] 271.9, 126.3, 2.145
[02:43:45] 272.0, 126.3, 2.146
[02:43:46] 272.0, 126.3, 2.148
[02:43:47] 272.1, 126.4, 1.629
[02:43:48] 231.2, 126.4, 1.105
[02:43:49] 142.8, 126.5, 1.097
[02:43:50] 142.7, 126.5, 1.101
[02:43:51] 142.6, 126.4, 1.143
[02:43:52] 142.6, 126.3, 2.131
[02:43:53] 215.8, 126.3, 2.080
[02:43:54] 264.1, 126.3, 2.147
[02:43:55] 271.5, 126.3, 2.150
[02:43:56] 271.6, 126.3, 2.148
[02:43:57] 271.7, 126.3, 2.151
[02:43:58] 271.8, 126.3, 2.150
[02:43:59] 271.9, 126.3, 2.152
[02:44:00] 272.0, 126.3, 2.152
[02:44:01] 272.0, 126.3, 2.151
[02:44:02] 272.2, 126.3, 2.150
[02:44:03] 272.2, 126.3, 2.150
[02:44:04] 272.3, 126.3, 2.148
[02:44:05] 272.4, 126.3, 2.152
[02:44:06] 272.5, 126.3, 2.153
[02:44:07] 272.5, 126.3, 2.152
[02:44:08] 272.5, 126.4, 2.152
[02:44:09] 272.6, 126.3, 2.152
[02:44:10] 272.7, 126.3, 2.150
[02:44:11] 263.9, 126.5, 1.121
[02:44:12] 141.2, 126.5, 1.117
[02:44:13] 141.5, 126.5, 1.106
[02:44:14] 141.6, 126.4, 1.115
