<<<[03:11:50] 141.0, 126.5, 1.106
[03:11:51] 141.0, 126.5, 1.107
[03:11:52] 141.0, 126.5, 1.106
[03:11:53] 141.0, 126.5, 1.120
[03:11:54] 167.3, 126.5, 1.189
[03:11:55] 157.9, 126.5, 1.229
[03:11:56] 158.0, 126.5, 1.240
[03:11:57] 158.3, 126.5, 1.270
[03:11:58] 158.4, 126.5, 1.241
[03:11:59] 158.6, 126.5, 1.136
[03:12:00] 148.1, 126.5, 1.127
[03:12:01] 147.5, 126.5, 1.128
[03:12:02] 147.0, 126.5, 1.122
[03:12:03] 146.5, 126.4, 1.109
[03:12:04] 145.9, 126.5, 1.070
[03:12:05] 169.3, 126.4, 1.115
[03:12:06] 141.4, 126.5, 1.106
[03:12:07] 141.4, 126.5, 1.121
[03:12:08] 141.4, 126.5, 1.105
[03:12:09] 141.4, 126.5, 1.076
[03:12:10] 168.2, 126.5, 1.108
[03:12:11] 141.0, 126.5, 1.112
[03:12:12] 141.1, 126.5, 1.106
[03:12:13] 141.1, 126.4, 1.107
[03:12:14] 141.2, 126.5, 1.018
[03:12:15] 177.4, 126.5, 1.050
[03:12:16] 134.5, 126.5, 1.104
[03:12:17] 141.6, 126.5, 1.117
[03:12:18] 141.6, 126.5, 1.101
[03:12:19] 141.6, 126.4, 1.030
[03:12:20] 178.5, 126.4, 1.046
[03:12:21] 134.7, 126.5, 1.111
[03:12:22] 141.6, 126.4, 1.117
[03:12:23] 141.6, 126.5, 1.117
[03:12:24] 141.6, 126.5, 1.035
[03:12:25] 178.1, 126.4, 1.054
[03:12:26] 135.1, 126.4, 1.105
[03:12:27] 141.4, 126.4, 1.114
[03:12:28] 141.4, 126.5, 1.101
[03:12:29] 141.4, 126.5, 1.581
[03:12:30] 195.1, 126.5, 1.044
[03:12:31] 134.1, 126.5, 1.117
[03:12:32] 141.4, 126.5, 1.108
[03:12:33] 141.4, 126.5, 1.109
[03:12:34] 141.4, 126.4, 1.763
[03:12:35] 212.3, 126.5, 1.046
[03:12:36] 134.7, 126.5, 1.110
[03:12:37] 141.0, 126.5, 1.108
[03:12:38] 141.0, 126.5, 1.110
[03:12:39] 141.1, 126.3, 3.163
[03:12:40] 204.9, 126.5, 1.068
[03:12:41] 178.3, 126.5, 1.104
[03:12:42] 139.0, 126.4, 1.104
[03:12:43] 139.2, 126.4, 1.104
[03:12:44] 139.5, 126.5, 1.102
[03:12:45] 139.7, 126.3, 2.385
[03:12:46] 291.8, 126.5, 1.104
[03:12:47] 172.0, 126.5, 1.113
[03:12:48] 141.0, 126.5, 1.111
[03:12:49] 141.0, 126.5, 1.110
[03:12:50] 141.0, 126.4, 1.116
[03:12:51] 141.1, 126.3, 2.380
[03:12:52] 305.0, 126.3, 2.452
[03:12:53] 304.4, 126.5, 1.109
[03:12:54] 154.1, 126.5, 1.106
[03:12:55] 141.4, 126.5, 1.109
[03:12:56] 141.4, 126.5, 1.101
[03:12:57] 141.4, 126.5, 1.111
[03:12:58] 169.4, 126.3, 2.394
[03:12:59] 301.9, 126.3, 2.449
[03:13:00] 307.4, 126.3, 2.456
[03:13:01] 307.9, 126.4, 1.633
[03:13:02] 260.7, 126.5, 1.103
[03:13:03] 141.4, 126.5, 1.106
[03:13:04] 141.4, 126.4, 1.108
[03:13:05] 141.4, 126.4, 1.108
[03:13:06] 141.4, 126.3, 2.759
[03:13:07] 217.8, 126.3, 2.386
[03:13:08] 302.9, 126.3, 2.457
[03:13:09] 310.3, 126.2, 2.451
[03:13:10] 310.4, 126.3, 2.456
[03:13:11] 310.5, 126.3, 2.449
[03:13:12] 310.6, 126.3, 2.455
[03:13:13] 310.7, 126.3, 2.452
[03:13:14] 310.7, 126.4, 1.102
[03:13:15] 158.2, 126.4, 1.104
[03:13:16] 141.2, 126.4, 1.115
[03:13:17] 141.2, 126.4, 1.106
[03:13:18] 141.3, 126.4, 1.103
[03:13:19] 141.3, 126.3, 2.392
[03:13:20] 316.1, 126.2, 2.464
[03:13:21] 307.4, 126.2, 2.451
[03:13:22] 307.8, 126.3, 2.455
[03:13:23] 308.3, 126.2, 2.454
[03:13:24] 308.7, 126.3, 2.459
[03:13:25] 309.0, 126.3, 2.452
[03:13:26] 309.4, 126.2, 2.462
[03:13:27] 309.6, 126.2, 2.457
[03:13:28] 309.9, 126.2, 2.461
[03:13:29] 310.2, 126.3, 2.458
[03:13:30] 310.4, 126.3, 2.460
[03:13:31] 310.6, 126.3, 2.459
[03:13:32] 310.9, 126.3, 2.464
[03:13:33] 311.0, 126.4, 2.111
[03:13:34] 273.7, 126.5, 1.116
[03:13:35] 142.5, 126.5, 1.111
[03:13:36] 142.4, 126.5, 1.105
[03:13:37] 142.3, 126.5, 1.103
