<<<[01:01:44] 140.7, 126.1, 1.110
[01:01:45] 140.8, 126.1, 1.130
[01:01:46] 140.9, 126.1, 1.119
[01:01:47] 141.4, 126.1, 1.176
[01:01:48] 152.4, 126.1, 1.119
[01:01:49] 143.6, 126.1, 1.121
[01:01:50] 143.5, 126.1, 1.136
[01:01:51] 143.5, 126.1, 1.133
[01:01:52] 143.5, 126.0, 1.136
[01:01:53] 153.7, 126.0, 1.107
[01:01:54] 159.7, 126.0, 1.113
[01:01:55] 141.6, 126.1, 1.126
[01:01:56] 141.6, 126.1, 1.124
[01:01:57] 141.8, 126.0, 1.131
[01:01:58] 151.5, 126.0, 1.110
[01:01:59] 160.2, 126.0, 1.109
[01:02:00] 141.0, 126.1, 1.117
[01:02:01] 141.0, 126.0, 1.116
[01:02:02] 141.1, 126.1, 1.116
[01:02:03] 150.6, 126.1, 1.102
[01:02:04] 159.5, 126.1, 1.107
[01:02:05] 140.7, 126.0, 1.106
[01:02:06] 140.7, 126.1, 1.116
[01:02:07] 140.7, 126.0, 1.114
[01:02:08] 149.7, 126.1, 1.099
[01:02:09] 159.3, 126.1, 1.107
[01:02:10] 140.5, 126.1, 1.112
[01:02:11] 140.6, 126.1, 1.113
[01:02:12] 140.6, 126.1, 1.115
[01:02:13] 148.8, 126.1, 1.102
[01:02:14] 158.9, 126.1, 1.103
[01:02:15] 141.0, 126.0, 1.105
[01:02:16] 140.9, 126.1, 1.110
[01:02:17] 140.9, 126.0, 1.109
[01:02:18] 148.3, 126.1, 1.100
[01:02:19] 158.9, 126.1, 1.104
[01:02:20] 140.5, 126.1, 1.112
[01:02:21] 140.5, 126.1, 1.103
[01:02:22] 140.6, 126.1, 1.108
[01:02:23] 165.5, 126.1, 1.034
[01:02:24] 147.4, 126.1, 1.098
[01:02:25] 136.1, 126.1, 1.105
[01:02:26] 136.6, 126.1, 1.113
[01:02:27] 137.1, 126.1, 1.097
[01:02:28] 160.0, 126.2, 1.035
[01:02:29] 151.5, 126.1, 1.104
[01:02:30] 136.0, 126.1, 1.112
[01:02:31] 136.6, 126.1, 1.108
[01:02:32] 137.1, 126.1, 1.102
[01:02:33] 137.5, 126.1, 1.045
[01:02:34] 181.8, 126.1, 1.105
[01:02:35] 135.2, 126.1, 1.097
[01:02:36] 135.7, 126.1, 1.103
[01:02:37] 136.3, 126.1, 1.104
[01:02:38] 136.9, 126.1, 1.088
[01:02:39] 192.1, 126.1, 1.066
[01:02:40] 135.1, 126.1, 1.106
[01:02:41] 141.2, 126.1, 1.109
[01:02:42] 141.2, 126.1, 1.108
[01:02:43] 141.2, 126.0, 1.807
[01:02:44] 208.5, 126.1, 1.034
[01:02:45] 148.4, 126.1, 1.099
[01:02:46] 139.8, 126.0, 1.106
[01:02:47] 139.8, 126.1, 1.109
[01:02:48] 140.0, 126.1, 1.107
[01:02:49] 140.4, 126.0, 1.820
[01:02:50] 245.1, 126.1, 1.125
[01:02:51] 169.4, 126.1, 1.106
[01:02:52] 140.3, 126.1, 1.107
[01:02:53] 140.3, 126.1, 1.101
[01:02:54] 140.3, 126.1, 1.100
[01:02:55] 140.3, 126.0, 1.816
[01:02:56] 239.5, 126.0, 1.874
[01:02:57] 233.0, 126.0, 1.126
[01:02:58] 193.2, 126.1, 1.102
[01:02:59] 140.7, 126.1, 1.105
[01:03:00] 140.6, 126.1, 1.110
[01:03:01] 140.6, 126.1, 1.110
[01:03:02] 140.6, 125.9, 1.859
[01:03:03] 219.8, 126.0, 1.821
[01:03:04] 231.7, 126.0, 1.881
[01:03:05] 238.4, 126.0, 1.881
[01:03:06] 238.4, 125.9, 1.757
[01:03:07] 230.3, 126.0, 1.106
[01:03:08] 144.1, 126.0, 1.102
[01:03:09] 143.6, 126.0, 1.101
[01:03:10] 143.2, 125.9, 1.099
[01:03:11] 142.9, 125.8, 3.386
[01:03:12] 181.8, 125.9, 1.823
[01:03:13] 230.1, 125.9, 1.881
[01:03:14] 235.9, 125.9, 1.883
[01:03:15] 236.2, 125.9, 1.884
[01:03:16] 236.5, 125.9, 1.880
[01:03:17] 236.7, 125.9, 1.886
[01:03:18] 236.9, 126.0, 1.885
[01:03:19] 237.2, 126.0, 1.886
[01:03:20] 237.4, 126.0, 1.630
[01:03:21] 217.4, 126.1, 1.111
[01:03:22] 140.3, 126.1, 1.110
[01:03:23] 140.3, 126.0, 1.101
[01:03:24] 140.4, 126.0, 1.113
[01:03:25] 140.4, 126.0, 2.299
[01:03:26] 191.5, 125.9, 1.819
[01:03:27] 231.4, 125.9, 1.887
[01:03:28] 237.0, 125.9, 1.887
[01:03:29] 237.2, 125.9, 1.888
[01:03:30] 237.4, 126.0, 1.887
[01:03:31] 237.6, 126.0, 1.889
[01:03:32] 237.8, 125.9, 1.888
[01:03:33] 238.0, 126.0, 1.885
[01:03:34] 238.1, 126.0, 1.888
[01:03:35] 238.3, 126.0, 1.887
[01:03:36] 238.4, 125.9, 1.889
[01:03:37] 238.5, 125.9, 1.889
[01:03:38] 238.5, 126.0, 1.888
[01:03:39] 238.6, 125.9, 1.889
[01:03:40] 238.7, 125.9, 1.891
[01:03:41] 238.8, 125.9, 1.892
[01:03:42] 238.9, 126.0, 1.890
[01:03:43] 239.0, 126.1, 1.117
[01:03:44] 174.9, 126.1, 1.109
[01:03:45] 140.7, 126.1, 1.107
[01:03:46] 140.7, 126.1, 1.111
