<<<[04:28:16] 140.5, 126.3, 1.108
[04:28:17] 140.6, 126.3, 1.120
[04:28:18] 140.8, 126.3, 1.131
[04:28:19] 141.2, 126.2, 1.237
[04:28:20] 151.2, 126.3, 1.302
[04:28:21] 165.8, 126.2, 1.246
[04:28:22] 165.3, 126.2, 1.247
[04:28:23] 158.2, 126.3, 1.255
[04:28:24] 158.2, 126.2, 1.246
[04:28:25] 158.2, 126.2, 1.231
[04:28:26] 158.3, 126.2, 1.135
[04:28:27] 143.4, 126.2, 1.131
[04:28:28] 143.3, 126.2, 1.122
[04:28:29] 143.5, 126.2, 1.155
[04:28:30] 143.8, 126.2, 1.156
[04:28:31] 144.2, 126.3, 1.129
[04:28:32] 167.6, 126.3, 1.097
[04:28:33] 140.1, 126.2, 1.101
[04:28:34] 140.0, 126.3, 1.098
[04:28:35] 140.1, 126.3, 1.099
[04:28:36] 140.1, 126.3, 1.125
[04:28:37] 167.1, 126.3, 1.095
[04:28:38] 139.8, 126.3, 1.097
[04:28:39] 139.8, 126.3, 1.100
[04:28:40] 139.8, 126.3, 1.094
[04:28:41] 139.8, 126.3, 1.125
[04:28:42] 167.1, 126.3, 1.095
[04:28:43] 140.1, 126.2, 1.102
[04:28:44] 140.0, 126.2, 1.097
[04:28:45] 140.0, 126.2, 1.090
[04:28:46] 140.0, 126.2, 1.122
[04:28:47] 167.3, 126.1, 1.095
[04:28:48] 140.1, 126.2, 1.095
[04:28:49] 140.0, 126.3, 1.105
[04:28:50] 140.0, 126.3, 1.091
[04:28:51] 140.1, 126.2, 1.051
[04:28:52] 175.2, 126.3, 1.097
[04:28:53] 134.9, 126.3, 1.089
[04:28:54] 135.4, 126.3, 1.095
[04:28:55] 136.0, 126.3, 1.105
[04:28:56] 136.5, 126.3, 1.053
[04:28:57] 174.9, 126.3, 1.095
[04:28:58] 135.1, 126.3, 1.105
[04:28:59] 135.7, 126.2, 1.097
[04:29:00] 136.2, 126.3, 1.101
[04:29:01] 136.7, 126.2, 1.060
[04:29:02] 177.6, 126.2, 1.090
[04:29:03] 134.5, 126.2, 1.096
[04:29:04] 139.8, 126.2, 1.090
[04:29:05] 139.8, 126.3, 1.096
[04:29:06] 139.8, 126.3, 1.049
[04:29:07] 192.1, 126.2, 1.069
[04:29:08] 134.3, 126.2, 1.103
[04:29:09] 139.9, 126.3, 1.094
[04:29:10] 139.8, 126.3, 1.102
[04:29:11] 139.9, 126.2, 2.009
[04:29:12] 222.3, 126.3, 1.037
[04:29:13] 135.1, 126.3, 1.098
[04:29:14] 135.7, 126.3, 1.099
[04:29:15] 136.2, 126.2, 1.094
[04:29:16] 136.6, 126.0, 3.434
[04:29:17] 193.0, 126.1, 1.586
[04:29:18] 228.5, 126.2, 1.092
[04:29:19] 137.0, 126.2, 1.096
[04:29:20] 137.3, 126.2, 1.095
[04:29:21] 137.6, 126.2, 1.094
[04:29:22] 137.9, 126.1, 2.249
[04:29:23] 236.8, 126.2, 2.276
[04:29:24] 277.3, 126.3, 1.096
[04:29:25] 154.2, 126.3, 1.095
[04:29:26] 139.6, 126.3, 1.094
[04:29:27] 139.6, 126.3, 1.096
[04:29:28] 139.6, 126.3, 1.090
[04:29:29] 177.6, 126.2, 2.277
[04:29:30] 285.7, 126.2, 2.337
[04:29:31] 293.1, 126.2, 1.829
[04:29:32] 269.2, 126.4, 1.091
[04:29:33] 143.0, 126.4, 1.092
[04:29:34] 142.5, 126.4, 1.091
[04:29:35] 142.2, 126.3, 1.097
[04:29:36] 141.9, 126.1, 3.321
[04:29:37] 200.2, 126.1, 2.281
[04:29:38] 288.7, 126.2, 2.341
[04:29:39] 294.2, 126.1, 2.340
[04:29:40] 294.4, 126.2, 2.344
[04:29:41] 294.7, 126.2, 2.342
[04:29:42] 295.0, 126.3, 1.129
[04:29:43] 215.1, 126.3, 1.095
[04:29:44] 140.5, 126.3, 1.087
[04:29:45] 140.3, 126.4, 1.090
[04:29:46] 140.3, 126.2, 1.097
[04:29:47] 140.3, 126.1, 2.311
[04:29:48] 250.2, 126.1, 2.279
[04:29:49] 288.2, 126.1, 2.343
[04:29:50] 296.9, 126.1, 2.344
[04:29:51] 296.9, 126.1, 2.346
[04:29:52] 296.9, 126.1, 2.346
[04:29:53] 296.9, 126.0, 2.347
[04:29:54] 296.9, 126.1, 2.343
[04:29:55] 296.9, 126.1, 2.345
[04:29:56] 297.0, 126.1, 2.350
[04:29:57] 296.9, 126.0, 2.353
[04:29:58] 296.9, 126.2, 1.566
[04:29:59] 250.2, 126.3, 1.098
[04:30:00] 141.0, 126.2, 1.106
[04:30:01] 140.9, 126.2, 1.104
[04:30:02] 140.8, 126.3, 1.100
