<<<[18:34:19] 140.6, 125.6, 1.124
[18:34:20] 140.8, 125.6, 1.131
[18:34:21] 141.0, 125.6, 1.142
[18:34:22] 141.5, 125.6, 1.286
[18:34:23] 155.5, 125.6, 1.225
[18:34:24] 155.4, 125.6, 1.164
[18:34:25] 145.0, 125.6, 1.182
[18:34:26] 145.3, 125.6, 1.183
[18:34:27] 145.8, 125.6, 1.178
[18:34:28] 146.2, 125.6, 1.230
[18:34:29] 161.1, 125.6, 1.111
[18:34:30] 153.7, 125.6, 1.118
[18:34:31] 140.8, 125.6, 1.114
[18:34:32] 140.8, 125.6, 1.112
[18:34:33] 140.8, 125.6, 1.162
[18:34:34] 154.1, 125.6, 1.109
[18:34:35] 154.0, 125.6, 1.106
[18:34:36] 140.3, 125.6, 1.115
[18:34:37] 140.3, 125.6, 1.102
[18:34:38] 140.3, 125.7, 1.140
[18:34:39] 153.2, 125.7, 1.102
[18:34:40] 153.3, 125.7, 1.109
[18:34:41] 140.3, 125.7, 1.108
[18:34:42] 140.3, 125.7, 1.102
[18:34:43] 140.3, 125.7, 1.133
[18:34:44] 153.3, 125.6, 1.101
[18:34:45] 153.4, 125.7, 1.106
[18:34:46] 140.3, 125.7, 1.109
[18:34:47] 140.3, 125.7, 1.111
[18:34:48] 140.3, 125.6, 1.126
[18:34:49] 152.4, 125.7, 1.106
[18:34:50] 152.7, 125.7, 1.111
[18:34:51] 140.3, 125.7, 1.110
[18:34:52] 140.3, 125.7, 1.101
[18:34:53] 140.3, 125.7, 1.121
[18:34:54] 151.9, 125.7, 1.108
[18:34:55] 152.3, 125.7, 1.105
[18:34:56] 140.1, 125.7, 1.108
[18:34:57] 140.1, 125.6, 1.106
[18:34:58] 140.1, 125.7, 1.112
[18:34:59] 151.3, 125.6, 1.106
[18:35:00] 151.8, 125.7, 1.104
[18:35:01] 140.5, 125.7, 1.110
[18:35:02] 140.5, 125.7, 1.102
[18:35:03] 140.4, 125.6, 1.105
[18:35:04] 167.8, 125.6, 1.032
[18:35:05] 144.5, 125.6, 1.104
[18:35:06] 136.0, 125.6, 1.106
[18:35:07] 136.5, 125.6, 1.100
[18:35:08] 136.9, 125.6, 1.109
[18:35:09] 167.1, 125.6, 1.043
[18:35:10] 145.7, 125.6, 1.107
[18:35:11] 136.1, 125.6, 1.102
[18:35:12] 136.6, 125.6, 1.104
[18:35:13] 137.0, 125.5, 1.110
[18:35:14] 159.5, 125.6, 1.035
[18:35:15] 151.7, 125.6, 1.107
[18:35:16] 135.6, 125.6, 1.110
[18:35:17] 136.1, 125.6, 1.107
[18:35:18] 136.5, 125.6, 1.105
[18:35:19] 136.9, 125.6, 1.055
[18:35:20] 183.7, 125.6, 1.112
[18:35:21] 135.1, 125.6, 1.104
[18:35:22] 135.7, 125.6, 1.104
[18:35:23] 136.2, 125.6, 1.098
[18:35:24] 136.6, 125.5, 1.596
[18:35:25] 208.9, 125.6, 1.043
[18:35:26] 132.9, 125.6, 1.106
[18:35:27] 139.6, 125.5, 1.097
[18:35:28] 139.5, 125.6, 1.108
[18:35:29] 139.5, 125.4, 2.667
[18:35:30] 193.0, 125.6, 1.094
[18:35:31] 193.3, 125.6, 1.100
[18:35:32] 138.7, 125.6, 1.103
[18:35:33] 138.8, 125.5, 1.108
[18:35:34] 138.9, 125.6, 1.100
[18:35:35] 139.0, 125.4, 1.930
[18:35:36] 216.7, 125.4, 1.933
[18:35:37] 244.9, 125.6, 1.101
[18:35:38] 156.8, 125.6, 1.102
[18:35:39] 139.6, 125.6, 1.103
[18:35:40] 139.6, 125.6, 1.107
[18:35:41] 139.6, 125.6, 1.108
[18:35:42] 139.7, 125.5, 1.946
[18:35:43] 261.2, 125.5, 2.009
[18:35:44] 248.5, 125.5, 2.001
[18:35:45] 249.0, 125.6, 1.114
[18:35:46] 177.0, 125.6, 1.104
[18:35:47] 139.9, 125.6, 1.101
[18:35:48] 139.8, 125.5, 1.101
[18:35:49] 139.8, 125.6, 1.106
[18:35:50] 139.8, 125.5, 1.945
[18:35:51] 248.4, 125.5, 1.997
[18:35:52] 248.2, 125.5, 2.002
[18:35:53] 248.8, 125.5, 2.004
[18:35:54] 249.3, 125.5, 2.006
[18:35:55] 249.8, 125.5, 2.005
[18:35:56] 250.2, 125.7, 1.227
[18:35:57] 202.6, 125.7, 1.105
[18:35:58] 139.9, 125.7, 1.105
[18:35:59] 139.9, 125.7, 1.109
[18:36:00] 139.9, 125.6, 1.115
[18:36:01] 139.9, 125.5, 1.958
[18:36:02] 222.1, 125.5, 1.941
[18:36:03] 244.9, 125.5, 2.007
[18:36:04] 253.3, 125.5, 2.009
[18:36:05] 253.3, 125.5, 2.011
[18:36:06] 253.3, 125.5, 2.007
[18:36:07] 253.3, 125.5, 2.010
[18:36:08] 253.4, 125.5, 2.014
[18:36:09] 253.4, 125.5, 2.013
[18:36:10] 253.5, 125.5, 2.013
[18:36:11] 253.6, 125.5, 2.015
[18:36:12] 253.6, 125.5, 2.011
[18:36:13] 253.6, 125.5, 2.013
[18:36:14] 241.5, 125.6, 1.107
[18:36:15] 138.9, 125.6, 1.106
[18:36:16] 139.0, 125.6, 1.118
[18:36:17] 139.2, 125.6, 1.118
