<<<[22:55:05] 142.0, 125.8, 1.106
[22:55:06] 141.9, 125.8, 1.111
[22:55:07] 141.8, 125.8, 1.118
[22:55:08] 141.8, 125.8, 1.261
[22:55:09] 150.4, 125.8, 1.251
[22:55:10] 158.9, 125.8, 1.243
[22:55:11] 158.8, 125.8, 1.237
[22:55:12] 158.6, 125.7, 1.267
[22:55:13] 158.6, 125.8, 1.141
[22:55:14] 145.6, 125.8, 1.142
[22:55:15] 145.4, 125.8, 1.128
[22:55:16] 145.3, 125.8, 1.144
[22:55:17] 145.2, 125.8, 1.120
[22:55:18] 145.0, 125.8, 1.124
[22:55:19] 166.9, 125.8, 1.099
[22:55:20] 140.1, 125.9, 1.103
[22:55:21] 140.0, 125.8, 1.097
[22:55:22] 140.0, 125.8, 1.109
[22:55:23] 140.1, 125.8, 1.119
[22:55:24] 166.9, 125.8, 1.102
[22:55:25] 139.9, 125.9, 1.104
[22:55:26] 139.9, 125.9, 1.101
[22:55:27] 139.9, 125.8, 1.101
[22:55:28] 139.9, 125.8, 1.062
[22:55:29] 174.9, 125.8, 1.108
[22:55:30] 134.9, 125.9, 1.103
[22:55:31] 135.5, 125.9, 1.100
[22:55:32] 136.0, 125.8, 1.094
[22:55:33] 136.4, 125.9, 1.064
[22:55:34] 175.2, 125.8, 1.111
[22:55:35] 135.2, 125.8, 1.102
[22:55:36] 135.7, 125.8, 1.095
[22:55:37] 136.2, 125.8, 1.104
[22:55:38] 136.7, 125.9, 1.062
[22:55:39] 176.3, 125.9, 1.107
[22:55:40] 134.7, 125.8, 1.104
[22:55:41] 135.3, 125.8, 1.098
[22:55:42] 135.8, 125.8, 1.104
[22:55:43] 136.3, 125.7, 0.998
[22:55:44] 190.8, 125.7, 1.102
[22:55:45] 134.7, 125.8, 1.104
[22:55:46] 135.2, 125.7, 1.109
[22:55:47] 135.9, 125.7, 1.104
[22:55:48] 136.3, 125.7, 1.589
[22:55:49] 208.0, 125.7, 1.048
[22:55:50] 133.4, 125.7, 1.104
[22:55:51] 139.8, 125.7, 1.102
[22:55:52] 139.7, 125.7, 1.103
[22:55:53] 139.7, 125.6, 2.268
[22:55:54] 230.3, 125.7, 1.041
[22:55:55] 144.1, 125.7, 1.104
[22:55:56] 143.5, 125.7, 1.099
[22:55:57] 143.0, 125.7, 1.100
[22:55:58] 142.6, 125.7, 1.104
[22:55:59] 175.4, 125.6, 2.104
[22:56:00] 264.7, 125.8, 1.096
[22:56:01] 137.4, 125.8, 1.097
[22:56:02] 137.6, 125.8, 1.100
[22:56:03] 137.9, 125.7, 1.098
[22:56:04] 138.2, 125.6, 3.523
[22:56:05] 191.7, 125.7, 2.289
[22:56:06] 288.0, 125.8, 1.609
[22:56:07] 239.5, 125.9, 1.103
[22:56:08] 139.8, 125.8, 1.100
[22:56:09] 139.8, 125.9, 1.099
[22:56:10] 139.8, 125.8, 1.101
[22:56:11] 139.8, 125.7, 2.311
[22:56:12] 225.7, 125.7, 2.293
[22:56:13] 289.6, 125.7, 2.356
[22:56:14] 296.3, 125.6, 2.357
[22:56:15] 296.4, 125.8, 1.119
[22:56:16] 171.4, 125.9, 1.099
[22:56:17] 140.1, 125.9, 1.097
[22:56:18] 140.0, 125.8, 1.104
[22:56:19] 140.0, 125.8, 1.103
[22:56:20] 140.0, 125.7, 2.291
[22:56:21] 299.8, 125.7, 2.360
[22:56:22] 292.4, 125.7, 2.355
[22:56:23] 292.9, 125.6, 2.354
[22:56:24] 293.4, 125.7, 2.356
[22:56:25] 293.9, 125.6, 2.354
[22:56:26] 294.3, 125.6, 2.360
[22:56:27] 294.7, 125.7, 1.127
[22:56:28] 174.5, 125.8, 1.106
[22:56:29] 140.1, 125.8, 1.099
[22:56:30] 140.0, 125.8, 1.108
[22:56:31] 140.1, 125.8, 1.107
[22:56:32] 140.0, 125.6, 2.290
[22:56:33] 295.4, 125.6, 2.360
[22:56:34] 295.0, 125.5, 2.360
[22:56:35] 295.2, 125.5, 2.359
[22:56:36] 295.6, 125.5, 2.363
[22:56:37] 295.8, 125.5, 2.359
[22:56:38] 296.0, 125.6, 2.361
[22:56:39] 296.3, 125.5, 2.358
[22:56:40] 296.5, 125.5, 2.362
[22:56:41] 296.7, 125.6, 2.359
[22:56:42] 296.8, 125.6, 2.361
[22:56:43] 296.9, 125.6, 2.357
[22:56:44] 297.1, 125.6, 2.363
[22:56:45] 297.2, 125.6, 2.360
[22:56:46] 297.3, 125.7, 1.114
[22:56:47] 154.6, 125.8, 1.101
[22:56:48] 140.5, 125.8, 1.102
[22:56:49] 140.4, 125.8, 1.103
