<<<[04:24:36] 142.4, 126.3, 1.128
[04:24:37] 142.5, 126.3, 1.134
[04:24:38] 142.7, 126.3, 1.135
[04:24:39] 143.0, 126.3, 1.248
[04:24:40] 159.7, 126.3, 1.233
[04:24:41] 159.3, 126.2, 1.240
[04:24:42] 159.0, 126.3, 1.254
[04:24:43] 158.7, 126.4, 1.225
[04:24:44] 158.4, 126.3, 1.223
[04:24:45] 158.1, 126.3, 1.235
[04:24:46] 158.0, 126.3, 1.163
[04:24:47] 147.7, 126.3, 1.165
[04:24:48] 147.7, 126.3, 1.169
[04:24:49] 147.9, 126.3, 1.168
[04:24:50] 148.0, 126.3, 1.169
[04:24:51] 158.4, 126.4, 1.095
[04:24:52] 158.0, 126.3, 1.095
[04:24:53] 139.4, 126.3, 1.096
[04:24:54] 139.4, 126.3, 1.097
[04:24:55] 139.4, 126.3, 1.093
[04:24:56] 149.5, 126.3, 1.091
[04:24:57] 156.2, 126.3, 1.104
[04:24:58] 139.9, 126.3, 1.092
[04:24:59] 139.8, 126.3, 1.095
[04:25:00] 139.8, 126.2, 1.093
[04:25:01] 166.2, 126.3, 1.031
[04:25:02] 145.0, 126.3, 1.090
[04:25:03] 136.1, 126.3, 1.096
[04:25:04] 136.5, 126.2, 1.088
[04:25:05] 136.8, 126.2, 1.099
[04:25:06] 167.8, 126.3, 1.030
[04:25:07] 145.6, 126.3, 1.089
[04:25:08] 135.6, 126.3, 1.089
[04:25:09] 136.0, 126.3, 1.095
[04:25:10] 136.5, 126.3, 1.092
[04:25:11] 161.8, 126.3, 1.023
[04:25:12] 153.0, 126.2, 1.097
[04:25:13] 135.1, 126.3, 1.095
[04:25:14] 135.6, 126.3, 1.096
[04:25:15] 136.2, 126.3, 1.092
[04:25:16] 136.5, 126.3, 1.046
[04:25:17] 191.5, 126.3, 1.098
[04:25:18] 134.9, 126.3, 1.093
[04:25:19] 135.4, 126.3, 1.095
[04:25:20] 135.9, 126.2, 1.094
[04:25:21] 136.4, 126.2, 1.511
[04:25:22] 223.6, 126.3, 1.057
[04:25:23] 132.7, 126.3, 1.099
[04:25:24] 139.4, 126.3, 1.097
[04:25:25] 139.4, 126.3, 1.095
[04:25:26] 139.4, 126.1, 2.567
[04:25:27] 214.0, 126.3, 1.076
[04:25:28] 206.6, 126.3, 1.094
[04:25:29] 138.3, 126.3, 1.094
[04:25:30] 138.4, 126.3, 1.091
[04:25:31] 138.6, 126.3, 1.095
[04:25:32] 138.7, 126.1, 2.307
[04:25:33] 252.5, 126.1, 2.278
[04:25:34] 275.3, 126.2, 1.099
[04:25:35] 142.1, 126.3, 1.093
[04:25:36] 141.7, 126.3, 1.098
[04:25:37] 141.4, 126.3, 1.098
[04:25:38] 141.2, 126.3, 1.098
[04:25:39] 181.0, 126.2, 2.282
[04:25:40] 286.2, 126.1, 2.344
[04:25:41] 293.6, 126.2, 2.341
[04:25:42] 281.9, 126.3, 1.098
[04:25:43] 142.8, 126.3, 1.097
[04:25:44] 142.4, 126.3, 1.094
[04:25:45] 142.0, 126.3, 1.094
[04:25:46] 141.7, 126.3, 1.108
[04:25:47] 183.0, 126.1, 2.286
[04:25:48] 286.6, 126.1, 2.343
[04:25:49] 293.8, 126.1, 2.346
[04:25:50] 294.2, 126.1, 2.347
[04:25:51] 294.5, 126.1, 2.347
[04:25:52] 294.9, 126.2, 2.299
[04:25:53] 279.7, 126.3, 1.091
[04:25:54] 143.4, 126.3, 1.101
[04:25:55] 142.9, 126.2, 1.099
[04:25:56] 142.6, 126.3, 1.090
[04:25:57] 142.2, 126.1, 2.732
[04:25:58] 185.6, 126.1, 2.283
[04:25:59] 287.1, 126.1, 2.344
[04:26:00] 294.3, 126.1, 2.348
[04:26:01] 294.6, 126.1, 2.353
[04:26:02] 294.9, 126.1, 2.348
[04:26:03] 295.2, 126.1, 2.349
[04:26:04] 295.5, 126.1, 2.349
[04:26:05] 295.7, 126.1, 2.350
[04:26:06] 295.9, 126.1, 2.354
[04:26:07] 296.1, 126.2, 2.350
[04:26:08] 296.3, 126.1, 2.350
[04:26:09] 296.5, 126.2, 2.148
[04:26:10] 264.8, 126.3, 1.101
[04:26:11] 140.1, 126.3, 1.098
[04:26:12] 140.0, 126.3, 1.094
[04:26:13] 140.0, 126.4, 1.098
