<<<[15:55:38] 144.7, 125.1, 1.130
[15:55:39] 144.4, 125.1, 1.136
[15:55:40] 144.4, 125.1, 1.153
[15:55:41] 144.3, 125.1, 1.266
[15:55:42] 157.0, 125.1, 1.230
[15:55:43] 156.7, 125.1, 1.185
[15:55:44] 147.5, 125.1, 1.185
[15:55:45] 147.7, 125.1, 1.189
[15:55:46] 147.9, 125.1, 1.187
[15:55:47] 148.0, 125.1, 1.376
[15:55:48] 165.1, 125.1, 1.128
[15:55:49] 151.9, 125.1, 1.130
[15:55:50] 142.3, 125.1, 1.130
[15:55:51] 142.3, 125.1, 1.137
[15:55:52] 142.5, 125.1, 1.269
[15:55:53] 160.4, 125.1, 1.116
[15:55:54] 151.3, 125.1, 1.113
[15:55:55] 141.0, 125.1, 1.119
[15:55:56] 141.0, 125.0, 1.135
[15:55:57] 141.3, 125.0, 1.245
[15:55:58] 158.6, 125.1, 1.116
[15:55:59] 151.7, 125.0, 1.118
[15:56:00] 140.8, 125.1, 1.120
[15:56:01] 140.8, 125.1, 1.123
[15:56:02] 141.0, 125.1, 1.217
[15:56:03] 157.5, 125.1, 1.111
[15:56:04] 151.3, 125.0, 1.113
[15:56:05] 140.5, 125.1, 1.121
[15:56:06] 140.5, 125.1, 1.127
[15:56:07] 140.6, 125.1, 1.201
[15:56:08] 156.8, 125.1, 1.116
[15:56:09] 156.1, 125.0, 1.119
[15:56:10] 141.0, 125.0, 1.110
[15:56:11] 140.9, 125.0, 1.131
[15:56:12] 141.0, 125.1, 1.159
[15:56:13] 155.9, 125.0, 1.112
[15:56:14] 155.4, 125.1, 1.118
[15:56:15] 140.5, 125.0, 1.112
[15:56:16] 140.4, 125.1, 1.115
[15:56:17] 140.5, 125.1, 1.127
[15:56:18] 170.5, 125.1, 1.050
[15:56:19] 141.8, 125.0, 1.117
[15:56:20] 141.2, 125.1, 1.119
[15:56:21] 141.1, 125.1, 1.125
[15:56:22] 141.1, 125.1, 1.116
[15:56:23] 167.8, 125.1, 1.069
[15:56:24] 155.9, 125.1, 1.107
[15:56:25] 136.0, 125.0, 1.112
[15:56:26] 136.5, 125.1, 1.117
[15:56:27] 137.0, 125.0, 1.107
[15:56:28] 137.6, 125.1, 0.983
[15:56:29] 194.1, 125.0, 1.120
[15:56:30] 135.8, 125.0, 1.111
[15:56:31] 136.3, 125.0, 1.120
[15:56:32] 136.8, 125.1, 1.116
[15:56:33] 137.3, 125.0, 1.595
[15:56:34] 216.9, 125.1, 1.077
[15:56:35] 132.5, 125.0, 1.107
[15:56:36] 139.6, 125.0, 1.112
[15:56:37] 139.7, 125.1, 1.118
[15:56:38] 139.8, 125.0, 2.208
[15:56:39] 193.3, 125.1, 1.000
[15:56:40] 184.3, 125.1, 1.113
[15:56:41] 138.7, 125.0, 1.111
[15:56:42] 138.9, 125.1, 1.115
[15:56:43] 139.1, 125.1, 1.111
[15:56:44] 139.3, 124.9, 1.851
[15:56:45] 213.3, 125.0, 1.847
[15:56:46] 231.2, 125.1, 1.105
[15:56:47] 152.1, 125.0, 1.118
[15:56:48] 140.5, 125.1, 1.113
[15:56:49] 140.5, 125.1, 1.113
[15:56:50] 140.5, 125.1, 1.108
[15:56:51] 155.0, 125.0, 1.847
[15:56:52] 238.1, 125.1, 1.913
[15:56:53] 237.8, 125.1, 1.909
[15:56:54] 238.0, 125.2, 1.133
[15:56:55] 169.8, 125.2, 1.110
[15:56:56] 140.7, 125.1, 1.111
[15:56:57] 140.6, 125.1, 1.112
[15:56:58] 140.6, 125.1, 1.115
[15:56:59] 140.7, 125.0, 1.845
[15:57:00] 237.9, 125.0, 1.904
[15:57:01] 237.5, 125.0, 1.910
[15:57:02] 237.8, 125.0, 1.907
[15:57:03] 238.0, 125.0, 1.908
[15:57:04] 238.3, 125.0, 1.912
[15:57:05] 238.5, 125.0, 1.606
[15:57:06] 206.6, 125.0, 1.117
[15:57:07] 141.2, 125.1, 1.118
[15:57:08] 141.1, 125.1, 1.111
[15:57:09] 141.0, 125.1, 1.119
[15:57:10] 141.0, 125.0, 1.845
[15:57:11] 211.1, 125.0, 1.849
[15:57:12] 232.1, 125.0, 1.912
[15:57:13] 240.2, 125.0, 1.911
[15:57:14] 240.2, 125.0, 1.911
[15:57:15] 240.1, 124.9, 1.912
[15:57:16] 240.1, 125.0, 1.913
[15:57:17] 240.2, 124.9, 1.913
[15:57:18] 240.2, 125.0, 1.914
[15:57:19] 240.2, 125.0, 1.915
[15:57:20] 240.3, 125.0, 1.915
[15:57:21] 240.3, 125.0, 1.914
[15:57:22] 240.3, 125.0, 1.916
[15:57:23] 240.4, 125.1, 1.119
[15:57:24] 141.8, 125.1, 1.119
[15:57:25] 141.6, 125.1, 1.115
[15:57:26] 141.5, 125.2, 1.126
[15:57:27] 141.6, 125.1, 1.123
