<<<[00:46:30] 141.4, 125.9, 1.120
[00:46:31] 141.3, 126.0, 1.122
[00:46:32] 141.3, 126.0, 1.113
[00:46:33] 141.4, 126.0, 1.232
[00:46:34] 154.2, 126.0, 1.275
[00:46:35] 161.7, 126.0, 1.244
[00:46:36] 161.6, 126.0, 1.248
[00:46:37] 161.5, 126.0, 1.270
[00:46:38] 161.2, 126.0, 1.273
[00:46:39] 161.2, 125.9, 1.279
[00:46:40] 161.1, 126.0, 1.274
[00:46:41] 161.0, 126.0, 1.274
[00:46:42] 161.1, 125.9, 1.277
[00:46:43] 161.1, 125.9, 1.275
[00:46:44] 161.1, 125.9, 1.272
[00:46:45] 161.2, 125.9, 1.275
[00:46:46] 161.2, 125.9, 1.275
[00:46:47] 161.3, 125.9, 1.276
[00:46:48] 161.3, 125.9, 1.253
[00:46:49] 160.9, 125.9, 1.274
[00:46:50] 161.0, 126.0, 1.271
[00:46:51] 161.1, 126.0, 1.273
[00:46:52] 160.9, 125.9, 1.254
[00:46:53] 160.9, 125.9, 1.259
[00:46:54] 160.6, 125.9, 1.254
[00:46:55] 160.6, 125.9, 1.261
[00:46:56] 160.3, 126.0, 1.245
[00:46:57] 160.4, 125.9, 1.244
[00:46:58] 160.3, 126.0, 1.239
[00:46:59] 160.2, 126.0, 1.242
[00:47:00] 160.0, 126.0, 1.308
[00:47:01] 160.4, 126.0, 1.251
[00:47:02] 160.2, 126.0, 1.245
[00:47:03] 160.1, 125.9, 1.235
[00:47:04] 160.0, 125.9, 1.275
[00:47:05] 159.8, 125.9, 1.244
[00:47:06] 159.8, 125.9, 1.264
[00:47:07] 159.8, 125.9, 1.247
[00:47:08] 159.6, 125.9, 1.238
[00:47:09] 159.6, 125.9, 1.279
[00:47:10] 159.5, 125.9, 1.243
[00:47:11] 159.4, 125.9, 1.273
[00:47:12] 165.1, 125.9, 1.104
[00:47:13] 140.5, 125.9, 1.121
[00:47:14] 140.5, 125.9, 1.105
[00:47:15] 140.5, 125.9, 1.105
[00:47:16] 140.5, 126.0, 1.110
[00:47:17] 146.1, 125.9, 1.081
[00:47:18] 172.3, 125.9, 1.124
[00:47:19] 137.2, 126.0, 1.111
[00:47:20] 137.7, 126.0, 1.119
[00:47:21] 138.2, 126.0, 1.115
[00:47:22] 138.7, 125.9, 1.065
[00:47:23] 177.8, 125.9, 1.114
[00:47:24] 137.4, 126.0, 1.128
[00:47:25] 137.9, 125.9, 1.109
[00:47:26] 138.3, 125.9, 1.126
[00:47:27] 138.8, 125.9, 1.081
[00:47:28] 180.7, 125.9, 1.124
[00:47:29] 137.0, 126.0, 1.116
[00:47:30] 137.5, 125.9, 1.122
[00:47:31] 138.0, 125.9, 1.110
[00:47:32] 138.5, 126.0, 1.005
[00:47:33] 197.1, 126.0, 1.107
[00:47:34] 136.3, 126.0, 1.117
[00:47:35] 136.9, 126.0, 1.109
[00:47:36] 137.4, 126.0, 1.109
[00:47:37] 138.0, 126.0, 1.531
[00:47:38] 216.5, 126.0, 1.045
[00:47:39] 135.2, 126.0, 1.111
[00:47:40] 141.4, 126.0, 1.102
[00:47:41] 141.4, 126.0, 1.114
[00:47:42] 141.4, 125.8, 2.435
[00:47:43] 234.4, 126.0, 1.072
[00:47:44] 167.1, 126.0, 1.115
[00:47:45] 141.2, 126.0, 1.114
[00:47:46] 141.2, 126.0, 1.121
[00:47:47] 141.3, 125.9, 1.110
[00:47:48] 141.3, 125.8, 2.411
[00:47:49] 310.1, 126.0, 1.144
[00:47:50] 179.2, 125.9, 1.103
[00:47:51] 141.6, 126.0, 1.111
[00:47:52] 141.6, 126.0, 1.116
[00:47:53] 141.5, 126.0, 1.123
[00:47:54] 141.5, 125.8, 2.417
[00:47:55] 296.3, 125.8, 2.475
[00:47:56] 308.1, 126.0, 1.098
[00:47:57] 214.3, 126.0, 1.109
[00:47:58] 141.8, 126.0, 1.104
[00:47:59] 141.7, 126.0, 1.105
[00:48:00] 141.6, 126.0, 1.111
[00:48:01] 141.6, 125.8, 2.452
[00:48:02] 271.0, 125.8, 2.421
[00:48:03] 306.5, 125.8, 2.484
[00:48:04] 314.1, 125.8, 2.488
[00:48:05] 314.1, 125.9, 1.625
[00:48:06] 260.9, 125.9, 1.118
[00:48:07] 141.8, 125.9, 1.099
[00:48:08] 141.7, 126.0, 1.118
[00:48:09] 141.6, 126.0, 1.115
[00:48:10] 141.6, 125.8, 2.946
[00:48:11] 220.1, 125.8, 2.420
[00:48:12] 306.7, 125.8, 2.487
[00:48:13] 312.4, 125.9, 2.470
[00:48:14] 312.5, 125.9, 2.486
[00:48:15] 312.7, 125.9, 2.481
[00:48:16] 312.8, 125.8, 2.477
[00:48:17] 313.0, 125.9, 2.480
[00:48:18] 313.1, 125.9, 2.488
[00:48:19] 313.3, 126.1, 1.094
[00:48:20] 211.3, 126.1, 1.110
[00:48:21] 141.9, 126.1, 1.125
[00:48:22] 141.9, 126.1, 1.105
[00:48:23] 141.8, 126.0, 1.110
[00:48:24] 141.8, 125.8, 2.447
[00:48:25] 279.5, 125.8, 2.425
[00:48:26] 307.7, 125.8, 2.475
[00:48:27] 314.3, 125.8, 2.476
[00:48:28] 314.1, 125.8, 2.491
[00:48:29] 314.2, 125.9, 2.487
[00:48:30] 314.2, 125.8, 2.487
[00:48:31] 314.2, 125.8, 2.484
[00:48:32] 314.2, 125.8, 2.491
[00:48:33] 314.2, 125.8, 2.484
[00:48:34] 314.3, 125.8, 2.488
[00:48:35] 314.3, 125.8, 2.480
[00:48:36] 314.2, 125.9, 2.482
[00:48:37] 314.3, 125.8, 2.480
[00:48:38] 314.3, 125.8, 2.495
[00:48:39] 314.4, 125.8, 2.498
[00:48:40] 314.5, 125.8, 2.497
[00:48:41] 314.6, 126.0, 1.113
[00:48:42] 235.5, 125.9, 1.130
[00:48:43] 141.8, 125.9, 1.115
[00:48:44] 141.8, 126.0, 1.118
[00:48:45] 141.8, 126.0, 1.125
