<<<[08:34:07] 139.8, 125.9, 1.125
[08:34:08] 140.1, 125.9, 1.121
[08:34:09] 140.4, 125.9, 1.129
[08:34:10] 140.9, 125.9, 1.259
[08:34:11] 155.3, 125.9, 1.272
[08:34:12] 160.6, 125.9, 1.269
[08:34:13] 160.5, 125.9, 1.240
[08:34:14] 160.1, 125.9, 1.243
[08:34:15] 159.9, 126.0, 1.228
[08:34:16] 159.6, 126.0, 1.237
[08:34:17] 159.3, 125.9, 1.235
[08:34:18] 159.1, 125.9, 1.282
[08:34:19] 159.1, 125.9, 1.148
[08:34:20] 158.5, 125.9, 1.179
[08:34:21] 148.4, 125.9, 1.170
[08:34:22] 148.4, 125.9, 1.181
[08:34:23] 148.6, 125.8, 1.177
[08:34:24] 148.6, 125.8, 2.546
[08:34:25] 183.7, 125.9, 1.061
[08:34:26] 138.5, 125.9, 1.121
[08:34:27] 138.6, 125.9, 1.120
[08:34:28] 139.1, 125.9, 1.123
[08:34:29] 139.4, 125.8, 2.886
[08:34:30] 178.3, 125.9, 1.053
[08:34:31] 138.1, 125.9, 1.124
[08:34:32] 138.2, 125.9, 1.117
[08:34:33] 138.7, 125.9, 1.111
[08:34:34] 139.1, 125.6, 3.529
[08:34:35] 181.2, 125.9, 1.053
[08:34:36] 136.1, 125.9, 1.120
[08:34:37] 136.5, 125.9, 1.120
[08:34:38] 141.6, 125.9, 1.110
[08:34:39] 141.5, 125.9, 1.120
[08:34:40] 177.2, 125.9, 1.072
[08:34:41] 166.4, 125.9, 1.110
[08:34:42] 138.9, 125.9, 1.114
[08:34:43] 139.2, 126.0, 1.114
[08:34:44] 139.4, 126.0, 1.114
[08:34:45] 139.7, 125.9, 1.582
[08:34:46] 232.1, 125.9, 1.117
[08:34:47] 135.8, 125.9, 1.118
[08:34:48] 141.6, 125.8, 1.112
[08:34:49] 141.6, 125.8, 1.112
[08:34:50] 141.6, 125.7, 2.097
[08:34:51] 218.5, 125.9, 1.134
[08:34:52] 201.7, 125.8, 1.111
[08:34:53] 141.9, 125.8, 1.123
[08:34:54] 141.8, 125.8, 1.123
[08:34:55] 141.8, 125.8, 1.119
[08:34:56] 141.8, 125.7, 2.121
[08:34:57] 235.0, 125.8, 2.099
[08:34:58] 265.2, 125.9, 1.117
[08:34:59] 179.6, 125.8, 1.124
[08:35:00] 141.9, 125.9, 1.121
[08:35:01] 141.9, 125.9, 1.111
[08:35:02] 141.8, 125.9, 1.112
[08:35:03] 141.8, 125.7, 2.098
[08:35:04] 269.2, 125.6, 2.158
[08:35:05] 269.0, 125.7, 2.165
[08:35:06] 269.5, 125.8, 1.633
[08:35:07] 237.0, 125.9, 1.113
[08:35:08] 140.7, 125.9, 1.126
[08:35:09] 140.8, 125.9, 1.117
[08:35:10] 140.9, 125.9, 1.110
[08:35:11] 140.9, 125.8, 2.203
[08:35:12] 213.6, 125.8, 2.098
[08:35:13] 265.7, 125.8, 2.164
[08:35:14] 272.3, 125.8, 2.163
[08:35:15] 272.4, 125.8, 2.164
[08:35:16] 272.5, 125.8, 2.166
[08:35:17] 272.6, 125.8, 2.165
[08:35:18] 272.7, 125.9, 1.242
[08:35:19] 215.2, 125.9, 1.114
[08:35:20] 142.3, 126.0, 1.117
[08:35:21] 142.2, 125.9, 1.116
[08:35:22] 142.2, 125.9, 1.113
[08:35:23] 142.1, 125.8, 2.080
[08:35:24] 227.0, 125.8, 2.101
[08:35:25] 265.4, 125.7, 2.164
[08:35:26] 273.3, 125.8, 2.164
[08:35:27] 273.3, 125.8, 2.165
[08:35:28] 273.3, 125.7, 2.167
[08:35:29] 273.4, 125.7, 2.166
[08:35:30] 273.3, 125.8, 2.166
[08:35:31] 273.4, 125.8, 2.169
[08:35:32] 273.5, 125.8, 2.167
[08:35:33] 273.5, 125.8, 2.168
[08:35:34] 273.6, 125.8, 2.169
[08:35:35] 273.6, 125.7, 2.171
[08:35:36] 273.7, 125.7, 2.170
[08:35:37] 273.7, 125.9, 1.116
[08:35:38] 171.3, 125.9, 1.113
[08:35:39] 141.9, 125.9, 1.114
[08:35:40] 141.8, 125.9, 1.120
[08:35:41] 141.8, 125.8, 1.109
