<<<[05:42:07] 142.4, 125.8, 1.120
[05:42:08] 142.3, 125.8, 1.134
[05:42:09] 142.5, 125.8, 1.142
[05:42:10] 142.7, 125.7, 1.229
[05:42:11] 154.1, 125.8, 1.223
[05:42:12] 154.1, 125.8, 1.131
[05:42:13] 144.8, 125.8, 1.154
[05:42:14] 145.0, 125.8, 1.181
[05:42:15] 145.6, 125.8, 1.178
[05:42:16] 146.0, 125.8, 1.230
[05:42:17] 162.0, 125.8, 1.114
[05:42:18] 156.4, 125.7, 1.120
[05:42:19] 142.7, 125.8, 1.113
[05:42:20] 142.6, 125.8, 1.125
[05:42:21] 142.5, 125.7, 1.154
[05:42:22] 155.3, 125.8, 1.117
[05:42:23] 155.3, 125.7, 1.112
[05:42:24] 141.4, 125.8, 1.112
[05:42:25] 141.3, 125.7, 1.109
[05:42:26] 141.3, 125.7, 1.155
[05:42:27] 154.8, 125.8, 1.107
[05:42:28] 154.6, 125.8, 1.112
[05:42:29] 140.8, 125.8, 1.115
[05:42:30] 140.8, 125.8, 1.114
[05:42:31] 140.7, 125.8, 1.147
[05:42:32] 154.4, 125.8, 1.118
[05:42:33] 154.3, 125.8, 1.105
[05:42:34] 140.8, 125.8, 1.105
[05:42:35] 140.7, 125.9, 1.100
[05:42:36] 140.7, 125.9, 1.147
[05:42:37] 154.1, 125.9, 1.102
[05:42:38] 154.0, 125.9, 1.101
[05:42:39] 140.1, 125.9, 1.099
[05:42:40] 140.1, 125.8, 1.103
[05:42:41] 140.1, 125.9, 1.142
[05:42:42] 154.1, 125.8, 1.104
[05:42:43] 154.0, 125.9, 1.106
[05:42:44] 140.5, 125.9, 1.103
[05:42:45] 140.4, 125.8, 1.104
[05:42:46] 140.3, 125.8, 1.135
[05:42:47] 153.7, 125.8, 1.095
[05:42:48] 153.5, 125.9, 1.101
[05:42:49] 139.4, 125.9, 1.094
[05:42:50] 139.4, 125.8, 1.105
[05:42:51] 139.4, 125.8, 1.110
[05:42:52] 169.4, 125.8, 1.030
[05:42:53] 142.1, 125.8, 1.110
[05:42:54] 137.0, 125.9, 1.103
[05:42:55] 137.3, 125.9, 1.097
[05:42:56] 137.6, 125.9, 1.103
[05:42:57] 168.5, 125.9, 1.035
[05:42:58] 142.1, 125.9, 1.095
[05:42:59] 136.5, 125.9, 1.100
[05:43:00] 136.8, 125.8, 1.097
[05:43:01] 137.2, 125.8, 1.105
[05:43:02] 166.0, 125.8, 1.071
[05:43:03] 157.5, 125.7, 1.094
[05:43:04] 136.1, 125.7, 1.105
[05:43:05] 136.5, 125.8, 1.098
[05:43:06] 136.9, 125.8, 1.107
[05:43:07] 137.3, 125.7, 0.985
[05:43:08] 194.6, 125.7, 1.105
[05:43:09] 134.7, 125.7, 1.104
[05:43:10] 135.2, 125.7, 1.101
[05:43:11] 135.8, 125.7, 1.101
[05:43:12] 136.3, 125.6, 1.604
[05:43:13] 217.8, 125.8, 1.042
[05:43:14] 132.9, 125.8, 1.099
[05:43:15] 139.9, 125.8, 1.091
[05:43:16] 139.8, 125.9, 1.095
[05:43:17] 139.7, 125.8, 2.579
[05:43:18] 189.9, 125.8, 1.527
[05:43:19] 204.4, 125.9, 1.099
[05:43:20] 137.9, 125.8, 1.101
[05:43:21] 138.0, 125.9, 1.100
[05:43:22] 138.3, 125.8, 1.102
[05:43:23] 138.5, 125.8, 1.868
[05:43:24] 208.0, 125.7, 1.883
[05:43:25] 238.4, 125.8, 1.119
[05:43:26] 170.7, 125.8, 1.100
[05:43:27] 139.9, 125.7, 1.093
[05:43:28] 139.8, 125.7, 1.098
[05:43:29] 139.8, 125.8, 1.101
[05:43:30] 139.8, 125.7, 1.883
[05:43:31] 241.7, 125.7, 1.945
[05:43:32] 241.6, 125.6, 1.949
[05:43:33] 242.2, 125.8, 1.588
[05:43:34] 209.8, 125.8, 1.103
[05:43:35] 140.3, 125.8, 1.099
[05:43:36] 140.2, 125.8, 1.097
[05:43:37] 140.1, 125.8, 1.101
[05:43:38] 140.1, 125.7, 1.872
[05:43:39] 211.8, 125.6, 1.887
[05:43:40] 238.4, 125.7, 1.948
[05:43:41] 246.2, 125.7, 1.950
[05:43:42] 246.2, 125.7, 1.952
[05:43:43] 246.2, 125.6, 1.949
[05:43:44] 246.2, 125.7, 1.949
[05:43:45] 246.2, 125.8, 1.121
[05:43:46] 167.8, 125.8, 1.103
[05:43:47] 140.1, 125.8, 1.106
[05:43:48] 140.1, 125.8, 1.103
[05:43:49] 140.0, 125.8, 1.100
[05:43:50] 140.0, 125.7, 1.884
[05:43:51] 249.3, 125.7, 1.955
[05:43:52] 241.7, 125.7, 1.949
[05:43:53] 242.2, 125.8, 1.945
[05:43:54] 242.7, 125.8, 1.949
[05:43:55] 243.2, 125.7, 1.948
[05:43:56] 243.6, 125.8, 1.952
[05:43:57] 244.0, 125.7, 1.953
[05:43:58] 244.4, 125.7, 1.955
[05:43:59] 244.7, 125.7, 1.955
[05:44:00] 245.0, 125.7, 1.954
[05:44:01] 245.3, 125.8, 1.953
[05:44:02] 245.5, 125.8, 1.951
[05:44:03] 245.6, 125.9, 1.100
[05:44:04] 168.7, 125.8, 1.103
[05:44:05] 140.1, 125.9, 1.111
[05:44:06] 140.1, 125.9, 1.108
[05:44:07] 140.1, 125.9, 1.099
<<<[05:46:10] 140.2, 126.0, 1.129
[05:46:11] 140.5, 126.0, 1.128
[05:46:12] 140.8, 125.9, 1.147
[05:46:13] 141.3, 125.9, 1.237
[05:46:14] 155.9, 125.9, 1.116
[05:46:15] 155.4, 125.9, 1.174
[05:46:16] 169.4, 125.9, 1.168
[05:46:17] 148.8, 125.9, 1.183
[05:46:18] 148.8, 125.9, 1.172
[05:46:19] 148.9, 125.8, 1.714
[05:46:20] 171.6, 125.9, 1.122
[05:46:21] 145.4, 125.9, 1.119
[05:46:22] 145.1, 125.9, 1.121
[05:46:23] 144.8, 125.9, 1.121
[05:46:24] 144.5, 125.8, 1.698
[05:46:25] 166.5, 126.0, 1.124
[05:46:26] 145.0, 126.0, 1.109
[05:46:27] 144.6, 125.9, 1.111
[05:46:28] 144.2, 126.0, 1.107
[05:46:29] 143.8, 125.9, 1.711
[05:46:30] 166.5, 125.9, 1.108
[05:46:31] 143.6, 126.0, 1.109
[05:46:32] 143.2, 126.0, 1.108
[05:46:33] 143.0, 125.9, 1.112
[05:46:34] 142.8, 125.9, 1.692
[05:46:35] 166.2, 126.0, 1.111
[05:46:36] 143.4, 126.0, 1.110
[05:46:37] 143.1, 125.9, 1.111
[05:46:38] 142.8, 126.0, 1.105
[05:46:39] 142.5, 125.9, 1.706
[05:46:40] 165.5, 126.0, 1.102
[05:46:41] 143.2, 126.0, 1.106
[05:46:42] 142.9, 126.0, 1.110
[05:46:43] 142.6, 126.0, 1.101
[05:46:44] 142.4, 125.9, 1.703
[05:46:45] 165.6, 126.0, 1.108
[05:46:46] 143.2, 125.9, 1.107
[05:46:47] 142.8, 126.0, 1.095
[05:46:48] 142.5, 125.9, 1.100
[05:46:49] 142.2, 125.9, 1.689
[05:46:50] 165.1, 125.9, 1.101
[05:46:51] 142.5, 126.0, 1.101
[05:46:52] 142.2, 126.0, 1.099
[05:46:53] 141.9, 126.0, 1.103
[05:46:54] 141.7, 125.9, 2.663
[05:46:55] 176.3, 125.9, 1.042
[05:46:56] 135.4, 125.9, 1.099
[05:46:57] 135.7, 125.9, 1.100
[05:46:58] 136.2, 125.9, 1.104
[05:46:59] 136.7, 125.8, 2.868
[05:47:00] 176.1, 125.9, 1.041
[05:47:01] 135.1, 125.9, 1.105
[05:47:02] 135.4, 125.9, 1.104
[05:47:03] 136.0, 125.9, 1.102
[05:47:04] 136.6, 125.7, 3.380
[05:47:05] 176.3, 125.9, 1.029
[05:47:06] 147.2, 125.9, 1.106
[05:47:07] 137.2, 125.9, 1.098
[05:47:08] 137.5, 125.9, 1.096
[05:47:09] 137.8, 126.0, 1.099
[05:47:10] 172.5, 126.0, 1.056
[05:47:11] 161.7, 125.9, 1.095
[05:47:12] 136.7, 125.9, 1.102
[05:47:13] 137.0, 126.0, 1.101
[05:47:14] 137.5, 125.9, 1.102
[05:47:15] 137.8, 125.9, 1.580
[05:47:16] 218.3, 125.9, 1.102
[05:47:17] 134.1, 126.0, 1.097
[05:47:18] 140.1, 125.9, 1.101
[05:47:19] 140.0, 126.0, 1.095
[05:47:20] 140.0, 125.9, 1.868
[05:47:21] 208.2, 126.0, 1.043
[05:47:22] 187.4, 126.0, 1.099
[05:47:23] 139.9, 125.9, 1.094
[05:47:24] 139.9, 126.0, 1.100
[05:47:25] 139.9, 125.9, 1.097
[05:47:26] 139.9, 125.8, 1.926
[05:47:27] 224.7, 125.8, 1.886
[05:47:28] 238.6, 126.0, 1.091
[05:47:29] 155.1, 125.9, 1.098
[05:47:30] 139.6, 125.9, 1.103
[05:47:31] 139.6, 125.9, 1.107
[05:47:32] 139.7, 125.9, 1.100
[05:47:33] 155.3, 125.7, 1.889
[05:47:34] 244.7, 125.8, 1.952
[05:47:35] 244.3, 125.8, 1.945
[05:47:36] 244.6, 125.9, 1.101
[05:47:37] 193.3, 125.9, 1.099
[05:47:38] 140.3, 125.9, 1.097
[05:47:39] 140.2, 125.9, 1.103
[05:47:40] 140.2, 125.9, 1.098
[05:47:41] 140.2, 125.8, 1.919
[05:47:42] 229.9, 125.8, 1.889
[05:47:43] 240.2, 125.7, 1.946
[05:47:44] 246.2, 125.8, 1.947
[05:47:45] 246.2, 125.7, 1.952
[05:47:46] 246.3, 125.8, 1.950
[05:47:47] 246.3, 125.7, 1.950
[05:47:48] 245.8, 125.9, 1.102
[05:47:49] 155.7, 125.9, 1.106
[05:47:50] 140.1, 126.0, 1.104
[05:47:51] 140.1, 125.9, 1.108
[05:47:52] 140.1, 126.0, 1.105
[05:47:53] 171.8, 125.9, 1.885
[05:47:54] 235.5, 125.9, 1.945
[05:47:55] 243.3, 125.9, 1.948
[05:47:56] 243.6, 125.9, 1.951
[05:47:57] 244.1, 125.9, 1.952
[05:47:58] 244.4, 125.9, 1.951
[05:47:59] 244.7, 125.8, 1.955
[05:48:00] 245.0, 125.9, 1.951
[05:48:01] 245.3, 125.8, 1.950
[05:48:02] 245.5, 125.9, 1.950
[05:48:03] 245.7, 125.9, 1.953
[05:48:04] 245.9, 125.9, 1.953
[05:48:05] 246.1, 125.8, 1.953
[05:48:06] 246.2, 125.9, 1.105
[05:48:07] 152.2, 126.0, 1.104
[05:48:08] 140.3, 126.0, 1.100
[05:48:09] 140.3, 125.9, 1.102
[05:48:10] 140.3, 126.0, 1.108
