<<<[11:44:39] 141.6, 125.5, 1.121
[11:44:40] 141.5, 125.5, 1.110
[11:44:41] 141.4, 125.5, 1.108
[11:44:42] 141.3, 125.4, 1.131
[11:44:43] 141.7, 125.4, 1.276
[11:44:44] 159.5, 125.4, 1.258
[11:44:45] 159.4, 125.4, 1.221
[11:44:46] 159.2, 125.4, 1.237
[11:44:47] 159.4, 125.4, 1.275
[11:44:48] 159.5, 125.4, 1.278
[11:44:49] 159.7, 125.4, 1.275
[11:44:50] 159.7, 125.4, 1.276
[11:44:51] 159.7, 125.4, 1.284
[11:44:52] 159.7, 125.4, 1.258
[11:44:53] 159.8, 125.4, 1.210
[11:44:54] 159.5, 125.5, 1.276
[11:44:55] 159.7, 125.5, 1.281
[11:44:56] 159.7, 125.5, 1.263
[11:44:57] 159.6, 125.5, 1.237
[11:44:58] 159.8, 125.5, 1.246
[11:44:59] 159.8, 125.5, 1.240
[11:45:00] 159.6, 125.5, 1.248
[11:45:01] 159.3, 125.5, 1.248
[11:45:02] 159.0, 125.4, 1.287
[11:45:03] 158.9, 125.4, 1.252
[11:45:04] 158.6, 125.4, 1.269
[11:45:05] 158.4, 125.4, 1.242
[11:45:06] 158.3, 125.4, 1.278
[11:45:07] 158.4, 125.4, 1.235
[11:45:08] 158.3, 125.5, 1.240
[11:45:09] 158.2, 125.5, 1.251
[11:45:10] 158.0, 125.5, 1.290
[11:45:11] 158.0, 125.5, 1.252
[11:45:12] 157.9, 125.5, 1.269
[11:45:13] 157.8, 125.5, 1.242
[11:45:14] 157.7, 125.5, 1.282
[11:45:15] 158.0, 125.5, 1.260
[11:45:16] 158.3, 125.5, 1.233
[11:45:17] 158.0, 125.5, 1.229
[11:45:18] 157.8, 125.4, 1.233
[11:45:19] 157.6, 125.5, 1.235
[11:45:20] 157.4, 125.5, 1.229
[11:45:21] 157.5, 125.5, 1.251
[11:45:22] 157.3, 125.5, 1.235
[11:45:23] 157.3, 125.5, 1.232
[11:45:24] 157.1, 125.5, 1.237
[11:45:25] 157.0, 125.4, 1.279
[11:45:26] 157.3, 125.5, 1.235
[11:45:27] 157.2, 125.5, 1.231
[11:45:28] 157.1, 125.5, 1.240
[11:45:29] 157.0, 125.5, 1.228
[11:45:30] 156.9, 125.5, 1.229
[11:45:31] 156.8, 125.5, 1.230
[11:45:32] 157.0, 125.5, 1.250
[11:45:33] 156.9, 125.5, 1.233
[11:45:34] 156.7, 125.4, 1.236
[11:45:35] 156.7, 125.5, 1.231
[11:45:36] 156.7, 125.5, 1.285
[11:45:37] 156.9, 125.5, 1.276
[11:45:38] 157.5, 125.5, 1.127
[11:45:39] 150.3, 125.5, 1.099
[11:45:40] 139.6, 125.6, 1.096
[11:45:41] 139.5, 125.6, 1.097
[11:45:42] 139.5, 125.5, 1.098
[11:45:43] 139.4, 125.5, 1.539
[11:45:44] 180.7, 125.6, 1.036
[11:45:45] 131.6, 125.5, 1.112
[11:45:46] 140.1, 125.5, 1.102
[11:45:47] 140.0, 125.5, 1.102
[11:45:48] 140.0, 125.5, 1.768
[11:45:49] 192.4, 125.5, 1.035
[11:45:50] 132.7, 125.5, 1.103
[11:45:51] 139.2, 125.5, 1.094
[11:45:52] 139.1, 125.5, 1.097
[11:45:53] 139.1, 125.3, 3.248
[11:45:54] 182.8, 125.4, 1.072
[11:45:55] 165.5, 125.5, 1.106
[11:45:56] 137.4, 125.5, 1.095
[11:45:57] 137.6, 125.5, 1.106
[11:45:58] 137.9, 125.5, 1.101
[11:45:59] 138.1, 125.4, 1.915
[11:46:00] 239.9, 125.5, 1.109
[11:46:01] 151.9, 125.5, 1.126
[11:46:02] 143.4, 125.4, 1.098
[11:46:03] 142.9, 125.5, 1.098
[11:46:04] 142.5, 125.5, 1.100
[11:46:05] 142.1, 125.4, 1.909
[11:46:06] 253.6, 125.4, 1.867
[11:46:07] 233.9, 125.5, 1.098
[11:46:08] 140.3, 125.5, 1.110
[11:46:09] 140.2, 125.5, 1.103
[11:46:10] 140.1, 125.4, 1.105
[11:46:11] 140.1, 125.3, 3.369
[11:46:12] 180.5, 125.4, 1.911
[11:46:13] 239.7, 125.4, 1.975
[11:46:14] 246.4, 125.4, 1.978
[11:46:15] 246.7, 125.5, 1.114
[11:46:16] 178.0, 125.5, 1.100
[11:46:17] 139.8, 125.5, 1.102
[11:46:18] 139.8, 125.5, 1.109
[11:46:19] 139.8, 125.5, 1.106
[11:46:20] 139.7, 125.4, 1.934
[11:46:21] 233.7, 125.3, 1.917
[11:46:22] 242.9, 125.4, 1.977
[11:46:23] 249.3, 125.3, 1.982
[11:46:24] 249.3, 125.3, 1.980
[11:46:25] 249.3, 125.4, 1.980
[11:46:26] 249.4, 125.4, 1.982
[11:46:27] 249.4, 125.4, 1.123
[11:46:28] 174.3, 125.5, 1.098
[11:46:29] 139.6, 125.5, 1.113
[11:46:30] 139.7, 125.5, 1.105
[11:46:31] 139.7, 125.5, 1.105
[11:46:32] 139.7, 125.4, 1.920
[11:46:33] 240.4, 125.4, 1.945
[11:46:34] 240.8, 125.4, 1.980
[11:46:35] 249.5, 125.4, 1.980
[11:46:36] 249.5, 125.4, 1.980
[11:46:37] 249.5, 125.4, 1.981
[11:46:38] 249.5, 125.4, 1.981
[11:46:39] 249.6, 125.4, 1.983
[11:46:40] 249.6, 125.4, 1.979
[11:46:41] 249.6, 125.3, 1.983
[11:46:42] 249.7, 125.4, 1.981
[11:46:43] 249.7, 125.4, 1.985
[11:46:44] 249.8, 125.3, 1.982
[11:46:45] 249.8, 125.4, 1.985
[11:46:46] 249.8, 125.5, 1.123
[11:46:47] 143.2, 125.5, 1.111
[11:46:48] 142.8, 125.5, 1.108
[11:46:49] 142.4, 125.5, 1.107
