<<<[00:11:19] 141.1, 125.6, 1.110
[00:11:20] 141.1, 125.6, 1.128
[00:11:21] 141.2, 125.6, 1.118
[00:11:22] 141.3, 125.6, 1.262
[00:11:23] 153.0, 125.6, 1.132
[00:11:24] 152.8, 125.7, 1.147
[00:11:25] 143.7, 125.6, 1.137
[00:11:26] 143.7, 125.6, 1.137
[00:11:27] 143.8, 125.7, 1.135
[00:11:28] 143.7, 125.6, 1.727
[00:11:29] 172.5, 125.7, 1.128
[00:11:30] 140.8, 125.7, 1.122
[00:11:31] 140.9, 125.7, 1.117
[00:11:32] 140.9, 125.6, 1.123
[00:11:33] 141.0, 125.6, 1.723
[00:11:34] 170.4, 125.7, 1.118
[00:11:35] 139.8, 125.7, 1.115
[00:11:36] 140.0, 125.6, 1.116
[00:11:37] 140.2, 125.7, 1.108
[00:11:38] 140.2, 125.6, 1.721
[00:11:39] 170.0, 125.7, 1.110
[00:11:40] 138.9, 125.7, 1.109
[00:11:41] 139.1, 125.7, 1.112
[00:11:42] 139.3, 125.7, 1.108
[00:11:43] 139.5, 125.6, 1.720
[00:11:44] 170.2, 125.7, 1.108
[00:11:45] 138.7, 125.6, 1.104
[00:11:46] 138.9, 125.7, 1.111
[00:11:47] 139.1, 125.7, 1.111
[00:11:48] 139.2, 125.6, 1.731
[00:11:49] 169.6, 125.7, 1.103
[00:11:50] 138.9, 125.6, 1.106
[00:11:51] 139.0, 125.7, 1.113
[00:11:52] 139.2, 125.7, 1.108
[00:11:53] 139.4, 125.6, 1.726
[00:11:54] 168.9, 125.7, 1.104
[00:11:55] 138.9, 125.7, 1.109
[00:11:56] 139.0, 125.7, 1.101
[00:11:57] 139.1, 125.7, 1.106
[00:11:58] 139.3, 125.5, 1.735
[00:11:59] 168.2, 125.6, 1.106
[00:12:00] 138.3, 125.7, 1.106
[00:12:01] 138.5, 125.6, 1.103
[00:12:02] 138.7, 125.7, 1.109
[00:12:03] 138.9, 125.6, 2.430
[00:12:04] 179.0, 125.7, 1.045
[00:12:05] 131.4, 125.7, 1.116
[00:12:06] 138.5, 125.7, 1.095
[00:12:07] 138.6, 125.7, 1.099
[00:12:08] 138.8, 125.6, 2.940
[00:12:09] 178.5, 125.7, 1.048
[00:12:10] 145.7, 125.7, 1.108
[00:12:11] 138.3, 125.7, 1.110
[00:12:12] 138.5, 125.7, 1.110
[00:12:13] 138.7, 125.5, 2.971
[00:12:14] 177.2, 125.7, 1.076
[00:12:15] 155.5, 125.7, 1.094
[00:12:16] 137.0, 125.7, 1.106
[00:12:17] 137.3, 125.7, 1.112
[00:12:18] 137.8, 125.8, 1.123
[00:12:19] 138.3, 125.7, 1.483
[00:12:20] 211.1, 125.8, 1.104
[00:12:21] 136.5, 125.7, 1.136
[00:12:22] 137.0, 125.7, 1.108
[00:12:23] 137.5, 125.7, 1.110
[00:12:24] 137.8, 125.7, 1.780
[00:12:25] 206.7, 125.7, 0.994
[00:12:26] 176.0, 125.6, 1.121
[00:12:27] 140.8, 125.7, 1.121
[00:12:28] 140.8, 125.7, 1.114
[00:12:29] 140.8, 125.7, 1.108
[00:12:30] 140.7, 125.6, 1.791
[00:12:31] 223.2, 125.6, 1.772
[00:12:32] 223.0, 125.7, 1.107
[00:12:33] 152.4, 125.6, 1.097
[00:12:34] 140.3, 125.7, 1.102
[00:12:35] 140.2, 125.7, 1.108
[00:12:36] 140.3, 125.7, 1.122
[00:12:37] 173.6, 125.6, 1.776
[00:12:38] 221.6, 125.6, 1.835
[00:12:39] 228.6, 125.6, 1.842
[00:12:40] 229.1, 125.7, 1.136
[00:12:41] 169.3, 125.7, 1.116
[00:12:42] 141.0, 125.7, 1.110
[00:12:43] 141.0, 125.7, 1.107
[00:12:44] 141.0, 125.7, 1.122
[00:12:45] 141.1, 125.7, 1.788
[00:12:46] 233.2, 125.7, 1.834
[00:12:47] 227.4, 125.7, 1.846
[00:12:48] 233.0, 125.7, 1.841
[00:12:49] 232.9, 125.7, 1.838
[00:12:50] 232.8, 125.7, 1.836
[00:12:51] 232.8, 125.8, 1.646
[00:12:52] 223.0, 125.8, 1.119
[00:12:53] 140.5, 125.8, 1.127
[00:12:54] 140.7, 125.8, 1.136
[00:12:55] 141.0, 125.8, 1.121
[00:12:56] 141.2, 125.7, 2.368
[00:12:57] 188.8, 125.7, 1.776
[00:12:58] 225.7, 125.7, 1.836
[00:12:59] 231.0, 125.7, 1.836
[00:13:00] 231.0, 125.7, 1.843
[00:13:01] 231.2, 125.6, 1.843
[00:13:02] 231.4, 125.6, 1.833
[00:13:03] 231.6, 125.6, 1.844
[00:13:04] 231.8, 125.6, 1.832
[00:13:05] 231.9, 125.6, 1.839
[00:13:06] 232.0, 125.6, 1.845
[00:13:07] 232.1, 125.6, 1.859
[00:13:08] 232.2, 125.6, 1.839
[00:13:09] 232.3, 125.7, 1.325
[00:13:10] 204.2, 125.8, 1.118
[00:13:11] 143.0, 125.8, 1.125
[00:13:12] 143.0, 125.7, 1.111
[00:13:13] 142.8, 125.8, 1.111
