<<<[21:06:52] 141.8, 125.5, 1.119
[21:06:53] 141.8, 125.5, 1.119
[21:06:54] 141.8, 125.5, 1.113
[21:06:55] 141.7, 125.6, 1.272
[21:06:56] 155.9, 125.6, 1.123
[21:06:57] 145.4, 125.5, 1.124
[21:06:58] 144.9, 125.5, 1.121
[21:06:59] 144.5, 125.5, 1.134
[21:07:00] 144.4, 125.6, 1.141
[21:07:01] 144.3, 125.5, 1.157
[21:07:02] 169.8, 125.5, 1.119
[21:07:03] 142.3, 125.6, 1.116
[21:07:04] 142.1, 125.5, 1.116
[21:07:05] 142.0, 125.5, 1.126
[21:07:06] 142.0, 125.5, 1.167
[21:07:07] 168.4, 125.5, 1.128
[21:07:08] 142.5, 125.5, 1.121
[21:07:09] 142.4, 125.5, 1.112
[21:07:10] 142.2, 125.5, 1.110
[21:07:11] 142.1, 125.5, 1.157
[21:07:12] 167.3, 125.5, 1.118
[21:07:13] 141.4, 125.6, 1.117
[21:07:14] 141.4, 125.6, 1.103
[21:07:15] 141.3, 125.6, 1.103
[21:07:16] 141.2, 125.5, 1.156
[21:07:17] 166.7, 125.6, 1.112
[21:07:18] 140.8, 125.5, 1.108
[21:07:19] 140.7, 125.6, 1.110
[21:07:20] 140.7, 125.5, 1.110
[21:07:21] 140.7, 125.5, 1.162
[21:07:22] 166.4, 125.5, 1.114
[21:07:23] 141.2, 125.5, 1.109
[21:07:24] 141.1, 125.5, 1.107
[21:07:25] 141.0, 125.5, 1.106
[21:07:26] 140.8, 125.5, 1.164
[21:07:27] 166.0, 125.5, 1.108
[21:07:28] 140.5, 125.5, 1.106
[21:07:29] 140.4, 125.5, 1.104
[21:07:30] 140.4, 125.5, 1.106
[21:07:31] 140.3, 125.5, 1.140
[21:07:32] 174.5, 125.5, 1.046
[21:07:33] 132.9, 125.5, 1.114
[21:07:34] 140.8, 125.5, 1.106
[21:07:35] 140.7, 125.6, 1.107
[21:07:36] 140.5, 125.5, 1.602
[21:07:37] 187.9, 125.5, 1.039
[21:07:38] 130.2, 125.6, 1.099
[21:07:39] 139.9, 125.6, 1.098
[21:07:40] 139.8, 125.6, 1.100
[21:07:41] 139.8, 125.5, 1.684
[21:07:42] 190.3, 125.6, 1.050
[21:07:43] 137.6, 125.5, 1.103
[21:07:44] 137.8, 125.5, 1.100
[21:07:45] 138.0, 125.6, 1.108
[21:07:46] 138.3, 125.4, 3.132
[21:07:47] 179.0, 125.6, 1.046
[21:07:48] 166.2, 125.6, 1.102
[21:07:49] 137.6, 125.6, 1.099
[21:07:50] 137.8, 125.6, 1.095
[21:07:51] 138.0, 125.6, 1.105
[21:07:52] 138.3, 125.6, 1.737
[21:07:53] 224.8, 125.6, 1.084
[21:07:54] 153.3, 125.6, 1.100
[21:07:55] 139.6, 125.6, 1.108
[21:07:56] 139.6, 125.6, 1.110
[21:07:57] 139.6, 125.5, 1.106
[21:07:58] 147.7, 125.5, 1.735
[21:07:59] 230.8, 125.5, 1.650
[21:08:00] 208.4, 125.5, 1.098
[21:08:01] 138.5, 125.6, 1.106
[21:08:02] 138.7, 125.5, 1.111
[21:08:03] 139.0, 125.5, 1.110
[21:08:04] 139.2, 125.4, 2.349
[21:08:05] 185.2, 125.5, 1.736
[21:08:06] 219.9, 125.4, 1.801
[21:08:07] 225.6, 125.4, 1.803
[21:08:08] 225.6, 125.5, 1.110
[21:08:09] 158.6, 125.5, 1.098
[21:08:10] 139.9, 125.5, 1.102
[21:08:11] 139.9, 125.5, 1.112
[21:08:12] 139.9, 125.6, 1.108
[21:08:13] 155.3, 125.5, 1.734
[21:08:14] 225.0, 125.5, 1.805
[21:08:15] 224.7, 125.5, 1.802
[21:08:16] 225.0, 125.5, 1.801
[21:08:17] 225.3, 125.5, 1.799
[21:08:18] 225.5, 125.5, 1.801
[21:08:19] 225.7, 125.5, 1.635
[21:08:20] 212.7, 125.6, 1.108
[21:08:21] 138.3, 125.6, 1.111
[21:08:22] 138.5, 125.6, 1.107
[21:08:23] 138.7, 125.6, 1.111
[21:08:24] 138.9, 125.5, 2.137
[21:08:25] 188.8, 125.5, 1.739
[21:08:26] 220.1, 125.4, 1.803
[21:08:27] 226.3, 125.4, 1.800
[21:08:28] 226.4, 125.5, 1.803
[21:08:29] 226.5, 125.5, 1.802
[21:08:30] 226.7, 125.5, 1.802
[21:08:31] 226.8, 125.4, 1.802
[21:08:32] 226.8, 125.5, 1.804
[21:08:33] 227.0, 125.4, 1.800
[21:08:34] 227.0, 125.4, 1.804
[21:08:35] 227.1, 125.4, 1.798
[21:08:36] 227.1, 125.4, 1.804
[21:08:37] 227.2, 125.4, 1.803
[21:08:38] 216.5, 125.6, 1.107
[21:08:39] 139.0, 125.6, 1.108
[21:08:40] 139.1, 125.5, 1.108
[21:08:41] 139.2, 125.6, 1.114
<<<[22:19:24] 140.3, 125.8, 1.106
[22:19:25] 140.3, 125.7, 1.110
[22:19:26] 140.3, 125.7, 1.112
[22:19:27] 140.4, 125.7, 1.239
[22:19:28] 151.0, 125.7, 1.216
[22:19:29] 151.5, 125.7, 1.125
[22:19:30] 143.2, 125.7, 1.122
[22:19:31] 143.1, 125.7, 1.125
[22:19:32] 143.1, 125.7, 1.125
[22:19:33] 143.1, 125.7, 1.239
[22:19:34] 158.9, 125.7, 1.124
[22:19:35] 158.3, 125.7, 1.116
[22:19:36] 141.9, 125.7, 1.105
[22:19:37] 141.8, 125.7, 1.108
[22:19:38] 141.7, 125.7, 1.177
[22:19:39] 156.6, 125.7, 1.113
[22:19:40] 156.3, 125.7, 1.121
[22:19:41] 142.3, 125.8, 1.108
[22:19:42] 142.1, 125.7, 1.113
[22:19:43] 142.1, 125.7, 1.163
[22:19:44] 155.1, 125.7, 1.116
[22:19:45] 154.9, 125.8, 1.113
[22:19:46] 140.8, 125.8, 1.113
[22:19:47] 140.8, 125.8, 1.109
[22:19:48] 140.8, 125.8, 1.147
[22:19:49] 154.4, 125.8, 1.108
[22:19:50] 154.3, 125.8, 1.107
[22:19:51] 140.5, 125.9, 1.102
[22:19:52] 140.4, 125.8, 1.114
[22:19:53] 140.4, 125.8, 1.130
[22:19:54] 153.7, 125.9, 1.105
[22:19:55] 153.7, 125.8, 1.105
[22:19:56] 140.1, 125.8, 1.096
[22:19:57] 140.1, 125.7, 1.101
[22:19:58] 140.1, 125.7, 1.108
[22:19:59] 151.9, 125.8, 1.097
[22:20:00] 152.1, 125.8, 1.096
[22:20:01] 139.8, 125.7, 1.102
[22:20:02] 139.7, 125.7, 1.107
[22:20:03] 139.8, 125.7, 1.103
[22:20:04] 167.8, 125.7, 1.039
[22:20:05] 143.9, 125.7, 1.098
[22:20:06] 135.8, 125.6, 1.097
[22:20:07] 136.3, 125.7, 1.102
[22:20:08] 136.7, 125.7, 1.098
[22:20:09] 159.7, 125.7, 1.067
[22:20:10] 160.0, 125.7, 1.100
[22:20:11] 135.8, 125.7, 1.100
[22:20:12] 136.2, 125.7, 1.105
[22:20:13] 136.7, 125.7, 1.109
[22:20:14] 137.2, 125.8, 1.008
[22:20:15] 191.7, 125.7, 1.105
[22:20:16] 134.7, 125.7, 1.097
[22:20:17] 135.2, 125.7, 1.098
[22:20:18] 135.8, 125.7, 1.102
[22:20:19] 136.3, 125.6, 1.630
[22:20:20] 208.9, 125.7, 1.044
[22:20:21] 134.7, 125.7, 1.099
[22:20:22] 139.8, 125.7, 1.101
[22:20:23] 139.8, 125.7, 1.108
[22:20:24] 139.8, 125.7, 2.770
[22:20:25] 182.3, 125.7, 1.581
[22:20:26] 198.2, 125.8, 1.100
[22:20:27] 137.4, 125.8, 1.097
[22:20:28] 137.6, 125.8, 1.100
[22:20:29] 137.9, 125.8, 1.100
[22:20:30] 138.1, 125.6, 1.772
[22:20:31] 195.1, 125.6, 1.732
[22:20:32] 218.9, 125.7, 1.126
[22:20:33] 171.4, 125.7, 1.104
[22:20:34] 139.9, 125.6, 1.098
[22:20:35] 139.8, 125.6, 1.099
[22:20:36] 139.8, 125.7, 1.096
[22:20:37] 139.8, 125.5, 1.737
[22:20:38] 221.9, 125.5, 1.761
[22:20:39] 221.7, 125.6, 1.797
[22:20:40] 222.3, 125.6, 1.642
[22:20:41] 205.8, 125.7, 1.100
[22:20:42] 139.4, 125.7, 1.114
[22:20:43] 139.4, 125.7, 1.103
[22:20:44] 139.6, 125.7, 1.100
[22:20:45] 139.6, 125.6, 1.782
[22:20:46] 196.6, 125.6, 1.733
[22:20:47] 219.0, 125.6, 1.797
[22:20:48] 226.3, 125.6, 1.793
[22:20:49] 226.3, 125.6, 1.798
[22:20:50] 226.4, 125.6, 1.799
[22:20:51] 226.5, 125.6, 1.799
[22:20:52] 226.6, 125.7, 1.119
[22:20:53] 172.3, 125.7, 1.107
[22:20:54] 140.7, 125.7, 1.114
[22:20:55] 140.6, 125.7, 1.102
[22:20:56] 140.5, 125.6, 1.105
[22:20:57] 140.4, 125.6, 1.738
[22:20:58] 223.0, 125.6, 1.763
[22:20:59] 222.7, 125.6, 1.795
[22:21:00] 223.3, 125.6, 1.800
[22:21:01] 223.8, 125.6, 1.800
[22:21:02] 224.2, 125.5, 1.801
[22:21:03] 224.6, 125.5, 1.803
[22:21:04] 225.0, 125.5, 1.801
[22:21:05] 225.3, 125.6, 1.799
[22:21:06] 225.5, 125.5, 1.800
[22:21:07] 225.8, 125.5, 1.799
[22:21:08] 226.0, 125.6, 1.801
[22:21:09] 226.1, 125.6, 1.803
[22:21:10] 226.3, 125.6, 1.126
[22:21:11] 178.9, 125.7, 1.108
[22:21:12] 140.1, 125.6, 1.103
[22:21:13] 140.1, 125.6, 1.108
[22:21:14] 140.1, 125.7, 1.106
