<<<[03:09:48] 140.8, 126.4, 1.102
[03:09:49] 140.8, 126.5, 1.105
[03:09:50] 140.9, 126.5, 1.108
[03:09:51] 141.0, 126.5, 1.262
[03:09:52] 149.9, 126.5, 1.269
[03:09:53] 161.1, 126.5, 1.264
[03:09:54] 160.9, 126.5, 1.234
[03:09:55] 160.7, 126.5, 1.246
[03:09:56] 160.4, 126.5, 1.118
[03:09:57] 143.4, 126.5, 1.128
[03:09:58] 143.4, 126.5, 1.118
[03:09:59] 143.3, 126.5, 1.105
[03:10:00] 143.3, 126.4, 1.108
[03:10:01] 143.7, 126.5, 1.102
[03:10:02] 161.7, 126.4, 1.097
[03:10:03] 140.3, 126.4, 1.101
[03:10:04] 140.3, 126.4, 1.102
[03:10:05] 140.2, 126.5, 1.104
[03:10:06] 145.9, 126.5, 1.100
[03:10:07] 162.2, 126.5, 1.097
[03:10:08] 139.9, 126.5, 1.101
[03:10:09] 139.9, 126.5, 1.099
[03:10:10] 139.9, 126.5, 1.101
[03:10:11] 145.6, 126.4, 1.102
[03:10:12] 162.2, 126.5, 1.100
[03:10:13] 139.9, 126.5, 1.096
[03:10:14] 139.9, 126.5, 1.097
[03:10:15] 139.9, 126.5, 1.097
[03:10:16] 162.7, 126.5, 1.047
[03:10:17] 151.5, 126.5, 1.100
[03:10:18] 136.9, 126.5, 1.101
[03:10:19] 137.3, 126.5, 1.092
[03:10:20] 137.6, 126.5, 1.099
[03:10:21] 161.5, 126.5, 1.045
[03:10:22] 152.4, 126.5, 1.097
[03:10:23] 136.3, 126.5, 1.097
[03:10:24] 136.7, 126.5, 1.095
[03:10:25] 137.1, 126.5, 1.096
[03:10:26] 147.0, 126.5, 1.040
[03:10:27] 169.1, 126.5, 1.091
[03:10:28] 135.6, 126.5, 1.093
[03:10:29] 136.1, 126.5, 1.099
[03:10:30] 136.6, 126.5, 1.093
[03:10:31] 137.0, 126.5, 1.007
[03:10:32] 191.2, 126.5, 1.103
[03:10:33] 134.7, 126.5, 1.091
[03:10:34] 139.8, 126.5, 1.105
[03:10:35] 139.8, 126.5, 1.101
[03:10:36] 139.8, 126.5, 1.253
[03:10:37] 208.0, 126.5, 1.069
[03:10:38] 135.1, 126.5, 1.106
[03:10:39] 135.7, 126.5, 1.102
[03:10:40] 136.2, 126.5, 1.099
[03:10:41] 136.7, 126.4, 2.255
[03:10:42] 227.6, 126.5, 1.048
[03:10:43] 162.4, 126.5, 1.101
[03:10:44] 139.2, 126.5, 1.108
[03:10:45] 139.3, 126.5, 1.095
[03:10:46] 139.3, 126.5, 1.102
[03:10:47] 139.4, 126.4, 2.255
[03:10:48] 287.6, 126.5, 1.080
[03:10:49] 194.4, 126.5, 1.100
[03:10:50] 140.1, 126.5, 1.096
[03:10:51] 140.0, 126.5, 1.101
[03:10:52] 140.0, 126.5, 1.105
[03:10:53] 140.0, 126.3, 2.292
[03:10:54] 260.9, 126.4, 2.256
[03:10:55] 287.5, 126.5, 1.656
[03:10:56] 261.2, 126.5, 1.111
[03:10:57] 138.3, 126.5, 1.111
[03:10:58] 138.5, 126.6, 1.097
[03:10:59] 138.7, 126.5, 1.100
[03:11:00] 138.9, 126.4, 2.918
[03:11:01] 206.7, 126.4, 2.257
[03:11:02] 287.3, 126.4, 2.321
[03:11:03] 293.1, 126.4, 2.322
[03:11:04] 293.2, 126.4, 2.323
[03:11:05] 293.4, 126.5, 1.437
[03:11:06] 221.9, 126.6, 1.097
[03:11:07] 140.7, 126.5, 1.094
[03:11:08] 140.6, 126.6, 1.089
[03:11:09] 140.5, 126.5, 1.097
[03:11:10] 140.4, 126.4, 2.275
[03:11:11] 247.5, 126.3, 2.258
[03:11:12] 286.7, 126.3, 2.324
[03:11:13] 294.9, 126.3, 2.322
[03:11:14] 294.9, 126.3, 2.325
[03:11:15] 294.9, 126.3, 2.325
[03:11:16] 294.9, 126.4, 2.326
[03:11:17] 294.9, 126.4, 2.327
[03:11:18] 295.0, 126.4, 2.328
[03:11:19] 295.0, 126.4, 2.309
[03:11:20] 280.0, 126.5, 1.097
[03:11:21] 150.1, 126.5, 1.099
[03:11:22] 140.3, 126.5, 1.103
[03:11:23] 140.3, 126.5, 1.094
[03:11:24] 140.2, 126.4, 1.697
[03:11:25] 183.7, 126.4, 2.261
[03:11:26] 284.6, 126.3, 2.325
[03:11:27] 291.6, 126.3, 2.330
[03:11:28] 292.1, 126.3, 2.331
[03:11:29] 292.5, 126.3, 2.329
[03:11:30] 292.9, 126.3, 2.329
[03:11:31] 293.2, 126.3, 2.329
[03:11:32] 293.5, 126.3, 2.329
[03:11:33] 293.8, 126.3, 2.329
[03:11:34] 294.0, 126.3, 2.334
[03:11:35] 294.2, 126.3, 2.330
[03:11:36] 294.4, 126.3, 2.332
[03:11:37] 294.5, 126.4, 2.330
[03:11:38] 294.7, 126.3, 2.333
[03:11:39] 294.8, 126.3, 2.330
[03:11:40] 295.0, 126.4, 2.334
[03:11:41] 295.1, 126.4, 2.331
[03:11:42] 295.3, 126.4, 2.335
[03:11:43] 295.4, 126.4, 1.582
[03:11:44] 250.0, 126.5, 1.102
[03:11:45] 141.2, 126.5, 1.103
[03:11:46] 141.1, 126.5, 1.098
[03:11:47] 141.1, 126.5, 1.100
