<<<[23:16:48] 142.7, 125.6, 1.119
[23:16:49] 142.5, 125.6, 1.113
[23:16:50] 142.4, 125.5, 1.115
[23:16:51] 142.3, 125.6, 1.206
[23:16:52] 150.3, 125.5, 1.110
[23:16:53] 141.9, 125.5, 1.122
[23:16:54] 141.8, 125.6, 1.118
[23:16:55] 141.8, 125.5, 1.134
[23:16:56] 142.0, 125.6, 1.135
[23:16:57] 142.1, 125.6, 1.134
[23:16:58] 169.8, 125.5, 1.117
[23:16:59] 141.2, 125.5, 1.111
[23:17:00] 141.1, 125.5, 1.116
[23:17:01] 141.1, 125.6, 1.122
[23:17:02] 141.2, 125.6, 1.148
[23:17:03] 171.4, 125.6, 1.117
[23:17:04] 141.2, 125.6, 1.117
[23:17:05] 141.2, 125.5, 1.129
[23:17:06] 141.4, 125.6, 1.134
[23:17:07] 141.6, 125.6, 1.160
[23:17:08] 172.5, 125.6, 1.130
[23:17:09] 145.0, 125.6, 1.129
[23:17:10] 144.7, 125.6, 1.116
[23:17:11] 144.4, 125.6, 1.121
[23:17:12] 144.1, 125.6, 1.144
[23:17:13] 170.2, 125.6, 1.125
[23:17:14] 143.0, 125.7, 1.126
[23:17:15] 142.8, 125.6, 1.114
[23:17:16] 142.7, 125.6, 1.112
[23:17:17] 142.5, 125.6, 1.127
[23:17:18] 168.7, 125.5, 1.111
[23:17:19] 140.7, 125.6, 1.110
[23:17:20] 140.7, 125.5, 1.110
[23:17:21] 140.7, 125.5, 1.117
[23:17:22] 140.7, 125.6, 1.118
[23:17:23] 167.6, 125.5, 1.107
[23:17:24] 140.7, 125.5, 1.108
[23:17:25] 140.6, 125.5, 1.106
[23:17:26] 140.6, 125.5, 1.110
[23:17:27] 140.6, 125.5, 1.050
[23:17:28] 173.6, 125.5, 1.074
[23:17:29] 134.3, 125.5, 1.110
[23:17:30] 140.1, 125.5, 1.104
[23:17:31] 140.1, 125.5, 1.113
[23:17:32] 140.1, 125.5, 1.220
[23:17:33] 184.8, 125.5, 1.042
[23:17:34] 134.7, 125.5, 1.105
[23:17:35] 139.9, 125.5, 1.102
[23:17:36] 139.8, 125.5, 1.101
[23:17:37] 139.8, 125.5, 1.603
[23:17:38] 195.5, 125.5, 1.047
[23:17:39] 129.8, 125.5, 1.112
[23:17:40] 140.5, 125.5, 1.103
[23:17:41] 140.4, 125.6, 1.109
[23:17:42] 140.3, 125.5, 2.363
[23:17:43] 186.1, 125.5, 1.033
[23:17:44] 170.0, 125.6, 1.105
[23:17:45] 137.9, 125.6, 1.104
[23:17:46] 138.1, 125.6, 1.102
[23:17:47] 138.4, 125.6, 1.103
[23:17:48] 138.6, 125.5, 1.742
[23:17:49] 224.7, 125.5, 1.079
[23:17:50] 172.2, 125.6, 1.110
[23:17:51] 139.6, 125.6, 1.113
[23:17:52] 139.6, 125.6, 1.112
[23:17:53] 139.7, 125.6, 1.108
[23:17:54] 139.8, 125.4, 1.752
[23:17:55] 221.6, 125.5, 1.765
[23:17:56] 221.6, 125.6, 1.100
[23:17:57] 179.0, 125.6, 1.104
[23:17:58] 139.9, 125.6, 1.103
[23:17:59] 139.8, 125.5, 1.105
[23:18:00] 139.8, 125.6, 1.102
[23:18:01] 139.8, 125.5, 1.774
[23:18:02] 216.1, 125.5, 1.740
[23:18:03] 221.2, 125.4, 1.799
[23:18:04] 227.4, 125.5, 1.799
[23:18:05] 227.3, 125.5, 1.301
[23:18:06] 195.7, 125.5, 1.108
[23:18:07] 140.3, 125.5, 1.110
[23:18:08] 140.2, 125.5, 1.103
[23:18:09] 140.1, 125.6, 1.106
[23:18:10] 140.1, 125.5, 1.735
[23:18:11] 204.7, 125.5, 1.740
[23:18:12] 219.4, 125.4, 1.801
[23:18:13] 227.7, 125.5, 1.801
[23:18:14] 227.6, 125.5, 1.804
[23:18:15] 227.6, 125.5, 1.805
[23:18:16] 227.7, 125.5, 1.805
[23:18:17] 227.7, 125.5, 1.806
[23:18:18] 227.7, 125.5, 1.694
[23:18:19] 218.3, 125.6, 1.107
[23:18:20] 138.1, 125.6, 1.105
[23:18:21] 138.3, 125.6, 1.108
[23:18:22] 138.5, 125.6, 1.106
[23:18:23] 138.8, 125.4, 3.088
[23:18:24] 180.5, 125.5, 1.742
[23:18:25] 219.8, 125.5, 1.803
[23:18:26] 225.4, 125.5, 1.805
[23:18:27] 225.6, 125.5, 1.806
[23:18:28] 226.0, 125.5, 1.808
[23:18:29] 226.2, 125.5, 1.810
[23:18:30] 226.5, 125.5, 1.810
[23:18:31] 226.7, 125.5, 1.813
[23:18:32] 226.9, 125.5, 1.811
[23:18:33] 227.1, 125.5, 1.811
[23:18:34] 227.3, 125.5, 1.811
[23:18:35] 227.4, 125.5, 1.810
[23:18:36] 227.6, 125.5, 1.813
[23:18:37] 227.7, 125.4, 1.809
[23:18:38] 227.7, 125.5, 1.813
[23:18:39] 227.8, 125.5, 1.811
[23:18:40] 227.9, 125.6, 1.113
[23:18:41] 166.2, 125.5, 1.112
[23:18:42] 140.7, 125.5, 1.111
[23:18:43] 140.6, 125.5, 1.116
[23:18:44] 140.6, 125.6, 1.110
