<<<[04:53:11] 144.0, 126.2, 1.117
[04:53:12] 143.8, 126.2, 1.132
[04:53:13] 143.6, 126.2, 1.133
[04:53:14] 143.6, 126.2, 1.306
[04:53:15] 154.2, 126.2, 1.202
[04:53:16] 154.7, 126.2, 1.213
[04:53:17] 154.7, 126.2, 1.161
[04:53:18] 147.9, 126.2, 1.174
[04:53:19] 148.0, 126.2, 1.177
[04:53:20] 148.1, 126.2, 1.654
[04:53:21] 173.8, 126.2, 1.113
[04:53:22] 137.8, 126.2, 1.113
[04:53:23] 138.3, 126.3, 1.114
[04:53:24] 138.9, 126.2, 1.110
[04:53:25] 139.2, 126.1, 1.662
[04:53:26] 169.4, 126.2, 1.105
[04:53:27] 138.9, 126.2, 1.102
[04:53:28] 139.1, 126.2, 1.111
[04:53:29] 139.5, 126.2, 1.119
[04:53:30] 139.8, 126.2, 1.677
[04:53:31] 170.7, 126.2, 1.105
[04:53:32] 139.0, 126.2, 1.109
[04:53:33] 139.2, 126.2, 1.102
[04:53:34] 139.4, 126.2, 1.100
[04:53:35] 139.7, 126.1, 1.668
[04:53:36] 169.4, 126.2, 1.106
[04:53:37] 138.3, 126.1, 1.102
[04:53:38] 138.6, 126.2, 1.102
[04:53:39] 138.8, 126.2, 1.104
[04:53:40] 139.0, 126.1, 1.672
[04:53:41] 169.1, 126.1, 1.105
[04:53:42] 138.5, 126.2, 1.103
[04:53:43] 138.8, 126.2, 1.107
[04:53:44] 139.0, 126.2, 1.104
[04:53:45] 139.2, 126.1, 1.684
[04:53:46] 168.2, 126.2, 1.098
[04:53:47] 138.3, 126.2, 1.106
[04:53:48] 138.5, 126.2, 1.096
[04:53:49] 138.7, 126.2, 1.096
[04:53:50] 138.8, 126.2, 2.130
[04:53:51] 178.1, 126.3, 1.033
[04:53:52] 130.2, 126.2, 1.100
[04:53:53] 138.3, 126.2, 1.097
[04:53:54] 138.5, 126.2, 1.099
[04:53:55] 138.7, 126.1, 2.755
[04:53:56] 178.5, 126.2, 1.028
[04:53:57] 140.7, 126.1, 1.097
[04:53:58] 140.3, 126.1, 1.095
[04:53:59] 140.2, 126.2, 1.095
[04:54:00] 140.0, 126.1, 1.190
[04:54:01] 174.9, 126.2, 1.052
[04:54:02] 152.4, 126.1, 1.094
[04:54:03] 136.9, 126.2, 1.101
[04:54:04] 137.2, 126.2, 1.101
[04:54:05] 137.6, 126.2, 1.097
[04:54:06] 137.9, 126.1, 1.574
[04:54:07] 220.9, 126.2, 1.098
[04:54:08] 132.2, 126.2, 1.092
[04:54:09] 139.4, 126.2, 1.091
[04:54:10] 139.3, 126.1, 1.092
[04:54:11] 139.4, 126.0, 1.929
[04:54:12] 190.8, 126.1, 1.577
[04:54:13] 209.4, 126.1, 1.110
[04:54:14] 136.1, 126.1, 1.103
[04:54:15] 136.6, 126.1, 1.099
[04:54:16] 137.0, 126.2, 1.098
[04:54:17] 137.3, 126.1, 2.028
[04:54:18] 190.1, 126.1, 1.729
[04:54:19] 219.9, 126.1, 1.647
[04:54:20] 219.4, 126.1, 1.093
[04:54:21] 137.2, 126.2, 1.093
[04:54:22] 137.5, 126.2, 1.091
[04:54:23] 137.7, 126.2, 1.103
[04:54:24] 138.0, 126.1, 2.096
[04:54:25] 188.1, 126.2, 1.726
[04:54:26] 219.8, 126.2, 1.788
[04:54:27] 226.1, 126.1, 1.792
[04:54:28] 226.2, 126.2, 1.623
[04:54:29] 217.4, 126.2, 1.093
[04:54:30] 137.2, 126.2, 1.099
[04:54:31] 137.5, 126.2, 1.100
[04:54:32] 137.8, 126.2, 1.089
[04:54:33] 138.0, 126.1, 2.477
[04:54:34] 184.5, 126.1, 1.728
[04:54:35] 219.9, 125.9, 1.796
[04:54:36] 225.7, 126.0, 1.794
[04:54:37] 225.9, 126.0, 1.793
[04:54:38] 226.0, 126.1, 1.793
[04:54:39] 226.2, 126.1, 1.791
[04:54:40] 226.3, 126.0, 1.792
[04:54:41] 226.4, 126.0, 1.709
[04:54:42] 219.8, 126.2, 1.104
[04:54:43] 137.9, 126.1, 1.105
[04:54:44] 138.1, 126.1, 1.103
[04:54:45] 138.4, 126.1, 1.094
[04:54:46] 138.6, 126.0, 3.267
[04:54:47] 178.5, 126.1, 1.732
[04:54:48] 218.7, 126.1, 1.789
[04:54:49] 224.5, 126.1, 1.793
[04:54:50] 224.8, 126.1, 1.790
[04:54:51] 225.1, 126.1, 1.794
[04:54:52] 225.4, 126.1, 1.792
[04:54:53] 225.7, 126.1, 1.794
[04:54:54] 225.9, 126.1, 1.794
[04:54:55] 226.1, 126.1, 1.795
[04:54:56] 226.3, 126.2, 1.796
[04:54:57] 226.4, 126.1, 1.795
[04:54:58] 226.6, 126.1, 1.797
[04:54:59] 226.7, 126.2, 1.797
[04:55:00] 226.9, 126.2, 1.797
[04:55:01] 227.0, 126.2, 1.797
[04:55:02] 227.1, 126.1, 1.798
[04:55:03] 221.9, 126.2, 1.103
[04:55:04] 138.5, 126.2, 1.097
[04:55:05] 138.6, 126.2, 1.095
[04:55:06] 138.8, 126.2, 1.100
