<<<[06:32:27] 142.7, 125.8, 1.122
[06:32:28] 142.6, 125.8, 1.134
[06:32:29] 142.7, 125.9, 1.127
[06:32:30] 142.8, 125.9, 1.257
[06:32:31] 150.8, 125.9, 1.276
[06:32:32] 158.9, 125.9, 1.277
[06:32:33] 159.2, 125.9, 1.273
[06:32:34] 159.5, 125.9, 1.258
[06:32:35] 159.5, 125.9, 1.239
[06:32:36] 159.4, 125.9, 1.247
[06:32:37] 159.3, 125.9, 1.256
[06:32:38] 159.2, 125.8, 1.251
[06:32:39] 159.3, 125.9, 1.147
[06:32:40] 145.9, 125.9, 1.181
[06:32:41] 146.3, 125.9, 1.163
[06:32:42] 146.7, 125.9, 1.182
[06:32:43] 147.0, 125.9, 1.183
[06:32:44] 152.2, 125.8, 1.111
[06:32:45] 165.1, 125.9, 1.105
[06:32:46] 140.5, 125.9, 1.109
[06:32:47] 140.5, 125.8, 1.106
[06:32:48] 140.5, 125.9, 1.103
[06:32:49] 140.6, 125.8, 1.119
[06:32:50] 165.5, 125.9, 1.109
[06:32:51] 140.5, 125.9, 1.108
[06:32:52] 140.4, 125.9, 1.107
[06:32:53] 140.4, 126.0, 1.092
[06:32:54] 152.8, 125.9, 1.057
[06:32:55] 161.5, 125.9, 1.105
[06:32:56] 135.8, 126.0, 1.104
[06:32:57] 136.3, 125.9, 1.099
[06:32:58] 136.8, 125.9, 1.100
[06:32:59] 146.8, 125.9, 1.058
[06:33:00] 168.0, 125.9, 1.103
[06:33:01] 135.8, 125.9, 1.109
[06:33:02] 136.3, 125.8, 1.109
[06:33:03] 136.8, 125.8, 1.104
[06:33:04] 137.2, 125.8, 1.062
[06:33:05] 176.7, 125.8, 1.109
[06:33:06] 135.2, 125.9, 1.103
[06:33:07] 140.3, 125.8, 1.100
[06:33:08] 140.3, 125.8, 1.106
[06:33:09] 140.3, 125.8, 0.993
[06:33:10] 192.1, 125.8, 1.101
[06:33:11] 135.2, 125.8, 1.102
[06:33:12] 135.7, 125.8, 1.097
[06:33:13] 136.3, 125.8, 1.100
[06:33:14] 136.8, 125.8, 1.318
[06:33:15] 209.8, 125.8, 1.048
[06:33:16] 134.5, 125.8, 1.101
[06:33:17] 140.1, 125.8, 1.105
[06:33:18] 140.1, 125.9, 1.103
[06:33:19] 140.1, 125.7, 2.305
[06:33:20] 233.2, 125.9, 1.045
[06:33:21] 160.4, 125.9, 1.099
[06:33:22] 139.8, 125.9, 1.102
[06:33:23] 139.8, 125.9, 1.101
[06:33:24] 139.9, 125.9, 1.100
[06:33:25] 139.9, 125.7, 2.328
[06:33:26] 300.5, 125.9, 1.082
[06:33:27] 188.3, 125.8, 1.099
[06:33:28] 140.1, 125.8, 1.107
[06:33:29] 140.1, 125.9, 1.109
[06:33:30] 140.1, 125.9, 1.100
[06:33:31] 140.1, 125.7, 2.341
[06:33:32] 282.9, 125.7, 2.361
[06:33:33] 297.1, 125.8, 1.380
[06:33:34] 228.6, 125.9, 1.100
[06:33:35] 141.0, 125.8, 1.096
[06:33:36] 140.9, 125.8, 1.099
[06:33:37] 140.8, 125.8, 1.102
[06:33:38] 140.7, 125.7, 2.326
[06:33:39] 244.9, 125.7, 2.334
[06:33:40] 294.7, 125.6, 2.399
[06:33:41] 303.0, 125.7, 2.399
[06:33:42] 302.9, 125.6, 2.403
[06:33:43] 297.1, 125.8, 1.104
[06:33:44] 146.5, 125.9, 1.104
[06:33:45] 140.3, 125.8, 1.103
[06:33:46] 140.3, 125.9, 1.103
[06:33:47] 140.3, 125.9, 1.102
[06:33:48] 171.4, 125.7, 2.335
[06:33:49] 292.4, 125.7, 2.398
[06:33:50] 299.2, 125.7, 2.401
[06:33:51] 299.7, 125.7, 2.404
[06:33:52] 300.1, 125.7, 2.403
[06:33:53] 300.5, 125.7, 2.405
[06:33:54] 300.9, 125.7, 2.404
[06:33:55] 301.3, 125.7, 2.405
[06:33:56] 301.6, 125.7, 2.405
[06:33:57] 295.4, 125.9, 1.106
[06:33:58] 146.6, 126.0, 1.107
[06:33:59] 141.0, 126.0, 1.099
[06:34:00] 140.8, 125.8, 1.105
[06:34:01] 140.8, 125.9, 1.100
[06:34:02] 176.0, 125.7, 2.340
[06:34:03] 293.1, 125.7, 2.403
[06:34:04] 300.0, 125.7, 2.406
[06:34:05] 300.4, 125.7, 2.407
[06:34:06] 300.9, 125.7, 2.406
[06:34:07] 301.3, 125.7, 2.408
[06:34:08] 301.6, 125.7, 2.405
[06:34:09] 301.8, 125.7, 2.405
[06:34:10] 302.1, 125.7, 2.404
[06:34:11] 302.3, 125.7, 2.407
[06:34:12] 302.5, 125.7, 2.406
[06:34:13] 302.6, 125.8, 2.405
[06:34:14] 302.8, 125.7, 2.407
[06:34:15] 302.9, 125.7, 2.406
[06:34:16] 303.1, 125.7, 2.407
[06:34:17] 303.2, 125.7, 2.406
[06:34:18] 303.3, 125.7, 2.408
[06:34:19] 303.4, 125.7, 2.408
[06:34:20] 281.3, 125.9, 1.107
[06:34:21] 139.8, 125.8, 1.112
[06:34:22] 139.9, 125.9, 1.111
[06:34:23] 140.0, 125.8, 1.104
