<<<[08:26:16] 145.6, 126.0, 1.130
[08:26:17] 145.2, 126.0, 1.130
[08:26:18] 145.0, 126.0, 1.137
[08:26:19] 144.9, 126.0, 1.270
[08:26:20] 153.2, 125.9, 1.251
[08:26:21] 159.5, 125.9, 1.109
[08:26:22] 145.6, 125.9, 1.132
[08:26:23] 145.3, 126.0, 1.163
[08:26:24] 145.7, 126.0, 1.163
[08:26:25] 145.9, 126.0, 1.149
[08:26:26] 146.0, 126.0, 1.163
[08:26:27] 168.7, 126.0, 1.108
[08:26:28] 141.0, 126.0, 1.115
[08:26:29] 140.9, 125.9, 1.104
[08:26:30] 140.9, 125.9, 1.110
[08:26:31] 140.8, 125.9, 1.166
[08:26:32] 165.8, 125.9, 1.102
[08:26:33] 140.5, 125.9, 1.101
[08:26:34] 140.4, 125.9, 1.105
[08:26:35] 140.4, 125.9, 1.102
[08:26:36] 140.4, 125.9, 1.180
[08:26:37] 165.8, 125.9, 1.102
[08:26:38] 140.5, 125.9, 1.105
[08:26:39] 140.4, 125.9, 1.100
[08:26:40] 140.4, 125.9, 1.098
[08:26:41] 140.4, 125.9, 1.179
[08:26:42] 166.2, 126.0, 1.104
[08:26:43] 140.5, 126.0, 1.103
[08:26:44] 140.4, 125.9, 1.100
[08:26:45] 140.4, 126.0, 1.102
[08:26:46] 140.3, 125.9, 1.188
[08:26:47] 165.8, 125.9, 1.103
[08:26:48] 140.5, 126.0, 1.100
[08:26:49] 140.4, 126.0, 1.101
[08:26:50] 140.3, 126.1, 1.103
[08:26:51] 140.3, 126.1, 1.202
[08:26:52] 166.0, 126.1, 1.106
[08:26:53] 140.1, 126.0, 1.103
[08:26:54] 140.1, 126.0, 1.101
[08:26:55] 140.0, 126.0, 1.098
[08:26:56] 139.9, 126.0, 1.197
[08:26:57] 164.7, 126.0, 1.101
[08:26:58] 140.1, 126.0, 1.100
[08:26:59] 140.0, 126.0, 1.097
[08:27:00] 140.0, 126.0, 1.102
[08:27:01] 139.9, 126.0, 1.187
[08:27:02] 174.2, 126.0, 1.039
[08:27:03] 132.5, 126.0, 1.101
[08:27:04] 139.6, 126.0, 1.101
[08:27:05] 139.6, 126.0, 1.101
[08:27:06] 139.6, 126.0, 1.182
[08:27:07] 172.7, 126.0, 1.037
[08:27:08] 132.0, 126.1, 1.099
[08:27:09] 139.4, 126.1, 1.099
[08:27:10] 139.4, 126.0, 1.108
[08:27:11] 139.5, 125.9, 1.636
[08:27:12] 186.3, 126.0, 1.038
[08:27:13] 130.0, 125.9, 1.111
[08:27:14] 139.2, 125.9, 1.109
[08:27:15] 139.3, 126.0, 1.105
[08:27:16] 139.4, 125.8, 2.838
[08:27:17] 185.2, 126.0, 1.047
[08:27:18] 153.0, 126.0, 1.108
[08:27:19] 137.9, 126.0, 1.107
[08:27:20] 138.1, 126.0, 1.107
[08:27:21] 138.4, 126.0, 1.108
[08:27:22] 138.5, 126.0, 1.695
[08:27:23] 235.7, 126.0, 1.108
[08:27:24] 142.1, 126.0, 1.093
[08:27:25] 141.8, 126.0, 1.097
[08:27:26] 141.5, 126.0, 1.103
[08:27:27] 141.3, 125.8, 3.358
[08:27:28] 180.8, 125.9, 1.816
[08:27:29] 228.8, 126.0, 1.102
[08:27:30] 176.0, 126.0, 1.102
[08:27:31] 140.3, 126.0, 1.100
[08:27:32] 140.2, 125.9, 1.101
[08:27:33] 140.1, 126.0, 1.098
[08:27:34] 140.1, 125.8, 1.819
[08:27:35] 232.1, 125.8, 1.856
[08:27:36] 232.1, 125.9, 1.883
[08:27:37] 232.7, 126.0, 1.102
[08:27:38] 159.9, 125.9, 1.100
[08:27:39] 140.1, 125.9, 1.101
[08:27:40] 140.0, 125.9, 1.108
[08:27:41] 140.0, 125.9, 1.110
[08:27:42] 154.2, 125.9, 1.819
[08:27:43] 236.1, 125.9, 1.887
[08:27:44] 235.8, 125.9, 1.880
[08:27:45] 236.0, 125.8, 1.883
[08:27:46] 236.3, 125.9, 1.881
[08:27:47] 236.6, 126.0, 1.607
[08:27:48] 220.5, 126.0, 1.098
[08:27:49] 137.8, 126.0, 1.100
[08:27:50] 138.0, 126.0, 1.103
[08:27:51] 138.3, 126.1, 1.097
[08:27:52] 138.4, 126.0, 2.143
[08:27:53] 192.8, 125.9, 1.819
[08:27:54] 231.0, 125.9, 1.884
[08:27:55] 237.0, 126.0, 1.879
[08:27:56] 237.1, 125.9, 1.877
[08:27:57] 237.2, 125.9, 1.879
[08:27:58] 237.3, 125.9, 1.878
[08:27:59] 237.3, 125.9, 1.881
[08:28:00] 237.4, 125.9, 1.882
[08:28:01] 237.5, 125.9, 1.883
[08:28:02] 237.6, 125.9, 1.885
[08:28:03] 237.7, 125.9, 1.825
[08:28:04] 219.0, 126.0, 1.101
[08:28:05] 140.8, 126.0, 1.106
[08:28:06] 140.6, 125.9, 1.105
[08:28:07] 140.6, 126.0, 1.097
