<<<[17:26:18] 143.4, 125.0, 1.119
[17:26:19] 143.2, 125.1, 1.145
[17:26:20] 143.2, 125.1, 1.145
[17:26:21] 143.2, 125.1, 1.234
[17:26:22] 148.8, 125.0, 1.185
[17:26:23] 149.1, 125.1, 1.180
[17:26:24] 149.0, 125.1, 1.187
[17:26:25] 149.0, 125.1, 1.182
[17:26:26] 149.1, 125.1, 1.176
[17:26:27] 149.0, 125.1, 1.104
[17:26:28] 170.9, 125.0, 1.138
[17:26:29] 143.7, 125.1, 1.137
[17:26:30] 143.6, 125.1, 1.138
[17:26:31] 143.7, 125.1, 1.132
[17:26:32] 143.6, 125.1, 1.098
[17:26:33] 168.2, 125.0, 1.135
[17:26:34] 142.1, 125.1, 1.132
[17:26:35] 142.1, 125.1, 1.123
[17:26:36] 142.0, 125.1, 1.119
[17:26:37] 142.0, 125.1, 1.082
[17:26:38] 167.3, 125.1, 1.119
[17:26:39] 140.8, 125.1, 1.113
[17:26:40] 140.7, 125.1, 1.118
[17:26:41] 140.8, 125.1, 1.121
[17:26:42] 140.8, 125.1, 1.076
[17:26:43] 167.1, 125.1, 1.123
[17:26:44] 140.8, 125.1, 1.119
[17:26:45] 140.8, 125.1, 1.115
[17:26:46] 140.7, 125.1, 1.116
[17:26:47] 140.7, 125.1, 1.070
[17:26:48] 166.7, 125.1, 1.120
[17:26:49] 140.3, 125.1, 1.115
[17:26:50] 140.3, 125.1, 1.113
[17:26:51] 140.3, 125.1, 1.114
[17:26:52] 140.3, 125.1, 1.068
[17:26:53] 167.1, 125.1, 1.112
[17:26:54] 140.5, 125.1, 1.116
[17:26:55] 140.5, 125.1, 1.108
[17:26:56] 140.4, 125.0, 1.110
[17:26:57] 140.3, 125.1, 1.063
[17:26:58] 166.5, 125.2, 1.102
[17:26:59] 139.4, 125.1, 1.104
[17:27:00] 139.4, 125.1, 1.103
[17:27:01] 139.4, 125.1, 1.107
[17:27:02] 139.4, 125.1, 1.013
[17:27:03] 174.9, 125.1, 1.051
[17:27:04] 133.1, 125.1, 1.106
[17:27:05] 140.1, 125.1, 1.109
[17:27:06] 140.0, 125.1, 1.107
[17:27:07] 140.0, 125.2, 1.015
[17:27:08] 173.6, 125.1, 1.042
[17:27:09] 132.5, 125.1, 1.102
[17:27:10] 139.0, 125.1, 1.102
[17:27:11] 139.0, 125.1, 1.106
[17:27:12] 139.1, 125.1, 1.549
[17:27:13] 185.4, 125.2, 1.040
[17:27:14] 132.7, 125.1, 1.114
[17:27:15] 139.8, 125.1, 1.106
[17:27:16] 139.7, 125.1, 1.106
[17:27:17] 139.6, 125.0, 1.762
[17:27:18] 195.1, 125.1, 1.045
[17:27:19] 130.7, 125.2, 1.110
[17:27:20] 139.2, 125.2, 1.109
[17:27:21] 139.2, 125.1, 1.117
[17:27:22] 139.2, 124.9, 3.336
[17:27:23] 179.0, 125.1, 0.999
[17:27:24] 179.2, 125.0, 1.112
[17:27:25] 137.2, 125.1, 1.109
[17:27:26] 137.4, 125.1, 1.113
[17:27:27] 137.7, 125.1, 1.111
[17:27:28] 138.0, 125.0, 1.880
[17:27:29] 219.0, 125.1, 1.520
[17:27:30] 199.5, 125.2, 1.111
[17:27:31] 140.1, 125.2, 1.111
[17:27:32] 140.0, 125.2, 1.112
[17:27:33] 140.0, 125.1, 1.112
[17:27:34] 140.0, 125.0, 1.833
[17:27:35] 208.4, 124.9, 1.845
[17:27:36] 232.3, 125.0, 1.678
[17:27:37] 231.9, 125.1, 1.117
[17:27:38] 138.7, 125.2, 1.110
[17:27:39] 138.8, 125.2, 1.114
[17:27:40] 138.9, 125.2, 1.108
[17:27:41] 139.0, 125.0, 2.773
[17:27:42] 185.4, 125.0, 1.848
[17:27:43] 233.2, 125.1, 1.914
[17:27:44] 239.0, 125.0, 1.916
[17:27:45] 239.2, 125.0, 1.918
[17:27:46] 239.4, 125.1, 1.123
[17:27:47] 169.6, 125.1, 1.105
[17:27:48] 139.9, 125.1, 1.106
[17:27:49] 139.8, 125.1, 1.112
[17:27:50] 139.8, 125.1, 1.108
[17:27:51] 139.8, 125.0, 1.849
[17:27:52] 237.1, 125.0, 1.907
[17:27:53] 236.8, 125.1, 1.915
[17:27:54] 237.3, 125.1, 1.913
[17:27:55] 237.8, 125.1, 1.915
[17:27:56] 238.1, 125.1, 1.911
[17:27:57] 238.4, 125.1, 1.914
[17:27:58] 238.7, 125.1, 1.911
[17:27:59] 238.9, 125.1, 1.913
[17:28:00] 239.2, 125.3, 1.126
[17:28:01] 167.6, 125.2, 1.107
[17:28:02] 139.9, 125.2, 1.110
[17:28:03] 139.9, 125.2, 1.107
[17:28:04] 139.9, 125.2, 1.107
[17:28:05] 140.0, 125.1, 1.848
[17:28:06] 242.9, 125.1, 1.918
[17:28:07] 235.5, 125.0, 1.911
[17:28:08] 236.1, 125.0, 1.914
[17:28:09] 236.7, 125.0, 1.915
[17:28:10] 237.2, 125.0, 1.918
[17:28:11] 237.6, 125.0, 1.916
[17:28:12] 238.0, 125.0, 1.917
[17:28:13] 238.4, 125.0, 1.916
[17:28:14] 238.7, 125.0, 1.917
[17:28:15] 239.1, 125.0, 1.917
[17:28:16] 239.3, 125.1, 1.919
[17:28:17] 239.6, 125.1, 1.919
[17:28:18] 239.8, 125.1, 1.920
[17:28:19] 240.0, 125.1, 1.920
[17:28:20] 240.2, 125.1, 1.920
[17:28:21] 240.4, 125.0, 1.920
[17:28:22] 240.5, 125.0, 1.922
[17:28:23] 233.9, 125.1, 1.122
[17:28:24] 138.7, 125.1, 1.114
[17:28:25] 138.9, 125.2, 1.110
[17:28:26] 139.0, 125.2, 1.112
