<<<[06:14:37] 141.1, 125.8, 1.121
[06:14:38] 141.3, 125.8, 1.139
[06:14:39] 141.6, 125.9, 1.147
[06:14:40] 141.9, 125.8, 1.230
[06:14:41] 151.2, 125.8, 1.258
[06:14:42] 158.8, 125.8, 1.270
[06:14:43] 159.1, 125.8, 1.274
[06:14:44] 159.1, 125.8, 1.269
[06:14:45] 159.3, 125.8, 1.263
[06:14:46] 159.3, 125.8, 1.241
[06:14:47] 159.4, 125.8, 1.257
[06:14:48] 159.5, 125.8, 1.270
[06:14:49] 159.7, 125.8, 1.272
[06:14:50] 159.6, 125.8, 1.248
[06:14:51] 159.5, 125.8, 1.244
[06:14:52] 159.4, 125.8, 1.247
[06:14:53] 159.4, 125.8, 1.274
[06:14:54] 159.4, 125.8, 1.241
[06:14:55] 159.2, 125.8, 1.238
[06:14:56] 159.1, 125.8, 1.248
[06:14:57] 159.1, 125.9, 1.248
[06:14:58] 159.0, 125.8, 1.267
[06:14:59] 159.3, 125.9, 1.251
[06:15:00] 159.0, 125.8, 1.163
[06:15:01] 148.1, 125.9, 1.184
[06:15:02] 148.1, 125.8, 1.180
[06:15:03] 148.4, 125.8, 1.180
[06:15:04] 148.6, 125.8, 1.172
[06:15:05] 158.0, 125.9, 1.098
[06:15:06] 158.0, 125.9, 1.104
[06:15:07] 140.3, 125.9, 1.103
[06:15:08] 140.3, 125.9, 1.103
[06:15:09] 140.3, 125.9, 1.101
[06:15:10] 166.9, 125.9, 1.038
[06:15:11] 146.6, 125.9, 1.098
[06:15:12] 137.0, 125.9, 1.100
[06:15:13] 137.3, 125.9, 1.102
[06:15:14] 137.6, 125.9, 1.103
[06:15:15] 167.3, 125.9, 1.034
[06:15:16] 147.0, 125.9, 1.099
[06:15:17] 136.7, 125.9, 1.098
[06:15:18] 137.1, 125.8, 1.111
[06:15:19] 137.5, 125.9, 1.100
[06:15:20] 166.4, 125.9, 1.030
[06:15:21] 149.9, 125.9, 1.099
[06:15:22] 136.3, 125.9, 1.094
[06:15:23] 136.7, 125.9, 1.093
[06:15:24] 137.1, 125.9, 1.101
[06:15:25] 137.5, 125.9, 1.043
[06:15:26] 191.9, 125.9, 1.107
[06:15:27] 135.8, 125.8, 1.101
[06:15:28] 136.3, 125.9, 1.102
[06:15:29] 136.8, 125.9, 1.099
[06:15:30] 137.2, 125.8, 1.563
[06:15:31] 226.3, 125.9, 1.070
[06:15:32] 132.7, 125.9, 1.101
[06:15:33] 139.9, 125.9, 1.098
[06:15:34] 139.9, 125.8, 1.098
[06:15:35] 139.9, 125.7, 2.281
[06:15:36] 234.1, 125.8, 1.048
[06:15:37] 174.2, 125.8, 1.109
[06:15:38] 140.1, 125.8, 1.108
[06:15:39] 140.1, 125.8, 1.100
[06:15:40] 140.1, 125.8, 1.097
[06:15:41] 140.1, 125.7, 2.319
[06:15:42] 290.0, 125.9, 1.155
[06:15:43] 214.7, 125.9, 1.105
[06:15:44] 140.1, 125.9, 1.103
[06:15:45] 140.0, 125.9, 1.100
[06:15:46] 140.0, 125.9, 1.100
[06:15:47] 140.0, 125.7, 2.336
[06:15:48] 250.2, 125.7, 2.322
[06:15:49] 293.4, 125.7, 2.384
[06:15:50] 293.5, 125.8, 1.101
[06:15:51] 155.5, 125.9, 1.108
[06:15:52] 140.3, 125.9, 1.100
[06:15:53] 140.2, 125.9, 1.099
[06:15:54] 140.2, 125.8, 1.105
[06:15:55] 172.7, 125.7, 2.324
[06:15:56] 290.7, 125.7, 2.382
[06:15:57] 297.4, 125.7, 2.383
[06:15:58] 297.8, 125.7, 2.383
[06:15:59] 298.2, 125.7, 2.386
[06:16:00] 298.3, 125.9, 1.104
[06:16:01] 155.7, 125.9, 1.102
[06:16:02] 140.7, 125.8, 1.101
[06:16:03] 140.6, 125.9, 1.099
[06:16:04] 140.5, 125.9, 1.097
[06:16:05] 161.5, 125.7, 2.326
[06:16:06] 295.6, 125.7, 2.388
[06:16:07] 295.7, 125.6, 2.388
[06:16:08] 301.4, 125.7, 2.387
[06:16:09] 301.4, 125.7, 2.388
[06:16:10] 301.4, 125.7, 2.390
[06:16:11] 301.4, 125.7, 2.391
[06:16:12] 301.5, 125.7, 2.390
[06:16:13] 301.5, 125.7, 2.390
[06:16:14] 301.6, 125.7, 2.392
[06:16:15] 301.6, 125.9, 1.105
[06:16:16] 148.4, 125.9, 1.100
[06:16:17] 140.1, 125.8, 1.109
[06:16:18] 140.1, 125.9, 1.099
