<<<[19:03:25] 141.8, 125.8, 1.129
[19:03:26] 141.9, 125.8, 1.135
[19:03:27] 142.1, 125.8, 1.139
[19:03:28] 142.5, 125.8, 1.162
[19:03:29] 152.4, 125.7, 1.164
[19:03:30] 151.8, 125.7, 1.166
[19:03:31] 151.3, 125.7, 1.181
[19:03:32] 151.0, 125.7, 1.179
[19:03:33] 150.9, 125.7, 1.688
[19:03:34] 174.0, 125.7, 1.130
[19:03:35] 139.6, 125.7, 1.107
[19:03:36] 139.8, 125.7, 1.109
[19:03:37] 140.0, 125.8, 1.114
[19:03:38] 140.1, 125.7, 1.712
[19:03:39] 169.1, 125.8, 1.109
[19:03:40] 139.0, 125.8, 1.113
[19:03:41] 139.2, 125.8, 1.113
[19:03:42] 139.5, 125.8, 1.112
[19:03:43] 139.7, 125.8, 1.708
[19:03:44] 168.4, 125.8, 1.107
[19:03:45] 138.9, 125.8, 1.108
[19:03:46] 139.1, 125.8, 1.107
[19:03:47] 139.3, 125.8, 1.112
[19:03:48] 139.5, 125.7, 1.716
[19:03:49] 168.7, 125.8, 1.114
[19:03:50] 138.9, 125.8, 1.106
[19:03:51] 139.1, 125.9, 1.111
[19:03:52] 139.2, 125.8, 1.110
[19:03:53] 139.4, 125.8, 1.715
[19:03:54] 168.2, 125.8, 1.109
[19:03:55] 139.0, 125.8, 1.107
[19:03:56] 139.1, 125.8, 1.104
[19:03:57] 139.3, 125.8, 1.105
[19:03:58] 139.4, 125.7, 1.716
[19:03:59] 168.2, 125.8, 1.111
[19:04:00] 138.9, 125.8, 1.103
[19:04:01] 139.0, 125.7, 1.105
[19:04:02] 139.2, 125.8, 1.110
[19:04:03] 139.3, 125.6, 1.721
[19:04:04] 167.3, 125.7, 1.104
[19:04:05] 138.3, 125.8, 1.103
[19:04:06] 138.5, 125.8, 1.105
[19:04:07] 138.7, 125.8, 1.098
[19:04:08] 138.7, 125.7, 1.728
[19:04:09] 166.5, 125.8, 1.098
[19:04:10] 138.5, 125.8, 1.101
[19:04:11] 138.6, 125.8, 1.102
[19:04:12] 138.8, 125.8, 1.107
[19:04:13] 138.9, 125.7, 2.585
[19:04:14] 177.6, 125.8, 1.038
[19:04:15] 131.1, 125.8, 1.096
[19:04:16] 137.8, 125.8, 1.107
[19:04:17] 138.0, 125.8, 1.104
[19:04:18] 138.2, 125.7, 3.094
[19:04:19] 177.0, 125.8, 1.037
[19:04:20] 143.9, 125.8, 1.095
[19:04:21] 137.2, 125.7, 1.094
[19:04:22] 137.5, 125.8, 1.100
[19:04:23] 137.8, 125.6, 1.683
[19:04:24] 175.4, 125.8, 1.062
[19:04:25] 155.9, 125.8, 1.099
[19:04:26] 136.5, 125.8, 1.097
[19:04:27] 136.8, 125.8, 1.093
[19:04:28] 137.1, 125.8, 1.102
[19:04:29] 137.5, 125.8, 1.516
[19:04:30] 213.1, 125.8, 1.109
[19:04:31] 135.1, 125.8, 1.100
[19:04:32] 135.6, 125.9, 1.095
[19:04:33] 136.2, 125.9, 1.098
[19:04:34] 136.6, 125.7, 1.820
[19:04:35] 207.3, 125.8, 0.988
[19:04:36] 180.5, 125.8, 1.103
[19:04:37] 139.6, 125.8, 1.098
[19:04:38] 139.6, 125.8, 1.106
[19:04:39] 139.6, 125.8, 1.094
[19:04:40] 139.6, 125.7, 1.869
[19:04:41] 222.5, 125.6, 1.836
[19:04:42] 231.9, 125.8, 1.101
[19:04:43] 152.4, 125.7, 1.103
[19:04:44] 139.8, 125.8, 1.106
[19:04:45] 139.7, 125.8, 1.101
[19:04:46] 139.7, 125.8, 1.095
[19:04:47] 158.4, 125.7, 1.838
[19:04:48] 234.4, 125.7, 1.899
[19:04:49] 234.5, 125.7, 1.897
[19:04:50] 239.9, 125.8, 1.062
[19:04:51] 189.0, 125.8, 1.103
[19:04:52] 139.8, 125.8, 1.109
[19:04:53] 139.8, 125.9, 1.103
[19:04:54] 139.8, 125.8, 1.109
[19:04:55] 139.8, 125.7, 1.871
[19:04:56] 222.7, 125.7, 1.835
[19:04:57] 232.8, 125.8, 1.895
[19:04:58] 240.0, 125.7, 1.895
[19:04:59] 239.9, 125.8, 1.897
[19:05:00] 239.9, 125.7, 1.898
[19:05:01] 239.9, 125.8, 1.899
[19:05:02] 239.8, 125.9, 1.099
[19:05:03] 153.0, 125.8, 1.102
[19:05:04] 139.9, 125.8, 1.097
[19:05:05] 139.8, 125.8, 1.107
[19:05:06] 139.9, 125.8, 1.105
[19:05:07] 157.3, 125.7, 1.836
[19:05:08] 235.5, 125.7, 1.901
[19:05:09] 235.5, 125.6, 1.898
[19:05:10] 236.0, 125.6, 1.902
[19:05:11] 236.5, 125.6, 1.902
[19:05:12] 236.9, 125.7, 1.901
[19:05:13] 237.4, 125.6, 1.902
[19:05:14] 237.7, 125.6, 1.904
[19:05:15] 238.1, 125.6, 1.906
[19:05:16] 238.4, 125.6, 1.908
[19:05:17] 238.7, 125.7, 1.907
[19:05:18] 0.0, 125.6, 1.905
[19:05:19] 240.8, 125.7, 1.908
[19:05:20] 240.8, 125.8, 1.117
[19:05:21] 170.4, 125.7, 1.110
[19:05:22] 141.2, 125.8, 1.113
[19:05:23] 141.1, 125.8, 1.104
[19:05:24] 141.0, 125.8, 1.111
