<<<[07:59:48] 140.7, 126.0, 1.117
[07:59:49] 140.8, 125.9, 1.117
[07:59:50] 140.9, 125.9, 1.142
[07:59:51] 141.3, 125.9, 1.188
[07:59:52] 147.9, 125.8, 1.250
[07:59:53] 159.5, 125.9, 1.176
[07:59:54] 151.2, 125.9, 1.177
[07:59:55] 150.8, 126.0, 1.136
[07:59:56] 150.3, 126.0, 1.140
[07:59:57] 145.2, 126.0, 1.135
[07:59:58] 145.1, 126.0, 1.240
[07:59:59] 170.4, 126.0, 1.115
[08:00:00] 141.9, 126.0, 1.119
[08:00:01] 141.9, 126.0, 1.122
[08:00:02] 141.9, 126.0, 1.124
[08:00:03] 141.8, 125.9, 1.245
[08:00:04] 168.0, 126.0, 1.118
[08:00:05] 141.0, 126.0, 1.101
[08:00:06] 140.9, 126.0, 1.114
[08:00:07] 140.9, 126.0, 1.102
[08:00:08] 140.8, 126.0, 1.252
[08:00:09] 167.8, 125.9, 1.110
[08:00:10] 140.8, 126.0, 1.113
[08:00:11] 140.8, 126.0, 1.103
[08:00:12] 140.8, 126.0, 1.103
[08:00:13] 140.8, 126.0, 1.252
[08:00:14] 167.6, 125.9, 1.112
[08:00:15] 141.2, 125.9, 1.109
[08:00:16] 141.1, 125.9, 1.104
[08:00:17] 141.0, 125.9, 1.103
[08:00:18] 141.0, 126.0, 1.263
[08:00:19] 167.5, 126.0, 1.105
[08:00:20] 141.0, 125.9, 1.108
[08:00:21] 141.0, 125.9, 1.112
[08:00:22] 140.9, 126.0, 1.107
[08:00:23] 140.9, 126.0, 1.271
[08:00:24] 167.5, 125.9, 1.103
[08:00:25] 141.0, 126.0, 1.104
[08:00:26] 140.9, 125.9, 1.105
[08:00:27] 140.8, 126.0, 1.100
[08:00:28] 140.8, 126.0, 1.278
[08:00:29] 166.5, 126.0, 1.105
[08:00:30] 140.7, 126.0, 1.103
[08:00:31] 140.7, 126.0, 1.107
[08:00:32] 140.6, 126.0, 1.100
[08:00:33] 140.6, 126.0, 1.266
[08:00:34] 175.6, 126.0, 1.037
[08:00:35] 133.1, 126.0, 1.097
[08:00:36] 140.1, 126.0, 1.100
[08:00:37] 140.0, 126.0, 1.098
[08:00:38] 140.0, 126.0, 1.266
[08:00:39] 174.5, 126.0, 1.035
[08:00:40] 133.1, 126.0, 1.108
[08:00:41] 140.3, 126.1, 1.114
[08:00:42] 140.2, 126.1, 1.098
[08:00:43] 140.2, 126.0, 1.568
[08:00:44] 189.5, 126.0, 1.036
[08:00:45] 129.3, 126.0, 1.108
[08:00:46] 139.8, 126.0, 1.104
[08:00:47] 139.8, 126.0, 1.094
[08:00:48] 139.8, 126.0, 1.970
[08:00:49] 188.8, 126.1, 1.029
[08:00:50] 140.1, 126.1, 1.105
[08:00:51] 139.9, 126.0, 1.102
[08:00:52] 139.9, 126.0, 1.100
[08:00:53] 139.9, 125.9, 2.293
[08:00:54] 176.1, 126.1, 1.016
[08:00:55] 175.7, 126.1, 1.099
[08:00:56] 136.5, 126.0, 1.098
[08:00:57] 136.9, 126.0, 1.100
[08:00:58] 137.2, 126.0, 1.106
[08:00:59] 137.6, 125.9, 1.846
[08:01:00] 219.6, 126.0, 1.024
[08:01:01] 175.6, 126.0, 1.104
[08:01:02] 140.3, 126.0, 1.101
[08:01:03] 140.2, 126.0, 1.101
[08:01:04] 140.1, 125.9, 1.102
[08:01:05] 140.1, 126.0, 1.834
[08:01:06] 223.7, 126.0, 1.812
[08:01:07] 230.6, 126.0, 1.077
[08:01:08] 179.8, 126.0, 1.102
[08:01:09] 139.6, 126.0, 1.104
[08:01:10] 139.6, 126.0, 1.107
[08:01:11] 139.7, 126.1, 1.098
[08:01:12] 139.7, 125.9, 1.814
[08:01:13] 231.5, 125.9, 1.842
[08:01:14] 231.4, 125.9, 1.875
[08:01:15] 237.3, 126.0, 1.871
[08:01:16] 237.2, 126.1, 1.106
[08:01:17] 161.8, 126.1, 1.097
[08:01:18] 140.1, 126.1, 1.093
[08:01:19] 140.0, 126.1, 1.098
[08:01:20] 140.0, 126.0, 1.097
[08:01:21] 140.0, 126.0, 1.812
[08:01:22] 245.3, 125.9, 1.876
[08:01:23] 232.8, 125.9, 1.871
[08:01:24] 233.3, 125.9, 1.874
[08:01:25] 233.8, 125.9, 1.874
[08:01:26] 234.2, 126.0, 1.874
[08:01:27] 234.6, 126.0, 1.873
[08:01:28] 234.9, 126.0, 1.641
[08:01:29] 224.5, 126.1, 1.105
[08:01:30] 138.1, 126.0, 1.105
[08:01:31] 138.3, 126.1, 1.106
[08:01:32] 138.6, 126.1, 1.100
[08:01:33] 138.8, 126.0, 2.667
[08:01:34] 185.7, 126.0, 1.808
[08:01:35] 230.1, 126.0, 1.874
[08:01:36] 235.5, 126.0, 1.872
[08:01:37] 235.7, 125.9, 1.872
[08:01:38] 235.8, 126.0, 1.874
[08:01:39] 236.0, 125.9, 1.874
[08:01:40] 236.2, 125.9, 1.877
[08:01:41] 236.3, 125.9, 1.876
[08:01:42] 236.5, 125.9, 1.876
[08:01:43] 236.6, 125.8, 1.879
[08:01:44] 236.7, 125.8, 1.879
[08:01:45] 236.9, 125.8, 1.881
[08:01:46] 237.0, 125.8, 1.881
[08:01:47] 237.1, 125.8, 1.883
[08:01:48] 237.2, 125.9, 1.881
[08:01:49] 237.2, 125.9, 1.112
[08:01:50] 140.1, 126.0, 1.111
[08:01:51] 140.2, 126.0, 1.103
[08:01:52] 140.3, 126.0, 1.106
