<<<[05:26:14] 141.6, 125.9, 1.117
[05:26:15] 141.6, 126.0, 1.122
[05:26:16] 141.8, 125.9, 1.141
[05:26:17] 142.1, 125.9, 1.248
[05:26:18] 152.4, 125.9, 1.270
[05:26:19] 160.2, 126.0, 1.268
[05:26:20] 160.3, 126.0, 1.264
[05:26:21] 160.2, 126.0, 1.273
[05:26:22] 160.1, 126.0, 1.268
[05:26:23] 160.1, 125.9, 1.261
[05:26:24] 160.1, 126.0, 1.245
[05:26:25] 160.0, 126.0, 1.271
[05:26:26] 160.2, 126.0, 1.274
[05:26:27] 160.4, 125.9, 1.275
[05:26:28] 160.2, 126.0, 1.273
[05:26:29] 160.0, 126.0, 1.256
[05:26:30] 160.0, 126.0, 1.242
[05:26:31] 159.7, 126.0, 1.235
[05:26:32] 159.5, 126.0, 1.243
[05:26:33] 159.7, 126.0, 1.235
[05:26:34] 159.5, 126.0, 1.260
[05:26:35] 159.5, 126.0, 1.235
[05:26:36] 159.2, 126.0, 1.251
[05:26:37] 159.2, 125.9, 1.291
[05:26:38] 159.5, 125.9, 1.253
[05:26:39] 159.5, 126.0, 1.182
[05:26:40] 149.7, 125.9, 1.176
[05:26:41] 149.6, 126.0, 1.156
[05:26:42] 149.2, 125.9, 1.162
[05:26:43] 148.8, 126.0, 1.177
[05:26:44] 156.4, 126.0, 1.109
[05:26:45] 156.9, 126.0, 1.104
[05:26:46] 141.0, 126.0, 1.111
[05:26:47] 141.0, 126.0, 1.100
[05:26:48] 140.9, 125.9, 1.107
[05:26:49] 166.9, 126.0, 1.053
[05:26:50] 149.9, 126.0, 1.107
[05:26:51] 137.0, 126.0, 1.101
[05:26:52] 137.4, 126.0, 1.100
[05:26:53] 137.8, 126.0, 1.101
[05:26:54] 165.8, 126.0, 1.052
[05:26:55] 151.2, 126.0, 1.101
[05:26:56] 136.5, 126.0, 1.110
[05:26:57] 137.0, 125.9, 1.109
[05:26:58] 137.5, 125.9, 1.102
[05:26:59] 150.8, 125.9, 1.046
[05:27:00] 168.7, 125.9, 1.107
[05:27:01] 136.3, 125.9, 1.110
[05:27:02] 136.8, 125.9, 1.114
[05:27:03] 137.3, 125.9, 1.104
[05:27:04] 137.7, 126.0, 1.045
[05:27:05] 197.1, 126.0, 1.108
[05:27:06] 135.8, 126.0, 1.102
[05:27:07] 136.3, 126.0, 1.108
[05:27:08] 136.9, 126.0, 1.103
[05:27:09] 137.3, 125.9, 1.819
[05:27:10] 235.3, 125.9, 1.045
[05:27:11] 132.5, 125.9, 1.106
[05:27:12] 140.8, 125.9, 1.112
[05:27:13] 140.8, 126.0, 1.107
[05:27:14] 140.7, 125.7, 3.245
[05:27:15] 207.3, 125.9, 1.564
[05:27:16] 246.9, 125.9, 1.111
[05:27:17] 136.9, 126.0, 1.107
[05:27:18] 137.3, 126.0, 1.099
[05:27:19] 137.7, 126.0, 1.105
[05:27:20] 138.1, 125.8, 2.383
[05:27:21] 238.6, 125.7, 2.423
[05:27:22] 305.7, 125.9, 1.113
[05:27:23] 185.4, 126.0, 1.100
[05:27:24] 140.3, 125.9, 1.098
[05:27:25] 140.3, 125.9, 1.105
[05:27:26] 140.3, 125.9, 1.110
[05:27:27] 140.4, 125.8, 2.420
[05:27:28] 302.7, 125.8, 2.472
[05:27:29] 308.6, 125.8, 2.477
[05:27:30] 313.7, 126.0, 1.249
[05:27:31] 224.5, 126.0, 1.107
[05:27:32] 141.4, 126.0, 1.105
[05:27:33] 141.3, 126.0, 1.104
[05:27:34] 141.2, 126.0, 1.103
[05:27:35] 141.1, 125.8, 2.440
[05:27:36] 261.6, 125.7, 2.411
[05:27:37] 306.3, 125.8, 2.487
[05:27:38] 314.3, 125.7, 2.485
[05:27:39] 314.2, 125.7, 2.487
[05:27:40] 314.2, 125.8, 2.486
[05:27:41] 314.2, 125.7, 2.486
[05:27:42] 298.7, 125.9, 1.100
[05:27:43] 146.1, 125.9, 1.105
[05:27:44] 140.7, 125.9, 1.111
[05:27:45] 140.7, 125.9, 1.106
[05:27:46] 140.7, 126.0, 1.110
[05:27:47] 185.0, 125.8, 2.431
[05:27:48] 302.7, 125.8, 2.483
[05:27:49] 310.6, 125.7, 2.488
[05:27:50] 311.0, 125.8, 2.488
[05:27:51] 311.4, 125.7, 2.491
[05:27:52] 311.8, 125.7, 2.490
[05:27:53] 312.2, 125.7, 2.492
[05:27:54] 312.5, 125.8, 2.493
[05:27:55] 312.8, 125.8, 2.499
[05:27:56] 313.1, 125.7, 2.491
[05:27:57] 313.3, 125.8, 2.501
[05:27:58] 313.5, 125.8, 2.495
[05:27:59] 313.8, 125.8, 2.418
[05:28:00] 283.8, 125.8, 1.110
[05:28:01] 140.7, 125.9, 1.115
[05:28:02] 140.7, 125.9, 1.109
[05:28:03] 140.8, 125.9, 1.105
