<<<[18:32:23] 141.0, 125.7, 1.144
[18:32:24] 141.4, 125.7, 1.137
[18:32:25] 141.7, 125.6, 1.140
[18:32:26] 142.1, 125.6, 1.227
[18:32:27] 151.9, 125.7, 1.244
[18:32:28] 158.0, 125.7, 1.184
[18:32:29] 152.6, 125.7, 1.180
[18:32:30] 152.2, 125.7, 1.177
[18:32:31] 151.8, 125.6, 1.183
[18:32:32] 151.5, 125.7, 1.176
[18:32:33] 151.2, 125.6, 1.523
[18:32:34] 170.5, 125.7, 1.105
[18:32:35] 141.2, 125.7, 1.109
[18:32:36] 141.1, 125.7, 1.118
[18:32:37] 141.1, 125.7, 1.119
[18:32:38] 141.2, 125.6, 1.537
[18:32:39] 167.8, 125.7, 1.107
[18:32:40] 140.8, 125.7, 1.106
[18:32:41] 140.7, 125.6, 1.114
[18:32:42] 140.7, 125.6, 1.115
[18:32:43] 140.7, 125.6, 1.557
[18:32:44] 166.9, 125.7, 1.104
[18:32:45] 140.1, 125.6, 1.116
[18:32:46] 140.1, 125.6, 1.105
[18:32:47] 140.1, 125.6, 1.114
[18:32:48] 140.1, 125.6, 1.566
[18:32:49] 166.9, 125.6, 1.113
[18:32:50] 141.2, 125.7, 1.102
[18:32:51] 141.0, 125.6, 1.102
[18:32:52] 140.9, 125.6, 1.106
[18:32:53] 140.8, 125.6, 1.577
[18:32:54] 167.1, 125.7, 1.106
[18:32:55] 140.3, 125.6, 1.103
[18:32:56] 140.2, 125.6, 1.108
[18:32:57] 140.2, 125.6, 1.111
[18:32:58] 140.2, 125.6, 1.578
[18:32:59] 167.3, 125.6, 1.110
[18:33:00] 140.8, 125.6, 1.105
[18:33:01] 140.7, 125.7, 1.105
[18:33:02] 140.6, 125.6, 1.099
[18:33:03] 140.5, 125.6, 1.580
[18:33:04] 166.5, 125.6, 1.100
[18:33:05] 139.8, 125.6, 1.108
[18:33:06] 139.8, 125.6, 1.108
[18:33:07] 139.8, 125.6, 1.108
[18:33:08] 139.8, 125.6, 1.540
[18:33:09] 176.9, 125.6, 1.047
[18:33:10] 132.2, 125.6, 1.105
[18:33:11] 139.6, 125.6, 1.103
[18:33:12] 139.6, 125.6, 1.097
[18:33:13] 139.6, 125.6, 1.650
[18:33:14] 176.1, 125.7, 1.032
[18:33:15] 131.8, 125.6, 1.098
[18:33:16] 138.9, 125.7, 1.101
[18:33:17] 139.0, 125.6, 1.105
[18:33:18] 139.1, 125.6, 2.343
[18:33:19] 186.5, 125.6, 1.044
[18:33:20] 134.3, 125.6, 1.098
[18:33:21] 134.8, 125.6, 1.110
[18:33:22] 140.1, 125.6, 1.098
[18:33:23] 140.0, 125.4, 2.935
[18:33:24] 178.3, 125.7, 1.057
[18:33:25] 164.4, 125.7, 1.101
[18:33:26] 137.0, 125.6, 1.100
[18:33:27] 137.3, 125.6, 1.104
[18:33:28] 137.6, 125.7, 1.101
[18:33:29] 137.8, 125.6, 1.905
[18:33:30] 236.1, 125.7, 1.063
[18:33:31] 147.9, 125.7, 1.103
[18:33:32] 139.8, 125.7, 1.100
[18:33:33] 139.7, 125.7, 1.103
[18:33:34] 139.7, 125.6, 1.099
[18:33:35] 164.6, 125.6, 1.902
[18:33:36] 238.8, 125.6, 1.101
[18:33:37] 194.8, 125.6, 1.100
[18:33:38] 140.1, 125.6, 1.103
[18:33:39] 140.0, 125.7, 1.105
[18:33:40] 140.0, 125.7, 1.106
[18:33:41] 140.0, 125.6, 1.893
[18:33:42] 215.1, 125.6, 1.898
[18:33:43] 239.5, 125.6, 1.958
[18:33:44] 247.3, 125.7, 1.107
[18:33:45] 197.7, 125.7, 1.103
[18:33:46] 139.9, 125.7, 1.101
[18:33:47] 139.9, 125.6, 1.104
[18:33:48] 139.8, 125.7, 1.109
[18:33:49] 139.8, 125.6, 1.909
[18:33:50] 216.7, 125.6, 1.887
[18:33:51] 239.7, 125.5, 1.960
[18:33:52] 247.3, 125.6, 1.959
[18:33:53] 247.3, 125.6, 1.960
[18:33:54] 247.3, 125.6, 1.960
[18:33:55] 247.3, 125.7, 1.123
[18:33:56] 196.8, 125.7, 1.102
[18:33:57] 139.9, 125.7, 1.097
[18:33:58] 139.8, 125.7, 1.104
[18:33:59] 139.8, 125.6, 1.101
[18:34:00] 139.8, 125.5, 1.932
[18:34:01] 221.8, 125.5, 1.896
[18:34:02] 239.5, 125.6, 1.961
[18:34:03] 247.6, 125.5, 1.965
[18:34:04] 247.5, 125.5, 1.965
[18:34:05] 247.6, 125.5, 1.962
[18:34:06] 247.6, 125.5, 1.965
[18:34:07] 247.6, 125.5, 1.966
[18:34:08] 247.7, 125.5, 1.969
[18:34:09] 247.8, 125.5, 1.969
[18:34:10] 247.8, 125.5, 1.968
[18:34:11] 247.9, 125.5, 1.968
[18:34:12] 248.0, 125.6, 1.104
[18:34:13] 166.9, 125.6, 1.111
[18:34:14] 140.3, 125.7, 1.105
[18:34:15] 140.2, 125.7, 1.105
