<<<[23:46:55] 140.1, 125.6, 1.114
[23:46:56] 140.2, 125.6, 1.126
[23:46:57] 140.4, 125.6, 1.129
[23:46:58] 140.8, 125.6, 1.274
[23:46:59] 157.3, 125.6, 1.222
[23:47:00] 157.4, 125.6, 1.263
[23:47:01] 157.7, 125.6, 1.146
[23:47:02] 149.7, 125.6, 1.136
[23:47:03] 144.1, 125.6, 1.144
[23:47:04] 144.1, 125.6, 1.139
[23:47:05] 144.2, 125.6, 1.128
[23:47:06] 144.1, 125.6, 1.480
[23:47:07] 169.8, 125.6, 1.116
[23:47:08] 141.8, 125.6, 1.127
[23:47:09] 141.8, 125.6, 1.131
[23:47:10] 142.0, 125.6, 1.135
[23:47:11] 142.1, 125.6, 1.486
[23:47:12] 167.6, 125.6, 1.121
[23:47:13] 142.3, 125.7, 1.114
[23:47:14] 142.2, 125.7, 1.122
[23:47:15] 142.3, 125.7, 1.117
[23:47:16] 142.1, 125.6, 1.496
[23:47:17] 166.5, 125.7, 1.127
[23:47:18] 143.2, 125.7, 1.132
[23:47:19] 143.0, 125.7, 1.110
[23:47:20] 142.8, 125.7, 1.116
[23:47:21] 142.6, 125.7, 1.508
[23:47:22] 166.0, 125.7, 1.139
[23:47:23] 142.1, 125.7, 1.108
[23:47:24] 141.9, 125.7, 1.121
[23:47:25] 141.8, 125.7, 1.111
[23:47:26] 141.7, 125.6, 1.542
[23:47:27] 167.1, 125.6, 1.132
[23:47:28] 143.7, 125.7, 1.117
[23:47:29] 143.4, 125.7, 1.115
[23:47:30] 143.2, 125.7, 1.112
[23:47:31] 143.0, 125.6, 1.544
[23:47:32] 166.5, 125.7, 1.110
[23:47:33] 141.8, 125.7, 1.111
[23:47:34] 141.6, 125.7, 1.116
[23:47:35] 141.6, 125.6, 1.131
[23:47:36] 141.6, 125.6, 1.563
[23:47:37] 167.3, 125.6, 1.124
[23:47:38] 143.0, 125.7, 1.121
[23:47:39] 142.9, 125.7, 1.117
[23:47:40] 142.7, 125.7, 1.110
[23:47:41] 142.5, 125.7, 1.531
[23:47:42] 177.6, 125.7, 1.049
[23:47:43] 133.4, 125.7, 1.115
[23:47:44] 141.6, 125.7, 1.117
[23:47:45] 141.6, 125.7, 1.120
[23:47:46] 141.7, 125.6, 1.586
[23:47:47] 177.0, 125.7, 1.048
[23:47:48] 133.4, 125.7, 1.107
[23:47:49] 139.8, 125.7, 1.117
[23:47:50] 139.9, 125.7, 1.119
[23:47:51] 140.1, 125.6, 1.922
[23:47:52] 188.5, 125.7, 1.052
[23:47:53] 132.9, 125.6, 1.110
[23:47:54] 139.6, 125.6, 1.120
[23:47:55] 139.8, 125.6, 1.109
[23:47:56] 140.0, 125.5, 2.929
[23:47:57] 187.0, 125.7, 1.039
[23:47:58] 145.6, 125.7, 1.104
[23:47:59] 138.3, 125.7, 1.110
[23:48:00] 138.7, 125.7, 1.112
[23:48:01] 139.0, 125.7, 1.100
[23:48:02] 167.3, 125.7, 1.024
[23:48:03] 188.3, 125.7, 1.104
[23:48:04] 137.4, 125.8, 1.107
[23:48:05] 137.8, 125.7, 1.104
[23:48:06] 138.1, 125.7, 1.107
[23:48:07] 138.4, 125.6, 1.945
[23:48:08] 218.7, 125.8, 1.015
[23:48:09] 188.3, 125.7, 1.108
[23:48:10] 141.4, 125.7, 1.110
[23:48:11] 141.3, 125.7, 1.108
[23:48:12] 141.3, 125.7, 1.116
[23:48:13] 141.3, 125.6, 1.964
[23:48:14] 225.4, 125.6, 1.934
[23:48:15] 243.5, 125.7, 1.090
[23:48:16] 193.3, 125.6, 1.114
[23:48:17] 142.1, 125.7, 1.110
[23:48:18] 141.9, 125.7, 1.109
[23:48:19] 141.8, 125.7, 1.111
[23:48:20] 141.6, 125.7, 1.930
[23:48:21] 235.7, 125.6, 1.934
[23:48:22] 245.3, 125.6, 1.994
[23:48:23] 251.1, 125.6, 1.997
[23:48:24] 251.2, 125.7, 1.105
[23:48:25] 155.7, 125.7, 1.116
[23:48:26] 141.2, 125.7, 1.105
[23:48:27] 141.0, 125.7, 1.106
[23:48:28] 141.0, 125.7, 1.104
[23:48:29] 140.8, 125.5, 1.933
[23:48:30] 258.9, 125.6, 2.003
[23:48:31] 246.9, 125.6, 1.994
[23:48:32] 247.4, 125.6, 1.996
[23:48:33] 247.9, 125.5, 1.990
[23:48:34] 248.4, 125.6, 1.995
[23:48:35] 248.8, 125.6, 1.995
[23:48:36] 249.1, 125.6, 1.634
[23:48:37] 223.0, 125.7, 1.131
[23:48:38] 142.7, 125.6, 1.135
[23:48:39] 142.7, 125.7, 1.114
[23:48:40] 142.7, 125.7, 1.116
[23:48:41] 142.5, 125.6, 2.194
[23:48:42] 200.4, 125.6, 1.932
[23:48:43] 244.2, 125.6, 1.996
[23:48:44] 250.2, 125.6, 1.987
[23:48:45] 250.3, 125.6, 1.998
[23:48:46] 250.5, 125.6, 1.984
[23:48:47] 250.7, 125.6, 1.999
[23:48:48] 250.9, 125.6, 1.996
[23:48:49] 250.9, 125.5, 1.998
[23:48:50] 251.1, 125.5, 1.998
[23:48:51] 251.2, 125.6, 1.997
[23:48:52] 251.3, 125.6, 1.996
[23:48:53] 251.4, 125.6, 1.999
[23:48:54] 251.5, 125.7, 1.999
[23:48:55] 251.7, 125.7, 2.000
[23:48:56] 251.8, 125.8, 1.339
[23:48:57] 216.9, 125.7, 1.121
[23:48:58] 143.0, 125.8, 1.122
[23:48:59] 142.8, 125.8, 1.117
[23:49:00] 142.7, 125.7, 1.130
