<<<[07:08:52] 140.7, 125.9, 1.115
[07:08:53] 140.8, 125.9, 1.132
[07:08:54] 141.0, 125.9, 1.132
[07:08:55] 141.3, 125.8, 1.181
[07:08:56] 147.9, 125.9, 1.273
[07:08:57] 159.7, 125.8, 1.276
[07:08:58] 159.7, 125.9, 1.247
[07:08:59] 159.5, 125.9, 1.241
[07:09:00] 159.3, 125.9, 1.229
[07:09:01] 159.2, 125.8, 1.262
[07:09:02] 159.0, 125.8, 1.245
[07:09:03] 158.8, 125.8, 1.210
[07:09:04] 158.6, 125.8, 1.185
[07:09:05] 149.9, 125.8, 1.174
[07:09:06] 149.8, 125.9, 1.184
[07:09:07] 149.8, 125.9, 1.180
[07:09:08] 149.8, 125.8, 1.557
[07:09:09] 168.0, 125.8, 1.111
[07:09:10] 147.5, 125.8, 1.108
[07:09:11] 140.5, 125.8, 1.104
[07:09:12] 140.4, 125.7, 1.106
[07:09:13] 140.4, 125.8, 1.546
[07:09:14] 161.3, 125.9, 1.108
[07:09:15] 147.2, 125.9, 1.107
[07:09:16] 140.1, 125.9, 1.104
[07:09:17] 140.1, 125.9, 1.103
[07:09:18] 140.1, 125.7, 3.222
[07:09:19] 175.1, 125.9, 1.039
[07:09:20] 138.9, 125.9, 1.106
[07:09:21] 138.8, 125.9, 1.105
[07:09:22] 138.9, 125.9, 1.109
[07:09:23] 139.1, 125.7, 3.392
[07:09:24] 176.3, 126.0, 1.041
[07:09:25] 138.3, 125.9, 1.107
[07:09:26] 138.1, 125.9, 1.103
[07:09:27] 138.4, 125.9, 1.102
[07:09:28] 138.7, 125.7, 3.053
[07:09:29] 179.0, 125.9, 1.037
[07:09:30] 136.9, 125.9, 1.102
[07:09:31] 137.0, 125.8, 1.106
[07:09:32] 137.4, 125.9, 1.103
[07:09:33] 137.7, 125.8, 1.103
[07:09:34] 173.4, 125.8, 1.052
[07:09:35] 158.6, 125.8, 1.101
[07:09:36] 137.2, 125.9, 1.106
[07:09:37] 137.6, 125.9, 1.108
[07:09:38] 137.9, 125.9, 1.105
[07:09:39] 138.2, 125.9, 1.221
[07:09:40] 225.7, 125.9, 1.101
[07:09:41] 135.4, 125.9, 1.110
[07:09:42] 135.9, 125.9, 1.105
[07:09:43] 136.5, 125.8, 1.106
[07:09:44] 137.0, 125.7, 2.289
[07:09:45] 236.4, 125.9, 1.031
[07:09:46] 188.8, 125.8, 1.110
[07:09:47] 140.3, 125.8, 1.107
[07:09:48] 140.3, 125.8, 1.104
[07:09:49] 140.2, 125.8, 1.098
[07:09:50] 140.2, 125.6, 2.342
[07:09:51] 271.2, 125.7, 2.208
[07:09:52] 271.5, 125.9, 1.103
[07:09:53] 147.5, 125.9, 1.106
[07:09:54] 140.3, 125.8, 1.101
[07:09:55] 140.3, 125.8, 1.100
[07:09:56] 140.2, 125.6, 3.368
[07:09:57] 190.1, 125.7, 2.313
[07:09:58] 291.3, 125.7, 2.380
[07:09:59] 298.0, 125.7, 2.378
[07:10:00] 291.3, 125.9, 1.108
[07:10:01] 145.6, 125.8, 1.106
[07:10:02] 140.3, 125.9, 1.113
[07:10:03] 140.3, 125.9, 1.107
[07:10:04] 140.3, 125.9, 1.109
[07:10:05] 177.2, 125.8, 2.318
[07:10:06] 290.0, 125.7, 2.381
[07:10:07] 296.3, 125.7, 2.375
[07:10:08] 296.8, 125.7, 2.383
[07:10:09] 297.3, 125.6, 2.384
[07:10:10] 297.8, 125.7, 2.388
[07:10:11] 298.2, 125.9, 1.107
[07:10:12] 167.6, 125.9, 1.105
[07:10:13] 140.5, 125.9, 1.111
[07:10:14] 140.4, 125.9, 1.110
[07:10:15] 140.5, 125.8, 1.105
[07:10:16] 140.4, 125.6, 2.316
[07:10:17] 296.5, 125.7, 2.385
[07:10:18] 296.4, 125.7, 2.390
[07:10:19] 296.9, 125.8, 2.383
[07:10:20] 297.4, 125.7, 2.390
[07:10:21] 298.0, 125.7, 2.387
[07:10:22] 298.4, 125.8, 2.390
[07:10:23] 298.8, 125.7, 2.387
[07:10:24] 299.2, 125.8, 2.388
[07:10:25] 299.5, 125.8, 2.387
[07:10:26] 299.7, 125.8, 2.387
[07:10:27] 300.0, 125.8, 2.379
[07:10:28] 300.1, 125.9, 1.131
[07:10:29] 215.4, 125.9, 1.110
[07:10:30] 140.5, 125.9, 1.109
[07:10:31] 140.5, 126.0, 1.104
