<<<[04:37:49] 140.5, 126.4, 1.118
[04:37:50] 140.7, 126.4, 1.124
[04:37:51] 141.1, 126.4, 1.133
[04:37:52] 141.5, 126.2, 1.268
[04:37:53] 155.0, 126.4, 1.266
[04:37:54] 155.6, 126.3, 1.268
[04:37:55] 161.1, 126.3, 1.241
[04:37:56] 160.7, 126.3, 1.226
[04:37:57] 160.4, 126.4, 1.239
[04:37:58] 160.0, 126.4, 1.157
[04:37:59] 149.7, 126.3, 1.155
[04:38:00] 149.1, 126.4, 1.122
[04:38:01] 142.3, 126.4, 1.120
[04:38:02] 142.4, 126.3, 1.145
[04:38:03] 142.9, 126.4, 1.066
[04:38:04] 168.7, 126.4, 1.102
[04:38:05] 139.6, 126.3, 1.105
[04:38:06] 139.7, 126.3, 1.105
[04:38:07] 139.7, 126.3, 1.106
[04:38:08] 139.8, 126.3, 1.065
[04:38:09] 167.3, 126.3, 1.105
[04:38:10] 139.9, 126.3, 1.105
[04:38:11] 139.9, 126.3, 1.104
[04:38:12] 139.9, 126.4, 1.098
[04:38:13] 139.8, 126.4, 1.064
[04:38:14] 167.1, 126.3, 1.096
[04:38:15] 139.8, 126.3, 1.097
[04:38:16] 139.8, 126.3, 1.096
[04:38:17] 139.8, 126.2, 1.101
[04:38:18] 139.8, 126.3, 1.063
[04:38:19] 167.1, 126.3, 1.102
[04:38:20] 139.6, 126.3, 1.101
[04:38:21] 139.6, 126.3, 1.099
[04:38:22] 139.6, 126.3, 1.097
[04:38:23] 139.7, 126.4, 1.062
[04:38:24] 166.4, 126.4, 1.103
[04:38:25] 139.8, 126.4, 1.100
[04:38:26] 139.8, 126.4, 1.098
[04:38:27] 139.7, 126.4, 1.097
[04:38:28] 139.8, 126.4, 1.002
[04:38:29] 174.2, 126.4, 1.041
[04:38:30] 133.4, 126.4, 1.097
[04:38:31] 139.9, 126.3, 1.097
[04:38:32] 139.8, 126.4, 1.098
[04:38:33] 139.8, 126.3, 1.011
[04:38:34] 173.4, 126.3, 1.031
[04:38:35] 132.7, 126.3, 1.098
[04:38:36] 139.4, 126.3, 1.098
[04:38:37] 139.4, 126.3, 1.097
[04:38:38] 139.4, 126.3, 1.511
[04:38:39] 184.7, 126.3, 1.031
[04:38:40] 132.2, 126.3, 1.098
[04:38:41] 139.9, 126.3, 1.099
[04:38:42] 139.8, 126.3, 1.098
[04:38:43] 139.8, 126.2, 1.890
[04:38:44] 195.0, 126.3, 1.030
[04:38:45] 143.9, 126.3, 1.097
[04:38:46] 143.2, 126.4, 1.099
[04:38:47] 142.8, 126.3, 1.095
[04:38:48] 142.4, 126.3, 1.096
[04:38:49] 171.4, 126.3, 1.472
[04:38:50] 198.6, 126.4, 1.094
[04:38:51] 136.7, 126.4, 1.098
[04:38:52] 137.0, 126.4, 1.097
[04:38:53] 137.3, 126.4, 1.099
[04:38:54] 137.6, 126.3, 1.885
[04:38:55] 198.6, 126.3, 1.826
[04:38:56] 227.9, 126.4, 1.094
[04:38:57] 150.8, 126.3, 1.099
[04:38:58] 139.9, 126.3, 1.097
[04:38:59] 139.8, 126.4, 1.097
[04:39:00] 139.8, 126.4, 1.098
[04:39:01] 170.5, 126.2, 1.828
[04:39:02] 229.0, 126.3, 1.884
[04:39:03] 236.2, 126.3, 1.548
[04:39:04] 210.2, 126.4, 1.103
[04:39:05] 139.9, 126.4, 1.102
[04:39:06] 139.9, 126.4, 1.099
[04:39:07] 139.8, 126.4, 1.098
[04:39:08] 139.8, 126.3, 1.910
[04:39:09] 197.5, 126.3, 1.825
[04:39:10] 232.1, 126.3, 1.891
[04:39:11] 239.5, 126.3, 1.891
[04:39:12] 239.5, 126.2, 1.892
[04:39:13] 239.6, 126.2, 1.888
[04:39:14] 239.1, 126.4, 1.102
[04:39:15] 152.4, 126.3, 1.105
[04:39:16] 139.9, 126.3, 1.098
[04:39:17] 139.8, 126.4, 1.101
[04:39:18] 139.9, 126.3, 1.098
[04:39:19] 171.1, 126.2, 1.831
[04:39:20] 229.2, 126.3, 1.888
[04:39:21] 236.4, 126.2, 1.890
[04:39:22] 236.8, 126.2, 1.891
[04:39:23] 237.2, 126.2, 1.890
[04:39:24] 237.5, 126.2, 1.886
[04:39:25] 237.8, 126.3, 1.890
[04:39:26] 238.0, 126.2, 1.890
[04:39:27] 238.3, 126.2, 1.890
[04:39:28] 238.5, 126.2, 1.892
[04:39:29] 238.7, 126.3, 1.097
[04:39:30] 194.2, 126.3, 1.102
[04:39:31] 139.9, 126.3, 1.097
[04:39:32] 139.9, 126.3, 1.101
[04:39:33] 139.9, 126.4, 1.096
