<<<[15:20:51] 143.0, 125.2, 1.131
[15:20:52] 143.0, 125.2, 1.150
[15:20:53] 143.2, 125.1, 1.148
[15:20:54] 143.6, 125.1, 1.280
[15:20:55] 161.1, 125.1, 1.283
[15:20:56] 161.1, 125.1, 1.286
[15:20:57] 161.1, 125.1, 1.283
[15:20:58] 161.1, 125.0, 1.287
[15:20:59] 161.1, 125.0, 1.278
[15:21:00] 161.1, 125.0, 1.254
[15:21:01] 161.0, 125.0, 1.273
[15:21:02] 161.0, 125.0, 1.267
[15:21:03] 161.0, 125.0, 1.282
[15:21:04] 161.1, 124.9, 1.282
[15:21:05] 161.1, 124.9, 1.283
[15:21:06] 161.2, 125.0, 1.289
[15:21:07] 161.1, 125.0, 1.283
[15:21:08] 161.2, 125.0, 1.283
[15:21:09] 161.1, 125.0, 1.280
[15:21:10] 161.1, 125.0, 1.283
[15:21:11] 161.1, 125.1, 1.265
[15:21:12] 161.0, 125.1, 1.282
[15:21:13] 161.0, 125.1, 1.274
[15:21:14] 161.1, 125.1, 1.280
[15:21:15] 161.1, 125.1, 1.251
[15:21:16] 160.8, 125.1, 1.244
[15:21:17] 160.5, 125.0, 1.255
[15:21:18] 160.4, 125.0, 1.256
[15:21:19] 160.1, 125.0, 1.249
[15:21:20] 160.0, 125.0, 1.319
[15:21:22] 159.8, 125.1, 1.248
[15:21:23] 159.7, 125.1, 1.257
[15:21:30] 159.3, 125.1, 1.245
wattsup: [error] Reading final time stamp: Bad address
[15:21:37] 159.0, 125.1, 1.246
wattsup: [error] Reading final time stamp: Bad address
[15:21:44] 150.8, 125.2, 1.157
wattsup: [error] Reading final time stamp: Bad address
[15:21:51] 140.1, 125.1, 1.107
[15:21:53] 178.9, 125.1, 1.105
[15:21:54] 134.7, 125.1, 1.111
[15:21:55] 140.1, 125.1, 1.111
[15:21:56] 140.1, 125.1, 1.113
[15:21:57] 140.1, 125.1, 1.043
[15:21:58] 181.9, 125.1, 1.073
[15:21:59] 134.1, 125.1, 1.111
[15:22:00] 139.9, 125.1, 1.112
[15:22:01] 139.9, 125.1, 1.116
[15:22:02] 140.0, 125.0, 1.580
[15:22:03] 216.0, 125.0, 1.048
[15:22:04] 130.7, 125.0, 1.106
[15:22:05] 140.1, 125.1, 1.113
[15:22:06] 140.1, 125.1, 1.116
[15:22:07] 140.1, 124.9, 2.432
[15:22:08] 229.2, 125.1, 1.059
[15:22:09] 152.1, 125.1, 1.115
[15:22:10] 139.6, 125.1, 1.113
[15:22:11] 139.6, 125.1, 1.114
[15:22:12] 140.0, 125.1, 1.112
[15:22:13] 155.5, 124.9, 2.384
[15:22:14] 290.0, 125.1, 1.115
[15:22:15] 144.1, 125.1, 1.113
[15:22:16] 143.6, 125.1, 1.114
[15:22:17] 143.1, 125.2, 1.111
[15:22:18] 142.8, 125.1, 1.132
[15:22:19] 185.7, 125.0, 2.397
[15:22:20] 297.6, 125.1, 1.618
[15:22:21] 258.5, 125.1, 1.118
[15:22:22] 138.3, 125.1, 1.113
[15:22:23] 138.5, 125.1, 1.112
[15:22:24] 138.8, 125.1, 1.113
[15:22:25] 138.9, 124.9, 2.512
[15:22:26] 226.1, 124.9, 2.387
[15:22:27] 300.7, 124.9, 2.463
[15:22:28] 307.6, 124.9, 2.465
[15:22:29] 307.7, 125.0, 1.130
[15:22:30] 164.2, 125.1, 1.111
[15:22:31] 140.7, 125.2, 1.110
[15:22:32] 140.6, 125.2, 1.113
[15:22:33] 140.6, 125.1, 1.115
[15:22:34] 140.5, 125.0, 2.394
[15:22:35] 315.0, 125.0, 2.465
[15:22:36] 304.3, 125.0, 2.414
[15:22:37] 304.7, 125.0, 2.466
[15:22:38] 305.3, 125.0, 2.465
[15:22:39] 305.8, 125.0, 2.468
[15:22:40] 306.3, 125.0, 2.466
[15:22:41] 305.7, 125.1, 1.113
[15:22:42] 148.8, 125.2, 1.115
[15:22:43] 141.0, 125.1, 1.113
[15:22:44] 140.9, 125.1, 1.114
[15:22:45] 140.8, 125.1, 1.120
[15:22:46] 173.8, 125.0, 2.396
[15:22:47] 298.5, 125.0, 2.464
[15:22:48] 305.4, 125.0, 2.466
[15:22:49] 305.9, 125.0, 2.464
[15:22:50] 306.3, 125.0, 2.467
[15:22:51] 306.7, 124.9, 2.462
[15:22:52] 307.0, 124.9, 2.466
[15:22:53] 307.3, 124.9, 2.458
[15:22:54] 307.5, 124.9, 2.466
[15:22:55] 307.7, 124.9, 2.464
[15:22:56] 308.0, 124.9, 2.462
[15:22:57] 308.1, 124.9, 2.467
[15:22:58] 308.3, 124.9, 2.469
[15:22:59] 308.5, 125.1, 1.515
[15:23:00] 256.2, 125.1, 1.108
[15:23:01] 140.8, 125.1, 1.118
[15:23:02] 140.8, 125.1, 1.115
[15:23:03] 140.7, 125.1, 1.120
