<<<[14:53:26] 140.3, 124.9, 1.123
[14:53:27] 140.5, 124.9, 1.141
[14:53:34] 149.0, 124.8, 1.191
[14:53:35] 149.1, 124.8, 1.181
[14:53:36] 149.1, 124.8, 1.190
[14:53:38] 166.5, 124.8, 1.125
[14:53:39] 141.6, 124.9, 1.124
[14:53:40] 141.5, 124.8, 1.126
[14:53:41] 141.4, 124.9, 1.121
[14:53:42] 141.6, 124.9, 1.126
[14:53:43] 165.6, 124.9, 1.114
[14:53:44] 140.3, 124.9, 1.114
[14:53:45] 140.2, 124.9, 1.116
[14:53:46] 140.2, 124.7, 1.114
[14:53:47] 140.5, 124.9, 1.128
[14:53:48] 165.3, 124.9, 1.113
[14:53:49] 140.1, 124.9, 1.113
[14:53:50] 140.0, 124.9, 1.111
[14:53:51] 140.1, 124.9, 1.110
[14:53:52] 140.3, 124.9, 1.123
[14:53:53] 165.3, 124.9, 1.106
[14:53:54] 139.8, 124.9, 1.109
[14:53:55] 139.7, 124.9, 1.108
[14:53:56] 139.8, 124.9, 1.107
[14:53:57] 140.0, 124.9, 1.122
[14:53:58] 165.1, 124.9, 1.111
[14:53:59] 140.1, 124.9, 1.110
[14:54:00] 140.0, 125.0, 1.110
[14:54:01] 140.0, 125.0, 1.110
[14:54:02] 140.2, 124.9, 1.121
[14:54:03] 165.8, 125.0, 1.114
[14:54:04] 139.8, 125.0, 1.106
[14:54:05] 139.8, 125.0, 1.110
[14:54:06] 139.8, 124.9, 1.111
[14:54:07] 146.5, 124.9, 1.067
[14:54:08] 167.3, 125.0, 1.113
[14:54:09] 135.4, 124.9, 1.114
[14:54:10] 135.9, 124.9, 1.108
[14:54:11] 136.4, 124.9, 1.113
[14:54:12] 136.8, 124.9, 1.067
[14:54:13] 173.2, 124.9, 1.114
[14:54:14] 135.1, 124.9, 1.108
[14:54:15] 135.6, 124.9, 1.109
[14:54:16] 136.1, 124.9, 1.109
[14:54:17] 136.6, 124.9, 0.994
[14:54:18] 185.9, 124.9, 1.106
[14:54:19] 134.5, 124.9, 1.109
[14:54:20] 139.8, 124.9, 1.107
[14:54:21] 139.7, 124.9, 1.113
[14:54:22] 139.7, 124.9, 1.403
[14:54:23] 196.6, 124.9, 1.053
[14:54:24] 134.0, 125.0, 1.110
[14:54:25] 139.6, 124.9, 1.105
[14:54:26] 139.5, 124.9, 1.108
[14:54:27] 139.6, 124.8, 1.908
[14:54:28] 209.3, 124.9, 1.062
[14:54:29] 155.3, 124.8, 1.105
[14:54:30] 138.9, 124.9, 1.112
[14:54:31] 139.0, 124.8, 1.114
[14:54:32] 139.1, 124.8, 1.110
[14:54:33] 139.2, 124.8, 1.935
[14:54:34] 257.8, 124.9, 1.129
[14:54:35] 161.5, 124.9, 1.108
[14:54:36] 139.8, 124.9, 1.107
[14:54:37] 139.8, 124.9, 1.107
[14:54:38] 139.8, 124.8, 1.110
[14:54:39] 139.8, 124.8, 1.930
[14:54:40] 251.1, 124.7, 1.999
[14:54:41] 245.7, 124.9, 1.076
[14:54:42] 185.6, 124.9, 1.115
[14:54:43] 139.9, 124.8, 1.111
[14:54:44] 139.9, 124.9, 1.109
[14:54:45] 139.9, 124.9, 1.108
[14:54:46] 139.8, 124.8, 1.953
[14:54:47] 238.2, 124.8, 1.944
[14:54:48] 244.6, 124.8, 1.998
[14:54:49] 250.9, 124.8, 1.996
[14:54:50] 250.9, 124.8, 1.460
[14:54:51] 209.8, 124.9, 1.109
[14:54:52] 140.7, 124.8, 1.113
[14:54:53] 140.6, 124.9, 1.115
[14:54:54] 140.5, 124.9, 1.108
[14:54:55] 140.4, 124.8, 1.917
[14:54:56] 211.3, 124.8, 1.936
[14:54:57] 242.8, 124.8, 1.997
[14:54:58] 250.7, 124.7, 1.997
[14:54:59] 250.6, 124.7, 1.995
[14:55:00] 250.6, 124.8, 1.994
[14:55:01] 250.6, 124.8, 2.000
[14:55:02] 250.6, 124.7, 1.998
[14:55:03] 250.6, 124.8, 2.001
[14:55:04] 250.7, 124.9, 1.129
[14:55:05] 163.5, 124.8, 1.116
[14:55:06] 140.1, 124.9, 1.116
[14:55:07] 140.1, 124.9, 1.111
[14:55:08] 140.1, 124.9, 1.113
[14:55:09] 140.4, 124.7, 1.938
[14:55:10] 257.2, 124.8, 2.002
[14:55:11] 246.4, 124.7, 1.997
[14:55:12] 246.9, 124.8, 2.002
[14:55:13] 247.4, 124.8, 2.001
[14:55:14] 247.9, 124.8, 2.004
[14:55:15] 248.3, 124.8, 2.005
[14:55:16] 248.7, 124.8, 2.005
[14:55:17] 249.1, 124.8, 2.005
[14:55:18] 249.4, 124.8, 2.006
[14:55:19] 249.6, 124.8, 2.007
[14:55:20] 249.9, 124.8, 2.009
[14:55:21] 250.1, 124.7, 2.008
[14:55:22] 250.3, 124.8, 2.006
[14:55:23] 250.5, 124.7, 2.010
[14:55:24] 250.7, 124.8, 2.009
[14:55:25] 250.9, 124.8, 2.009
[14:55:26] 251.1, 124.9, 1.119
[14:55:27] 141.4, 124.9, 1.112
[14:55:28] 141.2, 124.9, 1.108
[14:55:29] 141.1, 125.0, 1.112
