<<<[06:09:07] 146.0, 125.9, 1.116
[06:09:08] 145.6, 125.9, 1.145
[06:09:09] 145.4, 125.8, 1.138
[06:09:10] 145.2, 125.8, 1.255
[06:09:11] 151.3, 125.8, 1.250
[06:09:12] 159.5, 125.8, 1.180
[06:09:13] 151.7, 125.8, 1.180
[06:09:14] 151.4, 125.8, 1.171
[06:09:15] 151.1, 125.8, 1.174
[06:09:16] 150.9, 125.8, 1.181
[06:09:17] 150.8, 125.8, 1.251
[06:09:18] 169.4, 125.8, 1.114
[06:09:19] 142.1, 125.8, 1.115
[06:09:20] 142.0, 125.8, 1.114
[06:09:21] 142.0, 125.8, 1.131
[06:09:22] 142.1, 125.8, 1.260
[06:09:23] 167.8, 125.9, 1.104
[06:09:24] 141.4, 125.8, 1.109
[06:09:25] 141.3, 125.8, 1.114
[06:09:26] 141.2, 125.8, 1.111
[06:09:27] 141.2, 125.8, 1.258
[06:09:28] 167.5, 125.8, 1.102
[06:09:29] 140.8, 125.8, 1.112
[06:09:30] 140.8, 125.8, 1.110
[06:09:31] 140.8, 125.8, 1.107
[06:09:32] 140.9, 125.8, 1.261
[06:09:33] 166.9, 125.8, 1.107
[06:09:34] 140.7, 125.8, 1.111
[06:09:35] 140.6, 125.8, 1.107
[06:09:36] 140.6, 125.8, 1.109
[06:09:37] 140.6, 125.8, 1.271
[06:09:38] 167.1, 125.8, 1.109
[06:09:39] 140.8, 125.8, 1.112
[06:09:40] 140.8, 125.9, 1.105
[06:09:41] 140.8, 125.9, 1.108
[06:09:42] 140.8, 125.8, 1.270
[06:09:43] 166.5, 125.9, 1.113
[06:09:44] 141.2, 125.8, 1.104
[06:09:45] 141.1, 125.8, 1.106
[06:09:46] 140.9, 125.8, 1.103
[06:09:47] 140.9, 125.9, 1.257
[06:09:48] 174.9, 125.8, 1.039
[06:09:49] 133.4, 125.8, 1.114
[06:09:50] 140.7, 125.8, 1.104
[06:09:51] 140.6, 125.9, 1.104
[06:09:52] 140.6, 125.9, 1.229
[06:09:53] 173.8, 125.9, 1.042
[06:09:54] 133.1, 125.9, 1.103
[06:09:55] 140.1, 125.9, 1.105
[06:09:56] 140.0, 125.9, 1.098
[06:09:57] 140.0, 125.7, 1.605
[06:09:58] 189.0, 125.8, 1.038
[06:09:59] 130.3, 125.8, 1.107
[06:10:00] 139.8, 125.9, 1.100
[06:10:01] 139.8, 125.8, 1.097
[06:10:02] 139.8, 125.7, 2.504
[06:10:03] 188.5, 125.8, 1.044
[06:10:04] 152.4, 125.8, 1.099
[06:10:05] 138.3, 125.8, 1.105
[06:10:06] 138.5, 125.8, 1.105
[06:10:07] 138.7, 125.8, 1.101
[06:10:08] 154.6, 125.7, 1.557
[06:10:09] 221.9, 125.8, 1.112
[06:10:10] 134.1, 125.8, 1.103
[06:10:11] 140.3, 125.8, 1.101
[06:10:12] 140.3, 125.7, 1.102
[06:10:13] 140.2, 125.7, 2.257
[06:10:14] 192.1, 125.7, 1.843
[06:10:15] 230.6, 125.8, 1.096
[06:10:16] 145.4, 125.8, 1.093
[06:10:17] 139.6, 125.8, 1.100
[06:10:18] 139.6, 125.8, 1.110
[06:10:19] 139.6, 125.8, 1.101
[06:10:20] 169.6, 125.7, 1.845
[06:10:21] 230.6, 125.7, 1.907
[06:10:22] 237.0, 125.8, 1.329
[06:10:23] 202.9, 125.8, 1.101
[06:10:24] 140.5, 125.8, 1.100
[06:10:25] 140.4, 125.8, 1.106
[06:10:26] 140.3, 125.8, 1.102
[06:10:27] 140.3, 125.7, 1.828
[06:10:28] 206.6, 125.8, 1.842
[06:10:29] 233.2, 125.7, 1.909
[06:10:30] 241.1, 125.7, 1.910
[06:10:31] 241.1, 125.7, 1.912
[06:10:32] 241.2, 125.7, 1.629
[06:10:33] 224.7, 125.8, 1.099
[06:10:34] 137.9, 125.8, 1.103
[06:10:35] 138.2, 125.8, 1.100
[06:10:36] 138.4, 125.8, 1.104
[06:10:37] 138.5, 125.7, 2.264
[06:10:38] 192.3, 125.7, 1.844
[06:10:39] 234.1, 125.7, 1.911
[06:10:40] 240.4, 125.7, 1.912
[06:10:41] 240.5, 125.7, 1.913
[06:10:42] 240.7, 125.7, 1.915
[06:10:43] 240.9, 125.7, 1.915
[06:10:44] 241.0, 125.7, 1.915
[06:10:45] 241.2, 125.7, 1.918
[06:10:46] 241.3, 125.9, 1.915
[06:10:47] 241.5, 125.8, 1.914
[06:10:48] 231.0, 125.9, 1.105
[06:10:49] 138.9, 125.9, 1.103
[06:10:50] 139.1, 125.9, 1.104
[06:10:51] 139.2, 126.0, 1.110
