<<<[01:54:45] 141.4, 126.2, 1.102
[01:54:46] 141.3, 126.2, 1.104
[01:54:47] 141.3, 126.2, 1.108
[01:54:48] 141.3, 126.2, 1.110
[01:54:49] 141.5, 126.2, 1.116
[01:54:50] 141.5, 126.2, 1.113
[01:54:51] 141.6, 126.2, 1.117
[01:54:52] 141.6, 126.2, 1.121
[01:54:53] 141.8, 126.2, 1.299
[01:54:54] 170.5, 126.2, 1.138
[01:54:55] 145.0, 126.2, 1.136
[01:54:56] 144.8, 126.2, 1.112
[01:54:57] 144.5, 126.2, 1.109
[01:54:58] 144.2, 126.2, 1.279
[01:54:59] 167.5, 126.2, 1.105
[01:55:00] 141.6, 126.2, 1.112
[01:55:01] 141.6, 126.2, 1.114
[01:55:02] 141.6, 126.2, 1.107
[01:55:03] 141.6, 126.2, 1.291
[01:55:04] 167.5, 126.2, 1.103
[01:55:05] 141.4, 126.2, 1.112
[01:55:06] 141.3, 126.2, 1.107
[01:55:07] 141.3, 126.3, 1.105
[01:55:08] 141.2, 126.2, 1.306
[01:55:09] 167.3, 126.2, 1.104
[01:55:10] 141.2, 126.2, 1.096
[01:55:11] 141.0, 126.2, 1.095
[01:55:12] 140.9, 126.2, 1.099
[01:55:13] 140.8, 126.2, 1.315
[01:55:14] 166.9, 126.3, 1.100
[01:55:15] 140.8, 126.2, 1.096
[01:55:16] 140.7, 126.3, 1.097
[01:55:17] 140.6, 126.2, 1.106
[01:55:18] 140.6, 126.2, 1.333
[01:55:19] 166.5, 126.2, 1.096
[01:55:20] 140.3, 126.2, 1.097
[01:55:21] 140.2, 126.2, 1.096
[01:55:22] 140.1, 126.2, 1.098
[01:55:23] 140.1, 126.3, 1.345
[01:55:24] 166.5, 126.3, 1.098
[01:55:25] 140.7, 126.3, 1.103
[01:55:26] 140.6, 126.3, 1.098
[01:55:27] 140.5, 126.3, 1.099
[01:55:28] 140.4, 126.3, 1.350
[01:55:29] 165.8, 126.3, 1.095
[01:55:30] 140.3, 126.3, 1.097
[01:55:31] 140.1, 126.3, 1.100
[01:55:32] 140.1, 126.3, 1.090
[01:55:33] 140.0, 126.3, 1.370
[01:55:34] 166.0, 126.3, 1.097
[01:55:35] 140.7, 126.3, 1.100
[01:55:36] 140.6, 126.3, 1.096
[01:55:37] 140.5, 126.3, 1.094
[01:55:38] 140.4, 126.3, 1.378
[01:55:39] 165.1, 126.3, 1.094
[01:55:40] 139.8, 126.3, 1.095
[01:55:41] 139.7, 126.3, 1.092
[01:55:42] 139.7, 126.3, 1.099
[01:55:43] 139.7, 126.3, 1.357
[01:55:44] 174.7, 126.3, 1.034
[01:55:45] 132.0, 126.3, 1.105
[01:55:46] 140.1, 126.3, 1.096
[01:55:47] 140.0, 126.3, 1.098
[01:55:48] 139.9, 126.2, 1.592
[01:55:49] 188.8, 126.3, 1.031
[01:55:50] 129.1, 126.3, 1.091
[01:55:51] 139.0, 126.3, 1.092
[01:55:52] 139.0, 126.2, 1.087
[01:55:53] 139.1, 126.1, 2.112
[01:55:54] 184.5, 126.3, 1.033
[01:55:55] 142.8, 126.2, 1.100
[01:55:56] 142.3, 126.2, 1.091
[01:55:57] 141.9, 126.2, 1.098
[01:55:58] 141.6, 126.0, 2.238
[01:55:59] 174.5, 126.2, 0.993
[01:56:00] 174.1, 126.3, 1.088
[01:56:01] 136.1, 126.3, 1.094
[01:56:02] 136.5, 126.3, 1.092
[01:56:03] 136.9, 126.2, 1.094
[01:56:04] 137.3, 126.2, 1.764
[01:56:05] 217.4, 126.3, 1.060
[01:56:06] 160.2, 126.3, 1.101
[01:56:07] 139.9, 126.2, 1.099
[01:56:08] 139.8, 126.2, 1.098
[01:56:09] 139.8, 126.3, 1.088
[01:56:10] 139.7, 126.2, 1.734
[01:56:11] 227.6, 126.1, 1.794
[01:56:12] 220.1, 126.2, 1.093
[01:56:13] 150.1, 126.3, 1.094
[01:56:14] 139.8, 126.3, 1.097
[01:56:15] 139.8, 126.3, 1.095
[01:56:16] 139.8, 126.3, 1.093
[01:56:17] 169.8, 126.2, 1.740
[01:56:18] 217.4, 126.2, 1.799
[01:56:19] 225.2, 126.1, 1.802
[01:56:20] 225.6, 126.3, 1.057
[01:56:21] 185.4, 126.3, 1.091
[01:56:22] 139.4, 126.2, 1.095
[01:56:23] 139.4, 126.2, 1.095
[01:56:24] 139.4, 126.2, 1.098
[01:56:25] 139.5, 126.2, 1.755
[01:56:26] 207.8, 126.1, 1.740
[01:56:27] 220.9, 126.1, 1.804
[01:56:28] 229.0, 126.1, 1.804
[01:56:29] 228.9, 126.1, 1.805
[01:56:30] 228.9, 126.1, 1.804
[01:56:31] 228.9, 126.1, 1.803
[01:56:32] 228.8, 126.2, 1.056
[01:56:33] 185.9, 126.2, 1.097
[01:56:34] 139.6, 126.3, 1.098
[01:56:35] 139.6, 126.3, 1.100
[01:56:36] 139.7, 126.3, 1.092
[01:56:37] 139.7, 126.2, 1.774
[01:56:38] 210.0, 126.2, 1.739
[01:56:39] 221.0, 126.2, 1.802
[01:56:40] 228.8, 126.1, 1.803
[01:56:41] 228.8, 126.1, 1.806
[01:56:42] 228.8, 126.1, 1.803
[01:56:43] 228.8, 126.2, 1.802
[01:56:44] 228.7, 126.2, 1.804
[01:56:45] 228.7, 126.2, 1.804
[01:56:46] 228.8, 126.2, 1.804
[01:56:47] 228.8, 126.2, 1.804
[01:56:48] 228.7, 126.2, 1.805
[01:56:49] 228.8, 126.2, 1.806
[01:56:50] 228.8, 126.2, 1.806
[01:56:51] 228.8, 126.3, 1.091
[01:56:52] 164.4, 126.2, 1.093
[01:56:53] 140.5, 126.2, 1.095
[01:56:54] 140.4, 126.3, 1.105
[01:56:55] 140.4, 126.2, 1.097
