<<<[07:33:48] 140.8, 126.0, 1.122
[07:33:49] 141.0, 126.0, 1.140
[07:33:50] 141.2, 125.9, 1.136
[07:33:51] 141.5, 126.0, 1.182
[07:33:52] 147.9, 125.9, 1.270
[07:33:53] 159.9, 126.0, 1.273
[07:33:54] 160.0, 125.9, 1.240
[07:33:55] 160.1, 125.9, 1.257
[07:33:56] 160.1, 125.9, 1.243
[07:33:57] 159.9, 126.0, 1.241
[07:33:58] 159.7, 125.9, 1.244
[07:33:59] 159.7, 126.0, 1.237
[07:34:00] 159.5, 126.0, 1.311
[07:34:01] 159.6, 126.0, 1.117
[07:34:02] 144.5, 125.9, 1.176
[07:34:03] 144.7, 126.0, 1.149
[07:34:04] 145.0, 126.0, 1.171
[07:34:05] 145.4, 126.0, 1.178
[07:34:06] 152.1, 126.0, 1.131
[07:34:07] 167.5, 125.9, 1.121
[07:34:08] 142.1, 125.9, 1.115
[07:34:09] 141.9, 125.9, 1.112
[07:34:10] 141.7, 125.9, 1.107
[07:34:11] 141.9, 125.9, 1.128
[07:34:12] 167.3, 125.9, 1.112
[07:34:13] 142.3, 126.0, 1.117
[07:34:14] 142.1, 126.0, 1.111
[07:34:15] 142.0, 126.0, 1.110
[07:34:16] 154.4, 126.0, 1.072
[07:34:17] 164.0, 126.0, 1.121
[07:34:18] 137.6, 126.0, 1.105
[07:34:19] 138.1, 126.0, 1.107
[07:34:20] 138.4, 125.9, 1.104
[07:34:21] 145.6, 125.9, 1.083
[07:34:22] 172.3, 126.0, 1.119
[07:34:23] 137.4, 126.0, 1.113
[07:34:24] 137.8, 125.9, 1.107
[07:34:25] 138.2, 126.0, 1.105
[07:34:26] 138.4, 126.0, 1.086
[07:34:27] 179.4, 125.9, 1.121
[07:34:28] 136.9, 126.0, 1.109
[07:34:29] 137.3, 126.0, 1.104
[07:34:30] 137.7, 126.0, 1.110
[07:34:31] 138.0, 125.9, 1.010
[07:34:32] 195.7, 125.9, 1.112
[07:34:33] 136.5, 126.0, 1.112
[07:34:34] 137.0, 126.0, 1.106
[07:34:35] 137.5, 126.0, 1.108
[07:34:36] 137.9, 125.9, 1.858
[07:34:37] 228.5, 126.0, 1.061
[07:34:38] 134.0, 126.0, 1.112
[07:34:39] 141.6, 126.0, 1.112
[07:34:40] 141.4, 126.0, 1.107
[07:34:41] 141.3, 125.8, 3.239
[07:34:42] 200.4, 126.0, 1.407
[07:34:43] 226.3, 126.0, 1.113
[07:34:44] 139.9, 125.9, 1.108
[07:34:45] 140.0, 126.0, 1.107
[07:34:46] 140.0, 126.0, 1.103
[07:34:47] 140.0, 125.8, 2.281
[07:34:48] 237.0, 125.8, 2.308
[07:34:49] 291.1, 126.0, 1.138
[07:34:50] 164.7, 126.0, 1.134
[07:34:51] 142.5, 126.0, 1.117
[07:34:52] 142.3, 126.0, 1.110
[07:34:53] 142.1, 126.0, 1.109
[07:34:54] 142.2, 125.8, 2.309
[07:34:55] 305.9, 125.8, 2.376
[07:34:56] 295.4, 125.8, 2.372
[07:34:57] 295.9, 126.0, 1.137
[07:34:58] 169.1, 126.0, 1.110
[07:34:59] 141.4, 126.1, 1.103
[07:35:00] 141.2, 126.1, 1.103
[07:35:01] 141.1, 126.1, 1.108
[07:35:02] 141.0, 125.8, 2.305
[07:35:03] 303.4, 125.9, 2.379
[07:35:04] 295.1, 125.8, 2.377
[07:35:05] 300.3, 125.8, 2.378
[07:35:06] 300.3, 125.9, 2.381
[07:35:07] 300.3, 125.9, 2.378
[07:35:08] 300.3, 126.0, 1.127
[07:35:09] 177.0, 126.0, 1.129
[07:35:10] 142.5, 126.0, 1.110
[07:35:11] 142.4, 126.0, 1.108
[07:35:12] 142.2, 126.0, 1.103
[07:35:13] 141.9, 125.8, 2.308
[07:35:14] 289.8, 125.9, 2.364
[07:35:15] 290.4, 125.9, 2.380
[07:35:16] 300.7, 125.8, 2.381
[07:35:17] 300.7, 125.8, 2.380
[07:35:18] 300.7, 125.9, 2.380
[07:35:19] 300.8, 125.9, 2.383
[07:35:20] 300.8, 125.9, 2.379
[07:35:21] 300.9, 125.8, 2.382
[07:35:22] 300.9, 125.8, 2.382
[07:35:23] 300.9, 125.8, 2.383
[07:35:24] 300.9, 125.9, 2.383
[07:35:25] 301.0, 126.0, 1.131
[07:35:26] 187.5, 126.0, 1.123
[07:35:27] 141.9, 126.1, 1.101
[07:35:28] 141.7, 126.0, 1.109
