<<<[05:14:27] 140.8, 126.0, 1.127
[05:14:28] 141.0, 126.0, 1.126
[05:14:29] 141.2, 126.0, 1.137
[05:14:30] 141.6, 126.0, 1.242
[05:14:31] 153.5, 126.0, 1.247
[05:14:32] 158.6, 126.0, 1.237
[05:14:33] 158.0, 126.0, 1.132
[05:14:34] 142.3, 126.0, 1.116
[05:14:35] 142.3, 126.0, 1.157
[05:14:36] 142.7, 126.1, 1.150
[05:14:37] 147.9, 126.0, 1.236
[05:14:38] 160.6, 126.1, 1.099
[05:14:39] 151.7, 126.1, 1.105
[05:14:40] 140.8, 126.1, 1.112
[05:14:41] 140.7, 126.1, 1.111
[05:14:42] 140.8, 126.1, 1.207
[05:14:43] 155.9, 126.1, 1.102
[05:14:44] 155.5, 126.1, 1.101
[05:14:45] 140.3, 126.1, 1.106
[05:14:46] 140.3, 126.1, 1.108
[05:14:47] 140.4, 126.1, 1.194
[05:14:48] 155.5, 126.2, 1.100
[05:14:49] 155.0, 126.2, 1.103
[05:14:50] 140.1, 126.1, 1.102
[05:14:51] 140.1, 126.1, 1.109
[05:14:52] 140.2, 126.1, 1.190
[05:14:53] 155.3, 126.1, 1.105
[05:14:54] 154.9, 126.1, 1.100
[05:14:55] 140.3, 126.1, 1.098
[05:14:56] 140.3, 126.1, 1.104
[05:14:57] 140.3, 126.1, 1.179
[05:14:58] 155.1, 126.1, 1.102
[05:14:59] 154.7, 126.0, 1.104
[05:15:00] 140.3, 126.1, 1.105
[05:15:01] 140.3, 126.1, 1.102
[05:15:02] 140.3, 126.0, 1.161
[05:15:03] 154.8, 126.1, 1.097
[05:15:04] 154.5, 126.0, 1.106
[05:15:05] 140.1, 126.0, 1.103
[05:15:06] 140.1, 126.0, 1.101
[05:15:07] 140.1, 126.0, 1.133
[05:15:08] 153.2, 126.0, 1.095
[05:15:09] 153.1, 126.0, 1.103
[05:15:10] 140.1, 126.0, 1.101
[05:15:11] 140.0, 126.0, 1.103
[05:15:12] 140.0, 126.0, 1.102
[05:15:13] 168.5, 126.1, 1.029
[05:15:14] 142.5, 126.1, 1.096
[05:15:15] 136.3, 126.1, 1.091
[05:15:16] 136.7, 126.0, 1.095
[05:15:17] 137.0, 126.0, 1.106
[05:15:18] 167.3, 126.1, 1.039
[05:15:19] 143.0, 126.1, 1.091
[05:15:20] 135.6, 126.1, 1.096
[05:15:21] 136.0, 126.0, 1.098
[05:15:22] 136.5, 126.1, 1.101
[05:15:23] 137.0, 126.0, 1.063
[05:15:24] 180.1, 126.0, 1.096
[05:15:25] 135.2, 126.0, 1.094
[05:15:26] 135.7, 126.0, 1.098
[05:15:27] 136.2, 126.0, 1.091
[05:15:28] 136.6, 126.0, 1.526
[05:15:29] 202.9, 126.1, 1.064
[05:15:30] 133.8, 126.0, 1.101
[05:15:31] 139.8, 126.0, 1.101
[05:15:32] 139.7, 126.0, 1.097
[05:15:33] 139.7, 125.9, 1.901
[05:15:34] 197.3, 126.0, 0.995
[05:15:35] 180.1, 126.0, 1.098
[05:15:36] 138.9, 126.0, 1.092
[05:15:37] 139.0, 126.0, 1.098
[05:15:38] 139.1, 126.0, 1.097
[05:15:39] 139.2, 126.0, 1.842
[05:15:40] 222.7, 125.9, 1.619
[05:15:41] 222.5, 126.1, 1.104
[05:15:42] 140.1, 126.1, 1.104
[05:15:43] 140.1, 126.0, 1.095
[05:15:44] 140.0, 126.0, 1.106
[05:15:45] 140.0, 125.9, 3.025
[05:15:46] 182.1, 126.0, 1.812
[05:15:47] 229.5, 125.9, 1.874
[05:15:48] 235.7, 125.9, 1.578
[05:15:49] 212.0, 126.0, 1.097
[05:15:50] 139.8, 126.0, 1.098
[05:15:51] 139.8, 126.0, 1.101
[05:15:52] 139.8, 126.1, 1.103
[05:15:53] 139.8, 125.8, 2.292
[05:15:54] 190.6, 125.8, 1.814
[05:15:55] 230.6, 125.8, 1.874
[05:15:56] 236.1, 125.8, 1.881
[05:15:57] 236.3, 125.9, 1.881
[05:15:58] 236.5, 125.9, 1.877
[05:15:59] 236.7, 126.0, 1.068
[05:16:00] 192.1, 126.0, 1.107
[05:16:01] 140.3, 126.0, 1.103
[05:16:02] 140.3, 126.0, 1.106
[05:16:03] 140.3, 126.0, 1.102
[05:16:04] 140.3, 125.9, 1.825
[05:16:05] 211.1, 125.9, 1.811
[05:16:06] 229.9, 125.9, 1.878
[05:16:07] 238.1, 125.8, 1.880
[05:16:08] 238.0, 125.9, 1.880
[05:16:09] 238.0, 125.9, 1.881
[05:16:10] 238.0, 125.9, 1.882
[05:16:11] 238.0, 125.8, 1.882
[05:16:12] 238.1, 125.8, 1.884
[05:16:13] 238.1, 125.9, 1.884
[05:16:14] 238.1, 125.8, 1.882
[05:16:15] 238.2, 125.8, 1.885
[05:16:16] 237.8, 126.0, 1.102
[05:16:17] 137.9, 126.0, 1.102
[05:16:18] 138.1, 125.9, 1.106
[05:16:19] 138.4, 125.8, 1.109
