<<<[20:04:03] 142.5, 126.0, 1.122
[20:04:04] 142.4, 126.0, 1.117
[20:04:05] 142.3, 125.9, 1.109
[20:04:06] 142.1, 125.9, 1.241
[20:04:07] 151.3, 126.0, 1.116
[20:04:08] 141.6, 126.0, 1.110
[20:04:09] 141.5, 125.9, 1.116
[20:04:10] 141.5, 126.0, 1.117
[20:04:11] 141.7, 126.0, 1.119
[20:04:12] 142.0, 126.0, 1.127
[20:04:13] 168.0, 126.0, 1.119
[20:04:14] 167.5, 126.0, 1.114
[20:04:15] 141.2, 126.0, 1.108
[20:04:16] 141.1, 126.0, 1.105
[20:04:17] 141.2, 126.0, 1.135
[20:04:18] 167.8, 126.0, 1.117
[20:04:19] 142.8, 125.9, 1.114
[20:04:20] 142.7, 125.9, 1.113
[20:04:21] 142.6, 125.9, 1.109
[20:04:22] 142.5, 125.9, 1.118
[20:04:23] 167.1, 126.0, 1.106
[20:04:24] 140.7, 126.0, 1.109
[20:04:25] 140.7, 126.0, 1.107
[20:04:26] 140.7, 126.0, 1.110
[20:04:27] 140.8, 125.9, 1.112
[20:04:28] 166.4, 126.0, 1.106
[20:04:29] 140.1, 125.9, 1.100
[20:04:30] 140.1, 125.9, 1.103
[20:04:31] 140.2, 126.0, 1.100
[20:04:32] 140.3, 126.0, 1.111
[20:04:33] 166.4, 126.0, 1.106
[20:04:34] 140.7, 126.0, 1.106
[20:04:35] 140.6, 126.0, 1.104
[20:04:36] 163.1, 126.0, 1.098
[20:04:37] 140.7, 126.0, 1.114
[20:04:38] 166.5, 126.0, 1.099
[20:04:39] 140.1, 126.0, 1.102
[20:04:40] 140.0, 126.0, 1.096
[20:04:41] 140.0, 126.1, 1.108
[20:04:42] 140.1, 126.1, 1.117
[20:04:43] 166.4, 126.1, 1.097
[20:04:44] 140.1, 126.0, 1.100
[20:04:45] 140.0, 126.0, 1.098
[20:04:46] 140.0, 126.1, 1.095
[20:04:47] 140.0, 126.1, 1.058
[20:04:48] 172.2, 126.0, 1.108
[20:04:49] 135.1, 126.0, 1.102
[20:04:50] 135.6, 126.0, 1.101
[20:04:51] 136.1, 126.0, 1.096
[20:04:52] 136.6, 126.0, 1.060
[20:04:53] 170.9, 126.0, 1.095
[20:04:54] 134.7, 126.0, 1.097
[20:04:55] 139.9, 125.9, 1.095
[20:04:56] 139.8, 126.0, 1.096
[20:04:57] 139.7, 126.0, 0.995
[20:04:58] 180.5, 126.0, 1.062
[20:04:59] 133.6, 126.0, 1.098
[20:05:00] 139.4, 126.0, 1.094
[20:05:01] 139.4, 125.9, 1.101
[20:05:02] 139.4, 125.9, 1.702
[20:05:03] 201.5, 126.0, 1.036
[20:05:04] 130.7, 126.0, 1.095
[20:05:05] 139.8, 126.1, 1.094
[20:05:06] 139.7, 126.0, 1.093
[20:05:07] 139.7, 125.8, 3.247
[20:05:08] 176.9, 126.0, 1.474
[20:05:09] 193.9, 126.0, 1.100
[20:05:10] 137.2, 126.0, 1.098
[20:05:11] 137.5, 126.1, 1.102
[20:05:12] 137.7, 126.0, 1.101
[20:05:13] 138.0, 125.9, 1.948
[20:05:14] 192.8, 125.9, 1.746
[20:05:15] 221.4, 126.0, 1.113
[20:05:16] 166.0, 126.0, 1.095
[20:05:17] 139.6, 126.0, 1.096
[20:05:18] 139.5, 126.0, 1.097
[20:05:19] 139.6, 125.9, 1.093
[20:05:20] 139.6, 125.9, 1.743
[20:05:21] 229.5, 125.9, 1.805
[20:05:22] 223.7, 125.9, 1.812
[20:05:23] 229.2, 126.0, 1.057
[20:05:24] 183.9, 126.0, 1.099
[20:05:25] 139.8, 126.0, 1.099
[20:05:26] 139.7, 126.0, 1.099
[20:05:27] 139.7, 126.0, 1.095
[20:05:28] 139.7, 125.9, 1.765
[20:05:29] 221.4, 125.9, 1.754
[20:05:30] 221.6, 125.9, 1.813
[20:05:31] 229.5, 125.9, 1.812
[20:05:32] 229.4, 125.9, 1.813
[20:05:33] 229.5, 125.9, 1.816
[20:05:34] 229.5, 126.0, 1.065
[20:05:35] 187.9, 126.0, 1.097
[20:05:36] 139.8, 126.0, 1.097
[20:05:37] 139.7, 126.0, 1.093
[20:05:38] 139.7, 126.0, 1.100
[20:05:39] 139.7, 126.0, 1.756
[20:05:40] 206.2, 126.0, 1.749
[20:05:41] 221.4, 126.0, 1.812
[20:05:42] 229.7, 126.0, 1.812
[20:05:43] 229.6, 125.9, 1.814
[20:05:44] 229.6, 125.9, 1.813
[20:05:45] 229.6, 125.9, 1.814
[20:05:46] 229.6, 125.9, 1.810
[20:05:47] 229.6, 125.9, 1.816
[20:05:48] 229.7, 125.9, 1.815
[20:05:49] 229.7, 125.9, 1.816
[20:05:50] 229.7, 125.9, 1.817
[20:05:51] 229.8, 126.0, 1.554
[20:05:52] 207.3, 126.0, 1.101
[20:05:53] 141.2, 126.0, 1.096
[20:05:54] 141.0, 126.0, 1.105
[20:05:55] 140.9, 126.0, 1.102
