<<<[15:33:40] 141.6, 125.1, 1.133
[15:33:41] 141.7, 125.1, 1.140
[15:33:42] 141.9, 125.2, 1.149
[15:33:43] 142.4, 125.2, 1.263
[15:33:44] 159.1, 125.2, 1.248
[15:33:45] 158.9, 125.2, 1.188
[15:33:46] 151.2, 125.2, 1.193
[15:33:47] 151.0, 125.2, 1.189
[15:33:48] 150.9, 125.2, 1.192
[15:33:49] 150.9, 125.2, 1.196
[15:33:50] 150.7, 125.2, 1.100
[15:33:51] 168.9, 125.2, 1.136
[15:33:52] 141.8, 125.2, 1.147
[15:33:53] 142.0, 125.2, 1.145
[15:33:54] 142.4, 125.2, 1.155
[15:33:55] 142.6, 125.2, 1.115
[15:33:56] 169.3, 125.2, 1.117
[15:33:57] 142.1, 125.1, 1.133
[15:33:58] 142.2, 125.1, 1.145
[15:33:59] 142.3, 125.2, 1.125
[15:34:00] 142.4, 125.2, 1.105
[15:34:01] 168.4, 125.1, 1.121
[15:34:02] 141.6, 125.2, 1.118
[15:34:03] 141.7, 125.2, 1.147
[15:34:04] 141.9, 125.2, 1.133
[15:34:05] 142.0, 125.2, 1.100
[15:34:06] 168.4, 125.2, 1.128
[15:34:07] 141.2, 125.2, 1.118
[15:34:08] 141.3, 125.2, 1.125
[15:34:09] 141.5, 125.1, 1.135
[15:34:10] 141.6, 125.2, 1.108
[15:34:11] 168.4, 125.2, 1.125
[15:34:12] 142.1, 125.2, 1.124
[15:34:13] 142.1, 125.2, 1.112
[15:34:14] 142.1, 125.2, 1.119
[15:34:15] 142.2, 125.2, 1.028
[15:34:16] 176.7, 125.2, 1.090
[15:34:17] 135.2, 125.2, 1.140
[15:34:18] 143.0, 125.2, 1.130
[15:34:19] 142.9, 125.2, 1.133
[15:34:20] 142.7, 125.2, 1.031
[15:34:21] 176.3, 125.2, 1.061
[15:34:22] 134.3, 125.2, 1.140
[15:34:23] 141.9, 125.2, 1.142
[15:34:24] 142.0, 125.2, 1.113
[15:34:25] 142.0, 125.2, 1.358
[15:34:26] 188.3, 125.3, 1.043
[15:34:27] 134.5, 125.2, 1.106
[15:34:28] 142.7, 125.2, 1.123
[15:34:29] 142.6, 125.1, 1.142
[15:34:30] 142.5, 125.1, 1.922
[15:34:31] 206.2, 125.2, 1.051
[15:34:32] 141.8, 125.2, 1.114
[15:34:33] 141.6, 125.2, 1.125
[15:34:34] 141.7, 125.1, 1.154
[15:34:35] 141.8, 124.9, 3.002
[15:34:36] 183.0, 125.0, 1.355
[15:34:37] 202.8, 125.1, 1.107
[15:34:38] 139.4, 125.1, 1.112
[15:34:39] 139.7, 125.1, 1.110
[15:34:40] 139.9, 125.1, 1.139
[15:34:41] 140.1, 125.0, 1.981
[15:34:42] 217.8, 125.0, 1.885
[15:34:43] 239.1, 125.1, 1.133
[15:34:44] 151.9, 125.1, 1.136
[15:34:45] 142.3, 125.1, 1.147
[15:34:46] 142.3, 125.1, 1.124
[15:34:47] 142.2, 124.9, 3.442
[15:34:48] 183.7, 125.0, 2.002
[15:34:49] 249.8, 125.0, 2.062
[15:34:50] 256.3, 125.2, 1.453
[15:34:51] 211.3, 125.2, 1.115
[15:34:52] 142.1, 125.2, 1.145
[15:34:53] 142.1, 125.2, 1.142
[15:34:54] 142.1, 125.2, 1.122
[15:34:55] 142.1, 125.0, 1.991
[15:34:56] 222.7, 125.0, 2.004
[15:34:57] 251.3, 125.0, 2.068
[15:34:58] 259.6, 124.9, 2.067
[15:34:59] 259.6, 125.0, 2.067
[15:35:00] 259.5, 125.0, 1.729
[15:35:01] 241.9, 125.1, 1.118
[15:35:02] 140.1, 125.1, 1.118
[15:35:03] 140.4, 125.1, 1.109
[15:35:04] 140.7, 125.1, 1.137
[15:35:05] 140.9, 125.0, 3.009
[15:35:06] 191.0, 125.1, 2.003
[15:35:07] 252.2, 125.0, 2.069
[15:35:08] 257.8, 125.0, 2.063
[15:35:09] 257.9, 125.0, 2.063
[15:35:10] 258.1, 125.1, 2.064
[15:35:11] 258.3, 125.0, 2.062
[15:35:12] 258.3, 125.0, 2.067
[15:35:13] 258.5, 125.1, 2.065
[15:35:14] 258.6, 125.1, 2.066
[15:35:15] 258.8, 125.1, 2.067
[15:35:16] 258.9, 125.2, 1.109
[15:35:17] 167.5, 125.2, 1.134
[15:35:18] 143.6, 125.2, 1.123
[15:35:19] 143.4, 125.2, 1.113
[15:35:20] 143.3, 125.1, 1.123
<<<[00:53:23] 142.5, 126.1, 1.113
[00:53:24] 142.5, 126.1, 1.106
[00:53:25] 142.3, 126.1, 1.112
[00:53:26] 142.2, 126.0, 1.259
[00:53:27] 149.5, 126.1, 1.243
[00:53:28] 160.0, 126.1, 1.119
[00:53:29] 153.0, 126.1, 1.128
[00:53:30] 143.6, 126.1, 1.125
[00:53:31] 143.6, 126.1, 1.125
[00:53:32] 143.6, 126.1, 1.126
[00:53:33] 143.6, 126.0, 1.728
[00:53:34] 171.3, 126.1, 1.113
[00:53:35] 141.2, 126.1, 1.124
[00:53:36] 141.3, 126.1, 1.143
[00:53:37] 141.7, 126.1, 1.148
[00:53:38] 142.2, 126.0, 1.726
[00:53:39] 171.8, 126.1, 1.108
[00:53:40] 140.7, 126.1, 1.112
[00:53:41] 140.8, 126.1, 1.124
[00:53:42] 141.0, 126.1, 1.116
[00:53:43] 141.3, 126.0, 1.728
[00:53:44] 169.6, 126.1, 1.102
[00:53:45] 140.5, 126.1, 1.106
[00:53:46] 140.6, 126.1, 1.128
[00:53:47] 140.7, 126.1, 1.139
[00:53:48] 140.9, 126.0, 1.729
[00:53:49] 169.6, 126.0, 1.112
[00:53:50] 140.7, 126.1, 1.105
[00:53:51] 140.8, 126.1, 1.106
[00:53:52] 140.9, 126.1, 1.114
[00:53:53] 141.1, 126.0, 1.726
[00:53:54] 168.9, 126.1, 1.106
[00:53:55] 140.3, 126.1, 1.103
[00:53:56] 140.3, 126.1, 1.109
[00:53:57] 140.5, 126.1, 1.110
[00:53:58] 140.7, 126.0, 2.450
[00:53:59] 180.8, 126.1, 1.042
[00:54:00] 133.4, 126.1, 1.110
[00:54:01] 139.2, 126.1, 1.125
[00:54:02] 139.5, 126.1, 1.111
[00:54:03] 139.8, 126.0, 2.791
[00:54:04] 180.5, 126.1, 1.039
[00:54:05] 132.5, 126.1, 1.101
[00:54:06] 138.3, 126.1, 1.123
[00:54:07] 138.7, 126.0, 1.109
[00:54:08] 139.1, 125.8, 3.453
[00:54:09] 182.3, 126.1, 1.040
[00:54:10] 143.6, 126.1, 1.098
[00:54:11] 137.8, 126.1, 1.112
[00:54:12] 138.2, 126.1, 1.126
[00:54:13] 138.6, 126.1, 1.117
[00:54:14] 166.9, 126.1, 0.987
[00:54:15] 183.9, 126.1, 1.098
[00:54:16] 136.7, 126.2, 1.117
[00:54:17] 137.2, 126.1, 1.117
[00:54:18] 137.7, 126.1, 1.118
[00:54:19] 138.2, 126.0, 1.997
[00:54:20] 234.6, 126.1, 1.043
[00:54:21] 145.7, 126.1, 1.105
[00:54:22] 145.1, 126.1, 1.102
[00:54:23] 144.7, 126.1, 1.127
[00:54:24] 144.4, 126.1, 1.118
[00:54:25] 169.3, 126.0, 1.974
[00:54:26] 247.6, 126.1, 1.065
[00:54:27] 188.3, 126.1, 1.113
[00:54:28] 140.8, 126.1, 1.111
[00:54:29] 140.8, 126.1, 1.121
[00:54:30] 141.0, 126.1, 1.120
[00:54:31] 141.2, 126.0, 1.995
[00:54:32] 240.9, 126.0, 1.974
[00:54:33] 251.4, 126.0, 2.036
[00:54:34] 251.4, 126.1, 1.109
[00:54:35] 153.9, 126.1, 1.112
[00:54:36] 141.6, 126.1, 1.118
[00:54:37] 141.6, 126.1, 1.114
[00:54:38] 141.6, 126.1, 1.119
[00:54:39] 174.7, 126.0, 1.969
[00:54:40] 246.9, 126.0, 2.033
[00:54:41] 254.5, 126.0, 2.041
[00:54:42] 254.9, 125.9, 2.041
[00:54:43] 255.3, 125.9, 2.041
[00:54:44] 255.7, 126.1, 1.124
[00:54:45] 174.3, 126.1, 1.110
[00:54:46] 141.9, 126.1, 1.110
[00:54:47] 141.9, 126.1, 1.114
[00:54:48] 141.9, 126.1, 1.125
[00:54:49] 141.9, 126.0, 1.973
[00:54:50] 250.4, 126.0, 2.029
[00:54:51] 250.6, 126.0, 2.040
[00:54:52] 258.1, 126.0, 2.042
[00:54:53] 258.1, 126.0, 2.046
[00:54:54] 258.1, 126.0, 2.041
[00:54:55] 258.2, 126.0, 2.045
[00:54:56] 258.2, 126.0, 2.039
[00:54:57] 258.3, 126.0, 2.042
[00:54:58] 258.3, 126.0, 2.043
[00:54:59] 258.3, 126.2, 1.342
[00:55:00] 221.0, 126.1, 1.117
[00:55:01] 142.8, 126.1, 1.130
[00:55:02] 142.7, 126.1, 1.120
[00:55:03] 142.7, 126.1, 1.116
