<<<[23:18:57] 141.7, 125.6, 1.120
[23:18:58] 141.6, 125.6, 1.111
[23:18:59] 141.5, 125.6, 1.117
[23:19:00] 141.5, 125.5, 1.251
[23:19:01] 149.9, 125.5, 1.139
[23:19:02] 149.5, 125.6, 1.111
[23:19:03] 141.8, 125.6, 1.123
[23:19:04] 141.7, 125.6, 1.124
[23:19:05] 141.8, 125.6, 1.134
[23:19:06] 142.0, 125.6, 1.373
[23:19:07] 169.1, 125.6, 1.120
[23:19:08] 141.9, 125.7, 1.105
[23:19:09] 141.7, 125.6, 1.115
[23:19:10] 141.7, 125.6, 1.126
[23:19:11] 141.7, 125.7, 1.393
[23:19:12] 168.5, 125.7, 1.127
[23:19:13] 142.8, 125.7, 1.120
[23:19:14] 142.7, 125.7, 1.112
[23:19:15] 142.7, 125.7, 1.116
[23:19:16] 142.5, 125.6, 1.390
[23:19:17] 167.6, 125.6, 1.111
[23:19:18] 141.4, 125.6, 1.112
[23:19:19] 141.3, 125.7, 1.111
[23:19:20] 141.2, 125.7, 1.113
[23:19:21] 141.1, 125.7, 1.408
[23:19:22] 168.2, 125.7, 1.108
[23:19:23] 141.0, 125.7, 1.107
[23:19:24] 140.9, 125.6, 1.106
[23:19:25] 140.8, 125.6, 1.103
[23:19:26] 140.8, 125.6, 1.421
[23:19:27] 167.6, 125.6, 1.102
[23:19:28] 140.3, 125.6, 1.104
[23:19:29] 140.2, 125.6, 1.107
[23:19:30] 140.2, 125.7, 1.110
[23:19:31] 140.2, 125.6, 1.438
[23:19:32] 167.3, 125.6, 1.104
[23:19:33] 140.8, 125.6, 1.115
[23:19:34] 140.8, 125.7, 1.099
[23:19:35] 140.7, 125.7, 1.099
[23:19:36] 140.6, 125.7, 1.442
[23:19:37] 167.5, 125.7, 1.106
[23:19:38] 140.5, 125.7, 1.106
[23:19:39] 140.4, 125.7, 1.102
[23:19:40] 140.3, 125.7, 1.103
[23:19:41] 140.2, 125.6, 1.453
[23:19:42] 166.9, 125.7, 1.108
[23:19:43] 140.7, 125.7, 1.104
[23:19:44] 140.6, 125.7, 1.097
[23:19:45] 140.5, 125.6, 1.099
[23:19:46] 140.4, 125.6, 1.440
[23:19:47] 176.7, 125.8, 1.031
[23:19:48] 132.3, 125.7, 1.099
[23:19:49] 140.5, 125.7, 1.107
[23:19:50] 140.4, 125.7, 1.107
[23:19:51] 140.3, 125.6, 1.447
[23:19:52] 176.9, 125.7, 1.044
[23:19:53] 132.2, 125.7, 1.106
[23:19:54] 139.9, 125.7, 1.103
[23:19:55] 139.9, 125.7, 1.104
[23:19:56] 139.8, 125.6, 1.640
[23:19:57] 191.0, 125.7, 1.038
[23:19:58] 130.3, 125.6, 1.097
[23:19:59] 138.9, 125.7, 1.102
[23:20:00] 138.9, 125.6, 1.105
[23:20:01] 139.1, 125.5, 2.515
[23:20:02] 189.2, 125.6, 1.036
[23:20:03] 143.9, 125.6, 1.108
[23:20:04] 138.1, 125.6, 1.104
[23:20:05] 138.2, 125.7, 1.103
[23:20:06] 138.5, 125.6, 1.103
[23:20:07] 170.7, 125.6, 1.501
[23:20:08] 197.7, 125.6, 1.097
[23:20:09] 136.1, 125.7, 1.102
[23:20:10] 136.5, 125.7, 1.097
[23:20:11] 136.9, 125.7, 1.099
[23:20:12] 137.3, 125.6, 1.925
[23:20:13] 218.9, 125.7, 1.506
[23:20:14] 201.3, 125.8, 1.105
[23:20:15] 140.7, 125.7, 1.101
[23:20:16] 140.6, 125.7, 1.093
[23:20:17] 140.4, 125.7, 1.101
[23:20:18] 140.3, 125.6, 1.930
[23:20:19] 217.8, 125.6, 1.919
[23:20:20] 242.6, 125.7, 1.580
[23:20:21] 210.0, 125.7, 1.104
[23:20:22] 140.7, 125.7, 1.107
[23:20:23] 140.6, 125.7, 1.105
[23:20:24] 140.5, 125.7, 1.102
[23:20:25] 140.5, 125.6, 1.916
[23:20:26] 216.7, 125.5, 1.920
[23:20:27] 242.2, 125.5, 1.984
[23:20:28] 250.2, 125.5, 1.983
[23:20:29] 250.2, 125.7, 1.610
[23:20:30] 211.6, 125.7, 1.109
[23:20:31] 140.3, 125.6, 1.106
[23:20:32] 140.2, 125.7, 1.114
[23:20:33] 140.2, 125.6, 1.107
[23:20:34] 140.2, 125.6, 1.906
[23:20:35] 214.0, 125.5, 1.927
[23:20:36] 242.2, 125.5, 1.984
[23:20:37] 250.2, 125.5, 1.985
[23:20:38] 250.2, 125.6, 1.985
[23:20:39] 250.2, 125.5, 1.988
[23:20:40] 250.2, 125.6, 1.987
[23:20:41] 250.2, 125.6, 1.986
[23:20:42] 250.3, 125.6, 1.625
[23:20:43] 215.8, 125.7, 1.163
[23:20:44] 140.3, 125.7, 1.106
[23:20:45] 140.3, 125.7, 1.106
[23:20:46] 140.2, 125.7, 1.099
[23:20:47] 140.2, 125.6, 1.924
[23:20:48] 208.5, 125.6, 1.920
[23:20:49] 242.2, 125.6, 1.985
[23:20:50] 249.6, 125.6, 1.988
[23:20:51] 249.7, 125.6, 1.988
[23:20:52] 249.8, 125.6, 1.989
[23:20:53] 250.0, 125.5, 1.992
[23:20:54] 250.1, 125.6, 1.992
[23:20:55] 250.3, 125.6, 1.994
[23:20:56] 250.4, 125.5, 1.991
[23:20:57] 250.5, 125.5, 1.993
[23:20:58] 250.5, 125.5, 1.992
[23:20:59] 250.6, 125.5, 1.990
[23:21:00] 250.7, 125.5, 1.989
[23:21:01] 250.7, 125.5, 1.993
[23:21:02] 250.8, 125.5, 1.991
[23:21:03] 250.9, 125.7, 1.110
[23:21:04] 206.2, 125.7, 1.101
[23:21:05] 140.1, 125.7, 1.112
[23:21:06] 140.1, 125.7, 1.111
[23:21:07] 140.2, 125.7, 1.106
