<<<[18:30:24] 141.5, 125.6, 1.135
[18:30:25] 141.8, 125.6, 1.141
[18:30:26] 142.1, 125.6, 1.154
[18:30:27] 142.5, 125.6, 1.274
[18:30:28] 155.5, 125.6, 1.182
[18:30:29] 155.3, 125.5, 1.191
[18:30:30] 150.1, 125.6, 1.168
[18:30:31] 149.8, 125.6, 1.167
[18:30:32] 149.6, 125.6, 1.160
[18:30:33] 149.5, 125.5, 1.665
[18:30:34] 173.6, 125.6, 1.108
[18:30:35] 138.9, 125.6, 1.118
[18:30:36] 139.1, 125.6, 1.124
[18:30:37] 139.5, 125.6, 1.121
[18:30:38] 139.7, 125.6, 1.688
[18:30:39] 170.7, 125.6, 1.111
[18:30:40] 139.2, 125.6, 1.112
[18:30:41] 139.4, 125.6, 1.117
[18:30:42] 139.7, 125.5, 1.112
[18:30:43] 139.9, 125.5, 1.686
[18:30:44] 169.8, 125.6, 1.111
[18:30:45] 138.9, 125.6, 1.108
[18:30:46] 139.1, 125.6, 1.109
[18:30:47] 139.3, 125.6, 1.107
[18:30:48] 139.5, 125.6, 1.687
[18:30:49] 170.0, 125.7, 1.112
[18:30:50] 139.0, 125.7, 1.109
[18:30:51] 139.1, 125.7, 1.114
[18:30:52] 139.4, 125.7, 1.109
[18:30:53] 139.5, 125.7, 1.688
[18:30:54] 169.8, 125.7, 1.105
[18:30:55] 138.3, 125.7, 1.109
[18:30:56] 138.5, 125.7, 1.113
[18:30:57] 138.8, 125.7, 1.113
[18:30:58] 139.1, 125.6, 1.710
[18:30:59] 170.9, 125.7, 1.104
[18:31:00] 137.9, 125.7, 1.106
[18:31:01] 138.2, 125.7, 1.107
[18:31:02] 138.5, 125.7, 1.099
[18:31:03] 138.7, 125.6, 1.713
[18:31:04] 169.4, 125.7, 1.097
[18:31:05] 137.8, 125.7, 1.099
[18:31:06] 138.0, 125.7, 1.100
[18:31:07] 138.2, 125.6, 1.099
[18:31:08] 138.4, 125.6, 2.019
[18:31:09] 180.7, 125.6, 1.042
[18:31:10] 130.5, 125.6, 1.103
[18:31:11] 138.9, 125.6, 1.106
[18:31:12] 139.0, 125.6, 1.099
[18:31:13] 139.1, 125.5, 2.030
[18:31:14] 179.9, 125.6, 1.035
[18:31:15] 130.2, 125.6, 1.097
[18:31:16] 138.1, 125.6, 1.104
[18:31:17] 138.2, 125.6, 1.108
[18:31:18] 138.5, 125.5, 2.505
[18:31:19] 179.6, 125.6, 1.043
[18:31:20] 130.5, 125.6, 1.103
[18:31:21] 138.1, 125.6, 1.111
[18:31:22] 138.3, 125.6, 1.102
[18:31:23] 138.5, 125.5, 3.357
[18:31:24] 180.1, 125.7, 1.029
[18:31:25] 141.0, 125.7, 1.108
[18:31:26] 140.6, 125.7, 1.097
[18:31:27] 140.5, 125.7, 1.103
[18:31:28] 140.3, 125.7, 1.101
[18:31:29] 166.7, 125.8, 0.991
[18:31:30] 179.9, 125.7, 1.106
[18:31:31] 136.1, 125.7, 1.104
[18:31:32] 136.5, 125.7, 1.109
[18:31:33] 137.0, 125.6, 1.105
[18:31:34] 137.3, 125.5, 1.972
[18:31:35] 231.5, 125.6, 1.058
[18:31:36] 156.8, 125.6, 1.104
[18:31:37] 139.8, 125.6, 1.110
[18:31:38] 139.8, 125.6, 1.103
[18:31:39] 139.8, 125.6, 1.104
[18:31:40] 140.0, 125.5, 1.936
[18:31:41] 258.5, 125.6, 1.545
[18:31:42] 204.6, 125.6, 1.102
[18:31:43] 140.5, 125.6, 1.108
[18:31:44] 140.3, 125.6, 1.102
[18:31:45] 140.3, 125.6, 1.107
[18:31:46] 140.3, 125.5, 1.939
[18:31:47] 217.6, 125.6, 1.927
[18:31:48] 243.7, 125.6, 1.993
[18:31:49] 251.8, 125.7, 1.064
[18:31:50] 189.4, 125.6, 1.104
[18:31:51] 139.6, 125.6, 1.108
[18:31:52] 139.6, 125.6, 1.108
[18:31:53] 139.7, 125.5, 1.108
[18:31:54] 139.7, 125.4, 1.962
[18:31:55] 235.5, 125.4, 1.933
[18:31:56] 244.7, 125.4, 1.997
[18:31:57] 251.8, 125.5, 2.000
[18:31:58] 251.8, 125.5, 1.998
[18:31:59] 251.8, 125.5, 2.000
[18:32:00] 251.4, 125.6, 1.104
[18:32:01] 151.5, 125.6, 1.114
[18:32:02] 140.5, 125.6, 1.113
[18:32:03] 140.4, 125.6, 1.104
[18:32:04] 140.4, 125.6, 1.106
[18:32:05] 167.3, 125.5, 1.936
[18:32:06] 241.7, 125.5, 1.994
[18:32:07] 248.0, 125.5, 2.001
[18:32:08] 248.5, 125.6, 1.998
[18:32:09] 248.9, 125.5, 2.003
[18:32:10] 249.4, 125.5, 2.003
[18:32:11] 249.8, 125.5, 2.000
[18:32:12] 250.1, 125.5, 2.001
[18:32:13] 250.4, 125.5, 2.005
[18:32:14] 250.7, 125.5, 2.002
[18:32:15] 250.9, 125.5, 2.000
[18:32:16] 251.1, 125.6, 1.102
[18:32:17] 166.0, 125.7, 1.109
[18:32:18] 140.1, 125.7, 1.106
[18:32:19] 140.1, 125.7, 1.112
[18:32:20] 140.1, 125.6, 1.110
