<<<[16:04:47] 141.3, 125.1, 1.132
[16:04:48] 141.4, 125.1, 1.132
[16:04:49] 141.7, 125.1, 1.145
[16:04:50] 141.9, 125.1, 1.276
[16:04:51] 154.8, 125.1, 1.263
[16:04:52] 155.3, 125.1, 1.242
[16:04:53] 155.7, 125.1, 1.260
[16:04:54] 155.7, 125.1, 1.152
[16:04:55] 142.5, 125.1, 1.168
[16:04:56] 143.0, 125.1, 1.160
[16:04:57] 143.5, 125.2, 1.133
[16:04:58] 143.8, 125.1, 1.160
[16:04:59] 151.9, 125.1, 1.112
[16:05:00] 159.3, 125.1, 1.114
[16:05:01] 141.2, 125.1, 1.113
[16:05:02] 141.1, 125.1, 1.115
[16:05:03] 141.1, 125.0, 1.110
[16:05:04] 141.7, 125.0, 1.107
[16:05:05] 160.4, 125.1, 1.113
[16:05:06] 140.5, 125.1, 1.109
[16:05:07] 140.5, 125.1, 1.112
[16:05:08] 140.5, 125.1, 1.111
[16:05:09] 145.9, 125.1, 1.114
[16:05:10] 160.9, 125.0, 1.116
[16:05:11] 141.0, 125.0, 1.111
[16:05:12] 140.9, 125.0, 1.112
[16:05:13] 140.8, 125.0, 1.114
[16:05:14] 145.9, 125.0, 1.112
[16:05:15] 160.8, 125.0, 1.110
[16:05:16] 140.3, 125.1, 1.104
[16:05:17] 140.2, 125.1, 1.112
[16:05:18] 140.3, 125.0, 1.117
[16:05:19] 145.7, 125.1, 1.118
[16:05:20] 160.8, 125.1, 1.119
[16:05:21] 141.0, 125.1, 1.113
[16:05:22] 140.9, 125.1, 1.115
[16:05:23] 140.9, 125.1, 1.115
[16:05:24] 141.4, 125.1, 1.108
[16:05:25] 161.1, 125.1, 1.107
[16:05:26] 140.1, 125.1, 1.109
[16:05:27] 140.1, 125.0, 1.111
[16:05:28] 140.0, 125.0, 1.110
[16:05:29] 159.1, 125.1, 1.048
[16:05:30] 152.4, 125.1, 1.114
[16:05:31] 136.5, 125.1, 1.107
[16:05:32] 136.9, 125.1, 1.102
[16:05:33] 137.3, 125.2, 1.100
[16:05:34] 146.6, 125.2, 1.045
[16:05:35] 163.7, 125.1, 1.108
[16:05:36] 135.2, 125.1, 1.110
[16:05:37] 135.7, 125.1, 1.104
[16:05:38] 136.3, 125.1, 1.109
[16:05:39] 136.7, 125.1, 1.046
[16:05:40] 183.0, 125.1, 1.113
[16:05:41] 135.2, 125.0, 1.107
[16:05:42] 140.5, 125.1, 1.108
[16:05:43] 140.4, 125.1, 1.103
[16:05:44] 140.3, 125.1, 1.165
[16:05:45] 192.3, 125.1, 1.067
[16:05:46] 134.3, 125.1, 1.108
[16:05:47] 139.8, 125.1, 1.101
[16:05:48] 139.7, 125.0, 1.111
[16:05:49] 139.7, 125.0, 1.839
[16:05:50] 207.8, 125.1, 1.050
[16:05:51] 150.4, 125.1, 1.113
[16:05:52] 139.9, 125.1, 1.106
[16:05:53] 139.8, 125.1, 1.100
[16:05:54] 139.8, 125.1, 1.109
[16:05:55] 146.8, 125.0, 1.856
[16:05:56] 244.7, 125.1, 1.106
[16:05:57] 155.5, 125.1, 1.100
[16:05:58] 139.9, 125.1, 1.105
[16:05:59] 139.8, 125.1, 1.105
[16:06:00] 139.8, 125.1, 1.108
[16:06:01] 139.8, 125.0, 1.852
[16:06:02] 243.8, 124.9, 1.925
[16:06:03] 236.2, 125.0, 1.112
[16:06:04] 179.4, 125.0, 1.110
[16:06:05] 139.8, 125.0, 1.109
[16:06:06] 139.8, 125.0, 1.113
[16:06:07] 139.8, 125.0, 1.104
[16:06:08] 139.8, 124.9, 1.870
[16:06:09] 229.9, 124.9, 1.888
[16:06:10] 235.5, 124.9, 1.922
[16:06:11] 241.1, 124.9, 1.922
[16:06:12] 241.1, 124.9, 1.245
[16:06:13] 202.0, 125.0, 1.113
[16:06:14] 140.3, 124.9, 1.112
[16:06:15] 140.3, 125.0, 1.107
[16:06:16] 140.2, 125.0, 1.106
[16:06:17] 140.2, 124.9, 1.837
[16:06:18] 205.1, 124.9, 1.856
[16:06:19] 233.2, 124.9, 1.921
[16:06:20] 240.6, 124.9, 1.922
[16:06:21] 240.6, 124.9, 1.922
[16:06:22] 240.7, 124.9, 1.920
[16:06:23] 240.8, 124.9, 1.920
[16:06:24] 240.8, 125.0, 1.918
[16:06:25] 240.9, 125.0, 1.920
[16:06:26] 240.9, 125.0, 1.120
[16:06:27] 162.2, 125.0, 1.127
[16:06:28] 141.6, 125.0, 1.107
[16:06:29] 141.6, 125.0, 1.110
[16:06:30] 141.7, 125.0, 1.107
[16:06:31] 141.7, 124.9, 1.855
[16:06:32] 244.0, 124.9, 1.925
[16:06:33] 236.2, 124.9, 1.922
[16:06:34] 236.7, 125.0, 1.921
[16:06:35] 237.2, 125.0, 1.921
[16:06:36] 237.7, 125.0, 1.922
[16:06:37] 238.2, 125.0, 1.921
[16:06:38] 238.7, 125.0, 1.923
[16:06:39] 239.0, 125.0, 1.923
[16:06:40] 239.4, 125.0, 1.925
[16:06:41] 239.7, 125.0, 1.922
[16:06:42] 239.9, 125.0, 1.928
[16:06:43] 240.2, 125.0, 1.925
[16:06:44] 240.4, 125.0, 1.923
[16:06:45] 240.5, 125.0, 1.924
[16:06:46] 240.7, 125.0, 1.921
[16:06:47] 240.8, 124.9, 1.924
[16:06:48] 240.9, 125.1, 1.117
[16:06:49] 167.6, 125.1, 1.119
[16:06:50] 140.8, 125.1, 1.115
[16:06:51] 140.8, 125.1, 1.118
