<<<[21:54:56] 141.3, 125.6, 1.106
[21:54:57] 141.1, 125.6, 1.115
[21:54:58] 141.0, 125.6, 1.116
[21:54:59] 141.1, 125.6, 1.131
[21:55:00] 141.4, 125.6, 1.101
[21:55:01] 141.2, 125.6, 1.116
[21:55:02] 141.1, 125.6, 1.116
[21:55:03] 141.1, 125.6, 1.117
<<<[22:17:04] 140.5, 125.6, 1.108
[22:17:05] 140.6, 125.6, 1.118
[22:17:06] 140.8, 125.6, 1.136
[22:17:07] 141.1, 125.6, 1.162
[22:17:08] 141.6, 125.6, 1.106
[22:17:09] 141.4, 125.6, 1.122
[22:17:10] 141.4, 125.6, 1.123
[22:17:11] 141.4, 125.6, 1.119
