<<<[17:28:39] 145.0, 125.2, 1.123
[17:28:40] 144.7, 125.2, 1.134
[17:28:41] 144.5, 125.2, 1.142
[17:28:42] 144.5, 125.1, 1.266
[17:28:43] 155.9, 125.1, 1.280
[17:28:44] 156.3, 125.1, 1.272
[17:28:45] 156.8, 125.1, 1.278
[17:28:46] 157.2, 125.1, 1.280
[17:28:47] 157.6, 125.1, 1.270
[17:28:48] 158.0, 125.1, 1.274
[17:28:49] 158.3, 125.1, 1.244
[17:28:50] 158.3, 125.1, 1.249
[17:28:51] 158.2, 125.1, 1.248
[17:28:52] 158.2, 125.0, 1.245
[17:28:53] 158.3, 125.1, 1.292
[17:28:54] 158.2, 125.1, 1.233
[17:28:55] 158.2, 125.2, 1.261
[17:28:56] 158.4, 125.2, 1.186
[17:28:57] 157.9, 125.0, 1.145
[17:28:58] 146.8, 125.1, 1.189
[17:28:59] 147.0, 125.1, 1.179
[17:29:00] 147.4, 125.2, 1.184
[17:29:01] 147.7, 125.1, 1.685
[17:29:02] 170.2, 125.2, 1.108
[17:29:03] 143.0, 125.3, 1.112
[17:29:04] 142.6, 125.3, 1.104
[17:29:05] 142.2, 125.3, 1.110
[17:29:06] 142.0, 125.2, 2.679
[17:29:07] 176.0, 125.3, 1.041
[17:29:08] 136.1, 125.2, 1.108
[17:29:09] 136.3, 125.2, 1.114
[17:29:10] 136.7, 125.1, 1.108
[17:29:11] 137.1, 125.0, 2.773
[17:29:12] 176.9, 125.2, 1.043
[17:29:13] 135.8, 125.1, 1.109
[17:29:14] 136.0, 125.2, 1.103
[17:29:15] 136.5, 125.2, 1.110
[17:29:16] 136.9, 125.0, 3.258
[17:29:17] 178.1, 125.2, 1.044
[17:29:18] 135.4, 125.2, 1.105
[17:29:19] 135.7, 125.2, 1.110
[17:29:20] 136.1, 125.2, 1.100
[17:29:21] 136.6, 124.9, 3.445
[17:29:22] 181.0, 125.2, 1.042
[17:29:23] 147.0, 125.3, 1.105
[17:29:24] 136.9, 125.2, 1.106
[17:29:25] 137.2, 125.2, 1.104
[17:29:26] 137.5, 125.2, 1.104
[17:29:27] 172.7, 125.2, 1.052
[17:29:28] 172.7, 125.2, 1.105
[17:29:29] 135.8, 125.2, 1.108
[17:29:30] 136.2, 125.1, 1.106
[17:29:31] 136.7, 125.1, 1.105
[17:29:32] 137.0, 125.1, 1.590
[17:29:33] 240.8, 125.1, 1.080
[17:29:34] 132.9, 125.1, 1.107
[17:29:35] 139.8, 125.1, 1.105
[17:29:36] 139.7, 125.1, 1.106
[17:29:37] 139.8, 124.9, 2.791
[17:29:38] 208.4, 125.0, 1.545
[17:29:39] 244.9, 125.1, 1.111
[17:29:40] 136.9, 125.2, 1.106
[17:29:41] 137.2, 125.1, 1.110
[17:29:42] 137.5, 125.1, 1.109
[17:29:43] 137.8, 125.0, 2.608
[17:29:44] 211.1, 125.0, 2.277
[17:29:45] 287.1, 125.1, 1.606
[17:29:46] 247.1, 125.2, 1.106
[17:29:47] 138.7, 125.2, 1.108
[17:29:48] 138.8, 125.2, 1.104
[17:29:49] 138.9, 125.2, 1.104
[17:29:50] 139.0, 125.1, 2.438
[17:29:51] 219.4, 125.1, 2.276
[17:29:52] 286.4, 125.0, 2.346
[17:29:53] 292.9, 125.0, 2.343
[17:29:54] 293.0, 125.1, 1.367
[17:29:55] 231.7, 125.1, 1.104
[17:29:56] 139.6, 125.1, 1.111
[17:29:57] 139.6, 125.1, 1.109
[17:29:58] 139.7, 125.1, 1.108
[17:29:59] 139.7, 125.0, 2.250
[17:30:00] 233.2, 125.0, 2.281
[17:30:01] 286.4, 125.0, 2.343
[17:30:02] 293.8, 125.0, 2.345
[17:30:03] 293.8, 125.0, 2.346
[17:30:04] 293.9, 125.0, 2.342
[17:30:05] 294.0, 125.0, 2.344
[17:30:06] 294.0, 125.1, 2.340
[17:30:07] 294.0, 125.2, 1.180
[17:30:08] 210.2, 125.2, 1.107
[17:30:09] 140.5, 125.2, 1.106
[17:30:10] 140.4, 125.2, 1.105
[17:30:11] 140.3, 125.2, 1.107
[17:30:12] 140.3, 125.1, 2.311
[17:30:13] 259.2, 125.1, 2.281
[17:30:14] 287.8, 125.1, 2.340
[17:30:15] 294.2, 125.1, 2.343
[17:30:16] 294.2, 125.0, 2.343
[17:30:17] 294.1, 125.0, 2.348
[17:30:18] 294.2, 125.0, 2.344
[17:30:19] 294.3, 125.0, 2.350
[17:30:20] 294.4, 125.0, 2.346
[17:30:21] 294.4, 125.0, 2.351
[17:30:22] 294.5, 125.0, 2.346
[17:30:23] 294.5, 125.0, 2.353
[17:30:24] 294.6, 125.0, 2.347
[17:30:25] 294.7, 125.0, 2.355
[17:30:26] 294.8, 125.0, 2.347
[17:30:27] 294.8, 125.0, 2.353
[17:30:28] 286.6, 125.1, 1.110
[17:30:29] 137.8, 125.1, 1.114
[17:30:30] 138.1, 125.1, 1.111
[17:30:31] 138.4, 125.1, 1.110
