<<<[04:46:45] 140.6, 126.2, 1.114
[04:46:46] 140.7, 126.3, 1.130
[04:46:47] 141.0, 126.2, 1.134
[04:46:48] 141.4, 126.2, 1.267
[04:46:49] 159.1, 126.2, 1.241
[04:46:50] 159.0, 126.2, 1.263
[04:46:51] 158.8, 126.1, 1.173
[04:46:52] 148.8, 126.2, 1.179
[04:46:53] 148.9, 126.2, 1.176
[04:46:54] 148.9, 126.2, 1.155
[04:46:55] 148.7, 126.3, 1.170
[04:46:56] 149.2, 126.2, 1.108
[04:46:57] 164.0, 126.3, 1.107
[04:46:58] 140.8, 126.3, 1.104
[04:46:59] 140.7, 126.3, 1.106
[04:47:00] 140.7, 126.3, 1.108
[04:47:01] 141.1, 126.2, 1.112
[04:47:02] 164.0, 126.2, 1.104
[04:47:03] 140.3, 126.2, 1.101
[04:47:04] 140.2, 126.2, 1.098
[04:47:05] 140.2, 126.2, 1.105
[04:47:06] 140.6, 126.2, 1.108
[04:47:07] 163.8, 126.1, 1.100
[04:47:08] 140.1, 126.2, 1.104
[04:47:09] 140.0, 126.2, 1.109
[04:47:10] 140.0, 126.1, 1.102
[04:47:11] 140.4, 126.2, 1.109
[04:47:12] 164.0, 126.2, 1.097
[04:47:13] 140.1, 126.2, 1.102
[04:47:14] 140.0, 126.2, 1.101
[04:47:15] 140.0, 126.2, 1.096
[04:47:16] 140.3, 126.3, 1.108
[04:47:17] 163.8, 126.2, 1.103
[04:47:18] 140.5, 126.3, 1.097
[04:47:19] 140.3, 126.3, 1.100
[04:47:20] 140.3, 126.2, 1.105
[04:47:21] 140.6, 126.2, 1.113
[04:47:22] 164.7, 126.2, 1.100
[04:47:23] 139.9, 126.2, 1.099
[04:47:24] 139.9, 126.3, 1.104
[04:47:25] 139.9, 126.3, 1.101
[04:47:26] 146.1, 126.2, 1.053
[04:47:27] 166.0, 126.2, 1.102
[04:47:28] 135.2, 126.2, 1.101
[04:47:29] 135.7, 126.2, 1.102
[04:47:30] 136.3, 126.2, 1.100
[04:47:31] 136.7, 126.2, 1.050
[04:47:32] 171.6, 126.2, 1.106
[04:47:33] 134.9, 126.3, 1.093
[04:47:34] 135.4, 126.2, 1.101
[04:47:35] 135.9, 126.3, 1.101
[04:47:36] 136.4, 126.3, 1.016
[04:47:37] 183.0, 126.3, 1.089
[04:47:38] 134.3, 126.3, 1.093
[04:47:39] 134.9, 126.3, 1.096
[04:47:40] 135.5, 126.3, 1.097
[04:47:41] 136.0, 126.2, 1.649
[04:47:42] 207.5, 126.3, 1.035
[04:47:43] 130.3, 126.2, 1.095
[04:47:44] 139.6, 126.2, 1.102
[04:47:45] 139.6, 126.2, 1.102
[04:47:46] 139.6, 126.1, 2.845
[04:47:47] 187.0, 126.2, 1.316
[04:47:48] 196.8, 126.2, 1.097
[04:47:49] 137.9, 126.2, 1.093
[04:47:50] 138.0, 126.2, 1.098
[04:47:51] 138.2, 126.2, 1.100
[04:47:52] 138.4, 126.1, 1.869
[04:47:53] 213.8, 126.2, 1.874
[04:47:54] 233.0, 126.2, 1.100
[04:47:55] 147.5, 126.2, 1.102
[04:47:56] 139.8, 126.3, 1.100
[04:47:57] 139.8, 126.2, 1.102
[04:47:58] 139.8, 126.3, 1.095
[04:47:59] 170.5, 126.1, 1.876
[04:48:00] 234.6, 126.1, 1.935
[04:48:01] 242.4, 126.1, 1.877
[04:48:02] 237.1, 126.2, 1.101
[04:48:03] 148.4, 126.2, 1.098
[04:48:04] 139.6, 126.2, 1.101
[04:48:05] 139.6, 126.3, 1.097
[04:48:06] 139.6, 126.1, 3.141
[04:48:07] 178.1, 126.1, 1.876
[04:48:08] 236.1, 126.2, 1.938
[04:48:09] 243.1, 126.1, 1.941
[04:48:10] 243.5, 126.1, 1.939
[04:48:11] 243.8, 126.2, 1.936
[04:48:12] 244.0, 126.2, 1.618
[04:48:13] 227.9, 126.2, 1.105
[04:48:14] 137.9, 126.2, 1.099
[04:48:15] 138.1, 126.2, 1.103
[04:48:16] 138.3, 126.2, 1.099
[04:48:17] 138.5, 126.2, 2.356
[04:48:18] 193.9, 126.1, 1.878
[04:48:19] 239.0, 126.2, 1.942
[04:48:20] 244.6, 126.2, 1.939
[04:48:21] 244.7, 126.2, 1.936
[04:48:22] 244.9, 126.1, 1.938
[04:48:23] 245.0, 126.1, 1.938
[04:48:24] 245.0, 126.2, 1.939
[04:48:25] 245.2, 126.1, 1.940
[04:48:26] 245.2, 126.1, 1.941
[04:48:27] 245.4, 126.2, 1.939
[04:48:28] 245.4, 126.1, 1.943
[04:48:29] 245.5, 126.3, 1.099
[04:48:30] 169.1, 126.3, 1.098
[04:48:31] 140.1, 126.3, 1.096
[04:48:32] 140.0, 126.3, 1.101
[04:48:33] 140.0, 126.3, 1.102
