<<<[08:43:56] 140.8, 125.9, 1.133
[08:43:57] 141.1, 125.9, 1.141
[08:43:58] 141.5, 125.9, 1.153
[08:43:59] 142.2, 125.8, 1.220
[08:44:00] 151.2, 125.8, 1.272
[08:44:01] 158.4, 125.7, 1.222
[08:44:02] 158.6, 125.7, 1.276
[08:44:03] 158.6, 125.7, 1.237
[08:44:04] 158.8, 125.8, 1.270
[08:44:05] 159.0, 125.8, 1.273
[08:44:06] 159.2, 125.8, 1.271
[08:44:07] 159.4, 125.8, 1.265
[08:44:08] 159.3, 125.8, 1.237
[08:44:09] 159.4, 125.9, 1.264
[08:44:10] 159.3, 125.9, 1.238
[08:44:11] 159.1, 125.9, 1.240
[08:44:12] 158.9, 125.8, 1.244
[08:44:13] 158.7, 125.8, 1.238
[08:44:14] 158.6, 125.9, 1.262
[08:44:15] 158.6, 125.9, 1.253
[08:44:16] 158.5, 125.9, 1.240
[08:44:17] 158.4, 125.9, 1.237
[08:44:18] 158.2, 125.9, 1.237
[08:44:19] 158.1, 125.9, 1.276
[08:44:20] 158.4, 125.8, 1.231
[08:44:21] 158.2, 125.8, 1.234
[08:44:22] 158.1, 125.9, 1.261
[08:44:23] 158.1, 125.8, 1.236
[08:44:24] 157.9, 125.9, 1.241
[08:44:25] 157.8, 125.8, 1.241
[08:44:26] 158.0, 125.8, 1.241
[08:44:27] 157.8, 125.8, 1.239
[08:44:28] 157.7, 125.9, 1.279
[08:44:29] 157.8, 125.9, 1.236
[08:44:30] 157.7, 125.7, 1.238
[08:44:31] 157.6, 125.8, 1.279
[08:44:32] 157.8, 125.8, 1.276
[08:44:33] 158.3, 125.8, 1.257
[08:44:34] 158.4, 125.8, 1.243
[08:44:35] 158.4, 125.8, 1.280
[08:44:36] 158.4, 125.8, 1.164
[08:44:37] 147.9, 125.8, 1.181
[08:44:38] 148.1, 125.8, 1.180
[08:44:39] 148.2, 125.8, 1.178
[08:44:40] 148.4, 125.8, 1.177
[08:44:41] 173.1, 125.7, 1.061
[08:44:42] 157.3, 125.8, 1.110
[08:44:43] 137.8, 125.9, 1.113
[08:44:44] 138.1, 125.9, 1.110
[08:44:45] 138.5, 125.9, 1.115
[08:44:46] 138.8, 125.9, 1.022
[08:44:47] 196.1, 125.9, 1.113
[08:44:48] 136.0, 126.0, 1.104
[08:44:49] 136.6, 126.0, 1.102
[08:44:50] 141.8, 125.9, 1.128
[08:44:51] 141.8, 125.9, 1.933
[08:44:52] 227.0, 126.0, 1.050
[08:44:53] 138.1, 126.0, 1.120
[08:44:54] 138.4, 126.0, 1.108
[08:44:55] 138.7, 126.0, 1.109
[08:44:56] 138.9, 125.8, 3.491
[08:44:57] 190.1, 125.9, 1.609
[08:44:58] 240.9, 126.0, 1.111
[08:44:59] 137.2, 125.9, 1.106
[08:45:00] 137.6, 125.9, 1.098
[08:45:01] 138.0, 125.9, 1.097
[08:45:02] 138.4, 125.7, 2.925
[08:45:03] 198.8, 125.7, 2.112
[08:45:04] 267.4, 125.9, 1.454
[08:45:05] 220.5, 125.9, 1.109
[08:45:06] 141.4, 125.9, 1.111
[08:45:07] 141.3, 125.9, 1.110
[08:45:08] 141.3, 125.8, 1.119
[08:45:09] 141.3, 125.7, 2.084
[08:45:10] 222.1, 125.7, 2.111
[08:45:11] 266.5, 125.7, 2.173
[08:45:12] 274.1, 125.7, 2.174
[08:45:13] 274.1, 125.9, 1.120
[08:45:14] 172.2, 125.9, 1.108
[08:45:15] 141.0, 125.9, 1.120
[08:45:16] 141.0, 125.9, 1.120
[08:45:17] 141.0, 125.9, 1.126
[08:45:18] 141.0, 125.7, 2.108
[08:45:19] 266.5, 125.7, 2.165
[08:45:20] 266.8, 125.8, 2.174
[08:45:21] 274.6, 125.7, 2.173
[08:45:22] 274.5, 125.7, 2.174
[08:45:23] 274.6, 125.7, 2.174
[08:45:24] 274.6, 125.8, 2.175
[08:45:25] 274.6, 126.0, 1.527
[08:45:26] 217.8, 126.0, 1.106
[08:45:27] 141.6, 126.0, 1.121
[08:45:28] 141.5, 126.0, 1.113
[08:45:29] 141.4, 126.0, 1.123
[08:45:30] 141.4, 125.9, 2.113
[08:45:31] 233.0, 125.9, 2.107
[08:45:32] 266.7, 125.8, 2.172
[08:45:33] 274.8, 125.8, 2.175
[08:45:34] 274.8, 125.8, 2.176
[08:45:35] 274.8, 125.8, 2.177
[08:45:36] 274.8, 125.8, 2.175
[08:45:37] 274.9, 125.8, 2.178
[08:45:38] 274.9, 125.8, 2.179
[08:45:39] 275.0, 125.9, 2.179
[08:45:40] 275.0, 125.8, 2.181
[08:45:41] 275.1, 125.8, 2.181
[08:45:42] 275.1, 125.8, 2.180
[08:45:43] 275.1, 125.8, 2.180
[08:45:44] 275.2, 125.8, 2.180
[08:45:45] 269.4, 126.0, 1.117
[08:45:46] 139.2, 126.0, 1.126
[08:45:47] 139.4, 126.0, 1.123
[08:45:48] 139.7, 126.0, 1.097
