<<<[10:52:16] 146.8, 125.6, 1.126
[10:52:17] 146.4, 125.6, 1.132
[10:52:18] 146.0, 125.5, 1.143
[10:52:19] 145.9, 125.4, 1.200
[10:52:20] 155.1, 125.5, 1.175
[10:52:21] 154.4, 125.5, 1.174
[10:52:22] 149.0, 125.5, 1.177
[10:52:23] 148.9, 125.5, 1.174
[10:52:24] 148.9, 125.5, 1.175
[10:52:25] 148.9, 125.6, 1.073
[10:52:26] 168.4, 125.5, 1.105
[10:52:27] 140.1, 125.5, 1.103
[10:52:28] 140.1, 125.5, 1.123
[10:52:29] 140.3, 125.5, 1.135
[10:52:30] 140.6, 125.5, 1.078
[10:52:31] 166.9, 125.5, 1.106
[10:52:32] 140.1, 125.5, 1.117
[10:52:33] 140.1, 125.5, 1.113
[10:52:34] 140.2, 125.6, 1.110
[10:52:35] 140.2, 125.5, 1.082
[10:52:36] 167.6, 125.6, 1.102
[10:52:37] 140.5, 125.5, 1.111
[10:52:38] 140.5, 125.5, 1.108
[10:52:39] 140.5, 125.5, 1.107
[10:52:40] 140.5, 125.5, 1.085
[10:52:41] 167.1, 125.5, 1.106
[10:52:42] 140.3, 125.5, 1.114
[10:52:43] 140.2, 125.5, 1.114
[10:52:44] 140.3, 125.5, 1.110
[10:52:45] 140.2, 125.5, 1.086
[10:52:46] 166.7, 125.5, 1.098
[10:52:47] 139.9, 125.5, 1.109
[10:52:48] 139.9, 125.5, 1.111
[10:52:49] 140.0, 125.4, 1.118
[10:52:50] 140.1, 125.5, 1.086
[10:52:51] 167.1, 125.5, 1.103
[10:52:52] 139.8, 125.5, 1.103
[10:52:53] 139.8, 125.4, 1.106
[10:52:54] 139.9, 125.4, 1.108
[10:52:55] 139.9, 125.4, 1.043
[10:52:56] 174.7, 125.4, 1.046
[10:52:57] 133.1, 125.4, 1.101
[10:52:58] 139.9, 125.4, 1.109
[10:52:59] 139.8, 125.4, 1.114
[10:53:00] 139.8, 125.4, 1.051
[10:53:01] 173.8, 125.4, 1.035
[10:53:02] 132.5, 125.4, 1.105
[10:53:03] 139.9, 125.4, 1.094
[10:53:04] 139.8, 125.3, 1.098
[10:53:05] 139.8, 125.3, 1.570
[10:53:06] 185.0, 125.4, 1.038
[10:53:07] 130.5, 125.4, 1.098
[10:53:08] 139.6, 125.4, 1.105
[10:53:09] 139.5, 125.4, 1.103
[10:53:10] 139.6, 125.3, 2.187
[10:53:11] 191.2, 125.3, 1.032
[10:53:12] 147.0, 125.3, 1.101
[10:53:13] 138.1, 125.4, 1.106
[10:53:14] 138.3, 125.4, 1.108
[10:53:15] 138.5, 125.3, 1.099
[10:53:16] 156.2, 125.3, 1.589
[10:53:17] 223.7, 125.4, 1.107
[10:53:18] 137.9, 125.4, 1.107
[10:53:19] 138.1, 125.4, 1.106
[10:53:20] 138.3, 125.4, 1.107
[10:53:21] 138.5, 125.3, 2.693
[10:53:22] 186.6, 125.3, 1.829
[10:53:23] 231.4, 125.4, 1.118
[10:53:24] 169.3, 125.4, 1.109
[10:53:25] 139.6, 125.4, 1.115
[10:53:26] 139.6, 125.4, 1.100
[10:53:27] 139.7, 125.5, 1.105
[10:53:28] 139.7, 125.4, 1.827
[10:53:29] 240.9, 125.4, 1.892
[10:53:30] 233.5, 125.4, 1.898
[10:53:31] 233.8, 125.5, 1.101
[10:53:32] 155.7, 125.4, 1.105
[10:53:33] 140.1, 125.4, 1.109
[10:53:34] 140.1, 125.4, 1.100
[10:53:35] 140.0, 125.4, 1.107
[10:53:36] 168.4, 125.3, 1.837
[10:53:37] 228.6, 125.3, 1.898
[10:53:38] 235.2, 125.3, 1.900
[10:53:39] 235.6, 125.3, 1.901
[10:53:40] 236.1, 125.3, 1.903
[10:53:41] 236.6, 125.3, 1.625
[10:53:42] 214.7, 125.4, 1.104
[10:53:43] 139.2, 125.4, 1.113
[10:53:44] 139.3, 125.5, 1.103
[10:53:45] 139.4, 125.5, 1.105
[10:53:46] 139.4, 125.4, 1.954
[10:53:47] 198.4, 125.4, 1.835
[10:53:48] 231.9, 125.4, 1.897
[10:53:49] 238.2, 125.4, 1.897
[10:53:50] 238.3, 125.4, 1.899
[10:53:51] 238.4, 125.4, 1.898
[10:53:52] 238.6, 125.4, 1.900
[10:53:53] 238.6, 125.4, 1.899
[10:53:54] 238.7, 125.4, 1.902
[10:53:55] 238.9, 125.4, 1.901
[10:53:56] 238.9, 125.4, 1.901
[10:53:57] 239.0, 125.3, 1.884
[10:53:58] 222.5, 125.5, 1.100
[10:53:59] 140.8, 125.4, 1.099
[10:54:00] 140.7, 125.4, 1.115
[10:54:01] 140.8, 125.4, 1.125
