<<<[18:46:27] 141.1, 125.6, 1.130
[18:46:28] 141.4, 125.6, 1.127
[18:46:29] 141.7, 125.6, 1.136
[18:46:30] 142.0, 125.6, 1.249
[18:46:31] 149.9, 125.6, 1.180
[18:46:32] 150.0, 125.6, 1.179
[18:46:33] 149.9, 125.6, 1.173
[18:46:34] 149.8, 125.6, 1.180
[18:46:35] 149.7, 125.6, 1.188
[18:46:36] 149.7, 125.6, 1.139
[18:46:37] 172.2, 125.6, 1.158
[18:46:38] 145.9, 125.6, 1.149
[18:46:39] 145.8, 125.6, 1.139
[18:46:40] 145.6, 125.6, 1.137
[18:46:41] 145.4, 125.6, 1.111
[18:46:42] 171.4, 125.6, 1.125
[18:46:43] 142.5, 125.6, 1.125
[18:46:44] 142.4, 125.5, 1.119
[18:46:45] 142.3, 125.6, 1.126
[18:46:46] 142.3, 125.6, 1.097
[18:46:47] 170.2, 125.6, 1.116
[18:46:48] 141.2, 125.6, 1.111
[18:46:49] 141.2, 125.6, 1.119
[18:46:50] 141.2, 125.6, 1.119
[18:46:51] 141.3, 125.6, 1.089
[18:46:52] 169.3, 125.6, 1.115
[18:46:53] 141.4, 125.5, 1.110
[18:46:54] 141.3, 125.6, 1.108
[18:46:55] 141.3, 125.6, 1.111
[18:46:56] 141.3, 125.6, 1.084
[18:46:57] 168.9, 125.6, 1.107
[18:46:58] 140.5, 125.6, 1.112
[18:46:59] 140.5, 125.6, 1.112
[18:47:00] 140.5, 125.6, 1.114
[18:47:01] 140.6, 125.7, 1.082
[18:47:02] 168.4, 125.6, 1.113
[18:47:03] 140.7, 125.6, 1.107
[18:47:04] 140.6, 125.6, 1.102
[18:47:05] 140.6, 125.6, 1.105
[18:47:06] 140.5, 125.6, 1.076
[18:47:07] 166.0, 125.6, 1.098
[18:47:08] 139.8, 125.6, 1.103
[18:47:09] 139.8, 125.6, 1.105
[18:47:10] 139.9, 125.6, 1.107
[18:47:11] 139.9, 125.7, 1.023
[18:47:12] 172.5, 125.6, 1.045
[18:47:13] 133.6, 125.6, 1.108
[18:47:14] 139.9, 125.6, 1.103
[18:47:15] 139.9, 125.6, 1.110
[18:47:16] 140.0, 125.5, 1.464
[18:47:17] 182.3, 125.6, 1.038
[18:47:18] 132.5, 125.6, 1.101
[18:47:19] 139.9, 125.6, 1.107
[18:47:20] 139.8, 125.6, 1.109
[18:47:21] 139.9, 125.6, 1.933
[18:47:22] 191.2, 125.6, 1.042
[18:47:23] 144.3, 125.6, 1.101
[18:47:24] 138.3, 125.5, 1.098
[18:47:25] 138.4, 125.5, 1.107
[18:47:26] 138.6, 125.6, 1.113
[18:47:27] 165.1, 125.5, 1.596
[18:47:28] 209.6, 125.6, 1.103
[18:47:29] 134.3, 125.6, 1.104
[18:47:30] 139.4, 125.6, 1.107
[18:47:31] 139.4, 125.6, 1.114
[18:47:32] 139.6, 125.5, 2.615
[18:47:33] 182.8, 125.6, 1.721
[18:47:34] 217.8, 125.6, 1.115
[18:47:35] 165.3, 125.6, 1.096
[18:47:36] 139.8, 125.6, 1.101
[18:47:37] 139.8, 125.7, 1.100
[18:47:38] 139.8, 125.6, 1.107
[18:47:39] 139.9, 125.5, 1.722
[18:47:40] 224.5, 125.5, 1.747
[18:47:41] 219.2, 125.5, 1.783
[18:47:42] 225.0, 125.6, 1.119
[18:47:43] 166.9, 125.6, 1.103
[18:47:44] 139.9, 125.6, 1.102
[18:47:45] 139.8, 125.6, 1.103
[18:47:46] 139.8, 125.6, 1.102
[18:47:47] 139.8, 125.5, 1.716
[18:47:48] 229.2, 125.4, 1.789
[18:47:49] 219.9, 125.5, 1.785
[18:47:50] 225.2, 125.4, 1.786
[18:47:51] 225.2, 125.5, 1.787
[18:47:52] 225.2, 125.5, 1.788
[18:47:53] 225.1, 125.6, 1.100
[18:47:54] 153.0, 125.6, 1.109
[18:47:55] 139.9, 125.6, 1.105
[18:47:56] 139.9, 125.6, 1.105
[18:47:57] 139.9, 125.6, 1.110
[18:47:58] 161.3, 125.5, 1.724
[18:47:59] 218.7, 125.4, 1.788
[18:48:00] 218.9, 125.4, 1.788
[18:48:01] 225.4, 125.4, 1.787
[18:48:02] 225.4, 125.3, 1.790
[18:48:03] 225.4, 125.4, 1.791
[18:48:04] 225.4, 125.4, 1.790
[18:48:05] 225.4, 125.4, 1.791
[18:48:06] 225.5, 125.4, 1.792
[18:48:07] 225.5, 125.4, 1.792
[18:48:08] 225.6, 125.5, 1.788
[18:48:09] 225.6, 125.6, 1.171
[18:48:10] 196.8, 125.6, 1.106
[18:48:11] 140.7, 125.6, 1.111
[18:48:12] 140.6, 125.5, 1.106
[18:48:13] 140.6, 125.5, 1.108
