<<<[07:49:19] 140.8, 125.9, 1.132
[07:49:20] 141.1, 125.9, 1.147
[07:49:21] 141.5, 125.8, 1.168
[07:49:22] 142.2, 125.9, 1.236
[07:49:23] 151.5, 125.9, 1.276
[07:49:24] 158.6, 126.0, 1.250
[07:49:25] 158.6, 125.9, 1.279
[07:49:26] 158.5, 126.0, 1.172
[07:49:27] 149.7, 126.0, 1.184
[07:49:28] 149.6, 126.0, 1.175
[07:49:29] 149.6, 126.0, 1.162
[07:49:30] 149.5, 126.0, 1.170
[07:49:31] 157.3, 126.0, 1.102
[07:49:32] 157.3, 126.0, 1.105
[07:49:33] 140.7, 126.0, 1.107
[07:49:34] 140.6, 126.0, 1.102
[07:49:35] 140.6, 126.0, 1.103
[07:49:36] 150.6, 126.0, 1.096
[07:49:37] 157.0, 126.0, 1.104
[07:49:38] 140.3, 126.0, 1.100
[07:49:39] 140.2, 126.0, 1.103
[07:49:40] 140.2, 126.1, 1.101
[07:49:41] 149.9, 126.1, 1.101
[07:49:42] 157.1, 126.0, 1.098
[07:49:43] 139.9, 126.1, 1.096
[07:49:44] 139.8, 126.1, 1.102
[07:49:45] 139.8, 126.1, 1.103
[07:49:46] 149.2, 126.0, 1.095
[07:49:47] 157.5, 126.0, 1.104
[07:49:48] 139.8, 125.9, 1.101
[07:49:49] 139.8, 126.0, 1.104
[07:49:50] 139.8, 126.0, 1.103
[07:49:51] 167.3, 126.0, 1.041
[07:49:52] 146.3, 126.0, 1.099
[07:49:53] 136.0, 126.0, 1.099
[07:49:54] 136.4, 126.0, 1.097
[07:49:55] 136.9, 126.0, 1.097
[07:49:56] 166.4, 126.0, 1.034
[07:49:57] 147.0, 126.0, 1.098
[07:49:58] 136.0, 125.9, 1.100
[07:49:59] 136.4, 125.9, 1.101
[07:50:00] 136.9, 125.9, 1.100
[07:50:01] 160.8, 125.9, 1.038
[07:50:02] 153.7, 125.9, 1.100
[07:50:03] 136.0, 125.9, 1.099
[07:50:04] 136.4, 126.0, 1.098
[07:50:05] 136.8, 125.9, 1.098
[07:50:06] 137.2, 125.9, 1.046
[07:50:07] 189.0, 125.9, 1.107
[07:50:08] 134.7, 125.8, 1.102
[07:50:09] 139.8, 125.9, 1.106
[07:50:10] 139.8, 125.8, 1.101
[07:50:11] 139.8, 125.8, 1.541
[07:50:12] 218.5, 125.8, 1.063
[07:50:13] 132.5, 125.9, 1.098
[07:50:14] 139.8, 125.9, 1.101
[07:50:15] 139.8, 125.9, 1.102
[07:50:16] 139.8, 125.8, 2.249
[07:50:17] 215.4, 125.9, 1.039
[07:50:18] 179.0, 125.9, 1.098
[07:50:19] 138.7, 126.0, 1.096
[07:50:20] 139.1, 125.9, 1.099
[07:50:21] 139.2, 125.9, 1.102
[07:50:22] 139.3, 125.8, 2.162
[07:50:23] 258.3, 125.9, 1.537
[07:50:24] 234.1, 125.9, 1.098
[07:50:25] 138.3, 125.9, 1.102
[07:50:26] 138.4, 125.9, 1.100
[07:50:27] 138.6, 125.9, 1.103
[07:50:28] 138.8, 125.8, 2.304
[07:50:29] 212.5, 125.8, 2.144
[07:50:30] 271.5, 125.8, 2.214
[07:50:31] 278.1, 125.8, 1.108
[07:50:32] 190.1, 125.9, 1.103
[07:50:33] 139.9, 125.9, 1.102
[07:50:34] 139.8, 125.9, 1.104
[07:50:35] 139.9, 125.8, 1.100
[07:50:36] 139.9, 125.7, 2.176
[07:50:37] 252.9, 125.7, 2.152
[07:50:38] 272.8, 125.7, 2.217
[07:50:39] 279.7, 125.8, 2.216
[07:50:40] 279.6, 125.7, 2.220
[07:50:41] 279.7, 125.8, 1.640
[07:50:42] 246.9, 125.9, 1.102
[07:50:43] 139.0, 125.9, 1.102
[07:50:44] 139.1, 125.9, 1.098
[07:50:45] 139.2, 125.9, 1.105
[07:50:46] 139.3, 125.7, 2.765
[07:50:47] 202.4, 125.7, 2.150
[07:50:48] 272.3, 125.7, 2.219
[07:50:49] 277.7, 125.7, 2.221
[07:50:50] 277.9, 125.7, 2.222
[07:50:51] 278.2, 125.6, 2.224
[07:50:52] 278.5, 125.6, 2.225
[07:50:53] 278.7, 125.6, 2.222
[07:50:54] 278.9, 125.6, 2.219
[07:50:55] 279.1, 125.6, 2.223
[07:50:56] 279.2, 125.6, 2.218
[07:50:57] 279.3, 125.8, 1.137
[07:50:58] 197.3, 125.8, 1.106
[07:50:59] 140.3, 125.8, 1.102
[07:51:00] 140.2, 125.8, 1.101
