<<<[16:59:43] 141.1, 125.2, 1.121
[16:59:44] 141.1, 125.2, 1.125
[16:59:45] 141.3, 125.2, 1.128
[16:59:46] 141.6, 125.2, 1.229
[16:59:47] 149.4, 125.2, 1.271
[16:59:48] 158.9, 125.2, 1.276
[16:59:49] 159.0, 125.2, 1.277
[16:59:50] 159.2, 125.2, 1.266
[16:59:51] 159.4, 125.2, 1.277
[16:59:52] 159.6, 125.2, 1.273
[16:59:53] 159.7, 125.2, 1.272
[16:59:54] 159.9, 125.1, 1.276
[16:59:55] 159.9, 125.1, 1.258
[16:59:56] 159.7, 125.1, 1.256
[16:59:57] 159.5, 125.1, 1.257
[16:59:58] 159.3, 125.2, 1.260
[16:59:59] 159.1, 124.9, 1.240
[17:00:00] 159.2, 125.1, 1.263
[17:00:01] 159.1, 125.1, 1.266
[17:00:02] 159.0, 125.0, 1.244
[17:00:03] 158.7, 125.1, 1.245
[17:00:04] 158.6, 125.0, 1.278
[17:00:05] 159.0, 125.1, 1.241
[17:00:06] 158.6, 125.0, 1.182
[17:00:07] 149.4, 125.1, 1.193
[17:00:08] 149.4, 125.1, 1.185
[17:00:09] 149.4, 125.1, 1.180
[17:00:10] 149.3, 125.0, 1.299
[17:00:11] 162.4, 125.1, 1.108
[17:00:12] 151.2, 125.1, 1.111
[17:00:13] 139.8, 125.0, 1.110
[17:00:14] 139.8, 125.1, 1.110
[17:00:15] 139.8, 124.9, 2.838
[17:00:16] 170.7, 125.1, 1.042
[17:00:17] 143.0, 125.1, 1.108
[17:00:18] 137.0, 125.2, 1.108
[17:00:19] 137.3, 125.1, 1.111
[17:00:20] 137.7, 125.1, 1.124
[17:00:21] 172.7, 125.1, 1.046
[17:00:22] 142.5, 125.1, 1.111
[17:00:23] 136.9, 125.1, 1.109
[17:00:24] 137.2, 125.1, 1.107
[17:00:25] 137.6, 125.1, 1.107
[17:00:26] 173.4, 125.1, 1.043
[17:00:27] 143.4, 125.0, 1.108
[17:00:28] 136.3, 125.1, 1.107
[17:00:29] 136.7, 125.1, 1.105
[17:00:30] 137.1, 125.2, 1.106
[17:00:31] 151.0, 125.1, 1.072
[17:00:32] 181.9, 125.1, 1.111
[17:00:33] 135.2, 125.2, 1.110
[17:00:34] 135.7, 125.1, 1.113
[17:00:35] 136.3, 125.2, 1.110
[17:00:36] 136.7, 125.1, 1.527
[17:00:37] 226.8, 125.2, 1.083
[17:00:38] 134.0, 125.2, 1.111
[17:00:39] 139.8, 125.1, 1.109
[17:00:40] 139.8, 125.1, 1.111
[17:00:41] 139.8, 125.0, 2.334
[17:00:42] 230.6, 125.0, 1.064
[17:00:43] 180.1, 125.1, 1.107
[17:00:44] 139.0, 125.1, 1.109
[17:00:45] 139.1, 125.1, 1.107
[17:00:46] 139.1, 125.1, 1.114
[17:00:47] 139.2, 125.0, 2.363
[17:00:48] 277.0, 125.1, 1.574
[17:00:49] 247.8, 125.2, 1.106
[17:00:50] 139.6, 125.2, 1.108
[17:00:51] 139.6, 125.2, 1.103
[17:00:52] 139.6, 125.2, 1.103
[17:00:53] 139.7, 125.1, 2.679
[17:00:54] 212.0, 125.1, 2.343
[17:00:55] 295.3, 125.0, 2.407
[17:00:56] 300.7, 125.2, 1.117
[17:00:57] 223.2, 125.2, 1.109
[17:00:58] 139.9, 125.2, 1.111
[17:00:59] 139.9, 125.1, 1.109
[17:01:00] 139.9, 125.1, 1.109
[17:01:01] 139.9, 124.9, 2.322
[17:01:02] 243.5, 125.0, 2.343
[17:01:03] 293.8, 124.9, 2.406
[17:01:04] 301.8, 125.0, 2.409
[17:01:05] 301.8, 125.0, 2.410
[17:01:06] 301.8, 125.0, 2.410
[17:01:07] 301.9, 125.2, 1.109
[17:01:08] 160.9, 125.2, 1.109
[17:01:09] 139.9, 125.2, 1.112
[17:01:10] 139.9, 125.2, 1.110
[17:01:11] 139.9, 125.1, 1.110
[17:01:12] 139.9, 125.0, 2.336
[17:01:13] 302.9, 125.1, 2.412
[17:01:14] 296.9, 125.0, 2.401
[17:01:15] 302.1, 125.0, 2.409
[17:01:16] 302.1, 125.0, 2.412
[17:01:17] 302.2, 125.0, 2.406
[17:01:18] 302.1, 125.0, 2.415
[17:01:19] 302.2, 125.0, 2.415
[17:01:20] 302.3, 125.0, 2.416
[17:01:21] 302.4, 124.9, 2.412
[17:01:22] 302.5, 124.9, 2.410
[17:01:23] 302.6, 125.1, 1.115
[17:01:24] 186.8, 125.1, 1.115
[17:01:25] 140.1, 125.1, 1.111
[17:01:26] 140.0, 125.0, 1.114
