<<<[18:52:06] 140.2, 125.6, 1.131
[18:52:07] 140.5, 125.6, 1.148
[18:52:08] 140.9, 125.7, 1.156
[18:52:09] 141.4, 125.6, 1.246
[18:52:10] 157.1, 125.6, 1.178
[18:52:11] 156.5, 125.6, 1.181
[18:52:12] 149.2, 125.6, 1.182
[18:52:13] 149.2, 125.6, 1.183
[18:52:14] 149.3, 125.6, 1.182
[18:52:15] 149.3, 125.6, 1.601
[18:52:16] 171.1, 125.6, 1.113
[18:52:17] 141.0, 125.6, 1.116
[18:52:18] 141.0, 125.6, 1.119
[18:52:19] 141.0, 125.6, 1.127
[18:52:20] 141.2, 125.5, 1.611
[18:52:21] 168.0, 125.6, 1.118
[18:52:22] 141.6, 125.6, 1.113
[18:52:23] 141.5, 125.6, 1.115
[18:52:24] 141.4, 125.6, 1.117
[18:52:25] 141.6, 125.5, 1.612
[18:52:26] 168.0, 125.6, 1.113
[18:52:27] 140.5, 125.6, 1.115
[18:52:28] 140.5, 125.6, 1.116
[18:52:29] 140.5, 125.6, 1.127
[18:52:30] 140.7, 125.6, 1.620
[18:52:31] 167.5, 125.6, 1.106
[18:52:32] 140.7, 125.6, 1.105
[18:52:33] 140.6, 125.7, 1.111
[18:52:34] 140.6, 125.7, 1.118
[18:52:35] 140.6, 125.6, 1.622
[18:52:36] 166.7, 125.7, 1.109
[18:52:37] 139.9, 125.7, 1.109
[18:52:38] 140.0, 125.7, 1.108
[18:52:39] 140.0, 125.7, 1.111
[18:52:40] 140.1, 125.6, 1.639
[18:52:41] 166.5, 125.7, 1.109
[18:52:42] 140.5, 125.7, 1.099
[18:52:43] 140.4, 125.6, 1.100
[18:52:44] 140.3, 125.7, 1.108
[18:52:45] 140.3, 125.6, 1.641
[18:52:46] 176.9, 125.7, 1.041
[18:52:47] 131.6, 125.6, 1.103
[18:52:48] 139.0, 125.6, 1.104
[18:52:49] 139.0, 125.6, 1.105
[18:52:50] 163.3, 125.6, 1.107
[18:52:51] 174.7, 125.6, 1.040
[18:52:52] 131.8, 125.6, 1.103
[18:52:53] 138.7, 125.6, 1.102
[18:52:54] 138.8, 125.6, 1.110
[18:52:55] 138.9, 125.5, 2.659
[18:52:56] 180.7, 125.7, 1.041
[18:52:57] 135.2, 125.6, 1.102
[18:52:58] 135.5, 125.6, 1.109
[18:52:59] 136.0, 125.6, 1.101
[18:53:00] 136.5, 125.6, 1.113
[18:53:01] 172.0, 125.6, 1.058
[18:53:02] 165.1, 125.7, 1.096
[18:53:03] 136.3, 125.6, 1.099
[18:53:04] 136.7, 125.7, 1.102
[18:53:05] 137.0, 125.7, 1.105
[18:53:06] 137.4, 125.6, 1.799
[18:53:07] 220.5, 125.7, 1.033
[18:53:08] 150.4, 125.7, 1.100
[18:53:09] 139.4, 125.7, 1.103
[18:53:10] 139.4, 125.7, 1.105
[18:53:11] 139.5, 125.7, 1.102
[18:53:12] 139.6, 125.6, 1.767
[18:53:13] 239.7, 125.6, 1.649
[18:53:14] 207.1, 125.6, 1.104
[18:53:15] 138.7, 125.6, 1.101
[18:53:16] 138.7, 125.6, 1.105
[18:53:17] 138.9, 125.5, 1.107
[18:53:18] 139.0, 125.5, 1.855
[18:53:19] 196.2, 125.5, 1.771
[18:53:20] 223.7, 125.4, 1.833
[18:53:21] 230.6, 125.5, 1.646
[18:53:22] 213.3, 125.6, 1.105
[18:53:23] 138.5, 125.6, 1.107
[18:53:24] 138.6, 125.6, 1.102
[18:53:25] 138.8, 125.6, 1.102
[18:53:26] 139.0, 125.5, 1.974
[18:53:27] 193.3, 125.5, 1.769
[18:53:28] 224.1, 125.5, 1.833
[18:53:29] 230.1, 125.5, 1.834
[18:53:30] 230.2, 125.6, 1.834
[18:53:31] 230.4, 125.6, 1.836
[18:53:32] 230.5, 125.6, 1.629
[18:53:33] 216.0, 125.7, 1.109
[18:53:34] 139.0, 125.6, 1.100
[18:53:35] 139.1, 125.7, 1.108
[18:53:36] 139.2, 125.7, 1.097
[18:53:37] 139.2, 125.6, 2.392
[18:53:38] 187.2, 125.6, 1.769
[18:53:39] 224.3, 125.6, 1.835
[18:53:40] 229.7, 125.5, 1.837
[18:53:41] 229.9, 125.6, 1.837
[18:53:42] 230.1, 125.6, 1.838
[18:53:43] 230.4, 125.6, 1.837
[18:53:44] 230.5, 125.6, 1.838
[18:53:45] 230.7, 125.6, 1.836
[18:53:46] 230.9, 125.6, 1.838
[18:53:47] 231.1, 125.6, 1.841
[18:53:48] 231.2, 125.6, 1.840
[18:53:49] 231.4, 125.7, 1.532
[18:53:50] 208.0, 125.7, 1.111
[18:53:51] 141.4, 125.7, 1.105
[18:53:52] 141.2, 125.8, 1.107
[18:53:53] 141.1, 125.7, 1.108
