<<<[06:02:47] 145.7, 125.8, 1.119
[06:02:48] 145.3, 125.9, 1.129
[06:02:49] 145.0, 125.9, 1.137
[06:02:50] 145.0, 125.9, 1.243
[06:02:51] 150.8, 125.9, 1.176
[06:02:52] 150.8, 125.9, 1.182
[06:02:53] 150.6, 125.9, 1.177
[06:02:54] 150.5, 125.9, 1.180
[06:02:55] 150.3, 125.9, 1.175
[06:02:56] 150.2, 126.0, 1.372
[06:02:57] 171.3, 125.9, 1.143
[06:02:58] 145.4, 126.0, 1.139
[06:02:59] 145.2, 125.9, 1.135
[06:03:00] 145.1, 125.9, 1.136
[06:03:01] 145.0, 126.0, 1.398
[06:03:02] 170.5, 126.0, 1.135
[06:03:03] 144.3, 126.1, 1.130
[06:03:04] 144.1, 126.0, 1.115
[06:03:05] 144.0, 126.1, 1.115
[06:03:06] 143.8, 126.0, 1.405
[06:03:07] 169.6, 126.1, 1.114
[06:03:08] 142.1, 126.0, 1.119
[06:03:09] 142.0, 126.1, 1.116
[06:03:10] 142.0, 126.1, 1.123
[06:03:11] 142.1, 126.0, 1.418
[06:03:12] 169.3, 126.0, 1.108
[06:03:13] 141.9, 126.0, 1.118
[06:03:14] 141.9, 126.0, 1.117
[06:03:15] 141.8, 126.0, 1.115
[06:03:16] 141.8, 125.9, 1.442
[06:03:17] 168.7, 126.0, 1.111
[06:03:18] 141.8, 126.0, 1.114
[06:03:19] 141.7, 126.0, 1.116
[06:03:20] 141.6, 126.0, 1.111
[06:03:21] 141.6, 126.0, 1.460
[06:03:22] 169.3, 126.0, 1.109
[06:03:23] 141.4, 126.0, 1.109
[06:03:24] 141.3, 126.0, 1.103
[06:03:25] 141.2, 126.0, 1.107
[06:03:26] 141.2, 126.0, 1.467
[06:03:27] 168.4, 125.9, 1.106
[06:03:28] 140.7, 125.9, 1.105
[06:03:29] 140.6, 125.9, 1.109
[06:03:30] 140.6, 125.9, 1.116
[06:03:31] 140.6, 126.0, 1.453
[06:03:32] 178.5, 126.0, 1.045
[06:03:33] 132.9, 126.0, 1.100
[06:03:34] 140.7, 126.0, 1.104
[06:03:35] 140.6, 125.9, 1.103
[06:03:36] 140.5, 125.9, 1.464
[06:03:37] 176.3, 126.0, 1.040
[06:03:38] 133.1, 126.0, 1.107
[06:03:39] 140.3, 126.0, 1.108
[06:03:40] 140.3, 125.9, 1.109
[06:03:41] 140.3, 125.9, 1.670
[06:03:42] 190.8, 125.9, 1.045
[06:03:43] 130.9, 125.9, 1.105
[06:03:44] 139.9, 125.9, 1.111
[06:03:45] 139.9, 125.9, 1.100
[06:03:46] 140.0, 125.8, 2.420
[06:03:47] 187.2, 126.0, 1.027
[06:03:48] 144.5, 125.9, 1.102
[06:03:49] 138.3, 125.9, 1.099
[06:03:50] 138.5, 125.9, 1.108
[06:03:51] 138.7, 126.0, 1.103
[06:03:52] 170.0, 125.9, 1.511
[06:03:53] 195.7, 125.9, 1.104
[06:03:54] 137.0, 126.0, 1.102
[06:03:55] 137.3, 126.0, 1.102
[06:03:56] 137.6, 126.0, 1.105
[06:03:57] 137.9, 125.9, 1.837
[06:03:58] 212.3, 125.9, 1.506
[06:03:59] 199.0, 126.0, 1.103
[06:04:00] 140.5, 126.0, 1.105
[06:04:01] 140.4, 126.0, 1.102
[06:04:02] 140.4, 126.0, 1.110
[06:04:03] 140.4, 125.9, 1.826
[06:04:04] 210.4, 125.9, 1.841
[06:04:05] 233.0, 125.9, 1.579
[06:04:06] 208.4, 125.9, 1.107
[06:04:07] 140.7, 125.9, 1.107
[06:04:08] 140.6, 125.9, 1.102
[06:04:09] 140.5, 125.9, 1.100
[06:04:10] 140.5, 125.8, 1.823
[06:04:11] 205.5, 125.9, 1.842
[06:04:12] 233.3, 125.9, 1.908
[06:04:13] 240.9, 125.9, 1.909
[06:04:14] 241.0, 125.9, 1.560
[06:04:15] 211.6, 126.0, 1.104
[06:04:16] 140.3, 126.0, 1.100
[06:04:17] 140.2, 126.0, 1.103
[06:04:18] 140.2, 126.0, 1.101
[06:04:19] 140.3, 125.9, 1.950
[06:04:20] 198.4, 125.9, 1.844
[06:04:21] 233.7, 125.9, 1.909
[06:04:22] 240.4, 125.9, 1.911
[06:04:23] 240.5, 125.9, 1.911
[06:04:24] 240.7, 125.8, 1.912
[06:04:25] 240.8, 125.8, 1.909
[06:04:26] 241.0, 125.8, 1.912
[06:04:27] 241.0, 125.8, 1.711
[06:04:28] 231.5, 125.9, 1.107
[06:04:29] 140.3, 125.9, 1.102
[06:04:30] 140.2, 125.9, 1.103
[06:04:31] 140.2, 126.0, 1.106
[06:04:32] 140.2, 125.8, 3.183
[06:04:33] 184.8, 125.8, 1.849
[06:04:34] 233.5, 125.8, 1.912
[06:04:35] 239.7, 125.8, 1.912
[06:04:36] 239.9, 125.8, 1.910
[06:04:37] 240.2, 125.9, 1.912
[06:04:38] 240.4, 125.8, 1.912
[06:04:39] 240.5, 125.8, 1.912
[06:04:40] 240.7, 125.8, 1.912
[06:04:41] 240.8, 125.8, 1.912
[06:04:42] 241.0, 125.7, 1.911
[06:04:43] 241.1, 125.8, 1.914
[06:04:44] 241.2, 125.8, 1.911
[06:04:45] 241.3, 125.8, 1.912
[06:04:46] 241.3, 125.8, 1.911
[06:04:47] 241.4, 125.8, 1.914
[06:04:48] 241.5, 125.8, 1.913
[06:04:49] 241.5, 125.9, 1.110
[06:04:50] 140.7, 125.9, 1.105
[06:04:51] 140.7, 126.0, 1.106
[06:04:52] 140.6, 125.9, 1.101
