<<<[06:26:01] 142.2, 125.9, 1.141
[06:26:02] 142.4, 125.9, 1.125
[06:26:03] 142.7, 125.9, 1.165
[06:26:04] 143.2, 125.9, 1.192
[06:26:05] 149.0, 125.9, 1.143
[06:26:06] 143.9, 125.9, 1.142
[06:26:07] 144.0, 125.9, 1.141
[06:26:08] 144.1, 125.9, 1.146
[06:26:09] 144.5, 125.9, 1.162
[06:26:10] 151.3, 125.9, 1.150
[06:26:11] 168.5, 126.0, 1.141
[06:26:12] 144.6, 125.9, 1.127
[06:26:13] 144.4, 125.9, 1.134
[06:26:14] 144.3, 125.9, 1.127
[06:26:15] 144.4, 125.9, 1.134
[06:26:16] 167.3, 125.9, 1.127
[06:26:17] 143.2, 125.9, 1.124
[06:26:18] 143.1, 125.9, 1.117
[06:26:19] 142.9, 125.9, 1.115
[06:26:20] 143.1, 125.9, 1.125
[06:26:21] 166.0, 125.9, 1.113
[06:26:22] 141.8, 125.9, 1.112
[06:26:23] 141.7, 125.9, 1.123
[06:26:24] 141.7, 126.0, 1.118
[06:26:25] 142.0, 125.9, 1.119
[06:26:26] 165.6, 125.9, 1.110
[06:26:27] 141.0, 126.0, 1.106
[06:26:28] 141.0, 126.0, 1.113
[06:26:29] 140.9, 125.9, 1.114
[06:26:30] 141.3, 126.0, 1.118
[06:26:31] 165.1, 126.0, 1.108
[06:26:32] 140.7, 126.0, 1.106
[06:26:33] 140.7, 126.0, 1.109
[06:26:34] 140.7, 126.0, 1.110
[06:26:35] 141.1, 126.0, 1.106
[06:26:36] 164.6, 126.0, 1.104
[06:26:37] 140.5, 126.0, 1.103
[06:26:38] 140.5, 126.0, 1.105
[06:26:39] 140.4, 125.9, 1.102
[06:26:40] 140.7, 126.0, 1.105
[06:26:41] 164.7, 126.0, 1.106
[06:26:42] 140.7, 126.0, 1.107
[06:26:43] 140.6, 126.0, 1.101
[06:26:45] 140.5, 126.0, 1.106
[06:26:46] 140.8, 126.0, 1.107
[06:26:47] 164.7, 126.0, 1.105
[06:26:48] 140.1, 125.9, 1.105
[06:26:49] 140.0, 126.0, 1.102
[06:26:50] 140.0, 125.9, 1.107
[06:26:51] 140.3, 125.9, 1.106
[06:26:52] 164.2, 125.9, 1.096
[06:26:53] 139.9, 126.0, 1.098
[06:26:54] 139.9, 126.0, 1.109
[06:26:55] 139.9, 126.0, 1.113
[06:26:56] 140.3, 125.9, 1.051
[06:26:57] 169.3, 126.0, 1.111
[06:26:58] 135.6, 125.9, 1.095
[06:26:59] 136.1, 126.0, 1.101
[06:27:00] 136.6, 125.8, 1.105
[06:27:01] 137.0, 126.0, 1.047
[06:27:02] 171.1, 125.8, 1.106
[06:27:03] 135.1, 125.9, 1.103
[06:27:04] 135.7, 125.9, 1.102
[06:27:05] 136.2, 125.9, 1.108
[06:27:06] 136.7, 125.9, 1.015
[06:27:07] 182.5, 125.9, 1.106
[06:27:08] 134.7, 126.0, 1.101
[06:27:09] 139.8, 125.9, 1.099
[06:27:10] 139.7, 125.9, 1.106
[06:27:11] 139.8, 125.9, 1.608
[06:27:12] 206.7, 126.0, 1.034
[06:27:13] 130.5, 125.9, 1.104
[06:27:14] 139.9, 125.9, 1.107
[06:27:15] 139.9, 126.0, 1.097
[06:27:16] 140.0, 125.8, 2.290
[06:27:17] 190.4, 125.9, 1.025
[06:27:18] 176.1, 125.9, 1.102
[06:27:19] 138.3, 125.9, 1.102
[06:27:20] 138.4, 125.9, 1.102
[06:27:21] 138.6, 125.9, 1.097
[06:27:22] 138.7, 125.8, 1.838
[06:27:23] 220.1, 125.9, 1.562
[06:27:24] 214.5, 125.9, 1.101
[06:27:25] 138.3, 126.0, 1.102
[06:27:26] 138.5, 125.9, 1.104
[06:27:27] 138.7, 125.9, 1.106
[06:27:28] 138.9, 125.8, 2.393
[06:27:29] 187.9, 125.9, 1.801
[06:27:30] 229.2, 125.9, 1.865
[06:27:31] 234.6, 126.0, 1.305
[06:27:32] 196.2, 126.0, 1.107
[06:27:33] 140.7, 126.0, 1.104
[06:27:34] 140.6, 126.0, 1.108
[06:27:35] 140.5, 126.0, 1.100
[06:27:36] 140.5, 125.9, 1.835
[06:27:37] 216.3, 125.9, 1.787
[06:27:38] 228.6, 125.9, 1.867
[06:27:39] 236.6, 125.9, 1.869
[06:27:40] 236.5, 125.8, 1.869
[06:27:41] 236.5, 125.9, 1.727
[06:27:42] 228.5, 125.9, 1.104
[06:27:43] 147.9, 125.9, 1.109
[06:27:44] 140.5, 125.9, 1.109
[06:27:45] 140.4, 125.9, 1.102
[06:27:46] 140.4, 125.7, 3.258
[06:27:47] 181.4, 125.9, 1.803
[06:27:48] 227.9, 125.8, 1.867
[06:27:49] 234.2, 125.8, 1.871
[06:27:50] 234.5, 125.8, 1.873
[06:27:51] 234.7, 125.9, 1.871
[06:27:52] 235.0, 125.8, 1.873
[06:27:53] 235.3, 125.8, 1.874
[06:27:54] 235.5, 125.9, 1.872
[06:27:55] 235.7, 125.8, 1.875
[06:27:56] 235.9, 125.9, 1.876
[06:27:57] 236.1, 126.0, 1.125
[06:27:58] 188.5, 126.0, 1.105
[06:27:59] 140.1, 126.0, 1.106
[06:28:00] 140.0, 125.9, 1.103
