<<<[08:04:29] 140.9, 126.2, 1.114
[08:04:30] 141.1, 126.2, 1.117
[08:04:31] 141.3, 126.1, 1.131
[08:04:32] 141.6, 126.1, 1.273
[08:04:33] 155.9, 126.1, 1.271
[08:04:34] 156.5, 126.1, 1.270
[08:04:35] 161.7, 126.0, 1.252
[08:04:36] 161.4, 126.0, 1.277
[08:04:37] 161.4, 126.1, 1.270
[08:04:38] 161.4, 126.0, 1.271
[08:04:39] 161.3, 126.0, 1.252
[08:04:40] 161.0, 126.0, 1.261
[08:04:41] 160.7, 126.0, 1.249
[08:04:42] 160.6, 126.0, 1.269
[08:04:43] 160.5, 126.0, 1.237
[08:04:44] 160.2, 126.0, 1.151
[08:04:45] 155.0, 126.0, 1.160
[08:04:46] 147.2, 125.9, 1.117
[08:04:47] 146.7, 125.9, 1.122
[08:04:48] 146.1, 126.0, 1.124
[08:04:49] 145.7, 125.9, 1.646
[08:04:50] 171.4, 126.0, 1.103
[08:04:51] 138.3, 126.0, 1.102
[08:04:52] 138.5, 126.0, 1.104
[08:04:53] 138.7, 126.0, 1.100
[08:04:54] 138.9, 126.0, 1.650
[08:04:55] 169.3, 126.0, 1.102
[08:04:56] 138.3, 126.1, 1.102
[08:04:57] 138.5, 126.0, 1.097
[08:04:58] 138.7, 126.0, 1.103
[08:04:59] 138.9, 126.0, 1.676
[08:05:00] 180.7, 126.0, 1.034
[08:05:01] 129.8, 126.0, 1.098
[08:05:02] 139.6, 126.0, 1.098
[08:05:03] 139.6, 126.1, 1.100
[08:05:04] 139.6, 126.1, 1.796
[08:05:05] 179.9, 126.1, 1.041
[08:05:06] 130.5, 126.1, 1.103
[08:05:07] 138.9, 126.1, 1.103
[08:05:08] 139.0, 126.0, 1.101
[08:05:09] 139.1, 126.0, 2.168
[08:05:10] 179.2, 126.0, 1.036
[08:05:11] 130.3, 126.0, 1.096
[08:05:12] 138.7, 126.0, 1.097
[08:05:13] 138.8, 126.0, 1.100
[08:05:14] 138.9, 125.8, 3.294
[08:05:15] 186.1, 126.0, 1.043
[08:05:16] 144.3, 126.0, 1.097
[08:05:17] 137.8, 126.0, 1.098
[08:05:18] 138.0, 126.0, 1.099
[08:05:19] 138.2, 126.0, 1.099
[08:05:20] 167.5, 126.0, 1.263
[08:05:21] 195.1, 126.0, 1.099
[08:05:22] 136.7, 126.1, 1.102
[08:05:23] 137.0, 126.1, 1.097
[08:05:24] 137.4, 126.1, 1.100
[08:05:25] 137.7, 126.0, 2.052
[08:05:26] 233.2, 126.1, 1.017
[08:05:27] 175.2, 126.1, 1.101
[08:05:28] 140.1, 126.1, 1.098
[08:05:29] 140.0, 126.1, 1.103
[08:05:30] 140.0, 126.1, 1.099
[08:05:31] 139.9, 125.9, 2.018
[08:05:32] 254.9, 125.9, 1.954
[08:05:33] 244.6, 126.0, 1.099
[08:05:34] 147.9, 126.0, 1.100
[08:05:35] 139.8, 126.0, 1.099
[08:05:36] 139.8, 126.0, 1.100
[08:05:37] 139.8, 125.7, 3.355
[08:05:38] 183.2, 125.9, 2.017
[08:05:39] 253.8, 125.9, 2.082
[08:05:40] 260.7, 125.9, 2.084
[08:05:41] 261.0, 126.0, 1.103
[08:05:42] 163.5, 126.0, 1.098
[08:05:43] 140.1, 126.1, 1.097
[08:05:44] 140.0, 126.1, 1.101
[08:05:45] 140.0, 126.1, 1.101
[08:05:46] 140.0, 126.0, 2.011
[08:05:47] 265.9, 126.0, 2.086
[08:05:48] 258.5, 126.0, 2.083
[08:05:49] 263.8, 126.0, 2.083
[08:05:50] 263.8, 126.1, 2.085
[08:05:51] 263.8, 126.0, 2.087
[08:05:52] 263.8, 126.1, 1.605
[08:05:53] 237.0, 126.2, 1.102
[08:05:54] 137.8, 126.2, 1.098
[08:05:55] 138.0, 126.1, 1.101
[08:05:56] 138.3, 126.0, 1.095
[08:05:57] 138.4, 126.0, 2.274
[08:05:58] 204.0, 126.0, 2.020
[08:05:59] 256.5, 126.0, 2.087
[08:06:00] 262.7, 125.9, 2.086
[08:06:01] 262.8, 125.9, 2.088
[08:06:02] 263.0, 125.9, 2.090
[08:06:03] 263.2, 125.8, 2.091
[08:06:04] 263.4, 125.9, 2.090
[08:06:05] 263.5, 125.9, 2.092
[08:06:06] 263.6, 125.9, 2.090
[08:06:07] 263.7, 125.9, 2.092
[08:06:08] 263.8, 125.9, 2.090
[08:06:09] 263.9, 125.9, 2.092
[08:06:10] 264.0, 126.0, 1.197
[08:06:11] 220.1, 126.0, 1.107
[08:06:12] 140.5, 126.1, 1.102
[08:06:13] 140.4, 126.0, 1.106
[08:06:14] 140.4, 126.0, 1.102
