<<<[17:04:49] 140.5, 125.1, 1.123
[17:04:50] 140.5, 125.1, 1.129
[17:04:51] 140.8, 125.1, 1.146
[17:04:52] 141.1, 125.1, 1.172
[17:04:53] 147.4, 125.0, 1.280
[17:04:54] 159.5, 125.1, 1.227
[17:04:55] 159.3, 125.1, 1.254
[17:04:56] 159.1, 125.1, 1.255
[17:04:57] 158.9, 125.1, 1.190
[17:04:58] 152.1, 125.1, 1.154
[17:04:59] 145.7, 125.0, 1.164
[17:05:00] 145.7, 125.1, 1.148
[17:05:01] 145.8, 125.1, 1.158
[17:05:02] 145.7, 125.1, 1.511
[17:05:03] 169.6, 125.1, 1.119
[17:05:04] 141.9, 125.1, 1.115
[17:05:05] 141.7, 125.1, 1.123
[17:05:06] 141.6, 125.0, 1.126
[17:05:07] 141.6, 125.0, 1.514
[17:05:08] 168.2, 125.0, 1.111
[17:05:09] 141.2, 125.0, 1.103
[17:05:10] 141.1, 125.0, 1.107
[17:05:11] 141.0, 125.0, 1.136
[17:05:12] 141.0, 125.1, 1.531
[17:05:13] 167.8, 125.1, 1.129
[17:05:14] 141.4, 125.1, 1.127
[17:05:15] 141.3, 125.1, 1.114
[17:05:16] 141.2, 125.2, 1.119
[17:05:17] 141.2, 125.1, 1.551
[17:05:18] 168.0, 125.2, 1.122
[17:05:19] 141.6, 125.2, 1.110
[17:05:20] 141.4, 125.2, 1.104
[17:05:21] 141.4, 125.2, 1.107
[17:05:22] 141.2, 125.2, 1.512
[17:05:23] 177.8, 125.2, 1.063
[17:05:24] 133.6, 125.2, 1.121
[17:05:25] 140.8, 125.2, 1.112
[17:05:26] 140.7, 125.2, 1.121
[17:05:27] 140.7, 125.1, 1.523
[17:05:28] 178.7, 125.1, 1.064
[17:05:29] 132.9, 125.1, 1.123
[17:05:30] 140.5, 125.1, 1.122
[17:05:31] 140.5, 125.2, 1.111
[17:05:32] 140.5, 125.1, 1.566
[17:05:33] 179.4, 125.1, 1.045
[17:05:34] 132.5, 125.1, 1.107
[17:05:35] 140.1, 125.1, 1.115
[17:05:36] 140.1, 125.1, 1.116
[17:05:37] 140.2, 125.0, 2.248
[17:05:38] 193.3, 125.1, 1.053
[17:05:39] 133.4, 125.1, 1.124
[17:05:40] 139.6, 125.2, 1.125
[17:05:41] 139.7, 125.2, 1.130
[17:05:42] 139.8, 124.9, 3.415
[17:05:43] 187.9, 125.1, 1.067
[17:05:44] 167.5, 125.2, 1.105
[17:05:45] 137.9, 125.2, 1.107
[17:05:46] 138.2, 125.2, 1.111
[17:05:47] 138.5, 125.2, 1.126
[17:05:48] 138.8, 125.0, 2.153
[17:05:49] 260.0, 125.2, 1.103
[17:05:50] 147.5, 125.2, 1.110
[17:05:51] 140.7, 125.2, 1.106
[17:05:52] 140.6, 125.2, 1.118
[17:05:53] 140.6, 125.2, 1.121
[17:05:54] 175.4, 125.1, 2.161
[17:05:55] 268.1, 125.2, 1.093
[17:05:56] 202.4, 125.2, 1.106
[17:05:57] 140.8, 125.2, 1.103
[17:05:58] 140.7, 125.2, 1.112
[17:05:59] 140.8, 125.2, 1.114
[17:06:00] 140.8, 125.0, 2.187
[17:06:01] 240.8, 125.0, 2.158
[17:06:02] 271.2, 125.0, 2.220
[17:06:03] 278.8, 125.2, 1.087
[17:06:04] 202.6, 125.2, 1.122
[17:06:05] 140.7, 125.2, 1.125
[17:06:06] 140.7, 125.2, 1.122
[17:06:07] 140.7, 125.2, 1.128
[17:06:08] 140.7, 125.1, 2.195
[17:06:09] 248.0, 125.1, 2.155
[17:06:10] 271.7, 125.1, 2.213
[17:06:11] 278.6, 125.0, 2.217
[17:06:12] 278.5, 125.1, 2.217
[17:06:13] 278.5, 125.1, 2.218
[17:06:14] 278.5, 125.2, 1.131
[17:06:15] 182.3, 125.2, 1.109
[17:06:16] 140.8, 125.2, 1.124
[17:06:17] 140.7, 125.2, 1.125
[17:06:18] 140.8, 125.2, 1.119
[17:06:19] 140.7, 125.0, 2.163
[17:06:20] 263.0, 125.1, 2.180
[17:06:21] 272.4, 125.1, 2.214
[17:06:22] 278.2, 125.1, 2.219
[17:06:23] 278.2, 125.1, 2.221
[17:06:24] 278.3, 125.1, 2.222
[17:06:25] 278.4, 125.1, 2.223
[17:06:26] 278.5, 125.1, 2.224
[17:06:27] 278.5, 125.0, 2.225
[17:06:28] 278.6, 125.1, 2.224
[17:06:29] 278.7, 125.1, 2.226
[17:06:30] 278.8, 125.1, 2.225
[17:06:31] 278.6, 125.2, 1.121
[17:06:32] 139.6, 125.2, 1.112
[17:06:33] 139.6, 125.2, 1.112
[17:06:34] 139.8, 125.2, 1.124
