<<<[19:16:48] 145.8, 125.9, 1.130
[19:16:49] 145.4, 125.9, 1.131
[19:16:50] 145.2, 125.9, 1.138
[19:16:51] 145.1, 125.8, 1.261
[19:16:52] 152.1, 125.9, 1.273
[19:16:53] 160.6, 125.9, 1.238
[19:16:54] 160.4, 125.9, 1.236
[19:16:55] 160.1, 125.8, 1.240
[19:16:56] 159.8, 125.8, 1.285
[19:16:57] 159.7, 125.9, 1.178
[19:16:58] 149.7, 125.9, 1.187
[19:16:59] 149.7, 125.9, 1.179
[19:17:00] 149.8, 125.8, 1.164
[19:17:01] 149.6, 125.9, 1.175
[19:17:02] 149.6, 125.9, 1.088
[19:17:03] 170.0, 125.9, 1.110
[19:17:04] 139.2, 125.8, 1.098
[19:17:05] 139.3, 125.9, 1.102
[19:17:06] 139.4, 125.9, 1.111
[19:17:07] 139.5, 125.9, 1.083
[19:17:08] 168.0, 125.9, 1.097
[19:17:09] 139.9, 125.9, 1.107
[19:17:10] 140.0, 125.9, 1.104
[19:17:11] 140.0, 125.9, 1.103
[19:17:12] 140.0, 125.9, 1.031
[19:17:13] 176.9, 125.9, 1.048
[19:17:14] 134.0, 125.9, 1.107
[19:17:15] 140.1, 125.9, 1.108
[19:17:16] 140.1, 126.0, 1.118
[19:17:17] 140.1, 125.9, 1.036
[19:17:18] 177.4, 125.9, 1.043
[19:17:19] 133.6, 125.9, 1.098
[19:17:20] 140.3, 125.9, 1.094
[19:17:21] 140.2, 125.9, 1.107
[19:17:22] 140.3, 125.9, 1.055
[19:17:23] 177.8, 125.9, 1.038
[19:17:24] 134.0, 125.9, 1.098
[19:17:25] 139.8, 125.9, 1.098
[19:17:26] 139.8, 125.9, 1.112
[19:17:27] 139.8, 125.8, 1.605
[19:17:28] 195.1, 125.9, 1.041
[19:17:29] 132.0, 125.9, 1.104
[19:17:30] 140.3, 125.9, 1.107
[19:17:31] 140.2, 125.9, 1.106
[19:17:32] 140.2, 125.8, 1.656
[19:17:33] 208.9, 125.8, 1.047
[19:17:34] 134.9, 125.9, 1.097
[19:17:35] 135.5, 125.9, 1.101
[19:17:36] 136.1, 125.9, 1.101
[19:17:37] 136.6, 125.7, 3.129
[19:17:38] 207.6, 125.8, 1.060
[19:17:39] 171.3, 125.8, 1.105
[19:17:40] 138.5, 125.9, 1.096
[19:17:41] 138.6, 125.8, 1.107
[19:17:42] 138.8, 125.9, 1.097
[19:17:43] 138.9, 125.7, 2.335
[19:17:44] 294.7, 125.9, 1.094
[19:17:45] 148.1, 125.8, 1.114
[19:17:46] 140.7, 125.8, 1.102
[19:17:47] 140.6, 125.8, 1.100
[19:17:48] 140.6, 125.8, 1.095
[19:17:49] 157.7, 125.7, 2.341
[19:17:50] 300.0, 125.8, 1.790
[19:17:51] 268.5, 125.8, 1.113
[19:17:52] 143.6, 125.9, 1.108
[19:17:53] 143.2, 125.8, 1.111
[19:17:54] 142.8, 125.8, 1.104
[19:17:55] 142.5, 125.7, 3.275
[19:17:56] 205.6, 125.7, 2.331
[19:17:57] 296.9, 125.8, 2.399
[19:17:58] 297.4, 125.7, 2.409
[19:17:59] 304.1, 125.9, 1.121
[19:18:00] 181.8, 125.9, 1.099
[19:18:01] 140.1, 125.9, 1.101
[19:18:02] 140.1, 125.9, 1.106
[19:18:03] 140.2, 125.8, 1.105
[19:18:04] 140.2, 125.8, 2.341
[19:18:05] 292.9, 125.8, 2.402
[19:18:06] 298.5, 125.8, 2.368
[19:18:07] 303.6, 125.7, 2.411
[19:18:08] 303.6, 125.8, 2.411
[19:18:09] 303.8, 125.8, 2.407
[19:18:10] 303.8, 125.8, 2.413
[19:18:11] 304.0, 126.0, 1.096
[19:18:12] 157.3, 126.0, 1.099
[19:18:13] 140.3, 126.0, 1.101
[19:18:14] 140.3, 126.0, 1.099
[19:18:15] 140.3, 126.0, 1.103
[19:18:16] 140.3, 125.8, 2.334
[19:18:17] 311.4, 125.7, 2.415
[19:18:18] 300.0, 125.7, 2.414
[19:18:19] 300.6, 125.8, 2.416
[19:18:20] 301.1, 125.8, 2.415
[19:18:21] 301.6, 125.8, 2.418
[19:18:22] 302.1, 125.7, 2.419
[19:18:23] 302.5, 125.7, 2.415
[19:18:24] 302.8, 125.7, 2.417
[19:18:25] 303.1, 125.8, 2.415
[19:18:26] 303.3, 125.8, 2.375
[19:18:27] 303.4, 125.8, 2.416
[19:18:28] 303.6, 125.7, 2.418
[19:18:29] 303.9, 125.9, 1.899
[19:18:30] 263.4, 125.9, 1.103
[19:18:31] 141.2, 126.0, 1.106
[19:18:32] 141.1, 125.9, 1.108
[19:18:33] 141.0, 126.0, 1.106
