<<<[07:02:48] 140.6, 125.9, 1.122
[07:02:49] 140.8, 125.9, 1.136
[07:02:50] 141.1, 125.9, 1.141
[07:02:51] 141.7, 125.8, 1.228
[07:02:52] 158.2, 125.9, 1.177
[07:02:53] 151.2, 125.8, 1.170
[07:02:54] 150.9, 125.8, 1.184
[07:02:55] 150.8, 125.8, 1.175
[07:02:56] 150.6, 125.8, 1.181
[07:02:57] 150.5, 125.9, 1.210
[07:02:58] 170.0, 125.9, 1.109
[07:02:59] 141.4, 125.8, 1.117
[07:03:00] 141.4, 125.9, 1.114
[07:03:01] 141.5, 125.8, 1.137
[07:03:02] 141.9, 125.8, 1.207
[07:03:03] 167.6, 125.8, 1.112
[07:03:04] 140.8, 125.8, 1.111
[07:03:05] 140.8, 125.8, 1.113
[07:03:06] 140.8, 125.9, 1.113
[07:03:07] 141.0, 125.9, 1.207
[07:03:08] 166.7, 125.9, 1.107
[07:03:09] 141.0, 126.0, 1.115
[07:03:10] 141.0, 125.9, 1.110
[07:03:11] 141.0, 125.9, 1.110
[07:03:12] 141.0, 126.0, 1.199
[07:03:13] 166.0, 125.9, 1.113
[07:03:14] 141.0, 125.9, 1.112
[07:03:15] 140.9, 125.9, 1.116
[07:03:16] 140.9, 125.9, 1.117
[07:03:17] 140.9, 125.8, 1.206
[07:03:18] 165.6, 125.9, 1.110
[07:03:19] 141.2, 125.9, 1.112
[07:03:20] 141.1, 125.9, 1.102
[07:03:21] 141.0, 125.9, 1.111
[07:03:22] 141.0, 125.9, 1.196
[07:03:23] 164.9, 125.9, 1.109
[07:03:24] 140.7, 125.9, 1.100
[07:03:25] 140.6, 125.9, 1.099
[07:03:26] 140.6, 125.9, 1.102
[07:03:27] 140.5, 125.9, 1.166
[07:03:28] 173.1, 126.0, 1.043
[07:03:29] 133.1, 126.0, 1.115
[07:03:30] 141.0, 125.9, 1.095
[07:03:31] 140.9, 126.0, 1.108
[07:03:32] 140.8, 125.9, 1.571
[07:03:33] 185.7, 126.0, 1.039
[07:03:34] 130.3, 126.0, 1.097
[07:03:35] 139.9, 126.0, 1.101
[07:03:36] 139.9, 125.9, 1.093
[07:03:37] 139.9, 125.9, 2.253
[07:03:38] 186.8, 125.9, 1.036
[07:03:39] 138.3, 125.9, 1.107
[07:03:40] 138.3, 125.9, 1.099
[07:03:41] 138.5, 125.9, 1.109
[07:03:42] 138.8, 125.9, 1.097
[07:03:43] 168.0, 125.9, 1.155
[07:03:44] 184.8, 125.9, 1.096
[07:03:45] 136.5, 125.9, 1.105
[07:03:46] 136.9, 125.9, 1.098
[07:03:47] 137.3, 125.9, 1.106
[07:03:48] 137.6, 125.8, 1.736
[07:03:49] 200.0, 125.8, 1.575
[07:03:50] 206.4, 125.9, 1.102
[07:03:51] 137.9, 125.9, 1.105
[07:03:52] 138.1, 125.9, 1.098
[07:03:53] 138.3, 125.9, 1.105
[07:03:54] 138.6, 125.7, 2.380
[07:03:55] 186.8, 125.7, 1.737
[07:03:56] 221.4, 125.8, 1.803
[07:03:57] 221.9, 125.8, 1.107
[07:03:58] 158.8, 125.8, 1.102
[07:03:59] 140.1, 125.9, 1.104
[07:04:00] 140.1, 125.9, 1.097
[07:04:01] 140.0, 125.9, 1.105
[07:04:02] 161.1, 125.8, 1.748
[07:04:03] 222.5, 125.7, 1.809
[07:04:04] 222.7, 125.8, 1.807
[07:04:05] 228.6, 125.7, 1.807
[07:04:06] 228.6, 125.8, 1.637
[07:04:07] 212.3, 125.9, 1.102
[07:04:08] 138.3, 125.9, 1.098
[07:04:09] 138.5, 125.8, 1.108
[07:04:10] 138.7, 125.9, 1.104
[07:04:11] 139.0, 125.8, 1.875
[07:04:12] 193.9, 125.8, 1.743
[07:04:13] 221.0, 125.8, 1.807
[07:04:14] 227.6, 125.8, 1.808
[07:04:15] 227.7, 125.8, 1.808
[07:04:16] 227.8, 125.7, 1.808
[07:04:17] 227.9, 125.7, 1.811
[07:04:18] 228.1, 125.7, 1.809
[07:04:19] 228.2, 125.8, 1.814
[07:04:21] 227.8, 125.8, 1.105
[07:04:22] 145.9, 125.8, 1.105
[07:04:23] 140.3, 125.8, 1.101
[07:04:30] 226.4, 125.7, 1.807
wattsup: [error] Reading final time stamp: Bad address
[07:04:37] 228.2, 125.7, 1.814
wattsup: [error] Reading final time stamp: Bad address
[07:04:44] 229.0, 125.8, 1.811
wattsup: [error] Reading final time stamp: Bad address
