<<<[23:21:32] 142.2, 125.8, 1.113
[23:21:33] 142.0, 125.7, 1.109
[23:21:34] 141.9, 125.8, 1.117
[23:21:35] 142.0, 125.7, 1.237
[23:21:36] 156.1, 125.8, 1.123
[23:21:37] 145.6, 125.8, 1.120
[23:21:38] 145.1, 125.8, 1.133
[23:21:39] 144.9, 125.8, 1.129
[23:21:40] 144.7, 125.8, 1.127
[23:21:42] 169.4, 125.8, 1.117
[23:21:49] 141.4, 125.8, 1.113
wattsup: [error] Reading final time stamp: Bad address
[23:21:56] 140.9, 125.7, 1.173
wattsup: [error] Reading final time stamp: Bad address
[23:22:03] 141.2, 125.7, 1.104
[23:22:04] 140.9, 125.6, 1.101
[23:22:05] 140.9, 125.7, 1.183
[23:22:06] 175.6, 125.7, 1.047
[23:22:07] 133.2, 125.7, 1.103
[23:22:08] 140.1, 125.7, 1.106
[23:22:09] 140.0, 125.8, 1.110
[23:22:10] 140.1, 125.8, 1.180
[23:22:11] 173.8, 125.8, 1.054
[23:22:12] 134.3, 125.8, 1.116
[23:22:13] 140.8, 125.8, 1.138
[23:22:14] 140.9, 125.8, 1.137
[23:22:15] 141.1, 125.7, 1.637
[23:22:16] 188.6, 125.7, 1.048
[23:22:17] 131.6, 125.8, 1.109
[23:22:18] 139.9, 125.8, 1.111
[23:22:19] 140.0, 125.8, 1.122
[23:22:20] 140.2, 125.7, 2.705
[23:22:21] 183.4, 125.8, 1.053
[23:22:22] 153.9, 125.8, 1.104
[23:22:23] 138.9, 125.8, 1.105
[23:22:24] 138.9, 125.8, 1.103
[23:22:25] 139.1, 125.8, 1.117
[23:22:26] 139.3, 125.7, 1.667
[23:22:27] 231.2, 125.7, 1.105
[23:22:28] 141.9, 125.8, 1.096
[23:22:29] 141.5, 125.8, 1.103
[23:22:30] 141.4, 125.8, 1.108
[23:22:31] 141.3, 125.6, 3.259
[23:22:32] 179.4, 125.6, 1.764
[23:22:33] 221.9, 125.8, 1.098
[23:22:34] 175.4, 125.7, 1.102
[23:22:35] 139.9, 125.7, 1.102
[23:22:36] 139.8, 125.8, 1.112
[23:22:37] 139.9, 125.8, 1.114
[23:22:38] 140.0, 125.7, 1.773
[23:22:39] 223.9, 125.6, 1.791
[23:22:40] 224.0, 125.6, 1.826
[23:22:41] 230.6, 125.7, 1.113
[23:22:42] 162.9, 125.7, 1.106
[23:22:43] 139.9, 125.7, 1.108
[23:22:44] 139.9, 125.8, 1.106
[23:22:45] 139.9, 125.7, 1.105
[23:22:46] 140.0, 125.6, 1.762
[23:22:47] 236.2, 125.6, 1.832
[23:22:48] 225.7, 125.6, 1.826
[23:22:49] 226.3, 125.6, 1.826
[23:22:50] 226.8, 125.6, 1.827
[23:22:51] 227.3, 125.7, 1.748
[23:22:52] 227.0, 125.7, 1.100
[23:22:53] 148.6, 125.6, 1.107
[23:22:54] 139.9, 125.7, 1.105
[23:22:55] 139.8, 125.7, 1.104
[23:22:56] 139.9, 125.5, 3.395
[23:22:57] 178.5, 125.7, 1.765
[23:22:58] 221.8, 125.6, 1.824
[23:22:59] 227.9, 125.7, 1.823
[23:23:00] 228.2, 125.7, 1.826
[23:23:01] 228.5, 125.6, 1.826
[23:23:02] 228.8, 125.5, 1.829
[23:23:03] 229.0, 125.6, 1.829
[23:23:04] 229.3, 125.6, 1.829
[23:23:05] 229.5, 125.5, 1.830
[23:23:06] 229.7, 125.6, 1.830
[23:23:07] 229.9, 125.6, 1.830
[23:23:08] 230.0, 125.7, 1.099
[23:23:09] 155.9, 125.7, 1.107
[23:23:10] 140.3, 125.7, 1.110
[23:23:11] 140.3, 125.7, 1.103
[23:23:12] 140.4, 125.7, 1.100
