<<<[08:18:19] 142.6, 126.0, 1.131
[08:18:20] 142.6, 126.1, 1.123
[08:18:21] 142.7, 126.1, 1.143
[08:18:22] 143.0, 126.0, 1.223
[08:18:23] 157.1, 126.0, 1.270
[08:18:24] 157.6, 126.1, 1.257
[08:18:25] 158.0, 125.9, 1.255
[08:18:26] 158.0, 126.1, 1.242
[08:18:27] 158.1, 126.0, 1.147
[08:18:28] 157.7, 126.1, 1.100
[08:18:29] 145.9, 126.1, 1.103
[08:18:30] 145.6, 126.1, 1.114
[08:18:31] 145.3, 126.1, 1.114
[08:18:32] 145.2, 126.0, 1.681
[08:18:33] 168.9, 126.0, 1.106
[08:18:34] 142.1, 126.0, 1.100
[08:18:35] 141.8, 126.0, 1.098
[08:18:36] 141.5, 126.0, 1.100
[08:18:37] 141.3, 125.9, 1.674
[08:18:38] 164.4, 126.0, 1.102
[08:18:39] 141.8, 126.0, 1.101
[08:18:40] 141.5, 126.0, 1.103
[08:18:41] 141.3, 126.1, 1.099
[08:18:42] 141.1, 126.0, 1.671
[08:18:43] 163.8, 126.0, 1.102
[08:18:44] 141.8, 126.0, 1.100
[08:18:45] 141.5, 126.1, 1.100
[08:18:46] 141.3, 126.1, 1.098
[08:18:47] 141.1, 125.9, 2.834
[08:18:48] 175.8, 126.0, 1.039
[08:18:49] 134.7, 126.0, 1.100
[08:18:50] 135.0, 126.1, 1.100
[08:18:51] 135.6, 126.0, 1.099
[08:18:52] 136.2, 125.9, 2.915
[08:18:53] 175.8, 126.1, 1.037
[08:18:54] 134.9, 126.1, 1.097
[08:18:55] 135.2, 126.1, 1.100
[08:18:56] 135.8, 126.0, 1.102
[08:18:57] 136.3, 125.9, 3.361
[08:18:58] 176.1, 126.1, 1.040
[08:18:59] 133.8, 126.1, 1.099
[08:19:00] 134.2, 126.0, 1.101
[08:19:01] 139.6, 126.1, 1.102
[08:19:02] 139.6, 125.9, 1.663
[08:19:03] 177.8, 126.1, 1.035
[08:19:04] 145.6, 126.1, 1.095
[08:19:05] 136.5, 126.1, 1.098
[08:19:06] 136.9, 126.1, 1.097
[08:19:07] 137.2, 126.1, 1.098
[08:19:08] 142.5, 126.0, 1.072
[08:19:09] 207.6, 126.1, 1.098
[08:19:10] 135.6, 126.1, 1.095
[08:19:11] 136.0, 126.1, 1.095
[08:19:12] 136.5, 126.1, 1.095
[08:19:13] 136.8, 126.0, 2.076
[08:19:14] 235.7, 126.1, 1.027
[08:19:15] 147.9, 126.1, 1.094
[08:19:16] 139.8, 126.1, 1.096
[08:19:17] 139.7, 126.0, 1.096
[08:19:18] 139.7, 126.1, 1.094
[08:19:19] 149.7, 126.0, 2.040
[08:19:20] 266.5, 126.1, 1.143
[08:19:21] 195.5, 126.1, 1.099
[08:19:22] 139.9, 126.1, 1.099
[08:19:23] 139.8, 126.1, 1.097
[08:19:24] 139.8, 126.1, 1.100
[08:19:25] 139.7, 126.0, 2.075
[08:19:26] 240.9, 126.0, 2.040
[08:19:27] 259.2, 125.9, 2.097
[08:19:28] 259.4, 126.0, 1.097
[08:19:29] 155.9, 126.0, 1.103
[08:19:30] 139.9, 126.0, 1.100
[08:19:31] 139.8, 126.0, 1.100
[08:19:32] 139.8, 126.0, 1.102
[08:19:33] 170.7, 125.9, 2.046
[08:19:34] 256.0, 125.9, 2.103
[08:19:35] 262.3, 125.9, 2.103
[08:19:36] 262.7, 126.0, 2.102
[08:19:37] 263.1, 125.9, 2.102
[08:19:38] 263.5, 125.9, 1.115
[08:19:39] 177.8, 126.1, 1.098
[08:19:40] 139.6, 126.1, 1.105
[08:19:41] 139.6, 126.0, 1.099
[08:19:42] 139.7, 126.0, 1.101
[08:19:43] 139.7, 126.0, 2.038
[08:19:44] 261.2, 125.9, 2.096
[08:19:45] 261.1, 125.9, 2.103
[08:19:46] 261.7, 125.9, 2.103
[08:19:47] 262.2, 126.0, 2.104
[08:19:48] 262.7, 126.0, 2.105
[08:19:49] 263.2, 125.9, 2.102
[08:19:50] 263.6, 126.0, 2.105
[08:19:51] 264.0, 126.0, 2.108
[08:19:52] 264.3, 126.0, 2.109
[08:19:53] 264.6, 126.1, 1.105
[08:19:54] 209.6, 126.1, 1.099
[08:19:55] 139.8, 126.1, 1.102
[08:19:56] 139.8, 126.1, 1.101
[08:19:57] 139.8, 126.1, 1.096
