<<<[00:25:59] 140.3, 125.8, 1.117
[00:26:00] 140.3, 125.8, 1.115
[00:26:01] 140.5, 125.9, 1.133
[00:26:02] 140.9, 125.8, 1.270
[00:26:03] 156.6, 125.8, 1.273
[00:26:04] 157.0, 125.8, 1.275
[00:26:05] 157.6, 125.9, 1.277
[00:26:06] 158.1, 125.8, 1.210
[00:26:07] 158.1, 125.8, 1.278
[00:26:08] 158.4, 125.8, 1.277
[00:26:09] 158.8, 125.8, 1.271
[00:26:10] 159.2, 125.8, 1.275
[00:26:11] 159.5, 125.8, 1.277
[00:26:12] 159.7, 125.8, 1.280
[00:26:13] 159.9, 125.7, 1.236
[00:26:14] 159.8, 125.8, 1.277
[00:26:15] 160.0, 125.8, 1.257
[00:26:16] 160.1, 125.8, 1.239
[00:26:17] 160.0, 125.7, 1.266
[00:26:18] 159.9, 125.8, 1.243
[00:26:19] 159.7, 125.8, 1.278
[00:26:20] 159.8, 125.8, 1.275
[00:26:21] 160.0, 125.7, 1.277
[00:26:22] 160.2, 125.9, 1.259
[00:26:23] 160.2, 125.8, 1.276
[00:26:24] 160.4, 125.7, 1.280
[00:26:25] 160.5, 125.7, 1.277
[00:26:26] 160.5, 125.8, 1.277
[00:26:27] 160.5, 125.8, 1.266
[00:26:28] 160.4, 125.7, 1.209
[00:26:29] 160.2, 125.8, 1.273
[00:26:30] 160.1, 125.8, 1.209
[00:26:31] 159.7, 125.8, 1.274
[00:26:32] 159.9, 125.8, 1.281
[00:26:33] 159.9, 125.8, 1.284
[00:26:34] 159.6, 125.8, 1.248
[00:26:35] 159.5, 125.8, 1.242
[00:26:36] 159.5, 125.8, 1.277
[00:26:37] 159.7, 125.8, 1.224
[00:26:38] 159.7, 125.8, 1.273
[00:26:39] 159.8, 125.8, 1.276
[00:26:40] 160.0, 125.8, 1.272
[00:26:41] 160.2, 125.8, 1.273
[00:26:42] 160.1, 125.8, 1.275
[00:26:43] 159.9, 125.8, 1.270
[00:26:44] 159.9, 125.8, 1.266
[00:26:45] 159.8, 125.8, 1.262
[00:26:46] 159.7, 125.8, 1.219
[00:26:47] 159.7, 125.9, 1.275
[00:26:48] 159.9, 125.8, 1.276
[00:26:49] 159.9, 125.8, 1.274
[00:26:50] 160.2, 125.8, 1.272
[00:26:51] 0.0, 125.8, 1.227
[00:26:52] 160.8, 125.8, 1.276
[00:26:53] 160.8, 125.8, 1.277
[00:26:54] 160.9, 125.8, 1.272
[00:26:55] 160.8, 125.8, 1.274
[00:26:56] 160.8, 125.8, 1.228
[00:26:57] 160.6, 125.8, 1.274
[00:26:58] 160.6, 125.7, 1.276
[00:26:59] 160.7, 125.7, 1.276
[00:27:00] 160.8, 125.7, 1.267
[00:27:01] 160.5, 125.8, 1.259
[00:27:02] 160.6, 125.8, 1.246
[00:27:03] 160.5, 125.7, 1.270
[00:27:04] 160.3, 125.8, 1.251
[00:27:05] 160.3, 125.8, 1.257
[00:27:06] 160.1, 125.8, 1.245
[00:27:07] 160.0, 125.8, 1.316
[00:27:08] 160.2, 125.8, 1.245
[00:27:09] 160.2, 125.7, 1.306
[00:27:10] 160.1, 125.8, 1.241
[00:27:11] 160.0, 125.8, 1.246
[00:27:12] 160.1, 125.7, 1.246
[00:27:13] 159.9, 125.8, 1.267
[00:27:14] 159.8, 125.8, 1.324
[00:27:15] 160.2, 125.8, 1.248
[00:27:16] 160.6, 125.7, 1.256
[00:27:17] 160.3, 125.8, 1.244
[00:27:18] 160.3, 125.7, 1.324
[00:27:19] 160.4, 125.8, 1.255
[00:27:20] 160.1, 125.8, 1.248
[00:27:21] 160.0, 125.8, 1.244
[00:27:22] 159.9, 125.8, 1.254
[00:27:23] 160.2, 125.8, 1.242
[00:27:24] 160.1, 125.8, 1.275
[00:27:25] 160.0, 125.8, 1.260
[00:27:26] 160.0, 125.8, 1.252
[00:27:27] 159.9, 125.8, 1.243
[00:27:28] 159.8, 125.8, 1.309
[00:27:29] 160.0, 125.9, 1.336
[00:27:30] 167.3, 125.8, 1.305
[00:27:31] 167.0, 125.8, 1.246
[00:27:32] 158.6, 125.8, 1.304
[00:27:33] 158.6, 125.9, 1.254
[00:27:34] 158.6, 125.9, 1.275
[00:27:35] 158.8, 125.9, 1.236
[00:27:36] 158.7, 125.9, 1.239
[00:27:37] 158.8, 125.8, 1.254
[00:27:38] 158.8, 125.8, 1.279
[00:27:39] 159.2, 125.8, 1.235
[00:27:40] 159.1, 125.8, 1.237
[00:27:41] 159.2, 125.8, 1.255
[00:27:42] 159.0, 125.8, 1.248
[00:27:43] 159.2, 125.8, 1.254
[00:27:44] 159.1, 125.8, 1.242
[00:27:45] 159.1, 125.8, 1.240
[00:27:46] 159.1, 125.8, 1.302
[00:27:47] 167.3, 125.8, 1.250
[00:27:48] 158.4, 125.8, 1.303
[00:27:49] 158.4, 125.8, 1.250
[00:27:50] 158.4, 125.8, 1.278
[00:27:51] 158.6, 125.9, 1.236
[00:27:52] 158.6, 125.8, 1.232
[00:27:53] 158.6, 125.8, 1.252
[00:27:54] 158.6, 125.8, 1.284
[00:27:55] 159.1, 125.9, 1.237
[00:27:56] 159.0, 125.9, 1.236
[00:27:57] 159.0, 125.9, 1.251
[00:27:58] 158.9, 125.9, 1.244
[00:27:59] 159.1, 125.9, 1.253
[00:28:00] 159.0, 125.9, 1.245
[00:28:01] 159.0, 125.9, 1.240
[00:28:02] 158.9, 125.9, 1.305
[00:28:03] 167.5, 125.9, 1.298
[00:28:04] 167.4, 125.9, 1.268
[00:28:05] 162.0, 125.9, 1.312
[00:28:06] 162.2, 125.9, 1.247
[00:28:07] 162.4, 125.9, 1.253
[00:28:08] 161.9, 125.9, 1.252
[00:28:09] 161.5, 125.9, 1.254
[00:28:10] 161.2, 125.9, 1.253
[00:28:11] 161.0, 125.9, 1.207
[00:28:12] 154.8, 125.9, 1.106
[00:28:13] 141.8, 125.9, 1.104
[00:28:14] 141.6, 125.9, 1.096
[00:28:15] 141.4, 125.9, 1.103
[00:28:16] 141.2, 125.7, 3.568
[00:28:17] 178.0, 126.0, 1.035
[00:28:18] 140.5, 125.9, 1.103
[00:28:19] 140.1, 125.9, 1.101
[00:28:20] 140.0, 125.9, 1.099
[00:28:21] 140.0, 125.7, 2.298
[00:28:22] 181.9, 125.9, 1.035
[00:28:23] 139.0, 125.9, 1.097
[00:28:24] 138.7, 125.9, 1.097
[00:28:25] 138.8, 125.9, 1.100
[00:28:26] 138.9, 125.9, 1.104
[00:28:27] 161.7, 125.9, 0.986
[00:28:28] 191.7, 125.9, 1.106
[00:28:29] 136.0, 125.9, 1.103
[00:28:30] 136.4, 125.9, 1.098
[00:28:31] 136.8, 125.9, 1.102
[00:28:32] 137.2, 125.9, 1.981
[00:28:33] 250.2, 126.0, 1.064
[00:28:34] 132.7, 125.9, 1.099
[00:28:35] 140.1, 126.0, 1.095
[00:28:36] 140.0, 125.9, 1.101
[00:28:37] 140.0, 125.7, 3.575
[00:28:38] 197.5, 125.8, 2.151
[00:28:39] 273.0, 125.9, 1.098
[00:28:40] 148.6, 125.9, 1.096
[00:28:41] 139.6, 125.9, 1.105
[00:28:42] 139.6, 125.9, 1.098
[00:28:43] 139.6, 125.6, 3.438
[00:28:44] 192.1, 125.7, 2.346
[00:28:45] 295.1, 125.7, 2.404
[00:28:46] 287.5, 125.9, 1.100
[00:28:47] 150.1, 125.9, 1.096
[00:28:48] 139.9, 126.0, 1.097
[00:28:49] 139.8, 125.9, 1.104
[00:28:50] 139.9, 125.9, 1.098
[00:28:51] 181.9, 125.8, 2.345
[00:28:52] 293.4, 125.7, 2.406
[00:28:53] 301.0, 125.8, 2.411
[00:28:54] 301.4, 125.8, 2.413
[00:28:55] 301.8, 125.9, 1.122
[00:28:56] 164.6, 125.9, 1.098
[00:28:57] 140.3, 125.9, 1.101
[00:28:58] 140.3, 125.9, 1.101
[00:28:59] 140.2, 125.9, 1.097
[00:29:00] 140.2, 125.8, 2.347
[00:29:01] 311.7, 125.8, 2.414
[00:29:02] 300.1, 125.7, 2.413
[00:29:03] 300.6, 125.7, 2.416
[00:29:04] 301.2, 125.7, 2.417
[00:29:05] 301.7, 125.7, 2.417
[00:29:06] 302.1, 125.7, 2.415
[00:29:07] 302.4, 125.7, 2.418
[00:29:08] 302.8, 125.9, 1.067
[00:29:09] 208.0, 125.9, 1.108
[00:29:10] 140.3, 125.9, 1.104
[00:29:11] 140.3, 126.0, 1.098
[00:29:12] 140.2, 126.0, 1.102
[00:29:13] 140.2, 125.8, 2.385
[00:29:14] 265.7, 125.7, 2.354
[00:29:15] 298.3, 125.7, 2.418
[00:29:16] 305.2, 125.8, 2.420
[00:29:17] 305.2, 125.7, 2.420
[00:29:18] 305.2, 125.8, 2.416
[00:29:19] 305.2, 125.8, 2.415
[00:29:20] 305.2, 125.8, 2.413
[00:29:21] 305.2, 125.8, 2.416
[00:29:22] 305.2, 125.8, 2.415
[00:29:23] 305.2, 125.8, 2.419
[00:29:24] 305.1, 125.8, 2.415
[00:29:25] 305.1, 125.8, 2.418
[00:29:26] 305.2, 125.8, 2.418
[00:29:27] 305.2, 125.7, 2.425
[00:29:28] 305.2, 125.8, 2.420
[00:29:29] 305.2, 125.8, 2.421
[00:29:30] 290.5, 126.0, 1.107
[00:29:31] 138.3, 125.9, 1.109
[00:29:32] 138.6, 125.9, 1.099
[00:29:33] 138.8, 125.9, 1.108
<<<[00:31:34] 140.4, 125.9, 1.109
[00:31:35] 140.4, 126.0, 1.107
[00:31:36] 140.4, 125.9, 1.110
[00:31:37] 140.5, 125.9, 1.253
[00:31:38] 150.4, 125.9, 1.249
[00:31:39] 158.0, 125.9, 1.272
[00:31:40] 158.4, 125.9, 1.272
[00:31:41] 158.8, 126.0, 1.264
[00:31:42] 159.0, 126.0, 1.262
[00:31:43] 159.1, 125.9, 1.262
[00:31:44] 158.9, 125.9, 1.261
[00:31:45] 158.9, 125.9, 1.272
[00:31:46] 159.1, 126.0, 1.254
[00:31:47] 159.2, 126.0, 1.272
[00:31:48] 159.4, 126.0, 1.272
[00:31:49] 159.6, 126.0, 1.272
[00:31:50] 159.8, 126.0, 1.270
[00:31:51] 160.0, 126.0, 1.272
[00:31:52] 159.8, 126.0, 1.230
[00:31:53] 159.3, 125.9, 1.270
[00:31:54] 159.4, 126.0, 1.271
[00:31:55] 159.5, 126.0, 1.272
[00:31:56] 159.6, 125.9, 1.265
[00:31:57] 159.6, 125.9, 1.273
[00:31:58] 159.7, 125.9, 1.270
[00:31:59] 159.9, 125.9, 1.273
[00:32:00] 159.9, 125.9, 1.271
[00:32:01] 160.0, 125.9, 1.229
[00:32:02] 159.8, 125.9, 1.279
[00:32:03] 159.8, 126.0, 1.263
[00:32:04] 159.8, 125.9, 1.222
[00:32:05] 159.8, 125.9, 1.234
[00:32:06] 159.9, 125.9, 1.271
[00:32:07] 160.0, 125.9, 1.273
[00:32:08] 160.1, 126.0, 1.270
[00:32:09] 160.3, 126.0, 1.274
[00:32:10] 160.3, 126.0, 1.272
[00:32:11] 160.4, 126.0, 1.277
[00:32:12] 160.2, 125.9, 1.233
[00:32:13] 160.1, 126.0, 1.235
[00:32:14] 160.1, 126.0, 1.291
[00:32:15] 160.3, 126.0, 1.247
[00:32:16] 160.5, 126.0, 1.271
[00:32:17] 160.3, 126.0, 1.259
[00:32:18] 160.1, 126.0, 1.244
[00:32:19] 160.1, 126.0, 1.232
[00:32:20] 160.0, 126.0, 1.271
[00:32:21] 160.1, 126.0, 1.272
[00:32:22] 160.1, 125.9, 1.269
[00:32:23] 160.2, 125.9, 1.273
[00:32:24] 160.3, 125.9, 1.230
[00:32:25] 160.2, 125.9, 1.215
[00:32:26] 159.9, 125.9, 1.267
[00:32:27] 159.7, 125.9, 1.272
[00:32:28] 159.8, 125.9, 1.270
[00:32:29] 159.9, 126.0, 1.259
[00:32:30] 159.9, 126.0, 1.269
[00:32:31] 159.9, 126.0, 1.270
[00:32:32] 159.9, 126.0, 1.269
[00:32:33] 160.0, 126.0, 1.269
[00:32:34] 160.1, 126.0, 1.273
[00:32:35] 160.1, 125.9, 1.206
[00:32:36] 159.8, 126.0, 1.299
[00:32:37] 160.0, 126.0, 1.241
[00:32:38] 159.8, 126.0, 1.250
[00:32:39] 159.7, 126.0, 1.239
[00:32:40] 159.6, 126.0, 1.238
[00:32:41] 159.6, 126.0, 1.284
[00:32:42] 159.5, 125.9, 1.244
[00:32:43] 159.4, 126.0, 1.286
[00:32:44] 159.8, 126.0, 1.239
[00:32:45] 159.6, 125.9, 1.247
[00:32:46] 159.5, 125.9, 1.277
[00:32:47] 159.7, 126.0, 1.269
[00:32:48] 159.4, 125.9, 1.233
[00:32:49] 159.4, 125.9, 1.248
[00:32:50] 159.3, 126.0, 1.297
[00:32:51] 165.8, 126.0, 1.237
[00:32:52] 160.0, 126.0, 1.279
[00:32:53] 159.8, 126.0, 1.241
[00:32:54] 159.6, 126.0, 1.251
[00:32:55] 159.7, 126.0, 1.240
[00:32:56] 159.7, 126.0, 1.267
[00:32:57] 159.4, 126.0, 1.317
[00:32:58] 159.9, 126.0, 1.261
[00:32:59] 159.7, 126.0, 1.235
[00:33:00] 159.6, 126.0, 1.240
[00:33:01] 159.4, 126.0, 1.237
[00:33:02] 159.5, 126.0, 1.301
[00:33:03] 159.4, 126.0, 1.237
[00:33:04] 159.3, 126.0, 1.317
[00:33:05] 165.1, 126.0, 1.301
[00:33:06] 165.1, 126.0, 1.232
[00:33:07] 164.7, 126.0, 1.244
[00:33:08] 158.0, 126.0, 1.251
[00:33:09] 158.0, 126.0, 1.235
[00:33:10] 158.0, 126.0, 1.246
[00:33:11] 158.3, 126.0, 1.235
[00:33:12] 158.3, 126.0, 1.240
[00:33:13] 158.5, 126.0, 1.322
[00:33:14] 164.7, 126.0, 1.244
[00:33:15] 164.1, 126.0, 1.234
[00:33:16] 158.4, 126.0, 1.240
[00:33:17] 158.4, 126.0, 1.288
[00:33:18] 158.6, 126.0, 1.252
[00:33:19] 158.5, 126.0, 1.296
[00:33:20] 158.5, 126.0, 1.239
[00:33:21] 158.5, 126.0, 1.318
[00:33:22] 159.0, 126.0, 1.230
[00:33:23] 159.5, 126.0, 1.244
[00:33:24] 159.3, 126.0, 1.251
[00:33:25] 159.2, 126.0, 1.240
[00:33:26] 159.0, 126.0, 1.247
[00:33:27] 159.1, 126.0, 1.234
[00:33:28] 159.0, 126.1, 1.235
[00:33:29] 159.0, 126.1, 1.265
[00:33:30] 159.1, 126.0, 1.249
[00:33:31] 159.2, 126.0, 1.232
[00:33:32] 159.1, 126.1, 1.233
[00:33:33] 159.0, 126.0, 1.264
[00:33:34] 159.2, 126.0, 1.239
[00:33:35] 159.0, 126.0, 1.297
[00:33:36] 159.0, 126.0, 1.251
[00:33:37] 158.8, 126.0, 1.315
[00:33:38] 159.3, 126.0, 1.321
[00:33:39] 167.5, 126.0, 1.276
[00:33:40] 167.0, 126.0, 1.271
[00:33:41] 160.9, 126.0, 1.304
[00:33:42] 161.5, 126.0, 1.248
[00:33:43] 161.3, 126.1, 1.249
[00:33:44] 161.0, 126.0, 1.250
[00:33:45] 160.7, 126.0, 1.250
[00:33:46] 160.4, 126.0, 1.252
[00:33:47] 160.2, 126.0, 1.107
[00:33:48] 146.6, 126.0, 1.100
[00:33:49] 139.4, 126.0, 1.099
[00:33:50] 139.4, 126.0, 1.096
[00:33:51] 139.3, 126.0, 1.096
[00:33:52] 139.3, 126.0, 1.339
[00:33:53] 181.6, 126.1, 1.034
[00:33:54] 133.1, 126.0, 1.097
[00:33:55] 139.9, 126.0, 1.099
[00:33:56] 139.8, 126.0, 1.100
[00:33:57] 139.8, 126.0, 1.325
[00:33:58] 184.8, 126.0, 1.036
[00:33:59] 132.2, 126.0, 1.095
[00:34:00] 140.1, 126.0, 1.091
[00:34:01] 140.0, 125.9, 1.108
[00:34:02] 140.0, 125.8, 2.297
[00:34:03] 207.6, 125.9, 1.037
[00:34:04] 141.4, 126.0, 1.095
[00:34:05] 141.1, 126.0, 1.098
[00:34:06] 140.9, 126.0, 1.094
[00:34:07] 140.7, 125.7, 3.165
[00:34:08] 189.2, 126.0, 1.008
[00:34:09] 196.4, 126.0, 1.097
[00:34:10] 137.0, 126.0, 1.095
[00:34:11] 137.3, 126.0, 1.091
[00:34:12] 137.6, 126.0, 1.091
[00:34:13] 137.8, 125.9, 2.375
[00:34:14] 261.8, 126.0, 1.383
[00:34:15] 216.1, 126.0, 1.095
[00:34:16] 140.3, 126.0, 1.093
[00:34:17] 140.2, 126.0, 1.097
[00:34:18] 140.1, 126.0, 1.098
[00:34:19] 140.1, 125.8, 2.366
[00:34:20] 255.1, 125.9, 2.340
[00:34:21] 296.3, 126.0, 1.459
[00:34:22] 231.4, 126.0, 1.098
[00:34:23] 139.9, 126.1, 1.099
[00:34:24] 139.9, 126.0, 1.093
[00:34:25] 139.8, 126.0, 1.103
[00:34:26] 139.8, 125.8, 2.316
[00:34:27] 244.4, 125.8, 2.344
[00:34:28] 295.8, 125.8, 2.404
[00:34:29] 303.8, 125.8, 2.408
[00:34:30] 303.8, 125.9, 1.598
[00:34:31] 262.8, 126.0, 1.097
[00:34:32] 138.1, 126.1, 1.104
[00:34:33] 138.2, 126.0, 1.099
[00:34:34] 138.5, 126.0, 1.099
[00:34:35] 138.6, 125.9, 2.513
[00:34:36] 218.9, 125.8, 2.337
[00:34:37] 296.3, 125.8, 2.409
[00:34:38] 302.9, 125.8, 2.409
[00:34:39] 303.1, 125.8, 2.410
[00:34:40] 303.2, 125.8, 2.410
[00:34:41] 303.4, 125.8, 2.417
[00:34:42] 303.6, 125.8, 2.414
[00:34:43] 303.7, 125.8, 2.414
[00:34:44] 296.2, 126.0, 1.095
[00:34:45] 149.0, 126.0, 1.102
[00:34:46] 140.3, 126.0, 1.105
[00:34:47] 140.2, 126.0, 1.100
[00:34:48] 140.2, 126.0, 1.099
[00:34:49] 174.2, 125.8, 2.348
[00:34:50] 293.6, 125.8, 2.410
[00:34:51] 301.0, 125.8, 2.415
[00:34:52] 301.5, 125.9, 2.412
[00:34:53] 301.9, 125.9, 2.415
[00:34:54] 302.3, 125.8, 2.410
[00:34:55] 302.6, 125.8, 2.412
[00:34:56] 302.9, 125.9, 2.408
[00:34:57] 303.1, 125.9, 2.411
[00:34:58] 303.3, 125.8, 2.413
[00:34:59] 303.5, 125.9, 2.414
[00:35:00] 303.7, 125.8, 2.415
[00:35:01] 303.8, 125.9, 2.410
[00:35:02] 303.9, 125.8, 2.411
[00:35:03] 304.0, 125.8, 2.415
[00:35:04] 304.2, 125.8, 2.414
[00:35:05] 304.3, 125.9, 1.111
[00:35:06] 222.5, 126.0, 1.112
[00:35:07] 140.7, 125.9, 1.110
[00:35:08] 140.6, 125.9, 1.104
[00:35:09] 140.6, 125.9, 1.104
