<<<[22:29:20] 140.5, 125.8, 1.111
[22:29:21] 140.5, 125.8, 1.118
[22:29:22] 140.6, 125.8, 1.121
[22:29:23] 140.7, 125.7, 1.233
[22:29:24] 153.0, 125.8, 1.217
[22:29:25] 153.3, 125.7, 1.121
[22:29:26] 143.4, 125.7, 1.122
[22:29:27] 143.2, 125.7, 1.129
[22:29:28] 143.1, 125.7, 1.128
[22:29:29] 143.2, 125.7, 1.135
[22:29:30] 143.2, 125.8, 1.132
[22:29:31] 169.8, 125.7, 1.145
[22:29:32] 144.5, 125.7, 1.150
[22:29:33] 144.6, 125.7, 1.153
[22:29:34] 144.7, 125.8, 1.142
[22:29:35] 144.7, 125.8, 1.125
[22:29:36] 168.2, 125.8, 1.112
[22:29:37] 140.8, 125.7, 1.113
[22:29:38] 140.7, 125.7, 1.116
[22:29:39] 140.7, 125.7, 1.118
[22:29:40] 140.8, 125.7, 1.123
[22:29:41] 168.4, 125.8, 1.103
[22:29:42] 140.5, 125.8, 1.103
[22:29:43] 140.4, 125.7, 1.103
[22:29:44] 140.3, 125.8, 1.109
[22:29:45] 140.4, 125.8, 1.124
[22:29:46] 168.0, 125.8, 1.108
[22:29:47] 139.9, 125.8, 1.106
[22:29:48] 139.9, 125.8, 1.105
[22:29:49] 139.9, 125.8, 1.105
[22:29:50] 140.0, 125.8, 1.118
[22:29:51] 167.8, 125.8, 1.109
[22:29:52] 140.5, 125.8, 1.105
[22:29:53] 140.4, 125.8, 1.102
[22:29:54] 140.3, 125.8, 1.108
[22:29:55] 140.3, 125.8, 1.118
[22:29:56] 167.3, 125.8, 1.103
[22:29:57] 139.9, 125.7, 1.105
[22:29:58] 139.9, 125.7, 1.109
[22:29:59] 139.9, 125.8, 1.103
[22:30:00] 139.9, 125.7, 1.113
[22:30:01] 166.9, 125.8, 1.109
[22:30:02] 140.3, 125.7, 1.100
[22:30:03] 140.2, 125.8, 1.101
[22:30:04] 140.1, 125.8, 1.106
[22:30:05] 140.1, 125.8, 1.047
[22:30:06] 173.4, 125.8, 1.098
[22:30:07] 134.5, 125.8, 1.106
[22:30:08] 139.6, 125.8, 1.109
[22:30:09] 139.6, 125.9, 1.103
[22:30:10] 139.6, 125.9, 1.148
[22:30:11] 186.1, 125.9, 1.061
[22:30:12] 134.5, 125.9, 1.103
[22:30:13] 139.6, 125.8, 1.108
[22:30:14] 139.6, 125.9, 1.104
[22:30:15] 139.6, 125.8, 1.604
[22:30:16] 199.0, 125.9, 1.040
[22:30:17] 131.1, 125.9, 1.106
[22:30:18] 140.1, 125.8, 1.103
[22:30:19] 140.0, 125.9, 1.098
[22:30:20] 140.0, 125.7, 1.934
[22:30:21] 200.6, 125.9, 1.047
[22:30:22] 150.8, 125.9, 1.104
[22:30:23] 139.0, 125.9, 1.096
[22:30:24] 139.1, 125.8, 1.104
[22:30:25] 139.1, 125.8, 1.101
[22:30:26] 150.4, 125.8, 1.876
[22:30:27] 239.5, 125.8, 1.110
[22:30:28] 141.9, 125.9, 1.104
[22:30:29] 141.6, 125.8, 1.106
[22:30:30] 141.5, 125.9, 1.107
[22:30:31] 141.3, 125.8, 1.109
[22:30:32] 174.2, 125.7, 1.879
[22:30:33] 234.4, 125.8, 1.617
[22:30:34] 221.2, 125.7, 1.095
[22:30:35] 138.1, 125.8, 1.095
[22:30:36] 138.2, 125.8, 1.103
[22:30:37] 138.5, 125.8, 1.105
[22:30:38] 138.7, 125.7, 2.257
[22:30:39] 195.7, 125.7, 1.877
[22:30:40] 238.2, 125.7, 1.941
[22:30:41] 244.0, 125.6, 1.941
[22:30:42] 244.1, 125.7, 1.110
[22:30:43] 162.9, 125.7, 1.104
[22:30:44] 139.8, 125.7, 1.100
[22:30:45] 139.8, 125.7, 1.104
[22:30:46] 139.8, 125.7, 1.106
[22:30:47] 139.9, 125.7, 1.875
[22:30:48] 246.7, 125.7, 1.950
[22:30:49] 240.6, 125.7, 1.942
[22:30:50] 241.1, 125.6, 1.942
[22:30:51] 241.6, 125.6, 1.939
[22:30:52] 242.1, 125.7, 1.940
[22:30:53] 242.5, 125.7, 1.940
[22:30:54] 242.8, 125.8, 1.106
[22:30:55] 161.3, 125.8, 1.097
[22:30:56] 139.6, 125.8, 1.097
[22:30:57] 139.6, 125.8, 1.106
[22:30:58] 139.7, 125.8, 1.106
[22:30:59] 139.7, 125.7, 1.876
[22:31:00] 252.7, 125.7, 1.946
[22:31:01] 240.2, 125.7, 1.939
[22:31:02] 240.8, 125.6, 1.942
[22:31:03] 241.3, 125.6, 1.942
[22:31:04] 241.8, 125.7, 1.943
[22:31:05] 242.3, 125.7, 1.942
[22:31:06] 242.7, 125.6, 1.946
[22:31:07] 243.0, 125.7, 1.946
[22:31:08] 243.4, 125.7, 1.945
[22:31:09] 243.7, 125.7, 1.947
[22:31:10] 244.0, 125.6, 1.946
[22:31:11] 244.2, 125.7, 1.949
[22:31:12] 244.4, 125.7, 1.945
[22:31:13] 234.8, 125.7, 1.109
[22:31:14] 138.9, 125.8, 1.107
[22:31:15] 139.0, 125.8, 1.097
[22:31:16] 139.1, 125.8, 1.109
