<<<[18:59:23] 140.9, 125.8, 1.119
[18:59:24] 141.0, 125.8, 1.123
[18:59:25] 141.3, 125.7, 1.143
[18:59:26] 141.7, 125.7, 1.224
[18:59:27] 153.9, 125.7, 1.240
[18:59:28] 154.3, 125.7, 1.169
[18:59:29] 154.1, 125.7, 1.175
[18:59:30] 153.4, 125.8, 1.181
[18:59:31] 152.9, 125.8, 1.179
[18:59:32] 152.5, 125.7, 1.178
[18:59:33] 152.2, 125.7, 1.616
[18:59:34] 171.4, 125.7, 1.105
[18:59:35] 140.7, 125.7, 1.110
[18:59:36] 140.7, 125.7, 1.117
[18:59:37] 140.9, 125.7, 1.130
[18:59:38] 141.2, 125.7, 1.617
[18:59:39] 169.3, 125.7, 1.114
[18:59:40] 140.8, 125.7, 1.108
[18:59:41] 140.8, 125.7, 1.115
[18:59:42] 140.9, 125.7, 1.109
[18:59:43] 140.9, 125.7, 1.623
[18:59:44] 168.2, 125.7, 1.110
[18:59:45] 140.5, 125.7, 1.116
[18:59:46] 140.5, 125.7, 1.110
[18:59:47] 140.5, 125.7, 1.108
[18:59:48] 140.5, 125.6, 1.630
[18:59:49] 167.6, 125.7, 1.112
[18:59:50] 140.5, 125.7, 1.106
[18:59:51] 140.5, 125.7, 1.107
[18:59:52] 140.5, 125.7, 1.104
[18:59:53] 140.4, 125.7, 1.610
[18:59:54] 178.7, 125.8, 1.044
[18:59:55] 131.8, 125.8, 1.106
[18:59:56] 139.4, 125.8, 1.105
[18:59:57] 139.5, 125.8, 1.107
[18:59:58] 139.7, 125.7, 1.791
[18:59:59] 177.8, 125.7, 1.052
[19:00:00] 132.5, 125.7, 1.106
[19:00:01] 139.6, 125.7, 1.110
[19:00:02] 139.6, 125.7, 1.102
[19:00:03] 139.7, 125.5, 2.639
[19:00:04] 184.8, 125.7, 1.037
[19:00:05] 135.6, 125.7, 1.104
[19:00:06] 135.9, 125.7, 1.099
[19:00:07] 136.4, 125.7, 1.104
[19:00:08] 136.8, 125.7, 1.112
[19:00:09] 174.5, 125.7, 1.057
[19:00:10] 169.1, 125.8, 1.101
[19:00:11] 136.5, 125.8, 1.107
[19:00:12] 136.9, 125.8, 1.104
[19:00:13] 137.2, 125.8, 1.108
[19:00:14] 137.6, 125.7, 1.925
[19:00:15] 233.9, 125.8, 1.045
[19:00:16] 150.3, 125.8, 1.100
[19:00:17] 139.8, 125.8, 1.104
[19:00:18] 139.8, 125.8, 1.101
[19:00:19] 139.8, 125.8, 1.101
[19:00:20] 146.3, 125.7, 1.906
[19:00:21] 252.4, 125.7, 1.651
[19:00:22] 215.1, 125.8, 1.101
[19:00:23] 138.7, 125.8, 1.105
[19:00:24] 138.8, 125.8, 1.101
[19:00:25] 138.9, 125.8, 1.106
[19:00:26] 139.1, 125.7, 1.898
[19:00:27] 206.7, 125.7, 1.905
[19:00:28] 240.9, 125.7, 1.967
[19:00:29] 247.8, 125.7, 1.634
[19:00:30] 221.6, 125.7, 1.108
[19:00:31] 139.2, 125.8, 1.104
[19:00:32] 139.2, 125.7, 1.107
[19:00:33] 139.3, 125.8, 1.107
[19:00:34] 139.4, 125.7, 1.971
[19:00:35] 203.3, 125.7, 1.906
[19:00:36] 240.9, 125.7, 1.973
[19:00:37] 247.8, 125.7, 1.971
[19:00:38] 247.8, 125.7, 1.971
[19:00:39] 248.0, 125.7, 1.971
[19:00:40] 248.1, 125.7, 1.627
[19:00:41] 225.7, 125.8, 1.101
[19:00:42] 138.7, 125.7, 1.103
[19:00:43] 138.8, 125.7, 1.101
[19:00:44] 138.9, 125.7, 1.108
[19:00:45] 139.0, 125.7, 2.264
[19:00:46] 196.4, 125.6, 1.907
[19:00:47] 241.5, 125.6, 1.974
[19:00:48] 247.6, 125.6, 1.973
[19:00:49] 247.7, 125.6, 1.974
[19:00:50] 247.9, 125.6, 1.972
[19:00:51] 248.0, 125.6, 1.976
[19:00:52] 248.2, 125.6, 1.972
[19:00:53] 248.4, 125.6, 1.977
[19:00:54] 248.5, 125.6, 1.977
[19:00:55] 248.6, 125.6, 1.974
[19:00:56] 248.7, 125.6, 1.978
[19:00:57] 248.8, 125.8, 1.509
[19:00:58] 218.9, 125.8, 1.108
[19:00:59] 141.4, 125.8, 1.112
[19:01:00] 141.2, 125.8, 1.111
[19:01:01] 141.2, 125.8, 1.112
