<<<[20:45:15] 141.4, 125.7, 1.127
[20:45:16] 141.4, 125.8, 1.102
[20:45:17] 141.3, 125.7, 1.106
[20:45:18] 141.2, 125.7, 1.197
[20:45:19] 146.3, 125.8, 1.278
[20:45:20] 158.8, 125.7, 1.263
[20:45:21] 158.8, 125.7, 1.248
[20:45:22] 158.9, 125.7, 1.129
[20:45:23] 152.8, 125.7, 1.134
[20:45:24] 143.6, 125.7, 1.129
[20:45:25] 143.5, 125.8, 1.128
[20:45:26] 143.5, 125.7, 1.123
[20:45:27] 143.4, 125.6, 1.718
[20:45:28] 167.3, 125.7, 1.128
[20:45:29] 144.6, 125.8, 1.132
[20:45:30] 144.3, 125.7, 1.132
[20:45:31] 144.1, 125.6, 1.126
[20:45:32] 144.0, 125.5, 1.704
[20:45:33] 167.1, 125.6, 1.110
[20:45:34] 142.5, 125.6, 1.105
[20:45:35] 142.2, 125.6, 1.100
[20:45:36] 141.9, 125.7, 1.102
[20:45:37] 141.6, 125.6, 1.698
[20:45:38] 165.6, 125.7, 1.119
[20:45:39] 143.7, 125.7, 1.104
[20:45:40] 143.2, 125.7, 1.104
[20:45:41] 142.8, 125.7, 1.102
[20:45:42] 142.4, 125.7, 1.687
[20:45:43] 164.2, 125.7, 1.103
[20:45:44] 142.7, 125.7, 1.098
[20:45:45] 142.3, 125.7, 1.103
[20:45:46] 141.9, 125.7, 1.099
[20:45:47] 141.6, 125.6, 1.676
[20:45:48] 164.0, 125.6, 1.112
[20:45:49] 143.7, 125.7, 1.105
[20:45:50] 143.2, 125.7, 1.101
[20:45:51] 142.7, 125.6, 1.104
[20:45:52] 142.3, 125.6, 1.649
[20:45:53] 163.1, 125.7, 1.104
[20:45:54] 143.2, 125.7, 1.101
[20:45:55] 142.7, 125.7, 1.101
[20:45:56] 142.3, 125.7, 1.101
[20:45:57] 142.0, 125.6, 3.099
[20:45:58] 174.3, 125.7, 1.045
[20:45:59] 136.5, 125.7, 1.093
[20:46:00] 136.5, 125.6, 1.094
[20:46:01] 136.8, 125.7, 1.100
[20:46:02] 137.2, 125.5, 3.360
[20:46:03] 174.0, 125.7, 1.040
[20:46:04] 134.5, 125.7, 1.097
[20:46:05] 134.7, 125.6, 1.101
[20:46:06] 135.3, 125.7, 1.100
[20:46:07] 135.8, 125.7, 1.100
[20:46:08] 171.8, 125.7, 1.047
[20:46:09] 149.0, 125.6, 1.094
[20:46:10] 136.1, 125.7, 1.103
[20:46:11] 136.5, 125.7, 1.095
[20:46:12] 136.9, 125.7, 1.102
[20:46:13] 137.1, 125.8, 1.133
[20:46:14] 202.2, 125.8, 1.104
[20:46:15] 135.1, 125.8, 1.095
[20:46:16] 135.6, 125.8, 1.100
[20:46:17] 136.0, 125.8, 1.097
[20:46:18] 136.4, 125.7, 1.846
[20:46:19] 211.3, 125.8, 1.040
[20:46:20] 167.8, 125.7, 1.102
[20:46:21] 139.6, 125.7, 1.097
[20:46:22] 139.5, 125.7, 1.098
[20:46:23] 139.5, 125.6, 1.097
[20:46:24] 139.4, 125.6, 1.833
[20:46:25] 237.5, 125.6, 1.623
[20:46:26] 213.6, 125.6, 1.103
[20:46:27] 137.6, 125.6, 1.100
[20:46:28] 137.8, 125.6, 1.103
[20:46:29] 137.9, 125.6, 1.103
[20:46:30] 138.1, 125.6, 1.955
[20:46:31] 197.5, 125.5, 1.842
[20:46:32] 232.8, 125.6, 1.903
[20:46:33] 239.0, 125.7, 1.255
[20:46:34] 199.0, 125.7, 1.105
[20:46:35] 140.1, 125.8, 1.100
[20:46:36] 139.9, 125.7, 1.099
[20:46:37] 139.8, 125.6, 1.108
[20:46:38] 139.8, 125.6, 1.850
[20:46:39] 212.0, 125.6, 1.843
[20:46:40] 232.6, 125.6, 1.905
[20:46:41] 240.6, 125.6, 1.906
[20:46:42] 240.5, 125.5, 1.905
[20:46:43] 240.5, 125.5, 1.905
[20:46:44] 240.5, 125.6, 1.110
[20:46:45] 162.7, 125.7, 1.101
[20:46:46] 139.8, 125.7, 1.103
[20:46:47] 139.8, 125.6, 1.099
[20:46:48] 139.7, 125.7, 1.102
[20:46:49] 139.6, 125.6, 1.841
[20:46:50] 241.3, 125.6, 1.897
[20:46:51] 235.2, 125.6, 1.905
[20:46:52] 240.4, 125.6, 1.906
[20:46:53] 240.4, 125.6, 1.905
[20:46:54] 240.4, 125.6, 1.902
[20:46:55] 240.4, 125.6, 1.909
[20:46:56] 240.4, 125.6, 1.904
[20:46:57] 240.4, 125.5, 1.908
[20:46:58] 240.4, 125.5, 1.905
[20:46:59] 240.4, 125.6, 1.905
[20:47:00] 240.4, 125.7, 1.137
[20:47:01] 186.6, 125.7, 1.103
[20:47:02] 139.6, 125.7, 1.106
[20:47:03] 139.6, 125.7, 1.108
