<<<[23:14:41] 142.4, 125.7, 1.116
[23:14:42] 142.3, 125.6, 1.117
[23:14:43] 142.3, 125.7, 1.115
[23:14:44] 142.3, 125.6, 1.272
[23:14:45] 160.9, 125.6, 1.279
[23:14:46] 160.7, 125.6, 1.274
[23:14:47] 160.7, 125.6, 1.276
[23:14:48] 160.5, 125.6, 1.280
[23:14:49] 160.3, 125.7, 1.270
[23:14:50] 160.3, 125.6, 1.266
[23:14:51] 160.1, 125.6, 1.251
[23:14:52] 160.0, 125.6, 1.238
[23:14:53] 160.0, 125.5, 1.247
[23:14:54] 159.9, 125.6, 1.248
[23:14:55] 159.6, 125.6, 1.105
[23:14:56] 151.9, 125.6, 1.115
[23:14:57] 141.6, 125.5, 1.118
[23:14:58] 141.5, 125.6, 1.110
[23:14:59] 141.4, 125.6, 1.114
[23:15:00] 141.3, 125.5, 1.664
[23:15:01] 170.2, 125.6, 1.115
[23:15:02] 138.1, 125.6, 1.111
[23:15:03] 138.4, 125.7, 1.107
[23:15:04] 138.6, 125.7, 1.107
[23:15:05] 138.9, 125.5, 1.661
[23:15:06] 169.6, 125.6, 1.112
[23:15:07] 138.9, 125.6, 1.108
[23:15:08] 139.1, 125.6, 1.107
[23:15:09] 139.2, 125.6, 1.107
[23:15:10] 139.4, 125.6, 1.678
[23:15:11] 181.2, 125.7, 1.047
[23:15:12] 130.2, 125.6, 1.112
[23:15:13] 140.1, 125.6, 1.115
[23:15:14] 140.1, 125.6, 1.108
[23:15:15] 140.1, 125.6, 1.734
[23:15:16] 181.8, 125.6, 1.042
[23:15:17] 130.3, 125.6, 1.106
[23:15:18] 139.6, 125.6, 1.107
[23:15:19] 139.7, 125.7, 1.107
[23:15:20] 139.8, 125.5, 1.979
[23:15:21] 183.0, 125.6, 1.044
[23:15:22] 130.5, 125.7, 1.105
[23:15:23] 139.6, 125.6, 1.109
[23:15:24] 139.6, 125.6, 1.106
[23:15:25] 139.7, 125.6, 2.615
[23:15:26] 189.5, 125.6, 1.047
[23:15:27] 140.5, 125.6, 1.106
[23:15:28] 140.2, 125.6, 1.103
[23:15:29] 140.2, 125.7, 1.112
[23:15:30] 140.2, 125.4, 3.471
[23:15:31] 194.2, 125.6, 1.062
[23:15:32] 153.9, 125.7, 1.106
[23:15:33] 138.1, 125.7, 1.109
[23:15:34] 138.3, 125.6, 1.109
[23:15:35] 138.5, 125.6, 1.106
[23:15:36] 138.7, 125.6, 1.259
[23:15:37] 244.9, 125.6, 1.114
[23:15:38] 136.1, 125.6, 1.119
[23:15:39] 136.7, 125.6, 1.112
[23:15:40] 137.1, 125.6, 1.105
[23:15:41] 137.5, 125.5, 2.350
[23:15:42] 235.0, 125.6, 1.285
[23:15:43] 234.4, 125.7, 1.110
[23:15:44] 139.9, 125.7, 1.113
[23:15:45] 139.9, 125.6, 1.120
[23:15:46] 140.0, 125.7, 1.116
[23:15:47] 140.1, 125.5, 2.355
[23:15:48] 236.8, 125.5, 2.389
[23:15:49] 300.7, 125.6, 1.378
[23:15:50] 235.5, 125.6, 1.118
[23:15:51] 141.0, 125.7, 1.118
[23:15:52] 140.9, 125.6, 1.109
[23:15:53] 140.8, 125.6, 1.118
[23:15:54] 140.8, 125.5, 2.362
[23:15:55] 241.7, 125.4, 2.382
[23:15:56] 300.7, 125.4, 2.454
[23:15:57] 309.0, 125.4, 2.454
[23:15:58] 308.9, 125.5, 1.412
[23:15:59] 231.2, 125.6, 1.113
[23:16:00] 141.2, 125.6, 1.122
[23:16:01] 141.1, 125.6, 1.109
[23:16:02] 141.1, 125.6, 1.112
[23:16:03] 141.0, 125.4, 2.378
[23:16:04] 250.9, 125.4, 2.393
[23:16:05] 301.0, 125.4, 2.452
[23:16:06] 309.4, 125.4, 2.458
[23:16:07] 309.4, 125.4, 2.457
[23:16:08] 309.4, 125.4, 2.458
[23:16:09] 309.5, 125.4, 2.459
[23:16:10] 309.6, 125.4, 2.462
[23:16:11] 309.6, 125.5, 1.087
[23:16:12] 205.8, 125.6, 1.117
[23:16:13] 140.5, 125.6, 1.111
[23:16:14] 140.5, 125.6, 1.112
[23:16:15] 140.5, 125.5, 1.116
[23:16:16] 140.5, 125.4, 2.427
[23:16:17] 271.2, 125.4, 2.392
[23:16:18] 302.3, 125.4, 2.463
[23:16:19] 309.7, 125.4, 2.457
[23:16:20] 309.7, 125.4, 2.462
[23:16:21] 309.7, 125.5, 2.457
[23:16:22] 309.7, 125.4, 2.460
[23:16:23] 309.7, 125.4, 2.461
[23:16:24] 309.7, 125.5, 2.463
[23:16:25] 309.8, 125.5, 2.460
[23:16:26] 309.9, 125.4, 2.465
[23:16:27] 310.0, 125.4, 2.468
[23:16:28] 309.9, 125.4, 2.465
[23:16:29] 310.0, 125.4, 2.464
[23:16:30] 310.1, 125.5, 2.463
[23:16:31] 310.1, 125.4, 2.462
[23:16:32] 310.2, 125.6, 1.112
[23:16:33] 149.7, 125.6, 1.109
[23:16:34] 140.8, 125.7, 1.115
[23:16:35] 140.8, 125.6, 1.115
