<<<[16:51:33] 140.6, 125.1, 1.121
[16:51:34] 140.7, 125.1, 1.134
[16:51:35] 140.9, 125.1, 1.145
[16:51:36] 141.4, 125.1, 1.272
[16:51:37] 155.0, 125.1, 1.190
[16:51:38] 154.6, 125.1, 1.175
[16:51:39] 148.3, 125.1, 1.171
[16:51:40] 148.1, 125.1, 1.178
[16:51:41] 148.0, 125.1, 1.168
[16:51:42] 148.0, 125.1, 1.622
[16:51:43] 170.5, 125.1, 1.112
[16:51:44] 140.5, 125.1, 1.112
[16:51:45] 140.4, 125.1, 1.113
[16:51:46] 140.4, 125.1, 1.126
[16:51:47] 140.6, 125.1, 1.627
[16:51:48] 168.9, 125.2, 1.110
[16:51:49] 139.9, 125.1, 1.113
[16:51:50] 140.0, 125.2, 1.116
[16:51:51] 140.1, 125.1, 1.112
[16:51:52] 140.1, 125.0, 1.632
[16:51:53] 168.0, 125.1, 1.112
[16:51:54] 140.1, 125.2, 1.109
[16:51:55] 140.1, 125.1, 1.110
[16:51:56] 140.2, 125.1, 1.111
[16:51:57] 140.2, 125.1, 1.643
[16:51:58] 168.9, 125.2, 1.115
[16:51:59] 140.3, 125.2, 1.113
[16:52:00] 140.3, 125.2, 1.116
[16:52:01] 140.4, 125.2, 1.122
[16:52:02] 140.6, 125.1, 1.659
[16:52:03] 168.9, 125.2, 1.107
[16:52:04] 140.1, 125.1, 1.110
[16:52:05] 140.1, 125.1, 1.111
[16:52:06] 140.1, 125.1, 1.112
[16:52:07] 140.2, 125.1, 1.647
[16:52:08] 168.9, 125.1, 1.107
[16:52:09] 139.4, 125.1, 1.113
[16:52:10] 139.5, 125.2, 1.107
[16:52:11] 139.6, 125.2, 1.107
[16:52:12] 139.7, 125.1, 1.651
[16:52:13] 168.5, 125.2, 1.109
[16:52:14] 139.2, 125.2, 1.102
[16:52:15] 139.3, 125.2, 1.104
[16:52:16] 139.3, 125.2, 1.112
[16:52:17] 139.4, 125.2, 1.609
[16:52:18] 179.4, 125.2, 1.041
[16:52:19] 130.7, 125.2, 1.105
[16:52:20] 139.4, 125.2, 1.098
[16:52:21] 139.4, 125.2, 1.107
[16:52:22] 139.5, 125.1, 1.662
[16:52:23] 178.3, 125.1, 1.041
[16:52:24] 130.5, 125.1, 1.105
[16:52:25] 138.9, 125.2, 1.108
[16:52:26] 138.9, 125.2, 1.107
[16:52:27] 139.1, 125.1, 2.007
[16:52:28] 185.6, 125.2, 1.046
[16:52:29] 136.1, 125.2, 1.105
[16:52:30] 136.4, 125.2, 1.105
[16:52:31] 136.8, 125.2, 1.105
[16:52:32] 137.3, 125.1, 3.086
[16:52:33] 184.5, 125.3, 1.046
[16:52:34] 148.8, 125.2, 1.108
[16:52:35] 137.4, 125.2, 1.107
[16:52:36] 137.6, 125.2, 1.108
[16:52:37] 137.9, 125.2, 1.106
[16:52:38] 165.5, 125.2, 1.120
[16:52:39] 189.0, 125.2, 1.103
[16:52:40] 136.3, 125.2, 1.104
[16:52:41] 136.7, 125.2, 1.108
[16:52:42] 137.1, 125.2, 1.107
[16:52:43] 137.5, 125.1, 1.921
[16:52:44] 218.1, 125.2, 1.043
[16:52:45] 173.8, 125.2, 1.101
[16:52:46] 139.4, 125.1, 1.106
[16:52:47] 139.4, 125.1, 1.107
[16:52:48] 139.4, 125.1, 1.106
[16:52:49] 139.4, 125.0, 1.933
[16:52:50] 227.7, 125.0, 1.907
[16:52:51] 240.8, 125.1, 1.111
[16:52:52] 160.4, 125.1, 1.104
[16:52:53] 139.9, 125.1, 1.100
[16:52:54] 139.8, 125.1, 1.107
[16:52:55] 139.8, 125.1, 1.104
[16:52:56] 139.8, 125.0, 1.899
[16:52:57] 249.1, 125.0, 1.974
[16:52:58] 242.2, 125.0, 1.968
[16:52:59] 247.5, 125.1, 1.645
[16:53:00] 225.9, 125.2, 1.112
[16:53:01] 138.3, 125.2, 1.112
[16:53:02] 138.5, 125.2, 1.109
[16:53:03] 138.7, 125.2, 1.101
[16:53:04] 138.9, 125.1, 2.609
[16:53:05] 190.6, 125.1, 1.904
[16:53:06] 240.0, 125.1, 1.965
[16:53:07] 245.3, 125.1, 1.964
[16:53:08] 245.5, 125.1, 1.966
[16:53:09] 245.6, 125.1, 1.965
[16:53:10] 245.8, 125.1, 1.964
[16:53:11] 245.9, 125.1, 1.950
[16:53:12] 239.9, 125.2, 1.110
[16:53:13] 145.9, 125.2, 1.102
[16:53:14] 140.1, 125.2, 1.110
[16:53:15] 140.1, 125.2, 1.104
[16:53:16] 140.0, 125.1, 1.603
[16:53:17] 175.2, 125.1, 1.901
[16:53:18] 236.6, 125.1, 1.959
[16:53:19] 244.0, 125.1, 1.964
[16:53:20] 244.3, 125.1, 1.966
[16:53:21] 244.6, 125.1, 1.966
[16:53:22] 244.9, 125.1, 1.968
[16:53:23] 245.2, 125.0, 1.969
[16:53:24] 245.5, 125.0, 1.971
[16:53:25] 245.8, 125.0, 1.972
[16:53:26] 246.0, 125.0, 1.972
[16:53:27] 246.2, 125.0, 1.974
[16:53:28] 246.4, 125.0, 1.973
[16:53:29] 246.6, 125.0, 1.974
[16:53:30] 246.8, 125.0, 1.974
[16:53:31] 247.0, 125.2, 1.108
[16:53:32] 156.6, 125.2, 1.108
[16:53:33] 140.3, 125.2, 1.109
[16:53:34] 140.3, 125.2, 1.112
[16:53:35] 140.2, 125.2, 1.105
