<<<[23:55:22] 142.5, 125.9, 1.118
[23:55:23] 142.6, 125.9, 1.115
[23:55:24] 142.5, 125.9, 1.115
[23:55:25] 142.5, 125.8, 1.259
[23:55:26] 149.4, 125.8, 1.273
[23:55:27] 160.9, 125.8, 1.270
[23:55:28] 160.5, 125.8, 1.269
[23:55:29] 160.6, 125.8, 1.237
[23:55:30] 160.5, 125.7, 1.246
[23:55:31] 160.3, 125.8, 1.247
[23:55:32] 160.1, 125.8, 1.251
[23:55:33] 160.0, 125.7, 1.256
[23:55:34] 159.9, 125.8, 1.268
[23:55:35] 160.0, 125.7, 1.136
[23:55:36] 148.8, 125.8, 1.123
[23:55:37] 142.5, 125.8, 1.133
[23:55:38] 142.5, 125.8, 1.137
[23:55:39] 142.7, 125.8, 1.146
[23:55:40] 142.9, 125.8, 1.294
[23:55:41] 168.5, 125.8, 1.113
[23:55:42] 141.4, 125.8, 1.101
[23:55:43] 141.2, 125.8, 1.101
[23:55:44] 141.1, 125.8, 1.102
[23:55:45] 140.9, 125.8, 1.316
[23:55:46] 167.5, 125.8, 1.104
[23:55:47] 140.1, 125.8, 1.101
[23:55:48] 140.1, 125.8, 1.099
[23:55:49] 140.0, 125.8, 1.106
[23:55:50] 140.2, 125.8, 1.310
[23:55:51] 176.7, 125.8, 1.037
[23:55:52] 133.4, 125.8, 1.097
[23:55:53] 139.9, 125.7, 1.108
[23:55:54] 139.9, 125.8, 1.101
[23:55:55] 139.9, 125.8, 1.310
[23:55:56] 178.0, 125.9, 1.037
[23:55:57] 132.5, 125.9, 1.102
[23:55:58] 140.1, 125.9, 1.118
[23:55:59] 140.2, 125.9, 1.107
[23:56:00] 140.2, 125.9, 1.310
[23:56:01] 179.2, 125.9, 1.038
[23:56:02] 132.5, 125.9, 1.101
[23:56:03] 140.1, 125.9, 1.100
[23:56:04] 140.0, 125.8, 1.103
[23:56:05] 140.0, 125.8, 1.938
[23:56:06] 196.1, 125.8, 1.049
[23:56:07] 130.7, 125.8, 1.112
[23:56:08] 139.9, 125.8, 1.103
[23:56:09] 139.9, 125.8, 1.104
[23:56:10] 139.9, 125.6, 3.551
[23:56:11] 194.2, 125.9, 1.049
[23:56:12] 164.4, 125.8, 1.098
[23:56:13] 137.6, 125.8, 1.101
[23:56:14] 137.8, 125.8, 1.098
[23:56:15] 138.1, 125.8, 1.096
[23:56:16] 138.3, 125.6, 2.201
[23:56:17] 274.4, 125.8, 1.096
[23:56:18] 141.6, 125.8, 1.102
[23:56:19] 141.4, 125.8, 1.101
[23:56:20] 141.2, 125.8, 1.104
[23:56:21] 141.0, 125.8, 1.106
[23:56:22] 162.6, 125.7, 2.226
[23:56:23] 280.6, 125.8, 1.597
[23:56:24] 246.0, 125.8, 1.103
[23:56:25] 137.4, 125.8, 1.107
[23:56:26] 137.8, 125.8, 1.110
[23:56:27] 138.1, 125.8, 1.097
[23:56:28] 138.3, 125.7, 2.339
[23:56:29] 216.9, 125.7, 2.223
[23:56:30] 280.4, 125.6, 2.287
[23:56:31] 286.6, 125.7, 2.152
[23:56:32] 270.1, 125.8, 1.099
[23:56:33] 150.3, 125.8, 1.110
[23:56:34] 141.0, 125.8, 1.102
[23:56:35] 140.8, 125.9, 1.099
[23:56:36] 140.7, 125.6, 3.472
[23:56:37] 188.6, 125.7, 2.170
[23:56:38] 278.2, 125.7, 2.283
[23:56:39] 285.5, 125.7, 2.286
[23:56:40] 285.9, 125.7, 2.286
[23:56:41] 286.1, 125.7, 2.282
[23:56:42] 286.4, 125.7, 2.281
[23:56:43] 286.6, 125.9, 1.061
[23:56:44] 195.1, 125.9, 1.105
[23:56:45] 139.8, 125.9, 1.106
[23:56:46] 139.8, 125.9, 1.111
[23:56:47] 139.9, 125.9, 1.105
[23:56:48] 139.9, 125.8, 2.222
[23:56:49] 265.7, 125.7, 2.228
[23:56:50] 282.2, 125.8, 2.270
[23:56:51] 288.2, 125.7, 2.285
[23:56:52] 288.2, 125.8, 2.290
[23:56:53] 288.2, 125.7, 2.290
[23:56:54] 288.4, 125.8, 2.290
[23:56:55] 288.4, 125.7, 2.293
[23:56:56] 288.4, 125.7, 2.286
[23:56:57] 288.6, 125.7, 2.285
[23:56:58] 288.6, 125.7, 2.295
[23:56:59] 288.7, 125.7, 2.293
[23:57:00] 288.8, 125.7, 2.295
[23:57:01] 288.9, 125.8, 1.117
[23:57:02] 152.2, 125.8, 1.105
[23:57:03] 140.3, 125.8, 1.103
[23:57:04] 140.2, 125.8, 1.107
