<<<[22:37:29] 140.6, 125.7, 1.121
[22:37:30] 140.7, 125.7, 1.123
[22:37:31] 140.9, 125.7, 1.131
[22:37:32] 141.2, 125.7, 1.223
[22:37:33] 153.2, 125.7, 1.245
[22:37:34] 159.1, 125.7, 1.138
[22:37:35] 151.9, 125.7, 1.129
[22:37:36] 141.4, 125.6, 1.144
[22:37:37] 141.7, 125.7, 1.139
[22:37:38] 141.9, 125.7, 1.139
[22:37:39] 142.2, 125.6, 1.605
[22:37:40] 164.9, 125.8, 1.129
[22:37:41] 148.3, 125.8, 1.123
[22:37:42] 142.8, 125.7, 1.123
[22:37:43] 142.8, 125.7, 1.141
[22:37:44] 142.9, 125.7, 1.561
[22:37:45] 164.4, 125.7, 1.103
[22:37:46] 145.9, 125.7, 1.107
[22:37:47] 139.9, 125.7, 1.101
[22:37:48] 139.8, 125.7, 1.103
[22:37:49] 139.9, 125.6, 1.530
[22:37:50] 160.9, 125.7, 1.102
[22:37:51] 146.3, 125.7, 1.103
[22:37:52] 139.8, 125.7, 1.103
[22:37:53] 139.8, 125.7, 1.106
[22:37:54] 139.8, 125.6, 1.506
[22:37:55] 160.2, 125.7, 1.107
[22:37:56] 147.0, 125.7, 1.109
[22:37:57] 139.6, 125.7, 1.104
[22:37:58] 139.6, 125.7, 1.102
[22:37:59] 139.6, 125.6, 1.464
[22:38:00] 159.7, 125.7, 1.100
[22:38:01] 147.0, 125.6, 1.105
[22:38:02] 139.8, 125.7, 1.103
[22:38:03] 139.8, 125.7, 1.106
[22:38:04] 139.8, 125.6, 1.417
[22:38:05] 158.6, 125.7, 1.106
[22:38:06] 147.7, 125.6, 1.109
[22:38:07] 139.9, 125.6, 1.107
[22:38:08] 139.8, 125.7, 1.106
[22:38:09] 139.8, 125.5, 3.183
[22:38:10] 172.5, 125.7, 1.036
[22:38:11] 138.7, 125.7, 1.105
[22:38:12] 138.5, 125.7, 1.101
[22:38:13] 138.6, 125.7, 1.104
[22:38:14] 138.7, 125.7, 1.133
[22:38:15] 172.3, 125.8, 1.040
[22:38:16] 138.3, 125.7, 1.102
[22:38:17] 138.1, 125.7, 1.107
[22:38:18] 138.3, 125.7, 1.105
[22:38:19] 138.5, 125.7, 1.101
[22:38:20] 166.0, 125.7, 1.055
[22:38:21] 155.9, 125.7, 1.102
[22:38:22] 136.1, 125.7, 1.099
[22:38:23] 136.5, 125.8, 1.103
[22:38:24] 136.9, 125.7, 1.099
[22:38:25] 137.2, 125.7, 1.415
[22:38:26] 205.3, 125.7, 1.105
[22:38:27] 135.2, 125.7, 1.099
[22:38:28] 135.7, 125.7, 1.101
[22:38:29] 136.1, 125.7, 1.105
[22:38:30] 136.6, 125.6, 1.873
[22:38:31] 213.4, 125.7, 1.056
[22:38:32] 158.6, 125.7, 1.101
[22:38:33] 139.4, 125.7, 1.104
[22:38:34] 139.4, 125.7, 1.103
[22:38:35] 139.4, 125.6, 1.107
[22:38:36] 139.5, 125.6, 1.879
[22:38:37] 245.3, 125.7, 1.518
[22:38:38] 201.5, 125.6, 1.100
[22:38:39] 140.1, 125.7, 1.105
[22:38:40] 140.0, 125.7, 1.098
[22:38:41] 140.0, 125.7, 1.106
[22:38:42] 139.9, 125.5, 1.886
[22:38:43] 214.2, 125.6, 1.886
[22:38:44] 238.2, 125.5, 1.959
[22:38:45] 246.9, 125.7, 1.122
[22:38:46] 167.1, 125.7, 1.101
[22:38:47] 139.8, 125.7, 1.103
[22:38:48] 139.7, 125.7, 1.094
[22:38:49] 139.7, 125.7, 1.106
[22:38:50] 139.7, 125.6, 1.887
[22:38:51] 249.3, 125.6, 1.962
[22:38:52] 241.9, 125.6, 1.957
[22:38:53] 242.4, 125.6, 1.950
[22:38:54] 242.9, 125.6, 1.946
[22:38:55] 243.4, 125.7, 1.066
[22:38:56] 192.3, 125.7, 1.106
[22:38:57] 139.8, 125.7, 1.105
[22:38:58] 139.8, 125.7, 1.101
[22:38:59] 139.8, 125.7, 1.102
[22:39:00] 139.7, 125.6, 1.929
[22:39:01] 223.0, 125.6, 1.892
[22:39:02] 239.3, 125.5, 1.953
[22:39:03] 246.6, 125.6, 1.954
[22:39:04] 246.5, 125.6, 1.953
[22:39:05] 246.5, 125.6, 1.936
[22:39:06] 246.5, 125.6, 1.952
[22:39:07] 246.5, 125.6, 1.955
[22:39:08] 246.5, 125.6, 1.956
[22:39:09] 246.5, 125.6, 1.947
[22:39:10] 246.6, 125.6, 1.957
[22:39:11] 231.7, 125.7, 1.107
[22:39:12] 140.1, 125.7, 1.103
[22:39:13] 140.0, 125.8, 1.105
[22:39:14] 140.0, 125.7, 1.099
