<<<[19:56:06] 141.1, 126.0, 1.114
[19:56:07] 141.1, 126.0, 1.103
[19:56:08] 141.1, 126.0, 1.115
[19:56:09] 141.2, 126.0, 1.210
[19:56:10] 154.6, 126.0, 1.267
[19:56:11] 160.2, 126.0, 1.240
[19:56:12] 160.2, 126.0, 1.272
[19:56:13] 160.2, 126.1, 1.270
[19:56:14] 160.3, 126.0, 1.269
[19:56:15] 160.4, 126.0, 1.247
[19:56:16] 160.2, 125.9, 1.252
[19:56:17] 154.1, 126.0, 1.273
[19:56:18] 160.9, 126.0, 1.272
[19:56:19] 160.7, 126.0, 1.284
[19:56:20] 160.5, 126.0, 1.246
[19:56:21] 160.2, 126.0, 1.240
[19:56:22] 160.1, 126.0, 1.290
[19:56:23] 160.0, 126.0, 1.248
[19:56:24] 159.9, 126.0, 1.244
[19:56:25] 159.8, 126.0, 1.303
[19:56:26] 160.0, 126.0, 1.268
[19:56:27] 159.8, 126.1, 1.230
[19:56:28] 159.7, 126.1, 1.250
[19:56:29] 159.4, 126.1, 1.249
[19:56:30] 159.5, 126.0, 1.236
[19:56:31] 159.4, 126.1, 1.263
[19:56:32] 159.2, 126.0, 1.315
[19:56:33] 159.7, 126.1, 1.249
[19:56:34] 159.9, 126.1, 1.095
[19:56:35] 152.1, 126.1, 1.104
[19:56:36] 140.7, 126.0, 1.099
[19:56:37] 140.6, 126.1, 1.101
[19:56:38] 140.5, 126.1, 1.097
[19:56:39] 140.4, 126.0, 1.972
[19:56:40] 179.4, 126.1, 1.039
[19:56:41] 131.4, 126.1, 1.099
[19:56:42] 138.9, 126.0, 1.101
[19:56:43] 139.0, 126.1, 1.098
[19:56:44] 139.1, 126.0, 2.151
[19:56:45] 180.3, 126.1, 1.035
[19:56:46] 133.1, 126.0, 1.098
[19:56:47] 138.3, 126.1, 1.105
[19:56:48] 138.5, 126.1, 1.098
[19:56:49] 138.7, 126.0, 2.536
[19:56:50] 181.4, 126.0, 1.042
[19:56:51] 132.9, 126.0, 1.097
[19:56:52] 138.1, 126.1, 1.100
[19:56:53] 138.3, 126.0, 1.097
[19:56:54] 138.5, 125.8, 3.349
[19:56:55] 185.4, 126.1, 1.031
[19:56:56] 144.5, 126.1, 1.099
[19:56:57] 137.9, 126.0, 1.097
[19:56:58] 138.2, 126.0, 1.100
[19:56:59] 138.4, 126.0, 1.092
[19:57:00] 181.2, 126.0, 1.060
[19:57:01] 167.5, 126.0, 1.098
[19:57:02] 136.5, 126.1, 1.104
[19:57:03] 136.8, 126.0, 1.100
[19:57:04] 137.2, 126.0, 1.104
[19:57:05] 137.6, 126.0, 1.543
[19:57:06] 245.3, 126.1, 1.092
[19:57:07] 134.1, 126.1, 1.096
[19:57:08] 139.8, 126.0, 1.098
[19:57:09] 139.8, 126.0, 1.098
[19:57:10] 139.8, 125.9, 2.708
[19:57:11] 214.0, 126.0, 1.589
[19:57:12] 262.5, 126.0, 1.100
[19:57:13] 140.1, 126.1, 1.101
[19:57:14] 140.0, 126.0, 1.099
[19:57:15] 140.0, 126.0, 1.100
[19:57:16] 140.0, 125.9, 2.805
[19:57:17] 211.8, 125.9, 2.355
[19:57:18] 298.5, 126.0, 1.740
[19:57:19] 270.8, 126.0, 1.107
[19:57:20] 142.3, 126.0, 1.101
[19:57:21] 142.0, 126.1, 1.102
[19:57:22] 141.7, 126.0, 1.101
[19:57:23] 141.5, 125.9, 3.041
[19:57:24] 206.6, 125.8, 2.358
[19:57:25] 298.3, 125.8, 2.422
[19:57:26] 304.1, 125.8, 2.422
[19:57:27] 304.2, 125.9, 2.002
[19:57:28] 278.2, 126.0, 1.100
[19:57:29] 142.8, 126.0, 1.101
[19:57:30] 142.4, 126.0, 1.102
[19:57:31] 142.2, 126.1, 1.097
[19:57:32] 141.9, 125.9, 3.630
[19:57:33] 198.8, 125.9, 2.353
[19:57:34] 297.6, 125.9, 2.416
[19:57:35] 303.4, 125.9, 2.414
[19:57:36] 303.6, 125.9, 2.416
[19:57:37] 303.8, 125.9, 2.420
[19:57:38] 304.0, 126.0, 2.418
[19:57:39] 304.3, 125.9, 2.420
[19:57:40] 304.4, 125.9, 2.421
[19:57:41] 291.4, 126.0, 1.104
[19:57:42] 153.7, 126.0, 1.099
[19:57:43] 140.1, 126.0, 1.108
[19:57:44] 140.1, 126.0, 1.102
[19:57:45] 140.1, 126.0, 1.102
[19:57:46] 183.0, 125.9, 2.356
[19:57:47] 294.7, 125.9, 2.416
[19:57:48] 302.1, 125.9, 2.422
[19:57:49] 302.6, 125.9, 2.419
[19:57:50] 302.9, 125.9, 2.421
[19:57:51] 303.4, 125.9, 2.424
[19:57:52] 303.7, 125.9, 2.422
[19:57:53] 304.1, 125.9, 2.425
[19:57:54] 304.4, 125.8, 2.427
[19:57:55] 304.7, 125.9, 2.428
[19:57:56] 304.9, 125.9, 2.429
[19:57:57] 305.1, 125.9, 2.430
[19:57:58] 305.3, 125.8, 2.432
[19:57:59] 305.5, 125.9, 2.428
[19:58:00] 305.7, 125.9, 2.424
[19:58:01] 305.8, 125.9, 2.424
[19:58:02] 305.9, 126.1, 1.106
[19:58:03] 155.5, 126.1, 1.105
[19:58:04] 140.7, 126.1, 1.106
[19:58:05] 140.7, 126.1, 1.105
[19:58:06] 140.7, 126.1, 1.101
