<<<[17:19:32] 140.7, 125.1, 1.123
[17:19:33] 140.9, 125.0, 1.145
[17:19:34] 141.2, 125.0, 1.147
[17:19:35] 141.6, 125.1, 1.274
[17:19:36] 153.0, 125.0, 1.252
[17:19:37] 158.4, 125.0, 1.245
[17:19:38] 158.2, 125.0, 1.180
[17:19:39] 150.4, 125.0, 1.184
[17:19:40] 150.2, 125.0, 1.183
[17:19:41] 150.1, 125.0, 1.185
[17:19:42] 150.1, 125.0, 1.164
[17:19:43] 149.8, 125.0, 1.088
[17:19:44] 169.6, 125.0, 1.113
[17:19:45] 140.8, 125.0, 1.122
[17:19:46] 140.8, 125.0, 1.114
[17:19:47] 140.9, 125.0, 1.107
[17:19:48] 140.9, 125.0, 1.085
[17:19:49] 168.2, 125.0, 1.120
[17:19:50] 140.7, 125.0, 1.110
[17:19:51] 140.6, 125.1, 1.112
[17:19:52] 140.7, 125.0, 1.114
[17:19:53] 140.7, 125.1, 1.085
[17:19:54] 167.8, 125.1, 1.126
[17:19:55] 140.7, 125.1, 1.120
[17:19:56] 140.7, 125.1, 1.107
[17:19:57] 140.6, 125.1, 1.122
[17:19:58] 140.7, 125.1, 1.090
[17:19:59] 167.6, 125.1, 1.119
[17:20:00] 141.0, 125.0, 1.126
[17:20:01] 140.9, 125.0, 1.114
[17:20:02] 140.9, 125.1, 1.108
[17:20:03] 140.8, 125.1, 1.089
[17:20:04] 167.5, 125.1, 1.112
[17:20:05] 140.5, 125.1, 1.108
[17:20:06] 140.5, 125.1, 1.117
[17:20:07] 140.5, 125.1, 1.105
[17:20:08] 140.5, 125.1, 1.089
[17:20:09] 167.8, 125.1, 1.124
[17:20:10] 140.7, 125.1, 1.107
[17:20:11] 140.7, 125.1, 1.112
[17:20:12] 140.6, 125.0, 1.110
[17:20:13] 140.5, 125.1, 1.046
[17:20:14] 175.8, 125.1, 1.046
[17:20:15] 133.8, 125.1, 1.108
[17:20:16] 140.3, 125.1, 1.111
[17:20:17] 140.3, 125.1, 1.106
[17:20:18] 140.3, 125.1, 1.055
[17:20:19] 175.2, 125.1, 1.060
[17:20:20] 133.8, 125.2, 1.113
[17:20:21] 140.5, 125.2, 1.108
[17:20:22] 140.4, 125.1, 1.113
[17:20:23] 140.3, 125.1, 1.619
[17:20:24] 189.4, 125.1, 1.046
[17:20:25] 131.8, 125.1, 1.120
[17:20:26] 140.8, 125.1, 1.116
[17:20:27] 140.7, 125.1, 1.101
[17:20:28] 140.6, 125.1, 1.660
[17:20:29] 198.2, 125.1, 1.047
[17:20:30] 134.1, 125.2, 1.102
[17:20:31] 140.1, 125.1, 1.115
[17:20:32] 140.1, 125.1, 1.107
[17:20:33] 140.1, 125.0, 2.959
[17:20:34] 187.7, 125.1, 1.067
[17:20:35] 167.8, 125.0, 1.105
[17:20:36] 137.9, 125.1, 1.108
[17:20:37] 138.1, 125.0, 1.109
[17:20:38] 138.4, 125.0, 1.115
[17:20:39] 138.6, 124.9, 1.942
[17:20:40] 245.3, 125.1, 1.102
[17:20:41] 165.5, 125.1, 1.108
[17:20:42] 140.1, 125.1, 1.103
[17:20:43] 140.1, 125.1, 1.116
[17:20:44] 140.1, 125.1, 1.106
[17:20:45] 140.1, 125.0, 1.936
[17:20:46] 253.6, 125.0, 2.010
[17:20:47] 242.0, 125.1, 1.108
[17:20:48] 155.3, 125.1, 1.117
[17:20:49] 140.5, 125.1, 1.116
[17:20:50] 140.5, 125.0, 1.116
[17:20:51] 140.5, 125.1, 1.111
[17:20:52] 172.3, 125.0, 1.942
[17:20:53] 241.1, 125.0, 1.996
[17:20:54] 247.8, 125.0, 2.000
[17:20:55] 248.2, 125.0, 1.640
[17:20:56] 218.5, 125.1, 1.112
[17:20:57] 140.1, 125.1, 1.115
[17:20:58] 140.1, 125.0, 1.110
[17:20:59] 140.2, 125.0, 1.115
[17:21:00] 140.2, 124.8, 1.976
[17:21:01] 207.6, 124.8, 1.943
[17:21:02] 244.2, 124.8, 2.001
[17:21:03] 250.7, 124.8, 2.001
[17:21:04] 250.7, 124.9, 2.001
[17:21:05] 250.8, 124.9, 2.001
[17:21:06] 250.9, 125.0, 2.004
[17:21:07] 251.0, 125.0, 1.916
[17:21:08] 241.7, 125.1, 1.110
[17:21:09] 142.8, 125.1, 1.110
[17:21:10] 142.5, 125.1, 1.111
[17:21:11] 142.3, 125.2, 1.111
[17:21:12] 142.0, 124.9, 3.319
[17:21:13] 180.8, 125.0, 1.935
[17:21:14] 242.0, 125.0, 1.999
[17:21:15] 248.7, 125.0, 2.001
[17:21:16] 249.0, 125.0, 2.004
[17:21:17] 249.4, 125.0, 2.005
[17:21:18] 249.7, 125.0, 2.005
[17:21:19] 250.0, 125.0, 2.008
[17:21:20] 250.2, 125.0, 2.007
[17:21:21] 250.5, 125.0, 2.006
[17:21:22] 250.7, 125.0, 2.004
[17:21:23] 250.9, 125.0, 2.006
[17:21:24] 251.1, 125.0, 2.009
[17:21:25] 251.2, 125.0, 2.006
[17:21:26] 251.3, 124.9, 2.008
[17:21:27] 251.4, 125.1, 1.124
[17:21:28] 176.9, 125.1, 1.119
[17:21:29] 140.5, 125.1, 1.112
[17:21:30] 140.5, 125.1, 1.118
[17:21:31] 140.6, 125.1, 1.114
