<<<[05:01:45] 140.1, 126.1, 1.117
[05:01:46] 140.3, 126.1, 1.125
[05:01:47] 140.7, 126.1, 1.134
[05:01:48] 141.1, 126.1, 1.269
[05:01:49] 157.3, 126.1, 1.260
[05:01:50] 157.7, 126.1, 1.269
[05:01:51] 158.1, 126.1, 1.272
[05:01:52] 158.4, 126.1, 1.265
[05:01:53] 158.7, 126.1, 1.265
[05:01:54] 159.0, 126.1, 1.279
[05:01:55] 159.3, 126.1, 1.271
[05:01:56] 159.5, 126.1, 1.268
[05:01:57] 159.8, 126.1, 1.268
[05:01:58] 159.9, 126.1, 1.266
[05:01:59] 159.9, 126.2, 1.234
[05:02:00] 159.8, 126.2, 1.266
[05:02:01] 159.9, 126.1, 1.269
[05:02:02] 160.0, 126.1, 1.268
[05:02:03] 160.0, 126.1, 1.270
[05:02:04] 160.1, 126.1, 1.269
[05:02:05] 160.2, 126.1, 1.271
[05:02:06] 160.3, 126.1, 1.267
[05:02:07] 160.4, 126.1, 1.268
[05:02:08] 160.5, 126.0, 1.265
[05:02:09] 160.5, 126.1, 1.266
[05:02:10] 160.6, 126.1, 1.267
[05:02:11] 160.5, 126.0, 1.266
[05:02:12] 160.5, 126.1, 1.266
[05:02:13] 160.5, 126.1, 1.267
[05:02:14] 160.5, 126.1, 1.273
[05:02:15] 160.5, 126.1, 1.267
[05:02:16] 160.6, 126.1, 1.241
[05:02:17] 160.3, 126.1, 1.266
[05:02:18] 160.4, 126.1, 1.267
[05:02:19] 160.2, 126.1, 1.275
[05:02:20] 160.2, 126.0, 1.264
[05:02:21] 160.3, 126.1, 1.267
[05:02:22] 160.4, 126.1, 1.211
[05:02:23] 160.2, 126.1, 1.267
[05:02:24] 160.3, 126.1, 1.273
[05:02:25] 160.4, 126.1, 1.272
[05:02:26] 160.4, 126.1, 1.266
[05:02:27] 160.4, 126.0, 1.268
[05:02:28] 160.4, 126.1, 1.265
[05:02:29] 160.3, 126.1, 1.269
[05:02:30] 160.3, 126.1, 1.269
[05:02:31] 160.4, 126.1, 1.268
[05:02:32] 160.5, 126.1, 1.265
[05:02:33] 160.6, 126.1, 1.250
[05:02:34] 160.4, 126.0, 1.246
[05:02:35] 160.4, 126.0, 1.267
[05:02:36] 160.5, 126.0, 1.267
[05:02:37] 160.5, 126.0, 1.270
[05:02:38] 160.5, 126.1, 1.250
[05:02:39] 160.5, 126.0, 1.248
[05:02:40] 160.2, 126.0, 1.259
[05:02:41] 160.1, 126.0, 1.249
[05:02:42] 160.0, 126.1, 1.245
[05:02:43] 159.7, 126.1, 1.262
[05:02:44] 159.6, 126.1, 1.291
[05:02:45] 160.0, 126.1, 1.234
[05:02:46] 159.7, 126.1, 1.247
[05:02:47] 159.6, 126.1, 1.313
[05:02:48] 159.6, 126.0, 1.234
[05:02:49] 159.4, 126.1, 1.240
[05:02:50] 159.3, 126.0, 1.319
[05:02:51] 159.6, 126.1, 1.246
[05:02:52] 160.0, 126.0, 1.244
[05:02:53] 159.7, 126.0, 1.263
[05:02:54] 159.6, 126.0, 1.230
[05:02:55] 159.7, 126.0, 1.240
[05:02:56] 159.5, 126.0, 1.260
[05:02:57] 159.4, 126.0, 1.307
[05:02:58] 159.7, 126.1, 1.235
[05:02:59] 159.5, 126.0, 1.236
[05:03:00] 159.4, 126.0, 1.311
[05:03:01] 159.4, 126.0, 1.241
[05:03:02] 159.3, 126.0, 1.236
[05:03:03] 159.2, 126.1, 1.316
[05:03:04] 159.5, 126.0, 1.277
[05:03:05] 165.8, 126.0, 1.240
[05:03:06] 165.3, 126.1, 1.239
[05:03:07] 158.0, 126.1, 1.245
[05:03:08] 158.0, 126.0, 1.240
[05:03:09] 158.2, 126.1, 1.250
[05:03:10] 158.2, 126.0, 1.251
[05:03:11] 158.2, 126.0, 1.235
[05:03:12] 158.2, 126.0, 1.252
[05:03:13] 158.6, 126.0, 1.230
[05:03:14] 158.5, 126.0, 1.246
[05:03:15] 158.5, 126.0, 1.235
[05:03:16] 158.6, 126.1, 1.239
[05:03:17] 158.6, 126.1, 1.271
[05:03:18] 158.5, 126.0, 1.236
[05:03:19] 158.5, 126.0, 1.317
[05:03:20] 164.7, 126.0, 1.235
[05:03:21] 159.3, 126.0, 1.264
[05:03:22] 159.2, 126.0, 1.244
[05:03:23] 159.0, 126.0, 1.227
[05:03:24] 159.1, 126.0, 1.244
[05:03:25] 158.9, 126.0, 1.241
[05:03:26] 158.9, 126.0, 1.252
[05:03:27] 159.0, 126.0, 1.241
[05:03:28] 159.1, 126.1, 1.244
[05:03:29] 159.1, 126.1, 1.253
[05:03:30] 158.9, 126.0, 1.241
[05:03:31] 159.0, 126.0, 1.239
[05:03:32] 158.9, 126.0, 1.245
[05:03:33] 158.8, 126.1, 1.239
[05:03:34] 158.9, 126.0, 1.305
[05:03:35] 166.7, 126.0, 1.330
[05:03:36] 166.5, 126.0, 1.265
[05:03:37] 160.6, 126.0, 1.311
[05:03:38] 166.2, 126.0, 1.245
[05:03:39] 158.2, 126.0, 1.246
[05:03:40] 158.2, 126.0, 1.246
[05:03:41] 158.2, 126.0, 1.246
[05:03:42] 158.2, 126.0, 1.247
[05:03:43] 158.2, 126.0, 1.153
[05:03:44] 147.2, 126.0, 1.136
[05:03:45] 146.8, 126.1, 1.159
[05:03:46] 146.8, 126.0, 1.174
[05:03:47] 147.0, 126.1, 1.172
[05:03:48] 171.6, 126.1, 1.054
[05:03:49] 155.1, 126.0, 1.098
[05:03:50] 136.1, 126.1, 1.099
[05:03:51] 136.5, 126.0, 1.099
[05:03:52] 136.9, 126.0, 1.097
[05:03:53] 137.3, 126.0, 1.050
[05:03:54] 181.0, 126.0, 1.096
[05:03:55] 135.4, 126.0, 1.098
[05:03:56] 135.9, 126.0, 1.096
[05:03:57] 136.3, 126.0, 1.103
[05:03:58] 136.8, 126.0, 1.377
[05:03:59] 211.4, 126.0, 1.091
[05:04:00] 134.9, 125.9, 1.096
[05:04:01] 135.4, 126.0, 1.099
[05:04:02] 136.0, 125.9, 1.096
[05:04:03] 136.5, 125.8, 2.334
[05:04:04] 240.2, 126.0, 1.030
[05:04:05] 139.0, 126.0, 1.106
[05:04:06] 139.1, 126.1, 1.095
[05:04:07] 139.2, 126.0, 1.092
[05:04:08] 139.2, 126.0, 1.101
[05:04:09] 178.7, 125.8, 2.318
[05:04:10] 277.1, 126.1, 1.096
[05:04:11] 144.3, 126.0, 1.101
[05:04:12] 143.7, 126.0, 1.095
[05:04:13] 143.2, 126.0, 1.100
[05:04:14] 142.8, 126.0, 1.100
[05:04:15] 180.8, 125.8, 2.318
[05:04:16] 290.4, 125.9, 2.361
[05:04:17] 281.3, 126.1, 1.087
[05:04:18] 148.4, 126.1, 1.094
[05:04:19] 139.8, 126.0, 1.101
[05:04:20] 139.7, 126.0, 1.096
[05:04:21] 139.8, 125.8, 2.201
[05:04:22] 185.0, 125.9, 2.314
[05:04:23] 290.7, 125.8, 2.378
[05:04:24] 298.0, 125.8, 2.380
[05:04:25] 298.4, 125.9, 2.146
[05:04:26] 278.1, 126.0, 1.097
[05:04:27] 149.9, 126.1, 1.100
[05:04:28] 139.8, 126.0, 1.103
[05:04:29] 139.8, 126.0, 1.103
[05:04:30] 139.8, 125.8, 3.564
[05:04:31] 193.0, 125.9, 2.314
[05:04:32] 292.2, 125.8, 2.382
[05:04:33] 298.7, 125.8, 2.378
[05:04:34] 298.9, 125.9, 2.384
[05:04:35] 299.3, 125.9, 2.382
[05:04:36] 299.6, 125.9, 2.387
[05:04:37] 299.8, 125.9, 2.379
[05:04:38] 300.0, 126.0, 1.703
[05:04:39] 266.8, 126.1, 1.099
[05:04:40] 138.5, 126.1, 1.102
[05:04:41] 138.7, 126.1, 1.103
[05:04:42] 138.9, 126.1, 1.101
[05:04:43] 139.0, 125.9, 2.878
[05:04:44] 207.3, 125.9, 2.313
[05:04:45] 294.2, 125.9, 2.386
[05:04:46] 299.8, 125.9, 2.378
[05:04:47] 300.0, 125.8, 2.386
[05:04:48] 300.1, 125.9, 2.382
[05:04:49] 300.4, 125.8, 2.386
[05:04:50] 300.5, 125.9, 2.383
[05:04:51] 300.7, 125.8, 2.387
[05:04:52] 300.8, 125.9, 2.390
[05:04:53] 301.0, 125.9, 2.390
[05:04:54] 301.1, 126.0, 2.388
[05:04:55] 301.2, 125.9, 2.389
[05:04:56] 301.4, 125.9, 2.389
[05:04:57] 301.5, 125.9, 2.386
[05:04:58] 301.6, 125.9, 2.390
[05:04:59] 301.7, 126.1, 1.141
[05:05:00] 211.1, 126.1, 1.107
[05:05:01] 140.5, 126.1, 1.105
[05:05:02] 140.5, 126.1, 1.099
[05:05:03] 140.4, 126.0, 1.103
