<<<[20:34:35] 141.6, 126.0, 1.101
[20:34:36] 141.5, 126.0, 1.104
[20:34:37] 141.4, 126.0, 1.103
[20:34:38] 141.3, 126.0, 1.261
[20:34:39] 156.4, 126.0, 1.089
[20:34:40] 151.3, 126.0, 1.117
[20:34:41] 141.2, 125.9, 1.118
[20:34:42] 141.2, 125.9, 1.123
[20:34:43] 141.5, 125.9, 1.125
[20:34:44] 141.7, 125.9, 1.718
[20:34:45] 171.6, 125.9, 1.107
[20:34:46] 139.4, 125.9, 1.113
[20:34:47] 139.6, 125.8, 1.126
[20:34:48] 139.9, 125.9, 1.139
[20:34:49] 140.3, 125.8, 1.729
[20:34:50] 170.5, 125.9, 1.111
[20:34:51] 139.4, 126.0, 1.105
[20:34:52] 139.5, 125.9, 1.112
[20:34:53] 139.7, 125.9, 1.119
[20:34:54] 140.0, 125.9, 1.733
[20:34:55] 169.4, 126.0, 1.097
[20:34:56] 138.5, 126.0, 1.101
[20:34:57] 138.6, 126.0, 1.107
[20:34:58] 138.8, 126.0, 1.111
[20:34:59] 139.1, 126.0, 1.720
[20:35:00] 168.0, 126.0, 1.108
[20:35:01] 138.9, 126.0, 1.099
[20:35:02] 139.0, 126.0, 1.098
[20:35:03] 139.1, 126.0, 1.098
[20:35:04] 139.3, 125.9, 1.728
[20:35:05] 167.5, 125.9, 1.103
[20:35:06] 138.3, 125.9, 1.103
[20:35:07] 138.5, 125.9, 1.103
[20:35:08] 138.7, 125.9, 1.099
[20:35:09] 138.9, 125.9, 2.512
[20:35:10] 177.2, 125.9, 1.046
[20:35:11] 132.2, 126.0, 1.110
[20:35:12] 138.7, 126.0, 1.102
[20:35:13] 138.8, 126.0, 1.098
[20:35:14] 139.0, 125.8, 3.024
[20:35:15] 176.1, 125.9, 1.042
[20:35:16] 130.7, 125.9, 1.098
[20:35:17] 137.6, 125.9, 1.102
[20:35:18] 137.8, 126.0, 1.099
[20:35:19] 138.1, 125.8, 2.265
[20:35:20] 174.2, 126.0, 1.031
[20:35:21] 142.3, 126.0, 1.094
[20:35:22] 136.7, 126.0, 1.094
[20:35:23] 137.0, 125.9, 1.102
[20:35:24] 137.3, 125.9, 1.100
[20:35:25] 137.7, 126.0, 0.986
[20:35:26] 194.8, 125.9, 1.101
[20:35:27] 135.1, 125.9, 1.096
[20:35:28] 135.6, 125.9, 1.097
[20:35:29] 136.1, 125.9, 1.103
[20:35:30] 136.5, 125.9, 1.739
[20:35:31] 206.6, 125.9, 1.051
[20:35:32] 160.2, 125.9, 1.094
[20:35:33] 139.6, 125.9, 1.094
[20:35:34] 139.5, 126.0, 1.098
[20:35:35] 139.6, 125.9, 1.102
[20:35:36] 139.6, 125.8, 1.721
[20:35:37] 225.9, 125.9, 1.563
[20:35:38] 198.6, 125.9, 1.096
[20:35:39] 139.6, 125.9, 1.103
[20:35:40] 139.6, 125.9, 1.101
[20:35:41] 139.6, 125.9, 1.116
[20:35:42] 139.6, 125.8, 2.240
[20:35:43] 188.1, 125.9, 1.723
[20:35:44] 219.0, 125.8, 1.788
[20:35:45] 224.5, 125.9, 1.586
[20:35:46] 204.4, 125.9, 1.098
[20:35:47] 139.9, 126.0, 1.099
[20:35:48] 139.8, 125.9, 1.098
[20:35:49] 139.7, 125.9, 1.101
[20:35:50] 139.7, 125.8, 2.018
[20:35:51] 190.1, 125.8, 1.725
[20:35:52] 218.9, 125.8, 1.786
[20:35:53] 225.0, 125.8, 1.787
[20:35:54] 225.1, 125.8, 1.787
[20:35:55] 225.2, 125.9, 1.789
[20:35:56] 225.4, 125.9, 1.604
[20:35:57] 203.8, 125.9, 1.099
[20:35:58] 140.1, 125.9, 1.110
[20:35:59] 140.1, 125.9, 1.108
[20:36:00] 140.2, 126.0, 1.112
[20:36:01] 140.3, 125.9, 1.799
[20:36:02] 194.6, 125.9, 1.723
[20:36:03] 218.7, 125.9, 1.786
[20:36:04] 225.2, 125.9, 1.786
[20:36:05] 225.3, 125.9, 1.787
[20:36:06] 225.4, 125.9, 1.788
[20:36:07] 225.5, 125.9, 1.787
[20:36:08] 225.6, 125.9, 1.786
[20:36:09] 225.6, 125.9, 1.786
[20:36:10] 225.7, 125.9, 1.788
[20:36:11] 225.8, 125.8, 1.789
[20:36:12] 225.8, 125.9, 1.784
[20:36:13] 225.9, 125.9, 1.127
[20:36:14] 174.0, 125.9, 1.106
[20:36:15] 140.5, 125.9, 1.111
[20:36:16] 140.5, 125.9, 1.110
[20:36:17] 140.5, 125.9, 1.108
<<<[20:36:30] 141.6, 125.9, 1.109
[20:36:31] 141.6, 125.9, 1.104
[20:36:32] 141.5, 125.9, 1.099
[20:36:33] 141.4, 125.9, 1.258
[20:36:34] 148.8, 125.9, 1.244
[20:36:35] 158.6, 126.0, 1.109
[20:36:36] 140.7, 125.9, 1.107
[20:36:37] 140.7, 125.9, 1.129
[20:36:38] 140.9, 126.0, 1.138
[20:36:39] 141.2, 125.9, 1.120
[20:36:40] 141.8, 125.9, 1.122
[20:36:41] 165.8, 125.9, 1.111
[20:36:42] 140.8, 126.0, 1.112
[20:36:43] 140.8, 125.9, 1.123
[20:36:44] 141.0, 125.9, 1.142
[20:36:45] 146.5, 125.9, 1.113
[20:36:46] 165.1, 125.9, 1.107
[20:36:47] 140.7, 125.9, 1.111
[20:36:48] 140.7, 125.8, 1.112
[20:36:49] 140.7, 125.9, 1.122
[20:36:50] 141.2, 126.0, 1.113
[20:36:51] 165.6, 125.9, 1.103
[20:36:52] 140.5, 125.9, 1.096
[20:36:53] 140.4, 125.9, 1.101
[20:36:54] 140.3, 125.9, 1.109
[20:36:55] 140.7, 125.9, 1.111
[20:36:56] 164.9, 126.0, 1.102
[20:36:57] 139.6, 125.9, 1.097
[20:36:58] 139.6, 126.0, 1.098
[20:36:59] 139.6, 125.9, 1.102
[20:37:00] 139.9, 126.0, 1.111
[20:37:01] 165.3, 126.0, 1.097
[20:37:02] 140.1, 125.9, 1.097
[20:37:03] 140.0, 125.9, 1.098
[20:37:04] 139.9, 126.0, 1.094
[20:37:05] 140.0, 126.0, 1.055
[20:37:06] 172.5, 125.9, 1.107
[20:37:07] 135.1, 125.9, 1.094
[20:37:08] 135.6, 125.9, 1.102
[20:37:09] 136.0, 125.9, 1.098
[20:37:10] 136.6, 125.9, 1.063
[20:37:11] 170.5, 125.9, 1.114
[20:37:12] 135.6, 125.9, 1.097
[20:37:13] 136.1, 125.8, 1.101
[20:37:14] 136.5, 125.8, 1.103
[20:37:15] 137.0, 125.9, 0.988
[20:37:16] 179.9, 125.8, 1.063
[20:37:17] 133.4, 125.9, 1.098
[20:37:18] 139.6, 125.9, 1.102
[20:37:19] 139.6, 125.9, 1.110
[20:37:20] 139.6, 125.9, 1.653
[20:37:21] 201.8, 126.0, 1.039
[20:37:22] 130.7, 126.0, 1.096
[20:37:23] 139.8, 125.9, 1.097
[20:37:24] 139.7, 125.9, 1.104
[20:37:25] 139.7, 125.8, 3.216
[20:37:26] 179.2, 125.9, 1.422
[20:37:27] 190.3, 125.9, 1.097
[20:37:28] 137.9, 125.9, 1.097
[20:37:29] 138.0, 126.0, 1.101
[20:37:30] 138.2, 126.0, 1.107
[20:37:31] 138.5, 125.8, 1.718
[20:37:32] 199.5, 125.8, 1.722
[20:37:33] 217.2, 125.9, 1.095
[20:37:34] 149.4, 126.0, 1.097
[20:37:35] 139.8, 126.0, 1.096
[20:37:36] 139.7, 126.0, 1.097
[20:37:37] 139.7, 126.0, 1.105
[20:37:38] 155.3, 125.9, 1.724
[20:37:39] 224.1, 125.9, 1.792
[20:37:40] 223.8, 125.9, 1.790
[20:37:41] 223.9, 126.0, 1.099
[20:37:42] 150.6, 126.0, 1.100
[20:37:43] 139.9, 125.9, 1.096
[20:37:44] 139.8, 125.9, 1.091
[20:37:45] 139.7, 125.9, 1.102
[20:37:46] 163.5, 125.9, 1.728
[20:37:47] 217.1, 125.9, 1.788
[20:37:48] 222.7, 125.9, 1.791
[20:37:49] 223.1, 125.9, 1.792
[20:37:50] 223.6, 125.9, 1.791
[20:37:51] 223.9, 125.9, 1.790
[20:37:52] 224.0, 125.9, 1.094
[20:37:53] 151.5, 125.9, 1.102
[20:37:54] 139.9, 125.9, 1.102
[20:37:55] 139.9, 125.9, 1.100
[20:37:56] 139.9, 125.9, 1.098
[20:37:57] 169.1, 125.8, 1.730
[20:37:58] 215.8, 125.8, 1.790
[20:37:59] 223.0, 125.9, 1.793
[20:38:00] 223.4, 125.9, 1.791
[20:38:01] 223.8, 125.8, 1.791
[20:38:02] 224.1, 125.8, 1.790
[20:38:03] 224.4, 125.8, 1.786
[20:38:04] 224.7, 125.8, 1.790
[20:38:05] 224.9, 125.8, 1.790
[20:38:06] 225.1, 125.8, 1.792
[20:38:07] 225.3, 125.8, 1.792
[20:38:08] 225.5, 125.9, 1.558
[20:38:09] 204.9, 125.9, 1.109
[20:38:10] 141.2, 125.9, 1.106
[20:38:11] 141.1, 126.0, 1.113
[20:38:12] 141.0, 126.0, 1.104
