<<<[18:02:56] 140.9, 125.5, 1.129
[18:02:57] 141.2, 125.5, 1.137
[18:02:58] 141.5, 125.5, 1.148
[18:02:59] 141.9, 125.4, 1.252
[18:03:00] 154.6, 125.4, 1.178
[18:03:01] 154.6, 125.4, 1.182
[18:03:02] 149.4, 125.5, 1.185
[18:03:03] 149.3, 125.5, 1.186
[18:03:04] 149.4, 125.5, 1.185
[18:03:05] 149.4, 125.4, 1.698
[18:03:06] 174.2, 125.4, 1.121
[18:03:07] 140.3, 125.5, 1.127
[18:03:08] 140.5, 125.4, 1.145
[18:03:09] 140.9, 125.5, 1.137
[18:03:10] 141.5, 125.3, 1.714
[18:03:11] 169.6, 125.5, 1.114
[18:03:12] 139.4, 125.4, 1.110
[18:03:13] 139.6, 125.5, 1.109
[18:03:14] 139.7, 125.5, 1.106
[18:03:15] 139.9, 125.4, 1.717
[18:03:16] 168.2, 125.5, 1.110
[18:03:17] 139.6, 125.5, 1.112
[18:03:18] 139.7, 125.5, 1.112
[18:03:19] 139.8, 125.5, 1.114
[18:03:20] 140.0, 125.4, 1.712
[18:03:21] 167.8, 125.5, 1.113
[18:03:22] 139.6, 125.5, 1.108
[18:03:23] 139.7, 125.5, 1.115
[18:03:24] 139.8, 125.5, 1.114
[18:03:25] 139.9, 125.4, 1.720
[18:03:26] 167.3, 125.5, 1.105
[18:03:27] 139.8, 125.5, 1.112
[18:03:28] 139.8, 125.5, 1.111
[18:03:29] 140.0, 125.5, 1.110
[18:03:30] 140.1, 125.4, 1.721
[18:03:31] 167.1, 125.4, 1.107
[18:03:32] 139.6, 125.4, 1.105
[18:03:33] 139.6, 125.5, 1.104
[18:03:34] 139.7, 125.4, 1.101
[18:03:35] 139.7, 125.4, 1.727
[18:03:36] 165.8, 125.5, 1.101
[18:03:37] 139.6, 125.5, 1.103
[18:03:38] 139.6, 125.5, 1.101
[18:03:39] 139.6, 125.5, 1.111
[18:03:40] 139.7, 125.4, 2.626
[18:03:41] 176.0, 125.5, 1.038
[18:03:42] 132.7, 125.4, 1.104
[18:03:43] 138.1, 125.4, 1.103
[18:03:44] 138.3, 125.5, 1.107
[18:03:45] 138.5, 125.3, 3.183
[18:03:46] 176.0, 125.4, 1.042
[18:03:47] 131.4, 125.4, 1.102
[18:03:48] 137.6, 125.4, 1.103
[18:03:49] 137.9, 125.4, 1.103
[18:03:50] 138.1, 125.2, 2.238
[18:03:51] 176.5, 125.4, 1.033
[18:03:52] 143.2, 125.5, 1.101
[18:03:53] 136.7, 125.4, 1.105
[18:03:54] 137.1, 125.5, 1.112
[18:03:55] 137.4, 125.5, 1.104
[18:03:56] 137.7, 125.5, 1.010
[18:03:57] 201.7, 125.5, 1.107
[18:03:58] 135.6, 125.5, 1.104
[18:03:59] 136.1, 125.5, 1.101
[18:04:00] 136.6, 125.5, 1.113
[18:04:01] 137.0, 125.3, 1.894
[18:04:02] 217.6, 125.5, 1.061
[18:04:03] 162.7, 125.4, 1.103
[18:04:04] 139.8, 125.4, 1.109
[18:04:05] 139.8, 125.4, 1.108
[18:04:06] 139.8, 125.4, 1.103
[18:04:07] 139.8, 125.3, 1.868
[18:04:08] 243.3, 125.4, 1.605
[18:04:09] 209.1, 125.4, 1.106
[18:04:10] 140.3, 125.4, 1.106
[18:04:11] 140.2, 125.4, 1.104
[18:04:12] 140.1, 125.4, 1.113
[18:04:13] 140.1, 125.3, 1.992
[18:04:14] 199.7, 125.3, 1.865
[18:04:15] 236.1, 125.3, 1.930
[18:04:16] 241.9, 125.3, 1.654
[18:04:17] 211.3, 125.4, 1.107
[18:04:18] 139.9, 125.4, 1.106
[18:04:19] 139.8, 125.4, 1.104
[18:04:20] 139.9, 125.5, 1.100
[18:04:21] 139.9, 125.4, 1.853
[18:04:22] 210.2, 125.4, 1.866
[18:04:23] 235.3, 125.3, 1.930
[18:04:24] 243.1, 125.3, 1.930
[18:04:25] 243.1, 125.3, 1.932
[18:04:26] 243.1, 125.3, 1.934
[18:04:27] 243.1, 125.4, 1.124
[18:04:28] 177.0, 125.4, 1.111
[18:04:29] 140.3, 125.4, 1.102
[18:04:30] 140.2, 125.4, 1.105
[18:04:31] 140.2, 125.5, 1.101
[18:04:32] 140.2, 125.3, 1.894
[18:04:33] 229.0, 125.4, 1.869
[18:04:34] 236.8, 125.4, 1.929
[18:04:35] 243.5, 125.4, 1.933
[18:04:36] 243.4, 125.4, 1.935
[18:04:37] 243.5, 125.4, 1.935
[18:04:38] 243.5, 125.3, 1.935
[18:04:39] 243.6, 125.4, 1.937
[18:04:40] 243.6, 125.4, 1.937
[18:04:41] 243.7, 125.3, 1.938
[18:04:42] 243.7, 125.2, 1.940
[18:04:43] 243.8, 125.3, 1.911
[18:04:44] 225.7, 125.3, 1.107
[18:04:45] 140.3, 125.3, 1.111
[18:04:46] 140.3, 125.5, 1.107
[18:04:47] 140.3, 125.5, 1.110
