<<<[18:38:35] 141.2, 125.7, 1.130
[18:38:36] 141.4, 125.7, 1.134
[18:38:37] 141.7, 125.6, 1.146
[18:38:38] 142.1, 125.6, 1.181
[18:38:39] 148.1, 125.6, 1.235
[18:38:40] 158.0, 125.6, 1.254
[18:38:41] 157.7, 125.6, 1.176
[18:38:42] 149.5, 125.6, 1.183
[18:38:43] 149.4, 125.6, 1.179
[18:38:44] 149.3, 125.7, 1.180
[18:38:45] 149.4, 125.7, 1.183
[18:38:46] 149.9, 125.7, 1.150
[18:38:47] 166.9, 125.6, 1.138
[18:38:48] 143.6, 125.7, 1.144
[18:38:49] 143.6, 125.7, 1.119
[18:38:50] 143.5, 125.7, 1.125
[18:38:51] 143.8, 125.7, 1.128
[18:38:52] 167.3, 125.6, 1.127
[18:38:53] 143.4, 125.6, 1.144
[18:38:54] 143.4, 125.6, 1.117
[18:38:55] 143.4, 125.6, 1.128
[18:38:56] 156.4, 125.6, 1.104
[18:38:57] 163.8, 125.6, 1.136
[18:38:58] 139.0, 125.6, 1.134
[18:38:59] 139.5, 125.6, 1.144
[18:39:00] 140.0, 125.6, 1.126
[18:39:01] 153.7, 125.7, 1.084
[18:39:02] 166.7, 125.6, 1.135
[18:39:03] 139.4, 125.6, 1.125
[18:39:04] 139.8, 125.6, 1.145
[18:39:05] 140.3, 125.6, 1.146
[18:39:06] 140.7, 125.6, 1.103
[18:39:07] 178.0, 125.6, 1.146
[18:39:08] 138.7, 125.6, 1.130
[18:39:09] 139.2, 125.6, 1.126
[18:39:10] 139.7, 125.6, 1.139
[18:39:11] 140.2, 125.7, 1.033
[18:39:12] 191.7, 125.7, 1.139
[18:39:13] 138.3, 125.7, 1.131
[18:39:14] 143.6, 125.7, 1.132
[18:39:15] 143.5, 125.7, 1.150
[18:39:16] 143.5, 125.7, 1.381
[18:39:17] 206.0, 125.7, 1.066
[18:39:18] 137.8, 125.7, 1.139
[18:39:19] 143.4, 125.7, 1.126
[18:39:20] 143.3, 125.7, 1.129
[18:39:21] 143.3, 125.5, 2.157
[18:39:22] 224.7, 125.7, 1.080
[18:39:23] 162.2, 125.7, 1.137
[18:39:24] 142.7, 125.6, 1.135
[18:39:25] 142.7, 125.6, 1.136
[18:39:26] 142.8, 125.6, 1.152
[18:39:27] 142.9, 125.4, 2.175
[18:39:28] 284.6, 125.6, 1.148
[18:39:29] 171.1, 125.6, 1.133
[18:39:30] 143.2, 125.6, 1.128
[18:39:31] 143.2, 125.6, 1.124
[18:39:32] 143.2, 125.6, 1.127
[18:39:33] 143.2, 125.4, 2.177
[18:39:34] 273.5, 125.5, 2.235
[18:39:35] 273.9, 125.7, 1.102
[18:39:36] 202.6, 125.7, 1.153
[18:39:37] 143.9, 125.6, 1.137
[18:39:38] 143.8, 125.6, 1.126
[18:39:39] 143.7, 125.7, 1.139
[18:39:40] 143.7, 125.5, 2.217
[18:39:41] 251.1, 125.5, 2.143
[18:39:42] 274.8, 125.4, 2.246
[18:39:43] 283.3, 125.5, 2.229
[18:39:44] 283.2, 125.6, 1.675
[18:39:45] 256.9, 125.7, 1.123
[18:39:46] 142.3, 125.7, 1.126
[18:39:47] 142.4, 125.6, 1.134
[18:39:48] 142.4, 125.7, 1.120
[18:39:49] 142.6, 125.5, 2.867
[18:39:50] 205.3, 125.4, 2.182
[18:39:51] 275.7, 125.5, 2.248
[18:39:52] 281.5, 125.5, 2.248
[18:39:53] 281.7, 125.5, 2.249
[18:39:54] 281.9, 125.5, 2.250
[18:39:55] 282.1, 125.5, 2.250
[18:39:56] 282.3, 125.5, 2.247
[18:39:57] 282.4, 125.5, 2.253
[18:39:58] 282.6, 125.6, 1.094
[18:39:59] 206.4, 125.7, 1.145
[18:40:00] 143.4, 125.7, 1.130
[18:40:01] 143.4, 125.7, 1.132
[18:40:02] 143.5, 125.7, 1.124
[18:40:03] 143.4, 125.5, 2.219
[18:40:04] 249.3, 125.5, 2.185
[18:40:05] 276.2, 125.4, 2.252
[18:40:06] 283.7, 125.5, 2.252
[18:40:07] 283.6, 125.5, 2.255
[18:40:08] 283.7, 125.5, 2.257
[18:40:09] 283.7, 125.4, 2.255
[18:40:10] 283.8, 125.4, 2.254
[18:40:11] 283.8, 125.5, 2.253
[18:40:12] 283.8, 125.5, 2.253
[18:40:13] 283.8, 125.5, 2.253
[18:40:14] 283.8, 125.4, 2.251
[18:40:15] 283.8, 125.4, 2.252
[18:40:16] 283.8, 125.4, 2.253
[18:40:17] 283.8, 125.4, 2.254
[18:40:18] 283.8, 125.4, 2.254
[18:40:19] 283.8, 125.5, 2.252
[18:40:20] 283.8, 125.7, 1.260
[18:40:21] 234.1, 125.7, 1.127
[18:40:22] 144.1, 125.6, 1.138
[18:40:23] 144.0, 125.7, 1.145
