<<<[14:35:08] 140.9, 125.0, 1.124
[14:35:09] 141.0, 125.0, 1.127
[14:35:10] 141.1, 125.0, 1.131
[14:35:11] 141.3, 124.9, 1.216
[14:35:12] 148.1, 124.9, 1.259
[14:35:13] 158.9, 124.9, 1.240
[14:35:14] 158.6, 124.9, 1.153
[14:35:15] 149.4, 124.9, 1.121
[14:35:16] 144.3, 124.9, 1.134
[14:35:17] 143.9, 124.9, 1.144
[14:35:18] 143.7, 124.9, 1.153
[14:35:19] 143.7, 124.9, 1.080
[14:35:20] 167.5, 124.9, 1.123
[14:35:21] 140.3, 124.9, 1.118
[14:35:22] 140.3, 124.9, 1.117
[14:35:23] 140.3, 124.9, 1.116
[14:35:24] 140.3, 124.9, 1.067
[14:35:25] 166.0, 124.9, 1.110
[14:35:26] 139.6, 124.9, 1.117
[14:35:27] 139.6, 124.9, 1.111
[14:35:28] 139.7, 124.9, 1.116
[14:35:29] 139.6, 124.9, 1.073
[14:35:30] 166.0, 124.9, 1.114
[14:35:31] 140.1, 124.9, 1.116
[14:35:32] 140.0, 124.9, 1.110
[14:35:33] 140.0, 124.9, 1.109
[14:35:34] 140.0, 124.9, 1.079
[14:35:35] 166.2, 124.9, 1.112
[14:35:36] 139.6, 124.9, 1.112
[14:35:37] 139.6, 124.9, 1.107
[14:35:38] 139.6, 124.8, 1.110
[14:35:39] 139.6, 124.9, 1.071
[14:35:40] 166.2, 124.9, 1.112
[14:35:41] 139.8, 124.9, 1.110
[14:35:42] 139.8, 124.9, 1.113
[14:35:43] 139.8, 124.9, 1.109
[14:35:44] 139.8, 125.0, 1.069
[14:35:45] 165.8, 124.9, 1.115
[14:35:46] 139.9, 125.0, 1.114
[14:35:47] 139.8, 125.0, 1.103
[14:35:48] 139.7, 125.0, 1.103
[14:35:49] 139.7, 125.0, 1.076
[14:35:50] 165.6, 125.0, 1.112
[14:35:51] 139.6, 125.0, 1.107
[14:35:52] 139.6, 125.0, 1.109
[14:35:53] 139.5, 124.9, 1.107
[14:35:54] 139.5, 124.9, 1.020
[14:35:55] 174.0, 124.9, 1.045
[14:35:56] 132.7, 124.8, 1.112
[14:35:57] 139.0, 124.9, 1.109
[14:35:58] 139.0, 124.9, 1.108
[14:35:59] 139.1, 124.9, 1.028
[14:36:00] 172.9, 124.9, 1.037
[14:36:01] 132.5, 124.9, 1.106
[14:36:02] 139.6, 124.9, 1.106
[14:36:03] 139.5, 125.0, 1.108
[14:36:04] 139.5, 124.8, 1.548
[14:36:05] 185.6, 124.9, 1.051
[14:36:06] 131.8, 124.9, 1.110
[14:36:07] 139.4, 124.9, 1.100
[14:36:08] 139.3, 124.9, 1.103
[14:36:09] 139.3, 124.9, 1.951
[14:36:10] 196.1, 125.0, 1.043
[14:36:11] 144.5, 124.9, 1.110
[14:36:12] 138.7, 124.9, 1.108
[14:36:13] 138.7, 124.9, 1.108
[14:36:14] 138.8, 124.9, 1.131
[14:36:15] 175.2, 124.8, 1.535
[14:36:16] 200.8, 124.9, 1.110
[14:36:17] 136.1, 124.9, 1.109
[14:36:18] 136.5, 124.9, 1.105
[14:36:19] 136.8, 124.9, 1.107
[14:36:20] 137.1, 124.8, 1.888
[14:36:21] 210.5, 124.8, 1.672
[14:36:22] 227.2, 124.9, 1.105
[14:36:23] 139.2, 124.9, 1.111
[14:36:24] 139.1, 124.9, 1.110
[14:36:25] 139.2, 124.9, 1.107
[14:36:26] 139.2, 124.7, 3.243
[14:36:27] 185.4, 124.7, 1.905
[14:36:28] 239.7, 124.7, 1.974
[14:36:29] 245.7, 124.8, 1.068
[14:36:30] 188.1, 124.8, 1.108
[14:36:31] 139.8, 124.8, 1.108
[14:36:32] 139.7, 124.8, 1.107
[14:36:33] 139.7, 124.9, 1.109
[14:36:34] 139.7, 124.8, 1.926
[14:36:35] 233.9, 124.9, 1.920
[14:36:36] 241.9, 124.9, 1.957
[14:36:37] 247.8, 124.8, 1.973
[14:36:38] 247.8, 124.9, 1.978
[14:36:39] 247.9, 125.0, 1.071
[14:36:40] 189.5, 124.9, 1.116
[14:36:41] 139.8, 124.9, 1.111
[14:36:42] 139.8, 124.9, 1.110
[14:36:43] 139.7, 124.9, 1.109
[14:36:44] 139.7, 124.8, 1.939
[14:36:45] 232.1, 124.9, 1.911
[14:36:46] 241.9, 124.8, 1.973
[14:36:47] 248.4, 124.9, 1.983
[14:36:48] 248.4, 124.8, 1.981
[14:36:49] 248.5, 124.8, 1.984
[14:36:50] 248.5, 124.8, 1.984
[14:36:51] 248.6, 124.8, 1.987
[14:36:52] 248.7, 124.8, 1.984
[14:36:53] 248.8, 124.8, 1.989
[14:36:54] 248.9, 124.8, 1.106
[14:36:55] 169.3, 124.8, 1.108
[14:36:56] 139.6, 124.8, 1.111
[14:36:57] 139.6, 124.8, 1.109
<<<[12:21:05] 140.5, 125.5, 1.114
[12:21:06] 140.5, 125.5, 1.119
[12:21:07] 140.6, 125.5, 1.122
[12:21:08] 140.6, 125.5, 1.150
[12:21:09] 141.2, 125.5, 1.280
[12:21:10] 160.8, 125.5, 1.285
[12:21:11] 160.9, 125.4, 1.140
[12:21:12] 149.2, 125.4, 1.138
[12:21:13] 143.0, 125.4, 1.127
[12:21:14] 143.0, 125.4, 1.130
[12:21:15] 143.1, 125.4, 1.128
[12:21:16] 143.2, 125.4, 1.350
[12:21:17] 169.1, 125.4, 1.116
[12:21:18] 141.6, 125.4, 1.123
[12:21:19] 141.6, 125.4, 1.126
[12:21:20] 141.7, 125.4, 1.133
[12:21:21] 141.9, 125.4, 1.352
[12:21:22] 168.7, 125.4, 1.114
[12:21:23] 141.2, 125.4, 1.113
[12:21:24] 141.1, 125.4, 1.117
[12:21:25] 141.1, 125.5, 1.115
[12:21:26] 141.0, 125.4, 1.351
[12:21:27] 167.8, 125.4, 1.105
[12:21:28] 140.8, 125.4, 1.108
[12:21:29] 140.7, 125.4, 1.117
[12:21:30] 140.7, 125.4, 1.120
[12:21:31] 140.7, 125.5, 1.349
[12:21:32] 167.5, 125.5, 1.111
[12:21:33] 140.8, 125.5, 1.113
[12:21:34] 140.7, 125.5, 1.110
[12:21:35] 140.6, 125.5, 1.108
[12:21:36] 140.6, 125.5, 1.363
[12:21:37] 167.5, 125.5, 1.107
[12:21:38] 140.7, 125.5, 1.108
[12:21:39] 140.6, 125.5, 1.102
[12:21:40] 140.5, 125.5, 1.110
[12:21:41] 140.4, 125.5, 1.358
[12:21:42] 166.7, 125.4, 1.113
[12:21:43] 140.8, 125.5, 1.110
[12:21:44] 140.6, 125.5, 1.102
[12:21:45] 140.5, 125.4, 1.107
[12:21:46] 140.4, 125.5, 1.361
[12:21:47] 166.0, 125.5, 1.108
[12:21:48] 140.5, 125.5, 1.107
[12:21:49] 140.3, 125.5, 1.105
[12:21:50] 140.3, 125.5, 1.114
[12:21:51] 140.2, 125.4, 1.338
[12:21:52] 175.8, 125.5, 1.040
[12:21:53] 132.5, 125.5, 1.111
[12:21:54] 140.3, 125.4, 1.112
[12:21:55] 140.2, 125.4, 1.106
[12:21:56] 140.1, 125.4, 1.332
[12:21:57] 174.2, 125.5, 1.037
[12:21:58] 131.8, 125.4, 1.104
[12:21:59] 139.4, 125.4, 1.104
[12:22:00] 139.3, 125.4, 1.103
[12:22:01] 139.4, 125.3, 1.654
[12:22:02] 190.4, 125.5, 1.040
[12:22:03] 129.6, 125.4, 1.098
[12:22:04] 139.0, 125.4, 1.105
[12:22:05] 139.0, 125.5, 1.105
[12:22:06] 139.1, 125.3, 2.663
[12:22:07] 188.8, 125.4, 1.054
[12:22:08] 153.9, 125.5, 1.104
[12:22:09] 137.6, 125.4, 1.109
[12:22:10] 137.8, 125.5, 1.108
[12:22:11] 138.1, 125.5, 1.106
[12:22:12] 150.4, 125.4, 1.550
[12:22:13] 230.3, 125.5, 1.110
[12:22:14] 133.1, 125.5, 1.108
[12:22:15] 139.6, 125.5, 1.103
[12:22:16] 139.6, 125.5, 1.111
[12:22:17] 139.8, 125.3, 2.264
[12:22:18] 196.2, 125.3, 1.914
[12:22:19] 236.4, 125.5, 1.145
[12:22:20] 151.5, 125.4, 1.143
[12:22:21] 143.2, 125.4, 1.118
[12:22:22] 143.0, 125.5, 1.113
[12:22:23] 142.7, 125.4, 1.114
[12:22:24] 174.5, 125.3, 1.918
[12:22:25] 238.4, 125.3, 1.976
[12:22:26] 246.2, 125.4, 1.411
[12:22:27] 204.0, 125.4, 1.109
[12:22:28] 140.7, 125.4, 1.105
[12:22:29] 140.5, 125.4, 1.109
[12:22:30] 140.5, 125.4, 1.109
[12:22:31] 140.4, 125.3, 1.936
[12:22:32] 222.1, 125.3, 1.916
[12:22:33] 241.5, 125.3, 1.977
[12:22:34] 249.6, 125.3, 1.980
[12:22:35] 249.5, 125.4, 1.979
[12:22:36] 249.5, 125.5, 1.407
[12:22:37] 204.4, 125.5, 1.113
[12:22:38] 140.8, 125.5, 1.109
[12:22:39] 140.7, 125.5, 1.110
[12:22:40] 140.6, 125.5, 1.113
[12:22:41] 140.5, 125.4, 1.936
[12:22:42] 220.1, 125.4, 1.913
[12:22:43] 241.5, 125.4, 1.978
[12:22:44] 249.5, 125.4, 1.979
[12:22:45] 249.5, 125.4, 1.977
[12:22:46] 249.4, 125.4, 1.979
[12:22:47] 249.4, 125.4, 1.979
[12:22:48] 249.4, 125.4, 1.980
[12:22:49] 249.4, 125.4, 1.981
[12:22:50] 249.4, 125.4, 1.979
[12:22:51] 249.5, 125.5, 1.143
[12:22:52] 183.6, 125.5, 1.104
[12:22:53] 140.1, 125.5, 1.107
[12:22:54] 140.1, 125.5, 1.113
