<<<[03:53:35] 140.5, 126.4, 1.105
[03:53:36] 140.5, 126.4, 1.106
[03:53:37] 140.5, 126.4, 1.108
[03:53:38] 140.6, 126.4, 1.137
[03:53:39] 141.1, 126.3, 1.213
[03:53:40] 157.9, 126.4, 1.271
[03:53:41] 158.2, 126.4, 1.251
[03:53:42] 158.3, 126.4, 1.249
[03:53:43] 158.4, 126.3, 1.242
[03:53:44] 158.4, 126.3, 1.248
[03:53:45] 158.5, 126.4, 1.130
[03:53:46] 143.4, 126.3, 1.136
[03:53:47] 143.4, 126.3, 1.135
[03:53:48] 143.4, 126.4, 1.119
[03:53:49] 143.4, 126.3, 1.113
[03:53:50] 143.6, 126.3, 1.112
[03:53:51] 164.4, 126.4, 1.099
[03:53:52] 140.3, 126.4, 1.100
[03:53:53] 140.2, 126.4, 1.102
[03:53:54] 140.1, 126.4, 1.102
[03:53:55] 140.5, 126.4, 1.107
[03:53:56] 164.6, 126.3, 1.099
[03:53:57] 139.9, 126.4, 1.100
[03:53:58] 139.9, 126.4, 1.096
[03:53:59] 139.9, 126.4, 1.101
[03:54:00] 140.2, 126.3, 1.106
[03:54:01] 164.6, 126.3, 1.100
[03:54:02] 140.3, 126.4, 1.100
[03:54:03] 140.2, 126.3, 1.099
[03:54:04] 140.1, 126.3, 1.099
[03:54:05] 153.5, 126.4, 1.057
[03:54:06] 160.9, 126.3, 1.102
[03:54:07] 135.6, 126.4, 1.100
[03:54:08] 136.1, 126.4, 1.101
[03:54:09] 136.5, 126.4, 1.105
[03:54:10] 137.0, 126.4, 1.057
[03:54:11] 174.5, 126.4, 1.103
[03:54:12] 135.6, 126.4, 1.096
[03:54:13] 136.1, 126.4, 1.097
[03:54:14] 136.5, 126.4, 1.098
[03:54:15] 136.9, 126.4, 1.051
[03:54:16] 176.1, 126.4, 1.104
[03:54:17] 134.9, 126.4, 1.100
[03:54:18] 135.5, 126.3, 1.100
[03:54:19] 136.0, 126.3, 1.099
[03:54:20] 136.5, 126.4, 1.008
[03:54:21] 192.1, 126.3, 1.080
[03:54:22] 134.1, 126.4, 1.100
[03:54:23] 139.8, 126.3, 1.101
[03:54:24] 139.8, 126.3, 1.104
[03:54:25] 139.8, 126.2, 2.052
[03:54:26] 225.0, 126.3, 1.040
[03:54:27] 143.9, 126.4, 1.098
[03:54:28] 143.4, 126.4, 1.101
[03:54:29] 142.9, 126.3, 1.104
[03:54:30] 142.6, 126.1, 3.521
[03:54:31] 188.5, 126.3, 1.510
[03:54:32] 243.1, 126.4, 1.103
[03:54:33] 135.4, 126.4, 1.101
[03:54:34] 135.9, 126.4, 1.109
[03:54:35] 136.4, 126.4, 1.106
[03:54:36] 136.9, 126.3, 2.438
[03:54:37] 213.6, 126.2, 2.205
[03:54:38] 279.9, 126.4, 1.061
[03:54:39] 192.3, 126.4, 1.104
[03:54:40] 139.8, 126.4, 1.104
[03:54:41] 139.8, 126.4, 1.101
[03:54:42] 139.8, 126.4, 1.097
[03:54:43] 139.8, 126.2, 2.211
[03:54:44] 267.7, 126.3, 2.232
[03:54:45] 281.5, 126.2, 2.267
[03:54:46] 287.1, 126.3, 1.558
[03:54:47] 224.7, 126.4, 1.099
[03:54:48] 140.3, 126.4, 1.098
[03:54:49] 140.2, 126.4, 1.094
[03:54:50] 140.1, 126.3, 1.099
[03:54:51] 140.1, 126.3, 2.192
[03:54:52] 237.9, 126.2, 2.203
[03:54:53] 279.0, 126.2, 2.248
[03:54:54] 287.1, 126.2, 2.267
[03:54:55] 287.1, 126.2, 2.249
[03:54:56] 287.1, 126.2, 2.270
[03:54:57] 287.2, 126.2, 2.269
[03:54:58] 277.7, 126.4, 1.093
[03:54:59] 151.7, 126.4, 1.106
[03:55:00] 140.1, 126.4, 1.096
[03:55:01] 140.0, 126.4, 1.099
[03:55:02] 140.0, 126.4, 1.099
[03:55:03] 178.0, 126.2, 2.207
[03:55:04] 277.0, 126.2, 2.268
[03:55:05] 284.0, 126.2, 2.254
[03:55:06] 284.4, 126.2, 2.271
[03:55:07] 284.8, 126.2, 2.254
[03:55:08] 285.2, 126.2, 2.272
[03:55:09] 285.6, 126.2, 2.269
[03:55:10] 285.9, 126.1, 2.278
[03:55:11] 286.2, 126.2, 2.257
[03:55:12] 286.4, 126.2, 2.275
[03:55:13] 286.7, 126.2, 2.272
[03:55:14] 286.9, 126.3, 2.274
[03:55:15] 287.1, 126.4, 1.747
[03:55:16] 249.3, 126.4, 1.099
[03:55:17] 140.8, 126.4, 1.110
[03:55:18] 140.7, 126.4, 1.095
