<<<[07:32:13] 140.6, 126.0, 1.116
[07:32:14] 140.8, 126.0, 1.120
[07:32:15] 141.0, 126.0, 1.139
[07:32:16] 141.4, 126.0, 1.240
[07:32:17] 154.8, 126.0, 1.267
[07:32:18] 159.9, 126.0, 1.250
[07:32:19] 159.9, 126.0, 1.252
[07:32:20] 160.0, 126.0, 1.223
[07:32:21] 159.9, 126.0, 1.240
[07:32:22] 159.7, 126.0, 1.263
[07:32:23] 159.7, 126.0, 1.275
[07:32:24] 159.5, 125.9, 1.301
[07:32:25] 159.6, 125.9, 1.132
[07:32:26] 151.0, 125.9, 1.175
[07:32:27] 150.7, 125.9, 1.177
[07:32:28] 150.6, 125.9, 1.183
[07:32:29] 150.5, 125.8, 1.175
[07:32:30] 150.4, 125.8, 1.641
[07:32:31] 173.2, 125.9, 1.102
[07:32:32] 138.9, 125.9, 1.104
[07:32:33] 139.0, 125.9, 1.108
[07:32:34] 139.2, 125.9, 1.109
[07:32:35] 139.3, 125.8, 1.638
[07:32:36] 169.3, 125.9, 1.107
[07:32:37] 138.7, 125.9, 1.107
[07:32:38] 138.9, 125.9, 1.107
[07:32:39] 139.0, 125.9, 1.102
[07:32:40] 139.1, 125.8, 1.657
[07:32:41] 179.6, 125.9, 1.042
[07:32:42] 130.9, 125.9, 1.101
[07:32:43] 139.0, 125.8, 1.105
[07:32:44] 139.1, 125.9, 1.102
[07:32:45] 139.2, 125.8, 1.873
[07:32:46] 179.9, 125.9, 1.041
[07:32:47] 130.9, 125.8, 1.098
[07:32:48] 138.5, 125.9, 1.101
[07:32:49] 138.6, 125.8, 1.103
[07:32:50] 138.8, 125.6, 2.535
[07:32:51] 184.1, 125.9, 1.041
[07:32:52] 138.3, 125.8, 1.106
[07:32:53] 138.3, 125.9, 1.099
[07:32:54] 138.5, 125.9, 1.102
[07:32:55] 138.7, 125.7, 2.982
[07:32:56] 180.1, 125.9, 1.041
[07:32:57] 168.0, 125.9, 1.099
[07:32:58] 137.0, 125.9, 1.100
[07:32:59] 137.3, 125.9, 1.104
[07:33:00] 137.6, 125.9, 1.105
[07:33:01] 137.9, 125.9, 1.768
[07:33:02] 239.3, 125.9, 1.097
[07:33:03] 140.5, 126.0, 1.099
[07:33:04] 140.4, 126.0, 1.106
[07:33:05] 140.3, 126.0, 1.099
[07:33:06] 140.3, 125.8, 3.264
[07:33:07] 184.8, 125.8, 1.960
[07:33:08] 247.6, 125.9, 1.102
[07:33:09] 156.2, 125.9, 1.105
[07:33:10] 140.3, 125.9, 1.100
[07:33:11] 140.2, 125.9, 1.104
[07:33:12] 140.2, 125.9, 1.106
[07:33:13] 140.5, 125.8, 1.958
[07:33:14] 262.3, 125.8, 2.028
[07:33:15] 251.8, 125.8, 1.637
[07:33:16] 225.2, 125.9, 1.107
[07:33:17] 138.7, 125.9, 1.105
[07:33:18] 138.9, 125.9, 1.104
[07:33:19] 139.0, 125.9, 1.100
[07:33:20] 139.1, 125.8, 1.951
[07:33:21] 210.5, 125.8, 1.961
[07:33:22] 248.0, 125.8, 2.025
[07:33:23] 255.8, 125.8, 2.025
[07:33:24] 255.8, 125.9, 2.025
[07:33:25] 255.9, 125.9, 1.630
[07:33:26] 226.3, 126.0, 1.103
[07:33:27] 138.5, 126.0, 1.100
[07:33:28] 138.6, 126.0, 1.107
[07:33:29] 138.8, 126.0, 1.100
[07:33:30] 139.0, 125.9, 1.975
[07:33:31] 208.2, 125.9, 1.961
[07:33:32] 248.4, 125.8, 2.025
[07:33:33] 255.6, 125.8, 2.026
[07:33:34] 255.6, 125.8, 2.029
[07:33:35] 255.7, 125.7, 2.030
[07:33:36] 255.8, 125.7, 2.029
[07:33:37] 255.9, 125.8, 2.028
[07:33:38] 256.0, 125.7, 2.028
[07:33:39] 256.0, 125.7, 2.030
[07:33:40] 256.1, 125.9, 1.103
[07:33:41] 207.3, 125.9, 1.103
[07:33:42] 140.8, 125.9, 1.104
[07:33:43] 140.7, 125.9, 1.099
[07:33:44] 140.6, 126.0, 1.098
