<<<[06:05:06] 145.3, 125.9, 1.123
[06:05:07] 145.0, 125.8, 1.128
[06:05:08] 144.8, 125.9, 1.148
[06:05:09] 144.8, 125.9, 1.282
[06:05:10] 157.1, 125.8, 1.274
[06:05:11] 157.5, 125.8, 1.271
[06:05:12] 157.9, 125.8, 1.271
[06:05:13] 158.2, 125.9, 1.233
[06:05:14] 158.3, 125.9, 1.257
[06:05:15] 158.4, 125.9, 1.246
[06:05:16] 158.5, 125.9, 1.255
[06:05:17] 158.6, 125.9, 1.249
[06:05:18] 158.6, 125.9, 1.266
[06:05:19] 158.9, 125.9, 1.146
[06:05:20] 149.2, 125.8, 1.164
[06:05:21] 148.8, 125.9, 1.181
[06:05:22] 148.9, 125.9, 1.163
[06:05:23] 148.9, 125.9, 1.164
[06:05:24] 148.8, 125.9, 1.075
[06:05:25] 171.1, 125.9, 1.114
[06:05:26] 141.4, 125.9, 1.113
[06:05:27] 141.4, 125.8, 1.112
[06:05:28] 141.3, 125.8, 1.130
[06:05:29] 141.4, 125.9, 1.035
[06:05:30] 176.9, 125.9, 1.046
[06:05:31] 135.1, 125.8, 1.111
[06:05:32] 141.2, 125.9, 1.115
[06:05:33] 141.2, 125.9, 1.109
[06:05:34] 141.1, 125.9, 1.032
[06:05:35] 177.0, 125.9, 1.051
[06:05:36] 134.7, 125.9, 1.107
[06:05:37] 141.0, 125.9, 1.104
[06:05:38] 141.0, 125.9, 1.102
[06:05:39] 141.0, 125.9, 1.034
[06:05:40] 177.6, 125.9, 1.049
[06:05:41] 134.1, 125.9, 1.111
[06:05:42] 141.4, 125.9, 1.115
[06:05:43] 141.3, 125.9, 1.102
[06:05:44] 141.3, 125.8, 1.549
[06:05:45] 191.7, 125.9, 1.052
[06:05:46] 133.4, 125.9, 1.114
[06:05:47] 141.6, 125.8, 1.116
[06:05:48] 141.5, 125.9, 1.103
[06:05:49] 141.5, 125.8, 2.217
[06:05:50] 206.6, 125.9, 1.041
[06:05:51] 146.1, 125.8, 1.113
[06:05:52] 140.1, 125.9, 1.110
[06:05:53] 140.2, 125.8, 1.116
[06:05:54] 140.3, 125.9, 1.109
[06:05:55] 176.5, 125.9, 1.526
[06:05:56] 218.7, 125.9, 1.110
[06:05:57] 137.9, 126.0, 1.118
[06:05:58] 138.3, 126.0, 1.126
[06:05:59] 138.7, 126.0, 1.108
[06:06:00] 139.0, 125.9, 2.139
[06:06:01] 216.1, 125.8, 2.086
[06:06:02] 254.9, 125.8, 1.104
[06:06:03] 154.4, 125.9, 1.116
[06:06:04] 141.0, 125.9, 1.105
[06:06:05] 140.9, 125.9, 1.118
[06:06:06] 141.0, 125.7, 2.173
[06:06:07] 182.1, 125.7, 2.108
[06:06:08] 263.8, 125.7, 2.167
[06:06:09] 270.8, 125.8, 1.645
[06:06:10] 224.1, 125.9, 1.117
[06:06:11] 141.6, 125.9, 1.110
[06:06:12] 141.5, 125.8, 1.109
[06:06:13] 141.5, 125.8, 1.118
[06:06:14] 141.5, 125.8, 2.086
[06:06:15] 228.8, 125.7, 2.109
[06:06:16] 266.3, 125.7, 2.176
[06:06:17] 274.6, 125.7, 2.177
[06:06:18] 274.6, 125.7, 2.177
[06:06:19] 274.7, 125.8, 1.635
[06:06:20] 250.7, 125.8, 1.111
[06:06:21] 142.1, 125.8, 1.116
[06:06:22] 142.0, 125.9, 1.106
[06:06:23] 141.9, 125.8, 1.130
[06:06:24] 141.8, 125.7, 2.675
[06:06:25] 202.9, 125.7, 2.112
[06:06:26] 267.6, 125.7, 2.178
[06:06:27] 273.2, 125.7, 2.178
[06:06:28] 273.4, 125.7, 2.179
[06:06:29] 273.7, 125.7, 2.179
[06:06:30] 273.8, 125.6, 2.180
[06:06:31] 274.0, 125.6, 2.180
[06:06:32] 274.1, 125.6, 2.180
[06:06:33] 274.3, 125.7, 2.178
[06:06:34] 274.4, 125.7, 2.177
[06:06:35] 274.5, 125.9, 1.119
[06:06:36] 146.3, 125.9, 1.107
[06:06:37] 145.6, 125.9, 1.127
[06:06:38] 145.2, 125.9, 1.103
[06:06:39] 144.7, 125.9, 1.105
