<<<[17:03:09] 141.3, 125.2, 1.124
[17:03:10] 141.3, 125.1, 1.135
[17:03:11] 141.4, 125.2, 1.149
[17:03:12] 141.7, 125.2, 1.219
[17:03:13] 148.6, 125.2, 1.278
[17:03:14] 160.8, 125.2, 1.278
[17:03:15] 160.6, 125.3, 1.277
[17:03:16] 160.6, 125.2, 1.263
[17:03:17] 160.5, 125.2, 1.241
[17:03:18] 160.2, 125.2, 1.245
[17:03:19] 160.0, 125.2, 1.237
[17:03:20] 159.6, 125.2, 1.242
[17:03:21] 159.4, 125.2, 1.251
[17:03:22] 159.3, 125.2, 1.154
[17:03:23] 147.7, 125.2, 1.188
[17:03:24] 147.7, 125.1, 1.193
[17:03:25] 148.0, 125.1, 1.186
[17:03:26] 148.2, 125.2, 1.182
[17:03:27] 157.0, 125.2, 1.117
[17:03:28] 157.2, 125.2, 1.116
[17:03:29] 140.3, 125.2, 1.112
[17:03:30] 140.2, 125.2, 1.116
[17:03:31] 140.3, 125.2, 1.111
[17:03:32] 147.7, 125.2, 1.115
[17:03:33] 159.5, 125.2, 1.113
[17:03:34] 139.9, 125.2, 1.118
[17:03:35] 139.9, 125.2, 1.113
[17:03:36] 140.0, 125.2, 1.115
[17:03:37] 165.6, 125.2, 1.058
[17:03:38] 148.3, 125.2, 1.117
[17:03:39] 136.3, 125.2, 1.115
[17:03:40] 136.7, 125.2, 1.114
[17:03:41] 137.2, 125.2, 1.112
[17:03:42] 164.4, 125.1, 1.056
[17:03:43] 149.7, 125.1, 1.110
[17:03:44] 136.5, 125.1, 1.108
[17:03:45] 136.8, 125.1, 1.111
[17:03:46] 137.3, 125.1, 1.109
[17:03:47] 151.0, 125.2, 1.054
[17:03:48] 164.6, 125.2, 1.116
[17:03:49] 135.6, 125.1, 1.105
[17:03:50] 136.1, 125.1, 1.113
[17:03:51] 136.6, 125.1, 1.113
[17:03:52] 137.0, 125.1, 1.042
[17:03:53] 191.7, 125.2, 1.119
[17:03:54] 134.7, 125.1, 1.112
[17:03:55] 139.9, 125.2, 1.110
[17:03:56] 139.9, 125.2, 1.111
[17:03:57] 139.9, 125.1, 1.529
[17:03:58] 226.1, 125.2, 1.053
[17:03:59] 131.6, 125.1, 1.110
[17:04:00] 139.9, 125.1, 1.109
[17:04:01] 139.8, 125.1, 1.118
[17:04:02] 139.8, 124.9, 2.411
[17:04:03] 221.4, 125.1, 1.035
[17:04:04] 185.0, 125.1, 1.109
[17:04:05] 138.7, 125.1, 1.107
[17:04:06] 138.8, 125.1, 1.113
[17:04:07] 138.9, 125.1, 1.108
[17:04:08] 139.1, 124.9, 2.344
[17:04:09] 275.2, 125.1, 1.249
[17:04:10] 227.7, 125.1, 1.113
[17:04:11] 140.3, 125.1, 1.115
[17:04:12] 140.2, 125.1, 1.113
[17:04:13] 140.2, 125.1, 1.111
[17:04:14] 140.1, 124.9, 2.302
[17:04:15] 231.9, 125.0, 2.332
[17:04:16] 292.5, 124.9, 2.399
[17:04:17] 300.1, 125.1, 1.116
[17:04:18] 168.2, 125.1, 1.116
[17:04:19] 140.1, 125.1, 1.107
[17:04:20] 140.0, 125.1, 1.111
[17:04:21] 140.0, 125.1, 1.109
[17:04:22] 140.0, 124.9, 2.329
[17:04:23] 295.8, 124.9, 2.394
[17:04:24] 295.7, 124.9, 2.398
[17:04:25] 296.3, 124.9, 2.393
[17:04:26] 296.7, 124.9, 2.396
[17:04:27] 297.2, 125.1, 1.095
[17:04:28] 198.0, 125.0, 1.112
[17:04:29] 139.9, 125.1, 1.118
[17:04:30] 139.9, 125.1, 1.111
[17:04:31] 139.9, 125.1, 1.114
[17:04:32] 139.9, 124.9, 2.359
[17:04:33] 271.0, 124.9, 2.329
[17:04:34] 294.0, 124.9, 2.396
[17:04:35] 300.1, 124.9, 2.395
[17:04:36] 300.1, 124.9, 2.399
[17:04:37] 300.2, 124.9, 2.395
[17:04:38] 300.2, 125.0, 2.401
[17:04:39] 300.3, 124.9, 2.401
[17:04:40] 300.4, 124.9, 2.405
[17:04:41] 300.5, 124.9, 2.399
[17:04:42] 300.6, 125.1, 1.117
[17:04:43] 229.7, 125.1, 1.120
[17:04:44] 140.3, 125.1, 1.120
[17:04:45] 140.2, 125.1, 1.113
[17:04:46] 140.2, 125.1, 1.118
