<<<[18:44:22] 141.0, 125.6, 1.114
[18:44:23] 141.0, 125.6, 1.123
[18:44:24] 141.2, 125.6, 1.147
[18:44:25] 141.5, 125.5, 1.253
[18:44:26] 151.7, 125.6, 1.242
[18:44:27] 157.9, 125.6, 1.164
[18:44:28] 146.3, 125.6, 1.173
[18:44:29] 146.5, 125.5, 1.188
[18:44:30] 146.9, 125.5, 1.182
[18:44:31] 147.3, 125.5, 1.176
[18:44:32] 147.5, 125.5, 1.134
[18:44:33] 168.4, 125.5, 1.116
[18:44:34] 141.2, 125.6, 1.115
[18:44:35] 141.3, 125.6, 1.118
[18:44:36] 141.4, 125.6, 1.128
[18:44:37] 141.5, 125.5, 1.127
[18:44:38] 168.0, 125.5, 1.117
[18:44:39] 141.6, 125.6, 1.114
[18:44:40] 141.6, 125.6, 1.109
[18:44:41] 141.5, 125.6, 1.121
[18:44:42] 141.5, 125.6, 1.123
[18:44:43] 168.0, 125.6, 1.106
[18:44:44] 141.0, 125.5, 1.112
[18:44:45] 140.9, 125.6, 1.111
[18:44:46] 140.9, 125.6, 1.110
[18:44:47] 140.9, 125.6, 1.120
[18:44:48] 168.2, 125.7, 1.110
[18:44:49] 140.5, 125.7, 1.103
[18:44:50] 140.5, 125.7, 1.112
[18:44:51] 140.5, 125.7, 1.113
[18:44:52] 140.6, 125.7, 1.119
[18:44:53] 167.6, 125.7, 1.107
[18:44:54] 140.3, 125.7, 1.105
[18:44:55] 140.3, 125.7, 1.107
[18:44:56] 140.3, 125.7, 1.108
[18:44:57] 140.3, 125.7, 1.120
[18:44:58] 168.0, 125.7, 1.108
[18:44:59] 140.5, 125.6, 1.105
[18:45:00] 140.5, 125.7, 1.104
[18:45:01] 140.4, 125.7, 1.110
[18:45:02] 140.4, 125.6, 1.119
[18:45:03] 167.3, 125.6, 1.102
[18:45:04] 139.8, 125.6, 1.106
[18:45:05] 139.7, 125.6, 1.101
[18:45:06] 139.8, 125.6, 1.101
[18:45:07] 139.8, 125.6, 1.047
[18:45:08] 174.9, 125.6, 1.093
[18:45:09] 134.7, 125.6, 1.108
[18:45:10] 139.9, 125.6, 1.107
[18:45:11] 140.0, 125.6, 1.107
[18:45:12] 139.9, 125.7, 1.044
[18:45:13] 174.5, 125.6, 1.096
[18:45:14] 134.3, 125.6, 1.102
[18:45:15] 139.8, 125.6, 1.103
[18:45:16] 139.8, 125.6, 1.102
[18:45:17] 139.7, 125.7, 1.145
[18:45:18] 186.1, 125.7, 1.076
[18:45:19] 134.3, 125.6, 1.102
[18:45:20] 139.8, 125.6, 1.110
[18:45:21] 139.8, 125.7, 1.109
[18:45:22] 139.9, 125.6, 1.607
[18:45:23] 201.3, 125.7, 1.037
[18:45:24] 130.5, 125.7, 1.098
[18:45:25] 139.8, 125.7, 1.106
[18:45:26] 139.8, 125.7, 1.098
[18:45:27] 139.7, 125.5, 2.006
[18:45:28] 204.6, 125.7, 1.040
[18:45:29] 149.7, 125.7, 1.100
[18:45:30] 139.2, 125.7, 1.103
[18:45:31] 139.3, 125.7, 1.109
[18:45:32] 139.4, 125.7, 1.097
[18:45:33] 149.7, 125.6, 1.938
[18:45:34] 246.9, 125.7, 1.104
[18:45:35] 140.8, 125.7, 1.097
[18:45:36] 140.6, 125.7, 1.095
[18:45:37] 140.5, 125.7, 1.098
[18:45:38] 140.4, 125.7, 1.101
[18:45:39] 173.4, 125.6, 1.943
[18:45:40] 242.0, 125.6, 1.625
[18:45:41] 226.8, 125.7, 1.108
[18:45:42] 138.5, 125.7, 1.101
[18:45:43] 138.6, 125.6, 1.104
[18:45:44] 138.8, 125.6, 1.101
[18:45:45] 138.9, 125.6, 2.599
[18:45:46] 193.0, 125.6, 1.934
[18:45:47] 245.1, 125.6, 2.000
[18:45:48] 245.7, 125.6, 2.001
[18:45:49] 252.4, 125.7, 1.094
[18:45:50] 181.9, 125.7, 1.104
[18:45:51] 140.3, 125.7, 1.108
[18:45:52] 140.3, 125.6, 1.106
[18:45:53] 140.2, 125.6, 1.104
[18:45:54] 140.2, 125.5, 1.944
[18:45:55] 241.7, 125.5, 1.964
[18:45:56] 242.2, 125.5, 2.003
[18:45:57] 252.4, 125.6, 2.004
[18:45:58] 252.4, 125.5, 2.006
[18:45:59] 252.4, 125.5, 2.005
[18:46:00] 252.5, 125.5, 2.006
[18:46:01] 252.5, 125.6, 1.093
[18:46:02] 186.5, 125.6, 1.108
[18:46:03] 140.1, 125.6, 1.110
[18:46:04] 140.1, 125.6, 1.104
[18:46:05] 140.0, 125.6, 1.107
[18:46:06] 140.0, 125.5, 1.968
[18:46:07] 233.7, 125.5, 1.944
[18:46:08] 246.2, 125.5, 2.005
[18:46:09] 252.7, 125.5, 2.009
[18:46:10] 252.7, 125.5, 2.008
[18:46:11] 252.8, 125.5, 2.007
[18:46:12] 252.8, 125.5, 2.006
[18:46:13] 252.8, 125.5, 2.007
[18:46:14] 252.9, 125.5, 2.006
[18:46:15] 252.9, 125.5, 2.008
[18:46:16] 252.9, 125.5, 2.010
[18:46:17] 253.0, 125.5, 2.008
[18:46:18] 253.0, 125.5, 2.008
[18:46:19] 253.0, 125.5, 2.011
[18:46:20] 253.1, 125.6, 1.133
[18:46:21] 182.8, 125.6, 1.111
[18:46:22] 140.7, 125.7, 1.108
[18:46:23] 140.6, 125.6, 1.111
