<<<[17:12:52] 144.4, 125.2, 1.124
[17:12:53] 144.1, 125.2, 1.135
[17:12:54] 144.0, 125.2, 1.148
[17:12:55] 143.9, 125.2, 1.183
[17:12:56] 144.3, 125.2, 1.283
[17:12:57] 160.4, 125.2, 1.271
[17:12:58] 160.4, 125.2, 1.273
[17:12:59] 160.5, 125.1, 1.275
[17:13:00] 160.5, 125.2, 1.278
[17:13:01] 160.5, 125.2, 1.277
[17:13:02] 160.6, 125.2, 1.252
[17:13:03] 160.3, 125.2, 1.246
[17:13:04] 160.0, 125.2, 1.254
[17:13:05] 159.8, 125.2, 1.249
[17:13:06] 159.5, 125.2, 1.242
[17:13:07] 159.5, 125.2, 1.242
[17:13:08] 159.3, 125.2, 1.296
[17:13:09] 159.3, 125.3, 1.243
[17:13:10] 159.0, 125.3, 1.238
[17:13:11] 158.8, 125.3, 1.148
[17:13:12] 158.5, 125.3, 1.131
[17:13:13] 144.6, 125.3, 1.130
[17:13:14] 144.4, 125.3, 1.165
[17:13:15] 144.5, 125.3, 1.183
[17:13:16] 144.9, 125.1, 1.723
[17:13:17] 173.1, 125.2, 1.116
[17:13:18] 141.6, 125.2, 1.114
[17:13:19] 141.5, 125.2, 1.115
[17:13:20] 141.5, 125.3, 1.121
[17:13:21] 141.4, 125.2, 2.394
[17:13:22] 179.0, 125.3, 1.065
[17:13:23] 134.9, 125.3, 1.117
[17:13:24] 135.4, 125.3, 1.111
[17:13:25] 140.8, 125.3, 1.116
[17:13:26] 140.7, 125.2, 2.468
[17:13:27] 179.9, 125.3, 1.052
[17:13:28] 134.7, 125.3, 1.118
[17:13:29] 135.2, 125.4, 1.121
[17:13:30] 141.2, 125.3, 1.115
[17:13:31] 141.2, 125.2, 2.948
[17:13:32] 181.4, 125.3, 1.051
[17:13:33] 134.9, 125.3, 1.114
[17:13:34] 135.3, 125.3, 1.116
[17:13:35] 141.0, 125.3, 1.124
[17:13:36] 141.0, 125.0, 3.787
[17:13:37] 186.1, 125.3, 1.045
[17:13:38] 146.5, 125.3, 1.114
[17:13:39] 138.3, 125.2, 1.110
[17:13:40] 138.6, 125.2, 1.118
[17:13:41] 138.8, 125.2, 1.116
[17:13:42] 181.4, 125.2, 1.073
[17:13:43] 169.8, 125.3, 1.109
[17:13:44] 137.6, 125.2, 1.111
[17:13:45] 138.0, 125.3, 1.118
[17:13:46] 138.3, 125.3, 1.117
[17:13:47] 138.6, 125.2, 1.539
[17:13:48] 249.1, 125.3, 1.108
[17:13:49] 134.7, 125.3, 1.113
[17:13:50] 140.5, 125.2, 1.117
[17:13:51] 140.5, 125.3, 1.113
[17:13:52] 140.6, 125.1, 2.552
[17:13:53] 227.0, 125.2, 1.584
[17:13:54] 244.2, 125.2, 1.117
[17:13:55] 139.2, 125.2, 1.113
[17:13:56] 139.4, 125.3, 1.109
[17:13:57] 139.6, 125.3, 1.114
[17:13:58] 139.8, 125.1, 2.412
[17:13:59] 239.0, 125.1, 2.443
[17:14:00] 307.0, 125.2, 1.159
[17:14:01] 221.9, 125.2, 1.129
[17:14:02] 141.6, 125.2, 1.117
[17:14:03] 141.5, 125.2, 1.114
[17:14:04] 141.4, 125.3, 1.115
[17:14:05] 141.4, 125.1, 2.465
[17:14:06] 262.1, 125.1, 2.449
[17:14:07] 306.1, 125.1, 2.507
[17:14:08] 314.6, 125.0, 2.516
[17:14:09] 314.7, 125.2, 1.136
[17:14:10] 181.2, 125.3, 1.116
[17:14:11] 140.8, 125.3, 1.117
[17:14:12] 140.8, 125.3, 1.114
[17:14:13] 140.7, 125.2, 1.118
[17:14:14] 140.8, 125.1, 2.443
[17:14:15] 307.0, 125.0, 2.510
[17:14:16] 307.3, 125.1, 2.515
[17:14:17] 315.7, 125.1, 2.520
[17:14:18] 315.7, 125.0, 2.517
[17:14:19] 315.7, 125.0, 2.520
[17:14:20] 315.7, 125.0, 2.520
[17:14:21] 315.8, 125.1, 1.638
[17:14:22] 256.3, 125.2, 1.117
[17:14:23] 139.8, 125.2, 1.113
[17:14:24] 139.9, 125.1, 1.116
[17:14:25] 140.0, 125.1, 1.111
[17:14:26] 140.1, 124.9, 2.450
[17:14:27] 237.0, 124.9, 2.459
[17:14:28] 307.7, 124.9, 2.523
[17:14:29] 315.7, 125.0, 2.522
[17:14:30] 315.7, 125.0, 2.523
[17:14:31] 315.9, 125.0, 2.522
[17:14:32] 315.9, 125.0, 2.522
[17:14:33] 316.0, 125.1, 2.518
[17:14:34] 316.0, 125.0, 2.517
[17:14:35] 316.0, 125.0, 2.518
[17:14:36] 316.0, 125.0, 2.518
[17:14:37] 316.0, 125.0, 2.529
[17:14:38] 316.0, 125.0, 2.520
[17:14:39] 316.0, 125.0, 2.523
[17:14:40] 316.1, 124.9, 2.524
[17:14:41] 316.2, 125.1, 1.144
[17:14:42] 201.7, 125.1, 1.125
[17:14:43] 141.8, 125.1, 1.118
[17:14:44] 141.7, 125.1, 1.126
<<<[17:14:58] 146.0, 125.1, 1.136
[17:14:59] 145.6, 125.2, 1.130
[17:15:00] 145.3, 125.1, 1.154
[17:15:01] 145.2, 125.1, 1.160
[17:15:02] 145.2, 125.2, 1.128
[17:15:03] 144.8, 125.2, 1.136
[17:15:04] 144.6, 125.1, 1.144
[17:15:05] 144.5, 125.2, 1.138
