<<<[14:48:34] 140.5, 125.0, 1.121
[14:48:35] 140.6, 125.0, 1.129
[14:48:36] 140.8, 124.9, 1.150
[14:48:37] 141.3, 124.9, 1.275
[14:48:38] 155.9, 124.9, 1.260
[14:48:39] 156.2, 125.0, 1.149
[14:48:40] 146.1, 125.0, 1.144
[14:48:41] 145.8, 125.0, 1.148
[14:48:42] 145.5, 125.0, 1.174
[14:48:43] 145.7, 125.0, 1.172
[14:48:44] 146.1, 125.0, 1.127
[14:48:45] 165.8, 124.9, 1.118
[14:48:46] 140.8, 125.0, 1.123
[14:48:47] 140.8, 125.0, 1.119
[14:48:48] 140.9, 125.0, 1.130
[14:48:49] 141.1, 125.0, 1.128
[14:48:50] 165.6, 124.9, 1.115
[14:48:51] 141.0, 125.0, 1.118
[14:48:52] 140.9, 125.0, 1.120
[14:48:53] 140.9, 124.9, 1.117
[14:48:54] 141.1, 124.9, 1.129
[14:48:55] 165.6, 125.0, 1.111
[14:48:56] 140.3, 125.0, 1.115
[14:48:57] 140.3, 125.0, 1.112
[14:48:58] 140.3, 125.0, 1.117
[14:48:59] 140.5, 125.0, 1.123
[14:49:00] 164.9, 125.0, 1.113
[14:49:01] 140.5, 125.0, 1.116
[14:49:02] 140.5, 124.9, 1.111
[14:49:03] 140.5, 125.0, 1.117
[14:49:04] 140.6, 125.0, 1.125
[14:49:05] 165.5, 125.0, 1.112
[14:49:06] 140.3, 125.0, 1.114
[14:49:07] 140.3, 125.0, 1.115
[14:49:08] 140.3, 125.0, 1.111
[14:49:09] 140.4, 125.0, 1.134
[14:49:10] 165.8, 125.0, 1.113
[14:49:11] 140.5, 125.1, 1.110
[14:49:12] 140.5, 125.1, 1.112
[14:49:13] 140.4, 125.1, 1.108
[14:49:14] 140.4, 125.1, 1.124
[14:49:15] 165.1, 125.1, 1.112
[14:49:16] 139.8, 125.1, 1.100
[14:49:17] 139.7, 125.1, 1.110
[14:49:18] 139.7, 125.0, 1.112
[14:49:19] 139.8, 125.0, 1.062
[14:49:20] 172.3, 125.0, 1.120
[14:49:21] 135.6, 125.0, 1.123
[14:49:22] 140.7, 125.0, 1.119
[14:49:23] 140.6, 125.0, 1.108
[14:49:24] 140.5, 125.0, 1.061
[14:49:25] 171.8, 124.9, 1.111
[14:49:26] 134.7, 124.9, 1.112
[14:49:27] 139.9, 124.9, 1.107
[14:49:28] 139.8, 124.9, 1.109
[14:49:29] 139.8, 124.9, 0.997
[14:49:30] 184.1, 124.9, 1.102
[14:49:31] 134.3, 124.9, 1.115
[14:49:32] 140.1, 124.8, 1.114
[14:49:33] 140.0, 124.8, 1.109
[14:49:34] 140.0, 124.9, 1.433
[14:49:35] 193.9, 124.9, 1.046
[14:49:36] 133.4, 124.9, 1.106
[14:49:37] 139.6, 125.0, 1.110
[14:49:38] 139.6, 125.0, 1.112
[14:49:39] 139.6, 124.9, 1.912
[14:49:40] 202.9, 125.1, 1.062
[14:49:41] 158.0, 125.0, 1.107
[14:49:42] 139.4, 125.0, 1.105
[14:49:43] 139.4, 125.0, 1.104
[14:49:44] 139.4, 125.0, 1.106
[14:49:45] 139.5, 124.9, 1.886
[14:49:46] 248.4, 125.0, 1.130
[14:49:47] 163.7, 124.9, 1.107
[14:49:48] 139.8, 125.0, 1.105
[14:49:49] 139.7, 124.9, 1.107
[14:49:50] 139.7, 124.9, 1.108
[14:49:51] 139.7, 124.9, 1.889
[14:49:52] 240.8, 124.9, 1.951
[14:49:53] 240.7, 125.0, 1.068
[14:49:54] 188.6, 125.0, 1.111
[14:49:55] 139.8, 125.0, 1.111
[14:49:56] 139.7, 125.0, 1.111
[14:49:57] 139.8, 125.0, 1.117
[14:49:58] 139.8, 124.8, 1.928
[14:49:59] 225.2, 124.8, 1.893
[14:50:00] 238.6, 124.8, 1.960
[14:50:01] 246.0, 124.8, 1.958
[14:50:02] 245.9, 124.8, 1.631
[14:50:03] 229.5, 124.8, 1.124
[14:50:04] 138.3, 124.8, 1.103
[14:50:05] 138.5, 124.9, 1.112
[14:50:06] 138.7, 124.9, 1.104
[14:50:07] 138.8, 124.8, 2.294
[14:50:08] 193.5, 124.7, 1.896
[14:50:09] 238.6, 124.7, 1.956
[14:50:10] 244.4, 124.8, 1.955
[14:50:11] 244.5, 124.8, 1.955
[14:50:12] 244.6, 124.8, 1.955
[14:50:13] 244.7, 124.8, 1.956
[14:50:14] 244.8, 124.8, 1.959
[14:50:15] 244.9, 124.8, 1.955
[14:50:16] 244.9, 125.0, 1.070
[14:50:17] 186.8, 125.0, 1.107
[14:50:18] 139.9, 125.1, 1.109
[14:50:19] 139.9, 125.0, 1.109
[14:50:20] 139.9, 125.0, 1.120
[14:50:21] 139.9, 124.9, 1.918
[14:50:22] 231.2, 124.9, 1.892
[14:50:23] 239.0, 124.8, 1.956
[14:50:24] 245.1, 124.9, 1.955
[14:50:25] 245.1, 124.8, 1.959
[14:50:26] 245.2, 124.8, 1.957
[14:50:27] 245.3, 124.8, 1.960
[14:50:28] 245.4, 124.8, 1.962
[14:50:29] 245.5, 124.8, 1.965
[14:50:30] 245.6, 124.8, 1.965
[14:50:31] 245.7, 124.7, 1.967
[14:50:32] 245.8, 124.8, 1.966
[14:50:33] 245.9, 124.8, 1.966
[14:50:34] 246.0, 124.8, 1.966
[14:50:35] 246.1, 124.8, 1.965
[14:50:36] 246.1, 124.8, 1.965
[14:50:37] 246.2, 124.8, 1.964
[14:50:38] 246.2, 125.0, 1.135
[14:50:39] 193.3, 125.0, 1.120
[14:50:40] 140.5, 125.0, 1.116
[14:50:41] 140.5, 125.0, 1.111
[14:50:42] 140.5, 125.0, 1.115
<<<[09:50:15] 140.2, 125.9, 1.103
[09:50:16] 140.2, 125.8, 1.107
[09:50:17] 140.2, 125.9, 1.113
[09:50:18] 140.3, 125.9, 1.251
[09:50:19] 153.7, 125.8, 1.263
[09:50:20] 160.0, 125.8, 1.126
[09:50:21] 145.0, 125.9, 1.127
[09:50:22] 144.7, 125.8, 1.130
[09:50:23] 144.4, 125.9, 1.130
[09:50:24] 144.3, 125.9, 1.132
[09:50:25] 144.2, 125.8, 1.079
[09:50:26] 168.0, 125.8, 1.109
[09:50:27] 140.5, 125.8, 1.120
[09:50:28] 140.7, 125.8, 1.127
[09:50:29] 140.9, 125.7, 1.140
[09:50:30] 141.2, 125.8, 1.113
[09:50:31] 169.4, 125.8, 1.137
[09:50:32] 143.4, 125.8, 1.124
[09:50:33] 143.3, 125.8, 1.112
[09:50:34] 143.1, 125.8, 1.115
[09:50:35] 142.9, 125.8, 1.095
[09:50:36] 168.2, 125.9, 1.111
[09:50:37] 140.7, 125.9, 1.111
[09:50:38] 140.7, 125.8, 1.106
[09:50:39] 140.7, 125.8, 1.108
[09:50:40] 140.7, 125.8, 1.099
[09:50:41] 167.8, 125.9, 1.121
[09:50:42] 141.8, 125.9, 1.107
[09:50:43] 141.7, 125.9, 1.105
[09:50:44] 141.5, 125.9, 1.102
[09:50:45] 141.3, 125.9, 1.086
[09:50:46] 167.5, 125.9, 1.108
[09:50:47] 140.1, 125.9, 1.102
[09:50:48] 140.1, 125.9, 1.102
[09:50:49] 140.0, 125.8, 1.107
[09:50:50] 140.0, 125.7, 1.089
[09:50:51] 167.1, 125.8, 1.103
[09:50:52] 140.1, 125.8, 1.100
[09:50:53] 140.0, 125.8, 1.103
[09:50:54] 140.0, 125.9, 1.106
[09:50:55] 140.0, 125.9, 1.086
[09:50:56] 166.7, 125.9, 1.101
[09:50:57] 139.6, 125.9, 1.093
[09:50:58] 139.6, 125.9, 1.097
[09:50:59] 139.6, 125.9, 1.094
[09:51:00] 139.6, 125.9, 1.019
[09:51:01] 174.9, 125.8, 1.070
[09:51:02] 134.0, 125.8, 1.103
[09:51:03] 139.6, 125.8, 1.105
[09:51:04] 139.5, 125.8, 1.103
[09:51:05] 139.6, 125.8, 1.020
[09:51:06] 173.8, 125.8, 1.043
[09:51:07] 133.4, 125.8, 1.095
[09:51:08] 139.2, 125.8, 1.093
[09:51:09] 139.2, 125.8, 1.101
[09:51:10] 139.2, 125.8, 1.359
[09:51:11] 185.6, 125.8, 1.035
[09:51:12] 134.0, 125.8, 1.100
[09:51:13] 139.6, 125.8, 1.100
[09:51:14] 139.6, 125.8, 1.102
[09:51:15] 139.6, 125.7, 1.618
[09:51:16] 198.2, 125.8, 1.032
[09:51:17] 129.1, 125.8, 1.102
[09:51:18] 139.6, 125.8, 1.100
[09:51:19] 139.5, 125.9, 1.102
[09:51:20] 139.5, 125.7, 2.946
[09:51:21] 185.6, 125.8, 1.008
[09:51:22] 176.9, 125.8, 1.097
[09:51:23] 137.6, 125.8, 1.100
[09:51:24] 137.8, 125.8, 1.105
[09:51:25] 138.0, 125.8, 1.095
[09:51:26] 138.2, 125.7, 1.895
[09:51:27] 231.0, 125.8, 1.013
[09:51:28] 180.7, 125.8, 1.095
[09:51:29] 139.0, 125.9, 1.102
[09:51:30] 139.0, 125.8, 1.104
[09:51:31] 139.1, 125.8, 1.105
[09:51:32] 139.1, 125.7, 1.906
[09:51:33] 222.5, 125.7, 1.872
[09:51:34] 237.5, 125.8, 1.393
[09:51:35] 206.6, 125.8, 1.100
[09:51:36] 139.9, 125.8, 1.101
[09:51:37] 139.8, 125.9, 1.100
[09:51:38] 139.8, 125.9, 1.099
[09:51:39] 139.8, 125.8, 1.852
[09:51:40] 206.7, 125.8, 1.872
[09:51:41] 236.8, 125.8, 1.937
[09:51:42] 244.6, 125.8, 1.939
[09:51:43] 244.6, 125.8, 1.896
[09:51:44] 237.1, 125.8, 1.097
[09:51:45] 149.2, 125.9, 1.100
[09:51:46] 139.9, 125.8, 1.102
[09:51:47] 139.8, 125.9, 1.103
[09:51:48] 139.8, 125.7, 2.887
[09:51:49] 177.2, 125.7, 1.877
[09:51:50] 235.2, 125.7, 1.940
[09:51:51] 242.6, 125.7, 1.941
[09:51:52] 242.9, 125.8, 1.940
[09:51:53] 243.2, 125.7, 1.940
[09:51:54] 243.4, 125.7, 1.941
[09:51:55] 243.7, 125.7, 1.943
[09:51:56] 243.9, 125.7, 1.942
[09:51:57] 244.1, 125.8, 1.426
[09:51:58] 205.1, 125.8, 1.104
[09:51:59] 140.3, 125.8, 1.101
[09:52:00] 140.2, 125.8, 1.105
[09:52:01] 140.1, 125.8, 1.110
[09:52:02] 140.2, 125.7, 1.866
[09:52:03] 212.2, 125.7, 1.878
[09:52:04] 237.5, 125.7, 1.941
[09:52:05] 245.3, 125.7, 1.943
[09:52:06] 245.3, 125.7, 1.940
[09:52:07] 245.2, 125.6, 1.941
[09:52:08] 245.2, 125.8, 1.940
[09:52:09] 245.3, 125.7, 1.942
[09:52:10] 245.3, 125.7, 1.941
[09:52:11] 245.3, 125.8, 1.943
[09:52:12] 245.3, 125.7, 1.945
[09:52:13] 245.3, 125.7, 1.945
[09:52:14] 245.4, 125.7, 1.946
[09:52:15] 245.4, 125.8, 1.947
[09:52:16] 245.5, 125.7, 1.946
[09:52:17] 245.6, 125.7, 1.947
[09:52:18] 245.6, 125.7, 1.947
[09:52:19] 245.6, 125.8, 1.475
[09:52:20] 215.8, 125.9, 1.111
[09:52:21] 141.2, 125.9, 1.109
[09:52:22] 141.1, 125.9, 1.104
[09:52:23] 141.0, 125.9, 1.110
