<<<[11:49:40] 141.8, 125.5, 1.113
[11:49:41] 141.7, 125.5, 1.120
[11:49:42] 141.7, 125.5, 1.115
[11:49:43] 141.6, 125.5, 1.224
[11:49:44] 146.8, 125.5, 1.283
[11:49:45] 158.4, 125.4, 1.211
[11:49:46] 158.2, 125.4, 1.244
[11:49:47] 158.1, 125.5, 1.242
[11:49:48] 157.9, 125.4, 1.243
[11:49:49] 157.9, 125.4, 1.243
[11:49:50] 157.8, 125.4, 1.160
[11:49:51] 157.3, 125.4, 1.130
[11:49:52] 143.4, 125.4, 1.119
[11:49:53] 143.2, 125.4, 1.120
[11:49:54] 143.0, 125.4, 1.119
[11:49:55] 142.9, 125.3, 2.710
[11:49:56] 178.3, 125.4, 1.069
[11:49:57] 139.2, 125.4, 1.156
[11:49:58] 144.5, 125.3, 1.167
[11:49:59] 144.8, 125.4, 1.172
[11:50:00] 145.1, 125.2, 3.364
[11:50:01] 181.8, 125.5, 1.077
[11:50:02] 136.5, 125.5, 1.148
[11:50:03] 142.3, 125.4, 1.138
[11:50:04] 142.8, 125.5, 1.123
[11:50:05] 143.0, 125.4, 1.161
[11:50:06] 173.2, 125.4, 1.078
[11:50:07] 164.9, 125.4, 1.137
[11:50:08] 141.6, 125.4, 1.141
[11:50:09] 142.1, 125.4, 1.148
[11:50:10] 142.5, 125.4, 1.151
[11:50:11] 142.9, 125.3, 1.624
[11:50:12] 210.2, 125.4, 1.120
[11:50:13] 136.5, 125.4, 1.166
[11:50:14] 146.3, 125.4, 1.136
[11:50:15] 146.1, 125.3, 1.157
[11:50:16] 145.9, 125.2, 3.075
[11:50:17] 183.4, 125.3, 1.697
[11:50:18] 214.5, 125.4, 1.162
[11:50:19] 146.5, 125.4, 1.135
[11:50:20] 146.4, 125.3, 1.126
[11:50:21] 146.1, 125.4, 1.137
[11:50:22] 145.9, 125.2, 2.913
[11:50:23] 180.8, 125.3, 1.738
[11:50:24] 216.9, 125.3, 1.798
[11:50:25] 223.0, 125.4, 1.141
[11:50:26] 160.2, 125.4, 1.141
[11:50:27] 146.3, 125.4, 1.139
[11:50:28] 146.1, 125.4, 1.173
[11:50:29] 146.0, 125.4, 1.157
[11:50:30] 160.0, 125.3, 1.740
[11:50:31] 224.8, 125.3, 1.803
[11:50:32] 224.5, 125.2, 1.800
[11:50:33] 224.8, 125.2, 1.802
[11:50:34] 225.0, 125.4, 1.137
[11:50:35] 177.8, 125.3, 1.172
[11:50:36] 147.0, 125.4, 1.180
[11:50:37] 146.9, 125.3, 1.151
[11:50:38] 146.6, 125.3, 1.144
[11:50:39] 146.4, 125.2, 1.772
[11:50:40] 216.5, 125.2, 1.736
[11:50:41] 216.9, 125.2, 1.801
[11:50:42] 226.6, 125.3, 1.802
[11:50:43] 226.6, 125.3, 1.802
[11:50:44] 226.6, 125.2, 1.804
[11:50:45] 226.7, 125.3, 1.802
[11:50:46] 226.7, 125.3, 1.803
[11:50:47] 226.8, 125.2, 1.804
[11:50:48] 226.6, 125.3, 1.147
[11:50:49] 147.5, 125.4, 1.168
[11:50:50] 147.4, 125.3, 1.142
[11:50:51] 147.3, 125.3, 1.170
[11:50:52] 147.1, 125.4, 1.147
[11:50:53] 169.8, 125.3, 1.743
[11:50:54] 217.1, 125.2, 1.802
[11:50:55] 223.2, 125.3, 1.803
[11:50:56] 223.6, 125.3, 1.803
[11:50:57] 224.0, 125.3, 1.801
[11:50:58] 224.4, 125.3, 1.803
[11:50:59] 224.7, 125.3, 1.802
[11:51:00] 225.0, 125.3, 1.803
[11:51:01] 225.3, 125.3, 1.798
[11:51:02] 225.5, 125.3, 1.804
[11:51:03] 225.7, 125.3, 1.804
[11:51:04] 225.9, 125.3, 1.805
[11:51:05] 226.0, 125.2, 1.805
[11:51:06] 226.2, 125.3, 1.805
[11:51:07] 226.4, 125.3, 1.806
[11:51:08] 226.5, 125.2, 1.806
[11:51:09] 226.6, 125.3, 1.805
[11:51:10] 226.7, 125.3, 1.135
[11:51:11] 159.9, 125.3, 1.164
[11:51:12] 145.7, 125.3, 1.133
[11:51:13] 145.7, 125.4, 1.173
