<<<[06:40:37] 158.1, 125.9, 1.239
[06:40:38] 158.1, 125.9, 1.243
[06:40:39] 158.0, 125.9, 1.274
[06:40:40] 158.4, 125.9, 1.289
[06:40:41] 159.0, 125.8, 1.285
[06:40:42] 167.1, 125.8, 1.299
[06:40:43] 166.9, 125.8, 1.160
[06:40:44] 146.3, 125.9, 1.139
[06:40:45] 146.2, 125.9, 1.139
[06:40:46] 145.8, 125.9, 1.137
[06:40:47] 145.5, 125.9, 1.170
[06:40:48] 145.8, 125.9, 1.138
[06:40:49] 168.4, 125.9, 1.119
[06:40:50] 141.8, 125.9, 1.113
[06:40:51] 141.8, 125.9, 1.117
[06:40:52] 141.8, 126.0, 1.113
[06:40:53] 141.8, 125.9, 1.125
[06:40:54] 167.5, 126.0, 1.103
[06:40:55] 141.0, 125.9, 1.109
[06:40:56] 140.9, 125.9, 1.109
[06:40:57] 140.9, 125.9, 1.111
[06:40:58] 140.9, 125.9, 1.129
[06:40:59] 166.9, 125.9, 1.108
[06:41:00] 141.0, 126.0, 1.113
[06:41:01] 141.0, 126.0, 1.118
[06:41:02] 141.0, 126.0, 1.111
[06:41:03] 141.1, 126.0, 1.125
[06:41:04] 166.5, 126.0, 1.105
[06:41:05] 140.7, 126.0, 1.106
[06:41:06] 140.6, 125.9, 1.106
[06:41:07] 140.6, 126.0, 1.108
[06:41:08] 140.7, 125.9, 1.127
[06:41:09] 166.5, 125.9, 1.112
[06:41:10] 140.5, 125.9, 1.114
[06:41:11] 140.5, 126.0, 1.108
[06:41:12] 140.6, 125.9, 1.111
[06:41:13] 140.6, 126.0, 1.124
[06:41:14] 166.4, 126.0, 1.106
[06:41:15] 140.7, 125.9, 1.108
[06:41:16] 140.6, 126.0, 1.101
[06:41:17] 140.6, 125.9, 1.101
[06:41:18] 140.6, 126.0, 1.122
[06:41:19] 165.8, 125.9, 1.103
[06:41:20] 139.9, 126.0, 1.104
[06:41:21] 139.9, 126.0, 1.112
[06:41:22] 140.0, 125.9, 1.108
[06:41:23] 140.1, 126.0, 1.058
[06:41:24] 172.7, 125.9, 1.108
[06:41:25] 135.1, 126.0, 1.102
[06:41:26] 140.3, 125.9, 1.103
[06:41:27] 140.3, 126.0, 1.105
[06:41:28] 140.2, 126.0, 1.062
[06:41:29] 171.4, 126.0, 1.095
[06:41:30] 134.5, 125.9, 1.103
[06:41:31] 140.1, 126.0, 1.106
[06:41:32] 140.1, 125.8, 1.114
[06:41:33] 140.2, 126.0, 1.022
[06:41:34] 182.8, 126.0, 1.071
[06:41:35] 134.3, 125.9, 1.102
[06:41:36] 139.6, 125.9, 1.099
[06:41:37] 139.6, 125.9, 1.100
[06:41:38] 139.6, 125.9, 1.663
[06:41:39] 205.6, 126.0, 1.040
[06:41:40] 132.5, 126.0, 1.102
[06:41:41] 140.1, 125.9, 1.105
[06:41:42] 140.1, 125.9, 1.101
[06:41:43] 140.1, 125.8, 3.110
[06:41:44] 184.8, 125.9, 1.011
[06:41:45] 185.0, 125.9, 1.104
[06:41:46] 137.8, 125.9, 1.097
[06:41:47] 138.0, 125.9, 1.099
[06:41:48] 138.2, 126.0, 1.097
[06:41:49] 138.4, 125.9, 1.891
[06:41:50] 217.4, 126.0, 1.643
[06:41:51] 225.4, 126.0, 1.109
[06:41:52] 141.6, 126.0, 1.104
[06:41:53] 141.4, 126.1, 1.109
[06:41:54] 141.2, 126.0, 1.103
[06:41:55] 141.1, 125.9, 2.975
[06:41:56] 185.0, 125.9, 1.872
[06:41:57] 237.0, 125.9, 1.936
[06:41:58] 242.6, 126.1, 1.084
[06:41:59] 195.1, 126.0, 1.101
[06:42:00] 139.8, 126.0, 1.103
[06:42:01] 139.8, 126.0, 1.107
[06:42:02] 139.8, 126.0, 1.113
[06:42:03] 140.0, 125.9, 1.887
[06:42:04] 217.2, 125.9, 1.874
[06:42:05] 236.6, 125.9, 1.938
[06:42:06] 245.5, 125.9, 1.940
[06:42:07] 245.5, 125.9, 1.939
[06:42:08] 245.5, 125.9, 1.731
[06:42:09] 234.1, 126.0, 1.107
[06:42:10] 141.6, 126.1, 1.106
[06:42:11] 141.4, 126.0, 1.108
[06:42:12] 141.3, 126.1, 1.104
[06:42:13] 141.2, 125.9, 3.141
[06:42:14] 184.7, 125.9, 1.873
[06:42:15] 237.3, 125.9, 1.941
[06:42:16] 243.1, 125.9, 1.941
[06:42:17] 243.4, 125.9, 1.945
[06:42:18] 243.7, 125.9, 1.944
[06:42:19] 244.0, 125.9, 1.944
[06:42:20] 244.2, 125.9, 1.946
[06:42:21] 244.5, 125.9, 1.944
[06:42:22] 244.7, 125.9, 1.943
[06:42:23] 244.9, 125.9, 1.945
[06:42:24] 245.0, 126.0, 1.122
[06:42:25] 178.5, 126.0, 1.107
[06:42:26] 140.5, 126.0, 1.099
[06:42:27] 140.4, 126.0, 1.106
