<<<[16:53:38] 141.1, 125.1, 1.134
[16:53:39] 141.4, 125.1, 1.146
[16:53:40] 141.8, 125.1, 1.156
[16:53:41] 142.2, 125.1, 1.260
[16:53:42] 152.4, 125.1, 1.237
[16:53:43] 159.5, 125.0, 1.273
[16:53:44] 159.5, 125.0, 1.239
[16:53:45] 159.2, 125.0, 1.245
[16:53:46] 159.0, 125.1, 1.128
[16:53:47] 147.2, 125.1, 1.127
[16:53:48] 147.0, 125.0, 1.162
[16:53:49] 147.0, 125.1, 1.166
[16:53:50] 147.1, 125.1, 1.170
[16:53:51] 147.0, 125.1, 1.345
[16:53:52] 168.9, 125.1, 1.117
[16:53:53] 141.6, 125.0, 1.119
[16:53:54] 141.4, 125.1, 1.113
[16:53:55] 141.3, 125.1, 1.116
[16:53:56] 141.3, 125.0, 1.364
[16:53:57] 167.1, 125.1, 1.100
[16:53:58] 140.8, 125.1, 1.106
[16:53:59] 140.8, 125.0, 1.121
[16:54:00] 140.8, 125.0, 1.115
[16:54:01] 140.8, 125.0, 1.367
[16:54:02] 167.3, 125.0, 1.129
[16:54:03] 141.2, 125.0, 1.108
[16:54:04] 141.1, 125.0, 1.112
[16:54:05] 140.9, 125.0, 1.114
[16:54:06] 140.9, 125.0, 1.394
[16:54:07] 167.3, 125.1, 1.115
[16:54:08] 141.4, 125.1, 1.102
[16:54:09] 141.3, 125.1, 1.104
[16:54:10] 141.1, 125.1, 1.110
[16:54:11] 141.1, 125.1, 1.376
[16:54:12] 177.0, 125.2, 1.049
[16:54:13] 133.4, 125.1, 1.124
[16:54:14] 140.8, 125.1, 1.109
[16:54:15] 140.7, 125.0, 1.116
[16:54:16] 140.7, 125.1, 1.375
[16:54:17] 176.5, 125.1, 1.058
[16:54:18] 133.1, 125.1, 1.119
[16:54:19] 140.7, 125.1, 1.116
[16:54:20] 140.6, 125.1, 1.105
[16:54:21] 140.6, 125.0, 1.640
[16:54:22] 191.0, 125.1, 1.048
[16:54:23] 130.5, 125.1, 1.103
[16:54:24] 139.9, 125.1, 1.117
[16:54:25] 139.9, 125.1, 1.103
[16:54:26] 140.0, 125.0, 2.531
[16:54:27] 190.8, 125.0, 1.046
[16:54:28] 142.7, 125.0, 1.111
[16:54:29] 142.1, 125.0, 1.117
[16:54:30] 141.8, 125.0, 1.123
[16:54:31] 141.6, 125.0, 1.119
[16:54:32] 168.0, 125.0, 1.427
[16:54:33] 199.5, 125.0, 1.103
[16:54:34] 137.2, 125.0, 1.107
[16:54:35] 137.6, 125.1, 1.103
[16:54:36] 137.9, 125.1, 1.125
[16:54:37] 138.2, 125.0, 1.903
[16:54:38] 211.3, 125.0, 1.568
[16:54:39] 222.5, 125.1, 1.111
[16:54:40] 138.3, 125.1, 1.115
[16:54:41] 138.5, 125.1, 1.120
[16:54:42] 138.7, 125.1, 1.118
[16:54:43] 139.0, 125.0, 2.148
[16:54:44] 199.1, 125.0, 1.924
[16:54:45] 242.2, 125.1, 1.891
[16:54:46] 241.6, 125.1, 1.106
[16:54:47] 141.9, 125.1, 1.113
[16:54:48] 141.7, 125.1, 1.118
[16:54:49] 141.6, 125.1, 1.107
[16:54:50] 141.4, 124.9, 3.347
[16:54:51] 180.5, 125.0, 1.922
[16:54:52] 240.2, 125.0, 1.985
[16:54:53] 246.9, 125.0, 1.990
[16:54:54] 247.2, 125.0, 1.991
[16:54:55] 247.6, 125.1, 1.127
[16:54:56] 172.0, 125.1, 1.114
[16:54:57] 140.7, 125.1, 1.105
[16:54:58] 140.6, 125.1, 1.107
[16:54:59] 140.6, 125.1, 1.111
[16:55:00] 140.6, 125.0, 1.932
[16:55:01] 240.4, 124.9, 1.954
[16:55:02] 240.8, 125.0, 1.990
[16:55:03] 249.8, 125.0, 1.992
[16:55:04] 249.8, 125.0, 1.993
[16:55:05] 249.9, 125.0, 1.993
[16:55:06] 249.9, 125.0, 1.994
[16:55:07] 250.0, 124.9, 1.995
[16:55:08] 250.0, 125.0, 1.994
[16:55:09] 250.0, 125.1, 1.104
[16:55:10] 151.9, 125.2, 1.108
[16:55:11] 140.3, 125.1, 1.117
[16:55:12] 140.3, 125.1, 1.110
[16:55:13] 140.3, 125.1, 1.107
[16:55:14] 147.4, 125.0, 1.928
[16:55:15] 253.8, 125.0, 1.995
[16:55:16] 245.7, 125.0, 1.993
[16:55:17] 246.2, 125.0, 1.992
[16:55:18] 246.7, 125.0, 1.995
[16:55:19] 247.2, 125.0, 1.995
[16:55:20] 247.6, 125.0, 1.994
[16:55:21] 248.0, 125.0, 1.992
[16:55:22] 248.3, 125.0, 1.994
[16:55:23] 248.6, 125.0, 1.995
[16:55:24] 248.9, 125.0, 1.996
[16:55:25] 249.1, 125.0, 1.996
[16:55:26] 249.3, 125.0, 1.996
[16:55:27] 249.5, 125.0, 1.996
[16:55:28] 249.6, 125.0, 1.996
[16:55:29] 249.7, 125.0, 1.995
[16:55:30] 249.9, 125.1, 1.996
[16:55:31] 249.9, 125.2, 1.103
[16:55:32] 205.5, 125.1, 1.128
[16:55:33] 140.7, 125.1, 1.105
[16:55:34] 140.7, 125.1, 1.113
[16:55:35] 140.7, 125.2, 1.116
