<<<[00:40:50] 140.8, 125.9, 1.102
[00:40:51] 140.9, 125.9, 1.107
[00:40:52] 140.9, 125.9, 1.116
[00:40:53] 141.0, 126.0, 1.247
[00:40:54] 149.0, 125.9, 1.269
[00:40:55] 159.5, 125.9, 1.272
[00:40:56] 159.7, 126.0, 1.272
[00:40:57] 159.9, 126.0, 1.211
[00:40:58] 159.5, 125.9, 1.257
[00:40:59] 159.6, 126.0, 1.246
[00:41:00] 159.5, 126.0, 1.239
[00:41:01] 159.5, 126.0, 1.270
[00:41:02] 159.4, 125.9, 1.289
[00:41:03] 159.5, 126.0, 1.135
[00:41:04] 150.1, 126.0, 1.125
[00:41:05] 142.8, 126.0, 1.124
[00:41:06] 142.8, 126.0, 1.116
[00:41:07] 142.6, 125.9, 1.107
[00:41:08] 142.4, 125.9, 1.412
[00:41:09] 168.2, 125.9, 1.112
[00:41:10] 141.4, 126.0, 1.104
[00:41:11] 141.3, 126.0, 1.111
[00:41:12] 141.2, 125.9, 1.105
[00:41:13] 141.2, 126.0, 1.383
[00:41:14] 177.4, 126.0, 1.041
[00:41:15] 133.2, 126.0, 1.102
[00:41:16] 140.7, 126.0, 1.114
[00:41:17] 140.7, 126.0, 1.109
[00:41:18] 140.8, 126.0, 1.393
[00:41:19] 177.4, 126.0, 1.037
[00:41:20] 133.6, 126.0, 1.102
[00:41:21] 140.5, 126.0, 1.107
[00:41:22] 140.5, 126.1, 1.103
[00:41:23] 140.5, 126.0, 1.385
[00:41:24] 178.5, 126.0, 1.049
[00:41:25] 133.1, 126.0, 1.108
[00:41:26] 141.2, 126.0, 1.113
[00:41:27] 141.1, 126.0, 1.101
[00:41:28] 141.1, 126.0, 1.400
[00:41:29] 180.5, 126.0, 1.045
[00:41:30] 133.4, 126.0, 1.103
[00:41:31] 140.5, 126.0, 1.104
[00:41:32] 140.5, 126.0, 1.096
[00:41:33] 140.5, 125.9, 2.087
[00:41:34] 199.0, 126.0, 1.039
[00:41:35] 131.4, 126.0, 1.101
[00:41:36] 139.8, 125.9, 1.106
[00:41:37] 139.9, 126.0, 1.102
[00:41:38] 140.0, 125.7, 3.577
[00:41:39] 199.3, 125.9, 1.053
[00:41:40] 166.2, 125.9, 1.105
[00:41:41] 138.5, 125.9, 1.110
[00:41:42] 138.7, 126.0, 1.103
[00:41:43] 139.0, 126.0, 1.106
[00:41:44] 139.2, 125.8, 2.377
[00:41:45] 285.5, 126.0, 1.096
[00:41:46] 144.5, 126.0, 1.114
[00:41:47] 144.0, 126.0, 1.099
[00:41:48] 143.6, 126.0, 1.105
[00:41:49] 143.2, 125.9, 1.113
[00:41:50] 185.2, 125.8, 2.389
[00:41:51] 298.9, 126.0, 1.070
[00:41:52] 206.4, 126.0, 1.101
[00:41:53] 140.5, 126.0, 1.112
[00:41:54] 140.5, 126.0, 1.102
[00:41:55] 140.5, 126.0, 1.103
[00:41:56] 140.5, 125.8, 2.386
[00:41:57] 266.1, 125.8, 2.386
[00:41:58] 302.3, 125.8, 2.454
[00:41:59] 309.7, 126.0, 1.070
[00:42:00] 205.3, 126.0, 1.107
[00:42:01] 140.5, 126.0, 1.108
[00:42:02] 140.5, 126.0, 1.113
[00:42:03] 140.5, 126.0, 1.107
[00:42:04] 140.6, 125.7, 2.414
[00:42:05] 273.3, 125.8, 2.391
[00:42:06] 303.2, 125.8, 2.447
[00:42:07] 309.6, 125.8, 2.456
[00:42:08] 309.6, 125.8, 2.457
[00:42:09] 309.7, 125.8, 2.458
[00:42:10] 309.8, 126.0, 1.118
[00:42:11] 181.4, 126.0, 1.105
[00:42:12] 141.0, 125.9, 1.101
[00:42:13] 140.9, 126.0, 1.111
[00:42:14] 141.0, 126.0, 1.113
[00:42:15] 141.0, 125.8, 2.392
[00:42:16] 289.8, 125.8, 2.439
[00:42:17] 304.3, 125.8, 2.456
[00:42:18] 310.3, 125.8, 2.458
[00:42:19] 310.3, 125.7, 2.461
[00:42:20] 310.3, 125.8, 2.458
[00:42:21] 310.3, 125.8, 2.461
[00:42:22] 310.3, 125.8, 2.463
[00:42:23] 310.3, 125.8, 2.461
[00:42:24] 310.4, 125.7, 2.461
[00:42:25] 310.4, 125.7, 2.462
[00:42:26] 310.4, 125.8, 2.451
[00:42:27] 309.8, 125.9, 1.117
[00:42:28] 139.2, 126.0, 1.113
[00:42:29] 139.4, 126.0, 1.115
[00:42:30] 139.6, 125.9, 1.108
