<<<[16:08:51] 142.0, 125.2, 1.117
[16:08:52] 142.0, 125.2, 1.132
[16:08:53] 142.1, 125.1, 1.143
[16:08:54] 142.4, 125.1, 1.237
[16:08:55] 150.1, 125.1, 1.281
[16:08:56] 160.2, 125.1, 1.278
[16:08:57] 160.3, 125.1, 1.277
[16:08:58] 160.4, 125.1, 1.281
[16:08:59] 160.5, 125.1, 1.255
[16:09:00] 160.4, 125.0, 1.279
[16:09:01] 160.4, 125.1, 1.256
[16:09:02] 160.3, 125.1, 1.282
[16:09:03] 160.4, 125.1, 1.277
[16:09:04] 160.5, 125.1, 1.230
[16:09:05] 160.2, 125.0, 1.284
[16:09:06] 160.3, 124.9, 1.281
[16:09:07] 160.4, 125.0, 1.279
[16:09:08] 160.5, 125.0, 1.279
[16:09:09] 160.5, 125.0, 1.268
[16:09:10] 160.6, 125.0, 1.278
[16:09:11] 160.6, 125.1, 1.258
[16:09:12] 160.6, 125.0, 1.277
[16:09:13] 160.6, 125.0, 1.259
[16:09:14] 160.5, 125.1, 1.276
[16:09:15] 160.5, 125.1, 1.272
[16:09:16] 160.3, 125.0, 1.275
[16:09:17] 160.3, 125.0, 1.276
[16:09:18] 160.4, 125.0, 1.282
[16:09:19] 160.5, 125.0, 1.273
[16:09:20] 160.5, 125.1, 1.282
[16:09:21] 160.6, 125.1, 1.279
[16:09:22] 160.6, 125.1, 1.268
[16:09:23] 160.7, 125.1, 1.278
[16:09:24] 160.7, 125.1, 1.274
[16:09:25] 160.7, 125.1, 1.252
[16:09:26] 160.5, 125.1, 1.278
[16:09:27] 160.5, 125.0, 1.257
[16:09:28] 160.4, 125.1, 1.248
[16:09:29] 160.3, 125.0, 1.278
[16:09:30] 160.3, 125.1, 1.266
[16:09:31] 160.4, 125.1, 1.280
[16:09:32] 160.4, 125.1, 1.279
[16:09:33] 160.4, 125.1, 1.277
[16:09:34] 160.4, 125.1, 1.274
[16:09:35] 160.5, 125.0, 1.277
[16:09:36] 160.5, 125.1, 1.280
[16:09:37] 160.6, 125.1, 1.275
[16:09:38] 160.6, 125.1, 1.273
[16:09:39] 160.6, 125.1, 1.277
[16:09:40] 160.6, 125.1, 1.277
[16:09:41] 160.7, 125.1, 1.277
[16:09:42] 160.6, 125.0, 1.257
[16:09:43] 160.6, 125.1, 1.278
[16:09:44] 160.6, 125.0, 1.278
[16:09:45] 160.7, 125.1, 1.278
[16:09:46] 160.7, 125.0, 1.277
[16:09:47] 160.5, 125.0, 1.277
[16:09:48] 160.6, 125.0, 1.265
[16:09:49] 160.4, 125.0, 1.278
[16:09:50] 160.4, 125.0, 1.268
[16:09:51] 160.2, 125.0, 1.279
[16:09:52] 160.3, 125.1, 1.276
[16:09:53] 160.4, 125.1, 1.278
[16:09:54] 160.5, 125.1, 1.284
[16:09:55] 160.4, 125.1, 1.279
[16:09:56] 160.5, 125.1, 1.277
[16:09:57] 160.5, 125.0, 1.277
[16:09:58] 160.4, 125.1, 1.282
[16:09:59] 160.3, 125.1, 1.277
[16:10:00] 160.4, 125.1, 1.273
[16:10:01] 160.4, 125.1, 1.277
[16:10:02] 160.5, 125.0, 1.271
[16:10:03] 160.4, 125.0, 1.283
[16:10:04] 160.3, 125.0, 1.275
[16:10:05] 160.3, 125.0, 1.282
[16:10:06] 160.3, 125.0, 1.279
[16:10:07] 160.2, 125.0, 1.274
[16:10:08] 160.2, 125.0, 1.245
[16:10:09] 160.1, 125.0, 1.256
[16:10:10] 160.0, 125.0, 1.274
[16:10:11] 160.0, 125.0, 1.274
[16:10:12] 160.0, 125.0, 1.275
[16:10:13] 160.1, 125.0, 1.278
[16:10:14] 160.1, 125.1, 1.274
[16:10:15] 160.2, 125.0, 1.277
[16:10:16] 160.3, 125.1, 1.278
[16:10:17] 160.4, 125.1, 1.271
[16:10:18] 160.4, 125.1, 1.277
[16:10:19] 160.4, 125.1, 1.280
[16:10:20] 160.5, 125.1, 1.275
[16:10:21] 160.5, 125.1, 1.272
[16:10:22] 160.4, 125.1, 1.278
[16:10:23] 160.4, 125.1, 1.277
[16:10:24] 160.4, 125.1, 1.275
[16:10:25] 160.2, 125.1, 1.275
[16:10:26] 160.4, 125.0, 1.276
[16:10:27] 160.4, 125.1, 1.279
[16:10:28] 160.5, 125.0, 1.275
[16:10:29] 160.3, 125.1, 1.279
[16:10:30] 160.3, 125.1, 1.277
[16:10:31] 160.4, 125.0, 1.265
[16:10:32] 160.2, 125.1, 1.243
[16:10:33] 160.2, 125.1, 1.278
[16:10:34] 160.2, 125.1, 1.309
[16:10:35] 160.3, 125.1, 1.250
[16:10:36] 160.3, 125.1, 1.273
[16:10:37] 160.0, 125.1, 1.248
[16:10:38] 159.7, 125.1, 1.260
[16:10:39] 159.6, 125.1, 1.244
[16:10:40] 159.4, 125.1, 1.285
[16:10:41] 159.5, 125.0, 1.246
[16:10:42] 159.4, 125.1, 1.239
[16:10:43] 159.2, 125.1, 1.262
[16:10:44] 159.2, 125.1, 1.248
[16:10:45] 159.0, 125.0, 1.247
[16:10:46] 158.8, 125.1, 1.321
[16:10:47] 159.1, 125.1, 1.237
[16:10:48] 159.3, 125.1, 1.263
[16:10:49] 159.2, 125.1, 1.244
[16:10:50] 159.0, 125.1, 1.245
[16:10:51] 159.0, 125.1, 1.247
[16:10:52] 158.8, 125.1, 1.244
[16:10:53] 158.8, 125.1, 1.247
[16:10:54] 158.9, 125.0, 1.257
[16:10:55] 158.8, 125.1, 1.241
[16:10:56] 158.7, 125.0, 1.267
[16:10:57] 158.7, 125.1, 1.253
[16:10:58] 158.6, 125.1, 1.310
[16:10:59] 158.7, 125.0, 1.303
[16:11:00] 164.9, 125.0, 1.257
[16:11:01] 164.5, 125.0, 1.247
[16:11:02] 158.0, 125.1, 1.249
[16:11:03] 157.9, 125.1, 1.254
[16:11:04] 158.0, 125.1, 1.297
[16:11:05] 158.1, 125.1, 1.252
[16:11:06] 158.0, 125.1, 1.253
[16:11:07] 158.3, 125.1, 1.293
[16:11:08] 158.3, 125.1, 1.252
[16:11:09] 158.2, 125.1, 1.242
[16:11:10] 158.3, 125.1, 1.234
[16:11:11] 158.3, 125.1, 1.251
[16:11:12] 158.3, 125.1, 1.291
[16:11:13] 159.0, 125.1, 1.251
[16:11:14] 158.8, 125.1, 1.261
[16:11:15] 158.7, 125.1, 1.242
[16:11:16] 158.7, 125.1, 1.269
[16:11:17] 158.7, 125.1, 1.246
[16:11:18] 158.5, 125.1, 1.238
[16:11:19] 158.8, 125.1, 1.264
[16:11:20] 158.7, 125.2, 1.244
[16:11:21] 158.5, 125.2, 1.244
[16:11:22] 158.6, 125.2, 1.248
[16:11:23] 158.5, 125.2, 1.240
[16:11:24] 158.4, 125.2, 1.315
[16:11:25] 165.8, 125.2, 1.320
[16:11:26] 165.8, 125.1, 1.272
[16:11:27] 165.3, 125.1, 1.317
[16:11:28] 165.3, 125.2, 1.262
[16:11:29] 157.0, 125.2, 1.235
[16:11:30] 157.1, 125.2, 1.239
[16:11:31] 157.1, 125.2, 1.237
[16:11:32] 157.3, 125.2, 1.269
[16:11:33] 157.3, 125.2, 1.246
[16:11:34] 157.3, 125.2, 1.234
[16:11:35] 157.7, 125.2, 1.250
[16:11:36] 157.7, 125.2, 1.242
[16:11:37] 157.7, 125.2, 1.314
[16:11:38] 157.8, 125.2, 1.236
[16:11:39] 157.7, 125.2, 1.250
[16:11:40] 157.7, 125.2, 1.254
[16:11:41] 157.9, 125.1, 1.284
[16:11:42] 158.5, 125.1, 1.243
[16:11:43] 158.4, 125.0, 1.245
[16:11:44] 158.3, 125.0, 1.292
[16:11:45] 158.4, 125.1, 1.252
[16:11:46] 158.2, 125.0, 1.243
[16:11:47] 158.1, 125.0, 1.242
[16:11:48] 158.0, 125.0, 1.254
[16:11:49] 158.4, 125.0, 1.244
[16:11:50] 158.3, 125.0, 1.253
[16:11:51] 158.1, 125.0, 1.230
[16:11:52] 158.2, 125.0, 1.249
[16:11:53] 158.1, 125.0, 1.241
[16:11:54] 158.1, 125.0, 1.318
[16:11:55] 158.4, 125.0, 1.317
[16:11:56] 165.8, 125.1, 1.244
[16:11:57] 165.1, 125.0, 1.241
[16:11:58] 157.5, 125.1, 1.266
[16:11:59] 157.4, 125.1, 1.248
[16:12:00] 157.6, 125.2, 1.249
[16:12:01] 157.5, 125.2, 1.241
[16:12:02] 157.6, 125.1, 1.313
[16:12:03] 157.9, 125.1, 1.245
[16:12:04] 157.9, 125.0, 1.247
[16:12:05] 157.8, 125.1, 1.250
[16:12:06] 157.7, 125.1, 1.250
[16:12:07] 157.9, 125.1, 1.268
[16:12:08] 157.9, 125.0, 1.238
[16:12:09] 157.8, 125.1, 1.311
[16:12:10] 162.9, 125.1, 1.241
[16:12:11] 162.3, 125.1, 1.293
[16:12:12] 161.8, 125.0, 1.239
[16:12:13] 161.2, 125.1, 1.247
[16:12:14] 160.8, 125.1, 1.240
[16:12:15] 160.5, 125.0, 1.266
[16:12:16] 160.0, 125.0, 1.312
[16:12:17] 160.2, 125.1, 1.248
[16:12:18] 159.7, 125.0, 1.248
[16:12:19] 159.5, 124.9, 1.243
[16:12:20] 159.2, 125.0, 1.245
[16:12:21] 159.1, 125.0, 1.249
[16:12:22] 158.9, 125.0, 1.251
[16:12:23] 158.6, 125.0, 1.319
[16:12:24] 164.6, 125.0, 1.305
[16:12:25] 164.7, 125.0, 1.314
[16:12:26] 164.8, 125.0, 1.318
[16:12:27] 164.8, 125.0, 1.267
[16:12:28] 159.7, 124.9, 1.219
[16:12:29] 159.2, 125.1, 1.138
[16:12:30] 142.7, 125.1, 1.137
[16:12:31] 142.7, 125.1, 1.158
[16:12:32] 143.1, 125.1, 1.186
[16:12:33] 148.8, 124.8, 3.688
[16:12:34] 183.7, 125.0, 1.044
[16:12:35] 140.7, 125.1, 1.105
[16:12:36] 140.2, 125.1, 1.106
[16:12:37] 140.1, 125.1, 1.109
[16:12:38] 140.1, 124.9, 2.269
[16:12:39] 179.8, 125.1, 1.039
[16:12:40] 139.8, 125.1, 1.104
[16:12:41] 139.3, 125.1, 1.104
[16:12:42] 139.4, 125.1, 1.106
[16:12:43] 139.4, 125.1, 1.105
[16:12:44] 166.7, 125.1, 1.062
[16:12:45] 167.0, 125.1, 1.109
[16:12:46] 135.8, 125.0, 1.114
[16:12:47] 136.3, 125.0, 1.109
[16:12:48] 136.7, 125.0, 1.107
[16:12:49] 137.1, 125.0, 1.537
[16:12:50] 248.2, 125.0, 1.106
[16:12:51] 132.9, 125.0, 1.104
[16:12:52] 139.6, 125.1, 1.107
[16:12:53] 139.6, 125.1, 1.107
[16:12:54] 139.6, 124.9, 2.668
[16:12:55] 217.2, 125.0, 1.455
[16:12:56] 230.4, 125.1, 1.111
[16:12:57] 138.9, 125.1, 1.114
[16:12:58] 139.0, 125.1, 1.112
[16:12:59] 139.1, 125.2, 1.106
[16:13:00] 139.1, 125.0, 2.319
[16:13:01] 236.4, 125.0, 2.356
[16:13:02] 295.6, 125.1, 1.066
[16:13:03] 202.2, 125.1, 1.104
[16:13:04] 139.4, 125.1, 1.109
[16:13:05] 139.4, 125.1, 1.107
[16:13:06] 139.4, 125.1, 1.110
[16:13:07] 139.5, 124.9, 2.380
[16:13:08] 272.1, 124.9, 2.360
[16:13:09] 297.6, 124.9, 2.428
[16:13:10] 304.1, 125.0, 2.311
[16:13:11] 283.7, 125.1, 1.100
[16:13:12] 152.1, 125.1, 1.105
[16:13:13] 139.6, 125.1, 1.105
[16:13:14] 139.6, 125.1, 1.107
[16:13:15] 139.6, 124.8, 3.370
[16:13:16] 189.2, 124.9, 2.360
[16:13:17] 294.5, 124.9, 2.426
[16:13:18] 301.6, 124.9, 2.434
[16:13:19] 301.9, 124.9, 2.430
[16:13:20] 302.2, 125.0, 2.427
[16:13:21] 302.5, 124.9, 2.429
[16:13:22] 302.8, 124.9, 2.428
[16:13:23] 292.4, 125.1, 1.102
[16:13:24] 151.0, 125.1, 1.111
[16:13:25] 139.9, 125.1, 1.108
[16:13:26] 139.9, 125.1, 1.106
[16:13:27] 139.9, 125.1, 1.106
[16:13:28] 179.2, 124.9, 2.364
[16:13:29] 293.6, 125.0, 2.427
[16:13:30] 301.4, 124.9, 2.428
[16:13:31] 301.8, 124.9, 2.433
[16:13:32] 302.2, 124.9, 2.434
[16:13:33] 302.5, 124.9, 2.434
[16:13:34] 302.8, 124.9, 2.430
[16:13:35] 303.1, 124.9, 2.431
[16:13:36] 303.3, 124.9, 2.432
[16:13:37] 303.5, 124.9, 2.428
[16:13:38] 303.7, 124.9, 2.432
[16:13:39] 303.8, 124.9, 2.435
[16:13:40] 304.0, 124.9, 2.434
[16:13:41] 304.2, 124.9, 2.433
[16:13:42] 304.3, 125.1, 1.118
[16:13:43] 143.7, 125.1, 1.111
[16:13:44] 143.2, 125.0, 1.110
[16:13:45] 142.8, 125.1, 1.105
