<<<[05:33:47] 142.4, 126.0, 1.149
[05:33:48] 142.6, 126.0, 1.141
[05:33:49] 142.9, 126.0, 1.162
[05:33:50] 143.4, 126.0, 1.183
[05:33:51] 149.5, 125.9, 1.231
[05:33:52] 159.3, 126.0, 1.272
[05:33:53] 159.5, 125.9, 1.247
[05:33:54] 159.6, 125.9, 1.244
[05:33:55] 159.4, 126.0, 1.256
[05:33:56] 159.4, 126.0, 1.072
[05:33:57] 151.0, 125.9, 1.155
[05:33:58] 145.9, 125.9, 1.162
[05:33:59] 146.1, 125.9, 1.160
[05:34:00] 146.4, 125.9, 1.148
[05:34:01] 146.4, 125.8, 1.716
[05:34:02] 172.0, 125.9, 1.115
[05:34:03] 140.5, 126.0, 1.112
[05:34:04] 140.6, 125.9, 1.110
[05:34:05] 140.7, 126.0, 1.122
[05:34:06] 140.9, 125.9, 1.719
[05:34:07] 168.9, 126.0, 1.115
[05:34:08] 140.5, 125.9, 1.119
[05:34:09] 140.6, 126.0, 1.112
[05:34:10] 140.6, 125.9, 1.112
[05:34:11] 140.8, 125.8, 1.716
[05:34:12] 168.4, 126.0, 1.113
[05:34:13] 140.1, 126.0, 1.114
[05:34:14] 140.2, 125.9, 1.107
[05:34:15] 140.4, 126.0, 1.107
[05:34:16] 140.5, 125.8, 1.712
[05:34:17] 168.7, 125.9, 1.110
[05:34:18] 139.9, 125.9, 1.114
[05:34:19] 140.1, 126.0, 1.111
[05:34:20] 140.3, 125.9, 1.111
[05:34:21] 140.4, 125.8, 1.722
[05:34:22] 168.5, 125.9, 1.112
[05:34:23] 139.9, 125.9, 1.117
[05:34:24] 140.0, 125.9, 1.123
[05:34:25] 140.2, 125.9, 1.111
[05:34:26] 140.4, 125.9, 2.151
[05:34:27] 179.0, 126.0, 1.052
[05:34:28] 132.9, 125.9, 1.111
[05:34:29] 140.5, 126.0, 1.111
[05:34:30] 140.6, 126.0, 1.121
[05:34:31] 140.8, 125.9, 2.470
[05:34:32] 180.1, 125.9, 1.052
[05:34:33] 133.1, 126.0, 1.124
[05:34:34] 140.1, 125.9, 1.112
[05:34:35] 140.2, 125.9, 1.117
[05:34:36] 140.4, 125.8, 3.028
[05:34:37] 181.0, 125.9, 1.051
[05:34:38] 145.2, 125.9, 1.112
[05:34:39] 139.2, 125.9, 1.114
[05:34:40] 139.5, 126.0, 1.114
[05:34:41] 139.8, 125.8, 2.644
[05:34:42] 181.4, 126.0, 1.073
[05:34:43] 157.3, 126.0, 1.118
[05:34:44] 138.5, 126.0, 1.114
[05:34:45] 138.9, 125.9, 1.115
[05:34:46] 139.2, 125.9, 1.120
[05:34:47] 139.5, 125.9, 1.477
[05:34:48] 223.0, 125.9, 1.116
[05:34:49] 136.7, 125.9, 1.115
[05:34:50] 137.2, 126.0, 1.113
[05:34:51] 137.7, 126.0, 1.118
[05:34:52] 138.2, 125.9, 1.999
[05:34:53] 219.0, 126.0, 1.004
[05:34:54] 189.2, 126.0, 1.110
[05:34:55] 141.0, 126.0, 1.116
[05:34:56] 141.0, 126.0, 1.108
[05:34:57] 141.0, 126.0, 1.115
[05:34:58] 141.1, 125.8, 2.055
[05:34:59] 234.6, 125.8, 2.020
[05:35:00] 256.3, 125.9, 1.124
[05:35:01] 168.4, 125.9, 1.117
[05:35:02] 141.2, 125.9, 1.118
[05:35:03] 141.2, 125.9, 1.109
[05:35:04] 141.3, 125.9, 1.113
[05:35:05] 141.3, 125.8, 2.020
[05:35:06] 265.9, 125.8, 2.088
[05:35:07] 258.3, 125.8, 2.079
[05:35:08] 258.8, 125.9, 1.522
[05:35:09] 220.3, 125.9, 1.107
[05:35:10] 141.4, 126.0, 1.113
[05:35:11] 141.3, 125.9, 1.117
[05:35:12] 141.4, 126.0, 1.114
[05:35:13] 141.3, 125.8, 2.026
[05:35:14] 213.3, 125.8, 2.018
[05:35:15] 255.4, 125.9, 2.081
[05:35:16] 262.5, 125.9, 2.084
[05:35:17] 262.6, 125.9, 2.085
[05:35:18] 262.7, 125.8, 2.082
[05:35:19] 262.8, 125.8, 2.087
[05:35:20] 262.9, 125.9, 1.542
[05:35:21] 215.8, 126.0, 1.111
[05:35:22] 141.8, 125.9, 1.113
[05:35:23] 141.7, 125.9, 1.115
[05:35:24] 141.6, 125.9, 1.115
[05:35:25] 141.6, 125.9, 2.014
[05:35:26] 223.2, 125.8, 2.020
[05:35:27] 255.6, 125.8, 2.085
[05:35:28] 263.2, 125.8, 2.087
[05:35:29] 263.2, 125.9, 2.085
[05:35:30] 263.4, 125.8, 2.088
[05:35:31] 263.4, 125.8, 2.087
[05:35:32] 263.5, 125.8, 2.089
[05:35:33] 263.6, 125.8, 2.089
[05:35:34] 263.7, 125.8, 2.088
[05:35:35] 263.7, 125.8, 2.090
[05:35:36] 263.8, 125.8, 2.090
[05:35:37] 263.8, 125.8, 2.093
[05:35:38] 263.9, 125.8, 2.092
[05:35:39] 264.0, 125.9, 1.112
[05:35:40] 173.2, 125.9, 1.117
[05:35:41] 141.6, 125.9, 1.112
[05:35:42] 141.6, 126.0, 1.110
