<<<[10:29:57] 140.1, 125.5, 1.113
[10:29:58] 140.1, 125.5, 1.119
[10:29:59] 140.2, 125.5, 1.131
[10:30:00] 140.4, 125.5, 1.224
[10:30:01] 152.1, 125.5, 1.118
[10:30:02] 140.8, 125.4, 1.119
[10:30:03] 140.9, 125.4, 1.129
[10:30:04] 141.0, 125.4, 1.135
[10:30:05] 141.2, 125.4, 1.142
[10:30:06] 148.3, 125.4, 1.117
[10:30:07] 165.1, 125.5, 1.111
[10:30:08] 141.2, 125.6, 1.115
[10:30:09] 141.1, 125.5, 1.115
[10:30:10] 141.2, 125.5, 1.126
[10:30:11] 146.5, 125.6, 1.123
[10:30:12] 164.7, 125.6, 1.122
[10:30:13] 142.3, 125.6, 1.122
[10:30:14] 142.2, 125.6, 1.111
[10:30:15] 142.1, 125.5, 1.113
[10:30:16] 142.4, 125.5, 1.119
[10:30:17] 163.8, 125.5, 1.123
[10:30:18] 141.0, 125.5, 1.122
[10:30:19] 141.0, 125.5, 1.118
[10:30:20] 141.1, 125.5, 1.111
[10:30:21] 141.6, 125.5, 1.116
[10:30:22] 164.0, 125.5, 1.113
[10:30:23] 140.7, 125.5, 1.114
[10:30:24] 140.7, 125.5, 1.113
[10:30:25] 140.6, 125.5, 1.117
[10:30:26] 141.1, 125.5, 1.119
[10:30:27] 164.0, 125.5, 1.109
[10:30:28] 140.3, 125.6, 1.106
[10:30:29] 140.2, 125.5, 1.106
[10:30:30] 140.2, 125.5, 1.108
[10:30:31] 140.7, 125.6, 1.111
[10:30:32] 163.7, 125.5, 1.101
[10:30:33] 140.1, 125.5, 1.113
[10:30:34] 140.1, 125.6, 1.105
[10:30:35] 140.1, 125.5, 1.109
[10:30:36] 140.5, 125.6, 1.107
[10:30:37] 163.5, 125.6, 1.110
[10:30:38] 139.6, 125.6, 1.111
[10:30:39] 139.6, 125.6, 1.105
[10:30:40] 139.7, 125.5, 1.102
[10:30:41] 140.1, 125.6, 1.113
[10:30:42] 163.5, 125.6, 1.098
[10:30:43] 139.8, 125.5, 1.107
[10:30:44] 139.8, 125.6, 1.104
[10:30:45] 139.8, 125.5, 1.111
[10:30:46] 154.1, 125.6, 1.055
[10:30:47] 159.3, 125.6, 1.107
[10:30:48] 135.2, 125.6, 1.101
[10:30:49] 135.7, 125.6, 1.106
[10:30:50] 136.2, 125.6, 1.100
[10:30:51] 136.7, 125.6, 1.053
[10:30:52] 171.6, 125.6, 1.105
[10:30:53] 135.4, 125.5, 1.104
[10:30:54] 135.9, 125.5, 1.100
[10:30:55] 136.4, 125.5, 1.096
[10:30:56] 136.8, 125.5, 1.006
[10:30:57] 185.2, 125.6, 1.099
[10:30:58] 134.1, 125.5, 1.103
[10:30:59] 139.6, 125.5, 1.099
[10:31:00] 139.5, 125.5, 1.100
[10:31:01] 139.5, 125.5, 1.297
[10:31:02] 194.8, 125.5, 1.040
[10:31:03] 134.0, 125.5, 1.111
[10:31:04] 139.9, 125.5, 1.100
[10:31:05] 139.8, 125.5, 1.110
[10:31:06] 139.7, 125.4, 1.970
[10:31:07] 202.9, 125.6, 1.021
[10:31:08] 172.3, 125.5, 1.100
[10:31:09] 138.9, 125.5, 1.103
[10:31:10] 138.9, 125.5, 1.106
[10:31:11] 139.0, 125.5, 1.105
[10:31:12] 139.1, 125.4, 1.899
[10:31:13] 242.8, 125.5, 1.337
[10:31:14] 195.9, 125.5, 1.104
[10:31:15] 140.1, 125.5, 1.111
[10:31:16] 140.0, 125.5, 1.107
[10:31:17] 139.9, 125.5, 1.104
[10:31:18] 139.9, 125.4, 1.934
[10:31:19] 222.5, 125.4, 1.900
[10:31:20] 240.6, 125.5, 1.789
[10:31:21] 240.1, 125.6, 1.106
[10:31:22] 148.8, 125.5, 1.107
[10:31:23] 140.3, 125.6, 1.105
[10:31:24] 140.2, 125.5, 1.106
[10:31:25] 140.2, 125.3, 3.355
[10:31:26] 182.1, 125.4, 1.904
[10:31:27] 239.1, 125.3, 1.961
[10:31:28] 245.7, 125.3, 1.970
[10:31:29] 246.0, 125.3, 1.970
[10:31:30] 246.2, 125.4, 1.631
[10:31:31] 226.6, 125.5, 1.106
[10:31:32] 137.8, 125.6, 1.104
[10:31:33] 138.0, 125.5, 1.113
[10:31:34] 138.3, 125.6, 1.105
[10:31:35] 138.5, 125.5, 2.049
[10:31:36] 200.0, 125.4, 1.903
[10:31:37] 240.6, 125.4, 1.959
[10:31:38] 246.9, 125.4, 1.964
[10:31:39] 247.0, 125.5, 1.968
[10:31:40] 247.2, 125.5, 1.965
[10:31:41] 247.3, 125.5, 1.957
[10:31:42] 247.4, 125.5, 1.966
[10:31:43] 247.5, 125.5, 1.968
[10:31:44] 247.6, 125.5, 1.966
[10:31:45] 247.6, 125.6, 1.091
[10:31:46] 182.1, 125.6, 1.102
[10:31:47] 140.3, 125.6, 1.104
[10:31:48] 140.2, 125.5, 1.098
[10:31:49] 140.2, 125.6, 1.104
[10:31:50] 140.1, 125.5, 1.913
[10:31:51] 239.3, 125.5, 1.929
[10:31:52] 239.6, 125.5, 1.966
[10:31:53] 247.8, 125.5, 1.956
[10:31:54] 247.8, 125.5, 1.968
[10:31:55] 247.8, 125.5, 1.967
[10:31:56] 247.9, 125.4, 1.971
[10:31:57] 248.0, 125.5, 1.952
[10:31:58] 248.0, 125.4, 1.972
[10:31:59] 248.1, 125.5, 1.971
[10:32:00] 248.2, 125.4, 1.972
[10:32:01] 248.3, 125.5, 1.962
[10:32:02] 248.3, 125.5, 1.971
[10:32:03] 248.3, 125.5, 1.953
[10:32:04] 248.3, 125.4, 1.970
[10:32:05] 248.3, 125.4, 1.964
[10:32:06] 248.4, 125.4, 1.972
[10:32:07] 248.4, 125.4, 1.973
[10:32:08] 248.4, 125.4, 1.973
[10:32:09] 248.5, 125.5, 1.147
[10:32:10] 187.9, 125.5, 1.112
[10:32:11] 140.5, 125.5, 1.114
[10:32:12] 140.5, 125.5, 1.117
[10:32:13] 140.5, 125.5, 1.113
