<<<[07:07:13] 142.7, 126.0, 1.117
[07:07:14] 142.6, 125.9, 1.127
[07:07:15] 142.7, 126.0, 1.132
[07:07:16] 142.9, 125.9, 1.230
[07:07:17] 153.5, 125.9, 1.274
[07:07:18] 160.6, 125.9, 1.250
[07:07:19] 160.3, 125.9, 1.248
[07:07:20] 160.2, 125.9, 1.245
[07:07:21] 159.9, 125.9, 1.258
[07:07:22] 159.7, 125.8, 1.185
[07:07:23] 154.4, 125.9, 1.178
[07:07:24] 153.8, 125.9, 1.179
[07:07:25] 153.3, 125.9, 1.179
[07:07:26] 152.8, 125.8, 1.182
[07:07:27] 152.4, 125.8, 1.636
[07:07:28] 173.8, 126.0, 1.104
[07:07:29] 137.9, 126.0, 1.106
[07:07:30] 138.2, 125.9, 1.098
[07:07:31] 138.4, 125.9, 1.104
[07:07:32] 138.7, 125.8, 1.646
[07:07:33] 168.9, 125.9, 1.105
[07:07:34] 138.9, 125.9, 1.102
[07:07:35] 139.0, 125.9, 1.104
[07:07:36] 139.1, 125.9, 1.104
[07:07:37] 139.3, 125.8, 1.717
[07:07:38] 179.2, 125.9, 1.038
[07:07:39] 130.5, 125.8, 1.104
[07:07:40] 139.4, 125.9, 1.097
[07:07:41] 139.4, 125.9, 1.105
[07:07:42] 139.5, 125.8, 2.020
[07:07:43] 177.6, 125.9, 1.041
[07:07:44] 130.9, 125.9, 1.098
[07:07:45] 139.0, 125.8, 1.108
[07:07:46] 139.1, 125.9, 1.108
[07:07:47] 139.3, 125.7, 3.050
[07:07:48] 183.6, 125.9, 1.040
[07:07:49] 150.4, 125.9, 1.104
[07:07:50] 137.9, 125.9, 1.104
[07:07:51] 138.1, 125.9, 1.102
[07:07:52] 138.3, 125.8, 1.102
[07:07:53] 167.6, 125.9, 1.176
[07:07:54] 188.1, 125.8, 1.105
[07:07:55] 136.9, 125.9, 1.103
[07:07:56] 137.2, 125.9, 1.103
[07:07:57] 137.6, 125.9, 1.106
[07:07:58] 137.8, 125.8, 1.924
[07:07:59] 223.0, 125.9, 1.036
[07:08:00] 172.2, 125.9, 1.096
[07:08:01] 139.9, 125.9, 1.101
[07:08:02] 139.9, 125.9, 1.097
[07:08:03] 139.8, 125.9, 1.099
[07:08:04] 139.8, 125.8, 1.898
[07:08:05] 238.6, 125.8, 1.918
[07:08:06] 238.2, 125.9, 1.107
[07:08:07] 145.4, 125.9, 1.100
[07:08:08] 139.9, 125.8, 1.096
[07:08:09] 139.9, 125.9, 1.106
[07:08:10] 139.9, 125.8, 1.100
[07:08:11] 172.2, 125.7, 1.890
[07:08:12] 236.2, 125.7, 1.951
[07:08:13] 243.7, 125.7, 1.953
[07:08:14] 244.1, 125.8, 1.097
[07:08:15] 182.5, 125.8, 1.096
[07:08:16] 139.9, 125.8, 1.102
[07:08:17] 139.9, 125.9, 1.104
[07:08:18] 139.9, 125.8, 1.102
[07:08:19] 139.8, 125.7, 1.919
[07:08:20] 229.7, 125.7, 1.894
[07:08:21] 240.6, 125.8, 1.955
[07:08:22] 247.1, 125.8, 1.955
[07:08:23] 247.1, 125.8, 1.958
[07:08:24] 247.1, 125.7, 1.954
[07:08:25] 247.2, 125.7, 1.959
[07:08:26] 247.2, 125.9, 1.103
[07:08:27] 160.0, 125.9, 1.104
[07:08:28] 140.3, 125.8, 1.102
[07:08:29] 140.2, 125.9, 1.104
[07:08:30] 140.2, 125.9, 1.103
[07:08:31] 140.2, 125.8, 1.890
[07:08:32] 252.9, 125.7, 1.963
[07:08:33] 242.6, 125.8, 1.956
[07:08:34] 243.2, 125.8, 1.958
[07:08:35] 243.7, 125.8, 1.955
[07:08:36] 244.2, 125.8, 1.960
[07:08:37] 244.6, 125.8, 1.959
[07:08:38] 245.1, 125.8, 1.959
[07:08:39] 245.4, 125.8, 1.960
[07:08:40] 245.7, 125.8, 1.962
[07:08:41] 246.0, 125.9, 1.960
[07:08:42] 246.2, 125.8, 1.960
[07:08:43] 246.5, 125.9, 1.959
[07:08:44] 246.7, 126.0, 1.084
[07:08:45] 202.4, 125.9, 1.106
[07:08:46] 140.5, 125.9, 1.109
[07:08:47] 140.4, 125.9, 1.098
[07:08:48] 140.4, 125.9, 1.098
