<<<[10:09:04] 141.7, 125.7, 1.104
[10:09:05] 141.7, 125.7, 1.104
[10:09:06] 141.6, 125.7, 1.110
[10:09:07] 141.5, 125.7, 1.167
[10:09:08] 148.3, 125.6, 1.103
[10:09:09] 140.7, 125.6, 1.114
[10:09:10] 140.7, 125.7, 1.121
[10:09:11] 140.8, 125.7, 1.131
[10:09:12] 141.1, 125.6, 1.127
[10:09:13] 153.0, 125.5, 1.116
[10:09:14] 160.0, 125.6, 1.115
[10:09:15] 141.2, 125.7, 1.113
[10:09:16] 141.2, 125.7, 1.114
[10:09:17] 141.1, 125.6, 1.114
[10:09:18] 151.0, 125.6, 1.122
[10:09:19] 159.9, 125.6, 1.122
[10:09:20] 141.8, 125.6, 1.111
[10:09:21] 141.7, 125.6, 1.111
[10:09:22] 141.6, 125.6, 1.108
[10:09:23] 149.7, 125.6, 1.109
[10:09:24] 159.9, 125.6, 1.109
[10:09:25] 140.8, 125.6, 1.101
[10:09:26] 140.7, 125.6, 1.111
[10:09:27] 140.6, 125.6, 1.113
[10:09:28] 149.2, 125.6, 1.105
[10:09:29] 159.1, 125.6, 1.103
[10:09:30] 139.9, 125.7, 1.110
[10:09:31] 139.9, 125.6, 1.106
[10:09:32] 139.9, 125.6, 1.104
[10:09:33] 148.4, 125.6, 1.102
[10:09:34] 159.1, 125.6, 1.102
[10:09:35] 139.9, 125.6, 1.099
[10:09:36] 139.8, 125.6, 1.102
[10:09:37] 139.9, 125.6, 1.101
[10:09:38] 147.2, 125.6, 1.106
[10:09:39] 159.9, 125.7, 1.104
[10:09:40] 139.6, 125.7, 1.101
[10:09:41] 139.5, 125.7, 1.106
[10:09:42] 139.5, 125.7, 1.103
[10:09:43] 145.9, 125.7, 1.101
[10:09:44] 160.4, 125.7, 1.102
[10:09:45] 139.6, 125.7, 1.102
[10:09:46] 139.6, 125.6, 1.104
[10:09:47] 139.6, 125.6, 1.099
[10:09:48] 154.6, 125.6, 1.041
[10:09:49] 154.8, 125.6, 1.099
[10:09:50] 135.1, 125.6, 1.100
[10:09:51] 135.6, 125.6, 1.096
[10:09:52] 136.1, 125.6, 1.109
[10:09:53] 136.6, 125.6, 1.043
[10:09:54] 183.0, 125.6, 1.104
[10:09:55] 134.9, 125.7, 1.103
[10:09:56] 135.4, 125.7, 1.095
[10:09:57] 135.8, 125.7, 1.099
[10:09:58] 136.3, 125.8, 1.161
[10:09:59] 190.3, 125.7, 1.064
[10:10:00] 133.8, 125.7, 1.091
[10:10:01] 139.0, 125.7, 1.091
[10:10:02] 139.0, 125.7, 1.103
[10:10:03] 139.1, 125.6, 1.742
[10:10:04] 202.8, 125.7, 1.045
[10:10:05] 150.3, 125.6, 1.105
[10:10:06] 139.6, 125.6, 1.105
[10:10:07] 139.6, 125.7, 1.097
[10:10:08] 139.5, 125.7, 1.100
[10:10:09] 153.0, 125.6, 1.757
[10:10:10] 227.7, 125.7, 1.113
[10:10:11] 155.1, 125.7, 1.100
[10:10:12] 139.9, 125.7, 1.096
[10:10:13] 139.8, 125.8, 1.097
[10:10:14] 139.8, 125.7, 1.105
[10:10:15] 139.8, 125.6, 1.752
[10:10:16] 236.6, 125.6, 1.823
[10:10:17] 224.8, 125.6, 1.106
[10:10:18] 175.8, 125.7, 1.103
[10:10:19] 139.9, 125.7, 1.099
[10:10:20] 140.1, 125.6, 1.101
[10:10:21] 140.0, 125.7, 1.103
[10:10:22] 139.9, 125.5, 1.761
[10:10:23] 226.6, 125.5, 1.783
[10:10:24] 226.2, 125.5, 1.821
[10:10:25] 226.6, 125.5, 1.821
[10:10:26] 227.0, 125.5, 1.250
[10:10:27] 194.6, 125.6, 1.102
[10:10:28] 140.1, 125.6, 1.104
[10:10:29] 140.0, 125.6, 1.099
[10:10:30] 139.9, 125.6, 1.102
[10:10:31] 139.9, 125.5, 1.760
[10:10:32] 205.1, 125.6, 1.757
[10:10:33] 221.9, 125.5, 1.821
[10:10:34] 230.1, 125.5, 1.820
[10:10:35] 230.0, 125.5, 1.822
[10:10:36] 230.0, 125.5, 1.820
[10:10:37] 230.0, 125.5, 1.821
[10:10:38] 229.9, 125.5, 1.819
[10:10:39] 229.9, 125.5, 1.823
[10:10:40] 229.6, 125.6, 1.099
[10:10:41] 145.6, 125.6, 1.103
[10:10:42] 139.9, 125.6, 1.102
[10:10:43] 139.9, 125.6, 1.096
[10:10:44] 139.9, 125.6, 1.110
[10:10:45] 167.1, 125.5, 1.762
[10:10:46] 219.9, 125.4, 1.821
[10:10:47] 226.1, 125.5, 1.820
[10:10:48] 226.5, 125.5, 1.822
[10:10:49] 227.0, 125.5, 1.822
[10:10:50] 227.3, 125.6, 1.823
[10:10:51] 227.7, 125.5, 1.824
[10:10:52] 228.0, 125.5, 1.825
[10:10:53] 228.3, 125.5, 1.824
[10:10:54] 228.5, 125.6, 1.826
[10:10:55] 228.8, 125.6, 1.825
[10:10:56] 229.0, 125.6, 1.825
[10:10:57] 229.1, 125.6, 1.826
[10:10:58] 229.3, 125.6, 1.826
[10:10:59] 229.5, 125.5, 1.826
[10:11:00] 229.6, 125.5, 1.826
[10:11:01] 229.7, 125.6, 1.826
[10:11:02] 219.6, 125.6, 1.106
[10:11:03] 139.8, 125.6, 1.104
[10:11:04] 139.8, 125.6, 1.100
[10:11:05] 139.8, 125.6, 1.110
