<<<[08:30:07] 140.6, 125.8, 1.122
[08:30:08] 140.8, 125.8, 1.142
[08:30:09] 141.2, 125.8, 1.141
[08:30:10] 141.6, 125.9, 1.275
[08:30:11] 156.4, 125.8, 1.272
[08:30:12] 157.0, 125.9, 1.270
[08:30:13] 157.5, 125.9, 1.274
[08:30:14] 158.0, 125.9, 1.249
[08:30:15] 158.1, 125.9, 1.243
[08:30:16] 158.1, 125.9, 1.238
[08:30:17] 158.2, 125.9, 1.239
[08:30:18] 158.3, 126.0, 1.088
[08:30:19] 141.0, 126.0, 1.094
[08:30:20] 140.7, 126.0, 1.111
[08:30:21] 140.9, 126.0, 1.168
[08:30:22] 147.0, 126.0, 1.161
[08:30:23] 147.0, 126.0, 1.096
[08:30:24] 168.0, 126.0, 1.099
[08:30:25] 139.4, 126.0, 1.098
[08:30:26] 139.4, 125.9, 1.098
[08:30:27] 139.4, 125.9, 1.098
[08:30:28] 139.5, 126.0, 1.093
[08:30:29] 165.8, 125.9, 1.099
[08:30:30] 139.6, 125.9, 1.101
[08:30:31] 139.6, 125.9, 1.101
[08:30:32] 139.5, 125.8, 1.099
[08:30:33] 139.5, 125.8, 1.086
[08:30:34] 165.5, 125.8, 1.101
[08:30:35] 139.6, 125.8, 1.104
[08:30:36] 139.5, 125.8, 1.099
[08:30:37] 139.5, 125.8, 1.101
[08:30:38] 139.6, 125.8, 1.021
[08:30:39] 173.1, 125.8, 1.092
[08:30:40] 134.0, 125.8, 1.096
[08:30:41] 139.6, 125.8, 1.100
[08:30:42] 139.6, 125.9, 1.097
[08:30:43] 139.6, 125.9, 1.027
[08:30:44] 174.0, 126.0, 1.066
[08:30:45] 133.6, 125.9, 1.106
[08:30:46] 139.8, 125.9, 1.096
[08:30:47] 139.7, 125.9, 1.100
[08:30:48] 139.7, 125.9, 1.282
[08:30:49] 187.0, 125.8, 1.040
[08:30:50] 134.0, 125.8, 1.100
[08:30:51] 139.2, 125.9, 1.102
[08:30:52] 139.2, 125.9, 1.102
[08:30:53] 139.3, 125.8, 1.543
[08:30:54] 203.5, 125.9, 1.038
[08:30:55] 129.4, 125.9, 1.102
[08:30:56] 139.6, 126.0, 1.102
[08:30:57] 139.5, 125.9, 1.101
[08:30:58] 139.5, 125.7, 2.529
[08:30:59] 202.2, 125.9, 1.046
[08:31:00] 158.4, 125.9, 1.101
[08:31:01] 137.9, 125.9, 1.104
[08:31:02] 138.1, 125.9, 1.099
[08:31:03] 138.3, 125.8, 1.099
[08:31:04] 138.4, 125.7, 2.061
[08:31:05] 265.7, 125.9, 1.109
[08:31:06] 157.9, 125.9, 1.102
[08:31:07] 139.4, 125.9, 1.099
[08:31:08] 139.4, 125.8, 1.100
[08:31:09] 139.4, 125.9, 1.097
[08:31:10] 139.4, 125.8, 2.060
[08:31:11] 271.5, 125.8, 2.133
[08:31:12] 262.1, 125.8, 1.105
[08:31:13] 159.1, 125.9, 1.099
[08:31:14] 139.8, 125.8, 1.101
[08:31:15] 139.7, 125.8, 1.098
[08:31:16] 139.7, 125.9, 1.100
[08:31:17] 160.6, 125.8, 2.067
[08:31:18] 262.7, 125.8, 2.130
[08:31:19] 262.9, 125.7, 2.128
[08:31:20] 269.0, 125.8, 1.937
[08:31:21] 252.5, 125.9, 1.100
[08:31:22] 148.6, 125.9, 1.100
[08:31:23] 139.6, 125.9, 1.099
[08:31:24] 139.6, 125.9, 1.103
[08:31:25] 139.5, 125.7, 3.500
[08:31:26] 186.3, 125.7, 2.066
[08:31:27] 260.0, 125.8, 2.127
[08:31:28] 266.7, 125.8, 2.128
[08:31:29] 266.9, 125.8, 2.130
[08:31:30] 267.2, 125.8, 2.130
[08:31:31] 267.4, 125.8, 2.131
[08:31:32] 267.6, 125.8, 2.128
[08:31:33] 267.8, 125.9, 1.387
[08:31:34] 211.1, 126.0, 1.103
[08:31:35] 140.5, 126.0, 1.105
[08:31:36] 140.3, 126.0, 1.104
[08:31:37] 140.3, 126.0, 1.105
[08:31:38] 140.2, 125.9, 2.084
[08:31:39] 232.3, 125.9, 2.063
[08:31:40] 261.2, 125.9, 2.127
[08:31:41] 269.0, 125.9, 2.127
[08:31:42] 269.0, 126.0, 2.127
[08:31:43] 269.0, 125.8, 2.129
[08:31:44] 269.0, 125.8, 2.130
[08:31:45] 269.1, 125.9, 2.131
[08:31:46] 269.1, 125.9, 2.130
[08:31:47] 269.2, 125.9, 2.133
[08:31:48] 269.3, 125.9, 2.134
[08:31:49] 269.3, 125.8, 2.136
[08:31:50] 269.4, 125.8, 2.136
[08:31:51] 269.5, 125.9, 2.133
[08:31:52] 269.5, 125.8, 2.134
[08:31:53] 269.5, 126.0, 1.122
[08:31:54] 218.0, 126.0, 1.100
[08:31:55] 139.9, 126.0, 1.100
[08:31:56] 139.8, 125.9, 1.100
[08:31:57] 139.9, 126.0, 1.099
