<<<[22:21:17] 140.5, 125.6, 1.113
[22:21:18] 140.5, 125.7, 1.116
[22:21:19] 140.6, 125.6, 1.115
[22:21:20] 140.7, 125.6, 1.240
[22:21:21] 149.0, 125.6, 1.227
[22:21:22] 158.2, 125.6, 1.252
[22:21:23] 158.1, 125.7, 1.250
[22:21:24] 157.7, 125.6, 1.122
[22:21:25] 143.2, 125.7, 1.123
[22:21:26] 143.1, 125.7, 1.126
[22:21:27] 143.2, 125.6, 1.123
[22:21:28] 143.1, 125.6, 1.144
[22:21:29] 154.2, 125.7, 1.106
[22:21:30] 154.1, 125.7, 1.109
[22:21:31] 139.9, 125.7, 1.102
[22:21:32] 139.9, 125.7, 1.101
[22:21:33] 139.9, 125.7, 1.118
[22:21:34] 152.1, 125.7, 1.100
[22:21:35] 152.4, 125.6, 1.103
[22:21:36] 139.9, 125.6, 1.103
[22:21:37] 139.8, 125.7, 1.100
[22:21:38] 139.8, 125.7, 1.111
[22:21:39] 151.7, 125.6, 1.099
[22:21:40] 152.1, 125.7, 1.094
[22:21:41] 139.4, 125.7, 1.097
[22:21:42] 139.4, 125.7, 1.100
[22:21:43] 139.4, 125.7, 1.100
[22:21:44] 168.2, 125.7, 1.031
[22:21:45] 144.5, 125.7, 1.101
[22:21:46] 136.5, 125.7, 1.100
[22:21:47] 136.9, 125.7, 1.099
[22:21:48] 137.2, 125.7, 1.097
[22:21:49] 168.4, 125.7, 1.031
[22:21:50] 144.5, 125.7, 1.094
[22:21:51] 136.7, 125.7, 1.097
[22:21:52] 137.0, 125.8, 1.097
[22:21:53] 137.3, 125.7, 1.099
[22:21:54] 168.4, 125.7, 1.040
[22:21:55] 145.7, 125.8, 1.102
[22:21:56] 135.8, 125.8, 1.095
[22:21:57] 136.2, 125.8, 1.097
[22:21:58] 136.6, 125.7, 1.102
[22:21:59] 150.4, 125.8, 1.055
[22:22:00] 178.5, 125.8, 1.100
[22:22:01] 135.1, 125.8, 1.100
[22:22:02] 135.6, 125.7, 1.100
[22:22:03] 136.1, 125.8, 1.099
[22:22:04] 136.6, 125.8, 1.082
[22:22:05] 204.9, 125.8, 1.095
[22:22:06] 134.5, 125.8, 1.099
[22:22:07] 139.6, 125.8, 1.101
[22:22:08] 139.6, 125.8, 1.099
[22:22:09] 139.6, 125.6, 2.241
[22:22:10] 238.1, 125.7, 1.034
[22:22:11] 146.6, 125.7, 1.102
[22:22:12] 139.9, 125.7, 1.099
[22:22:13] 140.0, 125.8, 1.099
[22:22:14] 139.9, 125.7, 1.099
[22:22:15] 169.8, 125.6, 2.234
[22:22:16] 278.4, 125.7, 1.096
[22:22:17] 151.2, 125.7, 1.102
[22:22:18] 139.6, 125.7, 1.101
[22:22:19] 139.6, 125.7, 1.105
[22:22:20] 139.6, 125.7, 1.102
[22:22:21] 153.3, 125.6, 2.228
[22:22:22] 287.5, 125.6, 2.300
[22:22:23] 287.2, 125.7, 1.115
[22:22:24] 177.6, 125.7, 1.101
[22:22:25] 139.6, 125.7, 1.105
[22:22:26] 139.6, 125.7, 1.100
[22:22:27] 139.6, 125.7, 1.094
[22:22:28] 139.6, 125.5, 2.230
[22:22:29] 286.0, 125.5, 2.293
[22:22:30] 285.7, 125.5, 2.303
[22:22:31] 286.2, 125.5, 2.301
[22:22:32] 286.7, 125.7, 1.200
[22:22:33] 209.6, 125.7, 1.100
[22:22:34] 140.1, 125.7, 1.098
[22:22:35] 140.0, 125.7, 1.099
[22:22:36] 139.9, 125.7, 1.097
[22:22:37] 139.9, 125.5, 2.272
[22:22:38] 254.0, 125.6, 2.236
[22:22:39] 282.4, 125.6, 2.297
[22:22:40] 289.8, 125.6, 2.301
[22:22:41] 289.8, 125.6, 2.300
[22:22:42] 289.8, 125.6, 2.298
[22:22:43] 289.8, 125.5, 2.298
[22:22:44] 289.9, 125.5, 2.301
[22:22:45] 289.9, 125.6, 2.030
[22:22:46] 268.3, 125.7, 1.101
[22:22:47] 146.8, 125.7, 1.103
[22:22:48] 140.1, 125.7, 1.100
[22:22:49] 140.0, 125.7, 1.104
[22:22:50] 140.0, 125.5, 3.546
[22:22:51] 192.6, 125.6, 2.235
[22:22:52] 281.1, 125.6, 2.298
[22:22:53] 287.5, 125.5, 2.300
[22:22:54] 287.8, 125.6, 2.301
[22:22:55] 288.1, 125.6, 2.302
[22:22:56] 288.4, 125.6, 2.301
[22:22:57] 288.6, 125.6, 2.303
[22:22:58] 288.8, 125.6, 2.306
[22:22:59] 289.0, 125.6, 2.302
[22:23:00] 289.1, 125.6, 2.305
[22:23:01] 289.3, 125.5, 2.303
[22:23:02] 289.5, 125.5, 2.304
[22:23:03] 289.6, 125.6, 2.305
[22:23:04] 289.7, 125.5, 2.308
[22:23:05] 289.9, 125.5, 2.308
[22:23:06] 289.9, 125.5, 2.310
[22:23:07] 290.1, 125.7, 1.213
[22:23:08] 234.1, 125.7, 1.105
[22:23:09] 140.5, 125.7, 1.105
[22:23:10] 140.5, 125.7, 1.104
[22:23:11] 140.5, 125.7, 1.103
