<<<[23:08:01] 140.5, 125.7, 1.113
[23:08:02] 140.6, 125.6, 1.114
[23:08:03] 140.6, 125.7, 1.113
[23:08:04] 140.7, 125.7, 1.234
[23:08:05] 149.9, 125.7, 1.283
[23:08:06] 159.5, 125.7, 1.266
[23:08:07] 159.7, 125.7, 1.247
[23:08:08] 159.6, 125.7, 1.243
[23:08:09] 159.4, 125.7, 1.132
[23:08:10] 147.4, 125.7, 1.130
[23:08:11] 146.9, 125.6, 1.130
[23:08:12] 146.5, 125.6, 1.134
[23:08:13] 146.1, 125.6, 1.141
[23:08:14] 145.8, 125.6, 1.080
[23:08:15] 169.4, 125.6, 1.114
[23:08:16] 141.2, 125.7, 1.114
[23:08:17] 141.2, 125.7, 1.116
[23:08:18] 141.2, 125.7, 1.113
[23:08:19] 141.1, 125.7, 1.082
[23:08:20] 168.0, 125.7, 1.115
[23:08:21] 140.8, 125.7, 1.114
[23:08:22] 140.8, 125.7, 1.106
[23:08:23] 140.7, 125.7, 1.109
[23:08:24] 140.7, 125.7, 1.072
[23:08:25] 166.9, 125.7, 1.106
[23:08:26] 140.3, 125.7, 1.112
[23:08:27] 140.3, 125.7, 1.107
[23:08:28] 140.3, 125.7, 1.109
[23:08:29] 140.4, 125.7, 1.079
[23:08:30] 166.9, 125.7, 1.102
[23:08:31] 140.3, 125.7, 1.105
[23:08:32] 140.3, 125.8, 1.102
[23:08:33] 140.3, 125.7, 1.109
[23:08:34] 140.3, 125.7, 1.072
[23:08:35] 165.6, 125.7, 1.104
[23:08:36] 140.5, 125.8, 1.103
[23:08:37] 140.4, 125.8, 1.102
[23:08:38] 140.4, 125.8, 1.098
[23:08:39] 140.3, 125.8, 1.036
[23:08:40] 174.0, 125.7, 1.038
[23:08:41] 133.2, 125.7, 1.106
[23:08:42] 140.3, 125.7, 1.101
[23:08:43] 140.2, 125.7, 1.102
[23:08:44] 140.2, 125.7, 1.596
[23:08:45] 185.7, 125.7, 1.043
[23:08:46] 132.2, 125.7, 1.099
[23:08:47] 140.1, 125.8, 1.102
[23:08:48] 140.0, 125.8, 1.102
[23:08:49] 140.0, 125.7, 1.625
[23:08:50] 193.9, 125.7, 1.037
[23:08:51] 132.9, 125.7, 1.102
[23:08:52] 139.6, 125.8, 1.109
[23:08:53] 139.6, 125.8, 1.102
[23:08:54] 139.7, 125.6, 3.100
[23:08:55] 181.0, 125.7, 1.063
[23:08:56] 163.5, 125.8, 1.102
[23:08:57] 137.9, 125.7, 1.108
[23:08:58] 138.1, 125.8, 1.103
[23:08:59] 138.4, 125.7, 1.106
[23:09:00] 138.6, 125.6, 1.774
[23:09:01] 225.6, 125.7, 1.093
[23:09:02] 164.0, 125.7, 1.104
[23:09:03] 139.9, 125.7, 1.101
[23:09:04] 139.8, 125.6, 1.104
[23:09:05] 139.8, 125.7, 1.110
[23:09:06] 139.9, 125.6, 1.760
[23:09:07] 231.5, 125.6, 1.819
[23:09:08] 224.5, 125.7, 1.100
[23:09:09] 154.4, 125.7, 1.111
[23:09:10] 140.7, 125.7, 1.104
[23:09:11] 140.6, 125.7, 1.110
[23:09:12] 140.5, 125.7, 1.108
[23:09:13] 154.1, 125.6, 1.762
[23:09:14] 228.8, 125.7, 1.826
[23:09:15] 228.4, 125.7, 1.825
[23:09:16] 228.7, 125.7, 1.649
[23:09:17] 223.0, 125.8, 1.112
[23:09:18] 140.8, 125.7, 1.106
[23:09:19] 140.7, 125.7, 1.104
[23:09:20] 140.6, 125.7, 1.100
[23:09:21] 140.6, 125.6, 2.624
[23:09:22] 183.6, 125.6, 1.762
[23:09:23] 223.4, 125.6, 1.827
[23:09:24] 229.0, 125.5, 1.824
[23:09:25] 229.2, 125.6, 1.829
[23:09:26] 229.4, 125.5, 1.828
[23:09:27] 229.5, 125.5, 1.831
[23:09:28] 229.7, 125.6, 1.829
[23:09:29] 229.9, 125.6, 1.132
[23:09:30] 170.4, 125.7, 1.106
[23:09:31] 140.5, 125.7, 1.103
[23:09:32] 140.4, 125.6, 1.102
[23:09:33] 140.3, 125.7, 1.099
[23:09:34] 140.3, 125.6, 1.761
[23:09:35] 233.5, 125.5, 1.823
[23:09:36] 225.6, 125.5, 1.829
[23:09:37] 230.8, 125.6, 1.829
[23:09:38] 230.8, 125.6, 1.830
[23:09:39] 230.8, 125.5, 1.830
[23:09:40] 230.9, 125.6, 1.831
[23:09:41] 230.9, 125.5, 1.834
[23:09:42] 231.0, 125.6, 1.830
[23:09:43] 231.1, 125.5, 1.834
[23:09:44] 231.1, 125.6, 1.834
[23:09:45] 231.2, 125.6, 1.834
[23:09:46] 231.3, 125.6, 1.831
[23:09:47] 231.3, 125.6, 1.833
[23:09:48] 231.4, 125.6, 1.834
[23:09:49] 223.6, 125.7, 1.111
[23:09:50] 139.0, 125.7, 1.108
[23:09:51] 139.1, 125.7, 1.106
[23:09:52] 139.3, 125.7, 1.106
