<<<[10:28:22] 140.4, 125.5, 1.119
[10:28:23] 140.5, 125.5, 1.120
[10:28:24] 140.6, 125.5, 1.134
[10:28:25] 140.8, 125.5, 1.272
[10:28:26] 156.6, 125.4, 1.240
[10:28:27] 156.6, 125.5, 1.129
[10:28:28] 145.2, 125.5, 1.137
[10:28:29] 144.9, 125.5, 1.135
[10:28:30] 144.8, 125.5, 1.140
[10:28:31] 144.7, 125.5, 1.136
[10:28:32] 144.5, 125.5, 1.068
[10:28:33] 167.3, 125.5, 1.105
[10:28:34] 139.6, 125.5, 1.105
[10:28:35] 139.6, 125.4, 1.105
[10:28:36] 139.7, 125.5, 1.104
[10:28:37] 139.7, 125.4, 1.086
[10:28:38] 167.1, 125.5, 1.107
[10:28:39] 139.9, 125.5, 1.099
[10:28:40] 139.8, 125.5, 1.099
[10:28:41] 139.8, 125.5, 1.105
[10:28:42] 139.8, 125.5, 1.083
[10:28:43] 166.4, 125.5, 1.099
[10:28:44] 139.2, 125.5, 1.107
[10:28:45] 139.2, 125.5, 1.104
[10:28:46] 139.3, 125.5, 1.104
[10:28:47] 139.4, 125.5, 1.018
[10:28:48] 174.3, 125.5, 1.071
[10:28:49] 133.6, 125.5, 1.106
[10:28:50] 139.4, 125.5, 1.105
[10:28:51] 139.4, 125.5, 1.105
[10:28:52] 139.5, 125.5, 1.028
[10:28:53] 172.5, 125.4, 1.048
[10:28:54] 133.1, 125.5, 1.105
[10:28:55] 139.8, 125.5, 1.107
[10:28:56] 139.7, 125.5, 1.105
[10:28:57] 139.7, 125.5, 1.372
[10:28:58] 182.7, 125.5, 1.040
[10:28:59] 133.1, 125.5, 1.101
[10:29:00] 139.8, 125.5, 1.103
[10:29:01] 139.7, 125.5, 1.104
[10:29:02] 139.7, 125.3, 1.816
[10:29:03] 195.5, 125.4, 1.039
[10:29:04] 139.9, 125.4, 1.105
[10:29:05] 139.7, 125.4, 1.106
[10:29:06] 139.8, 125.5, 1.109
[10:29:07] 139.8, 125.4, 1.104
[10:29:08] 170.9, 125.4, 1.553
[10:29:09] 210.0, 125.4, 1.105
[10:29:10] 134.3, 125.4, 1.106
[10:29:11] 139.8, 125.4, 1.105
[10:29:12] 139.8, 125.4, 1.103
[10:29:13] 139.7, 125.3, 2.076
[10:29:14] 192.3, 125.3, 1.799
[10:29:15] 227.6, 125.4, 1.114
[10:29:16] 160.9, 125.4, 1.101
[10:29:17] 139.8, 125.4, 1.105
[10:29:18] 139.8, 125.5, 1.103
[10:29:19] 139.8, 125.4, 1.103
[10:29:20] 139.7, 125.3, 1.796
[10:29:21] 242.4, 125.3, 1.871
[10:29:22] 230.3, 125.3, 1.865
[10:29:23] 230.5, 125.4, 1.102
[10:29:24] 148.3, 125.5, 1.105
[10:29:25] 139.9, 125.5, 1.106
[10:29:26] 139.8, 125.5, 1.100
[10:29:27] 139.9, 125.5, 1.101
[10:29:28] 168.5, 125.3, 1.802
[10:29:29] 224.5, 125.3, 1.865
[10:29:30] 231.4, 125.4, 1.867
[10:29:31] 231.8, 125.3, 1.862
[10:29:32] 232.2, 125.3, 1.868
[10:29:33] 232.6, 125.3, 1.629
[10:29:34] 222.5, 125.4, 1.106
[10:29:35] 137.8, 125.4, 1.108
[10:29:36] 138.0, 125.4, 1.104
[10:29:37] 138.2, 125.3, 1.107
[10:29:38] 138.4, 125.3, 2.474
[10:29:39] 187.2, 125.3, 1.801
[10:29:40] 228.1, 125.4, 1.868
[10:29:41] 233.5, 125.4, 1.865
[10:29:42] 233.7, 125.4, 1.864
[10:29:43] 233.9, 125.4, 1.865
[10:29:44] 234.1, 125.4, 1.863
[10:29:45] 234.2, 125.4, 1.864
[10:29:46] 234.4, 125.4, 1.867
[10:29:47] 234.5, 125.4, 1.868
[10:29:48] 234.6, 125.4, 1.868
[10:29:49] 234.7, 125.4, 1.868
[10:29:50] 234.8, 125.5, 1.108
[10:29:51] 152.1, 125.5, 1.106
[10:29:52] 139.9, 125.5, 1.105
[10:29:53] 139.9, 125.5, 1.110
[10:29:54] 139.9, 125.5, 1.111
