<<<[22:04:17] 143.2, 125.8, 1.124
[22:04:18] 143.1, 125.8, 1.118
[22:04:19] 142.9, 125.7, 1.109
[22:04:20] 142.6, 125.7, 1.201
[22:04:21] 143.1, 125.7, 1.247
[22:04:22] 158.0, 125.7, 1.119
[22:04:23] 147.5, 125.7, 1.114
[22:04:24] 141.4, 125.7, 1.115
[22:04:25] 141.4, 125.7, 1.122
[22:04:26] 141.6, 125.7, 1.134
[22:04:27] 141.8, 125.7, 1.652
[22:04:28] 170.5, 125.7, 1.122
[22:04:29] 141.9, 125.7, 1.130
[22:04:30] 141.9, 125.7, 1.121
[22:04:31] 142.1, 125.7, 1.127
[22:04:32] 142.1, 125.7, 1.639
[22:04:33] 169.6, 125.7, 1.105
[22:04:34] 139.4, 125.7, 1.103
[22:04:35] 139.5, 125.7, 1.109
[22:04:36] 139.5, 125.6, 1.110
[22:04:37] 139.6, 125.6, 1.649
[22:04:38] 168.9, 125.6, 1.110
[22:04:39] 140.3, 125.7, 1.107
[22:04:40] 140.2, 125.6, 1.100
[22:04:41] 140.2, 125.6, 1.110
[22:04:42] 140.1, 125.6, 1.647
[22:04:43] 168.5, 125.6, 1.105
[22:04:44] 139.2, 125.6, 1.103
[22:04:45] 139.2, 125.5, 1.106
[22:04:46] 139.3, 125.6, 1.106
[22:04:47] 139.4, 125.5, 1.648
[22:04:48] 168.4, 125.6, 1.115
[22:04:49] 139.9, 125.6, 1.104
[22:04:50] 139.9, 125.6, 1.107
[22:04:51] 139.9, 125.6, 1.105
[22:04:52] 139.9, 125.6, 1.642
[22:04:53] 167.8, 125.6, 1.107
[22:04:54] 139.2, 125.6, 1.101
[22:04:55] 139.2, 125.7, 1.100
[22:04:56] 139.3, 125.6, 1.098
[22:04:57] 139.4, 125.6, 1.609
[22:04:58] 179.2, 125.7, 1.043
[22:04:59] 131.8, 125.7, 1.102
[22:05:00] 139.4, 125.7, 1.105
[22:05:01] 139.4, 125.7, 1.104
[22:05:02] 139.5, 125.7, 1.717
[22:05:03] 176.5, 125.7, 1.035
[22:05:04] 130.7, 125.7, 1.098
[22:05:05] 138.9, 125.7, 1.103
[22:05:06] 138.9, 125.8, 1.113
[22:05:07] 139.1, 125.6, 2.255
[22:05:08] 183.9, 125.8, 1.047
[22:05:09] 136.9, 125.8, 1.105
[22:05:10] 137.0, 125.8, 1.099
[22:05:11] 137.4, 125.8, 1.099
[22:05:12] 137.6, 125.8, 1.101
[22:05:13] 181.4, 125.8, 1.043
[22:05:14] 149.0, 125.7, 1.098
[22:05:15] 137.0, 125.8, 1.100
[22:05:16] 137.3, 125.7, 1.098
[22:05:17] 137.5, 125.7, 1.105
[22:05:18] 137.8, 125.6, 1.562
[22:05:19] 225.4, 125.7, 1.109
[22:05:20] 133.6, 125.7, 1.098
[22:05:21] 139.4, 125.6, 1.102
[22:05:22] 139.4, 125.6, 1.100
[22:05:23] 139.4, 125.5, 2.120
[22:05:24] 194.4, 125.5, 1.610
[22:05:25] 222.7, 125.6, 1.106
[22:05:26] 143.2, 125.6, 1.104
[22:05:27] 142.7, 125.6, 1.103
[22:05:28] 142.3, 125.6, 1.098
[22:05:29] 141.9, 125.5, 2.927
[22:05:30] 184.5, 125.6, 1.849
[22:05:31] 233.5, 125.6, 1.913
[22:05:32] 233.8, 125.7, 1.096
[22:05:33] 157.3, 125.7, 1.101
[22:05:34] 139.6, 125.7, 1.102
[22:05:35] 139.6, 125.7, 1.101
[22:05:36] 139.5, 125.6, 1.097
[22:05:37] 168.9, 125.6, 1.853
[22:05:38] 231.0, 125.5, 1.915
[22:05:39] 237.7, 125.5, 1.917
[22:05:40] 238.2, 125.6, 1.915
[22:05:41] 238.6, 125.6, 1.115
[22:05:42] 181.8, 125.7, 1.102
[22:05:43] 139.6, 125.7, 1.099
[22:05:44] 139.5, 125.7, 1.099
[22:05:45] 139.6, 125.7, 1.100
[22:05:46] 139.6, 125.6, 1.885
[22:05:47] 222.7, 125.6, 1.852
[22:05:48] 234.8, 125.6, 1.915
[22:05:49] 242.0, 125.6, 1.915
[22:05:50] 241.9, 125.6, 1.914
[22:05:51] 241.9, 125.5, 1.915
[22:05:52] 241.9, 125.5, 1.915
[22:05:53] 241.8, 125.5, 1.915
[22:05:54] 241.8, 125.5, 1.914
[22:05:55] 241.8, 125.6, 1.105
[22:05:56] 162.0, 125.6, 1.105
[22:05:57] 139.9, 125.7, 1.102
[22:05:58] 139.9, 125.7, 1.105
[22:05:59] 139.9, 125.7, 1.105
[22:06:00] 139.9, 125.5, 1.850
[22:06:01] 243.1, 125.6, 1.913
[22:06:02] 236.6, 125.6, 1.913
[22:06:03] 237.1, 125.6, 1.911
[22:06:04] 237.7, 125.6, 1.914
[22:06:05] 238.2, 125.5, 1.915
[22:06:06] 238.7, 125.6, 1.916
[22:06:07] 239.1, 125.6, 1.917
[22:06:08] 239.4, 125.6, 1.916
[22:06:09] 239.8, 125.6, 1.916
[22:06:10] 240.0, 125.6, 1.919
[22:06:11] 240.3, 125.6, 1.919
[22:06:12] 240.5, 125.6, 1.918
[22:06:13] 240.8, 125.6, 1.921
[22:06:14] 241.0, 125.6, 1.922
[22:06:15] 241.2, 125.6, 1.921
[22:06:16] 241.3, 125.6, 1.922
[22:06:17] 241.5, 125.7, 1.184
[22:06:18] 206.6, 125.7, 1.101
[22:06:19] 140.3, 125.6, 1.105
[22:06:20] 140.3, 125.7, 1.110
[22:06:21] 140.3, 125.6, 1.112
<<<[00:21:43] 142.5, 125.8, 1.128
[00:21:44] 142.6, 125.8, 1.135
[00:21:45] 142.7, 125.8, 1.142
[00:21:46] 142.8, 125.8, 1.179
[00:21:47] 143.4, 125.8, 1.255
[00:21:48] 159.9, 125.8, 1.261
[00:21:49] 159.8, 125.8, 1.151
[00:21:50] 152.8, 125.9, 1.147
[00:21:51] 145.6, 125.8, 1.137
[00:21:52] 145.5, 125.9, 1.149
[00:21:53] 145.4, 125.9, 1.146
[00:21:54] 145.3, 125.8, 1.685
[00:21:55] 173.6, 125.8, 1.146
[00:21:56] 142.8, 125.8, 1.146
[00:21:57] 143.1, 125.8, 1.164
[00:21:58] 143.5, 125.9, 1.151
[00:21:59] 143.7, 125.8, 1.689
[00:22:00] 173.4, 125.9, 1.121
[00:22:01] 140.3, 125.9, 1.109
[00:22:02] 140.4, 125.9, 1.117
[00:22:03] 140.5, 125.8, 1.107
[00:22:04] 140.6, 125.8, 1.676
[00:22:05] 170.2, 125.8, 1.111
[00:22:06] 139.0, 125.9, 1.112
[00:22:07] 139.3, 125.8, 1.110
[00:22:08] 139.5, 125.8, 1.103
[00:22:09] 139.6, 125.7, 1.681
[00:22:10] 170.5, 125.8, 1.105
[00:22:11] 138.9, 125.8, 1.116
[00:22:12] 139.1, 125.8, 1.116
[00:22:13] 139.3, 125.8, 1.126
[00:22:14] 139.6, 125.8, 1.686
[00:22:15] 170.4, 125.8, 1.108
[00:22:16] 139.2, 125.9, 1.110
[00:22:17] 139.4, 125.8, 1.111
[00:22:18] 139.7, 125.8, 1.113
[00:22:19] 139.9, 125.8, 1.698
[00:22:20] 170.9, 125.8, 1.111
[00:22:21] 139.4, 125.9, 1.116
[00:22:22] 139.5, 125.8, 1.111
[00:22:23] 139.7, 125.8, 1.114
[00:22:24] 139.8, 125.8, 1.834
[00:22:25] 181.8, 125.8, 1.044
[00:22:26] 131.6, 125.8, 1.113
[00:22:27] 139.8, 125.8, 1.109
[00:22:28] 139.9, 125.8, 1.111
[00:22:29] 140.1, 125.6, 2.048
[00:22:30] 180.5, 125.8, 1.046
[00:22:31] 132.3, 125.8, 1.109
[00:22:32] 140.3, 125.8, 1.104
[00:22:33] 140.3, 125.8, 1.112
[00:22:34] 140.3, 125.7, 2.782
[00:22:35] 181.9, 125.9, 1.063
[00:22:36] 143.7, 125.9, 1.120
[00:22:37] 143.1, 125.9, 1.107
[00:22:38] 142.8, 125.9, 1.106
[00:22:39] 142.6, 125.7, 2.316
[00:22:40] 178.7, 125.8, 1.058
[00:22:41] 155.0, 125.9, 1.112
[00:22:42] 137.8, 125.9, 1.105
[00:22:43] 138.1, 125.9, 1.131
[00:22:44] 138.5, 125.8, 1.105
[00:22:45] 138.7, 125.8, 1.575
[00:22:46] 231.0, 125.9, 1.110
[00:22:47] 133.2, 126.0, 1.104
[00:22:48] 141.0, 126.0, 1.110
[00:22:49] 140.9, 125.9, 1.104
[00:22:50] 140.8, 125.8, 2.410
[00:22:51] 193.3, 125.9, 1.653
[00:22:52] 225.2, 126.0, 1.142
[00:22:53] 137.9, 126.0, 1.112
[00:22:54] 138.2, 125.9, 1.114
[00:22:55] 138.5, 126.0, 1.099
[00:22:56] 138.7, 125.8, 2.986
[00:22:57] 186.6, 125.9, 1.895
[00:22:58] 239.3, 125.8, 1.954
[00:22:59] 239.3, 125.9, 1.109
[00:23:00] 150.3, 126.0, 1.106
[00:23:01] 140.5, 125.9, 1.128
[00:23:02] 140.5, 125.9, 1.105
[00:23:03] 140.6, 125.9, 1.122
[00:23:04] 172.7, 125.8, 1.893
[00:23:05] 236.4, 125.8, 1.948
[00:23:06] 242.9, 125.8, 1.952
[00:23:07] 243.3, 125.8, 1.954
[00:23:08] 243.7, 125.9, 1.083
[00:23:09] 185.4, 125.9, 1.103
[00:23:10] 140.3, 125.9, 1.116
[00:23:11] 140.5, 125.9, 1.117
[00:23:12] 140.5, 125.9, 1.108
[00:23:13] 140.5, 125.7, 1.908
[00:23:14] 235.0, 125.7, 1.895
[00:23:15] 240.6, 125.7, 1.954
[00:23:16] 246.7, 125.7, 1.955
[00:23:17] 246.7, 125.7, 1.958
[00:23:18] 246.7, 125.7, 1.958
[00:23:19] 246.8, 125.7, 1.959
[00:23:20] 246.9, 125.7, 1.959
[00:23:21] 247.0, 125.6, 1.957
[00:23:22] 241.3, 125.8, 1.116
[00:23:23] 150.6, 125.8, 1.106
[00:23:24] 140.8, 125.8, 1.103
[00:23:25] 140.7, 125.8, 1.106
[00:23:26] 140.6, 125.8, 1.125
[00:23:27] 175.4, 125.7, 1.894
[00:23:28] 235.9, 125.7, 1.951
[00:23:29] 243.8, 125.7, 1.959
[00:23:30] 244.2, 125.7, 1.960
[00:23:31] 244.6, 125.7, 1.959
[00:23:32] 245.0, 125.7, 1.958
[00:23:33] 245.3, 125.7, 1.957
[00:23:34] 245.6, 125.7, 1.964
[00:23:35] 245.9, 125.7, 1.964
[00:23:36] 246.1, 125.7, 1.964
[00:23:37] 246.4, 125.7, 1.962
[00:23:38] 246.5, 125.7, 1.962
[00:23:39] 246.7, 125.7, 1.961
[00:23:40] 246.8, 125.6, 1.961
[00:23:41] 246.9, 125.7, 1.963
[00:23:42] 247.1, 125.7, 1.964
[00:23:43] 247.1, 125.7, 1.961
[00:23:44] 247.2, 125.8, 1.109
[00:23:45] 155.7, 125.8, 1.107
[00:23:46] 141.2, 125.8, 1.110
[00:23:47] 141.1, 125.8, 1.116
