<<<[22:15:07] 141.4, 125.8, 1.124
[22:15:08] 141.5, 125.8, 1.122
[22:15:09] 141.5, 125.7, 1.114
[22:15:10] 141.4, 125.8, 1.163
[22:15:11] 141.8, 125.7, 1.097
[22:15:12] 142.1, 125.7, 1.116
[22:15:13] 141.9, 125.7, 1.116
[22:15:14] 141.9, 125.7, 1.117
[22:15:15] 141.9, 125.7, 1.124
[22:15:16] 142.0, 125.7, 1.348
[22:15:17] 169.1, 125.7, 1.112
[22:15:18] 142.1, 125.8, 1.113
[22:15:19] 141.9, 125.7, 1.112
[22:15:20] 141.8, 125.7, 1.116
[22:15:21] 141.7, 125.7, 1.346
[22:15:22] 168.9, 125.7, 1.127
[22:15:23] 142.5, 125.7, 1.128
[22:15:24] 142.5, 125.7, 1.109
[22:15:25] 142.3, 125.7, 1.106
[22:15:26] 142.1, 125.7, 1.355
[22:15:27] 167.6, 125.6, 1.115
[22:15:28] 141.0, 125.7, 1.116
[22:15:29] 140.9, 125.7, 1.111
[22:15:30] 140.9, 125.7, 1.109
[22:15:31] 140.9, 125.7, 1.369
[22:15:32] 167.5, 125.7, 1.113
[22:15:33] 141.2, 125.7, 1.116
[22:15:34] 141.1, 125.7, 1.106
[22:15:35] 141.0, 125.7, 1.106
[22:15:36] 140.9, 125.7, 1.377
[22:15:37] 167.3, 125.8, 1.105
[22:15:38] 140.8, 125.7, 1.106
[22:15:39] 140.7, 125.7, 1.111
[22:15:40] 140.6, 125.7, 1.105
[22:15:41] 140.6, 125.7, 1.391
[22:15:42] 166.9, 125.7, 1.106
[22:15:43] 141.0, 125.7, 1.104
[22:15:44] 140.9, 125.7, 1.101
[22:15:45] 140.7, 125.6, 1.104
[22:15:46] 140.7, 125.6, 1.400
[22:15:47] 166.9, 125.6, 1.101
[22:15:48] 166.5, 125.6, 1.108
[22:15:49] 139.8, 125.6, 1.100
[22:15:50] 139.8, 125.6, 1.109
[22:15:51] 139.8, 125.6, 1.411
[22:15:52] 166.9, 125.6, 1.100
[22:15:53] 140.1, 125.6, 1.105
[22:15:54] 140.1, 125.6, 1.099
[22:15:55] 140.0, 125.7, 1.105
[22:15:56] 140.0, 125.7, 1.380
[22:15:57] 175.6, 125.7, 1.043
[22:15:58] 132.5, 125.7, 1.100
[22:15:59] 139.9, 125.7, 1.097
[22:16:00] 139.8, 125.6, 1.100
[22:16:01] 139.8, 125.6, 1.379
[22:16:02] 174.0, 125.7, 1.038
[22:16:03] 132.3, 125.7, 1.102
[22:16:04] 139.8, 125.7, 1.099
[22:16:05] 139.8, 125.7, 1.097
[22:16:06] 139.7, 125.6, 1.703
[22:16:07] 187.7, 125.7, 1.039
[22:16:08] 129.4, 125.7, 1.104
[22:16:09] 139.0, 125.6, 1.099
[22:16:10] 139.0, 125.6, 1.104
[22:16:11] 139.1, 125.5, 2.912
[22:16:12] 184.1, 125.6, 1.060
[22:16:13] 156.6, 125.6, 1.103
[22:16:14] 138.1, 125.7, 1.104
[22:16:15] 138.2, 125.7, 1.100
[22:16:16] 138.4, 125.7, 1.107
[22:16:17] 138.6, 125.6, 1.605
[22:16:18] 234.8, 125.7, 1.106
[22:16:19] 132.7, 125.7, 1.099
[22:16:20] 139.6, 125.7, 1.100
[22:16:21] 139.5, 125.6, 1.106
[22:16:22] 139.6, 125.5, 2.859
[22:16:23] 185.7, 125.6, 1.834
[22:16:24] 232.3, 125.7, 1.114
[22:16:25] 160.9, 125.6, 1.098
[22:16:26] 139.4, 125.6, 1.106
[22:16:27] 139.4, 125.6, 1.096
[22:16:28] 139.4, 125.6, 1.102
[22:16:29] 139.4, 125.5, 1.836
[22:16:30] 248.4, 125.5, 1.905
[22:16:31] 235.5, 125.5, 1.626
[22:16:32] 226.6, 125.6, 1.106
[22:16:33] 137.9, 125.6, 1.107
[22:16:34] 138.1, 125.6, 1.100
[22:16:35] 138.3, 125.6, 1.101
[22:16:36] 138.5, 125.5, 2.472
[22:16:37] 190.6, 125.6, 1.837
[22:16:38] 232.6, 125.5, 1.903
[22:16:39] 238.4, 125.6, 1.905
[22:16:40] 238.6, 125.6, 1.906
[22:16:41] 238.8, 125.5, 1.905
[22:16:42] 238.6, 125.7, 1.101
[22:16:43] 150.3, 125.6, 1.108
[22:16:44] 140.3, 125.7, 1.103
[22:16:45] 140.2, 125.6, 1.109
[22:16:46] 140.2, 125.6, 1.105
[22:16:47] 169.1, 125.5, 1.844
[22:16:48] 229.9, 125.6, 1.904
[22:16:49] 236.4, 125.6, 1.906
[22:16:50] 236.9, 125.6, 1.904
[22:16:51] 237.3, 125.6, 1.904
[22:16:52] 237.7, 125.6, 1.905
[22:16:53] 238.1, 125.6, 1.904
[22:16:54] 238.4, 125.5, 1.905
[22:16:55] 238.6, 125.5, 1.905
[22:16:56] 238.8, 125.6, 1.902
[22:16:57] 239.0, 125.7, 1.155
[22:16:58] 181.4, 125.7, 1.106
[22:16:59] 139.9, 125.7, 1.098
[22:17:00] 139.8, 125.6, 1.109
