<<<[23:59:16] 140.0, 126.0, 1.144
[23:59:17] 140.2, 126.0, 1.122
[23:59:18] 140.5, 126.0, 1.136
[23:59:19] 140.7, 125.9, 1.197
[23:59:20] 152.6, 125.9, 1.120
[23:59:21] 141.4, 125.9, 1.129
[23:59:22] 141.6, 125.9, 1.127
[23:59:23] 141.8, 125.9, 1.141
[23:59:24] 142.0, 125.9, 1.130
[23:59:25] 149.9, 125.9, 1.118
[23:59:26] 164.2, 125.8, 1.146
[23:59:27] 142.7, 125.9, 1.124
[23:59:28] 142.7, 125.9, 1.128
[23:59:29] 142.7, 125.9, 1.131
[23:59:30] 149.9, 125.9, 1.126
[23:59:31] 164.4, 125.9, 1.143
[23:59:32] 143.9, 125.9, 1.138
[23:59:33] 143.9, 125.9, 1.134
[23:59:34] 143.9, 125.9, 1.123
[23:59:35] 144.5, 125.9, 1.119
[23:59:36] 165.1, 125.9, 1.116
[23:59:37] 142.1, 125.9, 1.122
[23:59:38] 142.1, 125.9, 1.117
[23:59:39] 142.1, 125.9, 1.126
[23:59:40] 148.8, 125.9, 1.142
[23:59:41] 165.6, 125.9, 1.137
[23:59:42] 144.1, 126.0, 1.127
[23:59:43] 143.9, 125.9, 1.126
[23:59:44] 143.8, 126.0, 1.117
[23:59:45] 144.2, 125.9, 1.124
[23:59:46] 164.7, 125.9, 1.115
[23:59:47] 141.9, 125.9, 1.116
[23:59:48] 141.8, 125.9, 1.110
[23:59:49] 141.8, 125.9, 1.124
[23:59:50] 147.5, 125.9, 1.127
[23:59:51] 164.6, 125.9, 1.114
[23:59:52] 141.8, 125.9, 1.122
[23:59:53] 141.8, 125.9, 1.107
[23:59:54] 141.7, 125.9, 1.111
[23:59:55] 142.2, 125.9, 1.111
[23:59:56] 163.7, 125.8, 1.108
[23:59:57] 140.5, 125.9, 1.120
[23:59:58] 140.6, 125.9, 1.116
[23:59:59] 140.8, 125.9, 1.126
[00:00:00] 141.3, 125.8, 1.114
[00:00:01] 164.2, 125.8, 1.130
[00:00:02] 141.4, 125.8, 1.111
[00:00:03] 141.4, 125.8, 1.110
[00:00:04] 141.3, 125.8, 1.105
[00:00:05] 147.5, 125.9, 1.067
[00:00:06] 167.3, 125.8, 1.133
[00:00:07] 138.3, 125.8, 1.131
[00:00:08] 143.6, 125.9, 1.123
[00:00:09] 143.4, 125.8, 1.120
[00:00:10] 143.2, 125.8, 1.114
[00:00:11] 189.2, 125.9, 1.116
[00:00:12] 136.3, 125.9, 1.114
[00:00:13] 136.9, 125.8, 1.111
[00:00:14] 137.4, 125.7, 1.106
[00:00:15] 137.9, 125.8, 1.285
[00:00:16] 195.0, 125.8, 1.092
[00:00:17] 136.9, 125.8, 1.118
[00:00:18] 137.5, 125.8, 1.109
[00:00:19] 138.1, 125.8, 1.110
[00:00:20] 138.4, 125.7, 1.834
[00:00:21] 208.5, 125.9, 1.038
[00:00:22] 139.6, 125.9, 1.111
[00:00:23] 139.7, 125.9, 1.113
[00:00:24] 139.9, 125.9, 1.111
[00:00:25] 140.2, 125.9, 1.116
[00:00:26] 172.0, 125.8, 1.827
[00:00:27] 223.9, 125.8, 1.103
[00:00:28] 145.0, 125.8, 1.106
[00:00:29] 144.4, 125.8, 1.112
[00:00:30] 143.9, 125.8, 1.103
[00:00:31] 143.4, 125.7, 1.149
[00:00:32] 175.8, 125.7, 1.841
[00:00:33] 229.7, 125.7, 1.725
[00:00:34] 224.3, 125.8, 1.117
[00:00:35] 139.4, 125.8, 1.101
[00:00:36] 139.4, 125.8, 1.116
[00:00:37] 139.6, 125.8, 1.107
[00:00:38] 139.8, 125.7, 3.137
[00:00:39] 184.1, 125.7, 1.834
[00:00:40] 232.3, 125.7, 1.894
[00:00:41] 237.9, 125.7, 1.905
[00:00:42] 238.2, 125.8, 1.366
[00:00:43] 206.2, 125.8, 1.123
[00:00:44] 143.6, 125.8, 1.113
[00:00:45] 143.3, 125.8, 1.119
[00:00:46] 143.2, 125.8, 1.122
[00:00:47] 143.0, 125.7, 1.838
[00:00:48] 203.8, 125.7, 1.842
[00:00:49] 232.3, 125.7, 1.901
[00:00:50] 240.0, 125.7, 1.907
[00:00:51] 240.1, 125.7, 1.903
[00:00:52] 240.2, 125.6, 1.911
[00:00:53] 240.2, 125.7, 1.910
[00:00:54] 240.4, 125.7, 1.910
[00:00:55] 240.5, 125.7, 1.121
[00:00:56] 165.3, 125.8, 1.114
[00:00:57] 141.4, 125.7, 1.117
[00:00:58] 141.4, 125.7, 1.118
[00:00:59] 141.5, 125.7, 1.126
[00:01:00] 141.6, 125.6, 1.840
[00:01:01] 242.9, 125.5, 1.907
[00:01:02] 235.5, 125.5, 1.912
[00:01:03] 241.3, 125.6, 1.913
[00:01:04] 241.3, 125.6, 1.913
[00:01:05] 241.3, 125.6, 1.914
[00:01:06] 241.3, 125.6, 1.912
[00:01:07] 241.4, 125.6, 1.899
[00:01:08] 241.4, 125.6, 1.912
[00:01:09] 241.4, 125.6, 1.907
[00:01:10] 241.4, 125.6, 1.893
[00:01:11] 241.4, 125.6, 1.911
[00:01:12] 241.4, 125.6, 1.911
[00:01:13] 241.4, 125.6, 1.909
[00:01:14] 241.4, 125.6, 1.911
[00:01:15] 241.3, 125.7, 1.114
[00:01:16] 163.7, 125.7, 1.137
[00:01:17] 143.4, 125.7, 1.131
[00:01:18] 143.4, 125.7, 1.128
[00:01:19] 143.2, 125.6, 1.115
