<<<[10:13:06] 140.7, 125.6, 1.115
[10:13:07] 140.8, 125.6, 1.114
[10:13:08] 140.8, 125.6, 1.118
[10:13:09] 140.9, 125.6, 1.264
[10:13:10] 151.0, 125.6, 1.197
[10:13:11] 151.3, 125.6, 1.113
[10:13:12] 143.9, 125.6, 1.124
[10:13:13] 143.7, 125.6, 1.125
[10:13:14] 143.6, 125.7, 1.130
[10:13:15] 143.6, 125.7, 1.134
[10:13:16] 143.6, 125.7, 1.089
[10:13:17] 169.6, 125.7, 1.128
[10:13:18] 143.0, 125.7, 1.140
[10:13:19] 143.1, 125.6, 1.141
[10:13:20] 143.2, 125.6, 1.137
[10:13:21] 143.3, 125.6, 1.082
[10:13:22] 168.2, 125.7, 1.111
[10:13:23] 140.7, 125.7, 1.104
[10:13:24] 140.6, 125.6, 1.108
[10:13:25] 140.6, 125.6, 1.109
[10:13:26] 140.6, 125.7, 1.086
[10:13:27] 167.8, 125.7, 1.106
[10:13:28] 140.1, 125.7, 1.110
[10:13:29] 140.1, 125.7, 1.109
[10:13:30] 140.2, 125.7, 1.108
[10:13:31] 140.3, 125.6, 1.072
[10:13:32] 167.5, 125.7, 1.105
[10:13:33] 139.9, 125.7, 1.103
[10:13:34] 139.9, 125.7, 1.100
[10:13:35] 139.9, 125.7, 1.106
[10:13:36] 139.9, 125.7, 1.068
[10:13:37] 167.1, 125.7, 1.099
[10:13:38] 140.1, 125.6, 1.109
[10:13:39] 140.1, 125.7, 1.105
[10:13:40] 140.1, 125.7, 1.106
[10:13:41] 140.2, 125.7, 1.078
[10:13:42] 166.9, 125.7, 1.105
[10:13:43] 140.3, 125.7, 1.099
[10:13:44] 140.2, 125.7, 1.107
[10:13:45] 140.1, 125.7, 1.105
[10:13:46] 140.1, 125.7, 1.011
[10:13:47] 174.7, 125.6, 1.068
[10:13:48] 134.1, 125.7, 1.103
[10:13:49] 139.4, 125.7, 1.111
[10:13:50] 139.4, 125.7, 1.109
[10:13:51] 139.6, 125.7, 1.018
[10:13:52] 173.8, 125.7, 1.041
[10:13:53] 133.4, 125.7, 1.097
[10:13:54] 139.8, 125.7, 1.099
[10:13:55] 139.8, 125.7, 1.107
[10:13:56] 139.8, 125.6, 1.457
[10:13:57] 184.8, 125.6, 1.037
[10:13:58] 133.2, 125.6, 1.097
[10:13:59] 140.1, 125.6, 1.098
[10:14:00] 140.0, 125.6, 1.101
[10:14:01] 140.0, 125.5, 1.778
[10:14:02] 198.0, 125.6, 1.039
[10:14:03] 143.4, 125.6, 1.104
[10:14:04] 142.8, 125.6, 1.099
[10:14:05] 142.4, 125.7, 1.111
[10:14:06] 142.1, 125.4, 3.289
[10:14:07] 179.2, 125.6, 1.432
[10:14:08] 193.9, 125.7, 1.102
[10:14:09] 137.8, 125.7, 1.109
[10:14:10] 138.1, 125.7, 1.105
[10:14:11] 138.4, 125.7, 1.102
[10:14:12] 138.6, 125.6, 1.865
[10:14:13] 214.0, 125.6, 1.563
[10:14:14] 214.6, 125.6, 1.104
[10:14:15] 138.3, 125.5, 1.106
[10:14:16] 138.4, 125.6, 1.101
[10:14:17] 138.6, 125.6, 1.099
[10:14:18] 138.8, 125.5, 2.222
[10:14:19] 193.9, 125.6, 1.853
[10:14:20] 234.8, 125.4, 1.918
[10:14:21] 240.8, 125.6, 1.119
[10:14:22] 164.2, 125.6, 1.102
[10:14:23] 139.9, 125.7, 1.100
[10:14:24] 139.8, 125.5, 1.101
[10:14:25] 139.8, 125.6, 1.098
[10:14:26] 139.8, 125.5, 1.853
[10:14:27] 249.6, 125.5, 1.924
[10:14:28] 237.1, 125.6, 1.915
[10:14:29] 237.6, 125.5, 1.916
[10:14:30] 238.2, 125.5, 1.917
[10:14:31] 238.0, 125.6, 1.094
[10:14:32] 150.3, 125.6, 1.103
[10:14:33] 139.9, 125.6, 1.101
[10:14:34] 139.8, 125.7, 1.104
[10:14:35] 139.9, 125.7, 1.108
[10:14:36] 172.5, 125.6, 1.856
[10:14:37] 231.4, 125.6, 1.915
[10:14:38] 238.4, 125.6, 1.914
[10:14:39] 238.8, 125.6, 1.916
[10:14:40] 239.2, 125.5, 1.918
[10:14:41] 239.5, 125.5, 1.919
[10:14:42] 239.9, 125.4, 1.920
[10:14:43] 240.1, 125.6, 1.921
[10:14:44] 240.4, 125.5, 1.922
[10:14:45] 240.7, 125.6, 1.476
[10:14:46] 209.3, 125.6, 1.104
[10:14:47] 140.8, 125.6, 1.104
[10:14:48] 140.6, 125.6, 1.106
[10:14:49] 140.6, 125.6, 1.111
[10:14:50] 140.5, 125.6, 1.943
[10:14:51] 199.0, 125.5, 1.853
[10:14:52] 234.4, 125.5, 1.920
[10:14:53] 241.7, 125.5, 1.923
[10:14:54] 241.7, 125.5, 1.922
[10:14:55] 241.9, 125.4, 1.923
[10:14:56] 241.9, 125.5, 1.920
[10:14:57] 242.0, 125.5, 1.922
[10:14:58] 242.0, 125.5, 1.921
[10:14:59] 242.1, 125.5, 1.923
[10:15:00] 242.1, 125.5, 1.922
[10:15:01] 242.2, 125.5, 1.922
[10:15:02] 242.3, 125.5, 1.922
[10:15:03] 242.3, 125.5, 1.924
[10:15:04] 242.4, 125.5, 1.923
[10:15:05] 242.4, 125.6, 1.921
[10:15:06] 242.5, 125.5, 1.925
[10:15:07] 242.5, 125.6, 1.925
[10:15:08] 242.5, 125.6, 1.924
[10:15:09] 242.6, 125.6, 1.924
[10:15:10] 232.8, 125.7, 1.103
[10:15:11] 138.9, 125.6, 1.102
[10:15:12] 139.0, 125.7, 1.107
[10:15:13] 139.1, 125.6, 1.099
