<<<[15:45:34] 141.1, 125.2, 1.131
[15:45:35] 141.3, 125.1, 1.122
[15:45:36] 141.5, 125.1, 1.138
[15:45:37] 141.9, 125.2, 1.130
[15:45:38] 142.2, 125.1, 1.131
[15:45:39] 142.4, 125.1, 1.144
[15:45:40] 142.5, 125.1, 1.143
[15:45:41] 142.8, 125.2, 1.142
<<<[21:47:51] 141.7, 125.6, 1.119
[21:47:52] 141.8, 125.6, 1.117
[21:47:53] 141.8, 125.6, 1.124
[21:47:54] 141.8, 125.5, 1.195
[21:47:55] 142.4, 125.5, 1.255
[21:47:56] 157.9, 125.5, 1.233
[21:47:57] 158.0, 125.5, 1.265
[21:47:58] 158.0, 125.5, 1.249
[21:47:59] 158.2, 125.5, 1.281
[21:48:00] 158.4, 125.5, 1.151
[21:48:01] 146.5, 125.6, 1.141
[21:48:02] 146.3, 125.5, 1.124
[21:48:03] 145.9, 125.5, 1.122
[21:48:04] 145.5, 125.5, 1.138
[21:48:05] 145.3, 125.5, 1.149
[21:48:06] 169.6, 125.5, 1.129
[21:48:07] 142.8, 125.5, 1.120
[21:48:08] 142.7, 125.5, 1.126
[21:48:09] 142.6, 125.5, 1.132
[21:48:10] 142.6, 125.5, 1.140
[21:48:11] 169.1, 125.5, 1.137
[21:48:12] 143.0, 125.5, 1.125
[21:48:13] 142.9, 125.6, 1.128
[21:48:14] 142.8, 125.5, 1.135
[21:48:15] 142.8, 125.6, 1.143
[21:48:16] 169.1, 125.6, 1.125
[21:48:17] 142.5, 125.6, 1.125
[21:48:18] 142.4, 125.6, 1.119
[21:48:19] 142.5, 125.6, 1.132
[21:48:20] 142.5, 125.6, 1.070
[21:48:21] 177.2, 125.6, 1.129
[21:48:22] 137.8, 125.6, 1.122
[21:48:23] 138.4, 125.6, 1.120
[21:48:24] 138.9, 125.6, 1.131
[21:48:25] 139.3, 125.6, 1.068
[21:48:26] 178.1, 125.6, 1.129
[21:48:27] 137.0, 125.6, 1.134
[21:48:28] 142.3, 125.6, 1.128
[21:48:29] 142.3, 125.6, 1.124
[21:48:30] 142.3, 125.5, 1.069
[21:48:31] 180.1, 125.6, 1.113
[21:48:32] 136.9, 125.6, 1.129
[21:48:33] 137.5, 125.5, 1.131
[21:48:34] 138.1, 125.6, 1.124
[21:48:35] 138.6, 125.7, 1.148
[21:48:36] 195.7, 125.6, 1.087
[21:48:37] 137.2, 125.7, 1.124
[21:48:38] 137.7, 125.6, 1.128
[21:48:39] 138.3, 125.6, 1.126
[21:48:40] 138.8, 125.6, 1.721
[21:48:41] 225.4, 125.6, 1.070
[21:48:42] 139.4, 125.6, 1.125
[21:48:43] 139.8, 125.6, 1.127
[21:48:44] 140.1, 125.6, 1.120
[21:48:45] 140.3, 125.4, 3.056
[21:48:46] 209.4, 125.6, 1.139
[21:48:47] 209.2, 125.5, 1.124
[21:48:48] 140.8, 125.6, 1.127
[21:48:49] 140.9, 125.6, 1.129
[21:48:50] 141.2, 125.6, 1.122
[21:48:51] 141.3, 125.5, 2.436
[21:48:52] 273.5, 125.5, 1.589
[21:48:53] 245.3, 125.6, 1.122
[21:48:54] 141.0, 125.6, 1.121
[21:48:55] 141.1, 125.6, 1.125
[21:48:56] 141.2, 125.6, 1.132
[21:48:57] 141.4, 125.4, 2.376
[21:48:58] 238.8, 125.4, 2.404
[21:48:59] 302.9, 125.4, 2.472
[21:49:00] 303.0, 125.6, 1.119
[21:49:01] 158.4, 125.6, 1.137
[21:49:02] 142.3, 125.5, 1.124
[21:49:03] 142.3, 125.6, 1.130
[21:49:04] 142.2, 125.5, 1.128
[21:49:05] 173.8, 125.3, 2.408
[21:49:06] 301.0, 125.4, 2.467
[21:49:07] 306.5, 125.3, 2.457
[21:49:08] 307.1, 125.4, 2.476
[21:49:09] 307.7, 125.4, 2.220
[21:49:10] 286.9, 125.5, 1.121
[21:49:11] 148.6, 125.5, 1.123
[21:49:12] 142.7, 125.5, 1.120
[21:49:13] 142.6, 125.6, 1.128
[21:49:14] 142.6, 125.3, 3.466
[21:49:15] 196.2, 125.4, 2.408
[21:49:16] 302.5, 125.4, 2.474
[21:49:17] 308.5, 125.4, 2.473
[21:49:18] 308.9, 125.4, 2.478
[21:49:19] 309.3, 125.4, 2.481
[21:49:20] 309.7, 125.4, 2.483
[21:49:21] 310.0, 125.5, 2.481
[21:49:22] 310.4, 125.4, 2.481
[21:49:23] 310.6, 125.4, 2.480
[21:49:24] 310.8, 125.6, 1.293
[21:49:25] 233.9, 125.6, 1.136
[21:49:26] 143.4, 125.7, 1.132
[21:49:27] 143.3, 125.6, 1.135
[21:49:28] 143.2, 125.7, 1.133
[21:49:29] 143.1, 125.5, 2.369
[21:49:30] 247.1, 125.5, 2.413
[21:49:31] 304.1, 125.5, 2.462
[21:49:32] 311.9, 125.5, 2.476
[21:49:33] 311.9, 125.4, 2.475
[21:49:34] 311.9, 125.5, 2.477
[21:49:35] 312.0, 125.5, 2.444
[21:49:36] 311.9, 125.5, 2.480
[21:49:37] 311.9, 125.5, 2.460
[21:49:38] 311.9, 125.5, 2.478
[21:49:39] 312.0, 125.5, 2.458
[21:49:40] 311.9, 125.5, 2.480
[21:49:41] 312.0, 125.5, 2.445
[21:49:42] 312.0, 125.5, 2.481
[21:49:43] 312.1, 125.5, 2.481
[21:49:44] 312.1, 125.5, 2.483
[21:49:45] 312.2, 125.4, 2.486
[21:49:46] 312.3, 125.5, 2.485
[21:49:47] 312.4, 125.5, 2.487
[21:49:48] 312.5, 125.5, 2.444
[21:49:49] 284.0, 125.7, 1.128
[21:49:50] 142.7, 125.6, 1.132
[21:49:51] 142.7, 125.7, 1.126
[21:49:52] 142.7, 125.7, 1.133
