<<<[08:52:18] 144.9, 125.9, 1.121
[08:52:19] 144.5, 126.0, 1.130
[08:52:20] 144.3, 126.0, 1.131
[08:52:21] 144.2, 125.9, 1.227
[08:52:22] 149.9, 125.9, 1.267
[08:52:23] 160.4, 125.9, 1.276
[08:52:24] 160.2, 125.9, 1.271
[08:52:25] 160.1, 126.0, 1.269
[08:52:26] 159.9, 126.0, 1.268
[08:52:27] 159.9, 126.0, 1.243
[08:52:28] 159.7, 125.9, 1.272
[08:52:30] 159.7, 125.8, 1.266
[08:52:31] 159.5, 125.8, 1.251
[08:52:31] 159.4, 125.8, 1.252
[08:52:32] 159.2, 125.8, 1.267
[08:52:33] 159.1, 125.8, 1.270
[08:52:34] 159.1, 125.8, 1.239
[08:52:35] 159.1, 125.7, 1.271
[08:52:36] 159.1, 125.8, 1.232
[08:52:37] 159.1, 125.8, 1.268
[08:52:38] 159.1, 125.9, 1.235
[08:52:39] 159.2, 125.8, 1.268
[08:52:40] 159.2, 125.8, 1.235
[08:52:41] 159.1, 125.8, 1.258
[08:52:42] 159.3, 125.8, 1.264
[08:52:44] 159.2, 125.9, 1.253
[08:52:45] 159.2, 126.0, 1.258
[08:52:46] 159.2, 125.9, 1.260
[08:52:47] 159.2, 125.9, 1.255
[08:52:48] 159.1, 126.0, 1.249
[08:52:49] 159.0, 125.9, 1.255
[08:52:50] 182.5, 125.9, 1.274
[08:52:51] 160.6, 126.0, 1.270
[08:52:52] 160.6, 125.9, 1.271
[08:52:53] 160.7, 125.9, 1.265
[08:52:54] 160.7, 125.9, 1.274
[08:52:55] 160.3, 126.0, 1.270
[08:52:56] 160.0, 125.9, 1.269
[08:52:57] 160.0, 126.0, 1.214
[08:52:58] 159.7, 125.9, 1.260
[08:52:59] 159.5, 125.9, 1.248
[08:53:00] 159.6, 125.8, 1.211
[08:53:01] 159.2, 125.8, 1.274
[08:53:02] 159.1, 125.9, 1.269
[08:53:03] 159.0, 125.8, 1.263
[08:53:04] 158.9, 125.9, 1.244
[08:53:05] 158.8, 125.9, 1.272
[08:53:06] 159.0, 125.9, 1.231
[08:53:07] 159.0, 125.9, 1.252
[08:53:08] 159.1, 125.9, 1.258
[08:53:09] 159.0, 125.9, 1.213
[08:53:10] 158.7, 125.9, 1.256
[08:53:11] 158.9, 125.9, 1.268
[08:53:12] 158.9, 125.9, 1.255
[08:53:13] 158.8, 125.8, 1.267
[08:53:14] 159.0, 125.8, 1.266
[08:53:15] 158.9, 125.9, 1.266
[08:53:16] 158.9, 125.9, 1.271
[08:53:17] 158.9, 125.9, 1.221
[08:53:18] 158.8, 125.9, 1.251
[08:53:19] 159.0, 125.9, 1.270
[08:53:20] 158.9, 126.0, 1.271
[08:53:21] 158.9, 126.0, 1.223
[08:53:22] 158.9, 126.0, 1.230
[08:53:23] 158.8, 125.9, 1.265
[08:53:24] 158.8, 126.0, 1.259
[08:53:25] 158.8, 126.0, 1.270
[08:53:26] 158.7, 126.0, 1.234
[08:53:27] 158.8, 126.0, 1.220
[08:53:28] 158.7, 126.0, 1.270
[08:53:29] 158.8, 125.9, 1.261
[08:53:30] 158.7, 126.0, 1.236
[08:53:31] 158.7, 126.0, 1.251
[08:53:32] 158.8, 125.9, 1.265
[08:53:33] 158.8, 126.0, 1.263
[08:53:34] 158.6, 126.0, 1.252
[08:53:35] 158.7, 126.0, 1.269
[08:53:36] 158.8, 126.0, 1.271
[08:53:37] 158.7, 126.0, 1.262
[08:53:38] 158.8, 126.0, 1.258
[08:53:39] 158.9, 125.9, 1.265
[08:53:40] 158.8, 125.8, 1.211
[08:53:41] 158.7, 126.0, 1.257
[08:53:42] 158.7, 125.9, 1.257
[08:53:43] 158.7, 125.9, 1.267
[08:53:44] 158.7, 125.9, 1.270
[08:53:45] 158.9, 125.9, 1.267
[08:53:46] 158.9, 125.9, 1.248
[08:53:47] 158.8, 125.9, 1.267
[08:53:48] 158.8, 125.9, 1.272
[08:53:49] 159.0, 125.9, 1.267
[08:53:50] 159.0, 125.9, 1.272
[08:53:51] 159.0, 125.9, 1.242
[08:53:52] 158.8, 125.9, 1.273
[08:53:53] 158.7, 125.9, 1.241
[08:53:54] 158.8, 125.9, 1.258
[08:53:55] 158.8, 125.8, 1.260
[08:53:56] 159.0, 125.9, 1.271
[08:53:57] 158.9, 125.9, 1.232
[08:53:58] 158.9, 125.9, 1.248
[08:53:59] 158.9, 125.9, 1.249
[08:54:00] 158.7, 125.9, 1.261
[08:54:01] 158.8, 125.9, 1.235
[08:54:02] 158.7, 125.9, 1.225
[08:54:03] 158.5, 126.0, 1.228
[08:54:04] 158.5, 125.9, 1.263
[08:54:05] 158.6, 125.9, 1.243
[08:54:06] 158.5, 125.9, 1.269
[08:54:07] 158.6, 125.9, 1.249
[08:54:08] 158.4, 126.0, 1.273
[08:54:09] 158.5, 125.9, 1.208
[08:54:10] 158.3, 125.9, 1.268
[08:54:11] 158.7, 125.9, 1.266
[08:54:12] 158.7, 125.9, 1.268
[08:54:13] 158.8, 125.9, 1.243
[08:54:14] 158.9, 126.0, 1.221
[08:54:15] 158.8, 125.9, 1.267
[08:54:16] 158.9, 126.0, 1.267
[08:54:17] 158.8, 125.9, 1.265
[08:54:18] 158.9, 126.0, 1.252
[08:54:19] 158.8, 125.9, 1.271
[08:54:20] 158.9, 126.0, 1.266
[08:54:21] 158.8, 125.9, 1.272
[08:54:22] 158.8, 125.9, 1.262
[08:54:23] 158.9, 125.9, 1.268
[08:54:24] 158.9, 125.9, 1.252
[08:54:25] 158.8, 125.9, 1.242
[08:54:26] 158.8, 125.9, 1.243
[08:54:27] 158.7, 125.9, 1.241
[08:54:28] 158.7, 126.0, 1.244
[08:54:29] 158.6, 126.0, 1.266
[08:54:30] 158.7, 126.0, 1.215
[08:54:31] 158.6, 126.0, 1.258
[08:54:32] 158.6, 126.0, 1.244
[08:54:33] 158.6, 125.9, 1.221
[08:54:34] 158.6, 126.0, 1.271
[08:54:35] 158.8, 125.9, 1.250
[08:54:36] 158.8, 125.9, 1.252
[08:54:37] 158.9, 125.9, 1.268
[08:54:38] 158.9, 125.9, 1.242
[08:54:39] 158.9, 125.9, 1.250
[08:54:40] 158.9, 125.9, 1.245
[08:54:41] 158.8, 125.9, 1.249
[08:54:42] 158.9, 126.0, 1.291
[08:54:43] 159.4, 125.9, 1.237
[08:54:44] 159.4, 125.9, 1.235
[08:54:45] 159.1, 125.9, 1.236
[08:54:46] 158.8, 125.9, 1.252
[08:54:47] 158.7, 125.9, 1.240
[08:54:48] 158.5, 125.9, 1.266
[08:54:49] 158.3, 125.9, 1.235
[08:54:50] 158.2, 125.9, 1.269
[08:54:51] 158.4, 125.9, 1.246
[08:54:52] 158.2, 126.0, 1.243
[08:54:53] 158.0, 125.9, 1.231
[08:54:54] 157.9, 125.9, 1.228
[08:54:55] 157.9, 125.9, 1.236
[08:54:56] 157.8, 125.9, 1.232
[08:54:57] 157.7, 126.0, 1.236
[08:54:58] 157.6, 125.9, 1.269
[08:54:59] 158.1, 125.9, 1.237
[08:55:00] 158.1, 125.9, 1.263
[08:55:01] 158.0, 126.0, 1.237
[08:55:02] 157.8, 125.9, 1.249
[08:55:03] 157.8, 126.0, 1.225
[08:55:04] 157.6, 126.0, 1.235
[08:55:05] 157.6, 125.9, 1.233
[08:55:06] 157.5, 126.0, 1.229
[08:55:07] 157.7, 125.9, 1.235
[08:55:08] 157.6, 125.8, 1.229
[08:55:09] 157.6, 125.9, 1.235
[08:55:10] 157.5, 125.9, 1.236
[08:55:11] 157.6, 125.9, 1.234
[08:55:12] 157.5, 125.9, 1.242
[08:55:13] 157.4, 125.9, 1.283
[08:55:14] 157.6, 125.9, 1.278
[08:55:15] 158.1, 125.9, 1.276
[08:55:16] 158.5, 125.9, 1.243
[08:55:17] 158.3, 125.9, 1.264
[08:55:18] 158.2, 125.9, 1.231
[08:55:19] 158.0, 125.9, 1.233
[08:55:20] 158.0, 125.9, 1.226
[08:55:21] 157.8, 125.9, 1.231
[08:55:22] 157.7, 125.9, 1.239
[08:55:23] 157.6, 125.9, 1.229
[08:55:24] 157.8, 125.9, 1.235
[08:55:25] 157.7, 125.9, 1.235
[08:55:26] 157.6, 125.9, 1.238
[08:55:27] 157.6, 125.9, 1.238
[08:55:28] 157.6, 126.0, 1.248
[08:55:29] 157.6, 125.9, 1.245
[08:55:30] 157.4, 125.9, 1.277
[08:55:31] 157.7, 126.0, 1.238
[08:55:32] 158.0, 125.9, 1.233
[08:55:33] 157.9, 126.0, 1.231
[08:55:34] 157.7, 126.0, 1.237
[08:55:35] 157.6, 126.0, 1.236
[08:55:36] 157.7, 126.0, 1.238
[08:55:37] 157.6, 126.0, 1.241
[08:55:38] 157.5, 126.0, 1.279
[08:55:39] 157.6, 126.0, 1.236
[08:55:40] 157.6, 126.0, 1.240
[08:55:41] 157.6, 126.0, 1.248
[08:55:42] 157.5, 125.9, 1.277
[08:55:43] 157.5, 126.0, 1.237
[08:55:44] 157.4, 126.0, 1.228
[08:55:45] 157.4, 126.0, 1.231
[08:55:46] 157.4, 126.0, 1.279
[08:55:47] 157.8, 126.0, 1.284
[08:55:48] 158.3, 126.0, 1.274
[08:55:49] 158.7, 126.0, 1.266
[08:55:50] 159.0, 126.0, 1.280
[08:55:51] 159.3, 126.0, 1.235
[08:55:52] 159.0, 126.0, 1.264
[08:55:53] 158.7, 126.0, 1.232
[08:55:54] 158.5, 126.0, 1.226
[08:55:55] 158.4, 126.0, 1.228
[08:55:56] 158.2, 125.9, 1.239
[08:55:57] 158.1, 126.0, 1.236
[08:55:58] 157.9, 125.9, 1.231
[08:55:59] 158.1, 125.9, 1.228
[08:56:00] 158.0, 125.9, 1.242
[08:56:01] 157.8, 125.9, 1.237
[08:56:02] 157.7, 125.9, 1.237
[08:56:03] 157.7, 125.9, 1.240
[08:56:04] 157.6, 125.9, 1.246
[08:56:05] 157.5, 125.9, 1.279
[08:56:06] 157.7, 125.9, 1.242
[08:56:07] 158.0, 126.0, 1.234
[08:56:08] 157.9, 126.0, 1.230
[08:56:09] 157.8, 126.0, 1.236
[08:56:10] 157.7, 125.9, 1.234
[08:56:11] 157.7, 126.0, 1.236
[08:56:12] 157.6, 126.0, 1.241
[08:56:13] 157.5, 126.0, 1.277
[08:56:14] 157.6, 125.9, 1.237
[08:56:15] 157.6, 125.9, 1.232
[08:56:16] 157.5, 125.8, 1.251
[08:56:17] 157.4, 125.9, 1.280
[08:56:18] 157.5, 125.9, 1.238
[08:56:19] 157.4, 125.9, 1.231
[08:56:20] 157.3, 125.9, 1.234
[08:56:21] 157.3, 125.8, 1.281
[08:56:22] 157.8, 125.8, 1.289
[08:56:23] 158.3, 125.8, 1.228
[08:56:24] 158.4, 125.8, 1.237
[08:56:25] 158.2, 125.8, 1.236
[08:56:26] 158.1, 125.7, 1.237
[08:56:27] 157.9, 125.7, 1.242
[08:56:28] 157.9, 125.8, 1.250
[08:56:29] 157.8, 125.9, 1.242
[08:56:30] 157.6, 125.9, 1.280
[08:56:31] 157.8, 125.9, 1.237
[08:56:32] 157.7, 125.9, 1.267
[08:56:33] 157.6, 125.8, 1.233
[08:56:34] 157.5, 125.9, 1.238
[08:56:35] 157.6, 125.8, 1.233
[08:56:36] 157.5, 125.8, 1.236
[08:56:37] 157.4, 125.9, 1.237
[08:56:38] 157.4, 125.8, 1.284
[08:56:39] 157.9, 125.9, 1.237
[08:56:40] 157.8, 125.9, 1.243
[08:56:41] 157.7, 126.0, 1.244
[08:56:42] 157.6, 126.0, 1.267
[08:56:43] 157.6, 126.0, 1.231
[08:56:44] 157.5, 126.0, 1.229
[08:56:45] 157.4, 126.0, 1.235
[08:56:46] 157.3, 126.0, 1.245
[08:56:47] 157.6, 126.0, 1.230
[08:56:48] 157.5, 125.9, 1.238
[08:56:49] 157.5, 125.9, 1.235
[08:56:50] 157.3, 125.9, 1.237
[08:56:51] 157.4, 125.9, 1.236
[08:56:52] 157.3, 125.9, 1.236
[08:56:53] 157.3, 125.9, 1.277
[08:56:54] 157.5, 125.9, 1.278
[08:56:55] 158.0, 125.9, 1.272
[08:56:56] 158.5, 125.9, 1.289
[08:56:57] 159.0, 125.9, 1.269
[08:56:58] 159.2, 126.0, 1.275
[08:56:59] 159.6, 126.0, 1.280
[08:57:00] 159.7, 125.9, 1.262
[08:57:01] 159.8, 125.9, 1.272
[08:57:02] 160.0, 125.9, 1.279
[08:57:03] 160.2, 125.9, 1.228
[08:57:04] 160.0, 126.0, 1.227
[08:57:05] 159.6, 126.0, 1.233
[08:57:06] 159.2, 125.9, 1.230
[08:57:07] 158.9, 125.9, 1.231
[08:57:08] 158.8, 125.9, 1.229
[08:57:09] 158.5, 125.9, 1.224
[08:57:10] 158.4, 125.9, 1.230
[08:57:11] 158.2, 125.9, 1.273
[08:57:12] 158.3, 126.0, 1.236
[08:57:13] 158.1, 126.0, 1.234
[08:57:14] 158.0, 125.8, 1.236
[08:57:15] 157.8, 125.9, 1.235
[08:57:16] 157.7, 125.9, 1.238
[08:57:17] 157.7, 125.9, 1.238
[08:57:18] 157.6, 125.9, 1.236
[08:57:19] 157.5, 126.0, 1.234
[08:57:20] 157.4, 125.9, 1.279
[08:57:21] 157.9, 125.9, 1.229
[08:57:22] 157.9, 125.9, 1.232
[08:57:23] 157.7, 125.9, 1.235
[08:57:24] 157.6, 125.9, 1.233
[08:57:25] 157.5, 126.0, 1.231
[08:57:26] 157.6, 126.0, 1.231
[08:57:27] 157.4, 125.9, 1.235
[08:57:28] 157.4, 125.9, 1.233
[08:57:29] 157.3, 125.9, 1.274
[08:57:30] 157.6, 126.0, 1.238
[08:57:31] 157.5, 126.0, 1.247
[08:57:32] 157.5, 126.0, 1.239
[08:57:33] 157.3, 126.0, 1.257
[08:57:34] 157.4, 126.0, 1.236
[08:57:35] 157.3, 125.9, 1.236
[08:57:36] 157.3, 125.8, 1.238
[08:57:37] 157.2, 125.9, 1.236
[08:57:38] 157.1, 125.9, 1.280
[08:57:39] 157.7, 125.9, 1.273
[08:57:40] 158.2, 126.0, 1.228
[08:57:41] 158.3, 126.0, 1.229
[08:57:42] 158.1, 126.0, 1.230
[08:57:43] 157.9, 126.0, 1.231
[08:57:44] 157.8, 125.9, 1.239
[08:57:45] 157.8, 125.9, 1.237
[08:57:46] 157.7, 125.9, 1.236
[08:57:47] 157.6, 125.9, 1.235
[08:57:48] 157.5, 125.9, 1.272
[08:57:49] 157.7, 125.9, 1.237
[08:57:50] 157.6, 125.8, 1.237
[08:57:51] 157.5, 126.0, 1.235
[08:57:52] 157.4, 125.9, 1.236
[08:57:53] 157.4, 125.9, 1.234
[08:57:54] 157.4, 125.9, 1.235
[08:57:55] 157.3, 125.9, 1.235
[08:57:56] 157.3, 125.9, 1.236
[08:57:57] 157.2, 126.0, 1.277
[08:57:58] 157.8, 126.0, 1.230
[08:57:59] 157.8, 126.0, 1.233
[08:58:00] 157.6, 125.9, 1.229
[08:58:01] 157.6, 125.9, 1.234
[08:58:02] 157.4, 125.9, 1.231
[08:58:03] 157.5, 125.9, 1.228
[08:58:04] 157.4, 125.9, 1.235
[08:58:05] 157.4, 125.9, 1.228
[08:58:06] 157.3, 125.9, 1.273
[08:58:07] 157.6, 125.9, 1.238
[08:58:08] 157.5, 125.8, 1.250
[08:58:09] 157.5, 125.9, 1.242
[08:58:10] 157.4, 125.9, 1.256
[08:58:11] 157.4, 125.9, 1.234
[08:58:12] 157.3, 125.9, 1.236
[08:58:13] 157.2, 125.8, 1.237
[08:58:14] 157.2, 125.9, 1.236
[08:58:15] 157.2, 125.8, 1.278
[08:58:16] 157.7, 125.8, 1.273
[08:58:17] 158.2, 125.9, 1.276
[08:58:18] 158.6, 125.9, 1.267
[08:58:19] 159.0, 125.9, 1.268
[08:58:20] 159.2, 125.9, 1.220
[08:58:21] 159.0, 125.9, 1.237
[08:58:22] 158.7, 125.8, 1.230
[08:58:23] 158.5, 125.9, 1.236
[08:58:24] 158.3, 125.9, 1.233
[08:58:25] 158.2, 125.9, 1.227
[08:58:26] 158.0, 125.8, 1.233
[08:58:27] 157.9, 125.9, 1.235
[08:58:28] 157.7, 125.8, 1.269
[08:58:29] 158.0, 125.9, 1.245
[08:58:30] 157.8, 125.8, 1.262
[08:58:31] 157.7, 125.9, 1.248
[08:58:32] 157.6, 125.9, 1.265
[08:58:33] 157.7, 125.9, 1.235
[08:58:34] 157.5, 126.0, 1.235
[08:58:35] 157.5, 125.9, 1.236
[08:58:36] 157.4, 125.9, 1.241
[08:58:37] 157.4, 125.9, 1.274
[08:58:38] 157.9, 125.9, 1.237
[08:58:39] 157.7, 125.9, 1.236
[08:58:40] 157.6, 125.9, 1.237
[08:58:41] 157.6, 125.9, 1.236
[08:58:42] 157.5, 125.9, 1.233
[08:58:43] 157.5, 125.9, 1.236
[08:58:44] 157.4, 125.9, 1.235
[08:58:45] 157.4, 125.9, 1.237
[08:58:46] 157.2, 125.8, 1.238
[08:58:47] 157.5, 125.8, 1.237
[08:58:48] 157.5, 125.8, 1.234
[08:58:49] 157.4, 125.9, 1.231
[08:58:50] 157.3, 125.9, 1.258
[08:58:51] 157.4, 125.9, 1.246
[08:58:52] 157.3, 125.8, 1.255
[08:58:53] 157.3, 125.9, 1.242
[08:58:54] 157.2, 125.9, 1.277
[08:58:55] 157.4, 125.9, 1.269
[08:58:56] 157.9, 125.9, 1.268
[08:58:57] 158.4, 125.9, 1.239
[08:58:58] 158.3, 125.9, 1.235
[08:58:59] 158.1, 125.9, 1.237
[08:59:00] 157.9, 125.9, 1.236
[08:59:01] 157.8, 125.9, 1.230
[08:59:02] 157.8, 125.9, 1.234
[08:59:03] 157.6, 125.9, 1.229
[08:59:04] 157.6, 125.9, 1.234
[08:59:05] 157.4, 125.9, 1.253
[08:59:06] 157.7, 125.9, 1.238
[08:59:07] 157.6, 125.9, 1.251
[08:59:08] 157.5, 125.9, 1.234
[08:59:09] 157.4, 125.9, 1.274
[08:59:10] 157.5, 125.9, 1.246
[08:59:11] 157.4, 125.9, 1.265
[08:59:12] 157.3, 125.9, 1.246
[08:59:13] 157.2, 126.0, 1.276
[08:59:14] 157.3, 125.9, 1.267
[08:59:15] 157.8, 125.9, 1.236
[08:59:16] 157.7, 125.9, 1.244
[08:59:17] 157.6, 125.9, 1.240
[08:59:18] 157.5, 126.0, 1.252
[08:59:19] 157.5, 126.0, 1.236
[08:59:20] 157.4, 125.9, 1.235
[08:59:21] 157.4, 125.9, 1.235
[08:59:22] 157.3, 125.9, 1.235
[08:59:23] 157.2, 126.0, 1.231
[08:59:24] 157.4, 125.9, 1.226
[08:59:25] 157.3, 125.9, 1.238
[08:59:26] 157.3, 126.0, 1.217
[08:59:27] 157.2, 126.0, 1.233
[08:59:28] 157.3, 126.0, 1.229
[08:59:29] 157.2, 126.0, 1.227
[08:59:30] 157.2, 126.0, 1.233
[08:59:31] 157.1, 126.0, 1.277
[08:59:32] 157.5, 125.9, 1.282
[08:59:33] 158.0, 125.9, 1.266
[08:59:34] 158.4, 125.9, 1.288
[08:59:35] 158.9, 125.9, 1.269
[08:59:36] 159.1, 125.9, 1.275
[08:59:37] 159.4, 125.9, 1.290
[08:59:38] 159.7, 125.9, 1.280
[08:59:39] 160.1, 125.9, 1.267
[08:59:40] 160.1, 125.9, 1.267
[08:59:41] 160.2, 125.9, 1.267
[08:59:42] 160.3, 126.0, 1.271
[08:59:43] 160.4, 125.9, 1.387
[08:59:44] 166.4, 125.9, 1.172
[08:59:45] 148.1, 125.8, 1.174
[08:59:46] 148.1, 125.9, 1.172
[08:59:47] 148.2, 125.9, 1.175
[08:59:48] 148.3, 125.9, 1.174
[08:59:49] 172.2, 125.8, 1.032
[08:59:50] 171.7, 125.9, 1.098
[08:59:51] 135.4, 125.9, 1.100
[08:59:52] 135.8, 125.9, 1.096
[08:59:53] 136.3, 125.9, 1.099
[08:59:54] 136.6, 125.9, 1.312
[08:59:55] 221.6, 125.9, 1.092
[08:59:56] 134.3, 125.9, 1.093
[08:59:57] 134.9, 125.8, 1.101
[08:59:58] 135.4, 125.8, 1.102
[08:59:59] 135.9, 125.7, 2.306
[09:00:00] 220.9, 125.9, 1.011
[09:00:01] 197.7, 125.8, 1.097
[09:00:02] 138.9, 125.8, 1.097
[09:00:03] 138.9, 125.8, 1.102
[09:00:04] 139.0, 125.8, 1.098
[09:00:05] 139.0, 125.6, 2.298
[09:00:06] 250.2, 125.6, 2.267
[09:00:07] 282.6, 125.9, 1.107
[09:00:08] 147.7, 125.9, 1.096
[09:00:09] 139.2, 125.8, 1.099
[09:00:10] 139.2, 125.9, 1.102
[09:00:11] 139.2, 125.8, 1.100
[09:00:12] 165.5, 125.7, 2.267
[09:00:13] 284.9, 125.8, 2.324
[09:00:14] 285.5, 125.7, 2.326
[09:00:15] 294.2, 125.9, 1.116
[09:00:16] 172.9, 126.0, 1.097
[09:00:17] 139.2, 126.0, 1.108
[09:00:18] 139.2, 126.0, 1.101
[09:00:19] 139.3, 126.0, 1.101
[09:00:20] 139.3, 125.9, 2.256
[09:00:21] 284.8, 125.8, 2.316
[09:00:22] 285.2, 125.8, 2.324
[09:00:23] 294.0, 125.8, 2.325
[09:00:24] 294.0, 125.8, 2.325
[09:00:25] 294.0, 125.8, 2.325
[09:00:26] 294.0, 126.0, 1.507
[09:00:27] 231.9, 125.9, 1.108
[09:00:28] 140.5, 126.0, 1.101
[09:00:29] 140.3, 126.0, 1.096
[09:00:30] 140.2, 126.0, 1.101
[09:00:31] 140.2, 125.9, 2.227
[09:00:32] 231.4, 125.8, 2.264
[09:00:33] 286.0, 125.8, 2.331
[09:00:34] 294.2, 125.8, 2.332
[09:00:35] 294.2, 125.8, 2.333
[09:00:36] 294.2, 125.8, 2.334
[09:00:37] 294.2, 125.8, 2.334
[09:00:38] 294.3, 125.8, 2.332
[09:00:39] 294.3, 125.8, 2.332
[09:00:40] 294.3, 125.8, 2.332
[09:00:41] 294.3, 125.8, 2.328
[09:00:42] 294.4, 125.8, 2.329
[09:00:43] 294.4, 125.8, 2.329
[09:00:44] 294.4, 125.9, 1.104
[09:00:45] 169.6, 126.0, 1.096
[09:00:46] 139.8, 125.9, 1.106
[09:00:47] 139.8, 125.9, 1.115
