<<<[22:01:56] 141.4, 125.7, 1.127
[22:01:57] 141.4, 125.8, 1.104
[22:01:58] 141.5, 125.7, 1.116
[22:01:59] 141.4, 125.8, 1.198
[22:02:00] 142.0, 125.7, 1.200
[22:02:01] 152.4, 125.7, 1.119
[22:02:02] 140.1, 125.7, 1.114
[22:02:03] 140.2, 125.7, 1.119
[22:02:04] 140.3, 125.6, 1.128
[22:02:05] 140.6, 125.7, 1.138
[22:02:06] 154.4, 125.7, 1.104
[22:02:07] 154.6, 125.7, 1.113
[22:02:08] 140.7, 125.7, 1.119
[22:02:09] 140.8, 125.7, 1.136
[22:02:10] 141.1, 125.7, 1.149
[22:02:11] 155.5, 125.7, 1.107
[22:02:12] 155.6, 125.7, 1.103
[22:02:13] 140.1, 125.8, 1.106
[22:02:14] 140.1, 125.7, 1.105
[22:02:15] 140.2, 125.7, 1.113
[22:02:16] 152.1, 125.7, 1.098
[22:02:17] 152.6, 125.7, 1.107
[22:02:18] 139.9, 125.7, 1.106
[22:02:19] 139.9, 125.6, 1.107
[22:02:20] 139.9, 125.6, 1.113
[22:02:21] 151.5, 125.6, 1.107
[22:02:22] 156.8, 125.6, 1.105
[22:02:23] 139.9, 125.6, 1.107
[22:02:24] 139.8, 125.6, 1.100
[22:02:25] 139.8, 125.6, 1.104
[22:02:26] 150.8, 125.6, 1.098
[22:02:27] 156.8, 125.6, 1.101
[22:02:28] 139.8, 125.7, 1.100
[22:02:29] 139.8, 125.7, 1.108
[22:02:30] 139.8, 125.7, 1.112
[22:02:31] 150.8, 125.7, 1.096
[22:02:32] 156.8, 125.7, 1.098
[22:02:33] 139.8, 125.7, 1.101
[22:02:34] 139.8, 125.7, 1.104
[22:02:35] 139.8, 125.7, 1.098
[22:02:36] 149.9, 125.7, 1.096
[22:02:37] 157.0, 125.7, 1.097
[22:02:38] 140.3, 125.7, 1.096
[22:02:39] 140.2, 125.7, 1.097
[22:02:40] 140.1, 125.7, 1.099
[22:02:41] 166.7, 125.7, 1.033
[22:02:42] 145.4, 125.7, 1.096
[22:02:43] 136.0, 125.7, 1.102
[22:02:44] 136.4, 125.7, 1.102
[22:02:45] 136.8, 125.7, 1.102
[22:02:46] 163.5, 125.7, 1.037
[22:02:47] 146.5, 125.7, 1.097
[22:02:48] 135.2, 125.7, 1.096
[22:02:49] 135.6, 125.7, 1.095
[22:02:50] 136.1, 125.7, 1.102
[22:02:51] 136.6, 125.7, 1.052
[22:02:52] 183.2, 125.7, 1.095
[22:02:53] 134.7, 125.7, 1.105
[22:02:54] 139.8, 125.7, 1.102
[22:02:55] 139.7, 125.6, 1.100
[22:02:56] 139.7, 125.7, 1.071
[22:02:57] 194.1, 125.7, 1.097
[22:02:58] 134.5, 125.7, 1.094
[22:02:59] 135.0, 125.7, 1.100
[22:03:00] 135.5, 125.7, 1.097
[22:03:01] 136.1, 125.5, 1.890
[22:03:02] 213.4, 125.6, 1.039
[22:03:03] 147.7, 125.7, 1.096
[22:03:04] 139.6, 125.6, 1.100
[22:03:05] 139.5, 125.7, 1.100
[22:03:06] 139.5, 125.7, 1.106
[22:03:07] 161.1, 125.6, 1.885
[22:03:08] 237.5, 125.7, 1.095
[22:03:09] 153.3, 125.7, 1.100
[22:03:10] 139.8, 125.7, 1.104
[22:03:11] 139.8, 125.7, 1.109
[22:03:12] 139.8, 125.7, 1.100
[22:03:13] 139.8, 125.6, 1.878
[22:03:14] 251.4, 125.6, 1.952
[22:03:15] 240.8, 125.7, 1.127
[22:03:16] 177.4, 125.7, 1.098
[22:03:17] 139.4, 125.7, 1.104
[22:03:18] 139.4, 125.7, 1.098
[22:03:19] 139.4, 125.7, 1.097
[22:03:20] 139.4, 125.6, 1.891
[22:03:21] 235.0, 125.6, 1.913
[22:03:22] 235.6, 125.6, 1.949
[22:03:23] 246.0, 125.6, 1.950
[22:03:24] 246.0, 125.6, 1.642
[22:03:25] 218.3, 125.7, 1.097
[22:03:26] 138.7, 125.7, 1.100
[22:03:27] 138.8, 125.7, 1.095
[22:03:28] 138.9, 125.7, 1.097
[22:03:29] 139.0, 125.6, 1.919
[22:03:30] 204.4, 125.6, 1.887
[22:03:31] 238.2, 125.6, 1.951
[22:03:32] 245.7, 125.5, 1.953
[22:03:33] 245.8, 125.6, 1.954
[22:03:34] 245.9, 125.5, 1.954
[22:03:35] 246.0, 125.5, 1.953
[22:03:36] 246.0, 125.5, 1.954
[22:03:37] 246.1, 125.6, 1.953
[22:03:38] 246.2, 125.6, 1.126
[22:03:39] 176.9, 125.6, 1.106
[22:03:40] 139.8, 125.6, 1.101
[22:03:41] 139.8, 125.6, 1.105
[22:03:42] 139.8, 125.6, 1.099
[22:03:43] 139.8, 125.5, 1.898
[22:03:44] 239.9, 125.5, 1.921
[22:03:45] 240.0, 125.5, 1.952
[22:03:46] 246.6, 125.5, 1.955
[22:03:47] 246.5, 125.5, 1.952
[22:03:48] 246.5, 125.5, 1.951
[22:03:49] 246.5, 125.5, 1.952
[22:03:50] 246.4, 125.5, 1.952
[22:03:51] 246.4, 125.5, 1.953
[22:03:52] 246.4, 125.5, 1.953
[22:03:53] 246.5, 125.6, 1.954
[22:03:54] 246.5, 125.6, 1.954
[22:03:55] 246.5, 125.5, 1.957
[22:03:56] 246.5, 125.5, 1.957
[22:03:57] 246.6, 125.5, 1.957
[22:03:58] 246.6, 125.6, 1.958
[22:03:59] 246.7, 125.6, 1.959
[22:04:00] 246.8, 125.7, 1.130
[22:04:01] 187.7, 125.7, 1.110
[22:04:02] 140.5, 125.7, 1.105
[22:04:03] 140.4, 125.7, 1.108
<<<[00:13:17] 142.4, 125.7, 1.119
[00:13:18] 142.4, 125.7, 1.116
[00:13:19] 142.4, 125.7, 1.125
[00:13:20] 142.4, 125.7, 1.130
[00:13:21] 142.7, 125.7, 1.237
[00:13:22] 159.1, 125.6, 1.250
[00:13:23] 158.6, 125.7, 1.117
[00:13:24] 141.9, 125.7, 1.116
[00:13:25] 141.8, 125.8, 1.116
[00:13:26] 141.8, 125.8, 1.145
[00:13:27] 141.9, 125.7, 1.207
[00:13:28] 157.5, 125.7, 1.118
[00:13:29] 157.2, 125.7, 1.131
[00:13:30] 142.7, 125.8, 1.133
[00:13:31] 142.7, 125.8, 1.132
[00:13:32] 142.8, 125.7, 1.215
[00:13:33] 158.6, 125.7, 1.114
[00:13:34] 157.9, 125.7, 1.114
[00:13:35] 141.2, 125.7, 1.108
[00:13:36] 141.2, 125.7, 1.121
[00:13:37] 141.2, 125.7, 1.203
[00:13:38] 157.1, 125.7, 1.128
[00:13:39] 157.0, 125.7, 1.124
[00:13:40] 143.6, 125.7, 1.123
[00:13:41] 143.5, 125.8, 1.122
[00:13:42] 143.3, 125.8, 1.195
[00:13:43] 156.6, 125.7, 1.125
[00:13:44] 156.4, 125.8, 1.112
[00:13:45] 141.2, 125.8, 1.117
[00:13:46] 141.2, 125.8, 1.123
[00:13:47] 141.3, 125.7, 1.193
[00:13:48] 156.4, 125.7, 1.117
[00:13:49] 156.2, 125.7, 1.121
[00:13:50] 141.8, 125.7, 1.119
[00:13:51] 141.8, 125.7, 1.123
[00:13:52] 141.8, 125.7, 1.175
[00:13:53] 155.7, 125.7, 1.102
[00:13:54] 155.5, 125.7, 1.111
[00:13:55] 140.5, 125.7, 1.108
[00:13:56] 140.5, 125.7, 1.107
[00:13:57] 140.5, 125.7, 1.152
[00:13:58] 155.9, 125.7, 1.106
[00:13:59] 155.6, 125.7, 1.110
[00:14:00] 140.7, 125.7, 1.113
[00:14:01] 140.7, 125.7, 1.106
[00:14:02] 140.7, 125.7, 1.141
[00:14:03] 171.6, 125.7, 1.038
[00:14:04] 143.4, 125.7, 1.108
[00:14:05] 137.2, 125.7, 1.116
[00:14:06] 137.6, 125.8, 1.116
[00:14:07] 138.2, 125.7, 1.110
[00:14:08] 171.1, 125.7, 1.047
[00:14:09] 144.3, 125.7, 1.113
[00:14:10] 137.9, 125.7, 1.122
[00:14:11] 138.3, 125.7, 1.109
[00:14:12] 138.7, 125.7, 1.120
[00:14:13] 161.3, 125.7, 1.081
[00:14:14] 166.4, 125.6, 1.128
[00:14:15] 139.2, 125.7, 1.131
[00:14:16] 139.8, 125.7, 1.130
[00:14:17] 140.2, 125.7, 1.109
[00:14:18] 140.4, 125.7, 1.006
[00:14:19] 196.8, 125.7, 1.115
[00:14:20] 136.3, 125.7, 1.116
[00:14:21] 141.9, 125.7, 1.133
[00:14:22] 142.0, 125.7, 1.122
[00:14:23] 142.1, 125.6, 1.959
[00:14:24] 221.2, 125.8, 1.048
[00:14:25] 146.5, 125.8, 1.111
[00:14:26] 145.9, 125.7, 1.111
[00:14:27] 140.8, 125.7, 1.111
[00:14:28] 140.8, 125.7, 1.112
[00:14:29] 168.2, 125.6, 1.940
[00:14:30] 242.6, 125.8, 1.112
[00:14:31] 152.2, 125.7, 1.114
[00:14:32] 141.6, 125.7, 1.119
[00:14:33] 141.5, 125.8, 1.108
[00:14:34] 141.4, 125.8, 1.115
[00:14:35] 141.3, 125.7, 1.934
[00:14:36] 259.4, 125.6, 2.002
[00:14:37] 247.6, 125.8, 1.088
[00:14:38] 192.4, 125.8, 1.125
[00:14:39] 142.8, 125.8, 1.128
[00:14:40] 142.8, 125.7, 1.125
[00:14:41] 142.7, 125.8, 1.116
[00:14:42] 142.6, 125.7, 1.958
[00:14:43] 237.0, 125.7, 1.940
[00:14:44] 246.0, 125.7, 1.997
[00:14:45] 252.4, 125.6, 2.002
[00:14:46] 252.4, 125.7, 1.651
[00:14:47] 236.6, 125.8, 1.128
[00:14:48] 142.7, 125.8, 1.130
[00:14:49] 142.6, 125.8, 1.129
[00:14:50] 142.6, 125.9, 1.117
[00:14:51] 142.6, 125.7, 2.647
[00:14:52] 193.5, 125.7, 1.932
[00:14:53] 244.9, 125.7, 2.000
[00:14:54] 250.5, 125.7, 1.997
[00:14:55] 250.6, 125.7, 1.997
[00:14:56] 250.9, 125.7, 1.998
[00:14:57] 251.1, 125.7, 2.000
[00:14:58] 251.2, 125.7, 2.000
[00:14:59] 251.4, 125.7, 2.002
[00:15:00] 251.5, 125.8, 1.648
[00:15:01] 217.6, 125.8, 1.114
[00:15:02] 142.3, 125.8, 1.110
[00:15:03] 142.1, 125.8, 1.114
[00:15:04] 142.0, 125.8, 1.110
[00:15:05] 141.9, 125.7, 1.918
[00:15:06] 211.6, 125.7, 1.910
[00:15:07] 243.7, 125.7, 1.999
[00:15:08] 252.2, 125.7, 2.002
[00:15:09] 252.2, 125.7, 2.000
[00:15:10] 252.3, 125.7, 2.002
[00:15:11] 252.3, 125.6, 2.000
[00:15:12] 252.4, 125.7, 2.008
[00:15:13] 252.5, 125.6, 2.006
[00:15:14] 252.6, 125.6, 2.004
[00:15:15] 252.6, 125.7, 2.005
[00:15:16] 252.7, 125.7, 2.005
[00:15:17] 252.7, 125.7, 2.003
[00:15:18] 252.8, 125.7, 2.005
[00:15:19] 252.8, 125.7, 2.005
[00:15:20] 252.9, 125.7, 2.008
[00:15:21] 252.9, 125.7, 2.007
[00:15:22] 253.0, 125.7, 2.004
[00:15:23] 253.0, 125.8, 1.128
[00:15:24] 158.6, 125.8, 1.112
[00:15:25] 141.6, 125.8, 1.115
[00:15:26] 141.6, 125.8, 1.110
