<<<[02:36:29] 142.5, 126.3, 1.109
[02:36:30] 142.5, 126.4, 1.103
[02:36:31] 142.3, 126.4, 1.109
[02:36:32] 142.2, 126.3, 1.262
[02:36:33] 150.8, 126.4, 1.264
[02:36:34] 160.4, 126.3, 1.270
[02:36:35] 160.3, 126.4, 1.261
[02:36:36] 160.2, 126.3, 1.240
[02:36:37] 159.9, 126.4, 1.240
[02:36:38] 159.8, 126.4, 1.244
[02:36:39] 159.6, 126.4, 1.234
[02:36:40] 159.3, 126.4, 1.242
[02:36:41] 159.4, 126.3, 1.132
[02:36:42] 146.3, 126.4, 1.127
[02:36:43] 146.0, 126.4, 1.111
[02:36:44] 145.5, 126.4, 1.109
[02:36:45] 145.0, 126.4, 1.119
[02:36:46] 144.7, 126.4, 1.039
[02:36:47] 176.9, 126.4, 1.086
[02:36:48] 133.8, 126.4, 1.120
[02:36:49] 141.0, 126.4, 1.130
[02:36:50] 141.1, 126.4, 1.106
[02:36:51] 141.2, 126.4, 1.046
[02:36:52] 176.5, 126.4, 1.111
[02:36:53] 136.0, 126.4, 1.098
[02:36:54] 141.2, 126.4, 1.114
[02:36:55] 141.3, 126.4, 1.120
[02:36:56] 141.4, 126.4, 1.048
[02:36:57] 176.3, 126.4, 1.107
[02:36:58] 135.8, 126.4, 1.109
[02:36:59] 141.6, 126.3, 1.102
[02:37:00] 141.6, 126.4, 1.123
[02:37:01] 141.6, 126.4, 1.136
[02:37:02] 190.8, 126.4, 1.080
[02:37:03] 135.8, 126.4, 1.117
[02:37:04] 141.0, 126.4, 1.107
[02:37:05] 141.0, 126.4, 1.126
[02:37:06] 141.2, 126.4, 1.550
[02:37:07] 206.7, 126.5, 1.044
[02:37:08] 132.7, 126.4, 1.108
[02:37:09] 141.8, 126.4, 1.122
[02:37:10] 141.8, 126.4, 1.110
[02:37:11] 141.8, 126.3, 2.322
[02:37:12] 209.6, 126.4, 1.041
[02:37:13] 172.0, 126.4, 1.108
[02:37:14] 139.6, 126.4, 1.109
[02:37:15] 139.8, 126.4, 1.123
[02:37:16] 140.1, 126.4, 1.113
[02:37:17] 140.2, 126.3, 2.108
[02:37:18] 270.6, 126.4, 1.101
[02:37:19] 177.0, 126.4, 1.099
[02:37:20] 141.0, 126.4, 1.107
[02:37:21] 141.0, 126.4, 1.104
[02:37:22] 141.1, 126.4, 1.103
[02:37:23] 141.2, 126.3, 2.110
[02:37:24] 265.2, 126.3, 2.165
[02:37:25] 270.5, 126.4, 1.100
[02:37:26] 187.4, 126.4, 1.118
[02:37:27] 141.2, 126.4, 1.111
[02:37:28] 141.2, 126.4, 1.111
[02:37:29] 141.3, 126.4, 1.103
[02:37:30] 141.3, 126.3, 2.119
[02:37:31] 256.9, 126.3, 2.138
[02:37:32] 270.1, 126.3, 2.173
[02:37:33] 275.9, 126.3, 2.175
[02:37:34] 275.9, 126.4, 1.259
[02:37:35] 209.4, 126.4, 1.098
[02:37:36] 141.4, 126.4, 1.100
[02:37:37] 141.4, 126.4, 1.119
[02:37:38] 141.5, 126.4, 1.104
[02:37:39] 141.5, 126.3, 2.143
[02:37:40] 241.1, 126.3, 2.111
[02:37:41] 268.6, 126.3, 2.175
[02:37:42] 276.2, 126.3, 2.177
[02:37:43] 276.2, 126.3, 2.178
[02:37:44] 276.2, 126.3, 2.177
[02:37:45] 276.1, 126.4, 2.174
[02:37:46] 276.1, 126.3, 2.174
[02:37:47] 276.2, 126.4, 1.599
[02:37:48] 243.7, 126.5, 1.099
[02:37:49] 139.4, 126.4, 1.103
[02:37:50] 139.6, 126.5, 1.121
[02:37:51] 139.9, 126.5, 1.110
[02:37:52] 140.1, 126.3, 2.438
[02:37:53] 208.0, 126.3, 2.113
[02:37:54] 269.2, 126.3, 2.179
[02:37:55] 274.8, 126.3, 2.179
[02:37:56] 274.9, 126.3, 2.179
[02:37:57] 275.0, 126.3, 2.181
[02:37:58] 275.2, 126.4, 2.177
[02:37:59] 275.3, 126.3, 2.179
[02:38:00] 275.5, 126.3, 2.184
[02:38:01] 275.7, 126.3, 2.181
[02:38:02] 275.8, 126.3, 2.179
[02:38:03] 275.9, 126.3, 2.183
[02:38:04] 276.0, 126.3, 2.185
[02:38:05] 276.2, 126.3, 2.183
[02:38:06] 276.3, 126.3, 2.182
[02:38:07] 276.4, 126.3, 2.180
[02:38:08] 276.4, 126.3, 2.183
[02:38:09] 276.5, 126.4, 1.122
[02:38:10] 155.9, 126.4, 1.113
[02:38:11] 141.9, 126.4, 1.120
[02:38:12] 141.9, 126.4, 1.116
