<<<[08:10:12] 140.8, 126.1, 1.107
[08:10:13] 140.8, 126.0, 1.121
[08:10:14] 140.9, 126.2, 1.130
[08:10:15] 141.2, 126.1, 1.149
[08:10:16] 141.8, 126.0, 1.184
[08:10:17] 155.0, 126.1, 1.166
[08:10:18] 148.4, 126.1, 1.168
[08:10:19] 148.4, 126.0, 1.181
[08:10:20] 148.5, 126.1, 1.154
[08:10:21] 148.4, 126.0, 1.619
[08:10:22] 168.0, 126.1, 1.116
[08:10:23] 145.7, 126.1, 1.115
[08:10:24] 145.0, 126.1, 1.116
[08:10:25] 144.7, 126.2, 1.130
[08:10:26] 144.4, 126.1, 1.616
[08:10:27] 165.6, 126.2, 1.107
[08:10:28] 145.6, 126.1, 1.112
[08:10:29] 145.0, 126.2, 1.118
[08:10:30] 144.6, 126.2, 1.124
[08:10:31] 144.3, 126.1, 1.626
[08:10:32] 164.9, 126.2, 1.104
[08:10:33] 145.6, 126.1, 1.107
[08:10:34] 140.5, 126.1, 1.112
[08:10:35] 140.5, 126.1, 1.112
[08:10:36] 140.6, 126.0, 1.620
[08:10:37] 164.0, 126.1, 1.106
[08:10:38] 145.7, 126.0, 1.102
[08:10:39] 145.0, 126.0, 1.106
[08:10:40] 144.5, 126.1, 1.116
[08:10:41] 144.1, 126.0, 1.610
[08:10:42] 164.6, 126.0, 1.104
[08:10:43] 145.9, 126.0, 1.108
[08:10:44] 140.7, 126.0, 1.109
[08:10:45] 140.6, 126.0, 1.113
[08:10:46] 140.7, 126.0, 1.586
[08:10:47] 163.3, 126.1, 1.103
[08:10:48] 145.6, 126.1, 1.110
[08:10:49] 140.5, 126.1, 1.107
[08:10:50] 140.5, 126.1, 1.107
[08:10:51] 140.5, 126.0, 3.218
[08:10:52] 174.9, 126.1, 1.043
[08:10:53] 137.0, 126.1, 1.102
[08:10:54] 137.0, 126.1, 1.104
[08:10:55] 137.4, 126.1, 1.106
[08:10:56] 137.8, 125.9, 2.965
[08:10:57] 174.3, 126.1, 1.036
[08:10:58] 135.6, 126.1, 1.109
[08:10:59] 135.8, 126.1, 1.109
[08:11:00] 136.3, 126.1, 1.114
[08:11:01] 141.4, 126.0, 1.116
[08:11:02] 170.5, 126.1, 1.040
[08:11:03] 150.6, 126.1, 1.095
[08:11:04] 135.8, 126.0, 1.105
[08:11:05] 136.3, 126.1, 1.105
[08:11:06] 136.7, 126.0, 1.110
[08:11:07] 137.3, 126.0, 1.177
[08:11:08] 200.2, 126.0, 1.103
[08:11:09] 135.2, 126.1, 1.107
[08:11:10] 140.7, 126.0, 1.117
[08:11:11] 140.7, 126.1, 1.110
[08:11:12] 140.7, 126.0, 1.760
[08:11:13] 204.9, 126.1, 1.038
[08:11:14] 169.6, 126.0, 1.105
[08:11:15] 139.9, 126.0, 1.108
[08:11:16] 140.0, 125.9, 1.107
[08:11:17] 140.0, 125.8, 1.119
[08:11:18] 140.2, 125.9, 1.781
[08:11:19] 226.3, 125.9, 1.598
[08:11:20] 212.2, 126.0, 1.106
[08:11:21] 138.9, 126.0, 1.106
[08:11:22] 139.1, 126.0, 1.109
[08:11:23] 139.3, 126.0, 1.105
[08:11:24] 139.4, 125.9, 2.663
[08:11:25] 185.6, 125.9, 1.772
[08:11:26] 225.4, 125.9, 1.836
[08:11:27] 230.8, 126.0, 1.623
[08:11:28] 217.1, 126.1, 1.107
[08:11:29] 138.3, 126.0, 1.104
[08:11:30] 138.5, 126.0, 1.105
[08:11:31] 138.8, 126.1, 1.102
[08:11:32] 139.0, 126.0, 2.290
[08:11:33] 189.9, 126.0, 1.769
[08:11:34] 225.2, 125.9, 1.834
[08:11:35] 230.8, 126.0, 1.837
[08:11:36] 231.0, 125.9, 1.840
[08:11:37] 231.2, 125.9, 1.840
[08:11:38] 231.4, 126.0, 1.263
[08:11:39] 199.5, 126.0, 1.103
[08:11:40] 140.7, 125.9, 1.106
[08:11:41] 140.7, 125.9, 1.112
[08:11:42] 140.7, 126.0, 1.100
[08:11:43] 140.7, 125.9, 1.816
[08:11:44] 199.0, 125.9, 1.775
[08:11:45] 224.8, 126.0, 1.837
[08:11:46] 232.1, 126.0, 1.838
[08:11:47] 232.2, 126.0, 1.838
[08:11:48] 232.3, 126.0, 1.841
[08:11:49] 232.4, 126.0, 1.839
[08:11:50] 232.5, 126.0, 1.842
[08:11:51] 232.6, 126.0, 1.841
[08:11:52] 232.7, 126.0, 1.842
[08:11:53] 232.7, 126.0, 1.842
[08:11:54] 232.8, 125.9, 1.844
[08:11:55] 232.8, 126.1, 1.101
[08:11:56] 167.3, 126.0, 1.100
[08:11:57] 140.3, 126.1, 1.114
[08:11:58] 140.3, 126.1, 1.114
