<<<[06:44:47] 143.0, 125.9, 1.126
[06:44:48] 143.0, 126.0, 1.137
[06:44:49] 143.1, 126.0, 1.143
[06:44:50] 143.4, 125.9, 1.223
[06:44:51] 158.4, 126.0, 1.272
[06:44:52] 158.6, 125.9, 1.256
[06:44:53] 158.7, 125.9, 1.276
[06:44:54] 159.1, 126.0, 1.275
[06:44:55] 159.3, 126.0, 1.249
[06:44:56] 159.3, 126.0, 1.238
[06:44:57] 159.1, 126.0, 1.242
[06:44:58] 159.1, 126.0, 1.259
[06:44:59] 158.9, 126.0, 1.239
[06:45:00] 158.9, 125.9, 1.245
[06:45:01] 158.8, 125.9, 1.234
[06:45:02] 158.7, 126.0, 1.252
[06:45:03] 158.7, 125.9, 1.244
[06:45:04] 158.7, 125.9, 1.244
[06:45:05] 158.6, 125.9, 1.288
[06:45:06] 158.8, 126.0, 1.253
[06:45:07] 159.1, 125.9, 1.133
[06:45:08] 158.5, 125.9, 1.166
[06:45:09] 149.9, 125.9, 1.183
[06:45:10] 149.8, 125.9, 1.177
[06:45:11] 149.7, 125.9, 1.183
[06:45:12] 149.7, 125.9, 1.913
[06:45:13] 189.7, 126.0, 1.056
[06:45:14] 133.8, 126.0, 1.124
[06:45:15] 141.6, 126.0, 1.127
[06:45:16] 141.7, 125.9, 1.124
[06:45:17] 141.9, 125.7, 2.479
[06:45:18] 186.5, 125.9, 1.071
[06:45:19] 134.0, 125.9, 1.137
[06:45:20] 141.4, 125.8, 1.136
[06:45:21] 141.5, 125.9, 1.126
[06:45:22] 141.8, 125.7, 3.310
[06:45:23] 189.0, 125.9, 1.064
[06:45:24] 144.3, 126.0, 1.109
[06:45:25] 143.8, 125.9, 1.117
[06:45:26] 143.6, 126.0, 1.128
[06:45:27] 143.5, 126.0, 1.131
[06:45:28] 168.7, 126.0, 1.024
[06:45:29] 193.9, 126.0, 1.120
[06:45:30] 138.9, 126.0, 1.116
[06:45:31] 139.3, 126.0, 1.117
[06:45:32] 139.7, 126.0, 1.113
[06:45:33] 140.1, 125.8, 2.147
[06:45:34] 242.0, 126.0, 1.069
[06:45:35] 169.4, 126.0, 1.118
[06:45:36] 142.7, 126.0, 1.121
[06:45:37] 142.7, 126.0, 1.132
[06:45:38] 142.7, 126.0, 1.119
[06:45:39] 142.7, 125.8, 2.110
[06:45:40] 266.5, 125.9, 1.927
[06:45:41] 252.0, 126.0, 1.125
[06:45:42] 141.6, 126.0, 1.119
[06:45:43] 141.7, 126.0, 1.130
[06:45:44] 141.8, 125.9, 1.120
[06:45:45] 142.0, 125.7, 3.470
[06:45:46] 191.0, 125.8, 2.110
[06:45:47] 266.5, 125.9, 2.175
[06:45:48] 273.0, 125.9, 2.175
[06:45:49] 273.1, 126.0, 1.127
[06:45:50] 153.3, 125.9, 1.125
[06:45:51] 142.7, 125.9, 1.121
[06:45:52] 142.7, 125.9, 1.119
[06:45:53] 142.7, 125.9, 1.120
[06:45:54] 158.2, 125.8, 2.116
[06:45:55] 273.2, 125.8, 2.184
[06:45:56] 272.9, 125.7, 2.180
[06:45:57] 273.2, 125.8, 2.182
[06:45:58] 273.5, 125.8, 2.182
[06:45:59] 273.8, 125.8, 2.185
[06:46:00] 274.1, 125.9, 1.583
[06:46:01] 219.9, 125.9, 1.122
[06:46:02] 144.1, 125.9, 1.115
[06:46:03] 143.9, 125.9, 1.120
[06:46:04] 143.8, 125.9, 1.117
[06:46:05] 143.6, 125.8, 2.124
[06:46:06] 235.0, 125.8, 2.117
[06:46:07] 267.6, 125.8, 2.181
[06:46:08] 276.1, 125.8, 2.183
[06:46:09] 276.1, 125.8, 2.183
[06:46:10] 276.1, 125.8, 2.184
[06:46:11] 276.1, 125.8, 2.181
[06:46:12] 276.1, 125.8, 2.180
[06:46:13] 276.0, 125.8, 2.181
[06:46:14] 276.0, 125.8, 2.181
[06:46:15] 276.0, 125.8, 2.179
[06:46:16] 276.0, 125.8, 2.181
[06:46:17] 275.9, 125.8, 2.183
[06:46:18] 275.9, 125.9, 1.137
[06:46:19] 175.4, 125.9, 1.135
[06:46:20] 143.6, 126.0, 1.140
[06:46:21] 143.5, 125.9, 1.119
[06:46:22] 143.4, 125.9, 1.128
