<<<[16:47:14] 142.9, 125.2, 1.120
[16:47:15] 142.7, 125.2, 1.113
[16:47:16] 142.6, 125.2, 1.130
[16:47:17] 142.6, 125.2, 1.189
[16:47:18] 148.1, 125.1, 1.246
[16:47:19] 157.3, 125.1, 1.171
[16:47:20] 156.8, 125.1, 1.185
[16:47:21] 148.1, 125.1, 1.181
[16:47:22] 148.0, 125.1, 1.134
[16:47:23] 147.6, 125.1, 1.126
[16:47:24] 147.1, 125.0, 1.574
[16:47:25] 162.9, 125.1, 1.110
[16:47:26] 145.9, 125.1, 1.114
[16:47:27] 140.7, 125.1, 1.111
[16:47:28] 140.6, 125.1, 1.111
[16:47:29] 140.6, 125.1, 1.555
[16:47:30] 161.7, 125.2, 1.121
[16:47:31] 147.2, 125.2, 1.116
[16:47:32] 141.0, 125.2, 1.114
[16:47:33] 140.9, 125.2, 1.115
[16:47:34] 140.9, 125.1, 1.549
[16:47:35] 161.5, 125.2, 1.111
[16:47:36] 146.1, 125.2, 1.107
[16:47:37] 140.1, 125.2, 1.111
[16:47:38] 140.1, 125.1, 1.112
[16:47:39] 140.1, 125.1, 1.531
[16:47:40] 160.4, 125.2, 1.115
[16:47:41] 146.1, 125.2, 1.109
[16:47:42] 140.5, 125.2, 1.117
[16:47:43] 140.5, 125.2, 1.106
[16:47:44] 140.4, 125.2, 1.510
[16:47:45] 160.2, 125.3, 1.113
[16:47:46] 146.3, 125.2, 1.111
[16:47:47] 140.1, 125.2, 1.105
[16:47:48] 140.0, 125.2, 1.107
[16:47:49] 140.0, 125.1, 1.466
[16:47:50] 159.3, 125.2, 1.109
[16:47:51] 146.6, 125.2, 1.117
[16:47:52] 140.1, 125.2, 1.102
[16:47:53] 140.1, 125.2, 1.108
[16:47:54] 140.0, 125.0, 3.201
[16:47:55] 172.3, 125.2, 1.039
[16:47:56] 137.0, 125.2, 1.098
[16:47:57] 136.9, 125.2, 1.101
[16:47:58] 137.3, 125.2, 1.104
[16:47:59] 137.5, 125.2, 1.142
[16:48:00] 170.7, 125.3, 1.048
[16:48:01] 149.5, 125.3, 1.100
[16:48:02] 136.3, 125.3, 1.110
[16:48:03] 136.7, 125.3, 1.109
[16:48:04] 137.1, 125.2, 1.104
[16:48:05] 160.4, 125.2, 1.017
[16:48:06] 170.5, 125.2, 1.110
[16:48:07] 135.1, 125.2, 1.102
[16:48:08] 135.6, 125.2, 1.104
[16:48:09] 136.0, 125.2, 1.103
[16:48:10] 136.5, 125.2, 1.577
[16:48:11] 212.9, 125.2, 1.088
[16:48:12] 131.6, 125.2, 1.107
[16:48:13] 139.8, 125.2, 1.107
[16:48:14] 139.8, 125.2, 1.107
[16:48:15] 139.7, 125.1, 1.953
[16:48:16] 191.7, 125.2, 1.298
[16:48:17] 191.1, 125.2, 1.106
[16:48:18] 139.0, 125.2, 1.100
[16:48:19] 139.0, 125.2, 1.100
[16:48:20] 139.0, 125.2, 1.103
[16:48:21] 139.1, 125.1, 1.760
[16:48:22] 206.4, 125.1, 1.743
[16:48:23] 219.9, 125.2, 1.112
[16:48:24] 161.8, 125.1, 1.107
[16:48:25] 139.4, 125.1, 1.106
[16:48:26] 139.4, 125.1, 1.102
[16:48:27] 139.4, 125.1, 1.103
[16:48:28] 139.4, 125.1, 1.754
[16:48:29] 235.5, 125.1, 1.816
[16:48:30] 222.7, 125.1, 1.820
[16:48:31] 228.3, 125.2, 1.081
[16:48:32] 181.4, 125.2, 1.104
[16:48:33] 139.9, 125.2, 1.106
[16:48:34] 139.8, 125.1, 1.101
[16:48:35] 139.8, 125.2, 1.104
[16:48:36] 139.7, 125.0, 1.782
[16:48:37] 214.2, 125.1, 1.744
[16:48:38] 221.2, 125.1, 1.813
[16:48:39] 227.9, 125.1, 1.821
[16:48:40] 227.9, 125.1, 1.814
[16:48:41] 227.9, 125.2, 1.822
[16:48:42] 228.0, 125.1, 1.805
[16:48:43] 227.5, 125.2, 1.113
[16:48:44] 149.2, 125.2, 1.100
[16:48:45] 139.6, 125.2, 1.109
[16:48:46] 139.6, 125.2, 1.103
[16:48:47] 139.6, 125.2, 1.160
[16:48:48] 173.6, 125.1, 1.749
[16:48:49] 217.6, 125.0, 1.813
[16:48:50] 224.7, 125.0, 1.826
[16:48:51] 225.1, 125.1, 1.813
[16:48:52] 225.6, 125.1, 1.822
[16:48:53] 225.9, 125.1, 1.815
[16:48:54] 226.2, 125.1, 1.816
[16:48:55] 226.5, 125.0, 1.815
[16:48:56] 226.7, 125.0, 1.817
[16:48:57] 226.9, 125.1, 1.817
[16:48:58] 227.1, 125.1, 1.815
[16:48:59] 227.2, 125.2, 1.811
[16:49:00] 227.4, 125.2, 1.815
[16:49:01] 218.3, 125.2, 1.109
[16:49:02] 139.4, 125.2, 1.107
[16:49:03] 139.4, 125.2, 1.103
[16:49:04] 139.5, 125.2, 1.109
