<<<[02:30:34] 142.1, 126.5, 1.112
[02:30:35] 142.0, 126.5, 1.105
[02:30:36] 141.9, 126.5, 1.109
[02:30:37] 141.9, 126.4, 1.265
[02:30:38] 158.0, 126.4, 1.251
[02:30:39] 158.1, 126.5, 1.128
[02:30:40] 149.4, 126.5, 1.127
[02:30:41] 143.0, 126.4, 1.127
[02:30:42] 143.0, 126.4, 1.125
[02:30:43] 143.1, 126.4, 1.130
[02:30:44] 143.2, 126.4, 1.570
[02:30:45] 168.5, 126.4, 1.096
[02:30:46] 139.9, 126.4, 1.095
[02:30:47] 139.9, 126.4, 1.093
[02:30:48] 139.8, 126.4, 1.100
[02:30:49] 139.9, 126.4, 1.576
[02:30:50] 166.5, 126.4, 1.098
[02:30:51] 139.8, 126.4, 1.096
[02:30:52] 139.8, 126.4, 1.097
[02:30:53] 139.8, 126.4, 1.098
[02:30:54] 139.8, 126.3, 1.579
[02:30:55] 166.4, 126.4, 1.094
[02:30:56] 140.1, 126.4, 1.100
[02:30:57] 140.1, 126.4, 1.098
[02:30:58] 140.1, 126.4, 1.096
[02:30:59] 140.0, 126.4, 1.538
[02:31:00] 177.2, 126.4, 1.036
[02:31:01] 132.0, 126.4, 1.097
[02:31:02] 139.9, 126.5, 1.096
[02:31:03] 139.8, 126.4, 1.095
[02:31:04] 139.9, 126.4, 1.550
[02:31:05] 177.8, 126.4, 1.034
[02:31:06] 131.6, 126.4, 1.097
[02:31:07] 139.6, 126.4, 1.096
[02:31:08] 139.6, 126.4, 1.102
[02:31:09] 139.6, 126.3, 1.616
[02:31:10] 178.9, 126.4, 1.035
[02:31:11] 131.6, 126.4, 1.097
[02:31:12] 139.0, 126.4, 1.098
[02:31:13] 139.1, 126.4, 1.097
[02:31:14] 139.2, 126.3, 2.085
[02:31:15] 191.0, 126.4, 1.036
[02:31:16] 134.3, 126.4, 1.103
[02:31:17] 134.8, 126.4, 1.101
[02:31:18] 140.1, 126.4, 1.094
[02:31:19] 140.0, 126.2, 3.312
[02:31:20] 195.1, 126.4, 1.033
[02:31:21] 147.0, 126.4, 1.101
[02:31:22] 137.8, 126.4, 1.096
[02:31:23] 138.0, 126.4, 1.097
[02:31:24] 138.2, 126.4, 1.096
[02:31:25] 138.5, 126.4, 1.520
[02:31:26] 249.6, 126.4, 1.097
[02:31:27] 135.1, 126.4, 1.094
[02:31:28] 135.6, 126.4, 1.094
[02:31:29] 136.2, 126.4, 1.092
[02:31:30] 136.6, 126.3, 2.306
[02:31:31] 219.4, 126.3, 1.597
[02:31:32] 253.8, 126.4, 1.101
[02:31:33] 141.2, 126.4, 1.100
[02:31:34] 141.0, 126.4, 1.092
[02:31:35] 140.9, 126.4, 1.094
[02:31:36] 140.7, 126.2, 2.844
[02:31:37] 204.6, 126.2, 2.224
[02:31:38] 283.1, 126.3, 2.288
[02:31:39] 277.1, 126.4, 1.099
[02:31:40] 155.3, 126.4, 1.099
[02:31:41] 139.8, 126.4, 1.097
[02:31:42] 139.8, 126.4, 1.096
[02:31:43] 139.7, 126.4, 1.098
[02:31:44] 179.0, 126.2, 2.232
[02:31:45] 279.7, 126.2, 2.285
[02:31:46] 286.9, 126.2, 2.293
[02:31:47] 287.2, 126.3, 2.289
[02:31:48] 287.6, 126.4, 1.116
[02:31:49] 205.6, 126.4, 1.101
[02:31:50] 139.9, 126.4, 1.096
[02:31:51] 139.9, 126.4, 1.093
[02:31:52] 139.8, 126.4, 1.097
[02:31:53] 139.9, 126.3, 2.258
[02:31:54] 260.1, 126.3, 2.222
[02:31:55] 284.0, 126.3, 2.288
[02:31:56] 290.5, 126.3, 2.294
[02:31:57] 290.4, 126.3, 2.293
[02:31:58] 290.5, 126.3, 2.298
[02:31:59] 290.6, 126.2, 2.293
[02:32:00] 290.6, 126.2, 2.297
[02:32:01] 290.6, 126.2, 2.294
[02:32:02] 290.7, 126.3, 1.118
[02:32:03] 176.7, 126.3, 1.101
[02:32:04] 140.1, 126.4, 1.099
[02:32:05] 140.1, 126.4, 1.101
[02:32:06] 140.1, 126.4, 1.099
[02:32:07] 140.2, 126.3, 2.224
[02:32:08] 288.9, 126.3, 2.299
[02:32:09] 288.5, 126.3, 2.294
[02:32:10] 288.8, 126.3, 2.295
[02:32:11] 289.1, 126.3, 2.299
[02:32:12] 289.3, 126.3, 2.294
[02:32:13] 289.5, 126.2, 2.298
[02:32:14] 289.7, 126.2, 2.289
[02:32:15] 289.9, 126.2, 2.301
[02:32:16] 290.0, 126.2, 2.296
[02:32:17] 290.2, 126.2, 2.301
[02:32:18] 290.4, 126.3, 2.298
[02:32:19] 290.5, 126.2, 2.302
[02:32:20] 290.7, 126.2, 2.300
[02:32:21] 290.8, 126.2, 2.303
[02:32:22] 290.9, 126.3, 2.305
[02:32:23] 291.0, 126.2, 2.300
[02:32:24] 291.1, 126.4, 1.504
[02:32:25] 245.7, 126.4, 1.105
[02:32:26] 141.4, 126.4, 1.099
[02:32:27] 141.2, 126.4, 1.100
[02:32:28] 141.1, 126.4, 1.100
