<<<[16:06:55] 141.2, 125.1, 1.129
[16:06:56] 141.3, 125.1, 1.131
[16:06:57] 141.5, 125.1, 1.134
[16:06:58] 141.8, 125.1, 1.257
[16:06:59] 153.7, 125.1, 1.268
[16:07:00] 160.8, 125.1, 1.264
[16:07:01] 160.5, 125.2, 1.244
[16:07:02] 160.0, 125.2, 1.244
[16:07:03] 159.7, 125.1, 1.239
[16:07:04] 159.3, 125.1, 1.247
[16:07:05] 158.9, 125.1, 1.177
[16:07:06] 149.4, 125.2, 1.191
[16:07:07] 149.4, 125.1, 1.184
[16:07:08] 149.4, 125.1, 1.188
[16:07:09] 149.5, 125.1, 1.404
[16:07:10] 165.3, 125.2, 1.119
[16:07:11] 151.0, 125.2, 1.123
[16:07:12] 141.6, 125.2, 1.112
[16:07:13] 141.5, 125.2, 1.124
[16:07:14] 141.5, 125.1, 1.345
[16:07:15] 158.9, 125.1, 1.113
[16:07:16] 151.2, 125.2, 1.118
[16:07:17] 141.2, 125.1, 1.110
[16:07:18] 141.1, 125.1, 1.123
[16:07:19] 141.2, 124.9, 3.140
[16:07:20] 173.8, 125.1, 1.053
[16:07:21] 141.9, 125.1, 1.111
[16:07:22] 141.5, 125.1, 1.111
[16:07:23] 141.5, 125.0, 1.111
[16:07:24] 141.5, 124.8, 3.130
[16:07:25] 173.2, 125.0, 1.047
[16:07:26] 141.8, 125.0, 1.120
[16:07:27] 141.4, 125.0, 1.133
[16:07:28] 141.4, 125.0, 1.124
[16:07:29] 141.4, 125.0, 1.140
[16:07:30] 176.1, 125.0, 1.050
[16:07:31] 141.6, 125.1, 1.123
[16:07:32] 141.1, 125.1, 1.128
[16:07:33] 141.2, 125.0, 1.123
[16:07:34] 141.2, 125.0, 1.112
[16:07:35] 174.7, 125.0, 1.077
[16:07:36] 157.9, 125.1, 1.117
[16:07:37] 137.8, 125.0, 1.132
[16:07:38] 138.3, 125.0, 1.131
[16:07:39] 138.7, 125.0, 1.132
[16:07:40] 139.0, 125.0, 1.010
[16:07:41] 208.0, 125.0, 1.123
[16:07:42] 136.1, 125.0, 1.126
[16:07:43] 141.6, 125.0, 1.125
[16:07:44] 141.5, 125.0, 1.123
[16:07:45] 141.6, 124.8, 2.326
[16:07:46] 246.9, 125.0, 1.046
[16:07:47] 143.9, 125.0, 1.117
[16:07:48] 143.6, 125.0, 1.116
[16:07:49] 143.3, 125.0, 1.115
[16:07:50] 143.1, 125.0, 1.132
[16:07:51] 180.7, 124.8, 2.293
[16:07:52] 282.2, 125.0, 1.117
[16:07:53] 146.5, 125.0, 1.117
[16:07:54] 141.2, 125.0, 1.122
[16:07:55] 141.2, 125.0, 1.130
[16:07:56] 141.3, 125.0, 1.123
[16:07:57] 163.8, 124.8, 2.295
[16:07:58] 288.4, 124.9, 2.356
[16:07:59] 288.8, 125.0, 1.130
[16:08:00] 176.3, 125.0, 1.115
[16:08:01] 141.2, 125.0, 1.118
[16:08:02] 141.2, 125.0, 1.128
[16:08:03] 141.3, 125.0, 1.134
[16:08:04] 141.4, 124.9, 2.288
[16:08:05] 285.5, 124.8, 2.350
[16:08:06] 286.0, 124.9, 2.353
[16:08:07] 295.3, 124.9, 2.357
[16:08:08] 295.3, 124.9, 1.562
[16:08:09] 233.9, 125.0, 1.127
[16:08:10] 142.1, 125.0, 1.116
[16:08:11] 142.0, 125.0, 1.106
[16:08:12] 141.9, 125.0, 1.114
[16:08:13] 141.9, 125.0, 1.128
[16:08:14] 234.4, 124.8, 2.290
[16:08:15] 287.1, 124.8, 2.357
[16:08:16] 295.3, 124.8, 2.358
[16:08:17] 295.3, 124.7, 2.361
[16:08:18] 295.2, 124.8, 2.361
[16:08:19] 295.3, 124.8, 2.362
[16:08:20] 295.4, 124.9, 2.361
[16:08:21] 295.5, 124.9, 2.361
[16:08:22] 295.6, 125.0, 1.101
[16:08:23] 190.3, 125.0, 1.116
[16:08:24] 141.6, 125.0, 1.113
[16:08:25] 141.6, 125.1, 1.121
[16:08:26] 141.6, 125.0, 1.127
[16:08:27] 141.7, 124.9, 2.301
[16:08:28] 277.0, 124.9, 2.323
[16:08:29] 289.8, 124.9, 2.360
[16:08:30] 296.0, 124.9, 2.362
[16:08:31] 296.0, 124.9, 2.362
[16:08:32] 296.0, 124.9, 2.363
[16:08:33] 296.1, 124.9, 2.365
[16:08:34] 296.1, 124.9, 2.363
[16:08:35] 296.1, 124.9, 2.362
[16:08:36] 296.2, 124.8, 2.364
[16:08:37] 296.2, 124.9, 2.364
[16:08:38] 296.2, 124.9, 2.362
[16:08:39] 296.2, 124.9, 2.365
[16:08:40] 296.3, 124.9, 2.365
[16:08:41] 296.3, 124.9, 2.365
[16:08:42] 296.3, 124.9, 2.367
[16:08:43] 296.3, 125.0, 2.366
[16:08:44] 296.4, 125.1, 1.127
[16:08:45] 230.3, 125.1, 1.132
[16:08:46] 141.8, 125.0, 1.130
[16:08:47] 141.8, 125.1, 1.119
[16:08:48] 141.8, 125.1, 1.117
