<<<[01:47:06] 141.8, 126.2, 1.108
[01:47:07] 141.8, 126.2, 1.108
[01:47:08] 141.7, 126.2, 1.105
[01:47:09] 141.6, 126.2, 1.176
[01:47:10] 141.7, 126.1, 1.109
[01:47:11] 141.6, 126.2, 1.116
[01:47:12] 141.6, 126.2, 1.109
[01:47:13] 141.6, 126.2, 1.132
[01:47:14] 141.8, 126.1, 1.580
[01:47:15] 164.7, 126.2, 1.129
[01:47:16] 149.0, 126.2, 1.126
[01:47:17] 142.7, 126.2, 1.118
[01:47:18] 142.6, 126.2, 1.106
[01:47:19] 142.3, 126.1, 1.549
[01:47:20] 162.4, 126.2, 1.108
[01:47:21] 146.5, 126.2, 1.117
[01:47:22] 141.2, 126.2, 1.113
[01:47:23] 141.2, 126.1, 1.108
[01:47:24] 141.2, 126.1, 1.544
[01:47:25] 162.0, 126.2, 1.107
[01:47:26] 147.2, 126.1, 1.101
[01:47:27] 140.5, 126.1, 1.100
[01:47:28] 140.4, 126.1, 1.106
[01:47:29] 140.4, 126.0, 1.529
[01:47:30] 161.1, 126.1, 1.100
[01:47:31] 146.5, 126.1, 1.100
[01:47:32] 139.9, 126.2, 1.096
[01:47:33] 139.8, 126.2, 1.096
[01:47:34] 139.8, 126.1, 1.523
[01:47:35] 161.3, 126.2, 1.104
[01:47:36] 147.0, 126.2, 1.097
[01:47:37] 139.9, 126.2, 1.098
[01:47:38] 139.8, 126.2, 1.093
[01:47:39] 139.9, 126.1, 1.505
[01:47:40] 160.4, 126.1, 1.099
[01:47:41] 146.3, 126.2, 1.103
[01:47:42] 139.8, 126.2, 1.097
[01:47:43] 139.8, 126.2, 1.097
[01:47:44] 139.8, 126.1, 1.491
[01:47:45] 160.6, 126.2, 1.101
[01:47:46] 147.0, 126.1, 1.100
[01:47:47] 139.9, 126.2, 1.094
[01:47:48] 139.8, 126.1, 1.094
[01:47:49] 139.8, 126.1, 1.475
[01:47:50] 159.9, 126.2, 1.093
[01:47:51] 146.6, 126.1, 1.095
[01:47:52] 139.9, 126.1, 1.096
[01:47:53] 139.7, 126.2, 1.103
[01:47:54] 139.8, 126.1, 1.453
[01:47:55] 160.0, 126.1, 1.104
[01:47:56] 147.2, 126.2, 1.096
[01:47:57] 139.6, 126.2, 1.096
[01:47:58] 139.6, 126.2, 1.095
[01:47:59] 139.6, 126.1, 1.414
[01:48:00] 158.9, 126.1, 1.093
[01:48:01] 147.0, 126.2, 1.094
[01:48:02] 139.6, 126.2, 1.095
[01:48:03] 139.5, 126.1, 1.095
[01:48:04] 139.6, 126.1, 1.354
[01:48:05] 157.9, 126.1, 1.102
[01:48:06] 147.7, 126.2, 1.098
[01:48:07] 139.8, 126.2, 1.097
[01:48:08] 139.7, 126.2, 1.103
[01:48:09] 139.6, 126.0, 2.235
[01:48:10] 171.8, 126.1, 1.032
[01:48:11] 137.6, 126.2, 1.097
[01:48:12] 137.4, 126.2, 1.098
[01:48:13] 137.6, 126.2, 1.096
[01:48:14] 137.8, 126.1, 1.097
[01:48:15] 169.1, 126.1, 1.050
[01:48:16] 151.7, 126.2, 1.098
[01:48:17] 136.0, 126.2, 1.099
[01:48:18] 136.4, 126.1, 1.098
[01:48:19] 136.7, 126.1, 1.096
[01:48:20] 137.1, 126.2, 0.994
[01:48:21] 188.6, 126.1, 1.108
[01:48:22] 134.9, 126.1, 1.096
[01:48:23] 135.4, 126.1, 1.101
[01:48:24] 136.0, 126.2, 1.101
[01:48:25] 136.5, 126.1, 1.681
[01:48:26] 208.7, 126.1, 1.032
[01:48:27] 131.1, 126.1, 1.094
[01:48:28] 138.9, 126.2, 1.092
[01:48:29] 138.9, 126.1, 1.098
[01:48:30] 139.0, 125.9, 3.269
[01:48:31] 177.6, 126.1, 1.629
[01:48:32] 210.7, 126.2, 1.103
[01:48:33] 134.3, 126.1, 1.099
[01:48:34] 139.6, 126.1, 1.103
[01:48:35] 139.6, 126.2, 1.099
[01:48:36] 139.6, 126.0, 3.151
[01:48:37] 177.8, 126.1, 1.729
[01:48:38] 219.2, 126.1, 1.662
[01:48:39] 218.8, 126.2, 1.091
[01:48:40] 137.2, 126.2, 1.092
[01:48:41] 137.4, 126.2, 1.099
[01:48:42] 137.6, 126.2, 1.098
[01:48:43] 137.9, 126.0, 3.089
[01:48:44] 180.3, 126.1, 1.730
[01:48:45] 219.2, 126.1, 1.793
[01:48:46] 225.0, 126.0, 1.794
[01:48:47] 225.3, 126.1, 1.619
[01:48:48] 218.0, 126.2, 1.099
[01:48:49] 137.6, 126.2, 1.097
[01:48:50] 137.8, 126.2, 1.095
[01:48:51] 138.1, 126.2, 1.103
[01:48:52] 138.2, 126.1, 2.486
[01:48:53] 184.3, 126.1, 1.730
[01:48:54] 220.1, 126.1, 1.795
[01:48:55] 225.7, 126.1, 1.797
[01:48:56] 225.9, 126.1, 1.796
[01:48:57] 226.1, 126.1, 1.795
[01:48:58] 226.3, 126.0, 1.797
[01:48:59] 226.5, 126.1, 1.799
[01:49:00] 226.7, 126.2, 1.422
[01:49:01] 200.4, 126.2, 1.102
[01:49:02] 140.3, 126.2, 1.098
[01:49:03] 140.2, 126.2, 1.103
[01:49:04] 140.2, 126.2, 1.106
[01:49:05] 140.2, 126.1, 1.860
[01:49:06] 193.5, 126.1, 1.733
[01:49:07] 219.9, 126.1, 1.797
[01:49:08] 226.6, 126.1, 1.800
[01:49:09] 226.7, 126.1, 1.800
[01:49:10] 226.9, 126.1, 1.801
[01:49:11] 227.1, 126.1, 1.800
[01:49:12] 227.2, 126.1, 1.801
[01:49:13] 227.3, 126.1, 1.799
[01:49:14] 227.4, 126.1, 1.799
[01:49:15] 227.5, 126.1, 1.800
[01:49:16] 227.6, 126.1, 1.799
[01:49:17] 227.7, 126.1, 1.800
[01:49:18] 227.8, 126.1, 1.801
[01:49:19] 227.8, 126.1, 1.800
[01:49:20] 227.9, 126.1, 1.799
[01:49:21] 227.9, 126.2, 1.106
[01:49:22] 167.3, 126.2, 1.102
[01:49:23] 140.3, 126.1, 1.106
[01:49:24] 140.3, 126.2, 1.107
