<<<[03:43:45] 140.2, 126.3, 1.107
[03:43:46] 140.3, 126.4, 1.107
[03:43:47] 140.4, 126.4, 1.112
[03:43:48] 140.5, 126.3, 1.258
[03:43:49] 149.0, 126.4, 1.129
[03:43:50] 149.2, 126.2, 1.112
[03:43:51] 141.2, 126.4, 1.109
[03:43:52] 141.2, 126.4, 1.112
[03:43:53] 141.3, 126.4, 1.119
[03:43:54] 141.6, 126.3, 1.596
[03:43:55] 164.9, 126.4, 1.109
[03:43:56] 147.0, 126.4, 1.101
[03:43:57] 141.0, 126.4, 1.102
[03:43:58] 140.9, 126.3, 1.103
[03:43:59] 140.9, 126.3, 1.578
[03:44:00] 163.1, 126.4, 1.108
[03:44:01] 146.8, 126.3, 1.116
[03:44:02] 146.2, 126.4, 1.116
[03:44:03] 145.7, 126.4, 1.108
[03:44:04] 145.2, 126.3, 1.568
[03:44:05] 162.6, 126.4, 1.101
[03:44:06] 146.5, 126.4, 1.098
[03:44:07] 140.5, 126.4, 1.103
[03:44:08] 140.5, 126.4, 1.111
[03:44:09] 140.6, 126.3, 1.564
[03:44:10] 162.4, 126.4, 1.102
[03:44:11] 146.6, 126.4, 1.102
[03:44:12] 139.9, 126.4, 1.097
[03:44:13] 139.9, 126.4, 1.107
[03:44:14] 140.1, 126.3, 1.549
[03:44:15] 162.4, 126.3, 1.094
[03:44:16] 146.3, 126.4, 1.098
[03:44:17] 140.3, 126.4, 1.096
[03:44:18] 140.2, 126.4, 1.096
[03:44:19] 140.2, 126.3, 1.541
[03:44:20] 161.5, 126.4, 1.099
[03:44:21] 146.3, 126.4, 1.097
[03:44:22] 139.8, 126.4, 1.102
[03:44:23] 139.8, 126.4, 1.105
[03:44:24] 139.8, 126.3, 1.517
[03:44:25] 161.1, 126.4, 1.097
[03:44:26] 146.6, 126.4, 1.096
[03:44:27] 139.8, 126.4, 1.095
[03:44:28] 139.8, 126.4, 1.091
[03:44:29] 139.7, 126.3, 1.484
[03:44:30] 160.0, 126.4, 1.091
[03:44:31] 146.6, 126.4, 1.095
[03:44:32] 139.6, 126.4, 1.099
[03:44:33] 139.6, 126.4, 1.112
[03:44:34] 139.6, 126.2, 3.285
[03:44:35] 173.6, 126.4, 1.035
[03:44:36] 137.9, 126.4, 1.099
[03:44:37] 137.7, 126.4, 1.095
[03:44:38] 137.9, 126.4, 1.098
[03:44:39] 138.2, 126.1, 2.586
[03:44:40] 171.6, 126.4, 1.029
[03:44:41] 137.0, 126.4, 1.093
[03:44:42] 136.9, 126.4, 1.089
[03:44:43] 137.3, 126.3, 1.095
[03:44:44] 137.6, 126.4, 1.092
[03:44:45] 168.7, 126.4, 1.050
[03:44:46] 152.4, 126.4, 1.094
[03:44:47] 135.8, 126.4, 1.095
[03:44:48] 136.2, 126.4, 1.099
[03:44:49] 136.7, 126.3, 1.101
[03:44:50] 137.0, 126.4, 1.295
[03:44:51] 203.1, 126.4, 1.102
[03:44:52] 135.2, 126.4, 1.095
[03:44:53] 135.7, 126.4, 1.096
[03:44:54] 136.3, 126.4, 1.092
[03:44:55] 136.8, 126.3, 1.826
[03:44:56] 212.0, 126.4, 1.044
[03:44:57] 155.3, 126.4, 1.098
[03:44:58] 140.1, 126.4, 1.092
[03:44:59] 140.0, 126.4, 1.098
[03:45:00] 140.0, 126.4, 1.094
[03:45:01] 139.9, 126.2, 1.817
[03:45:02] 242.6, 126.3, 1.375
[03:45:03] 195.1, 126.4, 1.107
[03:45:04] 140.7, 126.4, 1.099
[03:45:05] 140.6, 126.4, 1.097
[03:45:06] 140.5, 126.4, 1.093
[03:45:07] 140.4, 126.3, 1.835
[03:45:08] 212.7, 126.3, 1.819
[03:45:09] 231.2, 126.3, 1.883
[03:45:10] 239.3, 126.4, 1.106
[03:45:11] 162.6, 126.4, 1.092
[03:45:12] 139.6, 126.4, 1.097
[03:45:13] 139.6, 126.4, 1.095
[03:45:14] 139.7, 126.4, 1.099
[03:45:15] 139.7, 126.3, 1.809
[03:45:16] 245.3, 126.3, 1.887
[03:45:17] 233.9, 126.3, 1.883
[03:45:18] 239.1, 126.3, 1.883
[03:45:19] 239.0, 126.3, 1.885
[03:45:20] 239.1, 126.4, 1.077
[03:45:21] 186.1, 126.4, 1.098
[03:45:22] 139.9, 126.4, 1.096
[03:45:23] 139.9, 126.4, 1.098
[03:45:24] 139.9, 126.4, 1.098
[03:45:25] 139.9, 126.2, 1.858
[03:45:26] 218.1, 126.2, 1.820
[03:45:27] 231.9, 126.2, 1.885
[03:45:28] 239.3, 126.3, 1.886
[03:45:29] 239.3, 126.3, 1.885
[03:45:30] 239.3, 126.3, 1.884
[03:45:31] 239.2, 126.3, 1.881
[03:45:32] 239.2, 126.3, 1.884
[03:45:33] 239.2, 126.2, 1.883
[03:45:34] 239.2, 126.3, 1.888
[03:45:35] 239.2, 126.3, 1.878
[03:45:36] 231.9, 126.4, 1.094
[03:45:37] 138.5, 126.4, 1.103
[03:45:38] 138.7, 126.4, 1.095
[03:45:39] 138.8, 126.4, 1.096
