<<<[18:06:56] 140.8, 125.5, 1.127
[18:06:57] 141.0, 125.4, 1.146
[18:06:58] 141.3, 125.5, 1.131
[18:06:59] 141.8, 125.5, 1.240
[18:07:00] 153.9, 125.4, 1.170
[18:07:01] 148.1, 125.4, 1.178
[18:07:02] 148.1, 125.4, 1.174
[18:07:03] 148.2, 125.5, 1.173
[18:07:04] 148.2, 125.4, 1.171
[18:07:05] 148.3, 125.4, 1.140
[18:07:06] 169.4, 125.4, 1.117
[18:07:07] 141.9, 125.5, 1.115
[18:07:08] 141.7, 125.5, 1.113
[18:07:09] 141.6, 125.5, 1.122
[18:07:10] 141.6, 125.5, 1.136
[18:07:11] 166.5, 125.4, 1.115
[18:07:12] 141.2, 125.4, 1.114
[18:07:13] 141.1, 125.5, 1.115
[18:07:14] 141.1, 125.4, 1.114
[18:07:15] 141.1, 125.4, 1.128
[18:07:16] 166.0, 125.4, 1.113
[18:07:17] 140.8, 125.4, 1.108
[18:07:18] 140.7, 125.3, 1.111
[18:07:19] 140.7, 125.5, 1.108
[18:07:20] 140.7, 125.4, 1.125
[18:07:21] 166.4, 125.4, 1.115
[18:07:22] 141.0, 125.5, 1.112
[18:07:23] 140.9, 125.4, 1.109
[18:07:24] 140.8, 125.4, 1.112
[18:07:25] 140.8, 125.4, 1.127
[18:07:26] 166.2, 125.3, 1.108
[18:07:27] 140.3, 125.4, 1.111
[18:07:28] 140.3, 125.4, 1.109
[18:07:29] 140.2, 125.5, 1.113
[18:07:30] 140.3, 125.5, 1.133
[18:07:31] 166.2, 125.5, 1.113
[18:07:32] 140.7, 125.4, 1.103
[18:07:33] 140.6, 125.5, 1.101
[18:07:34] 140.5, 125.5, 1.112
[18:07:35] 140.4, 125.5, 1.118
[18:07:36] 165.5, 125.5, 1.095
[18:07:37] 139.9, 125.5, 1.097
[18:07:38] 139.9, 125.5, 1.098
[18:07:39] 139.8, 125.6, 1.102
[18:07:40] 139.8, 125.5, 1.057
[18:07:41] 172.9, 125.5, 1.104
[18:07:42] 135.1, 125.6, 1.102
[18:07:43] 135.6, 125.6, 1.098
[18:07:44] 136.1, 125.6, 1.100
[18:07:45] 136.6, 125.5, 1.056
[18:07:46] 172.2, 125.5, 1.072
[18:07:47] 134.0, 125.5, 1.104
[18:07:48] 139.4, 125.5, 1.103
[18:07:49] 139.4, 125.5, 1.108
[18:07:50] 139.5, 125.5, 1.104
[18:07:51] 184.1, 125.5, 1.052
[18:07:52] 134.5, 125.5, 1.100
[18:07:53] 139.6, 125.5, 1.106
[18:07:54] 139.6, 125.5, 1.102
[18:07:55] 139.6, 125.5, 1.597
[18:07:56] 195.9, 125.6, 1.035
[18:07:57] 130.7, 125.6, 1.103
[18:07:58] 139.6, 125.5, 1.101
[18:07:59] 139.6, 125.5, 1.101
[18:08:00] 139.5, 125.4, 2.331
[18:08:01] 192.4, 125.5, 1.049
[18:08:02] 168.7, 125.5, 1.101
[18:08:03] 138.1, 125.5, 1.101
[18:08:04] 138.2, 125.5, 1.099
[18:08:05] 138.3, 125.5, 1.106
[18:08:06] 138.5, 125.4, 1.860
[18:08:07] 238.2, 125.5, 1.105
[18:08:08] 171.1, 125.5, 1.106
[18:08:09] 139.4, 125.5, 1.101
[18:08:10] 139.4, 125.5, 1.105
[18:08:11] 139.4, 125.4, 1.110
[18:08:12] 139.5, 125.3, 1.867
[18:08:13] 234.4, 125.3, 1.890
[18:08:14] 234.6, 125.4, 1.108
[18:08:15] 179.0, 125.4, 1.100
[18:08:16] 139.4, 125.4, 1.102
[18:08:17] 139.4, 125.4, 1.100
[18:08:18] 139.4, 125.4, 1.105
[18:08:19] 139.5, 125.4, 1.880
[18:08:20] 228.5, 125.4, 1.863
[18:08:21] 236.2, 125.3, 1.925
[18:08:22] 242.4, 125.3, 1.923
[18:08:23] 242.4, 125.4, 1.175
[18:08:24] 196.6, 125.4, 1.102
[18:08:25] 139.9, 125.5, 1.102
[18:08:26] 139.9, 125.4, 1.099
[18:08:27] 139.9, 125.4, 1.098
[18:08:28] 139.9, 125.4, 1.890
[18:08:29] 217.4, 125.3, 1.860
[18:08:30] 234.8, 125.3, 1.920
[18:08:31] 242.2, 125.3, 1.921
[18:08:32] 242.1, 125.3, 1.923
[18:08:33] 242.1, 125.3, 1.924
[18:08:34] 242.2, 125.3, 1.923
[18:08:35] 242.2, 125.4, 1.924
[18:08:36] 242.2, 125.4, 1.615
[18:08:37] 220.3, 125.4, 1.103
[18:08:38] 139.0, 125.5, 1.100
[18:08:39] 139.1, 125.5, 1.106
[18:08:40] 139.2, 125.5, 1.116
[18:08:41] 139.3, 125.3, 2.230
[18:08:42] 194.4, 125.4, 1.858
[18:08:43] 235.2, 125.4, 1.921
[18:08:44] 241.1, 125.3, 1.923
[18:08:45] 241.2, 125.4, 1.922
[18:08:46] 241.4, 125.3, 1.927
[18:08:47] 241.6, 125.3, 1.926
[18:08:48] 241.7, 125.4, 1.928
[18:08:49] 241.9, 125.4, 1.926
[18:08:50] 242.0, 125.4, 1.928
[18:08:51] 242.1, 125.4, 1.929
[18:08:52] 242.3, 125.4, 1.928
[18:08:53] 242.4, 125.5, 1.929
[18:08:54] 242.5, 125.4, 1.926
[18:08:55] 242.6, 125.4, 1.928
[18:08:56] 242.7, 125.4, 1.926
[18:08:57] 242.7, 125.4, 1.929
[18:08:58] 242.7, 125.5, 1.117
[18:08:59] 147.7, 125.5, 1.106
[18:09:00] 140.1, 125.5, 1.114
[18:09:01] 140.1, 125.5, 1.112
