<<<[23:31:52] 140.7, 125.8, 1.112
[23:31:53] 140.8, 125.8, 1.114
[23:31:54] 140.8, 125.7, 1.112
[23:31:55] 140.8, 125.8, 1.195
[23:31:56] 145.9, 125.8, 1.222
[23:31:57] 158.6, 125.8, 1.277
[23:31:58] 158.9, 125.8, 1.245
[23:31:59] 159.0, 125.8, 1.274
[23:32:00] 159.0, 125.8, 1.220
[23:32:01] 159.0, 125.8, 1.277
[23:32:02] 159.3, 125.8, 1.252
[23:32:03] 159.3, 125.8, 1.251
[23:32:04] 159.2, 125.8, 1.273
[23:32:05] 159.4, 125.9, 1.251
[23:32:06] 159.3, 125.8, 1.248
[23:32:07] 159.2, 125.8, 1.255
[23:32:08] 159.6, 125.8, 1.144
[23:32:09] 146.8, 125.8, 1.139
[23:32:10] 146.4, 125.8, 1.118
[23:32:11] 145.9, 125.8, 1.118
[23:32:12] 145.4, 125.8, 1.120
[23:32:13] 144.9, 125.8, 1.125
[23:32:14] 168.5, 125.8, 1.110
[23:32:15] 140.5, 125.8, 1.106
[23:32:16] 140.4, 125.8, 1.111
[23:32:17] 140.4, 125.8, 1.106
[23:32:18] 140.4, 125.8, 1.124
[23:32:19] 168.0, 125.8, 1.111
[23:32:20] 140.1, 125.8, 1.107
[23:32:21] 140.1, 125.8, 1.106
[23:32:22] 140.1, 125.8, 1.107
[23:32:23] 140.1, 125.8, 1.043
[23:32:24] 175.6, 125.8, 1.108
[23:32:25] 134.7, 125.7, 1.105
[23:32:26] 140.3, 125.8, 1.109
[23:32:27] 140.3, 125.8, 1.103
[23:32:28] 140.3, 125.8, 1.042
[23:32:29] 176.7, 125.8, 1.102
[23:32:30] 134.5, 125.9, 1.111
[23:32:31] 140.3, 125.8, 1.105
[23:32:32] 140.2, 125.8, 1.105
[23:32:33] 140.2, 125.8, 1.056
[23:32:34] 178.9, 125.8, 1.075
[23:32:35] 134.3, 125.8, 1.098
[23:32:36] 139.8, 125.8, 1.109
[23:32:37] 139.8, 125.8, 1.101
[23:32:38] 139.8, 125.8, 1.204
[23:32:39] 195.0, 125.8, 1.041
[23:32:40] 133.8, 125.8, 1.104
[23:32:41] 139.8, 125.8, 1.102
[23:32:42] 139.8, 125.8, 1.108
[23:32:43] 139.8, 125.7, 2.328
[23:32:44] 225.2, 125.8, 1.044
[23:32:45] 137.2, 125.8, 1.107
[23:32:46] 137.5, 125.8, 1.102
[23:32:47] 137.8, 125.8, 1.099
[23:32:48] 138.0, 125.8, 1.105
[23:32:49] 181.2, 125.8, 1.553
[23:32:50] 251.8, 125.8, 1.103
[23:32:51] 135.2, 125.8, 1.098
[23:32:52] 135.7, 125.8, 1.101
[23:32:53] 136.2, 125.8, 1.102
[23:32:54] 0.0, 125.8, 1.112
[23:32:55] 215.8, 125.7, 2.356
[23:32:56] 298.3, 125.7, 1.098
[23:32:57] 185.6, 125.8, 1.109
[23:32:58] 140.1, 125.8, 1.111
[23:32:59] 140.1, 125.8, 1.106
[23:33:00] 140.0, 125.8, 1.101
[23:33:01] 140.0, 125.7, 2.354
[23:33:02] 292.2, 125.6, 2.414
[23:33:03] 299.6, 125.6, 2.420
[23:33:04] 305.4, 125.8, 1.090
[23:33:05] 190.8, 125.8, 1.108
[23:33:06] 140.1, 125.8, 1.110
[23:33:07] 140.1, 125.8, 1.104
[23:33:08] 140.1, 125.8, 1.102
[23:33:09] 140.1, 125.6, 2.361
[23:33:10] 286.9, 125.6, 2.385
[23:33:11] 299.2, 125.6, 2.423
[23:33:12] 305.6, 125.6, 2.423
[23:33:13] 305.6, 125.6, 2.425
[23:33:14] 305.6, 125.7, 2.424
[23:33:15] 305.7, 125.8, 1.080
[23:33:16] 198.2, 125.8, 1.106
[23:33:17] 140.1, 125.8, 1.104
[23:33:18] 140.1, 125.7, 1.104
[23:33:19] 140.1, 125.8, 1.110
[23:33:20] 140.1, 125.6, 2.376
[23:33:21] 276.2, 125.6, 2.389
[23:33:22] 299.8, 125.6, 2.428
[23:33:23] 305.7, 125.6, 2.428
[23:33:24] 305.7, 125.6, 2.429
[23:33:25] 305.8, 125.6, 2.427
[23:33:26] 305.9, 125.6, 2.427
[23:33:27] 305.8, 125.6, 2.426
[23:33:28] 305.8, 125.6, 2.428
[23:33:29] 305.9, 125.6, 2.427
[23:33:30] 305.9, 125.6, 2.429
[23:33:31] 306.0, 125.6, 2.429
[23:33:32] 306.0, 125.7, 1.148
[23:33:33] 198.4, 125.7, 1.110
[23:33:34] 140.7, 125.8, 1.105
[23:33:35] 140.6, 125.8, 1.110
