<<<[02:01:06] 140.5, 126.2, 1.108
[02:01:07] 140.5, 126.2, 1.109
[02:01:08] 140.6, 126.2, 1.103
[02:01:09] 140.7, 126.2, 1.270
[02:01:10] 150.3, 126.2, 1.270
[02:01:11] 161.1, 126.2, 1.267
[02:01:12] 161.0, 126.2, 1.267
[02:01:13] 161.1, 126.2, 1.267
[02:01:14] 161.1, 126.2, 1.218
[02:01:15] 160.9, 126.2, 1.267
[02:01:16] 161.0, 126.2, 1.239
[02:01:17] 160.8, 126.2, 1.264
[02:01:18] 160.9, 126.2, 1.268
[02:01:19] 160.9, 126.2, 1.272
[02:01:20] 160.8, 126.2, 1.273
[02:01:21] 160.7, 126.1, 1.271
[02:01:22] 160.8, 126.1, 1.268
[02:01:23] 160.8, 126.1, 1.268
[02:01:24] 160.9, 126.2, 1.267
[02:01:25] 160.9, 126.2, 1.268
[02:01:26] 160.9, 126.1, 1.262
[02:01:27] 160.8, 126.1, 1.269
[02:01:28] 160.8, 126.2, 1.265
[02:01:29] 160.9, 126.2, 1.217
[02:01:30] 160.6, 126.2, 1.266
[02:01:31] 160.6, 126.2, 1.268
[02:01:32] 160.5, 126.1, 1.269
[02:01:33] 160.6, 126.3, 1.266
[02:01:34] 160.6, 126.2, 1.265
[02:01:35] 160.7, 126.2, 1.266
[02:01:36] 160.7, 126.2, 1.263
[02:01:37] 160.8, 126.2, 1.273
[02:01:38] 160.7, 126.3, 1.266
[02:01:39] 160.7, 126.2, 1.270
[02:01:40] 160.4, 126.2, 1.266
[02:01:41] 160.5, 126.2, 1.268
[02:01:42] 160.3, 126.2, 1.267
[02:01:43] 160.4, 126.2, 1.266
[02:01:44] 160.5, 126.2, 1.233
[02:01:45] 160.2, 126.2, 1.257
[02:01:46] 160.3, 126.2, 1.241
[02:01:47] 160.2, 126.2, 1.237
[02:01:48] 160.1, 126.2, 1.238
[02:01:49] 160.0, 126.2, 1.275
[02:01:50] 160.0, 126.2, 1.238
[02:01:51] 159.8, 126.2, 1.278
[02:01:52] 159.8, 126.2, 1.272
[02:01:53] 159.6, 126.2, 1.321
[02:01:54] 159.8, 126.2, 1.238
[02:01:55] 159.8, 126.2, 1.237
[02:01:56] 159.7, 126.2, 1.237
[02:01:57] 159.6, 126.2, 1.293
[02:01:58] 159.7, 126.2, 1.239
[02:01:59] 159.6, 126.2, 1.299
[02:02:00] 159.5, 126.2, 1.260
[02:02:01] 159.3, 126.2, 1.314
[02:02:02] 159.7, 126.2, 1.319
[02:02:03] 160.3, 126.3, 1.242
[02:02:04] 160.1, 126.2, 1.240
[02:02:05] 159.9, 126.3, 1.235
[02:02:06] 159.7, 126.2, 1.236
[02:02:07] 159.4, 126.2, 1.246
[02:02:08] 159.5, 126.2, 1.246
[02:02:09] 159.4, 126.2, 1.241
[02:02:10] 159.3, 126.2, 1.239
[02:02:11] 159.2, 126.2, 1.305
[02:02:12] 159.6, 126.2, 1.235
[02:02:13] 159.4, 126.3, 1.233
[02:02:14] 159.3, 126.2, 1.247
[02:02:15] 159.2, 126.2, 1.249
[02:02:16] 159.1, 126.2, 1.237
[02:02:17] 159.2, 126.3, 1.230
[02:02:18] 159.1, 126.2, 1.234
[02:02:19] 159.1, 126.1, 1.245
[02:02:20] 158.9, 126.2, 1.314
[02:02:21] 159.2, 126.2, 1.292
[02:02:22] 166.2, 126.2, 1.086
[02:02:23] 152.6, 126.3, 1.077
[02:02:24] 137.4, 126.2, 1.098
[02:02:25] 137.7, 126.2, 1.098
[02:02:26] 138.0, 126.2, 1.096
[02:02:27] 138.2, 126.2, 2.104
[02:02:28] 179.0, 126.2, 1.033
[02:02:29] 133.6, 126.3, 1.097
[02:02:30] 134.1, 126.3, 1.099
[02:02:31] 139.9, 126.3, 1.094
[02:02:32] 139.8, 126.2, 2.300
[02:02:33] 179.8, 126.3, 1.034
[02:02:34] 133.4, 126.3, 1.094
[02:02:35] 133.9, 126.2, 1.093
[02:02:36] 139.4, 126.3, 1.088
[02:02:37] 139.4, 126.1, 2.808
[02:02:38] 180.7, 126.3, 1.031
[02:02:39] 133.2, 126.2, 1.090
[02:02:40] 133.7, 126.3, 1.093
[02:02:41] 139.6, 126.3, 1.091
[02:02:42] 139.5, 126.0, 3.563
[02:02:43] 186.1, 126.3, 1.028
[02:02:44] 143.9, 126.2, 1.090
[02:02:45] 136.7, 126.2, 1.095
[02:02:46] 137.0, 126.2, 1.093
[02:02:47] 137.3, 126.3, 1.085
[02:02:48] 169.4, 126.2, 1.003
[02:02:49] 193.5, 126.3, 1.097
[02:02:50] 112.8, 126.3, 1.094
[02:02:51] 139.8, 126.3, 1.097
[02:02:52] 139.7, 126.2, 1.096
[02:02:53] 139.6, 126.1, 2.335
[02:02:54] 261.8, 126.2, 1.030
[02:02:55] 146.5, 126.2, 1.089
[02:02:56] 139.2, 126.2, 1.091
[02:02:57] 139.2, 126.2, 1.094
[02:02:58] 139.3, 126.2, 1.095
[02:02:59] 177.8, 126.0, 2.318
[02:03:00] 290.5, 126.2, 1.110
[02:03:01] 177.2, 126.2, 1.098
[02:03:02] 139.8, 126.2, 1.093
[02:03:03] 139.7, 126.2, 1.094
[02:03:04] 139.7, 126.2, 1.093
[02:03:05] 139.7, 126.1, 2.313
[02:03:06] 287.5, 126.1, 2.374
[02:03:07] 296.2, 126.2, 1.753
[02:03:08] 269.7, 126.2, 1.098
[02:03:09] 141.6, 126.2, 1.098
[02:03:10] 141.3, 126.2, 1.099
[02:03:11] 141.2, 126.2, 1.098
[02:03:12] 141.0, 126.0, 3.122
[02:03:13] 203.5, 126.1, 2.315
[02:03:14] 294.2, 126.1, 2.379
[02:03:15] 299.6, 126.0, 2.381
[02:03:16] 299.8, 126.0, 2.382
[02:03:17] 300.0, 126.1, 2.067
[02:03:18] 0.0, 126.2, 1.604
[02:03:19] 142.7, 126.2, 1.094
[02:03:20] 142.3, 126.2, 1.094
[02:03:21] 142.0, 126.2, 1.096
[02:03:22] 141.7, 126.0, 3.497
[02:03:23] 194.2, 126.0, 2.317
[02:03:24] 293.1, 126.0, 2.385
[02:03:25] 299.6, 126.0, 2.384
[02:03:26] 299.8, 126.0, 2.385
[02:03:27] 300.1, 126.0, 2.387
[02:03:28] 300.2, 126.0, 2.388
[02:03:29] 300.5, 126.1, 2.387
[02:03:30] 300.7, 126.1, 2.388
[02:03:31] 300.9, 126.0, 2.386
[02:03:32] 300.9, 126.0, 2.386
[02:03:33] 286.7, 126.2, 1.099
[02:03:34] 138.3, 126.2, 1.097
[02:03:35] 138.5, 126.3, 1.094
[02:03:36] 138.6, 126.2, 1.096
