<<<[05:16:23] 139.7, 126.0, 1.111
[05:16:24] 140.0, 126.0, 1.128
[05:16:25] 140.4, 126.0, 1.141
[05:16:26] 140.9, 126.0, 1.311
[05:16:27] 159.7, 126.0, 1.275
[05:16:28] 159.6, 126.0, 1.268
[05:16:29] 159.7, 126.0, 1.247
[05:16:30] 159.9, 126.0, 1.238
[05:16:31] 159.9, 126.0, 1.215
[05:16:32] 159.8, 126.0, 1.263
[05:16:33] 159.9, 126.0, 1.265
[05:16:34] 159.9, 126.0, 1.273
[05:16:35] 160.0, 126.0, 1.237
[05:16:36] 160.1, 126.0, 1.268
[05:16:37] 160.2, 126.0, 1.269
[05:16:38] 160.1, 126.0, 1.273
[05:16:39] 160.1, 126.0, 1.272
[05:16:40] 160.0, 126.0, 1.268
[05:16:41] 160.1, 125.9, 1.272
[05:16:42] 160.2, 126.0, 1.270
[05:16:43] 160.1, 126.0, 1.274
[05:16:44] 160.1, 125.9, 1.260
[05:16:45] 160.2, 126.0, 1.252
[05:16:46] 160.0, 126.0, 1.240
[05:16:47] 159.8, 126.0, 1.241
[05:16:48] 159.8, 125.9, 1.247
[05:16:49] 159.7, 126.0, 1.239
[05:16:50] 159.6, 126.0, 1.250
[05:16:51] 159.6, 126.0, 1.268
[05:16:52] 159.4, 126.0, 1.326
[05:16:53] 159.7, 126.0, 1.251
[05:16:54] 159.7, 126.0, 1.248
[05:16:55] 159.5, 126.0, 1.240
[05:16:56] 159.4, 126.0, 1.240
[05:16:57] 159.2, 126.0, 1.275
[05:16:58] 159.4, 126.0, 1.272
[05:16:59] 159.2, 126.0, 1.268
[05:17:00] 159.2, 126.0, 1.240
[05:17:01] 159.0, 125.9, 1.239
[05:17:02] 158.9, 125.9, 1.274
[05:17:03] 164.9, 125.9, 1.165
[05:17:04] 148.6, 125.9, 1.181
[05:17:05] 148.7, 125.9, 1.179
[05:17:06] 148.7, 126.0, 1.178
[05:17:07] 148.8, 126.0, 1.177
[05:17:08] 148.8, 126.0, 1.064
[05:17:09] 177.6, 126.0, 1.107
[05:17:10] 136.1, 126.0, 1.109
[05:17:11] 136.7, 126.0, 1.105
[05:17:12] 137.1, 126.0, 1.099
[05:17:13] 137.4, 126.0, 1.073
[05:17:14] 177.2, 126.0, 1.112
[05:17:15] 136.3, 126.0, 1.108
[05:17:16] 136.8, 126.0, 1.103
[05:17:17] 137.2, 126.0, 1.105
[05:17:18] 137.6, 126.0, 1.070
[05:17:19] 177.8, 126.0, 1.104
[05:17:20] 135.8, 126.0, 1.099
[05:17:21] 136.4, 126.0, 1.101
[05:17:22] 136.9, 126.0, 1.105
[05:17:23] 137.3, 126.0, 1.057
[05:17:24] 192.8, 126.0, 1.082
[05:17:25] 135.4, 126.1, 1.110
[05:17:26] 140.7, 126.0, 1.100
[05:17:27] 140.6, 125.9, 1.104
[05:17:28] 140.5, 125.9, 2.028
[05:17:29] 220.9, 126.0, 1.056
[05:17:30] 136.0, 126.0, 1.110
[05:17:31] 136.6, 126.0, 1.101
[05:17:32] 137.0, 126.0, 1.097
[05:17:33] 137.4, 125.8, 3.451
[05:17:34] 189.5, 126.0, 1.565
[05:17:35] 227.6, 126.0, 1.111
[05:17:36] 137.8, 126.0, 1.106
[05:17:37] 138.1, 126.0, 1.101
[05:17:38] 138.3, 126.0, 1.097
[05:17:39] 138.5, 125.9, 2.180
[05:17:40] 224.8, 125.9, 2.199
[05:17:41] 278.1, 126.0, 1.114
[05:17:42] 155.0, 126.0, 1.119
[05:17:43] 141.0, 126.0, 1.100
[05:17:44] 140.9, 126.0, 1.099
[05:17:45] 140.8, 126.0, 1.099
[05:17:46] 146.8, 125.9, 2.203
[05:17:47] 290.2, 125.9, 2.260
[05:17:48] 281.7, 125.9, 2.263
[05:17:49] 281.9, 126.0, 1.115
[05:17:50] 155.0, 126.0, 1.109
[05:17:51] 141.2, 126.0, 1.110
[05:17:52] 141.1, 126.0, 1.108
[05:17:53] 141.0, 126.0, 1.107
[05:17:54] 162.0, 125.8, 2.207
[05:17:55] 280.6, 125.9, 2.265
[05:17:56] 280.7, 125.9, 2.265
[05:17:57] 286.2, 125.9, 2.263
[05:17:58] 286.2, 125.8, 2.265
[05:17:59] 286.3, 125.8, 2.268
[05:18:00] 278.1, 126.0, 1.107
[05:18:01] 155.3, 126.0, 1.111
[05:18:02] 140.8, 126.0, 1.106
[05:18:03] 140.8, 126.0, 1.103
[05:18:04] 140.7, 125.9, 1.109
[05:18:05] 176.1, 125.9, 2.187
[05:18:06] 275.3, 125.9, 2.261
[05:18:07] 283.3, 125.9, 2.262
[05:18:08] 283.7, 125.8, 2.270
[05:18:09] 284.1, 125.9, 2.267
[05:18:10] 284.4, 125.9, 2.271
[05:18:11] 284.8, 125.9, 2.272
[05:18:12] 285.1, 125.9, 2.273
[05:18:13] 285.4, 125.9, 2.273
[05:18:14] 285.6, 125.9, 2.273
[05:18:15] 285.9, 125.9, 2.275
[05:18:16] 286.1, 126.0, 1.677
[05:18:17] 247.3, 126.0, 1.119
[05:18:18] 142.1, 126.1, 1.109
[05:18:19] 164.0, 126.1, 1.105
[05:18:20] 140.7, 126.0, 1.101
