<<<[05:28:07] 141.0, 126.0, 1.131
[05:28:08] 141.2, 125.9, 1.140
[05:28:09] 141.6, 125.9, 1.136
[05:28:10] 142.0, 125.9, 1.209
[05:28:11] 155.7, 126.0, 1.175
[05:28:12] 148.8, 126.0, 1.149
[05:28:13] 148.6, 125.9, 1.175
[05:28:14] 148.6, 125.9, 1.176
[05:28:15] 148.7, 125.8, 1.226
[05:28:16] 162.4, 125.9, 1.144
[05:28:17] 161.9, 125.9, 1.127
[05:28:18] 144.3, 126.0, 1.120
[05:28:19] 144.1, 125.9, 1.118
[05:28:20] 143.9, 125.9, 1.180
[05:28:21] 156.4, 125.9, 1.119
[05:28:22] 156.3, 125.9, 1.118
[05:28:23] 142.3, 125.9, 1.114
[05:28:24] 142.2, 125.9, 1.108
[05:28:25] 142.1, 125.9, 1.168
[05:28:26] 155.5, 125.9, 1.111
[05:28:27] 155.4, 126.0, 1.115
[05:28:28] 141.0, 126.0, 1.106
[05:28:29] 141.0, 125.9, 1.114
[05:28:30] 141.0, 125.9, 1.168
[05:28:31] 155.7, 125.9, 1.105
[05:28:32] 155.5, 125.9, 1.102
[05:28:33] 140.8, 126.0, 1.107
[05:28:34] 140.8, 126.0, 1.106
[05:28:35] 140.8, 125.9, 1.160
[05:28:36] 155.3, 126.0, 1.107
[05:28:37] 155.1, 125.9, 1.108
[05:28:38] 140.5, 126.0, 1.106
[05:28:39] 140.5, 126.0, 1.106
[05:28:40] 140.5, 125.9, 1.168
[05:28:41] 155.5, 126.0, 1.105
[05:28:42] 155.3, 126.0, 1.105
[05:28:43] 140.8, 126.0, 1.105
[05:28:44] 140.7, 126.0, 1.100
[05:28:45] 140.6, 125.9, 1.143
[05:28:46] 154.1, 126.0, 1.098
[05:28:47] 154.1, 125.9, 1.102
[05:28:48] 139.8, 126.0, 1.104
[05:28:49] 139.8, 125.9, 1.103
[05:28:50] 139.8, 125.9, 1.113
[05:28:51] 170.4, 126.0, 1.041
[05:28:52] 143.4, 125.9, 1.099
[05:28:53] 136.7, 126.0, 1.099
[05:28:54] 137.1, 126.0, 1.098
[05:28:55] 137.4, 125.9, 1.100
[05:28:56] 168.0, 126.0, 1.032
[05:28:57] 142.8, 126.0, 1.095
[05:28:58] 136.3, 126.0, 1.098
[05:28:59] 136.7, 125.9, 1.099
[05:29:00] 137.1, 126.0, 1.094
[05:29:01] 153.7, 126.0, 1.074
[05:29:02] 170.4, 126.0, 1.102
[05:29:03] 135.6, 125.9, 1.100
[05:29:04] 136.1, 126.0, 1.097
[05:29:05] 136.6, 126.0, 1.098
[05:29:06] 137.1, 125.9, 1.547
[05:29:07] 206.0, 126.0, 1.088
[05:29:08] 134.7, 126.0, 1.099
[05:29:09] 139.9, 126.0, 1.098
[05:29:10] 139.9, 126.0, 1.097
[05:29:11] 139.8, 125.9, 1.826
[05:29:12] 207.6, 126.0, 1.058
[05:29:13] 162.4, 126.0, 1.100
[05:29:14] 140.1, 126.0, 1.094
[05:29:15] 140.0, 125.9, 1.098
[05:29:16] 140.0, 125.9, 1.103
[05:29:17] 140.0, 125.8, 1.836
[05:29:18] 239.5, 125.9, 1.053
[05:29:19] 188.1, 126.0, 1.102
[05:29:20] 139.8, 126.0, 1.110
[05:29:21] 139.8, 126.0, 1.117
[05:29:22] 140.0, 126.0, 1.106
[05:29:23] 140.1, 125.8, 1.843
[05:29:24] 211.8, 125.9, 1.839
[05:29:25] 232.8, 125.9, 1.902
[05:29:26] 241.1, 126.0, 1.098
[05:29:27] 153.2, 125.9, 1.100
[05:29:28] 139.8, 126.0, 1.094
[05:29:29] 139.8, 126.0, 1.105
[05:29:30] 139.8, 126.1, 1.103
[05:29:31] 139.9, 126.0, 1.837
[05:29:32] 248.2, 125.9, 1.906
[05:29:33] 236.8, 126.0, 1.905
[05:29:34] 237.3, 126.0, 1.905
[05:29:35] 237.8, 125.9, 1.906
[05:29:36] 238.2, 126.0, 1.062
[05:29:37] 187.2, 125.9, 1.104
[05:29:38] 140.3, 126.0, 1.099
[05:29:39] 140.2, 126.0, 1.098
[05:29:40] 140.2, 126.0, 1.096
[05:29:41] 140.1, 125.9, 1.860
[05:29:42] 230.4, 125.9, 1.847
[05:29:43] 230.9, 125.9, 1.906
[05:29:44] 241.3, 125.9, 1.909
[05:29:45] 241.3, 125.9, 1.910
[05:29:46] 241.3, 125.9, 1.910
[05:29:47] 241.4, 125.9, 1.911
[05:29:48] 241.5, 125.9, 1.913
[05:29:49] 241.5, 125.9, 1.912
[05:29:50] 241.6, 125.9, 1.914
[05:29:51] 241.7, 126.0, 1.111
[05:29:52] 204.0, 126.0, 1.104
[05:29:53] 140.5, 126.0, 1.104
[05:29:54] 140.5, 125.9, 1.102
[05:29:55] 140.4, 126.0, 1.107
