<<<[05:35:46] 141.8, 125.9, 1.122
[05:35:47] 141.8, 125.9, 1.131
[05:35:48] 142.0, 126.0, 1.132
[05:35:49] 142.2, 125.9, 1.252
[05:35:50] 152.8, 125.9, 1.184
[05:35:51] 153.0, 125.9, 1.176
[05:35:52] 152.7, 125.9, 1.176
[05:35:53] 152.1, 126.0, 1.155
[05:35:54] 151.6, 125.9, 1.162
[05:35:55] 151.1, 125.9, 1.708
[05:35:56] 171.8, 125.9, 1.160
[05:35:57] 149.5, 125.9, 1.144
[05:35:58] 149.1, 125.9, 1.135
[05:35:59] 148.5, 125.9, 1.139
[05:36:00] 148.0, 125.9, 1.717
[05:36:01] 168.5, 126.0, 1.130
[05:36:02] 146.3, 126.0, 1.121
[05:36:03] 145.9, 126.0, 1.117
[05:36:04] 145.5, 126.0, 1.116
[05:36:05] 145.1, 125.9, 1.717
[05:36:06] 167.5, 125.9, 1.114
[05:36:07] 143.9, 126.0, 1.105
[05:36:08] 143.5, 125.9, 1.110
[05:36:09] 143.3, 126.0, 1.110
[05:36:10] 143.0, 125.9, 1.721
[05:36:11] 167.1, 126.0, 1.110
[05:36:12] 143.9, 126.0, 1.112
[05:36:13] 143.5, 126.0, 1.111
[05:36:14] 143.3, 126.0, 1.110
[05:36:15] 143.0, 125.9, 1.723
[05:36:16] 167.1, 126.0, 1.115
[05:36:17] 143.6, 126.0, 1.111
[05:36:18] 143.3, 126.0, 1.108
[05:36:19] 142.9, 126.0, 1.101
[05:36:20] 142.7, 125.9, 1.726
[05:36:21] 166.7, 126.0, 1.112
[05:36:22] 143.2, 126.0, 1.117
[05:36:23] 142.9, 126.0, 1.097
[05:36:24] 142.6, 126.0, 1.104
[05:36:25] 142.3, 125.9, 1.717
[05:36:26] 166.0, 126.0, 1.103
[05:36:27] 142.3, 125.9, 1.105
[05:36:28] 142.0, 126.0, 1.104
[05:36:29] 141.8, 125.9, 1.111
[05:36:30] 141.6, 125.8, 2.695
[05:36:31] 178.0, 125.9, 1.036
[05:36:32] 134.9, 125.9, 1.101
[05:36:33] 135.3, 125.9, 1.106
[05:36:34] 135.9, 125.9, 1.100
[05:36:35] 136.5, 125.8, 2.701
[05:36:36] 177.0, 125.9, 1.040
[05:36:37] 134.9, 125.8, 1.102
[05:36:38] 135.2, 125.8, 1.097
[05:36:39] 135.8, 125.9, 1.096
[05:36:40] 136.3, 125.7, 3.245
[05:36:41] 177.0, 125.9, 1.041
[05:36:42] 133.1, 125.9, 1.101
[05:36:43] 133.7, 126.0, 1.102
[05:36:44] 140.3, 125.9, 1.101
[05:36:45] 140.2, 125.8, 1.682
[05:36:46] 176.1, 126.0, 1.034
[05:36:47] 145.7, 126.0, 1.095
[05:36:48] 136.5, 126.0, 1.096
[05:36:49] 136.9, 125.9, 1.096
[05:36:50] 137.2, 125.9, 1.104
[05:36:51] 137.5, 125.9, 1.037
[05:36:52] 204.6, 125.9, 1.104
[05:36:53] 135.6, 125.9, 1.097
[05:36:54] 140.7, 125.9, 1.104
[05:36:55] 140.6, 125.9, 1.098
[05:36:56] 140.5, 125.7, 1.903
[05:36:57] 217.8, 125.9, 1.062
[05:36:58] 165.8, 125.9, 1.104
[05:36:59] 140.3, 125.8, 1.108
[05:37:00] 140.2, 125.8, 1.101
[05:37:01] 140.2, 125.8, 1.109
[05:37:02] 140.1, 125.7, 1.884
[05:37:03] 244.2, 125.8, 1.609
[05:37:04] 213.4, 125.9, 1.104
[05:37:05] 139.9, 125.9, 1.098
[05:37:06] 139.9, 125.8, 1.102
[05:37:07] 140.0, 125.9, 1.098
[05:37:08] 139.9, 125.8, 2.132
[05:37:09] 196.6, 125.8, 1.885
[05:37:10] 239.1, 125.8, 1.945
[05:37:11] 245.1, 125.8, 1.633
[05:37:12] 216.5, 125.9, 1.105
[05:37:13] 139.9, 125.9, 1.107
[05:37:14] 139.9, 125.9, 1.101
[05:37:15] 140.0, 125.9, 1.104
[05:37:16] 139.9, 125.8, 1.939
[05:37:17] 202.2, 125.7, 1.885
[05:37:18] 238.4, 125.7, 1.944
[05:37:19] 245.5, 125.7, 1.945
[05:37:20] 245.5, 125.7, 1.947
[05:37:21] 245.6, 125.7, 1.947
[05:37:22] 245.7, 125.8, 1.649
[05:37:23] 213.1, 125.8, 1.107
[05:37:24] 140.5, 125.9, 1.099
[05:37:25] 140.4, 125.9, 1.110
[05:37:26] 140.4, 125.9, 1.104
[05:37:27] 140.4, 125.8, 1.868
[05:37:28] 212.2, 125.8, 1.881
[05:37:29] 237.9, 125.8, 1.944
[05:37:30] 245.8, 125.8, 1.946
[05:37:31] 245.8, 125.8, 1.949
[05:37:32] 245.9, 125.8, 1.951
[05:37:33] 246.0, 125.8, 1.952
[05:37:34] 246.1, 125.7, 1.952
[05:37:35] 246.2, 125.7, 1.954
[05:37:36] 246.3, 125.8, 1.949
[05:37:37] 246.3, 125.7, 1.952
[05:37:38] 246.4, 125.7, 1.953
[05:37:39] 246.4, 125.9, 1.098
[05:37:40] 165.5, 125.9, 1.104
[05:37:41] 140.3, 125.9, 1.108
[05:37:42] 140.3, 125.8, 1.110
[05:37:43] 140.4, 125.9, 1.106
<<<[05:39:57] 141.6, 126.0, 1.132
[05:39:58] 142.0, 126.0, 1.142
[05:39:59] 142.3, 126.0, 1.148
[05:40:00] 142.7, 126.0, 1.244
[05:40:01] 155.0, 126.0, 1.179
[05:40:02] 154.9, 126.0, 1.177
[05:40:03] 149.0, 126.0, 1.160
[05:40:04] 148.7, 126.0, 1.162
[05:40:05] 148.5, 126.0, 1.168
[05:40:06] 148.4, 125.9, 1.724
[05:40:07] 176.1, 126.0, 1.152
[05:40:08] 144.3, 126.0, 1.137
[05:40:09] 144.3, 126.0, 1.132
[05:40:10] 144.2, 126.0, 1.127
[05:40:11] 144.1, 125.9, 1.722
[05:40:12] 172.2, 126.0, 1.126
[05:40:13] 141.6, 125.9, 1.125
[05:40:14] 141.7, 126.0, 1.118
[05:40:15] 141.8, 125.9, 1.111
[05:40:16] 141.8, 125.9, 1.727
[05:40:17] 171.3, 125.9, 1.114
[05:40:18] 139.6, 125.9, 1.111
[05:40:19] 139.8, 125.9, 1.115
[05:40:20] 140.0, 125.9, 1.117
[05:40:21] 140.2, 125.8, 1.724
[05:40:22] 171.1, 125.9, 1.110
[05:40:23] 139.6, 125.9, 1.113
[05:40:24] 139.8, 125.9, 1.114
[05:40:25] 139.9, 125.9, 1.109
[05:40:26] 140.0, 125.9, 1.721
[05:40:27] 171.3, 125.9, 1.108
[05:40:28] 138.9, 126.0, 1.108
[05:40:29] 139.1, 126.0, 1.112
[05:40:30] 139.3, 126.0, 1.104
[05:40:31] 139.5, 125.9, 1.725
[05:40:32] 170.9, 126.0, 1.110
[05:40:33] 138.9, 125.9, 1.107
[05:40:34] 139.1, 126.0, 1.098
[05:40:35] 139.2, 126.0, 1.107
[05:40:36] 139.4, 125.8, 1.724
[05:40:37] 170.4, 126.0, 1.105
[05:40:38] 138.1, 126.0, 1.101
[05:40:39] 138.3, 126.0, 1.102
[05:40:40] 138.5, 125.9, 1.102
[05:40:41] 138.7, 125.9, 2.012
[05:40:42] 181.0, 126.0, 1.040
[05:40:43] 130.5, 126.0, 1.108
[05:40:44] 139.2, 125.9, 1.099
[05:40:45] 139.3, 125.9, 1.103
[05:40:46] 139.4, 125.9, 2.032
[05:40:47] 180.5, 125.9, 1.035
[05:40:48] 130.5, 126.0, 1.109
[05:40:49] 138.7, 125.9, 1.099
[05:40:50] 138.8, 125.9, 1.103
[05:40:51] 138.9, 125.8, 2.505
[05:40:52] 179.4, 125.9, 1.042
[05:40:53] 130.5, 125.9, 1.109
[05:40:54] 138.7, 125.8, 1.099
[05:40:55] 138.8, 125.9, 1.099
[05:40:56] 139.0, 125.7, 3.327
[05:40:57] 180.5, 125.9, 1.034
[05:40:58] 141.0, 125.9, 1.101
[05:40:59] 140.6, 125.9, 1.102
[05:41:00] 140.4, 125.9, 1.101
[05:41:01] 140.3, 125.9, 1.109
[05:41:02] 167.1, 126.0, 1.007
[05:41:03] 178.1, 125.9, 1.105
[05:41:04] 136.1, 125.9, 1.104
[05:41:05] 136.5, 125.9, 1.103
[05:41:06] 136.9, 125.8, 1.106
[05:41:07] 137.4, 125.8, 1.921
[05:41:08] 227.7, 125.9, 1.052
[05:41:09] 156.8, 125.9, 1.098
[05:41:10] 140.1, 125.8, 1.101
[05:41:11] 140.0, 125.8, 1.106
[05:41:12] 140.0, 125.9, 1.105
[05:41:13] 140.1, 125.8, 1.884
[05:41:14] 254.0, 125.9, 1.413
[05:41:15] 202.6, 125.9, 1.099
[05:41:16] 140.7, 125.9, 1.105
[05:41:17] 140.6, 125.9, 1.101
[05:41:18] 140.5, 125.9, 1.105
[05:41:19] 140.5, 125.8, 1.870
[05:41:20] 208.5, 125.8, 1.881
[05:41:21] 238.4, 125.8, 1.945
[05:41:22] 245.8, 125.9, 1.405
[05:41:23] 204.7, 125.9, 1.100
[05:41:24] 140.8, 125.9, 1.101
[05:41:25] 140.6, 125.9, 1.103
[05:41:26] 140.5, 125.9, 1.105
[05:41:27] 140.5, 125.8, 1.889
[05:41:28] 214.9, 125.8, 1.881
[05:41:29] 238.2, 125.8, 1.942
[05:41:30] 246.4, 125.8, 1.945
[05:41:31] 246.3, 125.8, 1.946
[05:41:32] 246.3, 125.8, 1.947
[05:41:33] 246.3, 125.9, 1.088
[05:41:34] 186.6, 125.9, 1.102
[05:41:35] 140.5, 125.9, 1.103
[05:41:36] 140.4, 125.9, 1.106
[05:41:37] 140.4, 125.9, 1.103
[05:41:38] 140.3, 125.8, 1.917
[05:41:39] 229.5, 125.8, 1.885
[05:41:40] 239.9, 125.7, 1.948
[05:41:41] 246.0, 125.8, 1.947
[05:41:42] 246.0, 125.7, 1.950
[05:41:43] 246.1, 125.8, 1.951
[05:41:44] 246.2, 125.7, 1.953
[05:41:45] 246.3, 125.7, 1.954
[05:41:46] 246.3, 125.7, 1.954
[05:41:47] 246.4, 125.7, 1.954
[05:41:48] 246.5, 125.7, 1.953
[05:41:49] 246.6, 125.7, 1.953
[05:41:50] 246.5, 125.8, 1.109
[05:41:51] 138.9, 125.8, 1.111
[05:41:52] 139.1, 125.8, 1.111
[05:41:53] 139.3, 125.8, 1.102
