<<<[02:17:03] 142.4, 126.4, 1.120
[02:17:04] 142.4, 126.4, 1.130
[02:17:05] 142.6, 126.4, 1.137
[02:17:06] 142.9, 126.4, 1.246
[02:17:07] 156.4, 126.4, 1.249
[02:17:08] 156.6, 126.4, 1.241
[02:17:09] 156.8, 126.4, 1.125
[02:17:10] 144.6, 126.4, 1.133
[02:17:11] 144.5, 126.4, 1.131
[02:17:12] 144.5, 126.4, 1.125
[02:17:13] 144.5, 126.4, 1.135
[02:17:14] 144.5, 126.4, 1.102
[02:17:15] 169.1, 126.4, 1.109
[02:17:16] 142.3, 126.4, 1.122
[02:17:17] 142.2, 126.4, 1.108
[02:17:18] 142.2, 126.4, 1.129
[02:17:19] 142.2, 126.4, 1.113
[02:17:20] 169.8, 126.3, 1.111
[02:17:21] 141.6, 126.4, 1.109
[02:17:22] 141.5, 126.4, 1.107
[02:17:23] 141.6, 126.4, 1.107
[02:17:24] 141.6, 126.4, 1.043
[02:17:25] 177.8, 126.4, 1.107
[02:17:26] 135.8, 126.4, 1.104
[02:17:27] 141.4, 126.4, 1.104
[02:17:28] 141.4, 126.4, 1.104
[02:17:29] 141.4, 126.5, 1.035
[02:17:30] 178.7, 126.4, 1.093
[02:17:31] 135.8, 126.4, 1.108
[02:17:32] 141.2, 126.5, 1.103
[02:17:33] 141.2, 126.5, 1.103
[02:17:34] 141.2, 126.5, 1.041
[02:17:35] 178.5, 126.5, 1.061
[02:17:36] 135.2, 126.5, 1.108
[02:17:37] 141.2, 126.5, 1.110
[02:17:38] 141.2, 126.4, 1.111
[02:17:39] 141.3, 126.4, 1.286
[02:17:40] 192.8, 126.4, 1.043
[02:17:41] 135.4, 126.4, 1.114
[02:17:42] 141.0, 126.4, 1.116
[02:17:43] 141.1, 126.4, 1.110
[02:17:44] 141.1, 126.3, 1.676
[02:17:45] 209.8, 126.5, 1.055
[02:17:46] 132.2, 126.4, 1.107
[02:17:47] 141.4, 126.4, 1.108
[02:17:48] 141.4, 126.4, 1.111
[02:17:49] 141.4, 126.2, 2.962
[02:17:50] 199.0, 126.5, 1.048
[02:17:51] 187.2, 126.4, 1.103
[02:17:52] 139.6, 126.4, 1.108
[02:17:53] 139.7, 126.4, 1.112
[02:17:54] 140.0, 126.4, 1.109
[02:17:55] 140.2, 126.3, 2.192
[02:17:56] 258.0, 126.4, 1.304
[02:17:57] 210.7, 126.5, 1.106
[02:17:58] 142.3, 126.5, 1.107
[02:17:59] 142.1, 126.4, 1.114
[02:18:00] 142.0, 126.4, 1.117
[02:18:01] 142.0, 126.3, 2.180
[02:18:02] 241.1, 126.3, 2.165
[02:18:03] 275.0, 126.4, 1.639
[02:18:04] 253.3, 126.5, 1.106
[02:18:05] 139.8, 126.5, 1.117
[02:18:06] 140.0, 126.4, 1.110
[02:18:07] 140.2, 126.4, 1.116
[02:18:08] 140.4, 126.3, 2.758
[02:18:09] 204.7, 126.3, 2.168
[02:18:10] 275.9, 126.3, 2.233
[02:18:11] 281.5, 126.3, 2.232
[02:18:12] 281.7, 126.3, 2.232
[02:18:13] 281.9, 126.5, 1.097
[02:18:14] 189.9, 126.4, 1.106
[02:18:15] 141.6, 126.4, 1.105
[02:18:16] 141.5, 126.5, 1.109
[02:18:17] 141.5, 126.5, 1.103
[02:18:18] 141.6, 126.3, 2.173
[02:18:19] 269.9, 126.4, 2.195
[02:18:20] 277.3, 126.3, 2.233
[02:18:21] 283.3, 126.3, 2.234
[02:18:22] 283.3, 126.3, 2.235
[02:18:23] 283.3, 126.3, 2.234
[02:18:24] 283.3, 126.3, 2.234
[02:18:25] 283.4, 126.3, 2.239
[02:18:26] 283.4, 126.3, 2.237
[02:18:27] 283.5, 126.4, 1.097
[02:18:28] 194.1, 126.5, 1.099
[02:18:29] 141.4, 126.5, 1.109
[02:18:30] 141.4, 126.5, 1.109
[02:18:31] 141.4, 126.5, 1.116
[02:18:32] 141.5, 126.3, 2.189
[02:18:33] 263.0, 126.3, 2.179
[02:18:34] 277.3, 126.3, 2.237
[02:18:35] 283.7, 126.3, 2.234
[02:18:36] 283.7, 126.4, 2.240
[02:18:37] 283.7, 126.3, 2.238
[02:18:38] 283.7, 126.3, 2.241
[02:18:39] 283.8, 126.3, 2.239
[02:18:40] 283.8, 126.4, 2.239
[02:18:41] 283.8, 126.4, 2.239
[02:18:42] 283.8, 126.4, 2.238
[02:18:43] 283.8, 126.4, 2.237
[02:18:44] 283.9, 126.4, 2.238
[02:18:45] 283.9, 126.4, 2.238
[02:18:46] 283.9, 126.3, 2.236
[02:18:47] 283.9, 126.4, 2.239
[02:18:48] 283.9, 126.4, 2.237
[02:18:49] 283.9, 126.3, 2.240
[02:18:50] 283.9, 126.5, 1.136
[02:18:51] 189.9, 126.4, 1.112
[02:18:52] 141.6, 126.5, 1.108
[02:18:53] 141.6, 126.5, 1.115
[02:18:54] 141.6, 126.5, 1.106
<<<[02:20:43] 142.8, 126.4, 1.115
[02:20:44] 142.7, 126.4, 1.113
[02:20:45] 142.5, 126.4, 1.111
[02:20:46] 142.4, 126.4, 1.263
[02:20:47] 152.2, 126.4, 1.234
[02:20:48] 157.3, 126.4, 1.236
[02:20:49] 157.3, 126.4, 1.139
[02:20:50] 148.6, 126.4, 1.130
[02:20:51] 148.0, 126.4, 1.129
[02:20:52] 147.5, 126.4, 1.129
[02:20:53] 147.1, 126.4, 1.131
[02:20:54] 146.7, 126.4, 1.298
[02:20:55] 170.9, 126.4, 1.117
[02:20:56] 143.4, 126.4, 1.112
[02:20:57] 143.2, 126.4, 1.123
[02:20:58] 143.2, 126.4, 1.119
[02:20:59] 143.0, 126.4, 1.284
[02:21:00] 168.4, 126.3, 1.108
[02:21:01] 141.9, 126.3, 1.108
[02:21:02] 141.8, 126.3, 1.112
[02:21:03] 141.8, 126.4, 1.108
[02:21:04] 141.8, 126.4, 1.275
[02:21:05] 177.6, 126.4, 1.048
[02:21:06] 134.5, 126.4, 1.114
[02:21:07] 142.5, 126.4, 1.119
[02:21:08] 142.5, 126.4, 1.106
[02:21:09] 142.4, 126.4, 1.291
[02:21:10] 178.1, 126.4, 1.047
[02:21:11] 134.5, 126.4, 1.119
[02:21:12] 142.1, 126.4, 1.111
[02:21:13] 142.0, 126.4, 1.120
[02:21:14] 142.0, 126.4, 1.281
[02:21:15] 179.0, 126.4, 1.040
[02:21:16] 134.1, 126.5, 1.110
[02:21:17] 142.1, 126.5, 1.107
[02:21:18] 142.0, 126.5, 1.110
[02:21:19] 142.0, 126.4, 1.615
[02:21:20] 196.6, 126.5, 1.045
[02:21:21] 131.4, 126.5, 1.115
[02:21:22] 142.1, 126.4, 1.105
[02:21:23] 142.0, 126.4, 1.113
[02:21:24] 142.0, 126.3, 2.617
[02:21:25] 203.5, 126.4, 1.045
[02:21:26] 140.3, 126.4, 1.113
[02:21:27] 140.2, 126.4, 1.106
[02:21:28] 140.4, 126.4, 1.111
[02:21:29] 140.6, 126.4, 1.108
[02:21:30] 174.3, 126.4, 1.317
[02:21:31] 213.6, 126.4, 1.110
[02:21:32] 138.7, 126.4, 1.113
[02:21:33] 139.0, 126.4, 1.109
[02:21:34] 139.3, 126.4, 1.117
[02:21:35] 139.7, 126.3, 2.147
[02:21:36] 229.2, 126.4, 1.545
[02:21:37] 242.8, 126.4, 1.105
[02:21:38] 139.6, 126.4, 1.115
[02:21:39] 139.9, 126.4, 1.108
[02:21:40] 140.1, 126.5, 1.108
[02:21:41] 140.4, 126.3, 2.445
[02:21:42] 209.6, 126.3, 2.171
[02:21:43] 276.2, 126.4, 2.236
[02:21:44] 275.7, 126.5, 1.110
[02:21:45] 149.4, 126.4, 1.118
[02:21:46] 141.6, 126.5, 1.111
[02:21:47] 141.6, 126.5, 1.115
[02:21:48] 141.6, 126.5, 1.114
[02:21:49] 179.0, 126.3, 2.176
[02:21:50] 273.0, 126.3, 2.236
[02:21:51] 280.4, 126.3, 2.236
[02:21:52] 280.8, 126.3, 2.240
[02:21:53] 281.2, 126.4, 1.451
[02:21:54] 218.0, 126.4, 1.111
[02:21:55] 142.3, 126.5, 1.114
[02:21:56] 142.2, 126.4, 1.106
[02:21:57] 142.2, 126.5, 1.119
[02:21:58] 142.1, 126.3, 2.200
[02:21:59] 243.1, 126.3, 2.174
[02:22:00] 276.1, 126.3, 2.241
[02:22:01] 284.2, 126.3, 2.240
[02:22:02] 284.2, 126.3, 2.239
[02:22:03] 284.2, 126.3, 2.240
[02:22:04] 284.2, 126.4, 2.241
[02:22:05] 284.3, 126.4, 2.244
[02:22:06] 284.3, 126.4, 2.242
[02:22:07] 284.4, 126.5, 1.486
[02:22:08] 219.2, 126.5, 1.116
[02:22:09] 142.1, 126.5, 1.105
[02:22:10] 142.0, 126.5, 1.121
[02:22:11] 142.0, 126.5, 1.108
[02:22:12] 142.0, 126.3, 2.193
[02:22:13] 242.0, 126.4, 2.172
[02:22:14] 276.2, 126.3, 2.242
[02:22:15] 284.2, 126.4, 2.237
[02:22:16] 284.1, 126.3, 2.242
[02:22:17] 284.1, 126.4, 2.240
[02:22:18] 284.1, 126.3, 2.242
[02:22:19] 284.2, 126.3, 2.242
[02:22:20] 284.2, 126.3, 2.243
[02:22:21] 284.2, 126.3, 2.242
[02:22:22] 284.3, 126.3, 2.244
[02:22:23] 284.4, 126.3, 2.245
[02:22:24] 284.4, 126.3, 2.243
[02:22:25] 284.4, 126.3, 2.245
[02:22:26] 284.5, 126.3, 2.247
[02:22:27] 284.5, 126.3, 2.244
[02:22:28] 284.6, 126.3, 2.247
[02:22:29] 284.6, 126.3, 2.244
[02:22:30] 284.7, 126.5, 1.171
[02:22:31] 200.2, 126.5, 1.117
[02:22:32] 142.5, 126.5, 1.118
[02:22:33] 142.4, 126.4, 1.117
[02:22:34] 142.4, 126.4, 1.114
