<<<[02:28:29] 144.0, 126.5, 1.108
[02:28:30] 143.7, 126.5, 1.110
[02:28:31] 143.4, 126.5, 1.111
[02:28:32] 143.3, 126.5, 1.264
[02:28:33] 151.5, 126.5, 1.105
[02:28:34] 145.9, 126.5, 1.106
[02:28:35] 145.3, 126.5, 1.109
[02:28:36] 144.9, 126.5, 1.128
[02:28:37] 144.8, 126.5, 1.134
[02:28:38] 144.7, 126.4, 1.680
[02:28:39] 172.7, 126.4, 1.110
[02:28:40] 139.6, 126.5, 1.113
[02:28:41] 139.9, 126.4, 1.124
[02:28:42] 140.2, 126.4, 1.123
[02:28:43] 140.5, 126.4, 1.683
[02:28:44] 170.9, 126.5, 1.106
[02:28:45] 138.9, 126.4, 1.111
[02:28:46] 139.1, 126.5, 1.112
[02:28:47] 139.4, 126.2, 1.111
[02:28:48] 139.6, 126.3, 1.690
[02:28:49] 170.0, 126.4, 1.105
[02:28:50] 139.4, 126.3, 1.105
[02:28:51] 139.5, 126.4, 1.104
[02:28:52] 139.7, 126.3, 1.108
[02:28:53] 139.8, 126.2, 1.695
[02:28:54] 169.6, 126.3, 1.105
[02:28:55] 138.5, 126.3, 1.105
[02:28:56] 138.7, 126.3, 1.106
[02:28:57] 138.9, 126.3, 1.106
[02:28:58] 139.2, 126.2, 1.694
[02:28:59] 168.9, 126.3, 1.108
[02:29:00] 138.9, 126.3, 1.109
[02:29:01] 139.1, 126.3, 1.104
[02:29:02] 139.3, 126.3, 1.104
[02:29:03] 139.4, 126.2, 1.708
[02:29:04] 168.4, 126.3, 1.106
[02:29:05] 138.5, 126.6, 1.100
[02:29:06] 138.7, 126.5, 1.100
[02:29:07] 138.9, 126.5, 1.100
[02:29:08] 139.0, 126.4, 2.068
[02:29:09] 178.1, 126.5, 1.044
[02:29:10] 131.3, 126.5, 1.103
[02:29:11] 139.2, 126.5, 1.097
[02:29:12] 139.2, 126.5, 1.096
[02:29:13] 139.3, 126.4, 2.602
[02:29:14] 179.4, 126.5, 1.031
[02:29:15] 141.2, 126.5, 1.096
[02:29:16] 140.8, 126.5, 1.100
[02:29:17] 140.7, 126.5, 1.099
[02:29:18] 140.6, 126.2, 3.293
[02:29:19] 178.5, 126.5, 1.050
[02:29:20] 152.8, 126.5, 1.097
[02:29:21] 137.6, 126.5, 1.093
[02:29:22] 137.9, 126.5, 1.098
[02:29:23] 138.1, 126.5, 1.096
[02:29:24] 138.4, 126.5, 1.346
[02:29:25] 210.5, 126.5, 1.106
[02:29:26] 136.5, 126.5, 1.091
[02:29:27] 136.8, 126.4, 1.094
[02:29:28] 137.2, 126.4, 1.095
[02:29:29] 137.6, 126.3, 1.790
[02:29:30] 206.9, 126.5, 1.009
[02:29:31] 178.0, 126.4, 1.102
[02:29:32] 139.9, 126.5, 1.099
[02:29:33] 139.8, 126.5, 1.101
[02:29:35] 139.8, 126.4, 1.097
[02:29:36] 139.8, 126.4, 1.840
[02:29:36] 217.1, 126.4, 1.804
[02:29:38] 230.3, 126.4, 1.111
[02:29:39] 165.8, 126.4, 1.097
[02:29:40] 140.5, 126.4, 1.099
[02:29:41] 140.4, 126.5, 1.105
[02:29:41] 140.4, 126.5, 1.094
[02:29:42] 140.4, 126.3, 1.801
[02:29:43] 238.4, 126.4, 1.862
[02:29:44] 231.9, 126.4, 1.868
[02:29:45] 237.1, 126.4, 1.621
[02:29:47] 224.3, 126.5, 1.100
[02:29:48] 138.1, 126.5, 1.094
[02:29:49] 138.3, 126.5, 1.101
[02:29:49] 138.5, 126.5, 1.098
[02:29:50] 138.7, 126.3, 2.310
[02:29:51] 191.7, 126.3, 1.807
[02:29:52] 230.4, 126.4, 1.870
[02:29:53] 235.9, 126.4, 1.869
[02:29:54] 236.0, 126.3, 1.870
[02:29:55] 236.2, 126.4, 1.870
[02:29:56] 236.4, 126.4, 1.870
[02:29:57] 236.5, 126.4, 1.637
[02:29:58] 226.1, 126.5, 1.102
[02:29:59] 139.0, 126.5, 1.100
[02:30:00] 139.2, 126.5, 1.098
[02:30:01] 139.3, 126.5, 1.097
[02:30:02] 139.4, 126.4, 2.510
[02:30:03] 187.4, 126.4, 1.803
[02:30:04] 230.4, 126.4, 1.870
[02:30:05] 235.7, 126.4, 1.869
[02:30:06] 235.9, 126.4, 1.872
[02:30:07] 236.1, 126.4, 1.871
[02:30:08] 236.3, 126.4, 1.870
[02:30:09] 236.5, 126.4, 1.872
[02:30:11] 236.7, 126.4, 1.869
[02:30:12] 236.8, 126.3, 1.873
[02:30:13] 236.9, 126.4, 1.872
[02:30:14] 237.1, 126.4, 1.874
[02:30:15] 237.1, 126.4, 1.873
[02:30:16] 237.2, 126.3, 1.874
[02:30:17] 237.4, 126.4, 1.458
[02:30:18] 210.7, 126.4, 1.101
[02:30:19] 141.6, 126.5, 1.105
[02:30:20] 141.4, 126.5, 1.099
[02:30:21] 141.3, 126.5, 1.105
