<<<[15:52:57] 145.2, 125.1, 1.139
[15:52:58] 145.0, 125.1, 1.143
[15:52:59] 144.8, 125.1, 1.154
[15:53:00] 144.8, 125.1, 1.264
[15:53:01] 156.4, 125.0, 1.276
[15:53:02] 157.0, 125.1, 1.278
[15:53:03] 157.4, 125.1, 1.277
[15:53:04] 157.9, 125.1, 1.281
[15:53:05] 158.1, 125.1, 1.261
[15:53:06] 158.2, 125.1, 1.278
[15:53:07] 158.6, 125.1, 1.281
[15:53:08] 158.9, 125.1, 1.246
[15:53:09] 158.9, 125.1, 1.277
[15:53:10] 159.2, 125.1, 1.262
[15:53:11] 159.2, 125.0, 1.278
[15:53:12] 159.4, 125.0, 1.281
[15:53:13] 159.6, 125.0, 1.279
[15:53:14] 159.8, 125.0, 1.258
[15:53:15] 159.7, 125.0, 1.270
[15:53:16] 159.6, 125.1, 1.239
[15:53:17] 159.4, 125.1, 1.256
[15:53:18] 159.3, 125.1, 1.264
[15:53:19] 159.3, 125.1, 1.243
[15:53:20] 159.1, 125.2, 1.281
[15:53:21] 159.4, 125.1, 1.239
[15:53:22] 159.2, 125.1, 1.247
[15:53:23] 159.0, 125.1, 1.249
[15:53:24] 158.8, 125.1, 1.252
[15:53:25] 158.9, 125.0, 1.251
[15:53:26] 158.9, 125.0, 1.262
[15:53:27] 158.7, 125.0, 1.319
[15:53:28] 159.1, 125.1, 1.181
[15:53:29] 152.2, 125.1, 1.179
[15:53:30] 151.7, 125.1, 1.189
[15:53:31] 151.4, 125.0, 1.178
[15:53:32] 151.1, 125.0, 1.188
[15:53:33] 150.9, 125.1, 1.145
[15:53:34] 171.6, 125.1, 1.111
[15:53:35] 141.8, 125.1, 1.123
[15:53:36] 141.8, 125.0, 1.129
[15:53:37] 141.8, 125.0, 1.118
[15:53:38] 141.7, 125.1, 1.105
[15:53:39] 178.1, 125.0, 1.051
[15:53:40] 135.1, 125.1, 1.109
[15:53:41] 141.8, 125.1, 1.135
[15:53:42] 141.9, 125.1, 1.125
[15:53:43] 141.9, 125.1, 1.123
[15:53:44] 179.8, 125.1, 1.077
[15:53:45] 134.7, 125.1, 1.114
[15:53:46] 141.2, 125.1, 1.120
[15:53:47] 141.2, 125.0, 1.130
[15:53:48] 141.3, 124.9, 1.625
[15:53:49] 196.6, 125.0, 1.061
[15:53:50] 133.6, 125.0, 1.110
[15:53:51] 141.6, 125.0, 1.106
[15:53:52] 141.6, 125.0, 1.111
[15:53:53] 141.6, 125.0, 1.761
[15:53:54] 208.4, 125.0, 1.071
[15:53:55] 137.9, 125.0, 1.127
[15:53:56] 138.4, 125.0, 1.121
[15:53:57] 138.7, 125.1, 1.120
[15:53:58] 139.1, 124.9, 3.266
[15:53:59] 206.2, 125.1, 1.087
[15:54:00] 175.1, 125.2, 1.135
[15:54:01] 139.8, 125.0, 1.141
[15:54:02] 140.0, 125.1, 1.107
[15:54:03] 140.2, 125.1, 1.109
[15:54:04] 140.4, 125.0, 2.362
[15:54:05] 293.8, 125.1, 1.105
[15:54:06] 151.5, 125.1, 1.123
[15:54:07] 142.3, 125.1, 1.121
[15:54:08] 142.2, 125.2, 1.132
[15:54:09] 142.0, 125.1, 1.120
[15:54:10] 157.0, 124.9, 2.367
[15:54:11] 303.2, 125.0, 1.767
[15:54:12] 263.2, 125.0, 1.138
[15:54:13] 143.4, 125.1, 1.134
[15:54:14] 143.2, 125.1, 1.109
[15:54:15] 143.1, 125.1, 1.109
[15:54:16] 142.9, 124.9, 3.074
[15:54:17] 208.0, 125.0, 2.366
[15:54:18] 297.6, 125.0, 2.433
[15:54:19] 303.4, 125.0, 2.433
[15:54:20] 303.6, 125.1, 1.123
[15:54:21] 180.8, 125.2, 1.119
[15:54:22] 142.1, 125.2, 1.130
[15:54:23] 142.0, 125.2, 1.140
[15:54:24] 142.0, 125.1, 1.130
[15:54:25] 142.0, 125.0, 2.359
[15:54:26] 300.1, 124.9, 2.430
[15:54:27] 300.0, 125.0, 2.434
[15:54:28] 300.7, 124.9, 2.436
[15:54:29] 301.3, 124.9, 2.438
[15:54:30] 301.9, 125.0, 2.439
[15:54:31] 302.4, 124.9, 2.440
[15:54:32] 301.9, 125.1, 1.112
[15:54:33] 158.6, 125.1, 1.114
[15:54:34] 142.5, 125.1, 1.115
[15:54:35] 142.3, 125.1, 1.134
[15:54:36] 142.3, 125.1, 1.122
[15:54:37] 174.3, 124.9, 2.375
[15:54:38] 295.1, 124.9, 2.437
[15:54:39] 301.9, 124.9, 2.439
[15:54:40] 302.4, 124.9, 2.439
[15:54:41] 302.8, 124.9, 2.439
[15:54:42] 303.2, 124.9, 2.438
[15:54:43] 303.6, 124.9, 2.439
[15:54:44] 303.8, 124.9, 2.434
[15:54:45] 304.1, 124.9, 2.437
[15:54:46] 304.3, 124.8, 2.439
[15:54:47] 304.4, 124.9, 2.441
[15:54:48] 304.6, 124.8, 2.442
[15:54:49] 304.8, 124.9, 2.440
[15:54:50] 304.9, 125.0, 1.149
[15:54:51] 233.2, 125.1, 1.113
[15:54:52] 141.8, 125.1, 1.122
[15:54:53] 141.8, 125.1, 1.130
[15:54:54] 141.8, 125.1, 1.127
