<<<[12:00:47] 141.7, 125.5, 1.119
[12:00:48] 141.6, 125.5, 1.118
[12:00:49] 141.5, 125.5, 1.119
[12:00:50] 141.5, 125.5, 1.285
[12:00:51] 157.7, 125.5, 1.261
[12:00:52] 158.0, 125.5, 1.135
[12:00:53] 145.2, 125.5, 1.143
[12:00:54] 145.0, 125.5, 1.128
[12:00:55] 144.7, 125.5, 1.143
[12:00:56] 144.6, 125.5, 1.139
[12:00:57] 144.6, 125.5, 1.122
[12:00:58] 169.6, 125.5, 1.120
[12:00:59] 141.4, 125.5, 1.112
[12:01:00] 141.4, 125.5, 1.115
[12:01:01] 141.4, 125.5, 1.121
[12:01:02] 141.5, 125.5, 1.112
[12:01:03] 0.0, 125.5, 1.123
[12:01:04] 140.8, 125.5, 1.110
[12:01:05] 140.8, 125.5, 1.115
[12:01:06] 140.8, 125.5, 1.110
[12:01:07] 140.8, 125.5, 1.107
[12:01:08] 168.4, 125.4, 1.113
[12:01:09] 140.5, 125.5, 1.106
[12:01:10] 140.5, 125.5, 1.117
[12:01:11] 140.6, 125.5, 1.118
[12:01:12] 140.6, 125.5, 1.103
[12:01:13] 167.3, 125.5, 1.111
[12:01:14] 140.3, 125.5, 1.107
[12:01:15] 140.3, 125.5, 1.105
[12:01:16] 140.3, 125.5, 1.101
[12:01:17] 140.3, 125.5, 1.105
[12:01:18] 167.5, 125.5, 1.107
[12:01:19] 140.5, 125.5, 1.109
[12:01:20] 140.5, 125.5, 1.109
[12:01:21] 140.5, 125.6, 1.104
[12:01:22] 140.6, 125.6, 1.032
[12:01:23] 175.1, 125.6, 1.074
[12:01:24] 134.1, 125.5, 1.105
[12:01:25] 139.8, 125.5, 1.110
[12:01:26] 139.8, 125.5, 1.105
[12:01:27] 139.9, 125.5, 1.035
[12:01:28] 173.6, 125.5, 1.069
[12:01:29] 133.6, 125.5, 1.113
[12:01:30] 140.3, 125.5, 1.111
[12:01:31] 140.3, 125.5, 1.109
[12:01:32] 140.3, 125.5, 1.285
[12:01:33] 183.7, 125.5, 1.042
[12:01:34] 134.1, 125.5, 1.103
[12:01:35] 140.1, 125.5, 1.100
[12:01:36] 140.0, 125.6, 1.107
[12:01:37] 140.0, 125.5, 1.615
[12:01:38] 196.2, 125.6, 1.041
[12:01:39] 129.8, 125.6, 1.108
[12:01:40] 140.5, 125.6, 1.105
[12:01:41] 140.5, 125.5, 1.107
[12:01:42] 140.4, 125.3, 2.868
[12:01:43] 185.0, 125.5, 1.016
[12:01:44] 173.1, 125.5, 1.098
[12:01:45] 137.4, 125.5, 1.099
[12:01:46] 137.6, 125.5, 1.102
[12:01:47] 138.0, 125.5, 1.100
[12:01:48] 138.2, 125.4, 1.822
[12:01:49] 225.2, 125.5, 1.039
[12:01:50] 176.7, 125.5, 1.105
[12:01:51] 140.1, 125.4, 1.106
[12:01:52] 140.0, 125.5, 1.105
[12:01:53] 140.0, 125.5, 1.108
[12:01:54] 140.0, 125.3, 1.843
[12:01:55] 217.6, 125.3, 1.806
[12:01:56] 228.5, 125.4, 1.338
[12:01:57] 200.9, 125.5, 1.100
[12:01:58] 140.5, 125.5, 1.100
[12:01:59] 140.4, 125.5, 1.101
[12:02:00] 140.3, 125.5, 1.107
[12:02:01] 140.3, 125.4, 1.787
[12:02:02] 202.4, 125.3, 1.804
[12:02:03] 227.4, 125.3, 1.870
[12:02:04] 235.2, 125.3, 1.870
[12:02:05] 235.2, 125.3, 1.860
[12:02:06] 234.6, 125.4, 1.111
[12:02:07] 148.6, 125.4, 1.099
[12:02:08] 139.9, 125.4, 1.108
[12:02:09] 139.9, 125.4, 1.104
[12:02:10] 139.9, 125.4, 1.147
[12:02:11] 174.9, 125.4, 1.806
[12:02:12] 224.7, 125.4, 1.866
[12:02:13] 232.4, 125.4, 1.870
[12:02:14] 232.7, 125.4, 1.872
[12:02:15] 233.1, 125.4, 1.873
[12:02:16] 233.5, 125.3, 1.872
[12:02:17] 233.8, 125.3, 1.873
[12:02:18] 234.1, 125.3, 1.872
[12:02:19] 234.3, 125.4, 1.643
[12:02:20] 220.1, 125.4, 1.109
[12:02:21] 138.7, 125.5, 1.103
[12:02:22] 138.9, 125.5, 1.104
[12:02:23] 139.0, 125.4, 1.109
[12:02:24] 139.1, 125.3, 1.934
[12:02:25] 196.8, 125.3, 1.810
[12:02:26] 228.5, 125.4, 1.872
[12:02:27] 234.6, 125.4, 1.873
[12:02:28] 234.7, 125.4, 1.873
[12:02:29] 234.9, 125.3, 1.873
[12:02:30] 235.0, 125.4, 1.873
[12:02:31] 235.2, 125.3, 1.872
[12:02:32] 235.3, 125.4, 1.875
[12:02:33] 235.4, 125.3, 1.873
[12:02:34] 235.4, 125.3, 1.874
[12:02:35] 235.5, 125.3, 1.875
[12:02:36] 235.6, 125.3, 1.873
[12:02:37] 235.7, 125.3, 1.876
[12:02:38] 235.7, 125.3, 1.875
[12:02:39] 235.8, 125.3, 1.875
[12:02:40] 235.8, 125.3, 1.875
[12:02:41] 235.9, 125.3, 1.876
[12:02:42] 235.6, 125.4, 1.111
[12:02:43] 138.7, 125.4, 1.104
[12:02:44] 138.8, 125.3, 1.102
[12:02:45] 139.0, 125.3, 1.115
