<<<[06:36:13] 141.2, 125.8, 1.145
[06:36:14] 141.6, 125.8, 1.139
[06:36:15] 142.1, 125.8, 1.154
[06:36:16] 147.5, 125.8, 1.256
[06:36:17] 153.7, 125.8, 1.273
[06:36:18] 160.4, 125.7, 1.275
[06:36:19] 160.5, 125.7, 1.281
[06:36:20] 160.4, 125.7, 1.270
[06:36:21] 160.3, 125.7, 1.275
[06:36:22] 160.4, 125.7, 1.272
[06:36:23] 160.5, 125.8, 1.271
[06:36:24] 160.4, 125.8, 1.242
[06:36:25] 160.2, 125.7, 1.256
[06:36:26] 160.1, 125.8, 1.245
[06:36:27] 159.9, 125.8, 1.273
[06:36:28] 160.0, 125.8, 1.246
[06:36:29] 159.9, 125.8, 1.297
[06:36:30] 159.8, 125.8, 1.261
[06:36:31] 159.5, 125.8, 1.304
[06:36:32] 159.7, 125.9, 1.119
[06:36:33] 144.5, 125.9, 1.143
[06:36:34] 144.5, 125.8, 1.127
[06:36:35] 144.4, 125.9, 1.126
[06:36:36] 144.4, 125.9, 1.135
[06:36:37] 144.8, 125.9, 1.110
[06:36:38] 164.4, 125.9, 1.110
[06:36:39] 140.7, 125.9, 1.105
[06:36:40] 140.6, 125.8, 1.110
[06:36:41] 140.6, 125.8, 1.106
[06:36:42] 140.8, 125.8, 1.118
[06:36:43] 164.6, 125.8, 1.109
[06:36:44] 140.3, 125.8, 1.106
[06:36:45] 140.2, 125.9, 1.104
[06:36:46] 140.2, 125.8, 1.106
[06:36:47] 159.3, 125.8, 1.058
[06:36:48] 158.8, 125.8, 1.109
[06:36:49] 136.1, 125.9, 1.108
[06:36:50] 136.6, 125.8, 1.102
[06:36:51] 137.0, 125.8, 1.107
[06:36:52] 155.5, 125.9, 1.051
[06:36:53] 156.0, 125.8, 1.112
[06:36:54] 135.8, 125.8, 1.105
[06:36:55] 136.3, 125.8, 1.109
[06:36:56] 136.8, 125.8, 1.107
[06:36:57] 137.3, 125.8, 1.055
[06:36:58] 176.3, 125.8, 1.107
[06:36:59] 135.8, 125.9, 1.101
[06:37:00] 136.3, 125.9, 1.099
[06:37:01] 136.7, 125.9, 1.098
[06:37:02] 137.1, 125.9, 1.006
[06:37:03] 191.7, 125.9, 1.105
[06:37:04] 134.9, 125.9, 1.098
[06:37:05] 135.5, 125.9, 1.099
[06:37:06] 136.0, 125.9, 1.102
[06:37:07] 136.5, 125.9, 1.532
[06:37:08] 225.9, 125.9, 1.037
[06:37:09] 130.7, 125.9, 1.101
[06:37:10] 140.1, 125.9, 1.103
[06:37:11] 140.0, 125.9, 1.103
[06:37:12] 140.0, 125.8, 2.295
[06:37:13] 225.4, 125.9, 1.013
[06:37:14] 178.7, 126.0, 1.107
[06:37:15] 139.2, 125.9, 1.099
[06:37:16] 139.2, 125.9, 1.102
[06:37:17] 139.3, 125.9, 1.097
[06:37:18] 139.4, 125.8, 2.281
[06:37:19] 284.8, 125.9, 1.337
[06:37:20] 212.9, 125.9, 1.096
[06:37:21] 140.3, 125.9, 1.099
[06:37:22] 140.2, 125.9, 1.105
[06:37:23] 140.2, 125.8, 1.099
[06:37:24] 140.1, 125.7, 2.316
[06:37:25] 253.3, 125.7, 2.286
[06:37:26] 288.7, 125.7, 2.213
[06:37:27] 276.4, 125.8, 1.101
[06:37:28] 148.4, 125.9, 1.104
[06:37:29] 139.9, 125.9, 1.105
[06:37:30] 139.9, 125.9, 1.104
[06:37:31] 139.9, 125.6, 3.535
[06:37:32] 190.4, 125.7, 2.284
[06:37:33] 286.9, 125.7, 2.345
[06:37:34] 293.6, 125.7, 2.348
[06:37:35] 293.9, 125.7, 2.352
[06:37:36] 294.2, 125.8, 1.664
[06:37:37] 261.2, 125.8, 1.111
[06:37:38] 138.7, 125.9, 1.105
[06:37:39] 138.9, 125.8, 1.107
[06:37:40] 139.0, 125.8, 1.103
[06:37:41] 139.1, 125.7, 2.868
[06:37:42] 207.8, 125.7, 2.286
[06:37:43] 289.3, 125.6, 2.351
[06:37:44] 295.1, 125.7, 2.352
[06:37:45] 295.2, 125.7, 2.353
[06:37:46] 295.5, 125.7, 2.352
[06:37:47] 295.7, 125.7, 2.352
[06:37:48] 295.9, 125.8, 2.353
[06:37:49] 296.1, 125.7, 2.355
[06:37:50] 296.3, 125.8, 2.356
[06:37:51] 296.4, 126.0, 1.343
[06:37:52] 221.0, 126.0, 1.100
[06:37:53] 140.8, 125.9, 1.103
[06:37:54] 140.7, 125.9, 1.102
[06:37:55] 140.6, 125.9, 1.104
[06:37:56] 140.6, 125.8, 2.307
[06:37:57] 250.5, 125.8, 2.288
[06:37:58] 289.3, 125.7, 2.354
[06:37:59] 297.2, 125.7, 2.356
[06:38:00] 297.2, 125.7, 2.355
[06:38:01] 297.2, 125.7, 2.357
[06:38:02] 297.3, 125.7, 2.353
[06:38:03] 297.3, 125.8, 2.356
[06:38:04] 297.3, 125.8, 2.355
[06:38:05] 297.4, 125.7, 2.357
[06:38:06] 297.4, 125.7, 2.355
[06:38:07] 297.4, 125.7, 2.357
[06:38:08] 297.4, 125.7, 2.356
[06:38:09] 297.4, 125.7, 2.356
[06:38:10] 297.4, 125.7, 2.358
[06:38:11] 297.4, 125.7, 2.356
[06:38:12] 297.4, 125.7, 2.357
[06:38:13] 297.5, 125.7, 2.357
[06:38:14] 297.5, 125.7, 2.359
[06:38:15] 297.5, 125.7, 2.325
[06:38:16] 270.8, 125.8, 1.106
[06:38:17] 140.5, 125.9, 1.107
[06:38:18] 140.5, 125.8, 1.107
[06:38:19] 140.5, 125.9, 1.104
