<<<[22:25:16] 142.4, 125.8, 1.114
[22:25:17] 142.3, 125.7, 1.121
[22:25:18] 142.3, 125.7, 1.118
[22:25:19] 142.2, 125.7, 1.256
[22:25:20] 149.5, 125.7, 1.186
[22:25:21] 154.6, 125.7, 1.131
[22:25:22] 144.5, 125.7, 1.134
[22:25:23] 144.3, 125.7, 1.127
[22:25:24] 144.1, 125.6, 1.134
[22:25:25] 144.0, 125.7, 1.136
[22:25:26] 144.0, 125.7, 1.139
[22:25:27] 169.4, 125.7, 1.125
[22:25:28] 142.1, 125.7, 1.127
[22:25:29] 142.3, 125.7, 1.139
[22:25:30] 142.6, 125.7, 1.140
[22:25:31] 142.9, 125.7, 1.132
[22:25:32] 168.7, 125.6, 1.109
[22:25:33] 141.2, 125.7, 1.114
[22:25:34] 141.1, 125.7, 1.108
[22:25:35] 141.1, 125.7, 1.117
[22:25:36] 141.1, 125.7, 1.129
[22:25:37] 168.5, 125.7, 1.109
[22:25:38] 140.5, 125.8, 1.108
[22:25:39] 140.5, 125.7, 1.107
[22:25:40] 140.5, 125.7, 1.112
[22:25:41] 140.5, 125.7, 1.128
[22:25:42] 168.2, 125.7, 1.108
[22:25:43] 140.8, 125.7, 1.104
[22:25:44] 140.7, 125.7, 1.108
[22:25:45] 140.6, 125.8, 1.113
[22:25:46] 140.6, 125.8, 1.128
[22:25:47] 168.0, 125.8, 1.107
[22:25:48] 140.5, 125.8, 1.099
[22:25:49] 140.4, 125.8, 1.110
[22:25:50] 140.4, 125.8, 1.110
[22:25:51] 140.5, 125.8, 1.118
[22:25:52] 167.3, 125.8, 1.105
[22:25:53] 140.3, 125.8, 1.107
[22:25:54] 140.2, 125.8, 1.102
[22:25:55] 140.2, 125.8, 1.109
[22:25:56] 140.2, 125.8, 1.119
[22:25:57] 166.9, 125.8, 1.103
[22:25:58] 139.9, 125.7, 1.106
[22:25:59] 139.9, 125.8, 1.099
[22:26:00] 139.9, 125.7, 1.106
[22:26:01] 139.9, 125.7, 1.060
[22:26:02] 174.0, 125.7, 1.102
[22:26:03] 135.1, 125.7, 1.107
[22:26:04] 135.6, 125.7, 1.103
[22:26:05] 136.2, 125.7, 1.103
[22:26:06] 136.6, 125.7, 1.059
[22:26:07] 173.1, 125.7, 1.066
[22:26:08] 134.0, 125.7, 1.100
[22:26:09] 139.4, 125.7, 1.107
[22:26:10] 139.5, 125.7, 1.105
[22:26:11] 139.6, 125.7, 1.120
[22:26:12] 182.5, 125.7, 1.043
[22:26:13] 134.0, 125.7, 1.100
[22:26:14] 139.8, 125.7, 1.104
[22:26:15] 139.8, 125.7, 1.099
[22:26:16] 139.7, 125.7, 1.852
[22:26:17] 202.9, 125.8, 1.035
[22:26:18] 148.8, 125.8, 1.101
[22:26:19] 139.4, 125.8, 1.108
[22:26:20] 139.5, 125.8, 1.101
[22:26:21] 139.5, 125.8, 1.095
[22:26:22] 170.5, 125.7, 1.636
[22:26:23] 220.9, 125.7, 1.101
[22:26:24] 141.0, 125.7, 1.101
[22:26:25] 140.8, 125.7, 1.105
[22:26:26] 140.6, 125.8, 1.104
[22:26:27] 140.6, 125.7, 2.985
[22:26:28] 185.0, 125.7, 1.862
[22:26:29] 235.5, 125.8, 1.202
[22:26:30] 194.4, 125.8, 1.113
[22:26:31] 140.8, 125.7, 1.099
[22:26:32] 140.6, 125.8, 1.105
[22:26:33] 140.5, 125.8, 1.099
[22:26:34] 140.4, 125.7, 1.897
[22:26:35] 221.8, 125.7, 1.863
[22:26:36] 235.7, 125.6, 1.924
[22:26:37] 243.1, 125.7, 1.637
[22:26:38] 219.9, 125.7, 1.107
[22:26:39] 138.3, 125.7, 1.100
[22:26:40] 138.5, 125.7, 1.105
[22:26:41] 138.6, 125.7, 1.108
[22:26:42] 138.8, 125.6, 1.947
[22:26:43] 199.7, 125.6, 1.862
[22:26:44] 235.5, 125.6, 1.921
[22:26:45] 242.2, 125.7, 1.924
[22:26:46] 242.2, 125.7, 1.922
[22:26:47] 242.3, 125.7, 1.924
[22:26:48] 242.4, 125.7, 1.925
[22:26:49] 242.3, 125.7, 1.111
[22:26:50] 159.5, 125.8, 1.112
[22:26:51] 140.5, 125.8, 1.106
[22:26:52] 140.4, 125.8, 1.101
[22:26:53] 140.4, 125.8, 1.101
[22:26:54] 153.7, 125.7, 1.858
[22:26:55] 241.3, 125.7, 1.927
[22:26:56] 240.9, 125.6, 1.920
[22:26:57] 241.1, 125.7, 1.922
[22:26:58] 241.4, 125.6, 1.927
[22:26:59] 241.6, 125.6, 1.926
[22:27:00] 241.8, 125.6, 1.930
[22:27:01] 242.0, 125.6, 1.927
[22:27:02] 242.1, 125.6, 1.925
[22:27:03] 242.3, 125.6, 1.924
[22:27:04] 242.4, 125.6, 1.923
[22:27:05] 242.5, 125.7, 1.925
[22:27:06] 242.7, 125.7, 1.841
[22:27:07] 222.5, 125.8, 1.100
[22:27:08] 141.0, 125.8, 1.104
[22:27:09] 140.8, 125.8, 1.108
[22:27:10] 140.8, 125.8, 1.116
