<<<[22:35:32] 140.3, 125.6, 1.116
[22:35:33] 140.4, 125.7, 1.114
[22:35:34] 140.5, 125.7, 1.115
[22:35:35] 140.6, 125.6, 1.246
[22:35:36] 152.2, 125.6, 1.260
[22:35:37] 159.5, 125.7, 1.125
[22:35:38] 146.8, 125.7, 1.115
[22:35:39] 146.2, 125.6, 1.124
[22:35:40] 145.8, 125.6, 1.132
[22:35:41] 145.5, 125.6, 1.137
[22:35:42] 145.3, 125.7, 1.104
[22:35:43] 169.1, 125.7, 1.111
[22:35:44] 141.2, 125.7, 1.120
[22:35:45] 141.2, 125.7, 1.148
[22:35:46] 141.5, 125.7, 1.145
[22:35:47] 141.9, 125.7, 1.115
[22:35:48] 169.4, 125.7, 1.118
[22:35:49] 141.2, 125.6, 1.118
[22:35:50] 141.2, 125.6, 1.123
[22:35:51] 141.2, 125.6, 1.120
[22:35:52] 141.3, 125.6, 1.119
[22:35:53] 168.5, 125.6, 1.108
[22:35:54] 140.5, 125.6, 1.114
[22:35:55] 140.5, 125.7, 1.109
[22:35:56] 140.5, 125.7, 1.110
[22:35:57] 140.5, 125.7, 1.129
[22:35:58] 168.2, 125.6, 1.114
[22:35:59] 140.7, 125.6, 1.116
[22:36:00] 140.6, 125.6, 1.112
[22:36:01] 140.6, 125.7, 1.111
[22:36:02] 140.7, 125.6, 1.138
[22:36:03] 168.0, 125.6, 1.106
[22:36:04] 140.1, 125.7, 1.107
[22:36:05] 140.1, 125.7, 1.106
[22:36:06] 140.1, 125.7, 1.112
[22:36:07] 140.1, 125.7, 1.145
[22:36:08] 167.6, 125.7, 1.103
[22:36:09] 140.8, 125.7, 1.117
[22:36:10] 140.7, 125.7, 1.114
[22:36:11] 140.7, 125.7, 1.111
[22:36:12] 140.6, 125.7, 1.159
[22:36:13] 166.7, 125.7, 1.109
[22:36:14] 140.1, 125.7, 1.103
[22:36:15] 140.0, 125.7, 1.104
[22:36:16] 140.0, 125.7, 1.111
[22:36:17] 140.0, 125.7, 1.160
[22:36:18] 176.0, 125.7, 1.041
[22:36:19] 133.4, 125.7, 1.101
[22:36:20] 140.3, 125.7, 1.109
[22:36:21] 140.2, 125.8, 1.107
[22:36:22] 140.2, 125.7, 1.150
[22:36:23] 174.5, 125.8, 1.041
[22:36:24] 132.2, 125.7, 1.105
[22:36:25] 139.8, 125.7, 1.104
[22:36:26] 139.8, 125.7, 1.108
[22:36:27] 139.8, 125.6, 1.648
[22:36:28] 187.7, 125.7, 1.042
[22:36:29] 130.3, 125.7, 1.111
[22:36:30] 139.9, 125.7, 1.100
[22:36:31] 139.9, 125.7, 1.099
[22:36:32] 139.8, 125.5, 2.938
[22:36:33] 186.3, 125.7, 1.041
[22:36:34] 155.0, 125.7, 1.101
[22:36:35] 137.6, 125.7, 1.099
[22:36:36] 137.8, 125.7, 1.109
[22:36:37] 138.0, 125.6, 1.104
[22:36:38] 138.2, 125.6, 1.906
[22:36:39] 243.5, 125.6, 1.109
[22:36:40] 141.0, 125.6, 1.108
[22:36:41] 140.8, 125.7, 1.103
[22:36:42] 140.7, 125.6, 1.099
[22:36:43] 140.6, 125.7, 1.101
[22:36:44] 172.3, 125.5, 1.915
[22:36:45] 238.2, 125.7, 1.311
[22:36:46] 201.1, 125.7, 1.112
[22:36:47] 140.3, 125.6, 1.107
[22:36:48] 140.2, 125.7, 1.104
[22:36:49] 140.2, 125.6, 1.109
[22:36:50] 140.2, 125.6, 1.906
[22:36:51] 214.7, 125.6, 1.911
[22:36:52] 240.9, 125.5, 1.977
[22:36:53] 249.3, 125.6, 1.320
[22:36:54] 209.6, 125.7, 1.107
[22:36:55] 139.9, 125.7, 1.100
[22:36:56] 139.9, 125.6, 1.109
[22:36:57] 139.8, 125.6, 1.111
[22:36:58] 139.8, 125.5, 1.979
[22:36:59] 203.8, 125.5, 1.914
[22:37:00] 241.5, 125.5, 1.974
[22:37:01] 248.7, 125.5, 1.974
[22:37:02] 248.7, 125.5, 1.973
[22:37:03] 248.7, 125.6, 1.971
[22:37:04] 248.7, 125.6, 1.775
[22:37:05] 234.2, 125.6, 1.112
[22:37:06] 138.5, 125.7, 1.110
[22:37:07] 138.7, 125.7, 1.097
[22:37:08] 138.8, 125.7, 1.103
[22:37:09] 138.9, 125.5, 3.280
[22:37:10] 183.9, 125.6, 1.909
[22:37:11] 240.9, 125.5, 1.973
[22:37:12] 246.4, 125.5, 1.972
[22:37:13] 246.7, 125.5, 1.974
[22:37:14] 247.0, 125.5, 1.977
[22:37:15] 247.3, 125.5, 1.974
[22:37:16] 247.5, 125.5, 1.973
[22:37:17] 247.7, 125.5, 1.981
[22:37:18] 247.9, 125.5, 1.980
[22:37:19] 248.2, 125.5, 1.981
[22:37:20] 248.3, 125.5, 1.981
[22:37:21] 248.5, 125.5, 1.981
[22:37:22] 248.7, 125.6, 1.109
[22:37:23] 154.6, 125.6, 1.108
[22:37:24] 140.3, 125.7, 1.105
[22:37:25] 140.3, 125.7, 1.115
