<<<[14:45:11] 142.8, 125.0, 1.138
[14:45:12] 142.7, 125.0, 1.147
[14:45:13] 142.7, 125.0, 1.139
[14:45:14] 142.9, 125.1, 1.268
[14:45:15] 154.6, 125.0, 1.279
[14:45:16] 160.2, 125.0, 1.278
[14:45:17] 160.3, 125.0, 1.254
[14:45:18] 160.0, 125.0, 1.272
[14:45:19] 160.2, 125.0, 1.237
[14:45:20] 160.1, 125.0, 1.236
[14:45:21] 160.0, 124.8, 1.277
[14:45:22] 160.1, 124.9, 1.282
[14:45:23] 160.0, 125.0, 1.283
[14:45:24] 159.9, 124.9, 1.282
[14:45:25] 160.0, 124.9, 1.282
[14:45:26] 159.9, 125.0, 1.256
[14:45:27] 159.9, 125.0, 1.277
[14:45:28] 160.0, 124.9, 1.251
[14:45:29] 160.0, 124.9, 1.284
[14:45:30] 160.0, 124.9, 1.280
[14:45:31] 159.8, 124.9, 1.288
[14:45:32] 159.9, 124.9, 1.282
[14:45:33] 160.1, 124.9, 1.245
[14:45:34] 160.0, 124.9, 1.280
[14:45:35] 160.0, 124.9, 1.248
[14:45:36] 160.0, 124.9, 1.270
[14:45:37] 160.0, 124.9, 1.259
[14:45:38] 160.0, 124.9, 1.288
[14:45:39] 159.9, 124.9, 1.238
[14:45:40] 159.9, 124.9, 1.233
[14:45:41] 159.7, 124.9, 1.244
[14:45:42] 159.6, 124.9, 1.270
[14:45:43] 159.7, 124.9, 1.279
[14:45:44] 159.6, 124.9, 1.282
[14:45:45] 159.6, 124.9, 1.238
[14:45:46] 159.5, 124.8, 1.281
[14:45:47] 159.7, 124.9, 1.277
[14:45:48] 159.9, 125.0, 1.243
[14:45:49] 159.5, 124.9, 1.248
[14:45:50] 159.2, 124.9, 1.253
[14:45:51] 158.9, 124.9, 1.281
[14:45:52] 158.8, 124.9, 1.248
[14:45:53] 158.6, 125.0, 1.274
[14:45:54] 158.4, 125.0, 1.251
[14:45:55] 158.2, 124.9, 1.286
[14:45:56] 158.2, 125.0, 1.245
[14:45:57] 158.1, 124.9, 1.244
[14:45:58] 158.0, 125.0, 1.242
[14:45:59] 157.9, 125.0, 1.262
[14:46:00] 157.9, 124.9, 1.245
[14:46:01] 157.8, 125.0, 1.251
[14:46:02] 157.7, 125.0, 1.257
[14:46:03] 157.6, 124.9, 1.287
[14:46:04] 157.7, 125.0, 1.280
[14:46:05] 158.1, 125.0, 1.255
[14:46:06] 157.9, 125.0, 1.273
[14:46:07] 157.8, 124.9, 1.244
[14:46:08] 157.6, 124.9, 1.277
[14:46:09] 157.7, 124.9, 1.250
[14:46:10] 157.5, 124.9, 1.241
[14:46:11] 157.5, 124.9, 1.238
[14:46:12] 157.4, 124.9, 1.287
[14:46:13] 157.7, 124.8, 1.246
[14:46:14] 157.6, 124.9, 1.272
[14:46:15] 157.5, 124.9, 1.257
[14:46:16] 157.4, 124.8, 1.288
[14:46:17] 157.5, 124.9, 1.259
[14:46:18] 157.3, 124.9, 1.258
[14:46:19] 157.3, 124.9, 1.239
[14:46:20] 157.2, 124.9, 1.284
[14:46:21] 157.5, 125.0, 1.285
[14:46:22] 158.0, 125.0, 1.279
[14:46:23] 158.4, 125.0, 1.245
[14:46:24] 158.2, 124.9, 1.244
[14:46:25] 158.0, 124.9, 1.243
[14:46:26] 157.8, 125.0, 1.242
[14:46:27] 157.7, 125.0, 1.264
[14:46:28] 157.7, 124.9, 1.245
[14:46:29] 157.6, 124.9, 1.244
[14:46:30] 157.5, 124.9, 1.245
[14:46:31] 157.4, 124.9, 1.246
[14:46:32] 157.3, 124.9, 1.280
[14:46:33] 157.6, 125.0, 1.246
[14:46:34] 157.4, 124.9, 1.240
[14:46:35] 157.3, 125.0, 1.242
[14:46:36] 157.3, 125.0, 1.241
[14:46:37] 157.2, 124.9, 1.283
[14:46:38] 157.3, 125.0, 1.241
[14:46:39] 157.2, 125.0, 1.242
[14:46:40] 157.1, 124.9, 1.235
[14:46:41] 157.0, 124.8, 1.236
[14:46:42] 157.0, 124.9, 1.284
[14:46:43] 157.1, 124.9, 1.276
[14:46:44] 157.6, 124.9, 1.238
[14:46:45] 157.5, 124.9, 1.241
[14:46:46] 157.4, 124.8, 1.235
[14:46:47] 157.4, 124.8, 1.256
[14:46:48] 157.3, 124.9, 1.246
[14:46:49] 157.3, 124.8, 1.244
[14:46:50] 157.2, 124.9, 1.234
[14:46:51] 157.2, 124.9, 1.231
[14:46:52] 157.1, 124.9, 1.254
[14:46:53] 157.1, 125.0, 1.248
[14:46:54] 157.1, 124.9, 1.236
[14:46:55] 157.3, 124.9, 1.250
[14:46:56] 157.2, 125.0, 1.246
[14:46:57] 157.2, 125.0, 1.244
[14:46:58] 157.1, 125.0, 1.242
[14:46:59] 157.0, 125.0, 1.238
[14:47:00] 157.1, 125.0, 1.251
[14:47:01] 157.0, 125.0, 1.251
[14:47:02] 157.0, 124.9, 1.244
[14:47:03] 156.9, 124.9, 1.244
[14:47:04] 156.8, 124.9, 1.273
[14:47:05] 157.3, 124.9, 1.284
[14:47:06] 157.8, 125.0, 1.272
[14:47:07] 158.2, 125.0, 1.254
[14:47:08] 158.2, 124.9, 1.182
[14:47:09] 148.3, 125.0, 1.182
[14:47:10] 148.4, 125.0, 1.183
[14:47:11] 148.5, 125.0, 1.183
[14:47:12] 148.5, 124.9, 3.348
[14:47:13] 187.2, 125.0, 1.059
[14:47:14] 139.8, 125.0, 1.114
[14:47:15] 139.6, 125.0, 1.119
[14:47:16] 139.7, 125.0, 1.108
[14:47:17] 139.8, 125.0, 1.109
[14:47:18] 172.7, 125.0, 1.020
[14:47:19] 172.8, 124.9, 1.104
[14:47:20] 136.9, 125.0, 1.101
[14:47:21] 137.4, 125.0, 1.118
[14:47:22] 137.8, 125.0, 1.112
[14:47:23] 138.1, 124.9, 1.957
[14:47:24] 233.5, 125.0, 1.087
[14:47:25] 142.5, 125.0, 1.116
[14:47:26] 142.2, 125.0, 1.122
[14:47:27] 142.1, 125.0, 1.108
[14:47:28] 141.9, 124.8, 2.680
[14:47:29] 178.3, 124.9, 1.984
[14:47:30] 247.5, 125.0, 1.124
[14:47:31] 160.6, 125.0, 1.119
[14:47:32] 140.8, 125.0, 1.118
[14:47:33] 140.7, 125.0, 1.112
[14:47:34] 140.7, 125.0, 1.112
[14:47:35] 140.7, 124.9, 1.983
[14:47:36] 260.9, 124.9, 2.055
[14:47:37] 252.4, 125.0, 1.366
[14:47:38] 213.1, 125.0, 1.117
[14:47:39] 141.4, 125.0, 1.116
[14:47:40] 141.2, 125.0, 1.108
[14:47:41] 141.1, 125.0, 1.116
[14:47:42] 141.1, 124.9, 1.988
[14:47:43] 210.5, 124.9, 1.983
[14:47:44] 249.5, 124.9, 2.052
[14:47:45] 256.9, 124.9, 2.051
[14:47:46] 257.0, 124.9, 2.052
[14:47:47] 257.1, 125.0, 1.371
[14:47:48] 209.6, 125.0, 1.104
[14:47:49] 140.5, 125.0, 1.131
[14:47:50] 140.5, 125.0, 1.128
[14:47:51] 140.5, 125.0, 1.130
[14:47:52] 140.5, 124.9, 1.980
[14:47:53] 219.0, 124.9, 1.987
[14:47:54] 249.6, 124.8, 2.052
[14:47:55] 257.6, 124.8, 2.051
[14:47:56] 257.6, 124.8, 2.051
[14:47:57] 257.6, 124.8, 2.055
[14:47:58] 257.7, 124.8, 2.055
[14:47:59] 257.7, 124.8, 2.055
[14:48:00] 257.7, 124.8, 2.054
[14:48:01] 257.7, 124.8, 2.056
[14:48:02] 257.8, 124.9, 1.109
[14:48:03] 189.7, 124.9, 1.127
[14:48:04] 140.7, 124.9, 1.115
[14:48:05] 140.7, 125.0, 1.109
[14:48:06] 140.6, 125.0, 1.132
[14:48:07] 140.7, 124.8, 2.018
[14:48:08] 235.7, 124.8, 1.993
[14:48:09] 251.4, 124.8, 2.054
[14:48:10] 257.8, 124.8, 2.056
[14:48:11] 257.8, 124.8, 2.054
[14:48:12] 257.8, 124.9, 2.055
[14:48:13] 257.8, 124.9, 2.056
[14:48:14] 257.8, 124.9, 2.054
[14:48:15] 257.9, 124.9, 2.056
[14:48:16] 257.9, 124.8, 2.055
[14:48:17] 257.9, 124.8, 2.056
[14:48:18] 258.0, 124.8, 2.057
[14:48:19] 258.0, 124.8, 2.058
[14:48:20] 258.0, 124.8, 2.058
[14:48:21] 258.1, 124.8, 2.059
[14:48:22] 258.1, 124.8, 2.058
[14:48:23] 258.1, 124.8, 2.059
[14:48:24] 258.2, 124.8, 2.061
[14:48:25] 258.2, 124.8, 2.059
[14:48:26] 258.3, 124.9, 2.060
[14:48:27] 258.0, 125.0, 1.128
[14:48:28] 139.8, 125.0, 1.114
[14:48:29] 139.9, 125.0, 1.114
[14:48:30] 140.0, 125.0, 1.132
