<<<[06:18:15] 141.1, 126.0, 1.123
[06:18:16] 141.2, 126.0, 1.140
[06:18:17] 141.5, 126.0, 1.140
[06:18:18] 142.0, 126.0, 1.235
[06:18:19] 159.5, 126.0, 1.265
[06:18:20] 159.3, 126.0, 1.240
[06:18:21] 159.2, 126.0, 1.160
[06:18:22] 158.6, 126.0, 1.170
[06:18:23] 148.1, 125.9, 1.176
[06:18:24] 148.2, 125.9, 1.175
[06:18:25] 148.2, 125.9, 1.185
[06:18:26] 148.5, 125.9, 1.709
[06:18:27] 173.6, 125.9, 1.114
[06:18:28] 141.2, 125.9, 1.111
[06:18:29] 141.2, 125.9, 1.109
[06:18:30] 141.1, 125.9, 1.108
[06:18:31] 141.1, 125.8, 1.716
[06:18:32] 167.8, 125.9, 1.104
[06:18:33] 140.7, 125.9, 1.100
[06:18:34] 140.6, 125.9, 1.101
[06:18:35] 140.5, 126.0, 1.104
[06:18:36] 140.5, 125.9, 1.709
[06:18:37] 166.5, 126.0, 1.100
[06:18:38] 140.7, 126.0, 1.099
[06:18:39] 140.6, 126.0, 1.106
[06:18:40] 140.5, 125.9, 1.105
[06:18:41] 140.4, 125.9, 1.710
[06:18:42] 166.5, 126.0, 1.105
[06:18:43] 140.5, 126.0, 1.102
[06:18:44] 140.4, 126.0, 1.104
[06:18:45] 140.3, 126.0, 1.103
[06:18:46] 140.3, 125.9, 2.369
[06:18:47] 177.8, 126.0, 1.043
[06:18:48] 133.6, 126.0, 1.104
[06:18:49] 134.2, 126.0, 1.102
[06:18:50] 139.9, 126.0, 1.103
[06:18:51] 139.9, 125.9, 2.562
[06:18:52] 177.0, 126.0, 1.035
[06:18:53] 133.4, 126.0, 1.101
[06:18:54] 138.5, 126.0, 1.098
[06:18:55] 138.6, 126.0, 1.103
[06:18:56] 138.8, 125.8, 3.182
[06:18:57] 178.1, 126.0, 1.034
[06:18:58] 132.7, 125.9, 1.097
[06:18:59] 133.3, 126.0, 1.098
[06:19:00] 139.9, 126.0, 1.096
[06:19:01] 139.9, 125.7, 2.841
[06:19:02] 179.2, 126.0, 1.032
[06:19:03] 144.1, 126.0, 1.098
[06:19:04] 137.0, 126.0, 1.100
[06:19:05] 137.3, 126.0, 1.097
[06:19:06] 137.7, 126.0, 1.103
[06:19:07] 146.3, 126.0, 1.010
[06:19:08] 202.9, 126.0, 1.107
[06:19:09] 135.4, 126.0, 1.096
[06:19:10] 135.9, 126.0, 1.097
[06:19:11] 136.4, 125.9, 1.099
[06:19:12] 136.8, 125.8, 2.025
[06:19:13] 229.9, 125.9, 1.060
[06:19:14] 163.8, 125.9, 1.096
[06:19:15] 139.8, 125.9, 1.096
[06:19:16] 139.8, 125.9, 1.101
[06:19:17] 139.8, 126.0, 1.096
[06:19:18] 139.8, 125.9, 1.991
[06:19:19] 260.0, 125.9, 1.609
[06:19:20] 217.6, 126.0, 1.106
[06:19:21] 139.8, 126.1, 1.098
[06:19:22] 139.8, 126.0, 1.100
[06:19:23] 139.8, 126.0, 1.097
[06:19:24] 139.8, 125.9, 2.003
[06:19:25] 209.6, 125.9, 1.996
[06:19:26] 252.7, 125.9, 2.060
[06:19:27] 260.0, 126.0, 1.636
[06:19:28] 217.4, 126.0, 1.104
[06:19:29] 139.9, 126.0, 1.098
[06:19:30] 139.9, 126.0, 1.103
[06:19:31] 139.8, 126.0, 1.107
[06:19:32] 139.9, 125.9, 1.970
[06:19:33] 220.9, 125.9, 1.997
[06:19:34] 252.7, 125.8, 2.058
[06:19:35] 260.5, 125.8, 2.059
[06:19:36] 260.5, 125.8, 2.054
[06:19:37] 260.4, 125.8, 2.060
[06:19:38] 260.4, 126.0, 1.071
[06:19:39] 193.9, 126.0, 1.101
[06:19:40] 139.9, 126.0, 1.103
[06:19:41] 139.8, 126.0, 1.094
[06:19:42] 139.9, 126.0, 1.098
[06:19:43] 139.9, 125.9, 2.015
[06:19:44] 243.1, 125.9, 1.995
[06:19:45] 254.2, 125.8, 2.060
[06:19:46] 260.3, 125.9, 2.058
[06:19:53] 260.5, 125.7, 2.065
[06:19:54] 260.6, 125.9, 2.044
wattsup: [error] Reading final time stamp: Bad address
