<<<[08:50:24] 143.4, 125.8, 1.119
[08:50:25] 143.2, 125.8, 1.132
[08:50:26] 143.2, 125.9, 1.139
[08:50:27] 143.5, 125.9, 1.217
[08:50:28] 157.5, 125.8, 1.232
[08:50:29] 157.6, 125.8, 1.222
[08:50:30] 157.8, 125.8, 1.227
[08:50:31] 158.0, 125.8, 1.275
[08:50:32] 158.2, 125.9, 1.250
[08:50:33] 158.1, 125.9, 1.239
[08:50:34] 158.1, 125.8, 1.233
[08:50:35] 157.9, 125.9, 1.240
[08:50:36] 158.0, 125.8, 1.239
[08:50:37] 157.9, 125.9, 1.239
[08:50:38] 157.8, 125.9, 1.240
[08:50:39] 157.8, 125.8, 1.233
[08:50:40] 157.7, 125.9, 1.265
[08:50:41] 158.0, 125.9, 1.240
[08:50:42] 158.1, 125.9, 1.166
[08:50:43] 151.2, 125.9, 1.225
[08:50:44] 151.5, 125.9, 1.168
[08:50:45] 151.1, 126.0, 1.176
[08:50:46] 150.9, 125.9, 1.170
[08:50:47] 150.7, 125.9, 1.224
[08:50:48] 183.2, 125.9, 1.045
[08:50:49] 134.1, 125.8, 1.112
[08:50:50] 140.7, 125.8, 1.103
[08:50:51] 140.6, 125.9, 1.103
[08:50:52] 140.6, 125.9, 1.222
[08:50:53] 180.3, 125.9, 1.045
[08:50:54] 133.4, 125.9, 1.099
[08:50:55] 140.3, 125.8, 1.105
[08:50:56] 140.3, 125.8, 1.102
[08:50:57] 140.3, 125.8, 1.583
[08:50:58] 196.2, 125.8, 1.047
[08:50:59] 130.7, 125.8, 1.100
[08:51:00] 140.1, 125.8, 1.100
[08:51:01] 140.0, 125.8, 1.104
[08:51:02] 140.0, 125.7, 2.647
[08:51:03] 201.5, 125.8, 1.060
[08:51:04] 154.2, 125.9, 1.098
[08:51:05] 138.3, 125.9, 1.109
[08:51:06] 138.5, 125.9, 1.097
[08:51:07] 138.7, 125.9, 1.102
[08:51:08] 138.8, 125.8, 1.950
[08:51:09] 265.6, 125.9, 1.112
[08:51:10] 143.2, 125.9, 1.107
[08:51:11] 142.8, 125.9, 1.106
[08:51:12] 142.5, 125.9, 1.100
[08:51:13] 142.2, 125.7, 3.569
[08:51:14] 187.7, 125.8, 2.116
[08:51:15] 266.1, 125.9, 1.103
[08:51:16] 189.2, 125.9, 1.115
[08:51:17] 140.5, 125.9, 1.112
[08:51:18] 140.4, 125.9, 1.099
[08:51:19] 140.4, 125.9, 1.105
[08:51:20] 140.3, 125.8, 2.148
[08:51:21] 249.8, 125.7, 2.122
[08:51:22] 269.0, 125.8, 2.176
[08:51:23] 275.5, 125.9, 1.102
[08:51:24] 192.6, 125.9, 1.098
[08:51:25] 140.1, 125.9, 1.098
[08:51:26] 140.1, 125.9, 1.102
[08:51:27] 140.2, 125.9, 1.104
[08:51:28] 140.1, 125.8, 2.148
[08:51:29] 249.8, 125.7, 2.118
[08:51:30] 269.0, 125.8, 2.177
[08:51:31] 275.3, 125.8, 2.180
[08:51:32] 275.2, 125.7, 2.180
[08:51:33] 275.3, 125.7, 2.184
[08:51:34] 275.2, 125.9, 1.093
[08:51:35] 192.8, 125.9, 1.102
[08:51:36] 140.7, 125.9, 1.103
[08:51:37] 140.6, 125.9, 1.101
[08:51:38] 140.6, 125.9, 1.102
[08:51:39] 140.6, 125.7, 2.147
[08:51:40] 249.5, 125.7, 2.116
[08:51:41] 268.8, 125.7, 2.182
[08:51:42] 275.2, 125.7, 2.180
[08:51:43] 275.2, 125.7, 2.181
[08:51:44] 275.3, 125.8, 2.180
[08:51:45] 275.3, 125.8, 2.182
[08:51:46] 275.4, 125.8, 2.183
[08:51:47] 275.4, 125.8, 2.182
[08:51:48] 275.5, 125.7, 2.184
[08:51:49] 275.6, 125.7, 2.185
[08:51:50] 275.6, 125.7, 2.186
[08:51:51] 275.7, 125.8, 1.103
[08:51:52] 176.1, 125.9, 1.113
[08:51:53] 140.7, 125.9, 1.103
[08:51:54] 140.6, 125.8, 1.105
[08:51:55] 140.5, 125.8, 1.100
