<<<[02:13:31] 141.2, 126.4, 1.107
[02:13:32] 141.2, 126.4, 1.110
[02:13:33] 141.1, 126.4, 1.112
[02:13:34] 141.2, 126.3, 1.180
[02:13:35] 141.7, 126.4, 1.251
[02:13:36] 158.6, 126.4, 1.104
[02:13:37] 145.0, 126.3, 1.121
[02:13:38] 144.5, 126.4, 1.123
[02:13:39] 144.2, 126.4, 1.126
[02:13:40] 144.2, 126.4, 1.127
[02:13:41] 144.1, 126.3, 1.608
[02:13:42] 169.6, 126.4, 1.108
[02:13:43] 141.9, 126.4, 1.120
[02:13:44] 141.9, 126.4, 1.127
[02:13:45] 142.1, 126.4, 1.127
[02:13:46] 142.3, 126.3, 1.606
[02:13:47] 169.6, 126.4, 1.098
[02:13:48] 140.7, 126.4, 1.099
[02:13:49] 140.7, 126.4, 1.103
[02:13:50] 140.7, 126.4, 1.103
[02:13:51] 140.7, 126.3, 1.613
[02:13:52] 168.5, 126.4, 1.104
[02:13:53] 140.7, 126.4, 1.109
[02:13:54] 140.7, 126.4, 1.107
[02:13:55] 140.7, 126.4, 1.104
[02:13:56] 140.7, 126.4, 1.605
[02:13:57] 168.0, 126.4, 1.101
[02:13:58] 140.7, 126.4, 1.102
[02:13:59] 140.6, 126.4, 1.101
[02:14:00] 140.6, 126.4, 1.098
[02:14:01] 140.6, 126.4, 1.608
[02:14:02] 167.1, 126.4, 1.106
[02:14:03] 140.8, 126.4, 1.101
[02:14:04] 140.7, 126.4, 1.094
[02:14:05] 140.6, 126.4, 1.097
[02:14:06] 140.6, 126.3, 1.580
[02:14:07] 177.0, 126.4, 1.037
[02:14:08] 132.3, 126.4, 1.098
[02:14:09] 140.1, 126.4, 1.103
[02:14:10] 140.1, 126.4, 1.099
[02:14:11] 140.2, 126.3, 1.782
[02:14:12] 187.7, 126.4, 1.039
[02:14:13] 134.1, 126.4, 1.102
[02:14:14] 139.4, 126.4, 1.099
[02:14:15] 139.4, 126.4, 1.098
[02:14:16] 139.5, 126.3, 2.515
[02:14:17] 183.2, 126.4, 1.031
[02:14:18] 148.1, 126.4, 1.099
[02:14:19] 138.3, 126.4, 1.100
[02:14:20] 138.5, 126.4, 1.096
[02:14:21] 138.7, 126.4, 1.097
[02:14:22] 170.5, 126.4, 1.018
[02:14:23] 180.7, 126.4, 1.096
[02:14:24] 136.5, 126.4, 1.095
[02:14:25] 136.9, 126.4, 1.098
[02:14:26] 137.2, 126.4, 1.100
[02:14:27] 137.6, 126.3, 1.849
[02:14:28] 219.4, 126.4, 1.055
[02:14:29] 167.5, 126.4, 1.095
[02:14:30] 140.5, 126.5, 1.092
[02:14:31] 140.3, 126.4, 1.093
[02:14:32] 140.3, 126.5, 1.093
[02:14:33] 140.2, 126.3, 1.820
[02:14:34] 231.2, 126.4, 1.842
[02:14:35] 231.0, 126.5, 1.089
[02:14:36] 154.8, 126.4, 1.098
[02:14:37] 139.8, 126.4, 1.096
[02:14:38] 139.8, 126.4, 1.094
[02:14:39] 139.8, 126.4, 1.096
[02:14:40] 167.1, 126.3, 1.819
[02:14:41] 228.5, 126.3, 1.878
[02:14:42] 234.8, 126.3, 1.881
[02:14:43] 235.3, 126.4, 1.107
[02:14:44] 194.8, 126.4, 1.097
[02:14:45] 140.3, 126.4, 1.096
[02:14:46] 140.2, 126.4, 1.099
[02:14:47] 140.1, 126.4, 1.097
[02:14:48] 140.1, 126.3, 1.833
[02:14:49] 211.6, 126.3, 1.814
[02:14:50] 230.8, 126.2, 1.881
[02:14:51] 239.1, 126.2, 1.881
[02:14:52] 239.0, 126.3, 1.881
[02:14:53] 238.9, 126.3, 1.882
[02:14:54] 238.9, 126.3, 1.880
[02:14:55] 238.9, 126.3, 1.118
[02:14:56] 193.9, 126.3, 1.097
[02:14:57] 140.1, 126.4, 1.097
[02:14:58] 140.0, 126.4, 1.101
[02:14:59] 140.0, 126.4, 1.104
[02:15:00] 140.0, 126.2, 1.850
[02:15:01] 216.1, 126.3, 1.818
[02:15:02] 231.7, 126.3, 1.881
[02:15:03] 239.0, 126.3, 1.882
[02:15:04] 238.9, 126.2, 1.882
[02:15:05] 238.9, 126.2, 1.883
[02:15:06] 238.9, 126.2, 1.882
[02:15:07] 238.9, 126.3, 1.882
[02:15:08] 238.9, 126.2, 1.882
[02:15:09] 238.9, 126.3, 1.883
[02:15:10] 238.9, 126.3, 1.882
[02:15:11] 239.0, 126.3, 1.883
[02:15:12] 239.0, 126.3, 1.883
[02:15:13] 239.0, 126.3, 1.885
[02:15:14] 239.0, 126.4, 1.100
[02:15:15] 162.0, 126.4, 1.100
[02:15:16] 140.3, 126.4, 1.098
[02:15:17] 140.2, 126.4, 1.100
