<<<[22:47:53] 141.3, 125.7, 1.106
[22:47:54] 141.2, 125.7, 1.108
[22:47:55] 141.1, 125.7, 1.109
[22:47:56] 141.3, 125.7, 1.233
[22:47:57] 157.0, 125.7, 1.255
[22:47:58] 157.1, 125.7, 1.256
[22:47:59] 157.4, 125.7, 1.177
[22:48:00] 157.0, 125.8, 1.140
[22:48:01] 143.0, 125.7, 1.125
[22:48:02] 143.1, 125.7, 1.126
[22:48:03] 143.2, 125.7, 1.133
[22:48:04] 143.4, 125.6, 1.500
[22:48:05] 162.7, 125.7, 1.106
[22:48:06] 147.5, 125.7, 1.105
[22:48:07] 140.1, 125.7, 1.104
[22:48:08] 140.1, 125.6, 1.102
[22:48:09] 140.0, 125.6, 1.462
[22:48:10] 159.7, 125.7, 1.105
[22:48:11] 147.7, 125.7, 1.098
[22:48:12] 139.6, 125.7, 1.097
[22:48:13] 139.6, 125.7, 1.103
[22:48:14] 139.6, 125.6, 1.443
[22:48:15] 158.9, 125.7, 1.100
[22:48:16] 147.9, 125.7, 1.101
[22:48:17] 139.8, 125.6, 1.100
[22:48:18] 139.8, 125.7, 1.104
[22:48:19] 139.7, 125.5, 3.220
[22:48:20] 171.4, 125.7, 1.032
[22:48:21] 139.8, 125.7, 1.102
[22:48:22] 139.5, 125.7, 1.100
[22:48:23] 139.5, 125.7, 1.101
[22:48:24] 139.5, 125.5, 3.408
[22:48:25] 173.6, 125.7, 1.038
[22:48:26] 139.8, 125.6, 1.100
[22:48:27] 139.4, 125.7, 1.101
[22:48:28] 139.5, 125.7, 1.101
[22:48:29] 139.5, 125.7, 1.125
[22:48:30] 176.1, 125.7, 1.038
[22:48:31] 139.0, 125.7, 1.099
[22:48:32] 138.6, 125.6, 1.096
[22:48:33] 138.7, 125.7, 1.100
[22:48:34] 138.9, 125.6, 1.099
[22:48:35] 169.3, 125.7, 1.056
[22:48:36] 161.1, 125.7, 1.101
[22:48:37] 135.6, 125.7, 1.100
[22:48:38] 136.1, 125.7, 1.098
[22:48:39] 136.5, 125.7, 1.100
[22:48:40] 136.9, 125.7, 1.460
[22:48:41] 221.9, 125.7, 1.095
[22:48:42] 135.1, 125.7, 1.097
[22:48:43] 135.6, 125.7, 1.097
[22:48:44] 136.1, 125.7, 1.097
[22:48:45] 136.5, 125.5, 2.277
[22:48:46] 239.5, 125.7, 1.055
[22:48:47] 164.6, 125.7, 1.098
[22:48:48] 139.9, 125.7, 1.098
[22:48:49] 139.8, 125.7, 1.101
[22:48:50] 139.8, 125.7, 1.100
[22:48:51] 139.7, 125.6, 2.282
[22:48:52] 288.6, 125.7, 1.564
[22:48:53] 223.9, 125.7, 1.100
[22:48:54] 140.3, 125.7, 1.099
[22:48:55] 140.2, 125.7, 1.101
[22:48:56] 140.1, 125.7, 1.102
[22:48:57] 140.1, 125.5, 2.277
[22:48:58] 240.2, 125.5, 2.289
[22:48:59] 288.4, 125.5, 2.350
[22:49:00] 296.3, 125.7, 1.122
[22:49:01] 171.6, 125.7, 1.101
[22:49:02] 139.9, 125.7, 1.098
[22:49:03] 139.8, 125.7, 1.100
[22:49:04] 139.8, 125.7, 1.101
[22:49:05] 139.8, 125.6, 2.284
[22:49:06] 292.0, 125.6, 2.355
[22:49:07] 291.8, 125.5, 2.349
[22:49:08] 292.3, 125.5, 2.348
[22:49:09] 292.8, 125.6, 2.348
[22:49:10] 293.2, 125.7, 1.076
[22:49:11] 213.6, 125.7, 1.101
[22:49:12] 139.8, 125.7, 1.101
[22:49:13] 139.8, 125.7, 1.106
[22:49:14] 139.8, 125.7, 1.102
[22:49:15] 139.8, 125.5, 2.297
[22:49:16] 247.8, 125.5, 2.285
[22:49:17] 286.9, 125.6, 2.347
[22:49:18] 296.0, 125.6, 2.351
[22:49:19] 296.0, 125.5, 2.349
[22:49:20] 296.0, 125.6, 2.353
[22:49:21] 296.1, 125.5, 2.350
[22:49:22] 296.2, 125.5, 2.357
[22:49:23] 296.2, 125.5, 2.352
[22:49:24] 296.3, 125.5, 2.358
[22:49:25] 296.4, 125.5, 2.354
[22:49:26] 296.4, 125.6, 1.102
[22:49:27] 139.8, 125.7, 1.103
[22:49:28] 139.8, 125.7, 1.101
[22:49:29] 139.8, 125.6, 1.109
[22:49:30] 139.8, 125.7, 1.103
