<<<[23:39:27] 141.0, 125.8, 1.121
[23:39:28] 141.1, 125.8, 1.116
[23:39:29] 141.1, 125.8, 1.126
[23:39:30] 141.2, 125.8, 1.148
[23:39:31] 141.6, 125.8, 1.256
[23:39:32] 159.5, 125.8, 1.244
[23:39:33] 159.3, 125.8, 1.148
[23:39:34] 150.3, 125.8, 1.135
[23:39:35] 143.2, 125.9, 1.138
[23:39:36] 143.1, 125.8, 1.135
[23:39:37] 143.2, 125.8, 1.137
[23:39:38] 143.3, 125.7, 1.599
[23:39:39] 169.8, 125.8, 1.131
[23:39:40] 143.0, 125.8, 1.130
[23:39:41] 143.0, 125.8, 1.129
[23:39:42] 143.1, 125.8, 1.128
[23:39:43] 143.1, 125.8, 1.602
[23:39:44] 168.4, 125.9, 1.110
[23:39:45] 140.7, 125.8, 1.110
[23:39:46] 140.6, 125.8, 1.105
[23:39:47] 140.5, 125.9, 1.111
[23:39:48] 140.6, 125.8, 1.610
[23:39:49] 167.1, 125.9, 1.112
[23:39:50] 140.5, 125.9, 1.109
[23:39:51] 140.4, 125.8, 1.101
[23:39:52] 140.4, 125.8, 1.105
[23:39:53] 140.4, 125.8, 1.617
[23:39:54] 166.4, 125.8, 1.105
[23:39:55] 140.3, 125.8, 1.107
[23:39:56] 140.2, 125.9, 1.103
[23:39:57] 140.2, 125.8, 1.110
[23:39:58] 140.2, 125.8, 1.619
[23:39:59] 166.4, 125.9, 1.113
[23:40:00] 139.9, 125.9, 1.103
[23:40:01] 139.9, 125.8, 1.108
[23:40:02] 139.9, 125.7, 1.111
[23:40:03] 140.0, 125.7, 1.600
[23:40:04] 176.9, 125.7, 1.044
[23:40:05] 132.0, 125.7, 1.103
[23:40:06] 139.2, 125.7, 1.108
[23:40:07] 139.3, 125.7, 1.107
[23:40:08] 139.4, 125.7, 1.715
[23:40:09] 174.5, 125.7, 1.048
[23:40:10] 132.0, 125.7, 1.105
[23:40:11] 139.6, 125.7, 1.109
[23:40:12] 139.6, 125.8, 1.107
[23:40:13] 139.7, 125.7, 2.276
[23:40:14] 182.3, 125.8, 1.046
[23:40:15] 135.2, 125.8, 1.104
[23:40:16] 135.5, 125.8, 1.104
[23:40:17] 136.1, 125.8, 1.104
[23:40:18] 136.6, 125.6, 3.222
[23:40:19] 177.6, 125.8, 1.061
[23:40:20] 162.6, 125.9, 1.105
[23:40:21] 137.4, 125.8, 1.108
[23:40:22] 137.7, 125.8, 1.102
[23:40:23] 138.0, 125.8, 1.103
[23:40:24] 138.2, 125.7, 1.653
[23:40:25] 227.2, 125.8, 1.097
[23:40:26] 137.2, 125.8, 1.113
[23:40:27] 137.5, 125.8, 1.105
[23:40:28] 137.8, 125.8, 1.101
[23:40:29] 138.0, 125.6, 3.257
[23:40:30] 180.5, 125.7, 1.788
[23:40:31] 225.0, 125.7, 1.105
[23:40:32] 154.2, 125.7, 1.104
[23:40:33] 139.6, 125.8, 1.107
[23:40:34] 139.6, 125.8, 1.105
[23:40:35] 139.6, 125.7, 1.103
[23:40:36] 146.6, 125.6, 1.788
[23:40:37] 237.3, 125.6, 1.855
[23:40:38] 229.5, 125.6, 1.658
[23:40:39] 211.4, 125.6, 1.113
[23:40:40] 139.6, 125.7, 1.101
[23:40:41] 139.6, 125.7, 1.108
[23:40:42] 139.6, 125.7, 1.110
[23:40:43] 139.7, 125.6, 1.788
[23:40:44] 200.0, 125.6, 1.790
[23:40:45] 225.9, 125.6, 1.854
[23:40:46] 233.5, 125.6, 1.851
[23:40:47] 233.5, 125.5, 1.854
[23:40:48] 233.6, 125.6, 1.668
[23:40:49] 212.7, 125.7, 1.109
[23:40:50] 139.9, 125.7, 1.108
[23:40:51] 139.9, 125.7, 1.101
[23:40:52] 140.0, 125.7, 1.107
[23:40:53] 139.9, 125.6, 1.864
[23:40:54] 197.1, 125.7, 1.790
[23:40:55] 226.5, 125.7, 1.853
[23:40:56] 233.5, 125.6, 1.855
[23:40:57] 233.5, 125.6, 1.850
[23:40:58] 233.6, 125.7, 1.853
[23:40:59] 233.7, 125.7, 1.853
[23:41:00] 233.7, 125.7, 1.854
[23:41:01] 233.8, 125.7, 1.855
[23:41:02] 233.8, 125.6, 1.854
[23:41:03] 233.9, 125.8, 1.136
[23:41:04] 196.2, 125.7, 1.160
[23:41:05] 146.5, 125.7, 1.154
[23:41:06] 146.4, 125.7, 1.160
