<<<[02:05:52] 142.5, 126.3, 1.112
[02:05:53] 142.4, 126.3, 1.112
[02:05:54] 142.3, 126.4, 1.109
[02:05:55] 142.3, 126.4, 1.108
[02:05:56] 142.7, 126.3, 1.103
[02:05:57] 142.5, 126.3, 1.103
[02:05:58] 142.3, 126.3, 1.114
[02:05:59] 142.3, 126.3, 1.124
[02:06:00] 142.3, 126.3, 1.708
[02:06:01] 172.0, 126.3, 1.111
[02:06:02] 139.0, 126.3, 1.113
[02:06:03] 139.3, 126.3, 1.111
[02:06:04] 139.5, 126.3, 1.102
[02:06:05] 139.7, 126.2, 1.724
[02:06:06] 168.9, 126.3, 1.115
[02:06:07] 139.6, 126.3, 1.117
[02:06:08] 139.8, 126.3, 1.109
[02:06:09] 140.0, 126.3, 1.108
[02:06:10] 140.1, 126.2, 1.716
[02:06:11] 168.7, 126.3, 1.114
[02:06:12] 138.9, 126.4, 1.106
[02:06:13] 139.0, 126.3, 1.108
[02:06:14] 139.3, 126.3, 1.105
[02:06:15] 139.4, 126.3, 1.721
[02:06:16] 168.7, 126.4, 1.095
[02:06:17] 138.1, 126.4, 1.097
[02:06:18] 138.3, 126.4, 1.094
[02:06:19] 138.6, 126.4, 1.096
[02:06:20] 138.8, 126.3, 1.720
[02:06:21] 168.5, 126.3, 1.099
[02:06:22] 138.3, 126.4, 1.100
[02:06:23] 138.5, 126.4, 1.096
[02:06:24] 138.7, 126.4, 1.097
[02:06:25] 138.9, 126.3, 1.718
[02:06:26] 168.2, 126.4, 1.098
[02:06:27] 138.5, 126.3, 1.095
[02:06:28] 138.6, 126.4, 1.090
[02:06:29] 138.8, 126.4, 1.093
[02:06:30] 138.9, 126.3, 1.725
[02:06:31] 167.8, 126.4, 1.094
[02:06:32] 138.1, 126.4, 1.098
[02:06:33] 138.3, 126.4, 1.095
[02:06:34] 138.5, 126.3, 1.093
[02:06:35] 138.7, 126.3, 2.460
[02:06:36] 176.7, 126.3, 1.030
[02:06:37] 131.1, 126.3, 1.094
[02:06:38] 137.9, 126.4, 1.090
[02:06:39] 138.1, 126.4, 1.095
[02:06:40] 138.3, 126.2, 3.073
[02:06:41] 177.6, 126.3, 1.032
[02:06:42] 143.4, 126.3, 1.105
[02:06:43] 142.7, 126.3, 1.105
[02:06:44] 142.5, 126.3, 1.098
[02:06:45] 142.2, 126.1, 2.271
[02:06:46] 175.4, 126.3, 1.056
[02:06:47] 155.0, 126.2, 1.097
[02:06:48] 136.7, 126.3, 1.096
[02:06:49] 137.1, 126.3, 1.094
[02:06:50] 137.4, 126.3, 1.101
[02:06:51] 137.8, 126.3, 1.483
[02:06:52] 209.6, 126.3, 1.102
[02:06:53] 135.4, 126.4, 1.100
[02:06:54] 135.9, 126.4, 1.096
[02:06:55] 136.4, 126.3, 1.097
[02:06:56] 136.8, 126.3, 1.746
[02:06:57] 205.5, 126.4, 0.988
[02:06:58] 176.1, 126.4, 1.091
[02:06:59] 139.2, 126.4, 1.094
[02:07:00] 139.2, 126.3, 1.092
[02:07:01] 139.2, 126.3, 1.096
[02:07:02] 139.3, 126.2, 1.785
[02:07:03] 220.5, 126.2, 1.761
[02:07:04] 220.6, 126.3, 1.096
[02:07:05] 152.1, 126.3, 1.094
[02:07:06] 139.8, 126.2, 1.101
[02:07:07] 139.8, 126.3, 1.098
[02:07:08] 139.7, 126.3, 1.099
[02:07:09] 171.3, 126.2, 1.762
[02:07:10] 220.5, 126.2, 1.822
[02:07:11] 228.3, 126.2, 1.826
[02:07:12] 228.7, 126.3, 1.117
[02:07:13] 167.8, 126.3, 1.096
[02:07:14] 140.1, 126.3, 1.094
[02:07:15] 140.0, 126.3, 1.094
[02:07:16] 140.0, 126.3, 1.096
[02:07:17] 140.0, 126.2, 1.754
[02:07:18] 232.4, 126.2, 1.818
[02:07:19] 226.1, 126.2, 1.825
[02:07:20] 231.4, 126.2, 1.825
[02:07:21] 231.4, 126.2, 1.826
[02:07:22] 231.4, 126.2, 1.825
[02:07:23] 231.4, 126.3, 1.543
[02:07:24] 206.4, 126.3, 1.101
[02:07:25] 140.7, 126.3, 1.095
[02:07:26] 140.6, 126.3, 1.095
[02:07:27] 140.5, 126.3, 1.094
[02:07:28] 140.5, 126.2, 2.042
[02:07:29] 191.3, 126.2, 1.759
[02:07:30] 224.3, 126.2, 1.824
[02:07:31] 230.1, 126.2, 1.826
[02:07:32] 230.3, 126.2, 1.827
[02:07:33] 230.5, 126.2, 1.828
[02:07:34] 230.7, 126.2, 1.828
[02:07:35] 230.8, 126.3, 1.830
[02:07:36] 231.0, 126.2, 1.829
[02:07:37] 231.1, 126.2, 1.830
[02:07:38] 231.3, 126.2, 1.828
[02:07:39] 231.4, 126.2, 1.828
[02:07:40] 231.5, 126.2, 1.828
[02:07:41] 231.6, 126.3, 1.115
[02:07:42] 189.0, 126.3, 1.108
[02:07:43] 140.5, 126.4, 1.098
[02:07:44] 140.4, 126.3, 1.103
[02:07:45] 140.4, 126.3, 1.103
