<<<[10:00:45] 142.0, 125.8, 1.113
[10:00:46] 142.0, 125.8, 1.114
[10:00:47] 141.9, 125.8, 1.106
[10:00:48] 141.8, 125.8, 1.269
[10:00:49] 154.1, 125.8, 1.247
[10:00:50] 154.6, 125.8, 1.106
[10:00:51] 154.2, 125.9, 1.116
[10:00:52] 141.8, 125.9, 1.131
[10:00:53] 141.9, 125.8, 1.131
[10:00:54] 142.2, 125.8, 1.134
[10:00:55] 142.4, 125.7, 1.719
[10:00:56] 171.3, 125.8, 1.112
[10:00:57] 139.6, 125.8, 1.113
[10:00:58] 139.8, 125.8, 1.121
[10:00:59] 140.0, 125.8, 1.133
[10:01:00] 140.4, 125.7, 1.735
[10:01:01] 170.5, 125.8, 1.109
[10:01:02] 139.8, 125.8, 1.111
[10:01:03] 139.9, 125.8, 1.105
[10:01:04] 140.0, 125.7, 1.113
[10:01:05] 140.2, 125.7, 1.733
[10:01:06] 168.4, 125.8, 1.106
[10:01:07] 139.4, 125.8, 1.103
[10:01:08] 139.4, 125.8, 1.107
[10:01:09] 139.6, 125.9, 1.103
[10:01:10] 139.7, 125.7, 1.730
[10:01:11] 168.4, 125.9, 1.100
[10:01:12] 139.0, 125.9, 1.100
[10:01:13] 139.1, 125.9, 1.098
[10:01:14] 139.2, 125.8, 1.102
[10:01:15] 139.3, 125.8, 1.731
[10:01:16] 167.6, 125.9, 1.100
[10:01:17] 138.9, 125.9, 1.098
[10:01:18] 139.0, 125.8, 1.101
[10:01:19] 139.1, 125.8, 1.105
[10:01:20] 139.3, 125.7, 1.737
[10:01:21] 167.6, 125.7, 1.114
[10:01:22] 140.1, 125.8, 1.110
[10:01:23] 140.1, 125.8, 1.108
[10:01:24] 140.1, 125.8, 1.105
[10:01:25] 140.1, 125.7, 1.727
[10:01:26] 166.7, 125.7, 1.107
[10:01:27] 139.6, 125.8, 1.101
[10:01:28] 139.6, 125.8, 1.108
[10:01:29] 139.7, 125.8, 1.100
[10:01:30] 139.7, 125.6, 2.519
[10:01:31] 177.0, 125.8, 1.040
[10:01:32] 132.7, 125.7, 1.100
[10:01:33] 137.9, 125.8, 1.100
[10:01:34] 138.1, 125.8, 1.096
[10:01:35] 138.3, 125.6, 2.829
[10:01:36] 176.0, 125.8, 1.034
[10:01:37] 131.8, 125.7, 1.095
[10:01:38] 137.4, 125.8, 1.103
[10:01:39] 137.7, 125.8, 1.096
[10:01:40] 137.9, 125.6, 3.348
[10:01:41] 177.4, 125.8, 1.034
[10:01:42] 145.0, 125.8, 1.104
[10:01:43] 137.6, 125.8, 1.096
[10:01:44] 137.8, 125.8, 1.105
[10:01:45] 138.1, 125.8, 1.099
[10:01:46] 172.0, 125.8, 1.066
[10:01:47] 160.2, 125.8, 1.097
[10:01:48] 136.1, 125.8, 1.103
[10:01:49] 136.5, 125.8, 1.101
[10:01:50] 136.8, 125.8, 1.099
[10:01:51] 137.2, 125.7, 1.540
[10:01:52] 216.5, 125.7, 1.090
[10:01:53] 134.3, 125.8, 1.097
[10:01:54] 139.8, 125.8, 1.095
[10:01:55] 139.7, 125.7, 1.098
[10:01:56] 139.7, 125.6, 2.003
[10:01:57] 200.6, 125.7, 1.574
[10:01:58] 206.4, 125.8, 1.096
[10:01:59] 138.3, 125.8, 1.095
[10:02:00] 138.4, 125.8, 1.104
[10:02:01] 138.6, 125.8, 1.109
[10:02:02] 138.7, 125.6, 1.887
[10:02:03] 209.6, 125.7, 1.905
[10:02:04] 240.2, 125.8, 1.079
[10:02:05] 193.0, 125.8, 1.102
[10:02:06] 139.9, 125.8, 1.095
[10:02:07] 139.9, 125.8, 1.099
[10:02:08] 139.8, 125.8, 1.100
[10:02:09] 139.8, 125.7, 1.939
[10:02:10] 228.3, 125.8, 1.903
[10:02:11] 241.5, 125.7, 1.967
[10:02:12] 248.4, 125.7, 1.967
[10:02:13] 247.9, 125.9, 1.096
[10:02:14] 154.2, 125.8, 1.107
[10:02:15] 140.1, 125.8, 1.101
[10:02:16] 140.0, 125.9, 1.095
[10:02:17] 139.9, 125.8, 1.100
[10:02:18] 167.3, 125.7, 1.907
[10:02:19] 238.2, 125.7, 1.966
[10:02:20] 244.4, 125.7, 1.968
[10:02:21] 244.8, 125.7, 1.968
[10:02:22] 245.3, 125.7, 1.965
[10:02:23] 245.6, 125.7, 1.967
[10:02:24] 246.0, 125.7, 1.966
[10:02:25] 246.3, 125.8, 1.130
[10:02:26] 176.0, 125.8, 1.111
[10:02:27] 140.3, 125.9, 1.102
[10:02:28] 140.2, 125.9, 1.102
[10:02:29] 140.2, 125.9, 1.098
[10:02:30] 140.1, 125.8, 1.906
[10:02:31] 240.0, 125.7, 1.933
[10:02:32] 240.3, 125.7, 1.967
[10:02:33] 248.4, 125.7, 1.966
[10:02:34] 248.4, 125.6, 1.968
[10:02:35] 248.4, 125.6, 1.970
[10:02:36] 248.4, 125.7, 1.971
[10:02:37] 248.4, 125.7, 1.971
[10:02:38] 248.5, 125.7, 1.972
[10:02:39] 248.5, 125.7, 1.971
[10:02:40] 248.6, 125.7, 1.972
[10:02:41] 248.7, 125.7, 1.974
[10:02:42] 248.7, 125.7, 1.973
[10:02:43] 248.8, 125.7, 1.972
[10:02:44] 248.8, 125.8, 1.215
[10:02:45] 211.3, 125.8, 1.102
[10:02:46] 140.5, 125.8, 1.102
[10:02:47] 140.4, 125.8, 1.107
[10:02:48] 140.4, 125.7, 1.106
