<<<[22:39:18] 140.2, 125.7, 1.103
[22:39:19] 140.2, 125.6, 1.110
[22:39:20] 140.3, 125.5, 1.119
[22:39:21] 140.4, 125.6, 1.267
[22:39:22] 157.0, 125.6, 1.259
[22:39:23] 157.2, 125.6, 1.252
[22:39:24] 157.3, 125.6, 1.136
[22:39:25] 148.6, 125.6, 1.133
[22:39:26] 147.9, 125.6, 1.134
[22:39:27] 147.4, 125.6, 1.132
[22:39:28] 147.0, 125.6, 1.137
[22:39:29] 146.7, 125.7, 1.184
[22:39:30] 170.2, 125.6, 1.134
[22:39:31] 144.1, 125.6, 1.127
[22:39:32] 144.0, 125.6, 1.130
[22:39:33] 144.0, 125.6, 1.139
[22:39:34] 144.0, 125.7, 1.179
[22:39:35] 168.2, 125.6, 1.103
[22:39:36] 140.1, 125.6, 1.106
[22:39:37] 140.0, 125.6, 1.105
[22:39:38] 140.0, 125.6, 1.109
[22:39:39] 140.1, 125.6, 1.201
[22:39:40] 166.9, 125.7, 1.105
[22:39:41] 140.1, 125.6, 1.108
[22:39:42] 140.1, 125.6, 1.107
[22:39:43] 140.1, 125.6, 1.107
[22:39:44] 140.0, 125.7, 1.213
[22:39:45] 167.1, 125.7, 1.114
[22:39:46] 140.5, 125.7, 1.103
[22:39:47] 140.4, 125.7, 1.103
[22:39:48] 140.3, 125.7, 1.102
[22:39:49] 140.2, 125.7, 1.232
[22:39:50] 166.9, 125.7, 1.108
[22:39:51] 140.5, 125.7, 1.107
[22:39:52] 140.4, 125.6, 1.102
[22:39:53] 140.3, 125.7, 1.102
[22:39:54] 140.3, 125.6, 1.237
[22:39:55] 176.5, 125.6, 1.046
[22:39:56] 133.1, 125.6, 1.106
[22:39:57] 140.1, 125.6, 1.107
[22:39:58] 140.0, 125.6, 1.106
[22:39:59] 140.0, 125.7, 1.260
[22:40:00] 176.5, 125.7, 1.040
[22:40:01] 132.3, 125.7, 1.111
[22:40:02] 140.1, 125.6, 1.100
[22:40:03] 140.0, 125.7, 1.099
[22:40:04] 140.0, 125.7, 1.249
[22:40:05] 175.8, 125.7, 1.042
[22:40:06] 132.5, 125.7, 1.100
[22:40:07] 140.3, 125.8, 1.103
[22:40:08] 140.2, 125.8, 1.107
[22:40:09] 140.1, 125.7, 1.684
[22:40:10] 191.5, 125.7, 1.038
[22:40:11] 130.0, 125.7, 1.100
[22:40:12] 138.9, 125.7, 1.105
[22:40:13] 139.0, 125.7, 1.109
[22:40:14] 139.0, 125.6, 2.881
[22:40:15] 191.5, 125.7, 1.053
[22:40:16] 155.1, 125.7, 1.100
[22:40:17] 138.3, 125.7, 1.105
[22:40:18] 138.4, 125.8, 1.104
[22:40:19] 138.6, 125.8, 1.110
[22:40:20] 138.8, 125.7, 1.742
[22:40:21] 246.6, 125.8, 1.107
[22:40:22] 133.2, 125.8, 1.104
[22:40:23] 139.9, 125.7, 1.103
[22:40:24] 139.8, 125.8, 1.112
[22:40:25] 139.8, 125.6, 3.276
[22:40:26] 186.3, 125.6, 1.998
[22:40:27] 251.8, 125.7, 1.116
[22:40:28] 166.2, 125.7, 1.107
[22:40:29] 139.8, 125.8, 1.108
[22:40:30] 139.8, 125.7, 1.102
[22:40:31] 139.8, 125.8, 1.104
[22:40:32] 139.7, 125.6, 1.995
[22:40:33] 254.2, 125.7, 2.057
[22:40:34] 254.2, 125.7, 2.063
[22:40:35] 254.5, 125.8, 1.107
[22:40:36] 0.0, 125.8, 1.104
[22:40:37] 139.9, 125.8, 1.103
[22:40:38] 139.9, 125.8, 1.099
[22:40:39] 139.8, 125.8, 1.107
[22:40:40] 169.1, 125.7, 2.002
[22:40:41] 249.8, 125.6, 2.050
[22:40:42] 256.2, 125.6, 2.062
[22:40:43] 256.7, 125.7, 2.058
[22:40:44] 257.1, 125.7, 2.058
[22:40:45] 257.4, 125.7, 1.478
[22:40:46] 214.7, 125.8, 1.096
[22:40:47] 140.8, 125.8, 1.105
[22:40:48] 140.6, 125.8, 1.100
[22:40:49] 140.5, 125.8, 1.107
[22:40:50] 140.5, 125.6, 1.978
[22:40:51] 214.9, 125.7, 1.998
[22:40:52] 252.4, 125.7, 2.057
[22:40:53] 259.8, 125.7, 2.038
[22:40:54] 259.7, 125.7, 2.061
[22:40:55] 259.8, 125.6, 2.061
[22:40:56] 259.8, 125.6, 2.061
[22:40:57] 259.9, 125.6, 2.065
[22:40:58] 260.0, 125.6, 2.064
[22:40:59] 260.0, 125.6, 2.064
[22:41:00] 260.1, 125.6, 2.066
[22:41:01] 260.2, 125.7, 1.104
[22:41:02] 212.2, 125.8, 1.105
[22:41:03] 140.1, 125.8, 1.116
[22:41:04] 140.1, 125.8, 1.105
[22:41:05] 140.1, 125.7, 1.113
