<<<[17:58:35] 144.9, 125.3, 1.118
[17:58:36] 144.4, 125.3, 1.131
[17:58:37] 144.2, 125.3, 1.141
[17:58:38] 144.2, 125.3, 1.172
[17:58:39] 144.5, 125.2, 1.144
[17:58:40] 144.9, 125.2, 1.179
[17:58:41] 145.1, 125.3, 1.179
[17:58:42] 145.5, 125.2, 1.173
[17:58:43] 145.8, 125.2, 1.175
[17:58:44] 146.2, 125.2, 1.105
[17:58:45] 171.4, 125.1, 1.155
[17:58:46] 145.0, 125.1, 1.147
[17:58:47] 144.9, 125.2, 1.135
[17:58:48] 144.7, 125.1, 1.141
[17:58:49] 144.5, 125.1, 1.096
[17:58:50] 169.8, 125.1, 1.132
[17:58:51] 142.1, 125.1, 1.125
[17:58:52] 142.0, 125.1, 1.123
[17:58:53] 142.0, 125.1, 1.123
[17:58:54] 142.0, 125.2, 1.085
[17:58:55] 169.1, 125.2, 1.110
[17:58:56] 140.5, 125.2, 1.117
[17:58:57] 140.5, 125.2, 1.117
[17:58:58] 140.6, 125.2, 1.119
[17:58:59] 140.6, 125.2, 1.083
[17:59:00] 168.0, 125.2, 1.116
[17:59:01] 140.7, 125.2, 1.113
[17:59:02] 140.6, 125.2, 1.119
[17:59:03] 140.7, 125.1, 1.120
[17:59:04] 140.7, 125.2, 1.078
[17:59:05] 168.5, 125.2, 1.109
[17:59:06] 140.5, 125.2, 1.111
[17:59:07] 140.5, 125.2, 1.108
[17:59:08] 140.5, 125.2, 1.122
[17:59:09] 140.5, 125.2, 1.081
[17:59:10] 168.0, 125.2, 1.112
[17:59:11] 140.3, 125.2, 1.109
[17:59:12] 140.2, 125.2, 1.110
[17:59:13] 140.2, 125.2, 1.110
[17:59:14] 140.1, 125.2, 1.081
[17:59:15] 167.8, 125.2, 1.103
[17:59:16] 139.9, 125.2, 1.101
[17:59:17] 139.8, 125.2, 1.104
[17:59:18] 139.8, 125.2, 1.106
[17:59:19] 139.8, 125.2, 1.115
[17:59:20] 167.5, 125.2, 1.104
[17:59:21] 139.6, 125.2, 1.105
[17:59:22] 139.6, 125.2, 1.114
[17:59:23] 139.6, 125.2, 1.113
[17:59:24] 139.7, 125.2, 1.037
[17:59:25] 176.5, 125.1, 1.046
[17:59:26] 133.1, 125.2, 1.112
[17:59:27] 139.6, 125.1, 1.105
[17:59:28] 139.6, 125.1, 1.108
[17:59:29] 139.5, 125.1, 1.045
[17:59:30] 175.6, 125.1, 1.042
[17:59:31] 132.3, 125.1, 1.105
[17:59:32] 139.8, 125.1, 1.107
[17:59:33] 139.7, 125.1, 1.110
[17:59:34] 139.7, 125.2, 1.626
[17:59:35] 188.8, 125.2, 1.035
[17:59:36] 131.6, 125.3, 1.109
[17:59:37] 139.8, 125.3, 1.108
[17:59:38] 139.8, 125.3, 1.106
[17:59:39] 139.7, 125.3, 1.651
[17:59:40] 195.3, 125.3, 1.045
[17:59:41] 133.2, 125.4, 1.103
[17:59:42] 139.4, 125.3, 1.111
[17:59:43] 139.4, 125.4, 1.110
[17:59:44] 139.5, 125.2, 3.084
[17:59:45] 184.1, 125.3, 1.057
[17:59:46] 166.7, 125.3, 1.110
[17:59:47] 137.4, 125.3, 1.097
[17:59:48] 137.6, 125.3, 1.102
[17:59:49] 137.8, 125.3, 1.102
[17:59:50] 138.0, 125.1, 1.880
[17:59:51] 235.3, 125.3, 1.094
[17:59:52] 166.5, 125.3, 1.110
[17:59:53] 139.6, 125.3, 1.106
[17:59:54] 139.6, 125.3, 1.116
[17:59:55] 139.6, 125.3, 1.105
[17:59:56] 139.6, 125.2, 1.869
[17:59:57] 241.9, 125.2, 1.929
[17:59:58] 241.3, 125.3, 1.100
[17:59:59] 154.8, 125.3, 1.104
[18:00:00] 139.6, 125.3, 1.106
[18:00:01] 139.6, 125.3, 1.109
[18:00:02] 139.6, 125.3, 1.106
[18:00:03] 147.7, 125.0, 1.876
[18:00:04] 247.3, 125.1, 1.944
[18:00:05] 239.5, 125.1, 1.938
[18:00:06] 240.0, 125.1, 1.694
[18:00:07] 231.9, 125.1, 1.113
[18:00:08] 143.0, 125.1, 1.106
[18:00:09] 142.6, 125.1, 1.108
[18:00:10] 142.2, 125.1, 1.106
[18:00:11] 141.9, 124.9, 3.053
[18:00:12] 185.6, 125.0, 1.878
[18:00:13] 236.2, 125.0, 1.940
[18:00:14] 241.9, 125.0, 1.941
[18:00:15] 242.1, 125.0, 1.935
[18:00:16] 242.3, 125.0, 1.937
[18:00:17] 242.4, 125.0, 1.939
[18:00:18] 242.6, 125.0, 1.938
[18:00:19] 242.7, 125.2, 1.123
[18:00:20] 174.7, 125.2, 1.111
[18:00:21] 140.1, 125.1, 1.105
[18:00:22] 140.0, 125.2, 1.119
[18:00:23] 140.0, 125.2, 1.111
[18:00:24] 140.0, 125.0, 1.876
[18:00:25] 238.4, 125.1, 1.930
[18:00:26] 238.3, 125.1, 1.935
[18:00:27] 239.0, 125.0, 1.940
[18:00:28] 239.5, 125.1, 1.937
[18:00:29] 240.1, 125.0, 1.941
[18:00:30] 240.6, 125.1, 1.941
[18:00:31] 241.0, 125.0, 1.942
[18:00:32] 241.4, 125.2, 1.941
[18:00:33] 241.8, 125.2, 1.943
[18:00:34] 242.1, 125.2, 1.942
[18:00:35] 242.4, 125.2, 1.942
[18:00:36] 242.7, 125.2, 1.943
[18:00:37] 242.9, 125.2, 1.944
[18:00:38] 243.1, 125.2, 1.943
[18:00:39] 243.3, 125.3, 1.111
[18:00:40] 141.4, 125.3, 1.108
[18:00:41] 141.2, 125.2, 1.113
[18:00:42] 141.1, 125.3, 1.116
