<<<[08:06:18] 140.6, 126.0, 1.117
[08:06:19] 140.7, 126.0, 1.122
[08:06:20] 141.0, 126.0, 1.132
[08:06:21] 141.3, 126.0, 1.166
[08:06:22] 147.0, 126.0, 1.218
[08:06:23] 155.3, 126.0, 1.166
[08:06:24] 148.6, 126.0, 1.154
[08:06:25] 148.5, 126.1, 1.173
[08:06:26] 148.5, 126.1, 1.165
[08:06:27] 148.4, 126.0, 1.249
[08:06:28] 160.9, 126.1, 1.106
[08:06:29] 153.0, 126.1, 1.111
[08:06:30] 141.4, 126.1, 1.113
[08:06:31] 141.4, 126.1, 1.132
[08:06:32] 141.6, 126.1, 1.226
[08:06:33] 158.8, 126.1, 1.104
[08:06:34] 152.8, 126.0, 1.115
[08:06:35] 141.2, 126.1, 1.120
[08:06:36] 141.2, 126.1, 1.125
[08:06:37] 141.2, 126.1, 1.211
[08:06:38] 157.5, 126.1, 1.101
[08:06:39] 156.9, 126.1, 1.112
[08:06:40] 141.0, 126.1, 1.113
[08:06:41] 141.0, 126.0, 1.116
[08:06:42] 141.0, 126.0, 1.209
[08:06:43] 157.0, 126.1, 1.101
[08:06:44] 156.5, 126.0, 1.102
[08:06:45] 140.5, 126.1, 1.104
[08:06:46] 140.5, 126.1, 1.107
[08:06:47] 140.6, 126.1, 1.172
[08:06:48] 155.7, 126.1, 1.101
[08:06:49] 155.4, 126.0, 1.105
[08:06:50] 140.5, 126.1, 1.112
[08:06:51] 140.5, 126.1, 1.108
[08:06:52] 140.6, 126.1, 1.148
[08:06:53] 154.8, 126.1, 1.100
[08:06:54] 154.7, 126.1, 1.108
[08:06:55] 140.5, 126.1, 1.105
[08:06:56] 140.4, 126.1, 1.105
[08:06:57] 140.4, 126.1, 1.120
[08:06:58] 170.2, 126.1, 1.034
[08:06:59] 143.0, 126.1, 1.099
[08:07:00] 137.0, 126.1, 1.114
[08:07:01] 137.4, 126.1, 1.118
[08:07:02] 137.9, 126.1, 1.103
[08:07:03] 166.9, 126.1, 1.036
[08:07:04] 143.6, 126.2, 1.101
[08:07:05] 136.0, 126.1, 1.104
[08:07:06] 136.4, 126.1, 1.100
[08:07:07] 137.0, 126.1, 1.112
[08:07:08] 137.5, 126.1, 1.063
[08:07:09] 180.3, 126.1, 1.104
[08:07:10] 135.2, 126.1, 1.108
[08:07:11] 140.5, 126.0, 1.100
[08:07:12] 140.5, 126.2, 1.105
[08:07:13] 140.5, 126.1, 1.538
[08:07:14] 200.8, 126.1, 1.073
[08:07:15] 134.3, 126.1, 1.101
[08:07:16] 139.9, 126.1, 1.119
[08:07:17] 140.0, 126.1, 1.114
[08:07:18] 140.2, 126.0, 2.047
[08:07:19] 193.2, 126.0, 1.001
[08:07:20] 181.9, 126.0, 1.106
[08:07:21] 139.2, 126.0, 1.102
[08:07:22] 139.3, 126.0, 1.100
[08:07:23] 139.5, 126.0, 1.104
[08:07:24] 139.6, 126.0, 1.803
[08:07:25] 213.1, 126.0, 1.770
[08:07:26] 220.7, 126.0, 1.098
[08:07:27] 154.6, 126.0, 1.110
[08:07:28] 140.3, 126.0, 1.102
[08:07:29] 140.2, 126.0, 1.114
[08:07:30] 140.3, 126.0, 1.113
[08:07:31] 172.5, 125.9, 1.771
[08:07:32] 221.4, 126.0, 1.830
[08:07:33] 228.8, 126.0, 1.834
[08:07:34] 228.9, 126.1, 1.104
[08:07:35] 154.6, 126.1, 1.102
[08:07:36] 140.3, 126.1, 1.103
[08:07:37] 140.3, 126.1, 1.106
[08:07:38] 140.3, 126.0, 1.116
[08:07:39] 167.1, 125.9, 1.773
[08:07:40] 222.1, 125.9, 1.833
[08:07:41] 228.3, 126.0, 1.836
[08:07:42] 228.8, 126.0, 1.835
[08:07:43] 229.2, 125.9, 1.838
[08:07:44] 229.6, 126.0, 1.841
[08:07:45] 230.0, 126.1, 1.099
[08:07:46] 154.8, 126.0, 1.107
[08:07:47] 140.7, 126.0, 1.096
[08:07:48] 140.6, 126.0, 1.104
[08:07:49] 140.6, 126.1, 1.116
[08:07:50] 140.6, 125.9, 1.773
[08:07:51] 240.6, 126.0, 1.843
[08:07:52] 227.7, 125.9, 1.838
[08:07:53] 232.8, 125.9, 1.837
[08:07:54] 232.8, 125.9, 1.842
[08:07:55] 232.8, 125.9, 1.840
[08:07:56] 232.8, 126.0, 1.841
[08:07:57] 232.9, 126.0, 1.842
[08:07:58] 232.9, 126.0, 1.843
[08:07:59] 232.9, 126.0, 1.841
[08:08:00] 233.0, 126.0, 1.839
[08:08:01] 233.0, 126.0, 1.841
[08:08:02] 233.0, 126.1, 1.108
[08:08:03] 157.1, 126.1, 1.106
[08:08:04] 141.0, 126.1, 1.107
[08:08:05] 140.9, 126.1, 1.114
