<<<[07:51:04] 140.4, 125.9, 1.110
[07:51:05] 140.5, 126.0, 1.122
[07:51:06] 140.6, 125.9, 1.120
[07:51:07] 141.0, 125.9, 1.236
[07:51:08] 150.1, 125.9, 1.172
[07:51:09] 150.3, 126.0, 1.172
[07:51:10] 150.1, 125.9, 1.174
[07:51:11] 149.9, 125.9, 1.175
[07:51:12] 149.8, 125.9, 1.180
[07:51:13] 149.8, 125.9, 1.557
[07:51:14] 172.3, 125.9, 1.139
[07:51:15] 144.6, 125.9, 1.128
[07:51:16] 144.5, 125.9, 1.122
[07:51:17] 144.4, 125.9, 1.125
[07:51:18] 144.2, 125.9, 1.557
[07:51:19] 169.1, 125.9, 1.124
[07:51:20] 142.1, 126.0, 1.109
[07:51:21] 141.9, 126.0, 1.113
[07:51:22] 141.9, 125.9, 1.117
[07:51:23] 141.9, 125.9, 1.567
[07:51:24] 168.4, 125.9, 1.111
[07:51:25] 141.2, 125.9, 1.110
[07:51:26] 141.1, 125.9, 1.109
[07:51:27] 141.1, 125.8, 1.112
[07:51:28] 141.2, 125.8, 1.577
[07:51:29] 167.8, 125.9, 1.107
[07:51:30] 140.7, 125.9, 1.104
[07:51:31] 140.7, 125.9, 1.105
[07:51:32] 140.6, 125.9, 1.115
[07:51:33] 140.7, 125.8, 1.578
[07:51:34] 168.0, 125.9, 1.105
[07:51:35] 140.8, 125.9, 1.104
[07:51:36] 140.7, 125.8, 1.103
[07:51:37] 140.7, 125.9, 1.107
[07:51:38] 140.7, 125.8, 1.586
[07:51:39] 167.6, 125.9, 1.104
[07:51:40] 140.3, 126.0, 1.103
[07:51:41] 140.2, 126.0, 1.103
[07:51:42] 140.2, 125.9, 1.109
[07:51:43] 140.2, 125.9, 1.612
[07:51:44] 166.4, 125.9, 1.106
[07:51:45] 140.1, 126.0, 1.099
[07:51:46] 140.0, 126.0, 1.102
[07:51:47] 140.0, 126.0, 1.106
[07:51:48] 140.1, 125.9, 1.585
[07:51:49] 176.0, 126.0, 1.034
[07:51:50] 132.0, 125.9, 1.095
[07:51:51] 139.0, 126.0, 1.094
[07:51:52] 139.1, 126.0, 1.101
[07:51:53] 139.1, 125.9, 1.964
[07:51:54] 185.6, 125.9, 1.042
[07:51:55] 133.8, 125.7, 1.104
[07:51:56] 138.9, 125.9, 1.103
[07:51:57] 139.0, 125.8, 1.105
[07:51:58] 139.1, 125.8, 3.040
[07:51:59] 179.4, 125.9, 1.025
[07:52:00] 146.5, 125.9, 1.093
[07:52:01] 137.6, 125.9, 1.102
[07:52:02] 137.8, 125.9, 1.103
[07:52:03] 138.1, 125.9, 1.110
[07:52:04] 138.4, 125.9, 1.573
[07:52:05] 215.4, 125.9, 1.107
[07:52:06] 135.1, 125.9, 1.103
[07:52:07] 135.6, 125.9, 1.095
[07:52:08] 136.2, 125.9, 1.097
[07:52:09] 136.6, 125.8, 2.040
[07:52:10] 190.8, 125.9, 1.608
[07:52:11] 214.0, 126.0, 1.100
[07:52:12] 140.1, 126.0, 1.095
[07:52:13] 140.0, 126.0, 1.101
[07:52:14] 140.0, 126.0, 1.099
[07:52:15] 140.0, 125.8, 3.114
[07:52:16] 181.2, 125.9, 1.731
[07:52:17] 218.9, 125.8, 1.796
[07:52:18] 224.3, 125.9, 1.100
[07:52:19] 155.3, 125.9, 1.098
[07:52:20] 139.8, 126.0, 1.105
[07:52:21] 139.8, 126.0, 1.102
[07:52:22] 139.8, 126.0, 1.109
[07:52:23] 148.3, 126.0, 1.731
[07:52:24] 230.8, 125.9, 1.799
[07:52:25] 222.8, 125.9, 1.796
[07:52:26] 223.3, 125.9, 1.797
[07:52:27] 223.8, 126.0, 1.650
[07:52:28] 206.4, 125.9, 1.100
[07:52:29] 139.4, 125.9, 1.100
[07:52:30] 139.4, 126.0, 1.101
[07:52:31] 139.5, 126.0, 1.100
[07:52:32] 139.5, 125.9, 1.736
[07:52:33] 198.0, 125.9, 1.734
[07:52:34] 219.6, 125.9, 1.797
[07:52:35] 226.6, 125.9, 1.798
[07:52:36] 226.7, 125.9, 1.799
[07:52:37] 226.8, 125.9, 1.802
[07:52:38] 226.9, 125.9, 1.802
[07:52:39] 227.1, 125.9, 1.800
[07:52:40] 227.2, 125.9, 1.802
[07:52:41] 227.2, 125.9, 1.647
[07:52:42] 207.5, 125.9, 1.104
[07:52:43] 140.1, 125.9, 1.101
[07:52:44] 140.1, 126.0, 1.102
[07:52:45] 140.1, 126.0, 1.100
[07:52:46] 140.0, 125.9, 1.775
[07:52:47] 195.9, 125.8, 1.737
[07:52:48] 219.9, 125.9, 1.801
[07:52:49] 227.0, 125.8, 1.802
[07:52:50] 227.1, 125.8, 1.802
[07:52:51] 227.2, 125.9, 1.802
[07:52:52] 227.3, 125.8, 1.803
[07:52:53] 227.4, 125.8, 1.802
[07:52:54] 227.4, 125.8, 1.798
[07:52:55] 227.5, 125.8, 1.803
[07:52:56] 227.5, 125.9, 1.802
[07:52:57] 227.6, 125.8, 1.802
[07:52:58] 227.6, 125.9, 1.802
[07:52:59] 227.7, 125.8, 1.803
[07:53:00] 227.7, 125.8, 1.803
[07:53:01] 227.7, 125.8, 1.802
[07:53:02] 227.7, 125.8, 1.804
[07:53:03] 227.8, 125.7, 1.806
[07:53:04] 227.8, 125.9, 1.101
[07:53:05] 187.7, 125.9, 1.102
[07:53:06] 139.9, 125.9, 1.101
[07:53:07] 139.9, 125.9, 1.100
[07:53:08] 140.0, 125.9, 1.101
