<<<[06:20:03] 140.2, 126.0, 1.115
[06:20:04] 140.4, 126.0, 1.113
[06:20:05] 140.6, 125.9, 1.124
[06:20:06] 141.0, 125.9, 1.266
[06:20:07] 157.1, 126.0, 1.248
[06:20:08] 157.3, 125.9, 1.240
[06:20:09] 157.4, 126.0, 1.250
[06:20:10] 157.6, 126.0, 1.184
[06:20:11] 157.4, 126.0, 1.180
[06:20:12] 148.6, 125.9, 1.154
[06:20:13] 148.4, 126.0, 1.183
[06:20:14] 148.5, 126.0, 1.183
[06:20:15] 148.7, 125.9, 1.673
[06:20:16] 170.7, 126.0, 1.101
[06:20:17] 143.2, 126.0, 1.112
[06:20:18] 142.8, 126.0, 1.105
[06:20:19] 142.5, 126.0, 1.106
[06:20:20] 142.3, 125.8, 1.668
[06:20:21] 164.0, 125.9, 1.106
[06:20:22] 143.0, 125.9, 1.099
[06:20:23] 142.6, 125.9, 1.100
[06:20:24] 142.3, 126.0, 1.099
[06:20:25] 141.9, 125.9, 1.678
[06:20:26] 164.2, 125.9, 1.099
[06:20:27] 142.8, 125.9, 1.101
[06:20:28] 142.4, 126.0, 1.097
[06:20:29] 142.0, 126.0, 1.103
[06:20:30] 141.7, 125.8, 2.685
[06:20:31] 176.9, 125.9, 1.042
[06:20:32] 135.2, 125.9, 1.099
[06:20:33] 135.5, 125.9, 1.106
[06:20:34] 136.1, 125.9, 1.097
[06:20:35] 136.5, 125.8, 2.788
[06:20:36] 177.0, 125.9, 1.038
[06:20:37] 135.2, 125.9, 1.100
[06:20:38] 135.5, 125.9, 1.099
[06:20:39] 136.0, 125.9, 1.104
[06:20:40] 136.5, 125.8, 3.257
[06:20:41] 178.5, 125.9, 1.045
[06:20:42] 134.5, 125.9, 1.098
[06:20:43] 134.9, 125.9, 1.103
[06:20:44] 135.5, 125.9, 1.099
[06:20:45] 136.0, 125.7, 3.436
[06:20:46] 182.7, 125.8, 2.612
[06:20:47] 146.1, 125.9, 1.105
[06:20:48] 137.0, 125.9, 1.102
[06:20:49] 137.3, 125.9, 1.104
[06:20:50] 137.6, 125.9, 1.096
[06:20:51] 170.4, 125.9, 1.050
[06:20:52] 176.0, 125.9, 1.095
[06:20:53] 135.6, 125.9, 1.102
[06:20:54] 136.1, 125.9, 1.100
[06:20:55] 136.6, 125.9, 1.104
[06:20:56] 137.0, 125.8, 1.899
[06:20:57] 251.3, 125.9, 1.073
[06:20:58] 137.6, 125.8, 1.103
[06:20:59] 137.8, 125.9, 1.105
[06:21:00] 138.1, 125.8, 1.098
[06:21:01] 138.3, 125.7, 3.373
[06:21:02] 197.0, 125.7, 2.194
[06:21:03] 269.4, 125.9, 1.105
[06:21:04] 140.7, 125.9, 1.101
[06:21:05] 140.5, 125.9, 1.104
[06:21:06] 140.4, 125.8, 1.104
[06:21:07] 140.3, 125.6, 3.295
[06:21:08] 187.7, 125.7, 2.283
[06:21:09] 286.6, 125.7, 2.343
[06:21:10] 287.0, 125.8, 1.098
[06:21:11] 153.9, 125.9, 1.100
[06:21:12] 139.8, 125.9, 1.094
[06:21:13] 139.8, 125.9, 1.103
[06:21:14] 139.8, 126.0, 1.095
[06:21:15] 165.6, 125.8, 2.281
[06:21:16] 287.6, 125.8, 2.344
[06:21:17] 288.1, 125.8, 2.340
[06:21:18] 296.7, 125.8, 2.347
[06:21:19] 296.6, 126.0, 1.119
[06:21:20] 190.8, 126.0, 1.097
[06:21:21] 139.9, 126.0, 1.102
[06:21:22] 139.9, 126.0, 1.099
[06:21:23] 139.9, 126.0, 1.104
[06:21:24] 139.9, 125.9, 2.305
[06:21:25] 269.2, 125.9, 2.280
[06:21:26] 290.2, 125.8, 2.348
[06:21:27] 296.2, 125.9, 2.341
[06:21:28] 296.2, 125.9, 2.346
[06:21:29] 296.2, 125.9, 2.298
[06:21:30] 296.2, 125.9, 2.347
[06:21:31] 296.2, 125.9, 2.300
[06:21:32] 296.2, 125.8, 2.346
[06:21:33] 283.3, 126.0, 1.110
[06:21:34] 142.5, 126.0, 1.103
[06:21:35] 142.2, 126.0, 1.106
[06:21:36] 141.9, 126.0, 1.096
[06:21:37] 141.8, 126.0, 1.109
[06:21:38] 181.9, 125.8, 2.286
[06:21:39] 286.0, 125.8, 2.339
[06:21:40] 293.3, 125.8, 2.349
[06:21:41] 293.7, 125.8, 2.347
[06:21:42] 294.1, 125.8, 2.352
[06:21:43] 294.5, 125.8, 2.352
[06:21:44] 294.8, 125.8, 2.354
[06:21:45] 295.2, 125.8, 2.327
[06:21:46] 295.4, 125.8, 2.355
[06:21:47] 295.6, 125.8, 2.351
[06:21:48] 295.8, 125.8, 2.356
[06:21:49] 296.0, 125.8, 2.301
[06:21:50] 296.1, 125.7, 2.354
[06:21:51] 296.3, 125.8, 2.327
[06:21:52] 296.4, 125.8, 2.354
[06:21:53] 296.5, 125.8, 2.306
[06:21:54] 296.5, 125.8, 2.352
[06:21:55] 296.6, 126.0, 1.112
[06:21:56] 146.6, 126.0, 1.102
[06:21:57] 140.5, 126.0, 1.108
[06:21:58] 140.4, 126.0, 1.099
[06:21:59] 140.4, 126.0, 1.104
