<<<[05:18:24] 140.8, 126.0, 1.123
[05:18:25] 140.9, 126.1, 1.127
[05:18:26] 141.1, 126.0, 1.134
[05:18:27] 141.6, 126.0, 1.248
[05:18:28] 158.2, 126.1, 1.176
[05:18:29] 150.1, 126.0, 1.169
[05:18:30] 149.8, 126.0, 1.169
[05:18:31] 149.7, 126.0, 1.179
[05:18:32] 149.7, 126.0, 1.170
[05:18:33] 149.6, 125.9, 1.160
[05:18:34] 172.0, 126.0, 1.152
[05:18:35] 146.3, 126.0, 1.139
[05:18:36] 146.2, 126.0, 1.150
[05:18:37] 146.0, 126.0, 1.131
[05:18:38] 145.7, 126.0, 1.140
[05:18:39] 170.0, 126.0, 1.119
[05:18:40] 142.5, 126.0, 1.121
[05:18:41] 142.4, 126.0, 1.120
[05:18:42] 142.4, 126.0, 1.115
[05:18:43] 142.4, 125.9, 1.128
[05:18:44] 169.6, 126.0, 1.114
[05:18:45] 141.6, 126.0, 1.114
[05:18:46] 141.6, 126.1, 1.115
[05:18:47] 141.6, 126.0, 1.113
[05:18:48] 141.5, 126.0, 1.123
[05:18:49] 169.6, 126.0, 1.110
[05:18:50] 140.8, 126.0, 1.113
[05:18:51] 140.8, 126.0, 1.107
[05:18:52] 140.8, 126.0, 1.110
[05:18:53] 140.9, 126.0, 1.127
[05:18:54] 169.4, 126.1, 1.109
[05:18:55] 140.7, 126.0, 1.106
[05:18:56] 140.7, 126.1, 1.108
[05:18:57] 140.7, 126.1, 1.102
[05:18:58] 140.6, 126.1, 1.117
[05:18:59] 168.7, 126.0, 1.097
[05:19:00] 140.1, 126.0, 1.100
[05:19:01] 140.1, 126.0, 1.104
[05:19:02] 140.1, 126.0, 1.098
[05:19:03] 140.2, 126.1, 1.111
[05:19:04] 168.4, 126.1, 1.102
[05:19:05] 140.1, 126.1, 1.096
[05:19:06] 140.0, 126.1, 1.103
[05:19:07] 140.0, 126.0, 1.101
[05:19:08] 140.0, 126.1, 1.112
[05:19:09] 167.5, 126.1, 1.103
[05:19:10] 139.4, 126.0, 1.099
[05:19:11] 139.4, 126.0, 1.100
[05:19:12] 139.5, 126.0, 1.106
[05:19:13] 139.5, 126.0, 1.045
[05:19:14] 174.7, 126.0, 1.088
[05:19:15] 134.5, 126.0, 1.093
[05:19:16] 135.1, 126.0, 1.094
[05:19:17] 135.6, 126.0, 1.098
[05:19:18] 136.2, 126.0, 1.051
[05:19:19] 172.5, 125.9, 1.065
[05:19:20] 133.6, 126.0, 1.102
[05:19:21] 139.6, 126.0, 1.109
[05:19:22] 139.6, 126.0, 1.099
[05:19:23] 139.6, 126.1, 1.140
[05:19:24] 181.9, 126.0, 1.042
[05:19:25] 133.8, 126.0, 1.094
[05:19:26] 139.8, 125.9, 1.094
[05:19:27] 139.7, 126.0, 1.092
[05:19:28] 139.7, 125.9, 1.778
[05:19:29] 199.5, 126.0, 1.035
[05:19:30] 136.0, 126.0, 1.102
[05:19:31] 136.4, 126.0, 1.100
[05:19:32] 136.8, 126.0, 1.092
[05:19:33] 137.2, 126.0, 1.111
[05:19:34] 173.2, 125.9, 1.570
[05:19:35] 206.7, 126.0, 1.100
[05:19:36] 134.9, 126.0, 1.101
[05:19:37] 135.5, 126.0, 1.096
[05:19:38] 136.0, 125.9, 1.100
[05:19:39] 136.5, 125.9, 2.293
[05:19:40] 190.3, 125.9, 1.795
[05:19:41] 228.3, 125.9, 1.120
[05:19:42] 174.2, 125.9, 1.104
[05:19:43] 140.3, 126.1, 1.098
[05:19:44] 140.2, 126.0, 1.104
[05:19:45] 140.1, 126.0, 1.095
[05:19:46] 140.1, 126.0, 1.792
[05:19:47] 232.4, 126.0, 1.854
[05:19:48] 232.0, 125.9, 1.860
[05:19:49] 232.5, 126.0, 1.104
[05:19:50] 176.9, 126.1, 1.095
[05:19:51] 139.9, 126.1, 1.095
[05:19:52] 139.8, 126.1, 1.099
[05:19:53] 139.8, 126.0, 1.104
[05:19:54] 139.9, 125.9, 1.806
[05:19:55] 229.0, 125.9, 1.826
[05:19:56] 229.0, 125.8, 1.859
[05:19:57] 235.3, 125.8, 1.865
[05:19:58] 235.4, 125.9, 1.864
[05:19:59] 235.4, 125.8, 1.859
[05:20:00] 235.5, 126.0, 1.109
[05:20:01] 179.4, 126.0, 1.102
[05:20:02] 140.3, 126.0, 1.108
[05:20:03] 140.3, 126.0, 1.104
[05:20:04] 140.2, 126.0, 1.101
[05:20:05] 140.2, 126.0, 1.828
[05:20:06] 220.3, 125.9, 1.800
[05:20:07] 229.4, 125.9, 1.861
[05:20:08] 235.7, 125.9, 1.862
[05:20:09] 235.7, 126.0, 1.855
[05:20:10] 235.6, 125.9, 1.862
[05:20:11] 235.7, 125.9, 1.865
[05:20:12] 235.7, 125.9, 1.864
[05:20:13] 235.8, 125.9, 1.865
[05:20:14] 235.8, 125.9, 1.860
[05:20:15] 235.8, 125.9, 1.863
[05:20:16] 235.9, 125.8, 1.861
[05:20:17] 235.8, 126.0, 1.145
[05:20:18] 182.3, 126.0, 1.106
[05:20:19] 140.5, 125.9, 1.101
[05:20:20] 140.4, 126.0, 1.108
[05:20:21] 140.4, 126.0, 1.106
