<<<[20:30:35] 140.0, 126.0, 1.102
[20:30:36] 140.0, 126.0, 1.099
[20:30:37] 140.1, 126.1, 1.110
[20:30:38] 140.3, 126.1, 1.220
[20:30:39] 147.5, 126.1, 1.114
[20:30:40] 147.8, 126.0, 1.111
[20:30:41] 141.9, 126.1, 1.113
[20:30:42] 141.9, 126.0, 1.121
[20:30:43] 142.0, 126.0, 1.129
[20:30:44] 142.2, 125.9, 1.682
[20:30:45] 167.1, 126.0, 1.115
[20:30:46] 144.6, 126.0, 1.110
[20:30:47] 144.2, 126.0, 1.116
[20:30:48] 143.8, 126.0, 1.119
[20:30:49] 143.5, 125.9, 1.650
[20:30:50] 165.3, 126.0, 1.121
[20:30:51] 144.8, 126.0, 1.118
[20:30:52] 144.4, 126.0, 1.114
[20:30:53] 144.1, 126.0, 1.108
[20:30:54] 143.7, 125.9, 1.635
[20:30:55] 163.7, 126.0, 1.107
[20:30:56] 143.7, 126.0, 1.107
[20:30:57] 143.3, 126.0, 1.104
[20:30:58] 142.9, 126.0, 1.107
[20:30:59] 142.7, 125.9, 1.622
[20:31:00] 163.7, 126.0, 1.104
[20:31:01] 143.7, 126.0, 1.100
[20:31:02] 143.3, 126.0, 1.103
[20:31:03] 142.9, 126.0, 1.100
[20:31:04] 142.6, 126.0, 1.604
[20:31:05] 162.7, 126.0, 1.100
[20:31:06] 144.3, 126.0, 1.094
[20:31:07] 143.7, 126.0, 1.108
[20:31:08] 143.2, 126.0, 1.099
[20:31:09] 142.8, 125.9, 1.576
[20:31:10] 162.2, 126.0, 1.092
[20:31:11] 143.9, 126.0, 1.095
[20:31:12] 143.4, 126.0, 1.100
[20:31:13] 143.0, 126.0, 1.100
[20:31:14] 142.6, 125.8, 3.285
[20:31:15] 174.7, 126.0, 1.040
[20:31:16] 135.1, 126.0, 1.096
[20:31:17] 135.3, 126.0, 1.105
[20:31:18] 135.8, 126.1, 1.098
[20:31:19] 136.3, 125.8, 2.863
[20:31:20] 172.7, 126.1, 1.034
[20:31:21] 148.4, 126.0, 1.099
[20:31:22] 137.4, 126.0, 1.104
[20:31:23] 137.7, 126.0, 1.091
[20:31:24] 137.9, 126.0, 1.094
[20:31:25] 167.8, 126.0, 1.034
[20:31:26] 149.2, 126.1, 1.098
[20:31:27] 136.0, 126.1, 1.098
[20:31:28] 136.4, 126.0, 1.100
[20:31:29] 136.8, 126.0, 1.095
[20:31:30] 137.1, 126.1, 1.130
[20:31:31] 195.9, 126.1, 1.095
[20:31:32] 134.9, 126.1, 1.097
[20:31:33] 135.5, 126.0, 1.095
[20:31:34] 136.0, 126.0, 1.093
[20:31:35] 136.5, 126.0, 1.729
[20:31:36] 199.3, 126.0, 1.034
[20:31:37] 168.7, 126.0, 1.106
[20:31:38] 139.4, 126.0, 1.097
[20:31:39] 139.4, 126.1, 1.097
[20:31:40] 139.3, 126.0, 1.095
[20:31:41] 139.3, 125.9, 1.766
[20:31:42] 219.4, 125.9, 1.641
[20:31:43] 219.0, 126.0, 1.103
[20:31:44] 145.2, 126.0, 1.099
[20:31:45] 139.6, 126.0, 1.093
[20:31:46] 139.6, 126.0, 1.094
[20:31:47] 139.6, 125.8, 3.336
[20:31:48] 179.0, 125.9, 1.743
[20:31:49] 219.8, 125.9, 1.806
[20:31:50] 226.1, 125.9, 1.715
[20:31:51] 225.7, 126.0, 1.108
[20:31:52] 146.1, 126.0, 1.102
[20:31:53] 140.3, 126.0, 1.104
[20:31:54] 140.2, 126.0, 1.097
[20:31:55] 140.2, 125.8, 3.377
[20:31:56] 178.1, 125.9, 1.745
[20:31:57] 219.6, 125.9, 1.807
[20:31:58] 225.9, 125.9, 1.810
[20:31:59] 226.3, 125.9, 1.809
[20:32:00] 226.6, 125.9, 1.809
[20:32:01] 226.9, 125.9, 1.769
[20:32:02] 226.6, 126.0, 1.105
[20:32:03] 147.2, 126.0, 1.100
[20:32:04] 139.9, 126.0, 1.095
[20:32:05] 139.8, 126.0, 1.106
[20:32:06] 139.8, 125.8, 2.882
[20:32:07] 175.2, 125.9, 1.747
[20:32:08] 219.0, 125.9, 1.807
[20:32:09] 226.1, 125.9, 1.809
[20:32:10] 226.4, 125.9, 1.808
[20:32:11] 226.7, 125.9, 1.810
[20:32:12] 227.0, 125.8, 1.810
[20:32:13] 227.3, 125.8, 1.811
[20:32:14] 227.5, 125.9, 1.811
[20:32:15] 227.8, 125.9, 1.807
[20:32:16] 227.9, 125.9, 1.809
[20:32:17] 228.0, 125.9, 1.809
[20:32:18] 228.1, 125.9, 1.809
[20:32:19] 217.1, 126.0, 1.107
[20:32:20] 139.2, 125.9, 1.104
[20:32:21] 139.3, 126.0, 1.099
[20:32:22] 139.4, 126.0, 1.097
