<<<[14:41:29] 145.3, 124.9, 1.136
[14:41:30] 145.0, 124.9, 1.148
[14:41:31] 144.7, 124.9, 1.145
[14:41:32] 144.7, 124.8, 1.244
[14:41:33] 151.7, 124.8, 1.254
[14:41:34] 158.0, 124.9, 1.156
[14:41:35] 149.5, 124.8, 1.173
[14:41:36] 149.2, 124.8, 1.187
[14:41:37] 149.1, 124.8, 1.192
[14:41:38] 149.2, 124.8, 1.191
[14:41:39] 149.2, 124.8, 1.108
[14:41:40] 168.9, 124.8, 1.122
[14:41:41] 141.0, 124.9, 1.119
[14:41:42] 141.1, 124.8, 1.125
[14:41:43] 141.3, 124.9, 1.134
[14:41:44] 141.4, 124.8, 1.102
[14:41:45] 168.0, 124.8, 1.123
[14:41:46] 140.7, 124.8, 1.123
[14:41:47] 140.8, 124.8, 1.137
[14:41:48] 140.9, 124.8, 1.131
[14:41:49] 141.1, 124.8, 1.108
[14:41:50] 168.0, 124.8, 1.111
[14:41:51] 140.7, 124.9, 1.119
[14:41:52] 140.7, 124.9, 1.128
[14:41:53] 140.8, 124.8, 1.129
[14:41:54] 140.9, 124.9, 1.099
[14:41:55] 167.5, 124.9, 1.117
[14:41:56] 140.3, 124.9, 1.116
[14:41:57] 140.3, 124.9, 1.123
[14:41:58] 140.5, 124.9, 1.123
[14:41:59] 140.7, 124.9, 1.100
[14:42:00] 167.6, 124.9, 1.116
[14:42:01] 140.5, 124.9, 1.119
[14:42:02] 140.5, 124.9, 1.122
[14:42:03] 140.7, 124.9, 1.120
[14:42:04] 140.8, 124.9, 1.107
[14:42:05] 167.5, 124.9, 1.119
[14:42:06] 140.3, 124.9, 1.117
[14:42:07] 140.3, 124.9, 1.120
[14:42:08] 140.5, 124.9, 1.117
[14:42:09] 140.5, 124.9, 1.033
[14:42:10] 175.8, 124.9, 1.082
[14:42:11] 134.1, 124.9, 1.115
[14:42:12] 140.1, 124.9, 1.112
[14:42:13] 140.2, 124.9, 1.122
[14:42:14] 140.3, 124.9, 1.029
[14:42:15] 173.8, 124.9, 1.072
[14:42:16] 133.8, 124.9, 1.115
[14:42:17] 140.7, 124.9, 1.119
[14:42:18] 140.7, 124.9, 1.114
[14:42:19] 140.7, 124.9, 1.310
[14:42:20] 185.4, 124.9, 1.047
[14:42:21] 133.8, 124.9, 1.114
[14:42:22] 140.7, 124.8, 1.116
[14:42:23] 140.7, 124.9, 1.117
[14:42:24] 140.7, 124.8, 1.762
[14:42:25] 201.1, 124.9, 1.046
[14:42:26] 139.8, 124.9, 1.115
[14:42:27] 139.8, 124.9, 1.116
[14:42:28] 139.9, 124.8, 1.116
[14:42:29] 140.0, 124.7, 3.479
[14:42:30] 182.7, 124.9, 1.276
[14:42:31] 192.6, 124.8, 1.111
[14:42:32] 137.9, 124.8, 1.117
[14:42:33] 138.2, 124.9, 1.117
[14:42:34] 138.5, 124.9, 1.116
[14:42:35] 138.8, 124.8, 1.895
[14:42:36] 215.6, 124.8, 1.619
[14:42:37] 216.1, 124.9, 1.111
[14:42:38] 138.7, 124.9, 1.113
[14:42:39] 138.9, 124.9, 1.119
[14:42:40] 139.1, 124.9, 1.132
[14:42:41] 139.4, 124.8, 2.923
[14:42:42] 188.8, 124.8, 1.880
[14:42:43] 237.0, 124.8, 1.949
[14:42:44] 242.6, 124.9, 1.103
[14:42:45] 182.8, 124.9, 1.121
[14:42:46] 141.2, 124.9, 1.112
[14:42:47] 141.2, 124.9, 1.111
[14:42:48] 141.1, 124.9, 1.117
[14:42:49] 141.2, 124.8, 1.910
[14:42:50] 232.1, 124.8, 1.885
[14:42:51] 238.2, 124.8, 1.949
[14:42:52] 244.2, 124.8, 1.951
[14:42:53] 244.3, 124.8, 1.952
[14:42:54] 244.3, 124.9, 1.329
[14:42:55] 199.7, 124.9, 1.118
[14:42:56] 141.2, 124.9, 1.126
[14:42:57] 141.2, 124.9, 1.116
[14:42:58] 141.1, 124.9, 1.125
[14:42:59] 141.1, 124.8, 1.923
[14:43:00] 221.4, 124.8, 1.883
[14:43:01] 237.5, 124.7, 1.954
[14:43:02] 244.9, 124.8, 1.952
[14:43:03] 244.9, 124.8, 1.957
[14:43:04] 244.9, 124.7, 1.955
[14:43:05] 245.0, 124.8, 1.958
[14:43:06] 245.0, 124.8, 1.961
[14:43:07] 245.0, 124.8, 1.958
[14:43:08] 245.1, 124.8, 1.956
[14:43:09] 245.2, 124.9, 1.118
[14:43:10] 199.5, 124.9, 1.124
[14:43:11] 141.6, 124.9, 1.119
[14:43:12] 141.5, 124.9, 1.123
[14:43:13] 141.5, 124.9, 1.122
