<<<[20:12:08] 140.7, 126.1, 1.114
[20:12:09] 140.7, 126.0, 1.114
[20:12:10] 140.8, 126.0, 1.113
[20:12:11] 140.9, 126.0, 1.222
[20:12:12] 153.0, 126.1, 1.108
[20:12:13] 147.4, 126.1, 1.118
[20:12:14] 140.5, 126.0, 1.116
[20:12:15] 140.6, 126.0, 1.117
[20:12:16] 140.8, 126.0, 1.130
[20:12:17] 141.1, 125.9, 1.707
[20:12:18] 168.0, 126.0, 1.109
[20:12:19] 143.0, 126.0, 1.105
[20:12:20] 142.7, 126.0, 1.106
[20:12:21] 142.6, 126.0, 1.120
[20:12:22] 142.7, 125.9, 1.697
[20:12:23] 168.4, 126.0, 1.110
[20:12:24] 143.2, 126.0, 1.109
[20:12:25] 142.9, 126.0, 1.117
[20:12:26] 142.7, 126.0, 1.125
[20:12:27] 142.7, 125.9, 1.700
[20:12:28] 166.9, 126.1, 1.099
[20:12:29] 142.5, 126.1, 1.104
[20:12:30] 142.2, 126.1, 1.102
[20:12:31] 142.1, 126.1, 1.113
[20:12:32] 141.9, 126.0, 1.689
[20:12:33] 165.3, 126.1, 1.103
[20:12:34] 142.7, 126.1, 1.102
[20:12:35] 142.3, 126.1, 1.102
[20:12:36] 142.0, 126.0, 1.097
[20:12:37] 141.8, 125.9, 1.681
[20:12:38] 164.9, 126.0, 1.098
[20:12:39] 142.5, 126.0, 1.098
[20:12:40] 142.2, 126.0, 1.100
[20:12:41] 142.0, 126.0, 1.102
[20:12:42] 141.8, 126.0, 1.657
[20:12:43] 164.0, 126.1, 1.095
[20:12:44] 142.1, 126.0, 1.098
[20:12:45] 141.8, 126.0, 1.101
[20:12:46] 141.6, 126.1, 1.102
[20:12:47] 141.4, 125.9, 2.982
[20:12:48] 175.2, 126.0, 1.035
[20:12:49] 135.1, 126.1, 1.105
[20:12:50] 135.4, 126.0, 1.100
[20:12:51] 140.5, 126.0, 1.103
[20:12:52] 140.4, 125.8, 3.274
[20:12:53] 174.9, 126.0, 1.034
[20:12:54] 146.6, 126.0, 1.094
[20:12:55] 137.2, 126.0, 1.099
[20:12:56] 137.5, 126.0, 1.095
[20:12:57] 137.8, 126.0, 1.109
[20:12:58] 168.7, 126.0, 1.059
[20:12:59] 162.0, 126.0, 1.097
[20:13:00] 136.0, 126.0, 1.100
[20:13:01] 136.5, 126.0, 1.110
[20:13:02] 137.0, 126.0, 1.103
[20:13:03] 137.4, 125.9, 1.569
[20:13:04] 210.7, 126.0, 1.081
[20:13:05] 133.2, 126.0, 1.095
[20:13:06] 139.8, 126.0, 1.099
[20:13:07] 139.8, 126.0, 1.095
[20:13:08] 139.7, 125.9, 1.875
[20:13:09] 193.7, 126.0, 1.061
[20:13:10] 185.4, 126.0, 1.098
[20:13:11] 139.4, 126.0, 1.097
[20:13:12] 139.4, 126.0, 1.094
[20:13:13] 139.5, 126.0, 1.104
[20:13:14] 139.5, 126.0, 1.744
[20:13:15] 204.4, 125.9, 1.759
[20:13:16] 222.7, 126.0, 1.110
[20:13:17] 174.0, 126.0, 1.091
[20:13:18] 139.8, 126.0, 1.092
[20:13:19] 139.8, 126.0, 1.097
[20:13:20] 139.7, 126.0, 1.102
[20:13:21] 139.8, 126.0, 1.771
[20:13:22] 223.9, 125.9, 1.788
[20:13:23] 224.0, 125.9, 1.821
[20:13:24] 231.2, 126.0, 1.686
[20:13:25] 223.7, 126.0, 1.095
[20:13:26] 143.0, 126.0, 1.104
[20:13:27] 142.6, 126.0, 1.100
[20:13:28] 142.2, 126.0, 1.094
[20:13:29] 141.9, 125.8, 3.149
[20:13:30] 180.7, 125.9, 1.761
[20:13:31] 222.8, 125.9, 1.825
[20:13:32] 229.0, 125.9, 1.828
[20:13:33] 229.3, 125.9, 1.829
[20:13:34] 229.5, 125.9, 1.827
[20:13:35] 229.8, 126.0, 1.830
[20:13:36] 230.0, 125.9, 1.738
[20:13:37] 229.4, 126.1, 1.102
[20:13:38] 143.7, 126.0, 1.101
[20:13:39] 143.2, 126.0, 1.099
[20:13:40] 142.8, 126.0, 1.098
[20:13:41] 142.4, 125.8, 3.414
[20:13:42] 179.4, 125.9, 1.765
[20:13:43] 222.1, 125.9, 1.829
[20:13:44] 228.6, 125.9, 1.832
[20:13:45] 228.9, 125.9, 1.828
[20:13:46] 229.3, 125.8, 1.834
[20:13:47] 229.6, 125.8, 1.832
[20:13:48] 229.9, 125.9, 1.832
[20:13:49] 230.2, 125.9, 1.831
[20:13:50] 230.4, 125.9, 1.830
[20:13:51] 230.6, 125.9, 1.830
[20:13:52] 230.7, 125.9, 1.831
[20:13:53] 230.8, 125.9, 1.830
[20:13:54] 231.0, 125.9, 1.828
[20:13:55] 231.1, 126.0, 1.819
[20:13:56] 216.7, 126.0, 1.097
[20:13:57] 139.9, 126.1, 1.098
[20:13:58] 139.9, 126.1, 1.108
[20:13:59] 140.0, 126.1, 1.098
