<<<[01:29:04] 141.4, 126.2, 1.103
[01:29:05] 141.3, 126.1, 1.111
[01:29:06] 141.3, 126.1, 1.113
[01:29:07] 141.4, 126.1, 1.113
[01:29:08] 141.5, 126.1, 1.124
[01:29:09] 141.5, 126.1, 1.127
[01:29:10] 141.7, 126.0, 1.119
[01:29:11] 141.9, 126.1, 1.128
[01:29:12] 147.7, 126.1, 1.130
[01:29:13] 167.1, 126.1, 1.129
[01:29:14] 143.7, 126.1, 1.122
[01:29:15] 143.5, 126.0, 1.114
[01:29:16] 143.2, 126.1, 1.107
[01:29:17] 143.4, 126.1, 1.115
[01:29:18] 164.9, 126.1, 1.108
[01:29:19] 141.6, 126.1, 1.110
[01:29:20] 141.5, 126.1, 1.109
[01:29:21] 141.5, 126.1, 1.106
[01:29:22] 141.8, 126.1, 1.110
[01:29:23] 165.5, 126.1, 1.112
[01:29:24] 141.8, 126.1, 1.112
[01:29:25] 141.8, 126.0, 1.105
[01:29:26] 141.7, 126.1, 1.100
[01:29:27] 141.9, 126.1, 1.113
[01:29:28] 164.9, 126.1, 1.107
[01:29:29] 140.7, 126.1, 1.102
[01:29:30] 140.7, 126.1, 1.106
[01:29:31] 140.6, 126.1, 1.100
[01:29:32] 140.9, 126.0, 1.105
[01:29:33] 164.9, 126.1, 1.112
[01:29:34] 140.8, 126.1, 1.101
[01:29:35] 140.7, 126.1, 1.099
[01:29:36] 140.7, 126.1, 1.093
[01:29:37] 140.9, 126.1, 1.104
[01:29:38] 164.4, 126.2, 1.100
[01:29:39] 139.9, 126.1, 1.099
[01:29:40] 139.9, 126.1, 1.100
[01:29:41] 139.8, 126.1, 1.100
[01:29:42] 140.2, 126.1, 1.098
[01:29:43] 164.7, 126.1, 1.100
[01:29:44] 140.3, 126.1, 1.108
[01:29:45] 140.3, 126.1, 1.105
[01:29:46] 140.3, 126.1, 1.099
[01:29:47] 140.5, 126.1, 1.105
[01:29:48] 164.6, 126.1, 1.093
[01:29:49] 139.9, 126.1, 1.096
[01:29:50] 139.8, 126.1, 1.098
[01:29:51] 139.8, 126.1, 1.100
[01:29:52] 140.1, 126.1, 1.106
[01:29:53] 165.1, 126.1, 1.100
[01:29:54] 140.1, 126.1, 1.101
[01:29:55] 140.1, 126.2, 1.092
[01:29:56] 140.0, 126.1, 1.092
[01:29:57] 140.2, 126.2, 1.108
[01:29:58] 165.5, 126.2, 1.093
[01:29:59] 139.6, 126.1, 1.093
[01:30:00] 139.6, 126.1, 1.097
[01:30:01] 139.6, 126.1, 1.098
[01:30:02] 139.8, 126.1, 1.104
[01:30:03] 165.1, 126.2, 1.102
[01:30:04] 139.9, 126.1, 1.104
[01:30:05] 139.9, 126.1, 1.101
[01:30:06] 139.9, 126.1, 1.097
[01:30:07] 140.0, 126.1, 1.112
[01:30:08] 164.9, 126.2, 1.100
[01:30:09] 139.6, 126.2, 1.096
[01:30:10] 139.6, 126.1, 1.094
[01:30:11] 139.6, 126.1, 1.091
[01:30:12] 139.6, 126.1, 1.102
[01:30:13] 164.6, 126.1, 1.094
[01:30:14] 140.3, 126.1, 1.095
[01:30:15] 140.2, 126.1, 1.094
[01:30:16] 140.1, 126.1, 1.097
[01:30:17] 140.1, 126.1, 1.050
[01:30:18] 170.2, 126.1, 1.100
[01:30:19] 135.1, 126.1, 1.096
[01:30:20] 135.6, 126.1, 1.098
[01:30:21] 136.1, 126.1, 1.096
[01:30:22] 136.5, 126.1, 0.991
[01:30:23] 179.8, 126.2, 1.089
[01:30:24] 134.3, 126.1, 1.095
[01:30:25] 139.9, 126.1, 1.095
[01:30:26] 139.8, 126.1, 1.093
[01:30:27] 139.8, 126.1, 1.598
[01:30:28] 202.2, 126.1, 1.032
[01:30:29] 130.2, 126.1, 1.097
[01:30:30] 139.6, 126.1, 1.097
[01:30:31] 139.6, 126.1, 1.095
[01:30:32] 139.5, 126.0, 2.207
[01:30:33] 185.9, 126.1, 1.001
[01:30:34] 172.7, 126.1, 1.102
[01:30:35] 138.3, 126.1, 1.099
[01:30:36] 138.4, 126.1, 1.097
[01:30:37] 138.6, 126.1, 1.095
[01:30:38] 138.7, 126.0, 1.708
[01:30:39] 213.4, 126.1, 1.370
[01:30:40] 189.7, 126.1, 1.101
[01:30:41] 140.3, 126.1, 1.099
[01:30:42] 140.2, 126.1, 1.093
[01:30:43] 140.0, 126.1, 1.096
[01:30:44] 140.0, 126.0, 1.731
[01:30:45] 193.7, 126.0, 1.684
[01:30:46] 213.4, 126.0, 1.748
[01:30:47] 220.9, 126.1, 1.105
[01:30:48] 163.8, 126.1, 1.097
[01:30:49] 139.2, 126.1, 1.097
[01:30:50] 139.2, 126.0, 1.096
[01:30:51] 139.2, 126.1, 1.097
[01:30:52] 139.3, 125.9, 1.678
[01:30:53] 227.4, 126.0, 1.752
[01:30:54] 216.5, 126.0, 1.751
[01:30:55] 221.8, 125.9, 1.748
[01:30:56] 221.7, 126.0, 1.752
[01:30:57] 221.7, 126.1, 1.109
[01:30:58] 165.3, 126.1, 1.093
[01:30:59] 139.6, 126.1, 1.093
[01:31:00] 139.5, 126.1, 1.101
[01:31:01] 139.6, 126.1, 1.092
[01:31:02] 139.6, 126.0, 1.684
[01:31:03] 221.0, 126.1, 1.719
[01:31:04] 220.3, 126.1, 1.747
[01:31:05] 220.5, 126.0, 1.750
[01:31:06] 220.7, 126.0, 1.751
[01:31:07] 220.8, 126.0, 1.754
[01:31:08] 221.0, 126.0, 1.749
[01:31:09] 221.1, 126.0, 1.756
[01:31:10] 221.2, 126.0, 1.754
[01:31:11] 221.4, 126.0, 1.753
[01:31:12] 221.5, 126.1, 1.099
[01:31:13] 160.4, 126.1, 1.101
[01:31:14] 140.7, 126.1, 1.101
[01:31:15] 140.6, 126.0, 1.101
[01:31:16] 140.5, 126.1, 1.097
