<<<[09:58:43] 141.6, 125.6, 1.116
[09:58:44] 141.6, 125.6, 1.115
[09:58:45] 141.5, 125.7, 1.110
[09:58:46] 141.4, 125.7, 1.167
[09:58:47] 141.9, 125.6, 1.275
[09:58:48] 158.8, 125.7, 1.274
[09:58:49] 158.8, 125.7, 1.259
[09:58:50] 158.8, 125.7, 1.236
[09:58:51] 158.7, 125.6, 1.247
[09:58:52] 158.6, 125.6, 1.243
[09:58:53] 158.5, 125.6, 1.243
[09:58:54] 158.3, 125.7, 1.235
[09:58:55] 158.3, 125.7, 1.237
[09:58:56] 158.2, 125.6, 1.238
[09:58:57] 158.0, 125.6, 1.240
[09:58:58] 157.9, 125.7, 1.249
[09:58:59] 158.2, 125.7, 1.100
[09:59:00] 140.8, 125.7, 1.110
[09:59:01] 140.7, 125.7, 1.106
[09:59:02] 140.7, 125.6, 1.105
[09:59:03] 140.6, 125.7, 1.107
[09:59:04] 140.6, 125.7, 1.075
[09:59:05] 176.7, 125.7, 1.119
[09:59:06] 136.3, 125.7, 1.120
[09:59:07] 136.8, 125.7, 1.127
[09:59:08] 137.4, 125.7, 1.108
[09:59:09] 137.8, 125.7, 1.067
[09:59:10] 176.1, 125.7, 1.109
[09:59:11] 136.5, 125.7, 1.094
[09:59:12] 137.0, 125.8, 1.126
[09:59:13] 137.5, 125.7, 1.113
[09:59:14] 138.0, 125.7, 1.067
[09:59:15] 178.3, 125.7, 1.122
[09:59:16] 136.0, 125.7, 1.103
[09:59:17] 136.4, 125.7, 1.126
[09:59:18] 137.1, 125.7, 1.122
[09:59:19] 137.6, 125.7, 1.030
[09:59:20] 193.2, 125.7, 1.092
[09:59:21] 135.8, 125.7, 1.103
[09:59:22] 141.0, 125.7, 1.101
[09:59:23] 140.9, 125.8, 1.114
[09:59:24] 141.0, 125.7, 1.544
[09:59:25] 211.6, 125.8, 1.061
[09:59:26] 134.0, 125.8, 1.121
[09:59:27] 140.8, 125.7, 1.116
[09:59:28] 140.8, 125.7, 1.120
[09:59:29] 140.8, 125.5, 2.318
[09:59:30] 224.7, 125.8, 1.082
[09:59:31] 167.1, 125.7, 1.124
[09:59:32] 140.5, 125.8, 1.099
[09:59:33] 140.4, 125.8, 1.107
[09:59:34] 140.5, 125.7, 1.117
[09:59:35] 140.6, 125.6, 2.289
[09:59:36] 294.7, 125.8, 1.141
[09:59:37] 176.0, 125.8, 1.111
[09:59:38] 141.2, 125.8, 1.122
[09:59:39] 141.1, 125.7, 1.114
[09:59:40] 141.1, 125.8, 1.104
[09:59:41] 141.1, 125.6, 2.288
[09:59:42] 284.9, 125.6, 2.351
[09:59:43] 291.6, 125.8, 1.117
[09:59:44] 205.1, 125.8, 1.114
[09:59:45] 141.0, 125.8, 1.098
[09:59:46] 140.9, 125.8, 1.105
[09:59:47] 141.0, 125.8, 1.117
[09:59:48] 141.0, 125.7, 2.316
[09:59:49] 268.3, 125.6, 2.293
[09:59:50] 290.5, 125.7, 2.354
[09:59:51] 297.1, 125.6, 2.357
[09:59:52] 297.0, 125.7, 1.646
[09:59:53] 241.5, 125.8, 1.135
[09:59:54] 141.0, 125.8, 1.134
[09:59:55] 141.0, 125.7, 1.120
[09:59:56] 141.0, 125.7, 1.114
[09:59:57] 141.1, 125.6, 2.267
[09:59:58] 231.7, 125.6, 2.292
[09:59:59] 289.1, 125.6, 2.358
[10:00:00] 296.5, 125.6, 2.356
[10:00:01] 296.6, 125.6, 2.361
[10:00:02] 296.7, 125.6, 2.360
[10:00:03] 296.8, 125.6, 2.360
[10:00:04] 296.8, 125.6, 2.360
[10:00:05] 296.9, 125.6, 2.361
[10:00:06] 296.9, 125.7, 1.124
[10:00:07] 156.8, 125.8, 1.121
[10:00:08] 141.4, 125.7, 1.118
[10:00:09] 141.4, 125.8, 1.124
[10:00:10] 141.4, 125.8, 1.111
[10:00:11] 155.5, 125.6, 2.297
[10:00:12] 295.4, 125.6, 2.366
[10:00:13] 295.1, 125.5, 2.362
[10:00:14] 295.4, 125.5, 2.364
[10:00:15] 295.7, 125.6, 2.365
[10:00:16] 296.0, 125.6, 2.364
[10:00:17] 296.2, 125.6, 2.366
[10:00:18] 296.4, 125.5, 2.369
[10:00:19] 296.6, 125.6, 2.363
[10:00:20] 296.8, 125.6, 2.367
[10:00:21] 297.0, 125.6, 2.366
[10:00:22] 297.2, 125.6, 2.367
[10:00:23] 297.3, 125.6, 2.364
[10:00:24] 297.4, 125.6, 2.364
[10:00:25] 297.6, 125.6, 2.367
[10:00:26] 297.6, 125.6, 2.366
[10:00:27] 297.7, 125.6, 2.368
[10:00:28] 289.1, 125.8, 1.103
[10:00:29] 139.0, 125.8, 1.110
[10:00:30] 139.3, 125.8, 1.119
[10:00:31] 139.6, 125.7, 1.123
