<<<[07:53:11] 140.6, 126.0, 1.124
[07:53:12] 140.8, 126.0, 1.126
[07:53:13] 141.0, 126.0, 1.131
[07:53:14] 141.3, 126.0, 1.187
[07:53:15] 147.5, 126.0, 1.253
[07:53:16] 159.5, 126.0, 1.249
[07:53:17] 159.4, 126.0, 1.273
[07:53:18] 159.5, 126.0, 1.230
[07:53:19] 159.3, 126.0, 1.254
[07:53:20] 159.4, 126.0, 1.257
[07:53:21] 159.4, 126.0, 1.219
[07:53:22] 159.2, 126.0, 1.270
[07:53:23] 159.3, 126.0, 1.269
[07:53:24] 159.5, 126.0, 1.255
[07:53:25] 159.5, 126.0, 1.274
[07:53:26] 159.4, 126.0, 1.271
[07:53:27] 159.5, 126.0, 1.269
[07:53:28] 159.6, 126.0, 1.219
[07:53:29] 159.6, 126.0, 1.226
[07:53:30] 159.7, 126.0, 1.249
[07:53:31] 159.7, 126.0, 1.244
[07:53:32] 159.6, 126.0, 1.274
[07:53:33] 159.7, 126.0, 1.253
[07:53:34] 159.5, 126.0, 1.268
[07:53:35] 159.7, 126.0, 1.269
[07:53:36] 159.7, 126.0, 1.236
[07:53:37] 159.8, 126.0, 1.236
[07:53:38] 159.5, 126.0, 1.236
[07:53:39] 159.6, 126.0, 1.241
[07:53:40] 159.4, 126.0, 1.237
[07:53:41] 159.1, 126.0, 1.236
[07:53:42] 159.0, 126.0, 1.255
[07:53:43] 158.8, 126.0, 1.238
[07:53:44] 158.7, 126.0, 1.238
[07:53:45] 158.8, 126.0, 1.249
[07:53:46] 158.7, 126.0, 1.242
[07:53:47] 158.6, 126.0, 1.247
[07:53:48] 158.5, 126.1, 1.240
[07:53:49] 158.4, 126.1, 1.283
[07:53:50] 158.5, 126.1, 1.228
[07:53:51] 158.6, 126.1, 1.244
[07:53:52] 158.5, 126.1, 1.234
[07:53:53] 158.4, 126.1, 1.236
[07:53:54] 158.3, 126.1, 1.235
[07:53:55] 158.2, 126.1, 1.238
[07:53:56] 158.3, 126.1, 1.240
[07:53:57] 158.3, 126.1, 1.230
[07:53:58] 158.2, 126.0, 1.245
[07:53:59] 158.2, 126.0, 1.241
[07:54:00] 158.1, 126.0, 1.242
[07:54:01] 158.1, 126.0, 1.285
[07:54:02] 158.3, 126.1, 1.279
[07:54:03] 158.7, 126.0, 1.225
[07:54:04] 158.8, 126.1, 1.239
[07:54:05] 158.7, 126.1, 1.246
[07:54:06] 158.4, 126.1, 1.244
[07:54:07] 158.4, 126.1, 1.236
[07:54:08] 158.2, 126.1, 1.236
[07:54:09] 158.1, 126.1, 1.251
[07:54:10] 158.2, 126.1, 1.236
[07:54:11] 158.2, 126.1, 1.249
[07:54:12] 158.0, 126.1, 1.238
[07:54:13] 157.9, 126.1, 1.228
[07:54:14] 157.9, 126.1, 1.235
[07:54:15] 157.8, 126.1, 1.239
[07:54:16] 157.8, 126.1, 1.273
[07:54:17] 157.9, 126.1, 1.251
[07:54:18] 158.3, 126.0, 1.237
[07:54:19] 158.1, 126.1, 1.236
[07:54:20] 158.0, 126.1, 1.241
[07:54:21] 158.1, 126.1, 1.242
[07:54:22] 158.0, 126.1, 1.234
[07:54:23] 157.9, 126.0, 1.223
[07:54:24] 157.8, 126.0, 1.233
[07:54:25] 158.0, 126.1, 1.235
[07:54:26] 157.9, 126.0, 1.237
[07:54:27] 157.9, 126.1, 1.276
[07:54:28] 157.9, 126.1, 1.238
[07:54:29] 157.8, 126.1, 1.235
[07:54:30] 157.8, 126.1, 1.238
[07:54:31] 157.8, 126.1, 1.268
[07:54:32] 158.3, 126.1, 1.271
[07:54:33] 158.8, 126.1, 1.246
[07:54:34] 158.9, 126.2, 1.243
[07:54:35] 158.8, 126.2, 1.240
[07:54:36] 158.7, 126.2, 1.241
[07:54:37] 158.5, 126.2, 1.241
[07:54:38] 158.5, 126.2, 1.240
[07:54:39] 158.4, 126.2, 1.306
[07:54:40] 158.3, 126.2, 1.176
[07:54:41] 149.2, 126.2, 1.177
[07:54:42] 149.2, 126.1, 1.175
[07:54:43] 149.2, 126.2, 1.174
[07:54:44] 149.2, 126.2, 1.187
[07:54:45] 182.5, 126.2, 1.033
[07:54:46] 144.8, 126.1, 1.102
[07:54:47] 136.3, 126.2, 1.102
[07:54:48] 136.7, 126.2, 1.097
[07:54:49] 137.1, 126.2, 1.099
[07:54:50] 137.7, 126.2, 1.044
[07:54:51] 199.1, 126.2, 1.102
[07:54:52] 135.2, 126.2, 1.101
[07:54:53] 135.7, 126.2, 1.100
[07:54:54] 136.2, 126.2, 1.106
[07:54:55] 136.7, 126.1, 1.963
[07:54:56] 225.9, 126.2, 1.033
[07:54:57] 146.8, 126.2, 1.098
[07:54:58] 140.1, 126.1, 1.113
[07:54:59] 140.0, 126.2, 1.102
[07:55:00] 140.0, 126.1, 1.099
[07:55:01] 167.3, 126.0, 1.931
[07:55:02] 241.9, 126.1, 1.122
[07:55:03] 170.5, 126.2, 1.101
[07:55:04] 139.4, 126.2, 1.106
[07:55:05] 139.4, 126.1, 1.107
[07:55:06] 139.4, 126.2, 1.100
[07:55:07] 139.5, 126.0, 1.927
[07:55:08] 246.9, 126.0, 1.988
[07:55:09] 246.9, 126.1, 1.612
[07:55:10] 222.3, 126.1, 1.100
[07:55:11] 139.0, 126.1, 1.096
[07:55:12] 139.0, 126.1, 1.099
[07:55:13] 139.1, 126.0, 1.098
[07:55:14] 139.2, 125.9, 2.044
[07:55:15] 202.8, 126.0, 1.925
[07:55:16] 244.7, 126.0, 1.993
[07:55:17] 251.4, 125.9, 1.995
[07:55:18] 251.5, 125.9, 1.997
[07:55:19] 251.6, 126.0, 1.158
[07:55:20] 201.7, 126.0, 1.102
[07:55:21] 140.1, 126.0, 1.100
[07:55:22] 140.0, 126.0, 1.102
[07:55:23] 140.0, 126.0, 1.107
[07:55:24] 140.0, 126.0, 1.947
[07:55:25] 218.3, 126.0, 1.933
[07:55:26] 244.9, 126.0, 1.991
[07:55:27] 252.7, 125.9, 1.997
[07:55:28] 252.7, 126.0, 1.997
[07:55:29] 252.7, 125.9, 1.998
[07:55:30] 252.7, 126.0, 1.996
[07:55:31] 252.7, 126.0, 1.995
[07:55:32] 252.7, 126.0, 1.999
[07:55:33] 252.7, 126.0, 2.002
[07:55:34] 252.7, 126.1, 1.104
[07:55:35] 164.9, 126.2, 1.100
[07:55:36] 139.8, 126.2, 1.102
[07:55:37] 139.8, 126.1, 1.103
[07:55:38] 139.8, 126.1, 1.100
[07:55:39] 139.9, 126.0, 1.931
[07:55:40] 251.1, 126.0, 1.989
[07:55:41] 250.6, 126.0, 1.995
[07:55:42] 250.9, 126.0, 2.001
[07:55:43] 251.1, 125.9, 2.002
[07:55:44] 251.3, 125.9, 2.000
[07:55:45] 251.5, 125.9, 1.998
[07:55:46] 251.8, 126.0, 1.998
[07:55:47] 251.9, 126.0, 2.002
[07:55:48] 252.1, 126.0, 1.999
[07:55:49] 252.2, 126.0, 2.004
[07:55:50] 252.4, 126.0, 2.001
[07:55:51] 252.5, 126.0, 2.001
[07:55:52] 252.6, 126.0, 2.002
[07:55:53] 252.7, 126.0, 2.007
[07:55:54] 252.8, 126.0, 2.005
[07:55:55] 252.9, 126.0, 2.003
[07:55:56] 253.0, 126.0, 2.003
[07:55:57] 253.1, 125.9, 2.004
[07:55:58] 253.2, 126.1, 1.145
[07:55:59] 196.1, 126.1, 1.101
[07:56:00] 140.3, 126.1, 1.106
[07:56:01] 140.3, 126.1, 1.099
