<<<[16:13:59] 142.9, 125.0, 1.123
[16:14:00] 142.9, 125.1, 1.134
[16:14:01] 142.9, 125.0, 1.154
[16:14:02] 143.1, 125.0, 1.274
[16:14:03] 154.8, 125.0, 1.277
[16:14:04] 160.0, 125.0, 1.278
[16:14:05] 160.0, 125.0, 1.276
[16:14:06] 160.1, 125.0, 1.275
[16:14:07] 160.2, 125.0, 1.277
[16:14:08] 160.3, 125.0, 1.278
[16:14:09] 160.3, 125.0, 1.280
[16:14:10] 160.4, 125.0, 1.276
[16:14:11] 160.4, 125.0, 1.273
[16:14:12] 160.4, 125.1, 1.251
[16:14:13] 160.3, 125.0, 1.272
[16:14:14] 160.2, 125.1, 1.276
[16:14:15] 160.3, 125.1, 1.281
[16:14:16] 160.3, 125.0, 1.278
[16:14:17] 160.4, 125.0, 1.277
[16:14:18] 160.4, 125.1, 1.277
[16:14:19] 160.2, 125.0, 1.275
[16:14:20] 160.3, 125.0, 1.279
[16:14:21] 160.3, 125.0, 1.277
[16:14:22] 160.4, 125.0, 1.257
[16:14:23] 160.3, 125.0, 1.273
[16:14:24] 160.2, 125.0, 1.276
[16:14:25] 160.2, 125.0, 1.267
[16:14:26] 160.1, 125.0, 1.279
[16:14:27] 160.1, 125.0, 1.241
[16:14:28] 159.7, 125.1, 1.241
[16:14:29] 159.5, 125.0, 1.278
[16:14:30] 159.4, 125.0, 1.250
[16:14:31] 159.2, 125.1, 1.257
[16:14:32] 159.0, 125.0, 1.292
[16:14:33] 159.2, 125.0, 1.253
[16:14:34] 159.0, 125.0, 1.261
[16:14:35] 158.9, 125.1, 1.246
[16:14:36] 158.9, 125.0, 1.284
[16:14:37] 158.8, 125.0, 1.250
[16:14:38] 158.6, 125.0, 1.290
[16:14:39] 164.6, 125.1, 1.267
[16:14:40] 157.3, 125.1, 1.232
[16:14:41] 157.3, 125.0, 1.247
[16:14:42] 157.3, 125.0, 1.242
[16:14:43] 157.6, 125.0, 1.279
[16:14:44] 157.5, 125.1, 1.244
[16:14:45] 157.5, 125.1, 1.238
[16:14:46] 157.9, 125.0, 1.251
[16:14:47] 157.8, 125.1, 1.242
[16:14:48] 157.9, 125.1, 1.307
[16:14:49] 158.0, 125.1, 1.238
[16:14:50] 157.9, 125.1, 1.249
[16:14:51] 157.8, 125.1, 1.284
[16:14:52] 158.0, 125.1, 1.276
[16:14:53] 163.8, 125.1, 1.173
[16:14:54] 147.7, 125.0, 1.152
[16:14:55] 147.4, 125.1, 1.131
[16:14:56] 146.9, 125.1, 1.140
[16:14:57] 146.5, 125.1, 1.152
[16:14:58] 146.2, 125.1, 1.094
[16:14:59] 168.4, 125.1, 1.108
[16:15:00] 139.9, 125.0, 1.104
[16:15:01] 139.8, 125.0, 1.105
[16:15:02] 139.8, 125.0, 1.109
[16:15:03] 139.8, 125.0, 1.015
[16:15:04] 176.7, 125.0, 1.103
[16:15:05] 134.1, 125.0, 1.105
[16:15:06] 139.8, 125.0, 1.105
[16:15:07] 139.7, 125.0, 1.104
[16:15:08] 139.8, 125.0, 1.016
[16:15:09] 178.0, 125.0, 1.067
[16:15:10] 133.6, 125.0, 1.107
[16:15:11] 139.4, 125.0, 1.105
[16:15:12] 139.4, 125.0, 1.105
[16:15:13] 139.4, 125.0, 1.338
[16:15:14] 191.7, 125.0, 1.052
[16:15:15] 134.1, 125.0, 1.108
[16:15:16] 139.4, 125.0, 1.104
[16:15:17] 139.4, 125.0, 1.103
[16:15:18] 139.4, 125.0, 1.544
[16:15:19] 213.3, 125.1, 1.042
[16:15:20] 129.8, 125.1, 1.102
[16:15:21] 139.6, 125.1, 1.104
[16:15:22] 139.5, 125.1, 1.107
[16:15:23] 139.5, 125.0, 2.497
[16:15:24] 222.5, 125.1, 1.048
[16:15:25] 155.1, 125.1, 1.100
[16:15:26] 138.3, 125.1, 1.105
[16:15:27] 138.4, 125.1, 1.102
[16:15:28] 162.7, 125.1, 1.104
[16:15:29] 139.4, 125.0, 2.345
[16:15:30] 300.7, 125.1, 1.106
[16:15:31] 141.8, 125.1, 1.106
[16:15:32] 141.5, 125.1, 1.101
[16:15:33] 141.2, 125.1, 1.106
[16:15:34] 141.0, 125.0, 1.103
[16:15:35] 171.8, 124.9, 2.350
[16:15:36] 292.2, 125.0, 1.856
[16:15:37] 266.7, 125.1, 1.102
[16:15:38] 138.1, 125.2, 1.107
[16:15:39] 138.3, 125.2, 1.106
[16:15:40] 138.5, 125.1, 1.104
[16:15:41] 138.6, 124.9, 3.193
[16:15:42] 200.8, 124.9, 2.348
[16:15:43] 295.3, 124.9, 2.414
[16:15:44] 301.0, 124.9, 2.416
[16:15:45] 301.2, 125.0, 1.078
[16:15:46] 201.8, 125.1, 1.107
[16:15:47] 139.9, 125.1, 1.105
[16:15:48] 139.8, 125.1, 1.100
[16:15:49] 139.8, 125.1, 1.099
[16:15:50] 139.7, 124.9, 2.380
[16:15:51] 267.4, 124.9, 2.353
[16:15:52] 296.5, 124.9, 2.418
[16:15:53] 303.2, 124.9, 2.415
[16:15:54] 303.2, 125.0, 2.416
[16:15:55] 303.2, 124.9, 2.417
[16:15:56] 303.2, 124.9, 2.417
[16:15:57] 303.2, 125.0, 1.451
[16:15:58] 230.1, 125.1, 1.112
[16:15:59] 140.7, 125.1, 1.109
[16:16:00] 140.6, 125.1, 1.105
[16:16:01] 140.5, 125.2, 1.109
[16:16:02] 140.4, 125.0, 2.337
[16:16:03] 244.6, 125.0, 2.351
[16:16:04] 295.1, 124.9, 2.416
[16:16:05] 302.9, 125.0, 2.414
[16:16:06] 302.9, 125.0, 2.416
[16:16:07] 302.9, 125.0, 2.417
[16:16:08] 302.9, 124.9, 2.420
[16:16:09] 303.0, 124.9, 2.418
[16:16:10] 303.0, 124.8, 2.423
[16:16:11] 303.1, 124.8, 2.424
[16:16:12] 303.1, 124.8, 2.423
[16:16:13] 303.2, 124.8, 2.424
[16:16:14] 303.3, 124.8, 2.423
[16:16:15] 303.3, 124.8, 2.425
[16:16:16] 303.4, 125.0, 1.794
[16:16:17] 259.6, 125.0, 1.111
[16:16:18] 141.2, 125.1, 1.107
[16:16:19] 141.0, 125.1, 1.110
[16:16:20] 140.9, 125.0, 1.109
