<<<[18:00:45] 141.3, 125.3, 1.118
[18:00:46] 141.4, 125.2, 1.139
[18:00:47] 141.7, 125.2, 1.145
[18:00:48] 142.1, 125.2, 1.247
[18:00:49] 155.3, 125.3, 1.192
[18:00:50] 150.1, 125.4, 1.180
[18:00:51] 150.0, 125.3, 1.180
[18:00:52] 149.9, 125.3, 1.190
[18:00:53] 149.9, 125.3, 1.181
[18:00:54] 150.2, 125.3, 1.147
[18:00:55] 165.5, 125.3, 1.148
[18:00:56] 144.5, 125.2, 1.149
[18:00:57] 144.5, 125.3, 1.142
[18:00:58] 144.4, 125.3, 1.140
[18:00:59] 144.7, 125.3, 1.129
[18:01:00] 166.0, 125.3, 1.126
[18:01:01] 142.5, 125.3, 1.124
[18:01:02] 142.5, 125.3, 1.121
[18:01:03] 142.5, 125.3, 1.119
[18:01:04] 142.8, 125.3, 1.125
[18:01:05] 165.5, 125.3, 1.114
[18:01:06] 141.2, 125.3, 1.120
[18:01:07] 141.1, 125.3, 1.118
[18:01:08] 141.2, 125.3, 1.125
[18:01:09] 141.7, 125.2, 1.123
[18:01:10] 165.5, 125.2, 1.118
[18:01:11] 140.8, 125.2, 1.119
[18:01:12] 140.8, 125.3, 1.124
[18:01:13] 140.9, 125.3, 1.128
[18:01:14] 141.3, 125.3, 1.116
[18:01:15] 166.0, 125.3, 1.105
[18:01:16] 140.5, 125.4, 1.111
[18:01:17] 140.5, 125.4, 1.115
[18:01:18] 140.5, 125.4, 1.118
[18:01:19] 141.0, 125.3, 1.123
[18:01:20] 166.0, 125.3, 1.113
[18:01:21] 140.8, 125.3, 1.118
[18:01:22] 140.9, 125.3, 1.112
[18:01:23] 140.8, 125.4, 1.111
[18:01:24] 141.0, 125.4, 1.114
[18:01:25] 166.2, 125.4, 1.104
[18:01:26] 140.5, 125.3, 1.109
[18:01:27] 140.6, 125.3, 1.107
[18:01:28] 140.6, 125.3, 1.127
[18:01:29] 140.9, 125.3, 1.131
[18:01:30] 167.5, 125.3, 1.136
[18:01:31] 143.0, 125.3, 1.134
[18:01:32] 143.0, 125.3, 1.129
[18:01:33] 142.9, 125.3, 1.113
[18:01:34] 142.8, 125.3, 1.068
[18:01:35] 173.6, 125.3, 1.112
[18:01:36] 136.3, 125.3, 1.110
[18:01:37] 136.8, 125.3, 1.108
[18:01:38] 137.2, 125.3, 1.112
[18:01:39] 137.7, 125.3, 1.063
[18:01:40] 173.2, 125.3, 1.112
[18:01:41] 135.1, 125.2, 1.113
[18:01:42] 140.5, 125.3, 1.112
[18:01:43] 140.4, 125.3, 1.110
[18:01:44] 140.4, 125.2, 0.996
[18:01:45] 187.2, 125.3, 1.104
[18:01:46] 134.5, 125.3, 1.106
[18:01:47] 139.6, 125.3, 1.103
[18:01:48] 139.6, 125.3, 1.108
[18:01:49] 139.6, 125.3, 1.475
[18:01:50] 197.1, 125.3, 1.079
[18:01:51] 134.3, 125.3, 1.104
[18:01:52] 139.8, 125.3, 1.112
[18:01:53] 139.8, 125.3, 1.105
[18:01:54] 139.8, 125.2, 1.916
[18:01:55] 210.9, 125.3, 1.036
[18:01:56] 141.8, 125.4, 1.105
[18:01:57] 141.5, 125.3, 1.104
[18:01:58] 141.3, 125.4, 1.104
[18:01:59] 141.1, 125.4, 1.097
[18:02:00] 166.7, 125.3, 1.937
[18:02:01] 235.7, 125.4, 1.107
[18:02:02] 147.2, 125.4, 1.111
[18:02:03] 140.3, 125.4, 1.107
[18:02:04] 140.2, 125.4, 1.108
[18:02:05] 140.1, 125.4, 1.104
[18:02:06] 173.2, 125.3, 1.936
[18:02:07] 240.8, 125.3, 1.845
[18:02:08] 240.2, 125.4, 1.102
[18:02:09] 138.7, 125.3, 1.100
[18:02:10] 138.8, 125.4, 1.098
[18:02:11] 138.9, 125.3, 1.109
[18:02:12] 139.0, 125.1, 3.324
[18:02:13] 182.8, 125.3, 1.934
[18:02:14] 242.8, 125.3, 1.996
[18:02:15] 248.9, 125.3, 1.992
[18:02:16] 249.1, 125.4, 1.538
[18:02:17] 214.5, 125.4, 1.109
[18:02:18] 140.1, 125.5, 1.102
[18:02:19] 140.0, 125.4, 1.108
[18:02:20] 140.0, 125.4, 1.105
[18:02:21] 140.0, 125.4, 1.989
[18:02:22] 204.4, 125.3, 1.932
[18:02:23] 243.7, 125.3, 1.994
[18:02:24] 250.2, 125.3, 1.995
[18:02:25] 250.2, 125.3, 1.995
[18:02:26] 250.4, 125.3, 1.999
[18:02:27] 250.5, 125.2, 1.999
[18:02:28] 250.6, 125.2, 1.998
[18:02:29] 250.7, 125.4, 1.127
[18:02:30] 169.8, 125.4, 1.107
[18:02:31] 140.1, 125.4, 1.105
[18:02:32] 140.1, 125.3, 1.107
[18:02:33] 140.1, 125.4, 1.104
[18:02:34] 140.1, 125.3, 1.923
[18:02:35] 250.2, 125.3, 1.994
[18:02:36] 249.6, 125.3, 1.997
[18:02:37] 249.8, 125.3, 1.999
[18:02:38] 250.1, 125.3, 2.000
[18:02:39] 250.3, 125.2, 2.003
[18:02:40] 250.5, 125.2, 2.002
[18:02:41] 250.7, 125.2, 2.002
[18:02:42] 250.9, 125.2, 2.004
[18:02:43] 251.0, 125.2, 2.000
[18:02:44] 251.1, 125.2, 2.002
[18:02:45] 251.2, 125.3, 1.999
[18:02:46] 251.3, 125.3, 2.002
[18:02:47] 251.4, 125.3, 2.001
[18:02:48] 251.5, 125.4, 2.003
[18:02:49] 251.5, 125.5, 1.109
[18:02:50] 159.5, 125.5, 1.106
[18:02:51] 140.3, 125.5, 1.110
[18:02:52] 140.3, 125.5, 1.103
[18:02:53] 140.3, 125.5, 1.115
