<<<[22:53:07] 140.3, 125.8, 1.110
[22:53:08] 140.4, 125.8, 1.107
[22:53:09] 140.4, 125.8, 1.117
[22:53:10] 140.5, 125.8, 1.236
[22:53:11] 148.6, 125.7, 1.257
[22:53:12] 160.8, 125.8, 1.265
[22:53:13] 160.7, 125.8, 1.276
[22:53:14] 160.8, 125.8, 1.260
[22:53:15] 160.9, 125.8, 1.275
[22:53:16] 161.0, 125.8, 1.269
[22:53:17] 160.7, 125.8, 1.241
[22:53:18] 160.6, 125.8, 1.256
[22:53:19] 160.6, 125.8, 1.275
[22:53:20] 160.7, 125.8, 1.259
[22:53:21] 160.5, 125.8, 1.261
[22:53:22] 160.5, 125.7, 1.275
[22:53:23] 160.5, 125.7, 1.274
[22:53:24] 160.6, 125.7, 1.275
[22:53:25] 160.7, 125.7, 1.276
[22:53:26] 160.8, 125.7, 1.275
[22:53:27] 160.8, 125.7, 1.280
[22:53:28] 160.8, 125.8, 1.213
[22:53:29] 160.7, 125.8, 1.247
[22:53:30] 160.6, 125.8, 1.246
[22:53:31] 160.5, 125.8, 1.247
[22:53:32] 160.3, 125.8, 1.303
[22:53:33] 160.3, 125.8, 1.247
[22:53:34] 160.2, 125.8, 1.283
[22:53:35] 160.2, 125.7, 1.283
[22:53:36] 159.9, 125.7, 1.331
[22:53:37] 160.2, 125.8, 1.258
[22:53:38] 160.2, 125.8, 1.250
[22:53:39] 160.0, 125.8, 1.244
[22:53:40] 159.9, 125.8, 1.238
[22:53:41] 159.8, 125.8, 1.318
[22:53:42] 159.9, 125.7, 1.252
[22:53:43] 159.8, 125.7, 1.259
[22:53:44] 159.7, 125.7, 1.247
[22:53:45] 159.6, 125.7, 1.249
[22:53:46] 159.5, 125.7, 1.270
[22:53:47] 160.0, 125.8, 1.102
[22:53:48] 139.9, 125.8, 1.101
[22:53:49] 139.9, 125.8, 1.109
[22:53:50] 139.9, 125.8, 1.099
[22:53:51] 140.0, 125.8, 1.107
[22:53:52] 163.5, 125.7, 1.055
[22:53:53] 153.2, 125.8, 1.112
[22:53:54] 137.9, 125.8, 1.135
[22:53:55] 138.4, 125.8, 1.129
[22:53:56] 138.9, 125.7, 1.123
[22:53:57] 162.7, 125.8, 1.082
[22:53:58] 156.8, 125.9, 1.111
[22:53:59] 136.9, 125.8, 1.121
[22:54:00] 137.5, 125.8, 1.122
[22:54:01] 138.1, 125.9, 1.115
[22:54:02] 143.9, 125.9, 1.059
[22:54:03] 175.6, 125.8, 1.106
[22:54:04] 137.2, 125.8, 1.105
[22:54:05] 137.7, 125.8, 1.120
[22:54:06] 138.2, 125.8, 1.121
[22:54:07] 138.7, 125.8, 1.019
[22:54:08] 194.6, 125.8, 1.134
[22:54:09] 136.3, 125.8, 1.120
[22:54:10] 141.9, 125.8, 1.118
[22:54:11] 141.9, 125.8, 1.109
[22:54:12] 141.8, 125.8, 1.539
[22:54:13] 227.2, 125.8, 1.060
[22:54:14] 132.7, 125.8, 1.107
[22:54:15] 141.6, 125.8, 1.115
[22:54:16] 141.5, 125.8, 1.113
[22:54:17] 141.5, 125.7, 2.456
[22:54:18] 216.3, 125.8, 1.033
[22:54:19] 191.2, 125.8, 1.129
[22:54:20] 140.3, 125.8, 1.123
[22:54:21] 140.4, 125.8, 1.112
[22:54:22] 140.6, 125.8, 1.115
[22:54:23] 140.7, 125.7, 2.269
[22:54:24] 263.6, 125.8, 1.540
[22:54:25] 248.7, 125.9, 1.121
[22:54:26] 139.2, 125.8, 1.133
[22:54:27] 139.5, 125.8, 1.109
[22:54:28] 139.8, 125.8, 1.103
[22:54:29] 140.0, 125.7, 2.438
[22:54:30] 215.4, 125.6, 2.247
[22:54:31] 284.4, 125.7, 2.313
[22:54:32] 290.7, 125.9, 1.078
[22:54:33] 198.8, 125.8, 1.120
[22:54:34] 141.4, 125.8, 1.127
[22:54:35] 141.4, 125.8, 1.123
[22:54:36] 141.5, 125.9, 1.117
[22:54:37] 141.5, 125.7, 2.271
[22:54:38] 263.9, 125.7, 2.251
[22:54:39] 285.5, 125.7, 2.314
[22:54:40] 292.2, 125.7, 2.317
[22:54:41] 292.1, 125.6, 2.319
[22:54:42] 292.2, 125.8, 1.601
[22:54:43] 256.2, 125.8, 1.118
[22:54:44] 140.5, 125.8, 1.115
[22:54:45] 140.6, 125.8, 1.111
[22:54:46] 140.8, 125.8, 1.116
[22:54:47] 140.9, 125.7, 2.487
[22:54:48] 216.5, 125.7, 2.250
[22:54:49] 284.8, 125.6, 2.320
[22:54:50] 291.3, 125.6, 2.319
[22:54:51] 291.4, 125.6, 2.322
[22:54:52] 291.6, 125.6, 2.323
[22:54:53] 291.7, 125.6, 2.321
[22:54:54] 291.9, 125.6, 2.320
[22:54:55] 292.1, 125.6, 2.325
[22:54:56] 292.2, 125.6, 2.321
[22:54:57] 292.3, 125.6, 2.325
[22:54:58] 292.4, 125.8, 1.118
[22:54:59] 178.5, 125.8, 1.135
[22:55:00] 142.1, 125.8, 1.123
[22:55:01] 142.0, 125.8, 1.125
