<<<[07:10:45] 142.3, 125.9, 1.120
[07:10:45] 142.3, 125.9, 1.120
[07:10:46] 142.3, 125.9, 1.148
[07:10:47] 142.5, 125.8, 1.232
[07:10:49] 149.7, 125.9, 1.252
[07:10:50] 158.0, 125.9, 1.264
[07:10:51] 157.9, 125.9, 1.180
[07:10:52] 149.4, 125.8, 1.169
[07:10:53] 149.3, 125.8, 1.164
[07:10:54] 149.2, 125.9, 1.177
[07:10:55] 149.1, 125.9, 1.180
[07:10:56] 149.7, 125.9, 1.113
[07:10:57] 162.4, 125.9, 1.116
[07:10:58] 141.4, 125.9, 1.122
[07:10:59] 141.5, 125.8, 1.125
[07:11:00] 141.8, 125.9, 1.118
[07:11:01] 148.4, 125.8, 1.115
[07:11:02] 162.7, 125.8, 1.109
[07:11:03] 141.0, 125.8, 1.107
[07:11:04] 140.9, 125.8, 1.107
[07:11:05] 140.9, 125.8, 1.108
[07:11:06] 141.5, 125.9, 1.108
[07:11:07] 162.7, 125.8, 1.106
[07:11:08] 140.7, 125.8, 1.103
[07:11:09] 140.7, 125.9, 1.110
[07:11:10] 140.6, 125.8, 1.109
[07:11:11] 141.3, 125.8, 1.109
[07:11:12] 163.1, 125.9, 1.107
[07:11:13] 140.7, 125.9, 1.105
[07:11:14] 140.6, 125.9, 1.112
[07:11:15] 140.6, 125.8, 1.106
[07:11:16] 141.1, 125.8, 1.103
[07:11:17] 162.7, 125.9, 1.109
[07:11:18] 140.5, 125.9, 1.102
[07:11:19] 140.5, 125.9, 1.108
[07:11:20] 140.5, 125.9, 1.103
[07:11:21] 140.8, 125.8, 1.109
[07:11:22] 163.3, 125.8, 1.105
[07:11:23] 140.5, 125.8, 1.121
[07:11:24] 140.5, 125.8, 1.100
[07:11:25] 140.4, 125.9, 1.101
[07:11:26] 147.4, 125.9, 1.046
[07:11:27] 164.9, 125.9, 1.103
[07:11:28] 135.6, 125.9, 1.100
[07:11:29] 136.1, 125.9, 1.101
[07:11:30] 136.5, 125.9, 1.104
[07:11:31] 137.0, 125.9, 1.022
[07:11:32] 183.2, 125.9, 1.102
[07:11:33] 134.9, 125.9, 1.103
[07:11:34] 135.5, 125.9, 1.100
[07:11:35] 136.1, 125.9, 1.106
[07:11:36] 136.5, 125.9, 1.238
[07:11:37] 191.9, 125.8, 1.071
[07:11:38] 134.5, 125.8, 1.098
[07:11:39] 140.1, 125.8, 1.098
[07:11:40] 140.0, 125.8, 1.098
[07:11:41] 140.0, 125.8, 1.769
[07:11:42] 204.6, 125.9, 1.040
[07:11:43] 139.6, 125.9, 1.105
[07:11:44] 139.6, 125.9, 1.094
[07:11:45] 139.7, 125.9, 1.098
[07:11:46] 139.7, 125.9, 1.135
[07:11:47] 173.2, 125.8, 1.675
[07:11:48] 213.6, 125.9, 1.097
[07:11:49] 143.7, 125.9, 1.104
[07:11:50] 143.2, 125.8, 1.101
[07:11:51] 142.9, 125.9, 1.110
[07:11:52] 142.5, 125.7, 3.266
[07:11:53] 179.0, 125.8, 1.757
[07:11:54] 221.4, 125.8, 1.620
[07:11:55] 212.9, 125.8, 1.102
[07:11:56] 137.9, 125.8, 1.097
[07:11:57] 138.1, 125.9, 1.097
[07:11:58] 138.4, 125.9, 1.104
[07:11:59] 138.6, 125.8, 2.043
[07:12:00] 191.0, 125.7, 1.758
[07:12:01] 222.8, 125.8, 1.819
[07:12:02] 229.0, 125.7, 1.822
[07:12:03] 229.1, 125.8, 1.098
[07:12:04] 179.2, 125.9, 1.099
[07:12:05] 139.8, 125.8, 1.105
[07:12:06] 139.8, 125.8, 1.102
[07:12:07] 139.9, 125.8, 1.100
[07:12:08] 139.9, 125.7, 1.786
[07:12:09] 219.2, 125.7, 1.761
[07:12:10] 219.7, 125.6, 1.822
[07:12:11] 230.3, 125.7, 1.824
[07:12:12] 230.3, 125.7, 1.824
[07:12:13] 230.3, 125.7, 1.825
[07:12:14] 230.4, 125.7, 1.827
[07:12:15] 230.4, 125.7, 1.631
[07:12:16] 215.2, 125.8, 1.106
[07:12:17] 138.3, 125.8, 1.107
[07:12:18] 138.5, 125.8, 1.105
[07:12:19] 138.7, 125.8, 1.102
[07:12:20] 138.9, 125.8, 1.963
[07:12:21] 193.2, 125.8, 1.754
[07:12:22] 223.0, 125.8, 1.822
[07:12:23] 229.5, 125.7, 1.825
[07:12:24] 229.6, 125.8, 1.825
[07:12:25] 229.7, 125.8, 1.824
[07:12:26] 229.9, 125.8, 1.824
[07:12:27] 230.0, 125.8, 1.824
[07:12:28] 230.1, 125.8, 1.824
[07:12:29] 230.2, 125.8, 1.826
[07:12:30] 230.3, 125.8, 1.825
[07:12:31] 230.3, 125.8, 1.827
[07:12:32] 230.4, 125.8, 1.824
[07:12:33] 230.5, 125.8, 1.828
[07:12:34] 230.6, 125.7, 1.828
[07:12:35] 230.7, 125.8, 1.102
[07:12:36] 159.5, 125.9, 1.109
[07:12:37] 140.3, 125.9, 1.110
[07:12:38] 140.3, 125.8, 1.107
