<<<[00:48:48] 142.1, 125.9, 1.120
[00:48:49] 142.0, 126.0, 1.125
[00:48:50] 142.0, 126.0, 1.116
[00:48:51] 142.0, 126.0, 1.205
[00:48:52] 170.9, 126.0, 1.270
[00:48:53] 160.8, 126.0, 1.274
[00:48:54] 160.5, 126.0, 1.271
[00:48:55] 160.5, 126.0, 1.241
[00:48:56] 160.3, 126.0, 1.227
[00:48:57] 160.0, 126.0, 1.228
[00:48:58] 159.7, 126.0, 1.210
[00:48:59] 159.5, 126.0, 1.265
[00:49:00] 159.5, 126.0, 1.268
[00:49:01] 159.5, 125.9, 1.235
[00:49:02] 159.7, 126.0, 1.213
[00:49:03] 159.4, 126.0, 1.280
[00:49:04] 159.5, 126.0, 1.277
[00:49:05] 159.5, 126.0, 1.274
[00:49:06] 159.7, 126.0, 1.275
[00:49:07] 159.9, 126.0, 1.268
[00:49:08] 160.1, 126.0, 1.224
[00:49:09] 159.8, 126.0, 1.244
[00:49:10] 159.8, 125.9, 1.303
[00:49:11] 160.0, 126.0, 1.256
[00:49:12] 159.8, 126.0, 1.267
[00:49:13] 159.8, 126.0, 1.245
[00:49:14] 159.9, 126.0, 1.248
[00:49:15] 159.8, 125.9, 1.263
[00:49:16] 159.8, 126.0, 1.307
[00:49:17] 160.2, 126.0, 1.244
[00:49:18] 160.0, 126.0, 1.250
[00:49:19] 159.9, 126.0, 1.244
[00:49:20] 159.7, 126.0, 1.242
[00:49:21] 159.8, 125.9, 1.278
[00:49:22] 159.8, 126.0, 1.251
[00:49:23] 159.6, 126.0, 1.313
[00:49:24] 160.1, 125.9, 1.263
[00:49:25] 160.3, 125.9, 1.177
[00:49:26] 151.3, 125.9, 1.142
[00:49:27] 150.6, 125.9, 1.132
[00:49:28] 143.6, 125.9, 1.103
[00:49:29] 143.1, 126.0, 1.108
[00:49:30] 142.8, 126.0, 1.139
[00:49:31] 177.8, 126.0, 1.046
[00:49:32] 134.7, 126.0, 1.112
[00:49:33] 141.0, 126.0, 1.111
[00:49:34] 141.0, 126.0, 1.112
[00:49:35] 140.9, 126.0, 1.146
[00:49:36] 178.7, 126.0, 1.049
[00:49:37] 134.1, 126.0, 1.111
[00:49:38] 141.0, 126.0, 1.105
[00:49:39] 141.0, 126.0, 1.107
[00:49:40] 140.9, 126.1, 1.142
[00:49:41] 180.1, 126.0, 1.041
[00:49:42] 134.3, 126.0, 1.104
[00:49:43] 140.8, 126.0, 1.106
[00:49:44] 140.8, 126.0, 1.097
[00:49:45] 140.7, 125.9, 1.568
[00:49:46] 199.0, 125.9, 1.046
[00:49:47] 131.3, 126.0, 1.118
[00:49:48] 141.2, 126.0, 1.108
[00:49:49] 141.1, 126.0, 1.119
[00:49:50] 141.1, 125.8, 2.448
[00:49:51] 212.3, 126.0, 1.040
[00:49:52] 137.4, 125.9, 1.109
[00:49:53] 137.7, 125.9, 1.109
[00:49:54] 138.0, 125.9, 1.101
[00:49:55] 138.4, 125.7, 2.332
[00:49:56] 189.5, 125.9, 1.181
[00:49:57] 214.5, 126.0, 1.118
[00:49:58] 138.3, 126.0, 1.108
[00:49:59] 138.6, 125.9, 1.110
[00:50:00] 138.8, 125.9, 1.107
[00:50:01] 139.1, 125.8, 2.462
[00:50:02] 262.5, 125.9, 1.158
[00:50:03] 225.9, 126.0, 1.108
[00:50:04] 141.2, 125.9, 1.115
[00:50:05] 141.1, 126.0, 1.108
[00:50:06] 141.1, 126.0, 1.110
[00:50:07] 141.1, 125.8, 2.397
[00:50:08] 248.2, 125.8, 2.438
[00:50:09] 307.6, 125.9, 1.645
[00:50:10] 268.6, 126.0, 1.113
[00:50:11] 139.0, 126.0, 1.107
[00:50:12] 139.2, 126.0, 1.110
[00:50:13] 139.4, 126.0, 1.119
[00:50:14] 139.6, 125.8, 2.803
[00:50:15] 219.0, 125.8, 2.437
[00:50:16] 308.6, 125.8, 2.488
[00:50:17] 314.3, 125.8, 2.501
[00:50:18] 314.5, 125.8, 2.506
[00:50:19] 314.4, 126.0, 1.108
[00:50:20] 158.0, 125.9, 1.108
[00:50:21] 140.8, 126.0, 1.108
[00:50:22] 140.8, 126.0, 1.111
[00:50:23] 140.8, 125.9, 1.109
[00:50:24] 159.5, 125.8, 2.440
[00:50:25] 312.1, 125.8, 2.506
[00:50:26] 312.0, 125.8, 2.490
[00:50:27] 312.5, 125.8, 2.505
[00:50:28] 313.0, 125.8, 2.505
[00:50:29] 313.4, 125.7, 2.508
[00:50:30] 313.8, 125.8, 2.510
[00:50:31] 314.2, 125.8, 2.508
[00:50:32] 314.5, 125.9, 1.668
[00:50:33] 271.4, 126.0, 1.108
[00:50:34] 139.0, 126.0, 1.106
[00:50:35] 139.3, 126.0, 1.109
[00:50:36] 139.5, 126.0, 1.120
[00:50:37] 139.7, 125.8, 2.860
[00:50:38] 218.3, 125.8, 2.440
[00:50:39] 309.4, 125.9, 2.502
[00:50:40] 314.8, 125.8, 2.503
[00:50:41] 315.0, 125.8, 2.506
[00:50:42] 315.2, 125.9, 2.506
[00:50:43] 315.4, 125.9, 2.496
[00:50:44] 315.5, 125.9, 2.504
[00:50:45] 315.7, 125.9, 2.499
[00:50:46] 315.8, 125.9, 2.466
[00:50:47] 315.9, 125.9, 2.503
[00:50:48] 316.0, 125.9, 2.511
[00:50:49] 316.1, 125.9, 2.503
[00:50:50] 316.2, 125.9, 2.513
[00:50:51] 316.4, 125.8, 2.513
[00:50:52] 316.5, 125.9, 2.515
[00:50:53] 316.7, 125.9, 2.510
[00:50:54] 316.8, 125.8, 2.516
[00:50:55] 316.6, 126.1, 1.115
[00:50:56] 140.5, 126.0, 1.118
[00:50:57] 140.5, 126.1, 1.128
[00:50:58] 140.7, 126.0, 1.119
