<<<[00:39:04] 140.6, 125.9, 1.106
[00:39:05] 140.6, 125.9, 1.104
[00:39:06] 140.6, 125.9, 1.110
[00:39:07] 140.7, 125.9, 1.221
[00:39:08] 151.0, 125.9, 1.271
[00:39:09] 161.7, 125.8, 1.236
[00:39:10] 161.3, 125.9, 1.277
[00:39:11] 161.2, 125.9, 1.269
[00:39:12] 161.1, 125.9, 1.250
[00:39:13] 160.9, 125.9, 1.242
[00:39:14] 160.6, 126.0, 1.243
[00:39:15] 160.5, 125.9, 1.252
[00:39:16] 160.3, 125.9, 1.131
[00:39:17] 151.3, 126.0, 1.113
[00:39:18] 141.9, 125.9, 1.121
[00:39:19] 142.0, 125.8, 1.111
[00:39:20] 142.0, 125.9, 1.112
[00:39:21] 141.9, 125.9, 1.630
[00:39:22] 168.9, 125.9, 1.100
[00:39:23] 139.6, 125.9, 1.104
[00:39:24] 139.6, 125.9, 1.106
[00:39:25] 139.8, 125.9, 1.104
[00:39:26] 139.9, 125.7, 1.631
[00:39:27] 168.9, 125.8, 1.109
[00:39:28] 139.6, 125.9, 1.111
[00:39:29] 139.7, 125.9, 1.111
[00:39:30] 139.8, 125.9, 1.108
[00:39:31] 139.9, 125.9, 1.573
[00:39:32] 179.8, 126.0, 1.036
[00:39:33] 131.3, 126.0, 1.109
[00:39:34] 139.9, 126.0, 1.106
[00:39:35] 140.0, 126.0, 1.103
[00:39:36] 140.0, 125.9, 1.634
[00:39:37] 179.8, 126.0, 1.042
[00:39:38] 131.3, 126.0, 1.099
[00:39:39] 139.8, 125.9, 1.106
[00:39:40] 139.8, 125.9, 1.105
[00:39:41] 139.9, 125.9, 1.921
[00:39:42] 187.9, 126.0, 1.046
[00:39:43] 137.0, 125.9, 1.102
[00:39:44] 137.2, 125.9, 1.102
[00:39:45] 137.6, 125.9, 1.107
[00:39:46] 138.0, 125.8, 2.881
[00:39:47] 187.5, 125.9, 1.043
[00:39:48] 149.2, 125.9, 1.101
[00:39:49] 138.3, 125.9, 1.109
[00:39:50] 138.6, 125.9, 1.101
[00:39:51] 138.8, 125.9, 1.109
[00:39:52] 172.3, 125.9, 1.102
[00:39:53] 190.4, 125.9, 1.107
[00:39:54] 137.4, 125.9, 1.108
[00:39:55] 137.8, 125.9, 1.103
[00:39:56] 138.1, 125.9, 1.103
[00:39:57] 138.4, 125.8, 2.052
[00:39:58] 236.1, 125.8, 1.063
[00:39:59] 172.5, 125.9, 1.103
[00:40:00] 140.5, 125.9, 1.096
[00:40:01] 140.4, 125.9, 1.105
[00:40:02] 140.5, 125.9, 1.093
[00:40:03] 140.4, 125.8, 2.020
[00:40:04] 253.4, 125.8, 2.045
[00:40:05] 248.2, 125.9, 1.109
[00:40:06] 144.6, 126.0, 1.103
[00:40:07] 144.0, 126.0, 1.104
[00:40:08] 143.6, 126.0, 1.100
[00:40:09] 143.1, 126.0, 1.122
[00:40:10] 178.7, 125.9, 2.015
[00:40:11] 252.2, 125.9, 2.076
[00:40:12] 259.4, 125.8, 2.079
[00:40:13] 259.8, 126.0, 1.112
[00:40:14] 183.2, 126.0, 1.100
[00:40:15] 140.7, 126.0, 1.097
[00:40:16] 140.6, 126.0, 1.116
[00:40:17] 140.6, 126.0, 1.109
[00:40:18] 140.6, 125.9, 2.024
[00:40:19] 245.8, 125.8, 2.044
[00:40:20] 257.1, 125.8, 2.079
[00:40:21] 262.8, 125.8, 2.079
[00:40:22] 262.8, 125.8, 2.082
[00:40:23] 262.9, 125.8, 2.082
[00:40:24] 262.9, 125.8, 2.084
[00:40:25] 262.7, 125.9, 1.109
[00:40:26] 157.3, 125.9, 1.099
[00:40:27] 140.5, 125.9, 1.099
[00:40:28] 140.5, 126.0, 1.108
[00:40:29] 140.5, 126.0, 1.114
[00:40:30] 162.6, 125.8, 2.020
[00:40:31] 256.9, 125.9, 2.083
[00:40:32] 257.1, 125.9, 2.081
[00:40:33] 263.2, 125.8, 2.084
[00:40:34] 263.2, 125.9, 2.083
[00:40:35] 263.3, 125.9, 2.084
[00:40:36] 263.3, 125.9, 2.085
[00:40:37] 263.3, 125.9, 2.087
[00:40:38] 263.4, 125.8, 2.086
[00:40:39] 263.5, 125.9, 2.086
[00:40:40] 263.5, 125.9, 2.083
[00:40:41] 263.6, 125.9, 2.087
[00:40:42] 263.6, 125.9, 2.087
[00:40:43] 263.6, 126.0, 1.135
[00:40:44] 192.1, 126.0, 1.101
[00:40:45] 140.5, 126.0, 1.114
[00:40:46] 140.5, 126.0, 1.121
[00:40:47] 140.5, 126.0, 1.111
