<<<[23:35:35] 142.0, 125.8, 1.102
[23:35:36] 142.0, 125.8, 1.110
[23:35:37] 142.0, 125.8, 1.114
[23:35:38] 141.8, 125.7, 1.253
[23:35:39] 150.4, 125.8, 1.101
[23:35:40] 149.9, 125.7, 1.113
[23:35:41] 141.2, 125.7, 1.114
[23:35:42] 141.2, 125.8, 1.130
[23:35:43] 141.4, 125.8, 1.134
[23:35:44] 141.7, 125.7, 1.647
[23:35:45] 170.7, 125.8, 1.117
[23:35:46] 140.7, 125.8, 1.114
[23:35:47] 140.7, 125.8, 1.115
[23:35:48] 140.8, 125.7, 1.118
[23:35:49] 140.9, 125.7, 1.650
[23:35:50] 170.4, 125.8, 1.120
[23:35:51] 141.6, 125.8, 1.121
[23:35:52] 141.6, 125.8, 1.117
[23:35:53] 141.6, 125.7, 1.113
[23:35:54] 141.6, 125.7, 1.652
[23:35:55] 169.4, 125.8, 1.117
[23:35:56] 140.7, 125.8, 1.117
[23:35:57] 140.7, 125.8, 1.112
[23:35:58] 140.7, 125.8, 1.116
[23:35:59] 140.8, 125.7, 1.642
[23:36:00] 169.1, 125.8, 1.107
[23:36:01] 139.8, 125.8, 1.110
[23:36:02] 139.8, 125.8, 1.112
[23:36:03] 140.0, 125.8, 1.102
[23:36:04] 140.1, 125.7, 1.651
[23:36:05] 168.2, 125.8, 1.094
[23:36:06] 138.9, 125.8, 1.106
[23:36:07] 139.0, 125.8, 1.101
[23:36:08] 139.2, 125.8, 1.111
[23:36:09] 139.4, 125.7, 1.652
[23:36:10] 168.7, 125.8, 1.102
[23:36:11] 139.4, 125.8, 1.117
[23:36:12] 139.5, 125.8, 1.114
[23:36:13] 139.7, 125.8, 1.104
[23:36:14] 139.8, 125.7, 1.660
[23:36:15] 168.2, 125.7, 1.103
[23:36:16] 139.2, 125.8, 1.102
[23:36:17] 139.3, 125.8, 1.101
[23:36:18] 139.4, 125.8, 1.102
[23:36:19] 139.6, 125.8, 1.693
[23:36:20] 178.3, 125.8, 1.043
[23:36:21] 131.1, 125.8, 1.114
[23:36:22] 139.4, 125.8, 1.110
[23:36:23] 139.5, 125.8, 1.108
[23:36:24] 139.6, 125.7, 2.009
[23:36:25] 183.6, 125.8, 1.040
[23:36:26] 137.6, 125.8, 1.109
[23:36:27] 137.7, 125.8, 1.096
[23:36:28] 138.0, 125.8, 1.097
[23:36:29] 138.3, 125.7, 3.010
[23:36:30] 182.3, 125.8, 1.041
[23:36:31] 150.3, 125.8, 1.102
[23:36:32] 137.6, 125.9, 1.104
[23:36:33] 137.9, 125.8, 1.108
[23:36:34] 138.1, 125.8, 1.105
[23:36:35] 167.8, 125.8, 1.152
[23:36:36] 185.7, 125.8, 1.101
[23:36:37] 136.3, 125.8, 1.102
[23:36:38] 136.7, 125.9, 1.100
[23:36:39] 137.1, 125.8, 1.103
[23:36:40] 137.5, 125.7, 1.871
[23:36:41] 218.7, 125.8, 1.047
[23:36:42] 170.9, 125.8, 1.105
[23:36:43] 140.5, 125.8, 1.107
[23:36:44] 140.4, 125.8, 1.107
[23:36:45] 140.3, 125.8, 1.105
[23:36:46] 140.3, 125.7, 1.840
[23:36:47] 233.5, 125.7, 1.859
[23:36:48] 232.8, 125.8, 1.103
[23:36:49] 145.4, 125.8, 1.108
[23:36:50] 139.9, 125.9, 1.101
[23:36:51] 139.9, 125.9, 1.105
[23:36:52] 140.0, 125.8, 1.109
[23:36:53] 174.3, 125.7, 1.835
[23:36:54] 229.2, 125.7, 1.896
[23:36:55] 236.8, 125.8, 1.900
[23:36:56] 237.2, 125.8, 1.097
[23:36:57] 179.0, 125.7, 1.105
[23:36:58] 140.1, 125.8, 1.100
[23:36:59] 140.1, 125.8, 1.100
[23:37:00] 140.0, 125.8, 1.110
[23:37:01] 140.0, 125.7, 1.844
[23:37:02] 232.8, 125.7, 1.865
[23:37:03] 232.9, 125.7, 1.900
[23:37:04] 240.2, 125.7, 1.905
[23:37:05] 240.2, 125.7, 1.902
[23:37:06] 240.3, 125.7, 1.907
[23:37:07] 240.3, 125.7, 1.904
[23:37:08] 239.7, 125.8, 1.103
[23:37:09] 147.0, 125.8, 1.095
[23:37:10] 140.1, 125.8, 1.097
[23:37:11] 140.1, 125.8, 1.106
[23:37:12] 140.2, 125.8, 1.119
[23:37:13] 173.8, 125.7, 1.840
[23:37:14] 229.5, 125.7, 1.900
[23:37:15] 237.3, 125.7, 1.905
[23:37:16] 237.7, 125.7, 1.906
[23:37:17] 238.1, 125.7, 1.907
[23:37:18] 238.4, 125.7, 1.906
[23:37:19] 238.8, 125.7, 1.909
[23:37:20] 239.0, 125.7, 1.907
[23:37:21] 239.3, 125.6, 1.908
[23:37:22] 239.5, 125.7, 1.908
[23:37:23] 239.7, 125.6, 1.909
[23:37:24] 239.9, 125.7, 1.907
[23:37:25] 240.0, 125.7, 1.908
[23:37:26] 240.1, 125.8, 1.107
[23:37:27] 157.7, 125.8, 1.106
[23:37:28] 140.3, 125.8, 1.110
[23:37:29] 140.3, 125.8, 1.115
