<<<[22:41:08] 140.4, 125.7, 1.112
[22:41:09] 140.4, 125.7, 1.116
[22:41:10] 140.5, 125.7, 1.113
[22:41:11] 140.5, 125.7, 1.117
[22:41:12] 140.8, 125.7, 1.199
[22:41:13] 155.5, 125.7, 1.123
[22:41:14] 142.5, 125.7, 1.130
[22:41:15] 142.4, 125.7, 1.133
[22:41:16] 142.5, 125.7, 1.127
[22:41:17] 142.6, 125.7, 1.139
[22:41:18] 142.9, 125.7, 1.121
[22:41:19] 166.9, 125.7, 1.114
[22:41:20] 141.6, 125.7, 1.115
[22:41:21] 141.5, 125.7, 1.115
[22:41:22] 141.7, 125.7, 1.133
[22:41:23] 142.0, 125.7, 1.127
[22:41:24] 166.9, 125.7, 1.121
[22:41:25] 141.4, 125.7, 1.106
[22:41:26] 141.3, 125.7, 1.117
[22:41:27] 141.3, 125.6, 1.121
[22:41:28] 141.5, 125.7, 1.117
[22:41:29] 166.2, 125.7, 1.113
[22:41:30] 141.0, 125.7, 1.118
[22:41:31] 141.0, 125.7, 1.110
[22:41:32] 140.9, 125.6, 1.113
[22:41:33] 141.0, 125.6, 1.123
[22:41:34] 166.4, 125.7, 1.104
[22:41:35] 140.3, 125.7, 1.107
[22:41:36] 140.3, 125.7, 1.106
[22:41:37] 140.3, 125.7, 1.110
[22:41:38] 140.3, 125.8, 1.124
[22:41:39] 166.2, 125.8, 1.105
[22:41:40] 140.3, 125.8, 1.107
[22:41:41] 140.3, 125.8, 1.108
[22:41:42] 140.3, 125.8, 1.101
[22:41:43] 140.3, 125.8, 1.125
[22:41:44] 166.5, 125.8, 1.104
[22:41:45] 139.8, 125.7, 1.104
[22:41:46] 139.8, 125.7, 1.101
[22:41:47] 139.8, 125.7, 1.098
[22:41:48] 139.8, 125.7, 1.118
[22:41:49] 165.6, 125.7, 1.105
[22:41:50] 139.8, 125.7, 1.112
[22:41:51] 139.9, 125.7, 1.108
[22:41:52] 139.9, 125.7, 1.100
[22:41:53] 139.8, 125.8, 1.062
[22:41:54] 172.9, 125.7, 1.104
[22:41:55] 134.7, 125.7, 1.110
[22:41:56] 139.9, 125.8, 1.103
[22:41:57] 139.8, 125.7, 1.104
[22:41:58] 139.9, 125.7, 1.062
[22:41:59] 171.8, 125.8, 1.092
[22:42:00] 134.1, 125.7, 1.104
wattsup: [error] Reading final time stamp: Bad address
[22:42:07] 139.8, 125.7, 1.098
wattsup: [error] Reading final time stamp: Bad address
[22:42:14] 190.8, 125.7, 1.000
[22:42:21] 204.0, 125.7, 1.103
[22:42:22] 139.9, 125.8, 1.100
[22:42:23] 139.8, 125.8, 1.096
[22:42:24] 139.8, 125.7, 1.845
[22:42:25] 209.8, 125.6, 1.864
[22:42:26] 235.0, 125.7, 1.920
[22:42:27] 235.2, 125.8, 1.094
[22:42:28] 154.2, 125.8, 1.103
[22:42:29] 139.9, 125.8, 1.105
[22:42:30] 139.9, 125.8, 1.106
[22:42:31] 139.9, 125.8, 1.116
[22:42:32] 173.8, 125.7, 1.866
[22:42:33] 232.6, 125.6, 1.927
[22:42:34] 240.0, 125.7, 1.925
[22:42:35] 240.4, 125.7, 1.926
[22:42:36] 240.7, 125.7, 1.621
[22:42:37] 218.3, 125.7, 1.100
[22:42:38] 139.6, 125.7, 1.104
[22:42:39] 139.6, 125.8, 1.105
[22:42:40] 139.6, 125.8, 1.103
[22:42:41] 139.7, 125.7, 2.443
[22:42:42] 190.8, 125.7, 1.862
[22:42:43] 236.4, 125.7, 1.926
[22:42:44] 241.5, 125.6, 1.927
[22:42:45] 241.7, 125.7, 1.925
[22:42:46] 241.8, 125.6, 1.925
[22:42:47] 242.0, 125.7, 1.926
[22:42:48] 242.1, 125.7, 1.926
[22:42:49] 242.2, 125.7, 1.926
[22:42:50] 242.4, 125.7, 1.928
[22:42:51] 242.5, 125.7, 1.123
[22:42:52] 176.7, 125.8, 1.096
[22:42:53] 139.8, 125.8, 1.103
[22:42:54] 139.8, 125.8, 1.101
[22:42:55] 139.8, 125.8, 1.105
[22:42:56] 139.8, 125.7, 1.872
[22:42:57] 233.0, 125.7, 1.887
[22:42:58] 233.5, 125.7, 1.925
[22:42:59] 242.9, 125.7, 1.927
[22:43:00] 242.9, 125.7, 1.927
[22:43:01] 243.0, 125.7, 1.928
[22:43:02] 243.1, 125.7, 1.931
[22:43:03] 243.2, 125.7, 1.931
[22:43:04] 243.3, 125.7, 1.933
[22:43:05] 243.3, 125.7, 1.933
[22:43:06] 243.4, 125.7, 1.932
[22:43:07] 243.5, 125.7, 1.932
[22:43:08] 243.6, 125.7, 1.932
[22:43:09] 243.6, 125.7, 1.930
[22:43:10] 243.6, 125.7, 1.933
[22:43:11] 243.7, 125.7, 1.933
[22:43:12] 243.7, 125.7, 1.930
[22:43:13] 243.7, 125.7, 1.932
[22:43:14] 243.8, 125.7, 1.934
[22:43:15] 243.8, 125.7, 1.119
[22:43:16] 175.4, 125.8, 1.107
[22:43:17] 140.3, 125.8, 1.104
[22:43:18] 140.2, 125.8, 1.112
[22:43:19] 140.3, 125.8, 1.114
