<<<[23:50:56] 142.0, 125.8, 1.126
[23:50:57] 142.2, 125.7, 1.125
[23:50:58] 142.2, 125.7, 1.124
[23:50:59] 142.2, 125.7, 1.222
[23:51:00] 149.4, 125.7, 1.242
[23:51:01] 158.8, 125.7, 1.127
[23:51:02] 142.8, 125.7, 1.132
[23:51:03] 142.8, 125.7, 1.138
[23:51:04] 143.0, 125.7, 1.139
[23:51:05] 143.2, 125.7, 1.136
[23:51:06] 143.4, 125.7, 1.122
[23:51:07] 168.2, 125.7, 1.100
[23:51:08] 139.9, 125.7, 1.103
[23:51:09] 139.9, 125.7, 1.125
[23:51:10] 140.2, 125.7, 1.154
[23:51:11] 145.4, 125.7, 1.135
[23:51:12] 168.2, 125.7, 1.118
[23:51:13] 141.8, 125.7, 1.126
[23:51:14] 141.8, 125.7, 1.119
[23:51:15] 141.9, 125.7, 1.117
[23:51:16] 141.9, 125.7, 1.125
[23:51:17] 167.8, 125.7, 1.110
[23:51:18] 141.0, 125.7, 1.106
[23:51:19] 141.0, 125.7, 1.121
[23:51:20] 141.1, 125.7, 1.120
[23:51:21] 141.2, 125.7, 1.126
[23:51:22] 167.5, 125.7, 1.128
[23:51:23] 142.1, 125.7, 1.120
[23:51:24] 142.0, 125.7, 1.107
[23:51:25] 141.9, 125.8, 1.109
[23:51:26] 141.7, 125.7, 1.130
[23:51:27] 167.1, 125.7, 1.119
[23:51:28] 140.7, 125.7, 1.109
[23:51:29] 140.7, 125.7, 1.121
[23:51:30] 140.8, 125.7, 1.117
[23:51:31] 140.9, 125.7, 1.149
[23:51:32] 169.3, 125.7, 1.124
[23:51:33] 143.9, 125.8, 1.122
[23:51:34] 143.7, 125.7, 1.129
[23:51:35] 143.6, 125.7, 1.120
[23:51:36] 143.4, 125.8, 1.139
[23:51:37] 167.8, 125.7, 1.112
[23:51:38] 141.9, 125.7, 1.107
[23:51:39] 141.7, 125.8, 1.101
[23:51:40] 141.6, 125.8, 1.115
[23:51:41] 141.5, 125.8, 1.077
[23:51:42] 174.5, 125.7, 1.133
[23:51:43] 137.2, 125.7, 1.105
[23:51:44] 137.6, 125.7, 1.105
[23:51:45] 137.9, 125.7, 1.106
[23:51:46] 138.3, 125.8, 1.066
[23:51:47] 173.8, 125.7, 1.108
[23:51:48] 136.1, 125.7, 1.099
[23:51:49] 136.5, 125.8, 1.104
[23:51:50] 137.0, 125.8, 1.106
[23:51:51] 137.3, 125.7, 1.022
[23:51:52] 186.8, 125.8, 1.089
[23:51:53] 136.1, 125.7, 1.110
[23:51:54] 136.6, 125.7, 1.111
[23:51:55] 137.1, 125.8, 1.106
[23:51:56] 137.5, 125.7, 1.598
[23:51:57] 197.7, 125.8, 1.045
[23:51:58] 133.8, 125.8, 1.118
[23:51:59] 141.2, 125.8, 1.108
[23:52:00] 141.2, 125.8, 1.119
[23:52:01] 141.3, 125.7, 1.898
[23:52:02] 208.5, 125.8, 1.056
[23:52:03] 147.9, 125.7, 1.122
[23:52:04] 141.8, 125.8, 1.128
[23:52:05] 141.9, 125.8, 1.130
[23:52:06] 142.0, 125.8, 1.110
[23:52:07] 166.7, 125.7, 1.896
[23:52:08] 233.2, 125.8, 1.113
[23:52:09] 138.9, 125.8, 1.107
[23:52:10] 139.2, 125.9, 1.118
[23:52:11] 139.6, 125.8, 1.117
[23:52:12] 139.8, 125.7, 1.692
[23:52:13] 177.6, 125.8, 1.925
[23:52:14] 240.2, 125.8, 1.623
[23:52:15] 218.5, 125.8, 1.137
[23:52:16] 140.8, 125.8, 1.100
[23:52:17] 140.7, 125.8, 1.125
[23:52:18] 140.7, 125.8, 1.103
[23:52:19] 140.7, 125.8, 2.236
[23:52:20] 198.0, 125.8, 1.908
[23:52:21] 243.5, 125.7, 1.988
[23:52:22] 249.8, 125.8, 1.985
[23:52:23] 249.9, 125.9, 1.122
[23:52:24] 173.6, 125.9, 1.103
[23:52:25] 140.1, 125.9, 1.109
[23:52:26] 140.2, 125.9, 1.106
[23:52:27] 140.2, 125.9, 1.102
[23:52:28] 140.2, 125.8, 1.923
[23:52:29] 248.2, 125.8, 1.968
[23:52:30] 247.8, 125.7, 1.986
[23:52:31] 248.1, 125.7, 1.986
[23:52:32] 248.5, 125.8, 1.986
[23:52:33] 248.7, 125.8, 1.986
[23:52:34] 248.9, 125.7, 1.986
[23:52:35] 249.1, 125.9, 1.135
[23:52:36] 178.1, 125.9, 1.131
[23:52:37] 143.4, 125.8, 1.143
[23:52:38] 143.4, 125.8, 1.138
[23:52:39] 143.5, 125.8, 1.125
[23:52:40] 143.4, 125.7, 1.928
[23:52:41] 243.5, 125.7, 1.943
[23:52:42] 243.5, 125.7, 1.984
[23:52:43] 250.9, 125.7, 1.986
[23:52:44] 250.9, 125.7, 1.988
[23:52:45] 250.9, 125.7, 1.988
[23:52:46] 250.9, 125.7, 1.990
[23:52:47] 250.9, 125.7, 1.985
[23:52:48] 250.9, 125.7, 1.990
[23:52:49] 251.0, 125.7, 1.993
[23:52:50] 251.1, 125.7, 1.993
[23:52:51] 251.1, 125.7, 1.993
[23:52:52] 251.2, 125.8, 1.991
[23:52:53] 251.2, 125.7, 1.988
[23:52:54] 251.2, 125.8, 1.132
[23:52:55] 170.2, 125.8, 1.134
[23:52:56] 143.4, 125.8, 1.128
[23:52:57] 143.3, 125.8, 1.129
