<<<[17:49:41] 140.8, 125.3, 1.121
[17:49:42] 140.9, 125.2, 1.135
[17:49:43] 141.1, 125.2, 1.158
[17:49:44] 141.6, 125.2, 1.190
[17:49:45] 148.1, 125.2, 1.257
[17:49:46] 160.4, 125.2, 1.277
[17:49:47] 160.3, 125.2, 1.279
[17:49:48] 160.0, 125.2, 1.259
[17:49:49] 159.9, 125.2, 1.250
[17:49:50] 159.7, 125.2, 1.272
[17:49:51] 159.5, 125.3, 1.256
[17:49:52] 159.4, 125.3, 1.186
[17:49:53] 148.4, 125.3, 1.186
[17:49:54] 148.6, 125.3, 1.193
[17:49:55] 148.8, 125.2, 1.190
[17:49:56] 148.9, 125.3, 1.173
[17:49:57] 149.0, 125.2, 1.101
[17:49:58] 169.3, 125.2, 1.116
[17:49:59] 140.5, 125.2, 1.112
[17:50:00] 140.5, 125.2, 1.114
[17:50:01] 140.4, 125.2, 1.111
[17:50:02] 140.4, 125.2, 1.105
[17:50:03] 168.4, 125.2, 1.111
[17:50:04] 140.3, 125.2, 1.112
[17:50:05] 140.3, 125.2, 1.113
[17:50:06] 140.3, 125.2, 1.113
[17:50:07] 140.3, 125.3, 1.020
[17:50:08] 176.7, 125.2, 1.082
[17:50:09] 134.5, 125.2, 1.113
[17:50:10] 139.9, 125.3, 1.115
[17:50:11] 139.9, 125.2, 1.113
[17:50:12] 140.0, 125.3, 1.022
[17:50:13] 177.0, 125.2, 1.080
[17:50:14] 134.0, 125.2, 1.117
[17:50:15] 140.5, 125.2, 1.110
[17:50:16] 140.4, 125.2, 1.115
[17:50:17] 140.4, 125.2, 1.027
[17:50:18] 177.8, 125.2, 1.080
[17:50:19] 134.5, 125.2, 1.109
[17:50:20] 140.1, 125.2, 1.113
[17:50:21] 140.1, 125.3, 1.115
[17:50:22] 140.1, 125.1, 1.365
[17:50:23] 191.7, 125.3, 1.045
[17:50:24] 134.3, 125.3, 1.114
[17:50:25] 139.8, 125.2, 1.107
[17:50:26] 139.8, 125.3, 1.112
[17:50:27] 139.8, 125.2, 1.554
[17:50:28] 210.9, 125.2, 1.050
[17:50:29] 130.5, 125.2, 1.114
[17:50:30] 140.3, 125.3, 1.113
[17:50:31] 140.2, 125.2, 1.111
[17:50:32] 140.2, 125.1, 2.607
[17:50:33] 214.2, 125.2, 1.058
[17:50:34] 160.4, 125.3, 1.109
[17:50:35] 139.0, 125.3, 1.110
[17:50:36] 139.1, 125.3, 1.112
[17:50:37] 139.2, 125.3, 1.108
[17:50:38] 139.3, 125.1, 2.271
[17:50:39] 292.9, 125.3, 1.128
[17:50:40] 157.1, 125.4, 1.107
[17:50:41] 140.3, 125.4, 1.111
[17:50:42] 140.2, 125.4, 1.108
[17:50:43] 140.2, 125.4, 1.105
[17:50:44] 140.5, 125.2, 2.278
[17:50:45] 300.7, 125.2, 2.348
[17:50:46] 277.3, 125.4, 1.112
[17:50:47] 149.2, 125.4, 1.111
[17:50:48] 140.3, 125.4, 1.110
[17:50:49] 140.3, 125.3, 1.109
[17:50:50] 140.2, 125.3, 1.115
[17:50:51] 181.2, 125.1, 2.283
[17:50:52] 283.7, 125.1, 2.342
[17:50:53] 291.4, 125.1, 2.349
[17:50:54] 291.8, 125.2, 1.619
[17:50:55] 254.9, 125.2, 1.114
[17:50:56] 138.1, 125.2, 1.117
[17:50:57] 138.4, 125.2, 1.113
[17:50:58] 138.6, 125.2, 1.113
[17:50:59] 138.8, 125.1, 2.395
[17:51:00] 219.6, 125.0, 2.281
[17:51:01] 287.3, 125.1, 2.350
[17:51:02] 294.0, 125.1, 2.347
[17:51:03] 294.1, 125.0, 2.350
[17:51:04] 294.3, 125.0, 2.351
[17:51:05] 294.4, 125.0, 2.350
[17:51:06] 294.5, 125.0, 2.351
[17:51:07] 294.4, 125.2, 1.132
[17:51:08] 163.8, 125.2, 1.116
[17:51:09] 140.3, 125.2, 1.109
[17:51:10] 140.2, 125.2, 1.112
[17:51:11] 140.3, 125.2, 1.113
[17:51:12] 146.5, 125.1, 2.288
[17:51:13] 298.5, 125.1, 2.353
[17:51:14] 290.9, 125.1, 2.350
[17:51:15] 291.4, 125.1, 2.349
[17:51:16] 291.9, 125.1, 2.351
[17:51:17] 292.3, 125.1, 2.349
[17:51:18] 292.6, 125.1, 2.351
[17:51:19] 293.0, 125.1, 2.349
[17:51:20] 293.3, 125.1, 2.352
[17:51:21] 293.5, 125.1, 2.351
[17:51:22] 293.8, 125.1, 2.353
[17:51:23] 293.9, 125.1, 2.352
[17:51:24] 294.1, 125.0, 2.355
[17:51:25] 294.3, 125.0, 2.353
[17:51:26] 294.5, 125.0, 2.356
[17:51:27] 272.8, 125.2, 1.113
[17:51:28] 139.8, 125.1, 1.114
[17:51:29] 139.8, 125.2, 1.112
[17:51:30] 139.9, 125.3, 1.109
