<<<[20:28:54] 140.0, 126.0, 1.111
[20:28:55] 164.6, 126.0, 1.112
[20:28:56] 140.8, 126.0, 1.109
[20:28:57] 140.8, 126.0, 1.258
[20:28:58] 155.1, 126.1, 1.268
[20:28:59] 155.7, 126.0, 1.263
[20:29:00] 156.2, 126.0, 1.230
[20:29:01] 156.4, 126.0, 1.268
[20:29:02] 156.6, 126.0, 1.127
[20:29:03] 143.4, 126.0, 1.113
[20:29:04] 143.4, 126.0, 1.138
[20:29:05] 143.4, 126.0, 1.133
[20:29:06] 143.3, 126.0, 1.118
[20:29:07] 143.8, 126.0, 1.103
[20:29:08] 163.1, 126.0, 1.101
[20:29:09] 139.9, 126.0, 1.096
[20:29:10] 139.9, 126.0, 1.100
[20:29:11] 139.8, 126.0, 1.100
[20:29:12] 140.3, 126.0, 1.100
[20:29:13] 162.7, 126.0, 1.098
[20:29:14] 139.9, 126.1, 1.094
[20:29:15] 139.8, 126.1, 1.096
[20:29:16] 139.8, 126.1, 1.098
[20:29:17] 140.2, 126.0, 1.106
[20:29:18] 163.8, 126.0, 1.100
[20:29:19] 139.6, 126.0, 1.097
[20:29:20] 139.6, 126.0, 1.100
[20:29:21] 139.6, 126.0, 1.097
[20:29:22] 158.8, 126.1, 1.051
[20:29:23] 158.3, 126.1, 1.102
[20:29:24] 135.4, 126.0, 1.099
[20:29:25] 135.9, 126.0, 1.097
[20:29:26] 136.3, 126.0, 1.099
[20:29:27] 150.8, 126.0, 1.052
[20:29:28] 163.1, 126.0, 1.101
[20:29:29] 135.1, 126.0, 1.096
[20:29:30] 135.6, 126.0, 1.098
[20:29:31] 136.1, 125.9, 1.099
[20:29:32] 136.6, 125.9, 1.046
[20:29:33] 175.8, 126.0, 1.099
[20:29:34] 134.7, 126.0, 1.094
[20:29:35] 135.3, 126.0, 1.100
[20:29:36] 135.8, 126.1, 1.093
[20:29:37] 136.2, 126.1, 0.995
[20:29:38] 191.9, 126.0, 1.088
[20:29:39] 134.1, 126.1, 1.095
[20:29:40] 139.4, 126.1, 1.098
[20:29:41] 139.4, 126.1, 1.094
[20:29:42] 139.4, 126.0, 1.552
[20:29:43] 225.2, 126.1, 1.039
[20:29:44] 131.3, 126.1, 1.096
[20:29:45] 139.4, 126.1, 1.098
[20:29:46] 139.4, 126.1, 1.099
[20:29:47] 139.4, 125.9, 2.663
[20:29:48] 211.3, 126.0, 0.997
[20:29:49] 194.8, 126.0, 1.098
[20:29:50] 137.8, 126.1, 1.098
[20:29:51] 138.0, 126.1, 1.096
[20:29:52] 138.2, 126.0, 1.097
[20:29:53] 138.3, 125.9, 2.306
[20:29:54] 259.8, 126.0, 1.600
[20:29:55] 259.2, 126.1, 1.094
[20:29:56] 137.9, 126.0, 1.097
[20:29:57] 138.0, 126.0, 1.095
[20:29:58] 138.2, 126.0, 1.097
[20:29:59] 138.4, 125.9, 2.906
[20:30:00] 205.8, 125.9, 2.273
[20:30:01] 288.6, 125.8, 2.343
[20:30:02] 294.2, 126.0, 1.078
[20:30:03] 208.4, 126.0, 1.101
[20:30:04] 139.6, 125.9, 1.096
[20:30:05] 139.6, 126.0, 1.098
[20:30:06] 139.6, 125.9, 1.102
[20:30:07] 139.6, 125.8, 2.306
[20:30:08] 249.3, 125.8, 2.279
[20:30:09] 288.9, 125.8, 2.344
[20:30:10] 295.8, 125.8, 2.343
[20:30:11] 295.8, 125.7, 2.344
[20:30:12] 295.8, 125.8, 2.133
[20:30:13] 273.7, 126.0, 1.101
[20:30:14] 138.7, 126.0, 1.098
[20:30:15] 138.8, 126.0, 1.097
[20:30:16] 138.9, 126.0, 1.097
[20:30:17] 139.0, 125.7, 3.633
[20:30:18] 192.3, 125.8, 2.276
[20:30:19] 286.6, 125.9, 2.339
[20:30:20] 293.6, 125.9, 2.338
[20:30:21] 293.8, 125.9, 2.340
[20:30:22] 294.0, 125.9, 2.339
[20:30:23] 294.3, 125.9, 2.342
[20:30:24] 294.5, 125.9, 2.342
[20:30:25] 294.7, 125.9, 2.341
[20:30:26] 294.9, 125.9, 2.344
[20:30:27] 295.0, 125.8, 2.346
[20:30:28] 295.2, 126.1, 1.089
[20:30:29] 228.1, 126.1, 1.100
[20:30:30] 139.9, 126.1, 1.099
[20:30:31] 139.8, 126.1, 1.096
[20:30:32] 139.8, 126.0, 1.099
