<<<[19:14:27] 143.5, 125.8, 1.114
[19:14:28] 143.4, 125.8, 1.137
[19:14:29] 143.4, 125.9, 1.134
[19:14:30] 143.6, 125.8, 1.265
[19:14:31] 158.9, 125.9, 1.232
[19:14:32] 158.8, 125.9, 1.174
[19:14:33] 149.2, 125.9, 1.176
[19:14:34] 149.1, 125.9, 1.182
[19:14:35] 149.2, 125.8, 1.182
[19:14:36] 149.3, 125.9, 1.169
[19:14:37] 149.3, 125.9, 1.124
[19:14:38] 169.4, 125.8, 1.119
[19:14:39] 142.5, 125.9, 1.114
[19:14:40] 142.5, 125.9, 1.123
[19:14:41] 142.5, 125.8, 1.118
[19:14:42] 142.6, 125.9, 1.099
[19:14:43] 167.1, 125.8, 1.121
[19:14:44] 140.8, 125.8, 1.120
[19:14:45] 140.8, 125.8, 1.117
[19:14:46] 140.9, 125.8, 1.132
[19:14:47] 140.9, 125.8, 1.133
[19:14:48] 169.4, 125.8, 1.132
[19:14:49] 143.9, 125.8, 1.122
[19:14:50] 143.6, 125.9, 1.107
[19:14:51] 143.4, 125.9, 1.106
[19:14:52] 143.1, 125.8, 1.089
[19:14:53] 167.5, 125.8, 1.101
[19:14:54] 141.0, 125.8, 1.116
[19:14:55] 141.0, 125.8, 1.110
[19:14:56] 140.9, 125.7, 1.126
[19:14:57] 140.9, 125.8, 1.105
[19:14:58] 167.6, 125.7, 1.117
[19:14:59] 141.8, 125.7, 1.116
[19:15:00] 141.7, 125.8, 1.117
[19:15:01] 141.5, 125.8, 1.125
[19:15:02] 141.5, 125.7, 1.091
[19:15:03] 167.1, 125.8, 1.108
[19:15:04] 140.5, 125.8, 1.103
[19:15:05] 140.5, 125.7, 1.107
[19:15:06] 140.5, 125.7, 1.118
[19:15:07] 140.6, 125.8, 1.026
[19:15:08] 174.9, 125.8, 1.084
[19:15:09] 135.2, 125.8, 1.114
[19:15:10] 141.2, 125.9, 1.104
[19:15:11] 141.0, 125.9, 1.105
[19:15:12] 141.0, 125.9, 1.026
[19:15:13] 173.6, 125.9, 1.044
[19:15:14] 133.6, 125.9, 1.114
[19:15:15] 141.0, 125.8, 1.100
[19:15:16] 140.9, 125.8, 1.100
[19:15:17] 140.8, 125.9, 1.368
[19:15:18] 184.8, 125.9, 1.050
[19:15:19] 134.7, 125.9, 1.108
[19:15:20] 140.7, 125.9, 1.103
[19:15:21] 140.6, 125.8, 1.106
[19:15:22] 140.6, 125.8, 1.776
[19:15:23] 199.7, 125.9, 1.042
[19:15:24] 141.6, 125.8, 1.113
[19:15:25] 141.4, 125.8, 1.106
[19:15:26] 141.3, 125.8, 1.113
[19:15:27] 141.2, 125.6, 3.315
[19:15:28] 179.9, 125.8, 1.374
[19:15:29] 194.4, 125.8, 1.102
[19:15:30] 138.1, 125.9, 1.105
[19:15:31] 138.4, 125.9, 1.106
[19:15:32] 138.7, 125.8, 1.106
[19:15:33] 138.9, 125.7, 1.898
[19:15:34] 216.7, 125.8, 1.553
[19:15:35] 217.1, 125.9, 1.109
[19:15:36] 138.3, 125.9, 1.123
[19:15:37] 138.6, 125.8, 1.108
[19:15:38] 138.9, 125.9, 1.117
[19:15:39] 139.1, 125.8, 2.375
[19:15:40] 194.8, 125.8, 1.880
[19:15:41] 238.6, 125.7, 1.947
[19:15:42] 244.2, 125.9, 1.118
[19:15:43] 165.1, 125.9, 1.107
[19:15:44] 140.7, 125.9, 1.110
[19:15:45] 140.7, 125.9, 1.099
[19:15:46] 140.7, 125.9, 1.107
[19:15:47] 140.7, 125.8, 1.876
[19:15:48] 249.8, 125.8, 1.951
[19:15:49] 240.9, 125.8, 1.942
[19:15:50] 241.5, 125.8, 1.939
[19:15:51] 241.9, 125.8, 1.939
[19:15:52] 242.1, 125.9, 1.099
[19:15:53] 149.2, 125.9, 1.107
[19:15:54] 140.8, 125.9, 1.107
[19:15:55] 140.8, 125.8, 1.108
[19:15:56] 140.7, 125.9, 1.120
[19:15:57] 165.6, 125.8, 1.884
[19:15:58] 237.0, 125.8, 1.939
[19:15:59] 237.5, 125.7, 1.941
[19:16:00] 245.3, 125.7, 1.943
[19:16:01] 245.3, 125.7, 1.944
[19:16:02] 245.3, 125.7, 1.944
[19:16:03] 245.4, 125.7, 1.943
[19:16:04] 245.4, 125.7, 1.945
[19:16:05] 245.5, 125.7, 1.946
[19:16:06] 245.5, 125.7, 1.674
[19:16:07] 232.4, 125.8, 1.119
[19:16:08] 138.9, 125.8, 1.093
[19:16:09] 139.1, 125.8, 1.108
[19:16:10] 139.4, 125.9, 1.106
[19:16:11] 139.6, 125.7, 2.915
[19:16:12] 188.8, 125.7, 1.880
[19:16:13] 238.1, 125.7, 1.944
[19:16:14] 243.7, 125.7, 1.947
[19:16:15] 243.9, 125.7, 1.948
[19:16:16] 244.2, 125.7, 1.946
[19:16:17] 244.5, 125.7, 1.947
[19:16:18] 244.7, 125.8, 1.950
[19:16:19] 244.9, 125.7, 1.948
[19:16:20] 245.1, 125.7, 1.950
[19:16:21] 245.3, 125.7, 1.950
[19:16:22] 245.4, 125.7, 1.951
[19:16:23] 245.6, 125.7, 1.952
[19:16:24] 245.7, 125.7, 1.954
[19:16:25] 245.8, 125.7, 1.953
[19:16:26] 245.9, 125.7, 1.950
[19:16:27] 246.1, 125.7, 1.952
[19:16:28] 246.2, 125.7, 1.952
[19:16:29] 246.3, 125.7, 1.952
[19:16:30] 246.3, 125.7, 1.950
[19:16:31] 246.4, 125.9, 1.115
[19:16:32] 159.1, 125.9, 1.098
[19:16:33] 141.4, 125.8, 1.106
[19:16:34] 141.3, 125.9, 1.101
[19:16:35] 141.3, 125.8, 1.103
