<<<[03:47:41] 140.5, 126.5, 1.099
[03:47:42] 140.5, 126.4, 1.102
[03:47:43] 140.5, 126.5, 1.105
[03:47:44] 140.5, 126.5, 1.234
[03:47:45] 147.9, 126.4, 1.244
[03:47:46] 158.4, 126.5, 1.093
[03:47:47] 151.3, 126.4, 1.124
[03:47:48] 141.9, 126.4, 1.113
[03:47:49] 141.9, 126.4, 1.126
[03:47:50] 142.1, 126.4, 1.124
[03:47:51] 142.3, 126.3, 1.712
[03:47:52] 170.4, 126.4, 1.109
[03:47:53] 141.2, 126.4, 1.117
[03:47:54] 141.1, 126.4, 1.100
[03:47:55] 141.1, 126.4, 1.111
[03:47:56] 141.1, 126.3, 1.715
[03:47:57] 168.2, 126.4, 1.110
[03:47:58] 141.0, 126.4, 1.110
[03:47:59] 141.0, 126.3, 1.105
[03:48:00] 141.0, 126.3, 1.113
[03:48:01] 141.0, 126.3, 1.721
[03:48:02] 167.6, 126.4, 1.110
[03:48:03] 141.8, 126.4, 1.106
[03:48:04] 141.7, 126.4, 1.103
[03:48:05] 141.6, 126.4, 1.098
[03:48:06] 141.4, 126.3, 1.706
[03:48:07] 167.1, 126.4, 1.096
[03:48:08] 140.1, 126.4, 1.098
[03:48:09] 140.1, 126.4, 1.103
[03:48:10] 140.1, 126.4, 1.103
[03:48:11] 140.2, 126.3, 1.708
[03:48:12] 166.7, 126.4, 1.106
[03:48:13] 140.5, 126.4, 1.104
[03:48:14] 140.5, 126.4, 1.102
[03:48:15] 140.5, 126.4, 1.096
[03:48:16] 140.4, 126.3, 1.705
[03:48:17] 166.2, 126.4, 1.097
[03:48:18] 139.9, 126.4, 1.094
[03:48:19] 139.8, 126.4, 1.104
[03:48:20] 139.9, 126.4, 1.101
[03:48:21] 139.9, 126.3, 1.709
[03:48:22] 166.4, 126.4, 1.097
[03:48:23] 140.3, 126.4, 1.103
[03:48:24] 140.2, 126.4, 1.097
[03:48:25] 140.2, 126.4, 1.093
[03:48:26] 140.2, 126.3, 2.489
[03:48:27] 176.5, 126.4, 1.037
[03:48:28] 132.5, 126.4, 1.091
[03:48:29] 137.9, 126.4, 1.095
[03:48:30] 138.1, 126.4, 1.097
[03:48:31] 138.3, 126.3, 2.860
[03:48:32] 176.5, 126.4, 1.038
[03:48:33] 132.5, 126.4, 1.095
[03:48:34] 137.8, 126.4, 1.095
[03:48:35] 138.0, 126.4, 1.093
[03:48:36] 138.2, 126.2, 3.317
[03:48:37] 175.6, 126.4, 1.028
[03:48:38] 144.5, 126.4, 1.090
[03:48:39] 136.9, 126.4, 1.098
[03:48:40] 137.2, 126.4, 1.092
[03:48:41] 137.5, 126.4, 1.102
[03:48:42] 167.5, 126.4, 1.058
[03:48:43] 166.9, 126.4, 1.105
[03:48:44] 136.3, 126.4, 1.099
[03:48:45] 136.7, 126.4, 1.091
[03:48:46] 137.1, 126.4, 1.089
[03:48:47] 137.4, 126.3, 1.659
[03:48:48] 222.7, 126.4, 1.056
[03:48:49] 134.7, 126.4, 1.096
[03:48:50] 135.3, 126.4, 1.091
[03:48:51] 135.8, 126.5, 1.097
[03:48:52] 136.3, 126.3, 3.121
[03:48:53] 183.0, 126.3, 1.768
[03:48:54] 224.5, 126.5, 1.099
[03:48:55] 138.5, 126.4, 1.096
[03:48:56] 138.6, 126.4, 1.095
[03:48:57] 138.8, 126.4, 1.099
[03:48:58] 138.9, 126.2, 3.168
[03:48:59] 178.0, 126.3, 1.826
[03:49:00] 230.1, 126.3, 1.884
[03:49:01] 230.6, 126.4, 1.096
[03:49:02] 153.9, 126.4, 1.099
[03:49:03] 140.5, 126.4, 1.099
[03:49:04] 140.4, 126.4, 1.099
[03:49:05] 140.3, 126.4, 1.092
[03:49:06] 164.4, 126.3, 1.825
[03:49:07] 230.6, 126.3, 1.876
[03:49:08] 235.7, 126.4, 1.884
[03:49:09] 236.1, 126.3, 1.887
[03:49:10] 236.6, 126.4, 1.112
[03:49:11] 174.7, 126.4, 1.094
[03:49:12] 139.9, 126.4, 1.092
[03:49:13] 139.9, 126.4, 1.099
[03:49:14] 139.9, 126.4, 1.085
[03:49:15] 139.8, 126.3, 1.843
[03:49:16] 228.6, 126.3, 1.828
[03:49:17] 229.1, 126.3, 1.888
[03:49:18] 239.7, 126.3, 1.888
[03:49:19] 239.6, 126.3, 1.886
[03:49:20] 239.6, 126.3, 1.887
[03:49:21] 239.6, 126.3, 1.880
[03:49:22] 239.6, 126.3, 1.890
[03:49:23] 239.7, 126.3, 1.839
[03:49:24] 232.6, 126.4, 1.097
[03:49:25] 141.6, 126.4, 1.099
[03:49:26] 141.4, 126.4, 1.099
[03:49:27] 141.3, 126.4, 1.095
[03:49:28] 141.0, 126.2, 2.963
[03:49:29] 177.6, 126.3, 1.823
[03:49:30] 229.5, 126.3, 1.883
[03:49:31] 236.8, 126.2, 1.887
[03:49:32] 237.1, 126.3, 1.889
[03:49:33] 237.5, 126.3, 1.891
[03:49:34] 237.8, 126.3, 1.891
[03:49:35] 238.1, 126.3, 1.892
[03:49:36] 238.3, 126.3, 1.891
[03:49:37] 238.6, 126.3, 1.892
[03:49:38] 238.8, 126.3, 1.892
[03:49:39] 238.9, 126.3, 1.892
[03:49:40] 239.1, 126.3, 1.890
[03:49:41] 239.2, 126.3, 1.889
[03:49:42] 239.4, 126.3, 1.891
[03:49:43] 239.4, 126.3, 1.893
[03:49:44] 239.5, 126.3, 1.893
[03:49:45] 239.7, 126.2, 1.893
[03:49:46] 234.2, 126.4, 1.105
[03:49:47] 138.7, 126.4, 1.101
[03:49:48] 138.8, 126.4, 1.103
[03:49:49] 139.0, 126.4, 1.110
