<<<[07:05:01] 142.7, 125.9, 1.118
[07:05:02] 142.6, 125.9, 1.125
[07:05:03] 142.7, 125.9, 1.137
[07:05:04] 142.8, 125.9, 1.275
[07:05:05] 153.9, 125.9, 1.241
[07:05:06] 154.3, 125.9, 1.260
[07:05:07] 154.7, 126.0, 1.169
[07:05:08] 148.6, 126.0, 1.174
[07:05:09] 148.7, 126.0, 1.180
[07:05:10] 148.8, 126.0, 1.177
[07:05:11] 148.9, 126.0, 1.180
[07:05:12] 149.0, 126.0, 1.128
[07:05:13] 168.9, 126.0, 1.110
[07:05:14] 141.2, 126.0, 1.107
[07:05:15] 141.1, 126.0, 1.108
[07:05:16] 141.1, 125.9, 1.112
[07:05:17] 141.0, 125.9, 1.125
[07:05:18] 167.3, 125.9, 1.098
[07:05:19] 140.5, 125.8, 1.101
[07:05:20] 140.4, 125.9, 1.102
[07:05:21] 140.3, 125.9, 1.100
[07:05:22] 140.4, 125.8, 1.122
[07:05:23] 167.1, 125.8, 1.099
[07:05:24] 139.9, 125.8, 1.098
[07:05:25] 139.8, 125.8, 1.104
[07:05:26] 139.9, 125.8, 1.100
[07:05:27] 139.9, 125.8, 1.056
[07:05:28] 174.7, 125.8, 1.101
[07:05:29] 134.9, 125.8, 1.103
[07:05:30] 140.3, 125.8, 1.100
[07:05:31] 140.2, 125.8, 1.100
[07:05:32] 140.2, 125.8, 1.054
[07:05:33] 174.5, 125.8, 1.108
[07:05:34] 135.1, 125.9, 1.102
[07:05:35] 140.3, 125.8, 1.100
[07:05:36] 140.2, 125.8, 1.111
[07:05:37] 140.2, 125.8, 1.065
[07:05:38] 176.5, 125.8, 1.096
[07:05:39] 135.1, 125.8, 1.100
[07:05:40] 135.7, 125.8, 1.100
[07:05:41] 136.2, 125.7, 1.102
[07:05:42] 136.7, 125.8, 1.025
[07:05:43] 190.8, 125.9, 1.068
[07:05:44] 134.3, 125.9, 1.102
[07:05:45] 139.4, 125.9, 1.101
[07:05:46] 139.4, 125.9, 1.105
[07:05:47] 139.5, 125.8, 1.575
[07:05:48] 218.9, 125.9, 1.038
[07:05:49] 133.8, 125.9, 1.098
[07:05:50] 140.1, 125.9, 1.100
[07:05:51] 140.0, 125.9, 1.093
[07:05:52] 140.0, 125.8, 2.624
[07:05:53] 205.5, 126.0, 1.005
[07:05:54] 192.4, 125.9, 1.102
[07:05:55] 138.5, 125.9, 1.102
[07:05:56] 138.6, 126.0, 1.105
[07:05:57] 138.8, 125.9, 1.097
[07:05:58] 139.0, 125.9, 2.212
[07:05:59] 260.5, 125.8, 1.574
[07:06:00] 223.7, 126.0, 1.097
[07:06:01] 139.8, 125.9, 1.104
[07:06:02] 139.8, 125.9, 1.094
[07:06:03] 139.8, 125.9, 1.097
[07:06:04] 139.8, 125.8, 2.171
[07:06:05] 231.0, 125.7, 2.175
[07:06:06] 276.4, 125.7, 2.247
[07:06:07] 276.6, 125.9, 1.095
[07:06:08] 152.6, 125.9, 1.097
[07:06:09] 139.6, 125.8, 1.101
[07:06:10] 139.6, 125.9, 1.097
[07:06:11] 139.6, 125.9, 1.104
[07:06:12] 172.2, 125.8, 2.193
[07:06:13] 274.4, 125.8, 2.248
[07:06:14] 280.8, 125.7, 2.256
[07:06:15] 281.2, 125.7, 2.254
[07:06:16] 281.7, 125.8, 2.134
[07:06:17] 267.4, 125.9, 1.105
[07:06:18] 142.1, 125.9, 1.101
[07:06:19] 141.8, 125.9, 1.102
[07:06:20] 141.5, 125.9, 1.103
[07:06:21] 141.3, 125.7, 3.286
[07:06:22] 186.8, 125.8, 2.192
[07:06:23] 275.3, 125.8, 2.249
[07:06:24] 282.2, 125.7, 2.253
[07:06:25] 282.5, 125.8, 2.256
[07:06:26] 282.8, 125.7, 2.255
[07:06:27] 283.2, 125.7, 2.259
[07:06:28] 283.4, 125.7, 2.263
[07:06:29] 283.7, 125.7, 2.262
[07:06:30] 284.0, 125.7, 2.261
[07:06:31] 284.2, 125.8, 1.599
[07:06:32] 237.3, 125.9, 1.096
[07:06:33] 140.1, 125.9, 1.101
[07:06:34] 140.1, 125.9, 1.100
[07:06:35] 140.1, 125.9, 1.100
[07:06:36] 140.1, 125.8, 2.223
[07:06:37] 219.6, 125.7, 2.191
[07:06:38] 277.5, 125.7, 2.259
[07:06:39] 284.9, 125.7, 2.259
[07:06:40] 285.0, 125.8, 2.264
[07:06:41] 285.1, 125.8, 2.259
[07:06:42] 285.1, 125.8, 2.264
[07:06:43] 285.3, 125.7, 2.258
[07:06:44] 285.3, 125.7, 2.264
[07:06:45] 285.4, 125.8, 2.258
[07:06:46] 285.4, 125.8, 2.253
[07:06:47] 285.5, 125.7, 2.258
[07:06:48] 285.5, 125.7, 2.266
[07:06:49] 285.6, 125.8, 2.261
[07:06:50] 285.6, 125.8, 2.267
[07:06:51] 285.7, 125.8, 2.260
[07:06:52] 285.7, 125.7, 2.266
[07:06:53] 285.8, 125.8, 2.249
[07:06:54] 285.7, 125.8, 2.265
[07:06:55] 285.8, 125.7, 2.260
[07:06:56] 285.8, 125.9, 1.107
[07:06:57] 146.5, 125.8, 1.108
[07:06:58] 140.7, 125.8, 1.101
[07:06:59] 140.6, 125.9, 1.104
