<<<[19:09:20] 140.7, 125.8, 1.122
[19:09:21] 140.9, 125.8, 1.132
[19:09:22] 141.1, 125.8, 1.139
[19:09:23] 141.5, 125.8, 1.272
[19:09:24] 153.7, 125.8, 1.269
[19:09:25] 160.4, 125.8, 1.276
[19:09:26] 160.4, 125.7, 1.271
[19:09:27] 160.4, 125.7, 1.271
[19:09:28] 160.4, 125.8, 1.267
[19:09:29] 160.4, 125.8, 1.281
[19:09:30] 160.3, 125.8, 1.262
[19:09:31] 160.3, 125.8, 1.266
[19:09:32] 160.3, 125.8, 1.270
[19:09:33] 160.3, 125.8, 1.276
[19:09:34] 160.4, 125.8, 1.260
[19:09:35] 160.3, 125.8, 1.273
[19:09:36] 160.4, 125.8, 1.270
[19:09:37] 160.4, 125.8, 1.279
[19:09:38] 160.4, 125.8, 1.272
[19:09:39] 160.4, 125.8, 1.269
[19:09:40] 160.4, 125.8, 1.268
[19:09:41] 160.4, 125.8, 1.281
[19:09:42] 160.4, 125.8, 1.267
[19:09:43] 160.5, 125.8, 1.261
[19:09:44] 160.4, 125.8, 1.233
[19:09:45] 160.3, 125.8, 1.277
[19:09:46] 160.4, 125.8, 1.270
[19:09:47] 160.3, 125.8, 1.264
[19:09:48] 160.2, 125.8, 1.262
[19:09:49] 160.3, 125.8, 1.242
[19:09:50] 160.0, 125.8, 1.233
[19:09:51] 159.8, 125.8, 1.239
[19:09:52] 159.7, 125.8, 1.234
[19:09:53] 159.5, 125.8, 1.263
[19:09:54] 159.4, 125.8, 1.264
[19:09:55] 159.1, 125.8, 1.309
[19:09:56] 159.3, 125.8, 1.234
[19:09:57] 159.2, 125.8, 1.256
[19:09:58] 159.2, 125.9, 1.267
[19:09:59] 158.9, 125.9, 1.308
[19:10:00] 159.0, 125.9, 1.247
[19:10:01] 158.8, 125.8, 1.224
[19:10:02] 158.7, 125.8, 1.243
[19:10:03] 158.6, 125.8, 1.301
[19:10:04] 159.2, 125.8, 1.229
[19:10:05] 159.4, 125.8, 1.232
[19:10:06] 159.1, 125.8, 1.228
[19:10:07] 159.0, 125.8, 1.233
[19:10:08] 158.8, 125.8, 1.255
[19:10:09] 158.8, 125.8, 1.251
[19:10:10] 158.6, 125.8, 1.280
[19:10:11] 158.6, 125.8, 1.259
[19:10:12] 158.4, 125.8, 1.314
[19:10:13] 158.7, 125.8, 1.244
[19:10:14] 158.7, 125.8, 1.242
[19:10:15] 158.5, 125.8, 1.247
[19:10:16] 158.4, 125.7, 1.244
[19:10:17] 158.3, 125.8, 1.240
[19:10:18] 158.5, 125.8, 1.237
[19:10:19] 158.4, 125.7, 1.237
[19:10:20] 158.3, 125.7, 1.239
[19:10:21] 158.2, 125.7, 1.310
[19:10:22] 158.7, 125.8, 1.253
[19:10:23] 159.3, 125.8, 1.309
[19:10:24] 159.8, 125.8, 1.243
[19:10:25] 159.5, 125.8, 1.243
[19:10:26] 159.3, 125.8, 1.243
[19:10:27] 159.1, 125.8, 1.176
[19:10:28] 147.9, 125.8, 1.175
[19:10:29] 148.1, 125.8, 1.181
[19:10:30] 148.2, 125.8, 1.178
[19:10:31] 148.4, 125.9, 1.170
[19:10:32] 148.7, 125.9, 1.065
[19:10:33] 174.3, 125.9, 1.108
[19:10:34] 135.8, 125.8, 1.100
[19:10:35] 136.3, 125.9, 1.100
[19:10:36] 136.7, 125.8, 1.104
[19:10:37] 137.1, 125.9, 1.060
[19:10:38] 179.0, 125.9, 1.110
[19:10:39] 135.1, 125.9, 1.101
[19:10:40] 135.6, 125.9, 1.100
[19:10:41] 136.2, 125.9, 1.104
[19:10:42] 136.6, 125.9, 0.991
[19:10:43] 195.0, 125.9, 1.097
[19:10:44] 134.1, 125.9, 1.101
[19:10:45] 139.8, 125.9, 1.104
[19:10:46] 139.8, 125.9, 1.107
[19:10:47] 139.8, 125.9, 1.478
[19:10:48] 213.6, 125.9, 1.041
[19:10:49] 133.2, 125.9, 1.103
[19:10:50] 139.8, 125.9, 1.101
[19:10:51] 139.8, 125.9, 1.103
[19:10:52] 139.8, 125.8, 2.373
[19:10:53] 224.8, 125.9, 1.065
[19:10:54] 170.7, 125.9, 1.098
[19:10:55] 139.2, 125.9, 1.103
[19:10:56] 139.2, 125.9, 1.107
[19:10:57] 139.3, 126.0, 1.101
[19:10:58] 139.4, 125.8, 2.333
[19:10:59] 290.5, 126.0, 1.056
[19:11:00] 202.0, 126.0, 1.098
[19:11:01] 139.6, 126.0, 1.104
[19:11:02] 139.6, 126.0, 1.094
[19:11:03] 139.6, 126.0, 1.105
[19:11:04] 139.6, 125.8, 2.370
[19:11:05] 266.8, 125.8, 2.338
[19:11:06] 296.3, 125.8, 1.579
[19:11:07] 251.8, 125.9, 1.102
[19:11:08] 139.6, 125.9, 1.101
[19:11:09] 139.6, 125.9, 1.102
[19:11:10] 139.6, 125.9, 1.101
[19:11:11] 139.7, 125.8, 2.633
[19:11:12] 217.1, 125.8, 2.336
[19:11:13] 296.0, 125.8, 2.402
[19:11:14] 302.3, 125.7, 2.404
[19:11:15] 302.4, 125.7, 2.404
[19:11:16] 302.5, 125.9, 1.120
[19:11:17] 189.4, 125.9, 1.104
[19:11:18] 140.1, 125.8, 1.100
[19:11:19] 140.0, 125.9, 1.103
[19:11:20] 140.0, 125.9, 1.103
[19:11:21] 140.0, 125.7, 2.362
[19:11:22] 275.9, 125.8, 2.345
[19:11:23] 297.2, 125.7, 2.404
[19:11:24] 303.4, 125.8, 2.403
[19:11:25] 303.4, 125.8, 2.403
[19:11:26] 303.4, 125.8, 2.398
[19:11:27] 303.3, 125.7, 2.407
[19:11:28] 303.4, 125.8, 2.403
[19:11:29] 303.4, 125.8, 2.406
[19:11:30] 303.4, 125.9, 1.659
[19:11:31] 242.4, 125.9, 1.107
[19:11:32] 139.6, 125.9, 1.105
[19:11:33] 139.7, 125.9, 1.104
[19:11:34] 139.7, 125.9, 1.106
[19:11:35] 139.8, 125.8, 2.313
[19:11:36] 237.9, 125.7, 2.318
[19:11:37] 294.9, 125.7, 2.404
[19:11:38] 303.4, 125.7, 2.406
[19:11:39] 303.4, 125.7, 2.408
[19:11:40] 303.5, 125.7, 2.409
[19:11:41] 303.6, 125.7, 2.411
[19:11:42] 303.7, 125.8, 2.412
[19:11:43] 303.8, 125.7, 2.410
[19:11:44] 303.9, 125.7, 2.411
[19:11:45] 303.9, 125.7, 2.414
[19:11:46] 304.0, 125.8, 2.408
[19:11:47] 304.1, 125.7, 2.413
[19:11:48] 304.2, 125.7, 2.412
[19:11:49] 304.2, 125.7, 2.412
[19:11:50] 304.3, 125.7, 2.414
[19:11:51] 304.3, 125.7, 2.410
[19:11:52] 304.4, 125.7, 2.415
[19:11:53] 304.4, 125.7, 2.413
[19:11:54] 299.1, 125.9, 1.108
[19:11:55] 139.2, 125.9, 1.106
[19:11:56] 139.3, 125.9, 1.112
[19:11:57] 139.5, 125.8, 1.109
