<<<[00:15:29] 141.6, 125.8, 1.121
[00:15:30] 141.8, 125.8, 1.125
[00:15:31] 141.8, 125.8, 1.134
[00:15:32] 141.9, 125.8, 1.251
[00:15:33] 153.9, 125.8, 1.245
[00:15:34] 159.3, 125.8, 1.264
[00:15:35] 159.5, 125.8, 1.251
[00:15:36] 159.5, 125.8, 1.140
[00:15:37] 147.2, 125.8, 1.139
[00:15:38] 146.9, 125.9, 1.139
[00:15:39] 146.5, 125.8, 1.147
[00:15:40] 146.3, 125.8, 1.117
[00:15:41] 145.8, 125.8, 1.108
[00:15:42] 170.5, 125.8, 1.123
[00:15:43] 142.7, 125.8, 1.126
[00:15:44] 142.6, 125.8, 1.135
[00:15:45] 142.5, 125.8, 1.131
[00:15:46] 142.4, 125.8, 1.095
[00:15:47] 168.5, 125.8, 1.116
[00:15:48] 141.2, 125.8, 1.110
[00:15:49] 141.2, 125.8, 1.121
[00:15:50] 141.3, 125.8, 1.118
[00:15:51] 141.2, 125.8, 1.096
[00:15:52] 168.9, 125.8, 1.114
[00:15:53] 141.0, 125.8, 1.119
[00:15:54] 141.1, 125.8, 1.104
[00:15:55] 141.2, 125.8, 1.135
[00:15:56] 141.4, 125.8, 1.098
[00:15:57] 168.4, 125.8, 1.127
[00:15:58] 141.8, 125.9, 1.113
[00:15:59] 141.8, 125.8, 1.113
[00:16:00] 141.7, 125.8, 1.113
[00:16:01] 141.7, 125.8, 1.106
[00:16:02] 168.9, 125.8, 1.117
[00:16:03] 141.6, 125.8, 1.119
[00:16:04] 141.5, 125.8, 1.110
[00:16:05] 141.5, 125.8, 1.104
[00:16:06] 141.5, 125.8, 1.012
[00:16:07] 175.8, 125.8, 1.070
[00:16:08] 134.5, 125.8, 1.131
[00:16:09] 141.4, 125.8, 1.117
[00:16:10] 141.5, 125.8, 1.118
[00:16:11] 141.4, 125.8, 1.030
[00:16:12] 174.5, 125.8, 1.052
[00:16:13] 134.7, 125.7, 1.114
[00:16:14] 141.0, 125.8, 1.108
[00:16:15] 141.0, 125.8, 1.122
[00:16:16] 140.9, 125.7, 1.413
[00:16:17] 183.6, 125.8, 1.043
[00:16:18] 134.5, 125.8, 1.100
[00:16:19] 141.6, 125.8, 1.113
[00:16:20] 141.6, 125.8, 1.113
[00:16:21] 141.5, 125.7, 1.764
[00:16:22] 198.0, 125.8, 1.045
[00:16:23] 142.8, 125.7, 1.113
[00:16:24] 142.4, 125.8, 1.111
[00:16:25] 142.2, 125.7, 1.113
[00:16:26] 142.0, 125.6, 2.297
[00:16:27] 177.8, 125.8, 1.411
[00:16:28] 192.3, 125.8, 1.120
[00:16:29] 138.7, 125.8, 1.110
[00:16:30] 139.0, 125.8, 1.113
[00:16:31] 139.3, 125.8, 1.114
[00:16:32] 139.5, 125.7, 1.790
[00:16:33] 207.1, 125.8, 1.631
[00:16:34] 218.0, 125.8, 1.115
[00:16:35] 139.8, 125.9, 1.110
[00:16:36] 140.0, 125.8, 1.112
[00:16:37] 140.1, 125.8, 1.127
[00:16:38] 140.3, 125.6, 2.957
[00:16:39] 183.6, 125.7, 1.803
[00:16:40] 228.1, 125.6, 1.865
[00:16:41] 233.7, 125.8, 1.088
[00:16:42] 185.7, 125.8, 1.112
[00:16:43] 141.2, 125.8, 1.103
[00:16:44] 141.0, 125.8, 1.110
[00:16:45] 141.0, 125.8, 1.120
[00:16:46] 141.0, 125.7, 1.819
[00:16:47] 225.9, 125.7, 1.805
[00:16:48] 226.3, 125.7, 1.858
[00:16:49] 235.5, 125.7, 1.867
[00:16:50] 235.5, 125.7, 1.868
[00:16:51] 235.6, 125.9, 1.079
[00:16:52] 185.9, 125.8, 1.104
[00:16:53] 140.7, 125.8, 1.108
[00:16:54] 140.8, 125.8, 1.106
[00:16:55] 140.8, 125.8, 1.105
[00:16:56] 140.8, 125.7, 1.830
[00:16:57] 223.2, 125.8, 1.805
[00:16:58] 229.5, 125.7, 1.867
[00:16:59] 235.9, 125.7, 1.870
[00:17:00] 235.9, 125.7, 1.872
[00:17:01] 235.9, 125.7, 1.862
[00:17:02] 236.0, 125.7, 1.872
[00:17:03] 236.0, 125.7, 1.871
[00:17:04] 236.1, 125.7, 1.875
[00:17:05] 236.2, 125.7, 1.873
[00:17:06] 236.3, 125.8, 1.139
[00:17:07] 175.6, 125.8, 1.115
[00:17:08] 141.9, 125.8, 1.125
[00:17:09] 141.8, 125.8, 1.116
[00:17:10] 141.9, 125.8, 1.106
