<<<[04:48:47] 142.4, 126.3, 1.115
[04:48:48] 142.3, 126.2, 1.121
[04:48:49] 142.4, 126.3, 1.135
[04:48:50] 142.6, 126.2, 1.310
[04:48:51] 154.8, 126.2, 1.247
[04:48:52] 155.3, 126.2, 1.240
[04:48:53] 155.7, 126.2, 1.177
[04:48:54] 155.7, 126.3, 1.175
[04:48:55] 149.2, 126.3, 1.178
[04:48:56] 149.2, 126.3, 1.166
[04:48:57] 149.2, 126.3, 1.168
[04:48:58] 149.1, 126.2, 1.636
[04:48:59] 169.1, 126.3, 1.086
[04:49:00] 143.6, 126.3, 1.116
[04:49:01] 143.2, 126.2, 1.110
[04:49:02] 142.9, 126.2, 1.104
[04:49:03] 142.6, 126.2, 1.628
[04:49:04] 163.7, 126.3, 1.105
[04:49:05] 144.6, 126.2, 1.102
[04:49:06] 144.0, 126.2, 1.098
[04:49:07] 143.5, 126.3, 1.097
[04:49:08] 143.1, 126.2, 1.631
[04:49:09] 163.8, 126.3, 1.099
[04:49:10] 145.0, 126.3, 1.100
[04:49:11] 144.3, 126.3, 1.096
[04:49:12] 143.8, 126.3, 1.102
[04:49:13] 143.3, 126.2, 1.623
[04:49:14] 162.7, 126.3, 1.100
[04:49:15] 144.6, 126.3, 1.094
[04:49:16] 144.0, 126.3, 1.098
[04:49:17] 143.4, 126.2, 1.101
[04:49:18] 143.0, 126.2, 1.623
[04:49:19] 163.1, 126.2, 1.099
[04:49:20] 144.6, 126.2, 1.101
[04:49:21] 144.0, 126.2, 1.101
[04:49:22] 143.4, 126.2, 1.100
[04:49:23] 143.0, 126.1, 1.611
[04:49:24] 162.0, 126.2, 1.103
[04:49:25] 144.3, 126.2, 1.094
[04:49:26] 143.7, 126.2, 1.096
[04:49:27] 143.2, 126.2, 1.102
[04:49:28] 142.8, 126.1, 3.172
[04:49:29] 174.9, 126.3, 1.034
[04:49:30] 136.7, 126.3, 1.093
[04:49:31] 136.7, 126.3, 1.090
[04:49:32] 137.1, 126.3, 1.095
[04:49:33] 137.4, 126.0, 3.279
[04:49:34] 174.2, 126.3, 1.034
[04:49:35] 135.4, 126.3, 1.097
[04:49:36] 135.6, 126.3, 1.094
[04:49:37] 136.1, 126.2, 1.099
[04:49:38] 136.5, 126.3, 1.101
[04:49:39] 172.2, 126.2, 1.038
[04:49:40] 149.2, 126.3, 1.093
[04:49:41] 136.3, 126.3, 1.111
[04:49:42] 136.8, 126.3, 1.093
[04:49:43] 137.1, 126.2, 1.099
[04:49:44] 137.4, 126.2, 1.117
[04:49:45] 204.0, 126.2, 1.104
[04:49:46] 135.2, 126.2, 1.097
[04:49:47] 135.7, 126.3, 1.099
[04:49:48] 136.2, 126.3, 1.095
[04:49:49] 136.6, 126.2, 1.868
[04:49:50] 213.3, 126.2, 1.039
[04:49:51] 169.3, 126.3, 1.096
[04:49:52] 139.6, 126.3, 1.098
[04:49:53] 139.6, 126.3, 1.094
[04:49:54] 139.6, 126.2, 1.093
[04:49:55] 139.6, 126.2, 1.871
[04:49:56] 239.7, 126.2, 1.584
[04:49:57] 217.6, 126.2, 1.097
[04:49:58] 138.3, 126.3, 1.092
[04:49:59] 138.4, 126.2, 1.096
[04:50:00] 138.6, 126.3, 1.093
[04:50:01] 138.7, 126.1, 2.350
[04:50:02] 193.5, 126.1, 1.873
[04:50:03] 238.8, 126.1, 1.939
[04:50:04] 244.2, 126.2, 1.622
[04:50:05] 220.5, 126.2, 1.096
[04:50:06] 138.5, 126.2, 1.096
[04:50:07] 138.6, 126.2, 1.098
[04:50:08] 138.8, 126.2, 1.093
[04:50:09] 138.9, 126.1, 1.992
[04:50:10] 202.0, 126.2, 1.876
[04:50:11] 238.2, 126.1, 1.941
[04:50:12] 245.5, 126.1, 1.942
[04:50:13] 245.6, 126.1, 1.938
[04:50:14] 245.6, 126.1, 1.938
[04:50:15] 245.7, 126.2, 1.178
[04:50:16] 198.8, 126.2, 1.100
[04:50:17] 140.3, 126.2, 1.091
[04:50:18] 140.2, 126.2, 1.101
[04:50:19] 140.2, 126.1, 1.103
[04:50:20] 140.1, 126.1, 1.903
[04:50:21] 219.2, 126.1, 1.878
[04:50:22] 238.4, 126.1, 1.941
[04:50:23] 246.2, 126.1, 1.937
[04:50:24] 246.1, 126.1, 1.935
[04:50:25] 246.1, 126.1, 1.939
[04:50:26] 246.0, 126.1, 1.937
[04:50:27] 246.0, 126.0, 1.941
[04:50:28] 246.0, 126.1, 1.940
[04:50:29] 246.0, 126.1, 1.942
[04:50:30] 246.0, 126.1, 1.943
[04:50:31] 246.1, 126.1, 1.942
[04:50:32] 246.1, 126.2, 1.103
[04:50:33] 142.7, 126.2, 1.099
[04:50:34] 142.3, 126.1, 1.103
[04:50:35] 142.1, 126.2, 1.102
