<<<[20:10:22] 140.8, 126.6, 1.108
[20:10:23] 140.8, 126.5, 1.109
[20:10:24] 140.8, 126.5, 1.113
[20:10:25] 140.9, 126.4, 1.672
[20:10:26] 186.8, 126.4, 1.690
[20:10:27] 214.7, 126.4, 1.708
[20:10:28] 214.8, 126.4, 1.689
[20:10:29] 214.8, 126.4, 1.692
[20:10:30] 214.9, 126.4, 1.687
[20:10:31] 214.9, 126.4, 1.688
[20:10:32] 214.8, 126.3, 2.054
[20:10:33] 240.4, 126.3, 1.907
[20:10:34] 240.7, 126.3, 2.069
[20:10:35] 250.4, 126.3, 2.290
[20:10:36] 260.1, 126.3, 1.983
[20:10:37] 252.5, 126.4, 1.952
[20:10:38] 252.0, 126.3, 1.971
[20:10:39] 251.8, 126.3, 1.935
[20:10:40] 265.9, 126.3, 2.195
[20:10:41] 260.0, 126.4, 1.929
[20:10:42] 254.9, 126.4, 2.067
[20:10:43] 255.1, 126.4, 2.039
[20:10:44] 255.6, 126.4, 2.050
[20:10:45] 265.0, 126.4, 2.061
[20:10:46] 253.8, 126.4, 2.008
[20:10:47] 254.1, 126.3, 2.320
[20:10:48] 267.6, 126.3, 2.185
[20:10:49] 267.8, 126.3, 2.229
[20:10:50] 267.3, 126.3, 2.086
[20:10:51] 266.8, 126.4, 2.021
[20:10:52] 259.2, 126.5, 1.118
[20:10:53] 152.4, 126.5, 1.101
[20:10:54] 141.8, 126.5, 1.110
[20:10:55] 141.7, 126.5, 1.102
[20:10:56] 141.6, 126.5, 1.095
[20:10:57] 166.9, 126.4, 1.847
[20:10:58] 233.9, 126.3, 1.914
[20:10:59] 240.6, 126.4, 1.921
[20:11:00] 241.0, 126.3, 2.003
[20:11:01] 246.6, 126.3, 1.935
[20:11:02] 246.4, 126.3, 2.050
[20:11:03] 255.4, 126.3, 2.021
[20:11:04] 255.9, 126.3, 1.944
[20:11:05] 245.1, 126.3, 1.942
[20:11:06] 245.0, 126.3, 1.973
[20:11:07] 245.6, 126.3, 2.154
[20:11:08] 272.6, 126.3, 1.988
[20:11:09] 252.2, 126.4, 1.927
[20:11:10] 251.7, 126.3, 1.985
[20:11:11] 260.5, 126.4, 1.952
[20:11:12] 249.1, 126.4, 1.963
[20:11:13] 249.1, 126.4, 1.951
[20:11:14] 249.0, 126.3, 2.021
[20:11:15] 254.2, 126.5, 1.110
[20:11:16] 205.1, 126.5, 1.110
[20:11:17] 141.6, 126.5, 1.109
[20:11:18] 141.5, 126.5, 1.106
[20:11:19] 141.4, 126.5, 1.104
