<<<[20:11:22] 141.5, 126.4, 1.122
[20:11:23] 141.5, 126.5, 1.121
[20:11:24] 141.6, 126.5, 1.116
[20:11:25] 141.6, 126.5, 1.119
[20:11:26] 153.2, 126.3, 1.693
[20:11:27] 215.6, 126.4, 1.693
[20:11:28] 215.5, 126.4, 1.650
[20:11:29] 215.5, 126.4, 1.696
[20:11:30] 215.5, 126.4, 1.697
[20:11:31] 215.5, 126.3, 1.700
[20:11:32] 215.6, 126.4, 1.696
[20:11:33] 215.6, 126.5, 1.697
[20:11:34] 215.6, 126.5, 1.901
[20:11:35] 234.8, 126.4, 1.903
[20:11:36] 242.2, 126.4, 1.906
[20:11:37] 242.1, 126.4, 1.909
[20:11:38] 242.2, 126.4, 1.902
[20:11:39] 242.1, 126.4, 1.905
[20:11:40] 242.2, 126.3, 1.907
[20:11:41] 242.1, 126.4, 1.903
[20:11:42] 242.2, 126.3, 1.899
[20:11:43] 242.1, 126.4, 1.907
[20:11:44] 242.1, 126.4, 1.903
[20:11:45] 242.0, 126.4, 1.903
[20:11:46] 242.0, 126.4, 1.901
[20:11:47] 242.0, 126.4, 1.904
[20:11:48] 242.1, 126.4, 1.906
[20:11:49] 242.0, 126.4, 1.905
[20:11:50] 242.0, 126.4, 1.905
[20:11:51] 242.0, 126.3, 1.903
[20:11:52] 242.0, 126.3, 1.901
[20:11:53] 241.9, 126.4, 1.905
[20:11:54] 241.9, 126.4, 1.907
[20:11:55] 242.0, 126.4, 1.905
[20:11:56] 241.9, 126.3, 1.905
[20:11:57] 242.0, 126.4, 1.904
[20:11:58] 242.0, 126.4, 1.180
[20:11:59] 184.3, 126.5, 1.113
[20:12:00] 140.1, 126.5, 1.108
[20:12:01] 140.2, 126.5, 1.112
[20:12:02] 140.4, 126.5, 1.115
[20:12:03] 140.5, 126.4, 1.872
[20:12:04] 227.4, 126.4, 1.854
[20:12:05] 236.4, 126.4, 1.906
[20:12:06] 242.4, 126.4, 1.915
[20:12:07] 242.3, 126.4, 1.905
[20:12:08] 242.3, 126.4, 1.906
[20:12:09] 242.4, 126.4, 1.909
[20:12:10] 242.4, 126.4, 1.907
[20:12:11] 242.4, 126.4, 1.921
[20:12:12] 242.5, 126.4, 1.909
[20:12:13] 242.5, 126.4, 1.911
[20:12:14] 242.5, 126.4, 1.910
[20:12:15] 242.5, 126.4, 1.913
[20:12:16] 242.7, 126.3, 1.937
[20:12:17] 248.0, 126.4, 2.000
[20:12:18] 255.1, 126.4, 1.984
[20:12:19] 255.1, 126.4, 1.956
[20:12:20] 261.0, 126.4, 1.939
[20:12:21] 248.0, 126.4, 1.942
[20:12:22] 247.8, 126.4, 1.948
[20:12:23] 247.7, 126.4, 1.948
[20:12:24] 247.6, 126.4, 1.950
[20:12:25] 247.6, 126.4, 1.948
[20:12:26] 247.6, 126.4, 1.948
[20:12:27] 247.6, 126.5, 1.138
[20:12:28] 177.0, 126.5, 1.111
[20:12:29] 141.0, 126.5, 1.107
[20:12:30] 141.0, 126.5, 1.112
