<<<[20:04:21] 145.5, 126.5, 1.137
[20:04:22] 145.4, 126.5, 1.121
[20:04:23] 145.2, 126.5, 1.125
[20:04:24] 144.9, 126.4, 1.664
[20:04:25] 166.5, 126.4, 1.668
[20:04:26] 211.6, 126.4, 1.973
[20:04:27] 232.3, 126.4, 1.904
[20:04:28] 243.1, 126.5, 1.163
[20:04:29] 179.8, 126.5, 1.114
[20:04:30] 141.4, 126.5, 1.094
[20:04:31] 141.1, 126.5, 1.093
[20:04:32] 140.8, 126.5, 1.091
[20:04:33] 140.6, 126.4, 1.891
[20:04:34] 242.2, 126.4, 1.639
[20:04:35] 223.4, 126.5, 1.096
[20:04:36] 141.6, 126.5, 1.134
[20:04:37] 141.4, 126.5, 1.092
[20:04:38] 141.1, 126.4, 1.094
[20:04:39] 141.0, 126.3, 2.991
[20:04:40] 185.0, 126.4, 1.844
[20:04:41] 240.4, 126.4, 1.915
[20:04:42] 240.7, 126.4, 1.942
[20:04:43] 241.1, 126.5, 1.090
[20:04:44] 149.5, 126.5, 1.087
[20:04:45] 139.4, 126.5, 1.097
[20:04:46] 139.3, 126.5, 1.091
[20:04:47] 139.3, 126.5, 1.093
[20:04:48] 167.6, 126.4, 1.894
[20:04:49] 235.0, 126.4, 1.932
[20:04:50] 243.8, 126.3, 1.918
[20:04:51] 243.9, 126.4, 1.958
[20:04:52] 250.4, 126.4, 1.899
[20:04:53] 245.3, 126.3, 1.972
[20:04:54] 245.5, 126.5, 1.115
[20:04:55] 181.2, 126.5, 1.138
[20:04:56] 144.5, 126.5, 1.156
[20:04:57] 144.6, 126.5, 1.154
[20:04:58] 144.8, 126.5, 1.149
[20:04:59] 145.0, 126.4, 1.886
[20:05:00] 233.2, 126.4, 1.907
[20:05:01] 244.0, 126.4, 1.930
[20:05:02] 244.1, 126.4, 1.956
[20:05:03] 244.4, 126.4, 1.932
[20:05:04] 244.6, 126.3, 1.904
[20:05:05] 245.1, 126.3, 1.926
[20:05:06] 245.0, 126.4, 1.928
[20:05:07] 245.1, 126.3, 1.933
[20:05:08] 245.6, 126.3, 1.946
[20:05:09] 250.7, 126.3, 2.024
[20:05:10] 250.3, 126.3, 2.043
[20:05:11] 250.0, 126.4, 1.409
[20:05:12] 214.3, 126.4, 1.153
[20:05:13] 145.2, 126.4, 1.153
[20:05:14] 145.3, 126.4, 1.156
[20:05:15] 145.5, 126.4, 1.160
