<<<[20:07:54] 149.3, 126.5, 1.139
[20:07:55] 148.9, 126.4, 1.124
[20:07:56] 148.4, 126.4, 1.122
[20:07:57] 147.8, 126.3, 1.701
[20:07:58] 183.9, 126.3, 1.717
[20:07:59] 217.8, 126.3, 1.714
[20:08:00] 217.8, 126.4, 1.716
[20:08:01] 217.8, 126.3, 1.723
[20:08:02] 224.5, 126.3, 1.980
[20:08:03] 259.0, 126.3, 2.049
[20:08:04] 259.1, 126.2, 2.050
[20:08:05] 259.2, 126.3, 2.201
[20:08:06] 269.9, 126.3, 1.922
[20:08:07] 270.1, 126.3, 2.022
[20:08:08] 259.2, 126.3, 1.923
[20:08:09] 248.0, 126.4, 1.188
[20:08:10] 182.7, 126.4, 1.119
[20:08:11] 143.2, 126.4, 1.103
[20:08:12] 142.8, 126.3, 1.101
[20:08:13] 142.4, 126.4, 1.100
[20:08:14] 142.1, 126.3, 1.872
[20:08:15] 238.4, 126.2, 1.898
[20:08:16] 238.6, 126.3, 1.938
[20:08:17] 245.7, 126.3, 1.937
[20:08:18] 245.7, 126.3, 1.932
[20:08:19] 245.7, 126.3, 1.937
[20:08:20] 245.7, 126.3, 1.932
[20:08:21] 245.7, 126.4, 1.140
[20:08:22] 191.2, 126.4, 1.107
[20:08:23] 140.5, 126.5, 1.096
[20:08:24] 140.4, 126.4, 1.103
[20:08:25] 140.4, 126.4, 1.098
[20:08:26] 140.4, 126.3, 2.011
[20:08:27] 227.2, 126.3, 1.965
[20:08:28] 250.9, 126.3, 1.936
[20:08:29] 250.5, 126.3, 1.937
[20:08:30] 249.9, 126.3, 1.929
[20:08:31] 249.4, 126.3, 1.930
[20:08:32] 248.8, 126.3, 1.936
[20:08:33] 248.4, 126.3, 2.318
[20:08:34] 275.2, 126.3, 2.282
[20:08:35] 281.7, 126.3, 2.081
[20:08:36] 269.5, 126.4, 1.934
[20:08:37] 248.4, 126.4, 1.928
[20:08:38] 248.0, 126.3, 1.933
[20:08:39] 247.7, 126.3, 1.938
[20:08:40] 247.6, 126.3, 1.935
[20:08:41] 247.4, 126.4, 1.134
[20:08:42] 189.2, 126.5, 1.100
[20:08:43] 140.5, 126.4, 1.101
[20:08:44] 140.4, 126.5, 1.100
[20:08:45] 140.4, 126.4, 1.101
