<<<[20:05:18] 145.8, 126.4, 1.115
[20:05:19] 145.5, 126.4, 1.115
[20:05:20] 145.1, 126.4, 1.120
[20:05:21] 145.3, 126.4, 1.668
[20:05:22] 213.8, 126.4, 1.662
[20:05:23] 213.5, 126.4, 1.905
[20:05:24] 236.2, 126.3, 1.922
[20:05:25] 244.9, 126.3, 1.919
[20:05:26] 245.2, 126.4, 1.128
[20:05:27] 184.3, 126.4, 1.102
[20:05:28] 140.8, 126.5, 1.100
[20:05:29] 140.7, 126.5, 1.091
[20:05:30] 140.5, 126.4, 1.092
[20:05:31] 140.4, 126.3, 1.863
[20:05:32] 233.5, 126.3, 1.882
[20:05:33] 243.5, 126.3, 2.039
[20:05:34] 257.8, 126.4, 1.140
[20:05:35] 190.1, 126.5, 1.170
[20:05:36] 148.8, 126.4, 1.171
[20:05:37] 148.8, 126.4, 1.172
[20:05:38] 148.9, 126.4, 1.170
[20:05:39] 149.0, 126.4, 1.901
[20:05:40] 226.6, 126.3, 1.893
[20:05:41] 243.3, 126.3, 1.977
[20:05:42] 250.4, 126.3, 1.924
[20:05:43] 244.2, 126.3, 1.927
[20:05:44] 244.5, 126.3, 1.995
[20:05:45] 250.9, 126.4, 1.147
[20:05:46] 193.5, 126.4, 1.174
[20:05:47] 149.2, 126.4, 1.170
[20:05:48] 149.2, 126.5, 1.166
[20:05:49] 149.2, 126.5, 1.164
[20:05:50] 149.1, 126.4, 1.897
[20:05:51] 230.8, 126.4, 1.853
[20:05:52] 240.6, 126.4, 1.921
[20:05:53] 241.2, 126.4, 1.939
[20:05:54] 241.5, 126.4, 1.920
[20:05:55] 242.0, 126.4, 1.927
[20:05:56] 247.1, 126.4, 1.935
[20:05:57] 246.8, 126.4, 1.933
[20:05:58] 246.6, 126.4, 1.943
[20:05:59] 246.6, 126.4, 1.924
[20:06:00] 246.5, 126.4, 1.927
[20:06:01] 246.4, 126.4, 1.958
[20:06:02] 228.3, 126.4, 1.098
[20:06:03] 140.5, 126.4, 1.094
[20:06:04] 140.3, 126.4, 1.098
[20:06:05] 140.3, 126.5, 1.098
[20:06:06] 140.2, 126.5, 1.098
