<<<[13:10:31] 140.5, 124.9, 1.122
[13:10:32] 140.7, 124.8, 1.125
[13:10:33] 140.8, 124.9, 1.117
[13:10:34] 140.8, 124.9, 1.167
[13:10:35] 150.4, 124.8, 1.457
[13:10:36] 180.3, 124.9, 1.396
[13:10:37] 179.6, 124.8, 1.396
[13:10:38] 179.1, 124.8, 1.397
[13:10:39] 178.7, 124.7, 2.275
[13:10:40] 262.7, 124.7, 2.242
[13:10:41] 281.7, 124.7, 2.306
[13:10:42] 289.1, 124.6, 2.306
[13:10:43] 289.0, 124.7, 2.308
[13:10:44] 289.0, 124.6, 2.307
[13:10:45] 289.1, 124.6, 2.310
[13:10:46] 289.1, 124.6, 2.095
[13:10:47] 262.5, 124.6, 2.098
[13:10:48] 262.5, 124.6, 2.095
[13:10:49] 262.5, 124.7, 2.096
[13:10:50] 262.5, 124.6, 2.097
[13:10:51] 262.6, 124.7, 2.099
[13:10:52] 262.6, 124.7, 2.096
[13:10:53] 262.6, 124.7, 2.098
[13:10:54] 262.7, 124.6, 2.096
[13:10:55] 262.7, 124.7, 2.095
[13:10:56] 262.7, 124.7, 2.096
[13:10:57] 262.7, 124.7, 2.095
[13:10:58] 262.7, 124.7, 2.096
[13:10:59] 262.8, 124.8, 2.094
[13:11:00] 262.8, 124.7, 2.097
[13:11:01] 262.8, 124.8, 2.097
[13:11:02] 262.8, 124.8, 2.096
[13:11:03] 262.8, 124.7, 2.097
[13:11:04] 262.8, 124.7, 2.097
[13:11:05] 262.8, 124.8, 2.097
[13:11:06] 262.9, 124.8, 2.097
[13:11:07] 262.9, 124.8, 2.099
[13:11:08] 263.0, 124.8, 2.097
[13:11:09] 263.0, 124.8, 2.098
[13:11:10] 263.0, 124.8, 2.100
[13:11:11] 263.1, 124.8, 2.100
[13:11:12] 263.1, 124.8, 2.100
[13:11:13] 263.2, 124.8, 2.100
[13:11:14] 263.2, 124.8, 2.100
[13:11:15] 263.2, 124.9, 2.098
[13:11:16] 263.3, 124.9, 1.974
[13:11:17] 252.2, 124.9, 1.463
[13:11:18] 197.5, 124.9, 1.421
[13:11:19] 179.0, 124.9, 1.416
[13:11:20] 178.9, 124.9, 1.404
[13:11:21] 178.6, 124.9, 1.400
[13:11:22] 178.4, 124.9, 1.403
[13:11:23] 178.2, 124.8, 1.400
[13:11:24] 178.0, 124.9, 1.407
[13:11:25] 177.9, 124.9, 1.415
[13:11:26] 177.9, 124.9, 1.407
[13:11:27] 177.8, 124.9, 1.407
[13:11:28] 177.6, 124.8, 1.405
[13:11:29] 177.5, 124.9, 1.395
[13:11:30] 177.4, 124.8, 1.412
[13:11:31] 177.3, 124.8, 1.412
[13:11:32] 177.2, 124.9, 1.418
[13:11:33] 177.2, 124.9, 1.408
[13:11:34] 177.2, 124.9, 1.405
[13:11:35] 177.2, 124.9, 1.415
[13:11:36] 177.2, 124.9, 1.410
[13:11:37] 177.1, 124.9, 1.395
[13:11:38] 177.1, 124.9, 1.403
[13:11:39] 177.0, 124.9, 1.406
[13:11:40] 176.9, 124.9, 1.407
[13:11:41] 176.9, 124.8, 1.438
[13:11:42] 177.2, 124.8, 1.426
[13:11:43] 177.4, 124.9, 1.428
[13:11:44] 177.7, 124.8, 1.433
[13:11:45] 178.0, 124.9, 1.430
[13:11:46] 178.2, 124.9, 1.425
[13:11:47] 178.3, 124.8, 1.421
[13:11:48] 178.4, 124.8, 1.423
[13:11:49] 178.5, 124.9, 1.421
[13:11:50] 178.5, 124.9, 1.420
[13:11:51] 178.5, 124.8, 1.414
[13:11:52] 178.5, 124.8, 1.420
[13:11:53] 178.5, 124.9, 1.416
[13:11:54] 178.5, 124.8, 1.417
[13:11:55] 178.5, 124.8, 1.399
[13:11:56] 178.3, 124.8, 1.407
[13:11:57] 178.0, 124.9, 1.386
[13:11:58] 177.6, 124.8, 1.397
[13:11:59] 177.3, 124.8, 1.393
[13:12:00] 177.2, 124.8, 1.398
[13:12:01] 177.0, 124.8, 1.394
[13:12:02] 176.8, 124.7, 1.401
[13:12:03] 176.6, 124.8, 1.404
[13:12:04] 176.5, 124.8, 1.392
[13:12:05] 176.3, 124.8, 1.402
[13:12:06] 176.2, 124.8, 1.404
[13:12:07] 176.2, 124.8, 1.402
[13:12:08] 176.2, 124.9, 1.402
[13:12:09] 176.1, 124.7, 1.402
[13:12:10] 176.1, 124.9, 1.396
[13:12:11] 176.1, 124.8, 1.394
[13:12:12] 176.0, 124.9, 1.401
[13:12:13] 176.0, 124.8, 1.402
[13:12:14] 176.1, 124.9, 1.394
[13:12:15] 176.1, 124.8, 1.400
[13:12:16] 176.1, 124.8, 1.405
[13:12:17] 176.1, 124.8, 1.400
[13:12:18] 176.1, 124.8, 1.392
[13:12:19] 176.0, 124.8, 1.394
[13:12:20] 175.9, 124.9, 1.409
[13:12:21] 175.9, 124.9, 1.405
[13:12:22] 176.0, 124.9, 1.399
[13:12:23] 176.0, 124.9, 1.402
[13:12:24] 176.0, 124.9, 1.413
[13:12:25] 176.3, 124.8, 1.398
[13:12:26] 176.2, 124.9, 1.396
[13:12:27] 176.2, 124.8, 1.399
[13:12:28] 176.1, 124.9, 1.401
[13:12:29] 176.0, 124.9, 1.396
[13:12:30] 176.0, 124.9, 1.400
[13:12:31] 176.0, 124.9, 1.400
[13:12:32] 176.0, 124.9, 1.404
[13:12:33] 176.0, 124.8, 1.391
[13:12:34] 175.9, 124.9, 1.394
[13:12:35] 175.9, 124.9, 1.392
[13:12:36] 175.8, 124.9, 1.390
[13:12:37] 175.8, 124.9, 1.398
[13:12:38] 175.8, 124.9, 1.398
[13:12:39] 175.8, 124.9, 1.395
[13:12:40] 175.7, 124.9, 1.402
[13:12:41] 175.7, 124.9, 1.401
[13:12:42] 175.8, 124.9, 1.400
[13:12:43] 175.8, 124.9, 1.406
[13:12:44] 175.9, 124.8, 1.404
[13:12:45] 176.1, 124.8, 1.402
[13:12:46] 176.1, 124.8, 1.399
[13:12:47] 176.1, 124.9, 1.395
[13:12:48] 176.0, 124.8, 1.396
[13:12:49] 176.0, 124.8, 1.399
[13:12:50] 176.0, 124.8, 1.384
[13:12:51] 175.9, 124.9, 1.400
[13:12:52] 175.8, 124.8, 1.409
[13:12:53] 175.9, 124.9, 1.407
[13:12:54] 176.0, 124.9, 1.401
[13:12:55] 176.0, 124.8, 1.403
[13:12:56] 175.9, 124.8, 1.407
[13:12:57] 176.0, 124.8, 1.416
[13:12:58] 176.2, 124.8, 1.415
[13:12:59] 176.4, 124.8, 1.406
[13:13:00] 176.5, 124.8, 1.410
[13:13:01] 176.6, 124.9, 1.395
[13:13:02] 176.5, 124.9, 1.402
[13:13:03] 176.4, 124.8, 1.395
[13:13:04] 176.3, 124.8, 1.391
[13:13:05] 176.1, 124.8, 1.400
[13:13:06] 176.1, 124.8, 1.393
[13:13:07] 176.0, 124.8, 1.397
[13:13:08] 175.9, 124.8, 1.397
[13:13:09] 175.8, 124.8, 1.400
[13:13:10] 175.8, 124.8, 1.399
[13:13:11] 175.8, 124.8, 1.393
[13:13:12] 175.7, 124.8, 1.401
[13:13:13] 175.8, 124.8, 1.395
[13:13:14] 175.8, 124.9, 1.401
[13:13:15] 175.9, 124.8, 1.397
[13:13:16] 175.8, 124.8, 1.401
[13:13:17] 175.8, 124.8, 1.398
[13:13:18] 175.8, 124.9, 1.399
[13:13:19] 175.7, 124.9, 1.397
[13:13:20] 175.7, 124.9, 1.396
[13:13:21] 175.6, 124.9, 1.401
[13:13:22] 175.7, 124.9, 1.405
[13:13:23] 175.8, 124.9, 1.401
[13:13:24] 175.8, 124.8, 1.396
[13:13:25] 175.8, 124.8, 1.398
[13:13:26] 175.8, 124.8, 1.396
[13:13:27] 175.7, 124.8, 1.393
[13:13:28] 175.7, 124.8, 1.406
[13:13:29] 175.7, 124.8, 1.404
[13:13:30] 175.8, 124.8, 1.395
[13:13:31] 175.7, 124.8, 1.398
[13:13:32] 175.7, 124.8, 1.399
[13:13:33] 175.6, 124.8, 1.405
[13:13:34] 175.7, 124.8, 1.401
[13:13:35] 175.7, 124.8, 1.384
[13:13:36] 175.6, 124.7, 1.402
[13:13:37] 175.6, 124.8, 1.404
[13:13:38] 175.9, 124.8, 1.397
[13:13:39] 175.8, 124.8, 1.412
[13:13:40] 176.0, 124.7, 1.422
[13:13:41] 176.1, 124.8, 1.404
[13:13:42] 176.1, 124.8, 1.399
[13:13:43] 176.1, 124.7, 1.425
[13:13:44] 176.3, 124.8, 1.430
[13:13:45] 176.6, 124.8, 1.490
[13:13:46] 182.8, 124.8, 1.420
[13:13:47] 182.8, 124.8, 1.426
[13:13:48] 182.2, 124.8, 1.419
[13:13:49] 181.9, 124.8, 1.427
[13:13:50] 181.5, 124.8, 1.422
[13:13:51] 181.2, 124.8, 1.409
[13:13:52] 180.9, 124.9, 1.405
[13:13:53] 180.4, 124.9, 1.428
[13:13:54] 180.1, 124.9, 1.432
[13:13:55] 180.1, 124.9, 1.415
[13:13:56] 179.8, 124.9, 1.407
[13:13:57] 179.5, 124.9, 1.399
[13:13:58] 179.0, 124.9, 1.396
[13:13:59] 178.6, 124.9, 1.404
[13:14:00] 178.3, 124.9, 1.398
[13:14:01] 178.0, 124.8, 1.400
[13:14:02] 177.9, 124.8, 1.395
[13:14:03] 177.6, 124.9, 1.407
[13:14:04] 177.5, 124.9, 1.397
[13:14:05] 177.4, 124.8, 1.403
[13:14:06] 177.2, 124.9, 1.385
[13:14:07] 177.0, 124.8, 1.366
[13:14:08] 171.8, 124.9, 1.379
[13:14:09] 171.7, 124.9, 1.369
[13:14:10] 171.7, 124.9, 1.365
[13:14:11] 171.7, 124.8, 1.482
[13:14:12] 178.7, 124.6, 2.952
[13:14:13] 349.0, 124.7, 2.853
[13:14:14] 348.9, 124.6, 2.927
[13:14:15] 349.4, 124.6, 2.923
[13:14:16] 365.5, 124.5, 4.284
[13:14:17] 339.2, 124.6, 2.920
[13:14:18] 364.6, 124.7, 2.278
[13:14:19] 331.1, 124.6, 2.919
[13:14:20] 373.4, 124.6, 2.986
[13:14:21] 361.5, 124.6, 2.899
[13:14:22] 343.2, 124.5, 2.928
[13:14:23] 366.2, 124.6, 2.313
[13:14:24] 342.0, 124.5, 2.930
[13:14:25] 363.7, 124.7, 2.293
[13:14:26] 339.4, 124.6, 2.948
[13:14:27] 366.9, 124.6, 2.933
[13:14:28] 367.0, 124.6, 3.131
[13:14:29] 337.6, 124.6, 2.932
[13:14:30] 367.7, 124.7, 2.331
[13:14:31] 338.0, 124.7, 2.934
[13:14:32] 369.1, 124.7, 2.631
[13:14:33] 347.0, 124.6, 2.973
[13:14:34] 360.6, 124.6, 2.934
[13:14:35] 368.2, 124.6, 2.972
[13:14:36] 339.2, 124.6, 2.936
[13:14:37] 368.2, 124.7, 2.330
[13:14:38] 327.3, 124.6, 2.932
[13:14:39] 381.1, 124.6, 2.995
[13:14:40] 355.9, 124.6, 2.917
[13:14:41] 355.5, 124.7, 2.944
[13:14:42] 367.8, 124.6, 4.175
[13:14:43] 343.0, 124.7, 2.939
[13:14:44] 366.2, 124.8, 2.275
[13:14:45] 335.4, 124.7, 2.942
[13:14:46] 374.0, 124.7, 2.976
[13:14:47] 365.8, 124.7, 2.937
[13:14:48] 343.8, 124.7, 2.943
[13:14:49] 368.4, 124.8, 2.320
[13:14:50] 343.8, 124.7, 2.941
[13:14:51] 365.7, 124.7, 2.360
[13:14:52] 342.5, 124.6, 2.965
[13:14:53] 366.6, 124.6, 2.942
[13:14:54] 366.9, 124.6, 3.348
[13:14:55] 338.9, 124.6, 2.942
[13:14:56] 369.1, 124.7, 2.198
[13:14:57] 322.0, 124.8, 2.050
[13:14:58] 255.6, 124.9, 1.458
[13:14:59] 255.7, 124.7, 1.979
[13:15:00] 245.3, 124.8, 1.480
[13:15:01] 253.4, 124.7, 1.981
[13:15:02] 246.0, 124.8, 1.540
[13:15:03] 251.1, 124.7, 1.982
[13:15:04] 250.6, 124.9, 1.662
[13:15:05] 249.9, 124.8, 1.977
[13:15:06] 250.5, 124.9, 1.769
[13:15:07] 233.5, 124.8, 1.975
[13:15:08] 265.2, 124.8, 1.885
[13:15:09] 233.0, 124.8, 1.123
[13:15:10] 155.5, 124.9, 1.118
[13:15:11] 140.7, 124.9, 1.116
[13:15:12] 140.7, 124.9, 1.113
[13:15:13] 140.6, 124.9, 1.114
