<<<[12:54:06] 141.4, 125.1, 1.127
[12:54:07] 141.4, 125.1, 1.117
[12:54:08] 141.3, 125.1, 1.119
[12:54:09] 141.3, 125.1, 1.339
[12:54:10] 160.2, 125.0, 1.472
[12:54:11] 187.7, 125.0, 1.480
[12:54:12] 187.5, 125.1, 1.480
[12:54:13] 187.3, 125.0, 1.480
[12:54:14] 187.2, 124.9, 2.240
[12:54:15] 265.7, 125.0, 2.203
[12:54:16] 277.5, 124.9, 2.268
[12:54:17] 284.8, 124.9, 2.269
[12:54:18] 284.8, 124.8, 2.268
[12:54:19] 284.8, 124.9, 2.269
[12:54:20] 284.8, 124.9, 2.269
[12:54:21] 284.7, 124.9, 2.255
[12:54:22] 284.5, 124.9, 2.253
[12:54:23] 284.3, 125.0, 2.039
[12:54:24] 272.1, 125.0, 2.056
[12:54:25] 258.3, 125.0, 2.056
[12:54:26] 258.3, 124.9, 2.057
[12:54:27] 258.3, 124.9, 2.056
[12:54:28] 258.3, 125.0, 2.056
[12:54:29] 258.3, 124.9, 2.055
[12:54:30] 258.3, 124.9, 2.060
[12:54:31] 258.3, 124.9, 2.061
[12:54:32] 258.4, 124.9, 2.060
[12:54:33] 258.4, 124.9, 2.061
[12:54:34] 258.5, 124.9, 2.060
[12:54:35] 258.5, 125.0, 1.458
[12:54:36] 211.6, 125.0, 1.429
[12:54:37] 179.6, 125.1, 1.433
[12:54:38] 179.7, 125.0, 1.425
[12:54:39] 179.7, 125.0, 1.416
[12:54:40] 179.5, 125.0, 1.421
[12:54:41] 179.4, 125.0, 1.426
[12:54:42] 179.3, 125.1, 1.419
[12:54:43] 179.3, 125.1, 1.427
[12:54:44] 179.3, 125.1, 1.431
[12:54:45] 179.3, 125.0, 1.421
[12:54:46] 179.2, 125.1, 1.424
[12:54:47] 179.2, 125.1, 1.420
[12:54:48] 179.2, 125.1, 1.421
[12:54:49] 179.2, 125.1, 1.426
[12:54:50] 179.2, 125.1, 1.419
[12:54:51] 179.2, 125.1, 1.419
[12:54:52] 179.1, 125.0, 1.428
[12:54:53] 179.2, 125.1, 1.422
[12:54:54] 179.2, 125.0, 1.425
[12:54:55] 179.2, 125.0, 1.418
[12:54:56] 179.1, 125.1, 1.419
[12:54:57] 179.1, 125.0, 1.422
[12:54:58] 179.1, 125.1, 1.406
[12:54:59] 179.0, 125.1, 1.427
[12:55:00] 179.0, 125.1, 1.420
[12:55:01] 179.0, 125.1, 1.423
[12:55:02] 179.1, 125.1, 1.421
[12:55:03] 179.1, 125.1, 1.422
[12:55:04] 179.1, 125.1, 1.431
[12:55:05] 179.1, 125.0, 1.446
[12:55:06] 179.3, 125.0, 1.439
[12:55:07] 179.5, 125.1, 1.439
[12:55:08] 179.6, 125.1, 1.411
[12:55:09] 179.4, 125.1, 1.433
[12:55:10] 179.4, 125.1, 1.427
[12:55:11] 179.5, 125.1, 1.441
[12:55:12] 179.6, 125.1, 1.434
[12:55:13] 179.6, 125.1, 1.427
[12:55:14] 179.6, 125.1, 1.426
[12:55:15] 179.5, 125.1, 1.419
[12:55:16] 179.4, 125.1, 1.414
[12:55:17] 179.2, 125.0, 1.423
[12:55:18] 179.2, 125.1, 1.445
[12:55:19] 179.3, 125.1, 1.446
[12:55:20] 179.6, 125.0, 1.446
[12:55:21] 179.9, 125.0, 1.424
[12:55:22] 179.8, 125.0, 1.426
[12:55:23] 179.9, 125.0, 1.486
[12:55:24] 186.8, 125.0, 1.491
[12:55:25] 186.8, 125.0, 1.487
[12:55:26] 186.8, 125.0, 1.476
[12:55:27] 186.5, 125.0, 1.421
[12:55:28] 178.3, 125.0, 1.419
[12:55:29] 178.3, 125.1, 1.418
[12:55:30] 178.3, 125.1, 1.412
[12:55:31] 178.3, 125.0, 1.418
[12:55:32] 178.2, 125.1, 1.422
[12:55:33] 178.3, 125.0, 1.418
[12:55:34] 178.4, 125.0, 1.431
[12:55:35] 178.5, 125.0, 1.434
[12:55:36] 178.6, 125.0, 1.419
[12:55:37] 178.6, 125.1, 1.433
[12:55:38] 178.7, 125.0, 1.430
[12:55:39] 178.9, 125.0, 1.431
[12:55:40] 179.0, 125.0, 1.412
[12:55:41] 178.8, 125.0, 1.431
[12:55:42] 0.0, 125.0, 1.433
[12:55:43] 179.9, 125.0, 1.436
[12:55:44] 179.9, 125.0, 1.421
[12:55:45] 179.7, 125.1, 1.431
[12:55:46] 179.7, 125.1, 1.429
[12:55:47] 179.7, 125.1, 1.430
[12:55:48] 179.7, 125.1, 1.415
[12:55:49] 179.5, 125.1, 1.434
[12:55:50] 179.5, 125.1, 1.430
[12:55:51] 179.6, 125.0, 1.434
[12:55:52] 179.6, 125.1, 1.412
[12:55:53] 179.4, 125.1, 1.436
[12:55:54] 179.5, 125.1, 1.412
[12:55:55] 179.4, 125.1, 1.430
[12:55:56] 179.4, 125.2, 1.413
[12:55:57] 179.4, 125.1, 1.421
[12:55:58] 179.3, 125.1, 1.413
[12:55:59] 179.1, 125.1, 1.416
[12:56:00] 179.0, 125.1, 1.412
[12:56:01] 178.8, 125.1, 1.422
[12:56:02] 178.8, 125.1, 1.426
[12:56:03] 178.8, 125.1, 1.413
[12:56:04] 178.7, 125.1, 1.414
[12:56:05] 178.6, 125.1, 1.414
[12:56:06] 178.5, 125.0, 1.415
[12:56:07] 178.4, 125.1, 1.418
[12:56:08] 178.4, 125.1, 1.420
[12:56:09] 178.5, 125.1, 1.430
[12:56:10] 178.6, 125.1, 1.420
[12:56:11] 178.7, 125.1, 1.423
[12:56:12] 178.7, 125.1, 1.440
[12:56:13] 178.9, 125.1, 1.435
[12:56:14] 179.0, 125.1, 1.430
[12:56:15] 179.2, 125.1, 1.422
[12:56:16] 179.2, 125.1, 1.422
[12:56:17] 179.1, 125.1, 1.425
[12:56:18] 179.2, 125.0, 1.425
[12:56:19] 179.2, 125.1, 1.427
[12:56:20] 179.2, 124.9, 1.424
[12:56:21] 179.2, 124.9, 1.431
[12:56:22] 179.2, 125.0, 1.423
[12:56:23] 179.3, 125.0, 1.425
[12:56:24] 179.2, 125.1, 1.426
[12:56:25] 179.3, 125.1, 1.435
[12:56:26] 179.2, 125.1, 1.420
[12:56:27] 179.2, 125.1, 1.424
[12:56:28] 179.2, 125.2, 1.424
[12:56:29] 179.1, 125.2, 1.420
[12:56:30] 179.1, 125.2, 1.418
[12:56:31] 179.1, 125.2, 1.417
[12:56:32] 179.0, 125.1, 1.425
[12:56:33] 179.1, 125.2, 1.419
[12:56:34] 179.1, 125.1, 1.422
[12:56:35] 179.1, 125.2, 1.420
[12:56:36] 179.2, 125.1, 1.495
[12:56:37] 186.5, 125.2, 1.425
[12:56:38] 178.7, 125.1, 1.413
[12:56:39] 178.7, 125.1, 1.420
[12:56:40] 178.6, 125.1, 1.416
[12:56:41] 178.6, 125.1, 1.424
[12:56:42] 178.6, 125.1, 1.426
[12:56:43] 178.7, 125.1, 1.425
[12:56:44] 178.7, 125.1, 1.428
[12:56:45] 178.7, 125.1, 1.423
[12:56:46] 178.7, 125.1, 1.422
[12:56:47] 178.7, 125.1, 1.429
[12:56:48] 178.9, 125.1, 1.421
[12:56:49] 178.8, 125.0, 1.416
[12:56:50] 178.7, 125.0, 1.414
[12:56:51] 178.7, 125.0, 1.418
[12:56:52] 178.6, 124.9, 1.412
[12:56:53] 178.6, 125.0, 1.419
[12:56:54] 178.6, 125.0, 1.416
[12:56:55] 178.5, 125.0, 1.417
[12:56:56] 178.4, 125.0, 1.421
[12:56:57] 178.4, 125.0, 1.365
[12:56:58] 178.0, 124.8, 2.397
[12:56:59] 210.9, 124.7, 2.551
[12:57:00] 306.7, 124.8, 2.211
[12:57:01] 353.5, 124.9, 2.421
[12:57:02] 348.3, 124.8, 2.762
[12:57:03] 348.1, 124.8, 2.901
[12:57:04] 361.5, 124.8, 2.895
[12:57:05] 361.5, 124.9, 2.903
[12:57:06] 356.3, 124.9, 2.934
[12:57:07] 355.9, 124.8, 2.937
[12:57:08] 355.7, 124.8, 2.871
[12:57:09] 355.6, 124.8, 2.860
[12:57:10] 355.4, 124.8, 3.029
[12:57:11] 355.1, 124.8, 3.404
[12:57:12] 355.0, 124.7, 3.746
[12:57:13] 355.0, 124.9, 2.208
[12:57:14] 355.2, 124.9, 2.257
[12:57:15] 355.0, 124.9, 2.554
[12:57:16] 340.9, 124.9, 2.870
[12:57:17] 359.1, 124.8, 2.904
[12:57:18] 359.5, 124.8, 2.904
[12:57:19] 359.7, 124.8, 2.927
[12:57:20] 359.1, 124.8, 2.944
[12:57:21] 351.4, 125.0, 1.964
[12:57:22] 251.1, 124.9, 2.026
[12:57:23] 250.6, 125.0, 2.022
[12:57:24] 244.0, 124.9, 2.028
[12:57:25] 243.8, 124.9, 1.943
[12:57:26] 243.2, 125.0, 1.117
[12:57:27] 148.3, 125.0, 1.112
[12:57:28] 140.8, 125.1, 1.111
[12:57:29] 140.7, 125.1, 1.112
[12:57:30] 140.6, 125.0, 1.114
