<<<[13:01:38] 140.3, 125.0, 1.124
[13:01:39] 140.4, 125.0, 1.122
[13:01:40] 140.4, 125.0, 1.128
[13:01:41] 140.6, 124.8, 1.476
[13:01:42] 165.5, 124.9, 1.474
[13:01:43] 186.5, 125.0, 1.474
[13:01:44] 186.3, 125.0, 1.472
[13:01:45] 186.2, 124.9, 1.474
[13:01:46] 186.1, 124.9, 2.206
[13:01:47] 277.1, 124.8, 2.224
[13:01:48] 277.1, 124.9, 2.262
[13:01:49] 283.5, 124.8, 2.263
[13:01:50] 283.5, 124.8, 2.261
[13:01:51] 283.5, 124.8, 2.262
[13:01:52] 283.5, 124.8, 2.253
[13:01:53] 283.5, 124.8, 2.244
[13:01:54] 283.2, 124.8, 2.243
[13:01:55] 283.0, 124.8, 2.056
[13:01:56] 267.9, 124.9, 2.050
[13:01:57] 257.2, 124.9, 2.050
[13:01:58] 257.2, 124.9, 2.051
[13:01:59] 257.2, 124.9, 2.051
[13:02:00] 257.2, 124.9, 2.052
[13:02:01] 257.3, 125.0, 2.050
[13:02:02] 257.3, 124.9, 2.050
[13:02:03] 257.3, 125.0, 2.052
[13:02:04] 257.4, 124.9, 2.054
[13:02:05] 257.4, 124.9, 2.053
[13:02:06] 257.5, 124.9, 2.054
[13:02:07] 257.5, 125.0, 1.499
[13:02:08] 197.3, 125.0, 1.412
[13:02:09] 178.3, 125.0, 1.424
[13:02:10] 178.3, 125.0, 1.414
[13:02:11] 178.2, 125.0, 1.410
[13:02:12] 178.2, 125.0, 1.412
[13:02:13] 178.1, 124.9, 1.409
[13:02:14] 178.1, 124.9, 1.411
[13:02:15] 178.0, 124.9, 1.411
[13:02:16] 178.0, 124.9, 1.415
[13:02:17] 177.9, 124.9, 1.414
[13:02:18] 178.0, 125.0, 1.411
[13:02:19] 178.0, 124.9, 1.408
[13:02:20] 177.9, 125.0, 1.415
[13:02:21] 177.9, 124.9, 1.422
[13:02:22] 177.9, 124.9, 1.415
[13:02:23] 177.9, 125.0, 1.421
[13:02:24] 178.0, 125.0, 1.404
[13:02:25] 177.8, 124.9, 1.419
[13:02:26] 177.8, 124.9, 1.410
[13:02:27] 177.7, 124.9, 1.408
[13:02:28] 177.8, 124.9, 1.418
[13:02:29] 177.7, 124.9, 1.416
[13:02:30] 177.8, 124.9, 1.417
[13:02:31] 177.7, 125.0, 1.413
[13:02:32] 177.8, 125.0, 1.416
[13:02:33] 177.8, 124.9, 1.428
[13:02:34] 178.0, 125.0, 1.428
[13:02:35] 178.1, 125.0, 1.422
[13:02:36] 178.2, 125.0, 1.418
[13:02:37] 178.2, 125.0, 1.428
[13:02:38] 178.4, 125.0, 1.424
[13:02:39] 178.5, 125.0, 1.406
[13:02:40] 178.5, 124.9, 1.409
[13:02:41] 178.4, 125.0, 1.418
[13:02:42] 178.3, 125.0, 1.403
[13:02:43] 178.2, 125.0, 1.415
[13:02:44] 178.1, 125.0, 1.407
[13:02:45] 178.1, 124.9, 1.405
[13:02:46] 178.0, 125.0, 1.410
[13:02:47] 177.8, 125.0, 1.408
[13:02:48] 177.7, 125.0, 1.404
[13:02:49] 177.6, 125.0, 1.403
[13:02:50] 177.4, 125.0, 1.397
[13:02:51] 177.3, 125.0, 1.411
[13:02:52] 177.2, 125.1, 1.413
[13:02:53] 177.3, 125.1, 1.411
[13:02:54] 177.4, 125.1, 1.406
[13:02:55] 177.3, 125.0, 1.401
[13:02:56] 177.2, 125.0, 1.398
[13:02:57] 177.0, 125.1, 1.405
[13:02:58] 176.9, 125.1, 1.402
[13:02:59] 176.8, 125.0, 1.401
[13:03:00] 176.8, 124.9, 1.405
[13:03:01] 176.7, 125.0, 1.407
[13:03:02] 176.8, 125.1, 1.412
[13:03:03] 176.9, 125.1, 1.403
[13:03:04] 176.9, 125.1, 1.402
[13:03:05] 176.8, 125.1, 1.408
[13:03:06] 176.9, 125.1, 1.409
[13:03:07] 176.9, 125.0, 1.412
[13:03:08] 176.9, 125.0, 1.404
[13:03:09] 176.8, 125.0, 1.413
[13:03:10] 176.9, 125.0, 1.410
[13:03:11] 176.8, 125.0, 1.405
[13:03:12] 176.8, 125.0, 1.403
[13:03:13] 176.7, 125.0, 1.399
[13:03:14] 176.6, 125.0, 1.396
[13:03:15] 176.6, 125.1, 1.393
[13:03:16] 176.5, 125.1, 1.395
[13:03:17] 176.3, 125.0, 1.397
[13:03:18] 176.3, 125.0, 1.397
[13:03:19] 176.1, 125.0, 1.398
[13:03:20] 176.0, 125.1, 1.397
[13:03:21] 175.9, 125.1, 1.415
[13:03:22] 176.1, 125.1, 1.410
[13:03:23] 176.2, 125.1, 1.418
[13:03:24] 176.5, 125.1, 1.413
[13:03:25] 176.6, 125.1, 1.394
[13:03:26] 176.6, 125.1, 1.395
[13:03:27] 176.4, 125.1, 1.386
[13:03:28] 176.3, 125.2, 1.387
[13:03:29] 176.1, 125.2, 1.392
[13:03:30] 176.0, 125.2, 1.404
[13:03:31] 175.9, 125.2, 1.391
[13:03:32] 175.9, 125.1, 1.405
[13:03:33] 175.9, 125.1, 1.400
[13:03:34] 175.9, 125.2, 1.396
[13:03:35] 175.9, 125.1, 1.394
[13:03:36] 175.9, 125.1, 1.391
[13:03:37] 175.7, 125.1, 1.394
[13:03:38] 175.7, 125.1, 1.400
[13:03:39] 175.8, 125.1, 1.389
[13:03:40] 175.8, 125.1, 1.393
[13:03:41] 175.8, 125.1, 1.405
[13:03:42] 175.9, 125.1, 1.408
[13:03:43] 176.0, 125.1, 1.415
[13:03:44] 176.2, 125.1, 1.400
[13:03:45] 176.2, 125.1, 1.399
[13:03:46] 176.2, 125.1, 1.397
[13:03:47] 176.1, 125.1, 1.402
[13:03:48] 176.2, 125.1, 1.398
[13:03:49] 176.0, 125.0, 1.398
[13:03:50] 176.0, 125.0, 1.396
[13:03:51] 175.9, 125.1, 1.402
[13:03:52] 176.0, 125.1, 1.395
[13:03:53] 176.0, 125.1, 1.394
[13:03:54] 175.9, 125.1, 1.397
[13:03:55] 175.8, 125.1, 1.399
[13:03:56] 175.8, 125.1, 1.395
[13:03:57] 175.7, 125.1, 1.408
[13:03:58] 175.9, 125.1, 1.410
[13:03:59] 176.0, 125.1, 1.405
[13:04:00] 176.2, 125.1, 1.407
[13:04:01] 176.3, 125.1, 1.413
[13:04:02] 176.4, 125.0, 1.413
[13:04:03] 176.6, 125.0, 1.408
[13:04:04] 176.7, 125.1, 1.407
[13:04:05] 176.7, 125.0, 1.409
[13:04:06] 176.8, 125.0, 1.411
[13:04:07] 176.9, 125.0, 1.411
[13:04:08] 176.9, 125.1, 1.408
[13:04:09] 176.9, 125.1, 1.412
[13:04:10] 177.0, 125.1, 1.396
[13:04:11] 176.9, 125.1, 1.390
[13:04:12] 176.7, 125.1, 1.396
[13:04:13] 176.5, 125.1, 1.395
[13:04:14] 176.5, 125.1, 1.395
[13:04:15] 176.3, 125.1, 1.390
[13:04:16] 176.2, 125.1, 1.392
[13:04:17] 176.0, 125.1, 1.389
[13:04:18] 176.0, 125.1, 1.391
[13:04:19] 175.9, 125.1, 1.393
[13:04:20] 175.8, 125.1, 1.404
[13:04:21] 175.8, 125.1, 1.399
[13:04:22] 175.9, 125.1, 1.403
[13:04:23] 176.0, 125.1, 1.400
[13:04:24] 176.1, 125.1, 1.394
[13:04:25] 176.0, 125.1, 1.395
[13:04:26] 176.0, 125.1, 1.393
[13:04:27] 175.9, 125.1, 1.393
[13:04:28] 175.8, 125.1, 1.400
[13:04:29] 175.8, 125.1, 1.404
[13:04:30] 175.9, 125.1, 1.397
[13:04:31] 176.0, 125.1, 1.401
[13:04:32] 176.1, 125.0, 1.408
[13:04:33] 176.2, 125.1, 1.392
[13:04:34] 176.2, 125.1, 1.396
[13:04:35] 176.1, 125.1, 1.392
[13:04:36] 176.1, 125.1, 1.395
[13:04:37] 176.0, 125.1, 1.400
[13:04:38] 176.0, 125.1, 1.395
[13:04:39] 175.9, 125.1, 1.395
[13:04:40] 175.8, 125.1, 1.398
[13:04:41] 175.8, 125.1, 1.408
[13:04:42] 176.0, 125.1, 1.402
[13:04:43] 176.1, 125.1, 1.402
[13:04:44] 176.2, 125.1, 1.398
[13:04:45] 176.2, 125.0, 1.395
[13:04:46] 176.2, 125.1, 1.389
[13:04:47] 176.0, 125.1, 1.388
[13:04:48] 175.8, 125.1, 1.389
[13:04:49] 175.7, 125.0, 1.400
[13:04:50] 175.7, 125.0, 1.397
[13:04:51] 175.6, 125.0, 1.409
[13:04:52] 175.7, 125.0, 1.411
[13:04:53] 175.9, 125.1, 1.409
[13:04:54] 176.0, 125.0, 1.408
[13:04:55] 176.1, 125.0, 1.407
[13:04:56] 176.2, 125.0, 1.421
[13:04:57] 176.4, 125.0, 1.411
[13:04:58] 176.6, 125.1, 1.416
[13:04:59] 176.7, 125.0, 1.409
[13:05:00] 176.9, 125.0, 1.413
[13:05:01] 177.0, 125.0, 1.424
[13:05:02] 177.1, 125.0, 1.417
[13:05:03] 177.3, 125.1, 1.419
[13:05:04] 177.4, 125.1, 1.387
[13:05:05] 177.1, 125.1, 1.474
[13:05:06] 177.1, 124.9, 2.863
[13:05:07] 352.8, 124.9, 2.308
[13:05:08] 347.7, 124.9, 2.869
[13:05:09] 357.0, 124.8, 3.497
[13:05:10] 343.9, 124.9, 2.868
[13:05:11] 360.4, 124.9, 2.855
[13:05:12] 346.1, 125.0, 2.623
[13:05:13] 339.1, 124.9, 2.877
[13:05:14] 365.8, 125.0, 2.251
[13:05:15] 346.5, 124.9, 2.873
[13:05:16] 359.1, 124.8, 3.926
[13:05:17] 345.8, 124.8, 2.875
[13:05:18] 360.4, 124.8, 2.841
[13:05:19] 345.9, 124.8, 2.806
[13:05:20] 345.6, 124.8, 2.901
[13:05:21] 363.1, 124.9, 2.206
[13:05:22] 334.0, 124.7, 2.877
[13:05:23] 372.7, 124.7, 4.264
[13:05:24] 347.6, 124.7, 2.884
[13:05:25] 360.1, 124.7, 2.888
[13:05:26] 346.5, 124.8, 2.884
[13:05:27] 346.8, 124.7, 2.921
[13:05:28] 359.0, 124.9, 1.606
[13:05:29] 306.7, 124.8, 1.941
[13:05:30] 240.8, 124.9, 1.971
[13:05:31] 246.4, 125.0, 1.472
[13:05:32] 246.8, 124.9, 1.938
[13:05:33] 239.5, 125.0, 1.942
[13:05:34] 247.1, 125.0, 1.664
[13:05:35] 247.2, 125.0, 1.933
[13:05:36] 241.3, 125.0, 1.915
[13:05:37] 247.1, 124.9, 1.861
[13:05:38] 230.3, 125.0, 1.930
[13:05:39] 259.4, 125.0, 2.007
[13:05:40] 246.9, 124.9, 1.936
[13:05:41] 233.9, 125.0, 1.927
[13:05:42] 256.3, 125.0, 2.317
[13:05:43] 246.7, 125.0, 1.933
[13:05:44] 240.4, 125.0, 1.935
[13:05:45] 252.7, 124.9, 2.671
[13:05:46] 247.3, 125.0, 1.938
[13:05:47] 246.7, 125.1, 1.120
[13:05:48] 156.2, 125.1, 1.102
[13:05:49] 139.0, 125.1, 1.114
[13:05:50] 139.1, 125.1, 1.110
[13:05:51] 139.2, 125.1, 1.110
