<<<[13:15:17] 140.7, 124.8, 1.119
[13:15:18] 140.7, 124.9, 1.118
[13:15:19] 140.8, 124.9, 1.124
[13:15:20] 140.9, 124.9, 1.172
[13:15:21] 141.5, 124.9, 1.427
[13:15:22] 178.9, 124.9, 1.402
[13:15:23] 178.6, 124.9, 1.397
[13:15:24] 178.2, 124.9, 1.393
[13:15:25] 177.9, 124.8, 2.229
[13:15:26] 245.8, 124.8, 2.245
[13:15:27] 281.9, 124.8, 2.308
[13:15:28] 289.3, 124.8, 2.310
[13:15:29] 289.3, 124.8, 2.314
[13:15:30] 289.4, 124.8, 2.313
[13:15:31] 289.5, 124.8, 2.316
[13:15:32] 289.6, 124.8, 2.314
[13:15:33] 289.6, 124.8, 2.314
[13:15:34] 289.7, 124.8, 2.313
[13:15:35] 289.4, 124.8, 2.101
[13:15:36] 263.2, 124.8, 2.100
[13:15:37] 263.2, 124.8, 2.101
[13:15:38] 263.3, 124.8, 2.100
[13:15:39] 263.3, 124.8, 2.103
[13:15:40] 263.4, 124.9, 2.101
[13:15:41] 263.4, 124.8, 2.102
[13:15:42] 263.5, 124.8, 2.103
[13:15:43] 263.5, 124.9, 2.103
[13:15:44] 263.6, 124.8, 2.101
[13:15:45] 263.6, 124.9, 2.101
[13:15:46] 263.6, 124.8, 2.101
[13:15:47] 263.7, 124.8, 2.102
[13:15:48] 263.7, 124.8, 2.102
[13:15:49] 263.7, 124.8, 2.102
[13:15:50] 263.7, 124.8, 2.106
[13:15:51] 263.8, 124.7, 2.106
[13:15:52] 263.8, 124.8, 2.109
[13:15:53] 263.9, 124.7, 2.108
[13:15:54] 263.9, 124.8, 2.106
[13:15:55] 264.0, 124.8, 2.108
[13:15:56] 264.1, 124.8, 2.108
[13:15:57] 264.1, 124.7, 2.107
[13:15:58] 264.1, 124.8, 2.108
[13:15:59] 264.2, 124.8, 2.107
[13:16:00] 264.2, 124.8, 2.106
[13:16:01] 264.3, 124.8, 2.107
[13:16:02] 264.3, 124.7, 2.109
[13:16:03] 264.0, 124.9, 1.551
[13:16:04] 200.9, 124.8, 1.428
[13:16:05] 179.9, 124.8, 1.403
[13:16:06] 179.7, 124.8, 1.421
[13:16:07] 179.6, 124.8, 1.427
[13:16:08] 179.5, 124.9, 1.412
[13:16:09] 179.5, 124.9, 1.424
[13:16:10] 179.4, 124.9, 1.422
[13:16:11] 179.4, 124.9, 1.417
[13:16:12] 179.4, 124.9, 1.426
[13:16:13] 179.3, 124.9, 1.403
[13:16:14] 179.1, 124.9, 1.426
[13:16:15] 179.2, 125.0, 1.423
[13:16:16] 179.2, 124.9, 1.417
[13:16:17] 179.1, 125.0, 1.426
[13:16:18] 179.1, 125.0, 1.417
[13:16:19] 179.0, 125.0, 1.422
[13:16:20] 179.1, 125.0, 1.419
[13:16:21] 179.0, 124.9, 1.398
[13:16:22] 178.8, 124.9, 1.425
[13:16:23] 178.9, 124.8, 1.425
[13:16:24] 178.9, 124.9, 1.420
[13:16:25] 178.9, 124.9, 1.428
[13:16:26] 179.0, 124.9, 1.429
[13:16:27] 179.0, 124.9, 1.418
[13:16:28] 179.0, 124.9, 1.418
[13:16:29] 179.0, 124.9, 1.400
[13:16:30] 178.7, 124.9, 1.418
[13:16:31] 178.7, 124.9, 1.395
[13:16:32] 178.5, 124.9, 1.420
[13:16:33] 178.5, 124.9, 1.421
[13:16:34] 178.6, 124.9, 1.422
[13:16:35] 178.7, 124.9, 1.485
[13:16:36] 179.3, 124.9, 1.496
[13:16:37] 187.4, 124.9, 1.472
[13:16:38] 187.2, 124.9, 1.486
[13:16:39] 187.4, 124.9, 1.421
[13:16:40] 181.6, 124.9, 1.414
[13:16:41] 181.1, 124.8, 1.418
[13:16:42] 180.8, 124.9, 1.399
[13:16:43] 180.3, 124.9, 1.403
[13:16:44] 179.8, 124.9, 1.397
[13:16:45] 179.4, 124.9, 1.413
[13:16:46] 179.3, 124.9, 1.409
[13:16:47] 179.0, 124.9, 1.396
[13:16:48] 178.7, 124.9, 1.398
[13:16:49] 178.5, 125.0, 1.406
[13:16:50] 178.2, 124.9, 1.423
[13:16:51] 178.1, 124.9, 1.417
[13:16:52] 178.1, 124.9, 1.406
[13:16:53] 178.0, 124.9, 1.411
[13:16:54] 177.9, 124.9, 1.416
[13:16:55] 178.1, 124.9, 1.430
[13:16:56] 178.2, 124.9, 1.421
[13:16:57] 178.3, 124.9, 1.414
[13:16:58] 178.4, 124.9, 1.420
[13:16:59] 178.4, 124.9, 1.410
[13:17:00] 178.5, 124.9, 1.416
[13:17:01] 178.5, 124.9, 1.422
[13:17:02] 178.5, 124.8, 1.416
[13:17:03] 178.6, 124.9, 1.429
[13:17:04] 179.0, 124.9, 1.467
[13:17:05] 179.4, 124.9, 1.451
[13:17:06] 179.9, 124.9, 1.470
[13:17:07] 180.5, 124.9, 1.467
[13:17:08] 181.1, 124.9, 1.466
[13:17:09] 181.6, 124.9, 1.473
[13:17:10] 182.0, 124.9, 1.468
[13:17:11] 182.3, 124.9, 1.447
[13:17:12] 182.4, 124.9, 1.439
[13:17:13] 182.4, 124.9, 1.435
[13:17:14] 182.3, 124.9, 1.436
[13:17:15] 182.1, 124.9, 1.434
[13:17:16] 182.0, 125.0, 1.429
[13:17:17] 181.9, 124.9, 1.428
[13:17:18] 181.7, 125.0, 1.424
[13:17:19] 181.3, 125.0, 1.419
[13:17:20] 181.0, 125.0, 1.423
[13:17:21] 180.8, 125.0, 1.425
[13:17:22] 180.7, 125.0, 1.421
[13:17:23] 180.6, 125.0, 1.430
[13:17:24] 180.5, 124.9, 1.425
[13:17:25] 180.3, 124.9, 1.424
[13:17:26] 180.2, 124.9, 1.427
[13:17:27] 179.9, 124.9, 1.422
[13:17:28] 179.8, 124.9, 1.414
[13:17:29] 179.7, 124.9, 1.426
[13:17:30] 179.6, 124.9, 1.421
[13:17:31] 179.5, 124.9, 1.423
[13:17:32] 179.5, 124.9, 1.423
[13:17:33] 179.5, 124.8, 1.418
[13:17:34] 179.5, 124.9, 1.420
[13:17:35] 179.2, 124.9, 1.413
[13:17:36] 179.2, 124.9, 1.413
[13:17:37] 179.1, 124.9, 1.419
[13:17:38] 179.1, 124.9, 1.413
[13:17:39] 179.0, 124.9, 1.422
[13:17:40] 179.0, 124.9, 1.416
[13:17:41] 178.9, 124.9, 1.415
[13:17:42] 178.8, 124.9, 1.420
[13:17:43] 178.7, 124.9, 1.415
[13:17:44] 178.6, 124.9, 1.411
[13:17:45] 178.6, 124.9, 1.421
[13:17:46] 178.6, 124.9, 1.414
[13:17:47] 178.6, 124.9, 1.412
[13:17:48] 178.6, 124.9, 1.415
[13:17:49] 178.6, 124.9, 1.409
[13:17:50] 178.5, 124.9, 1.409
[13:17:51] 178.3, 124.9, 1.422
[13:17:52] 178.3, 124.9, 1.419
[13:17:53] 178.3, 125.0, 1.419
[13:17:54] 178.4, 124.9, 1.417
[13:17:55] 178.4, 124.9, 1.383
[13:17:56] 178.1, 124.9, 1.380
[13:17:57] 177.6, 124.8, 1.391
[13:17:58] 177.2, 124.9, 1.410
[13:17:59] 177.2, 124.9, 1.416
[13:18:00] 177.3, 124.9, 1.409
[13:18:01] 177.4, 124.9, 1.417
[13:18:02] 177.6, 124.8, 1.416
[13:18:03] 177.6, 124.9, 1.415
[13:18:04] 177.8, 124.8, 1.412
[13:18:05] 177.8, 124.9, 1.416
[13:18:06] 177.9, 124.9, 1.407
[13:18:07] 177.7, 124.9, 1.423
[13:18:08] 177.7, 124.8, 1.411
[13:18:09] 177.7, 124.9, 1.410
[13:18:10] 177.8, 124.9, 1.413
[13:18:11] 177.8, 124.9, 1.409
[13:18:12] 177.8, 124.9, 1.411
[13:18:13] 177.9, 124.9, 1.410
[13:18:14] 177.8, 124.8, 1.408
[13:18:15] 177.8, 124.9, 1.426
[13:18:16] 178.0, 124.8, 1.418
[13:18:17] 178.1, 124.9, 1.408
[13:18:18] 178.2, 124.8, 1.408
[13:18:19] 178.1, 124.9, 1.394
[13:18:20] 177.8, 124.9, 1.395
[13:18:21] 177.6, 124.9, 1.408
[13:18:22] 177.4, 124.9, 1.392
[13:18:23] 177.3, 124.9, 1.408
[13:18:24] 177.2, 124.9, 1.399
[13:18:25] 177.1, 124.9, 1.400
[13:18:26] 177.1, 124.9, 1.389
[13:18:27] 177.0, 125.0, 1.396
[13:18:28] 176.8, 125.0, 1.399
[13:18:29] 176.7, 125.0, 1.401
[13:18:30] 176.7, 125.0, 1.396
[13:18:31] 176.6, 125.0, 1.422
[13:18:32] 177.0, 125.0, 1.403
[13:18:33] 176.9, 125.0, 1.407
[13:18:34] 176.9, 125.0, 1.422
[13:18:35] 177.0, 124.9, 1.412
[13:18:36] 177.3, 124.9, 1.414
[13:18:37] 177.4, 124.9, 1.409
[13:18:38] 177.5, 124.9, 1.416
[13:18:39] 177.6, 124.9, 1.401
[13:18:40] 177.4, 124.9, 1.395
[13:18:41] 177.2, 124.9, 1.411
[13:18:42] 177.3, 124.9, 1.436
[13:18:43] 177.5, 124.9, 1.420
[13:18:44] 177.8, 124.9, 1.427
[13:18:45] 178.0, 124.9, 1.426
[13:18:46] 178.2, 124.9, 1.421
[13:18:47] 178.3, 124.9, 1.397
[13:18:48] 178.1, 124.9, 1.399
[13:18:49] 177.9, 124.8, 1.410
[13:18:50] 177.6, 124.9, 1.398
[13:18:51] 177.4, 124.9, 1.382
[13:18:52] 177.1, 124.9, 1.378
[13:18:53] 176.6, 124.9, 1.401
[13:18:54] 176.3, 124.9, 1.375
[13:18:55] 175.9, 124.8, 1.371
[13:18:56] 175.8, 124.9, 1.382
[13:18:57] 175.6, 124.5, 3.535
[13:18:58] 270.8, 124.5, 2.889
[13:18:59] 362.0, 124.7, 2.812
[13:19:00] 349.0, 124.7, 2.849
[13:19:01] 348.4, 124.7, 2.891
[13:19:02] 361.9, 124.8, 2.489
[13:19:03] 345.2, 124.7, 2.892
[13:19:04] 351.4, 124.6, 2.897
[13:19:05] 362.6, 124.8, 2.290
[13:19:06] 340.1, 124.6, 2.927
[13:19:07] 356.8, 124.6, 2.894
[13:19:08] 363.5, 124.8, 2.271
[13:19:09] 334.5, 124.7, 2.921
[13:19:10] 362.0, 124.7, 2.907
[13:19:11] 362.3, 124.7, 2.325
[13:19:12] 328.2, 124.6, 2.903
[13:19:13] 368.4, 124.7, 2.933
[13:19:14] 368.0, 124.8, 2.338
[13:19:15] 322.2, 124.6, 2.899
[13:19:16] 374.4, 124.6, 2.961
[13:19:17] 366.2, 124.7, 2.326
[13:19:18] 316.8, 124.6, 2.900
[13:19:19] 379.6, 124.7, 2.981
[13:19:20] 366.9, 124.8, 2.316
[13:19:21] 330.7, 124.7, 2.907
[13:19:22] 365.7, 124.7, 2.973
[13:19:23] 365.9, 124.8, 2.317
[13:19:24] 334.2, 124.7, 2.915
[13:19:25] 361.1, 124.7, 2.967
[13:19:26] 368.7, 124.5, 3.852
[13:19:27] 333.3, 124.7, 2.907
[13:19:28] 362.0, 124.7, 2.970
[13:19:29] 369.3, 124.6, 4.033
[13:19:30] 330.0, 124.7, 2.909
[13:19:31] 363.9, 124.6, 2.973
[13:19:32] 364.3, 124.7, 3.538
[13:19:33] 330.7, 124.7, 2.907
[13:19:34] 364.8, 124.5, 2.979
[13:19:35] 364.4, 124.7, 3.043
[13:19:36] 337.4, 124.7, 2.906
[13:19:37] 364.6, 124.7, 2.916
[13:19:38] 354.6, 124.7, 2.890
[13:19:39] 345.4, 124.7, 2.910
[13:19:40] 364.4, 124.8, 2.626
[13:19:41] 348.8, 124.6, 2.894
[13:19:42] 349.0, 124.8, 1.955
[13:19:43] 270.5, 124.9, 1.519
[13:19:44] 232.8, 124.8, 2.012
[13:19:45] 254.7, 124.7, 2.012
[13:19:46] 254.5, 124.7, 1.998
[13:19:47] 234.6, 124.8, 2.010
[13:19:48] 252.9, 124.8, 1.696
[13:19:49] 233.3, 124.8, 2.007
[13:19:50] 253.4, 124.8, 2.013
[13:19:51] 253.3, 124.9, 2.043
[13:19:52] 235.5, 124.8, 2.021
[13:19:53] 254.3, 124.8, 1.931
[13:19:54] 239.3, 124.8, 2.017
[13:19:55] 249.8, 124.8, 2.009
[13:19:56] 250.1, 124.8, 2.084
[13:19:57] 234.6, 124.8, 2.018
[13:19:58] 252.9, 124.7, 2.019
[13:19:59] 243.3, 124.7, 2.029
[13:20:00] 243.5, 124.7, 2.031
[13:20:01] 253.8, 124.7, 2.071
[13:20:02] 237.9, 124.7, 2.046
[13:20:03] 255.4, 124.7, 2.025
[13:20:04] 254.7, 124.7, 2.025
[13:20:05] 239.7, 124.8, 2.019
[13:20:06] 253.4, 124.8, 1.492
[13:20:07] 213.1, 124.9, 1.138
[13:20:08] 146.5, 124.9, 1.118
[13:20:09] 141.4, 124.9, 1.115
[13:20:10] 141.3, 124.9, 1.117
