<<<[12:44:03] 144.2, 125.2, 1.163
[12:44:04] 144.5, 125.3, 1.159
[12:44:05] 144.8, 125.3, 1.163
[12:44:06] 145.1, 125.3, 1.189
[12:44:07] 151.9, 125.2, 1.439
[12:44:08] 177.4, 125.2, 1.366
[12:44:09] 176.9, 125.2, 1.394
[12:44:10] 176.4, 125.1, 1.359
[12:44:11] 175.9, 125.0, 2.236
[12:44:12] 266.1, 125.0, 2.212
[12:44:13] 279.0, 125.0, 2.271
[12:44:14] 285.3, 125.0, 2.271
[12:44:15] 285.3, 125.1, 2.270
[12:44:16] 285.3, 125.1, 2.273
[12:44:17] 285.3, 125.0, 2.274
[12:44:18] 285.4, 125.0, 2.269
[12:44:19] 285.3, 125.0, 2.269
[12:44:20] 285.3, 125.0, 2.056
[12:44:21] 275.9, 125.0, 2.067
[12:44:22] 260.0, 125.0, 2.069
[12:44:23] 260.0, 124.9, 2.067
[12:44:24] 260.0, 125.0, 2.069
[12:44:25] 259.9, 125.0, 2.069
[12:44:26] 259.9, 125.1, 2.066
[12:44:27] 260.0, 125.0, 2.070
[12:44:28] 260.0, 125.1, 2.068
[12:44:29] 260.0, 125.0, 2.068
[12:44:30] 260.0, 125.0, 2.070
[12:44:31] 260.0, 125.0, 2.067
[12:44:32] 260.0, 125.0, 2.068
[12:44:33] 260.0, 125.0, 2.071
[12:44:34] 260.0, 125.0, 2.072
[12:44:35] 260.1, 125.1, 2.071
[12:44:36] 260.1, 125.0, 2.072
[12:44:37] 260.1, 125.0, 2.071
[12:44:38] 260.2, 125.0, 2.074
[12:44:39] 260.2, 125.0, 2.075
[12:44:40] 260.3, 125.0, 2.075
[12:44:41] 260.3, 125.0, 2.074
[12:44:42] 260.4, 125.0, 2.075
[12:44:43] 260.5, 125.0, 2.076
[12:44:44] 260.5, 125.1, 2.075
[12:44:45] 260.6, 125.0, 2.070
[12:44:46] 260.6, 125.1, 2.074
[12:44:47] 260.6, 125.1, 2.076
[12:44:48] 260.7, 125.1, 1.923
[12:44:49] 249.3, 125.1, 1.401
[12:44:50] 182.1, 125.2, 1.398
[12:44:51] 176.1, 125.2, 1.415
[12:44:52] 176.2, 125.2, 1.414
[12:44:53] 176.3, 125.2, 1.378
[12:44:54] 176.3, 125.1, 1.405
[12:44:55] 176.3, 125.2, 1.405
[12:44:56] 176.3, 125.1, 1.416
[12:44:57] 176.4, 125.1, 1.406
[12:44:58] 176.5, 125.1, 1.407
[12:44:59] 176.6, 125.1, 1.399
[12:45:00] 176.4, 125.1, 1.406
[12:45:01] 176.5, 125.2, 1.380
[12:45:02] 176.4, 125.1, 1.412
[12:45:03] 176.5, 125.2, 1.414
[12:45:04] 176.6, 125.1, 1.411
[12:45:05] 176.8, 125.1, 1.408
[12:45:06] 176.9, 125.2, 1.437
[12:45:07] 177.3, 125.2, 1.403
[12:45:08] 177.2, 125.2, 1.407
[12:45:09] 177.2, 125.2, 1.376
[12:45:10] 177.0, 125.2, 1.410
[12:45:11] 177.0, 125.2, 1.408
[12:45:12] 177.1, 125.2, 1.444
[12:45:13] 177.6, 125.1, 1.424
[12:45:14] 177.8, 125.1, 1.406
[12:45:15] 177.7, 125.2, 1.401
[12:45:16] 177.6, 125.1, 1.414
[12:45:17] 177.5, 125.1, 1.412
[12:45:18] 177.5, 125.1, 1.405
[12:45:19] 177.5, 125.1, 1.403
[12:45:20] 177.4, 125.1, 1.418
[12:45:21] 177.4, 125.1, 1.406
[12:45:22] 177.4, 125.2, 1.428
[12:45:23] 177.8, 125.1, 1.411
[12:45:24] 177.8, 125.1, 1.383
[12:45:25] 177.5, 125.2, 1.346
[12:45:26] 170.9, 125.2, 1.356
[12:45:27] 170.9, 125.2, 1.356
[12:45:28] 170.9, 125.1, 1.353
[12:45:29] 170.9, 125.1, 1.347
[12:45:30] 201.1, 125.0, 2.567
[12:45:31] 313.5, 124.9, 2.649
[12:45:32] 337.2, 124.9, 2.897
[12:45:33] 337.8, 124.9, 2.653
[12:45:34] 347.6, 124.9, 2.730
[12:45:35] 347.1, 124.9, 2.903
[12:45:36] 346.6, 124.9, 2.662
[12:45:37] 346.8, 124.9, 2.730
[12:45:38] 346.5, 125.0, 2.246
[12:45:39] 281.1, 125.0, 2.248
[12:45:40] 281.2, 125.0, 2.247
[12:45:41] 281.4, 125.1, 2.246
[12:45:42] 281.5, 125.1, 2.247
[12:45:43] 281.6, 125.1, 2.246
[12:45:44] 281.7, 125.1, 2.246
[12:45:45] 281.8, 125.0, 2.248
[12:45:46] 282.0, 125.1, 2.250
[12:45:47] 282.1, 125.1, 2.250
[12:45:48] 282.2, 125.0, 2.251
[12:45:49] 282.2, 125.0, 2.255
[12:45:50] 282.4, 125.0, 2.254
[12:45:51] 282.4, 125.0, 2.254
[12:45:52] 282.5, 125.0, 2.255
[12:45:53] 282.6, 125.0, 2.255
[12:45:54] 282.7, 125.0, 2.253
[12:45:55] 282.8, 125.0, 2.256
[12:45:56] 282.8, 125.0, 2.257
[12:45:57] 282.9, 125.0, 2.256
[12:45:58] 283.0, 125.0, 2.255
[12:45:59] 283.0, 125.0, 2.258
[12:46:00] 283.1, 125.0, 2.258
[12:46:01] 283.2, 125.0, 2.258
[12:46:02] 283.2, 125.0, 2.259
[12:46:03] 283.3, 125.0, 2.260
[12:46:04] 283.3, 125.1, 2.254
[12:46:05] 283.4, 125.0, 2.254
[12:46:06] 283.4, 125.0, 2.258
[12:46:07] 283.4, 125.0, 2.255
[12:46:08] 283.4, 125.0, 2.256
[12:46:09] 283.4, 125.0, 2.256
[12:46:10] 283.4, 125.0, 2.256
[12:46:11] 283.5, 125.2, 1.470
[12:46:12] 238.6, 125.2, 1.101
[12:46:13] 138.5, 125.2, 1.118
[12:46:14] 138.7, 125.2, 1.104
[12:46:15] 138.9, 125.2, 1.105
