<<<[12:50:39] 141.1, 125.1, 1.119
[12:50:40] 141.1, 125.1, 1.123
[12:50:41] 141.2, 125.1, 1.128
[12:50:42] 141.4, 125.1, 1.336
[12:50:43] 157.0, 125.1, 1.419
[12:50:44] 178.9, 125.1, 1.402
[12:50:45] 178.5, 125.1, 1.388
[12:50:46] 178.0, 125.2, 1.386
[12:50:47] 177.7, 125.0, 2.242
[12:50:48] 279.0, 125.0, 2.264
[12:50:49] 279.5, 124.9, 2.304
[12:50:50] 288.9, 125.0, 2.303
[12:50:51] 288.9, 125.0, 2.302
[12:50:52] 289.0, 125.0, 2.305
[12:50:53] 289.1, 125.0, 2.307
[12:50:54] 289.1, 125.0, 2.308
[12:50:55] 289.2, 125.0, 2.307
[12:50:56] 289.3, 125.0, 2.085
[12:50:57] 277.5, 125.1, 2.095
[12:50:58] 263.4, 125.0, 2.097
[12:50:59] 263.4, 125.0, 2.097
[12:51:00] 263.4, 125.0, 2.098
[12:51:01] 263.4, 125.0, 2.098
[12:51:02] 263.5, 125.0, 2.097
[12:51:03] 263.5, 125.0, 2.098
[12:51:04] 263.5, 125.0, 2.103
[12:51:05] 263.6, 125.0, 2.102
[12:51:06] 263.6, 125.0, 2.101
[12:51:07] 263.6, 125.0, 2.101
[12:51:08] 263.7, 125.0, 2.097
[12:51:09] 263.7, 125.0, 2.097
[12:51:10] 263.7, 125.0, 2.097
[12:51:11] 263.6, 125.0, 2.098
[12:51:12] 263.6, 124.9, 2.099
[12:51:13] 263.6, 124.9, 2.096
[12:51:14] 263.6, 124.9, 2.102
[12:51:15] 263.6, 124.9, 2.099
[12:51:16] 263.6, 124.9, 2.101
[12:51:17] 263.6, 124.9, 2.099
[12:51:18] 263.6, 124.9, 2.098
[12:51:19] 263.7, 124.9, 2.099
[12:51:20] 263.7, 124.9, 2.099
[12:51:21] 263.7, 124.9, 2.101
[12:51:22] 263.7, 124.9, 2.102
[12:51:23] 263.8, 125.0, 2.102
[12:51:24] 263.8, 125.0, 1.733
[12:51:25] 250.9, 125.0, 1.410
[12:51:26] 179.6, 125.1, 1.413
[12:51:27] 179.3, 125.1, 1.403
[12:51:28] 179.0, 125.1, 1.421
[12:51:29] 179.0, 125.1, 1.413
[12:51:30] 179.0, 125.1, 1.422
[12:51:31] 179.0, 125.1, 1.416
[12:51:32] 178.9, 125.1, 1.421
[12:51:33] 178.9, 125.1, 1.418
[12:51:34] 178.9, 125.1, 1.429
[12:51:35] 178.9, 125.0, 1.414
[12:51:36] 179.0, 125.1, 1.419
[12:51:37] 178.9, 125.1, 1.415
[12:51:38] 178.9, 125.1, 1.421
[12:51:39] 178.9, 125.1, 1.420
[12:51:40] 178.9, 125.1, 1.417
[12:51:41] 178.8, 125.1, 1.426
[12:51:42] 178.9, 125.1, 1.421
[12:51:43] 179.0, 125.1, 1.398
[12:51:44] 178.8, 125.1, 1.409
[12:51:45] 178.5, 125.1, 1.406
[12:51:46] 178.3, 125.1, 1.406
[12:51:47] 178.0, 125.1, 1.403
[12:51:48] 177.9, 125.1, 1.402
[12:51:49] 177.7, 125.1, 1.401
[12:51:50] 177.6, 125.1, 1.398
[12:51:51] 177.5, 125.1, 1.415
[12:51:52] 177.5, 125.0, 1.420
[12:51:53] 177.7, 125.1, 1.424
[12:51:54] 178.0, 125.0, 1.431
[12:51:55] 178.1, 125.0, 1.424
[12:51:56] 178.2, 125.0, 1.421
[12:51:57] 178.3, 125.0, 1.426
[12:51:58] 178.3, 125.0, 1.417
[12:51:59] 178.3, 125.0, 1.423
[12:52:00] 178.3, 125.0, 1.413
[12:52:01] 178.4, 125.0, 1.427
[12:52:02] 178.4, 125.0, 1.410
[12:52:03] 178.5, 125.0, 1.422
[12:52:04] 178.6, 125.1, 1.414
[12:52:05] 178.5, 125.1, 1.425
[12:52:06] 178.5, 125.1, 1.408
[12:52:07] 178.3, 125.1, 1.402
[12:52:08] 178.2, 125.0, 1.408
[12:52:09] 178.1, 125.1, 1.414
[12:52:10] 178.0, 125.1, 1.409
[12:52:11] 178.0, 125.1, 1.411
[12:52:12] 177.9, 125.1, 1.412
[12:52:13] 177.9, 125.1, 1.429
[12:52:14] 178.2, 125.1, 1.413
[12:52:15] 178.1, 125.1, 1.403
[12:52:16] 178.0, 125.1, 1.409
[12:52:17] 177.9, 125.1, 1.408
[12:52:18] 177.8, 125.1, 1.404
[12:52:19] 177.7, 125.1, 1.407
[12:52:20] 177.6, 125.1, 1.404
[12:52:21] 177.6, 125.1, 1.412
[12:52:22] 177.7, 125.1, 1.416
[12:52:23] 177.7, 125.0, 1.407
[12:52:24] 177.7, 125.1, 1.414
[12:52:25] 177.7, 125.1, 1.409
[12:52:26] 177.7, 125.1, 1.419
[12:52:27] 177.7, 125.1, 1.406
[12:52:28] 177.7, 125.1, 1.418
[12:52:29] 177.7, 125.1, 1.410
[12:52:30] 177.7, 125.1, 1.409
[12:52:31] 177.7, 125.1, 1.406
[12:52:32] 177.7, 125.1, 1.406
[12:52:33] 177.7, 125.1, 1.411
[12:52:34] 177.7, 125.0, 1.418
[12:52:35] 177.7, 125.0, 1.408
[12:52:36] 177.9, 125.0, 1.412
[12:52:37] 177.8, 125.0, 1.414
[12:52:38] 177.8, 125.1, 1.402
[12:52:39] 177.6, 125.1, 1.397
[12:52:40] 177.5, 125.1, 1.411
[12:52:41] 177.5, 125.1, 1.404
[12:52:42] 177.4, 125.1, 1.421
[12:52:43] 177.5, 125.1, 1.415
[12:52:44] 177.6, 125.0, 1.421
[12:52:45] 177.6, 125.1, 1.416
[12:52:46] 177.6, 125.1, 1.418
[12:52:47] 177.7, 125.1, 1.410
[12:52:48] 177.7, 125.0, 1.413
[12:52:49] 177.7, 125.1, 1.414
[12:52:50] 177.7, 125.1, 1.408
[12:52:51] 177.7, 125.0, 1.409
[12:52:52] 177.7, 125.1, 1.415
[12:52:53] 177.7, 125.1, 1.416
[12:52:54] 177.8, 125.1, 1.419
[12:52:55] 177.8, 125.1, 1.412
[12:52:56] 177.8, 125.1, 1.407
[12:52:57] 177.8, 125.1, 1.413
[12:52:58] 177.8, 125.1, 1.408
[12:52:59] 177.8, 125.1, 1.417
[12:53:00] 177.7, 125.1, 1.412
[12:53:01] 177.7, 125.1, 1.414
[12:53:02] 177.8, 125.0, 1.413
[12:53:03] 177.8, 125.1, 1.421
[12:53:04] 177.8, 125.1, 1.420
[12:53:05] 177.9, 125.1, 1.429
[12:53:06] 177.9, 125.1, 1.408
[12:53:07] 177.9, 125.1, 1.410
[12:53:08] 177.9, 125.1, 1.407
[12:53:09] 177.9, 125.1, 1.414
[12:53:10] 177.9, 125.1, 1.409
[12:53:11] 177.8, 125.1, 1.415
[12:53:12] 177.9, 125.1, 1.419
[12:53:13] 177.9, 125.1, 1.381
[12:53:14] 177.5, 125.1, 1.375
[12:53:15] 177.1, 124.9, 3.585
[12:53:16] 215.2, 124.9, 2.859
[12:53:17] 337.2, 124.8, 2.882
[12:53:18] 346.5, 124.9, 2.737
[12:53:19] 345.9, 124.9, 2.259
[12:53:20] 364.2, 124.8, 3.593
[12:53:21] 350.8, 124.9, 3.055
[12:53:22] 350.9, 124.8, 2.805
[12:53:23] 351.4, 124.8, 2.897
[12:53:24] 351.6, 124.9, 2.886
[12:53:25] 351.0, 124.9, 2.694
[12:53:26] 350.6, 125.0, 2.234
[12:53:27] 361.7, 124.8, 3.495
[12:53:28] 350.6, 124.9, 2.975
[12:53:29] 350.8, 124.9, 2.818
[12:53:30] 351.3, 124.9, 2.898
[12:53:31] 351.6, 124.9, 2.881
[12:53:32] 345.6, 124.9, 2.652
[12:53:33] 346.2, 124.9, 2.236
[12:53:34] 360.4, 124.8, 3.437
[12:53:35] 350.6, 124.9, 2.932
[12:53:36] 351.0, 124.8, 2.826
[12:53:37] 351.4, 124.9, 2.909
[12:53:38] 351.8, 124.9, 2.211
[12:53:39] 279.0, 124.9, 2.274
[12:53:40] 285.7, 124.9, 2.275
[12:53:41] 285.6, 124.9, 2.274
[12:53:42] 285.6, 125.0, 2.276
[12:53:43] 285.6, 124.9, 2.274
[12:53:44] 285.6, 124.9, 2.275
[12:53:45] 285.6, 124.9, 2.276
[12:53:46] 285.6, 125.0, 2.274
[12:53:47] 285.6, 125.0, 2.271
[12:53:48] 285.6, 125.0, 2.274
[12:53:49] 285.6, 125.0, 2.274
[12:53:50] 285.6, 125.0, 2.274
[12:53:51] 285.6, 124.9, 2.276
[12:53:52] 285.6, 125.0, 2.275
[12:53:53] 285.6, 125.0, 2.276
[12:53:54] 285.6, 125.0, 2.275
[12:53:55] 285.7, 124.9, 2.274
[12:53:56] 285.7, 124.8, 2.278
[12:53:57] 285.7, 125.0, 2.276
[12:53:58] 285.7, 125.1, 1.346
[12:53:59] 244.2, 125.1, 1.118
[12:54:00] 141.8, 125.1, 1.117
[12:54:01] 141.7, 125.1, 1.115
[12:54:02] 141.5, 125.1, 1.113
[12:54:03] 141.5, 125.1, 1.111
