<<<[14:11:56] 638.1, 122.9, 5.191
[14:11:57] 637.9, 122.9, 5.173
[14:11:58] 637.7, 122.5, 6.609
[14:11:59] 792.2, 122.4, 6.622
[14:12:00] 812.2, 122.5, 6.631
[14:12:01] 812.3, 122.4, 6.637
[14:12:02] 812.5, 122.4, 6.642
[14:12:03] 812.8, 122.5, 6.643
[14:12:04] 813.0, 122.5, 6.648
[14:12:05] 813.3, 122.4, 6.652
[14:12:06] 813.6, 122.4, 6.651
[14:12:07] 813.8, 122.5, 6.650
[14:12:08] 814.0, 122.5, 6.648
[14:12:09] 814.2, 122.4, 6.689
[14:12:10] 825.0, 122.7, 5.509
[14:12:11] 727.4, 122.9, 5.262
[14:12:12] 643.6, 122.9, 5.212
[14:12:13] 643.0, 122.8, 5.198
[14:12:14] 642.5, 122.8, 5.207
[14:12:15] 642.0, 122.6, 7.008
[14:12:16] 751.0, 122.8, 5.209
[14:12:17] 638.8, 122.8, 5.207
[14:12:18] 638.7, 122.8, 5.210
[14:12:19] 638.6, 122.9, 5.201
[14:12:20] 638.5, 122.5, 7.036
[14:12:21] 727.0, 122.6, 5.212
[14:12:22] 638.6, 122.7, 5.207
[14:12:23] 638.5, 122.8, 5.205
[14:12:24] 638.4, 122.7, 5.205
[14:12:25] 638.3, 122.4, 6.722
[14:12:26] 779.2, 122.7, 5.211
[14:12:27] 638.2, 122.7, 5.205
[14:12:28] 638.1, 122.7, 5.216
[14:12:29] 638.1, 122.7, 5.190
[14:12:30] 638.1, 122.7, 5.201
[14:12:31] 714.8, 122.3, 7.135
[14:12:32] 755.8, 122.7, 5.212
[14:12:33] 638.6, 122.7, 5.213
[14:12:34] 638.5, 122.7, 5.200
[14:12:35] 638.4, 122.7, 5.197
[14:12:36] 638.3, 122.4, 6.754
[14:12:37] 786.1, 122.3, 6.882
[14:12:38] 791.8, 122.7, 5.202
[14:12:39] 637.8, 122.8, 5.204
[14:12:40] 637.8, 122.8, 5.191
[14:12:41] 637.8, 122.8, 5.212
[14:12:42] 638.0, 122.6, 5.570
[14:12:43] 734.3, 122.4, 6.790
[14:12:44] 832.9, 122.4, 6.795
[14:12:45] 833.0, 122.8, 5.426
[14:12:46] 718.9, 122.8, 5.205
[14:12:47] 639.0, 122.8, 5.202
[14:12:48] 638.9, 122.8, 5.201
[14:12:49] 638.7, 122.8, 5.203
[14:12:50] 638.6, 122.5, 6.773
[14:12:51] 822.7, 122.5, 6.785
[14:12:52] 833.1, 122.4, 6.791
[14:12:53] 833.1, 122.4, 6.797
[14:12:54] 833.1, 122.4, 6.800
[14:12:55] 833.2, 122.8, 5.465
[14:12:56] 718.5, 122.8, 5.211
[14:12:57] 639.4, 122.7, 5.209
[14:12:58] 639.2, 122.8, 5.208
[14:12:59] 639.1, 122.8, 5.202
[14:13:00] 638.9, 122.4, 6.777
[14:13:01] 810.7, 122.4, 6.795
[14:13:02] 832.9, 122.4, 6.800
[14:13:03] 833.0, 122.3, 6.828
[14:13:04] 833.1, 122.3, 6.805
[14:13:05] 833.3, 122.4, 6.810
[14:13:06] 833.5, 122.4, 6.816
[14:13:07] 833.7, 122.3, 6.835
[14:13:08] 834.0, 122.2, 6.813
[14:13:09] 834.1, 122.2, 6.820
[14:13:10] 834.2, 122.6, 5.290
[14:13:11] 690.6, 122.7, 5.223
[14:13:12] 639.4, 122.7, 5.214
[14:13:13] 639.3, 122.7, 5.209
[14:13:14] 639.2, 122.7, 5.195
