<<<[14:29:14] 639.5, 122.8, 5.196
[14:29:15] 639.3, 122.8, 5.208
[14:29:16] 639.3, 122.4, 6.637
[14:29:17] 813.8, 122.5, 6.651
[14:29:18] 814.0, 122.5, 6.660
[14:29:19] 814.2, 122.5, 6.663
[14:29:20] 814.6, 122.5, 6.669
[14:29:21] 814.9, 122.5, 6.673
[14:29:22] 815.3, 122.4, 6.673
[14:29:23] 815.6, 122.4, 6.671
[14:29:24] 816.0, 122.4, 6.681
[14:29:25] 816.3, 122.4, 6.679
[14:29:26] 816.6, 122.4, 6.679
[14:29:27] 816.8, 122.3, 6.688
[14:29:28] 817.1, 122.5, 6.685
[14:29:29] 817.3, 122.4, 6.687
[14:29:30] 817.6, 122.4, 6.685
[14:29:31] 817.8, 122.4, 6.688
[14:29:32] 817.9, 122.3, 6.684
[14:29:33] 818.1, 122.3, 6.684
[14:29:34] 818.2, 122.4, 6.690
[14:29:35] 818.4, 122.4, 6.692
[14:29:36] 818.5, 122.4, 6.688
[14:29:37] 818.6, 122.4, 6.685
[14:29:38] 818.7, 122.3, 6.693
[14:29:39] 818.8, 122.3, 6.698
[14:29:40] 819.0, 122.3, 6.694
[14:29:41] 819.1, 122.4, 6.688
[14:29:42] 819.2, 122.5, 6.685
[14:29:43] 819.2, 122.4, 6.690
[14:29:44] 819.3, 122.4, 6.690
[14:29:45] 819.4, 122.4, 6.693
[14:29:46] 819.5, 122.5, 6.692
[14:29:47] 819.5, 122.5, 6.687
[14:29:48] 819.5, 122.5, 6.692
[14:29:49] 819.6, 122.4, 6.687
[14:29:50] 819.6, 122.4, 6.687
[14:29:51] 819.7, 122.5, 6.680
[14:29:52] 819.7, 122.5, 6.686
[14:29:53] 819.7, 122.5, 6.685
[14:29:54] 819.8, 122.4, 6.694
[14:29:55] 819.8, 122.5, 6.694
[14:29:56] 819.9, 122.4, 6.694
[14:29:57] 819.9, 122.4, 6.690
[14:29:58] 819.9, 122.4, 6.699
[14:29:59] 819.9, 122.5, 6.692
[14:30:00] 820.0, 122.4, 6.693
[14:30:01] 820.0, 122.4, 6.701
[14:30:02] 820.1, 122.3, 6.699
[14:30:03] 820.2, 122.4, 6.699
[14:30:04] 820.2, 122.4, 6.693
[14:30:05] 820.2, 122.5, 6.693
[14:30:06] 820.2, 122.5, 6.693
[14:30:07] 820.2, 122.5, 6.700
[14:30:08] 820.2, 122.5, 6.696
[14:30:09] 820.2, 122.3, 6.690
[14:30:10] 820.3, 122.4, 6.695
[14:30:11] 820.3, 122.4, 6.719
[14:30:12] 820.6, 122.4, 6.622
[14:30:13] 807.5, 122.4, 6.485
[14:30:14] 802.0, 122.5, 6.380
[14:30:15] 812.8, 122.8, 5.371
[14:30:16] 710.1, 122.9, 5.271
[14:30:17] 647.9, 122.9, 5.266
[14:30:18] 647.8, 122.9, 5.262
[14:30:19] 647.6, 122.9, 5.227
[14:30:20] 662.3, 122.4, 7.224
[14:30:21] 785.7, 122.9, 5.200
[14:30:22] 639.2, 122.9, 5.209
[14:30:23] 639.1, 122.9, 5.210
[14:30:24] 639.0, 122.9, 5.214
[14:30:25] 638.9, 122.5, 6.733
[14:30:26] 779.2, 122.8, 5.299
[14:30:27] 702.6, 122.8, 5.220
[14:30:28] 638.8, 122.8, 5.220
[14:30:29] 638.8, 122.8, 5.218
[14:30:30] 638.7, 122.8, 5.212
[14:30:31] 638.7, 122.4, 6.773
[14:30:32] 826.2, 122.4, 6.879
[14:30:33] 826.1, 122.8, 5.223
[14:30:34] 639.4, 122.8, 5.206
[14:30:35] 639.3, 122.8, 5.223
[14:30:36] 639.2, 122.8, 5.216
[14:30:37] 639.2, 122.7, 5.398
[14:30:38] 730.8, 122.5, 6.772
[14:30:39] 830.4, 122.5, 6.788
[14:30:40] 830.5, 122.4, 6.967
[14:30:41] 830.6, 122.8, 5.226
[14:30:42] 639.8, 122.8, 5.210
[14:30:43] 639.6, 122.8, 5.217
[14:30:44] 639.6, 122.8, 5.218
[14:30:45] 639.4, 122.6, 5.685
[14:30:46] 734.5, 122.5, 6.776
[14:30:47] 830.9, 122.5, 6.790
[14:30:48] 831.0, 122.4, 6.785
[14:30:49] 831.2, 122.4, 6.792
[14:30:50] 831.4, 122.4, 6.798
[14:30:51] 831.6, 122.4, 7.035
[14:30:52] 786.9, 122.8, 5.228
[14:30:53] 640.0, 122.8, 5.200
[14:30:54] 639.8, 122.7, 5.214
[14:30:55] 639.6, 122.7, 5.214
[14:30:56] 639.5, 122.5, 5.994
[14:30:57] 740.0, 122.5, 6.773
[14:30:58] 830.9, 122.5, 6.786
[14:30:59] 831.1, 122.5, 6.786
[14:31:00] 831.3, 122.5, 6.792
[14:31:01] 831.5, 122.5, 6.790
[14:31:02] 831.7, 122.4, 6.795
[14:31:03] 831.9, 122.4, 6.802
[14:31:04] 832.1, 122.4, 6.798
[14:31:05] 832.3, 122.5, 6.802
[14:31:06] 832.6, 122.5, 6.804
[14:31:07] 832.7, 122.5, 6.806
[14:31:08] 833.0, 122.8, 5.750
[14:31:09] 722.3, 122.9, 5.208
[14:31:10] 639.8, 122.9, 5.214
[14:31:11] 639.7, 122.8, 5.216
[14:31:12] 639.7, 122.8, 5.216
