<<<[14:38:23] 639.5, 122.9, 5.186
[14:38:24] 639.5, 122.9, 5.187
[14:38:25] 639.4, 122.8, 5.488
[14:38:26] 724.7, 122.6, 6.640
[14:38:27] 814.8, 122.5, 6.648
[14:38:28] 814.9, 122.5, 6.656
[14:38:29] 815.1, 122.5, 6.660
[14:38:30] 815.4, 122.6, 6.667
[14:38:31] 815.7, 122.6, 6.666
[14:38:32] 816.0, 122.6, 6.669
[14:38:33] 816.3, 122.5, 6.668
[14:38:34] 816.5, 122.5, 6.667
[14:38:35] 816.7, 122.6, 6.667
[14:38:36] 816.9, 122.6, 6.674
[14:38:37] 817.2, 122.5, 6.671
[14:38:38] 817.4, 122.5, 6.674
[14:38:39] 817.6, 122.5, 6.680
[14:38:40] 817.7, 122.6, 6.676
[14:38:41] 817.9, 122.6, 6.675
[14:38:42] 818.0, 122.5, 6.676
[14:38:43] 818.2, 122.6, 6.682
[14:38:44] 818.3, 122.5, 6.681
[14:38:45] 818.4, 122.5, 6.677
[14:38:46] 818.5, 122.6, 6.680
[14:38:47] 818.6, 122.6, 6.674
[14:38:48] 818.7, 122.5, 6.677
[14:38:49] 818.7, 122.6, 6.680
[14:38:50] 818.8, 122.6, 6.678
[14:38:51] 818.9, 122.5, 6.679
[14:38:52] 818.9, 122.5, 6.681
[14:38:53] 819.0, 122.6, 6.680
[14:38:54] 819.0, 122.6, 6.678
[14:38:55] 819.1, 122.6, 6.675
[14:38:56] 819.1, 122.7, 6.675
[14:38:57] 819.2, 122.7, 6.677
[14:38:58] 819.2, 122.7, 6.677
[14:38:59] 819.3, 122.6, 6.677
[14:39:00] 819.3, 122.6, 6.673
[14:39:01] 819.3, 122.6, 6.674
[14:39:02] 819.3, 122.7, 6.673
[14:39:03] 819.4, 122.7, 6.677
[14:39:04] 819.4, 122.7, 6.675
[14:39:05] 819.4, 122.6, 6.674
[14:39:06] 819.5, 122.6, 6.681
[14:39:07] 819.5, 122.6, 6.680
[14:39:08] 819.5, 122.6, 6.680
[14:39:09] 819.6, 122.7, 6.678
[14:39:10] 819.6, 122.6, 6.682
[14:39:11] 819.6, 122.7, 6.682
[14:39:12] 819.7, 122.6, 6.680
[14:39:13] 819.7, 122.6, 6.684
[14:39:14] 819.8, 122.5, 6.684
[14:39:15] 819.8, 122.6, 6.683
[14:39:16] 819.8, 122.6, 6.683
[14:39:17] 819.8, 122.6, 6.682
[14:39:18] 819.9, 122.6, 6.678
[14:39:19] 819.9, 122.6, 6.681
[14:39:20] 819.9, 122.6, 6.681
[14:39:21] 819.9, 122.6, 6.678
[14:39:22] 819.9, 122.6, 6.676
[14:39:23] 819.9, 122.5, 6.683
[14:39:24] 819.9, 122.6, 6.687
[14:39:25] 820.0, 122.5, 6.687
[14:39:26] 820.0, 122.6, 6.688
[14:39:27] 820.0, 122.4, 6.686
[14:39:28] 820.0, 122.5, 6.692
[14:39:29] 820.1, 122.5, 6.688
[14:39:30] 820.2, 122.5, 6.691
[14:39:31] 820.1, 122.5, 6.690
[14:39:32] 820.2, 122.5, 6.686
[14:39:33] 820.2, 122.6, 6.690
[14:39:34] 820.3, 122.5, 6.689
[14:39:35] 820.3, 122.6, 6.683
[14:39:36] 820.3, 122.6, 6.688
[14:39:37] 820.3, 122.5, 6.684
[14:39:38] 820.3, 122.6, 6.688
[14:39:39] 820.4, 122.5, 6.686
[14:39:40] 820.4, 122.5, 6.687
[14:39:41] 820.4, 122.6, 6.688
[14:39:42] 820.5, 122.5, 6.684
[14:39:43] 820.5, 122.7, 6.703
[14:39:44] 820.6, 122.6, 6.628
[14:39:45] 820.0, 122.6, 6.577
[14:39:46] 807.9, 122.6, 6.562
[14:39:47] 807.7, 122.6, 6.525
[14:39:48] 793.0, 122.7, 6.279
[14:39:49] 771.3, 122.8, 6.118
[14:39:50] 771.5, 122.9, 5.662
[14:39:51] 741.0, 122.9, 5.307
[14:39:52] 652.4, 123.0, 5.247
[14:39:53] 644.5, 122.9, 5.203
[14:39:54] 643.9, 123.0, 5.205
[14:39:55] 643.5, 122.5, 6.820
[14:39:56] 798.3, 122.9, 5.212
[14:39:57] 640.0, 123.0, 5.201
[14:39:58] 639.9, 122.9, 5.196
[14:39:59] 639.8, 123.0, 5.192
[14:40:00] 639.6, 123.0, 5.188
[14:40:01] 721.1, 122.5, 6.808
[14:40:02] 847.7, 123.0, 5.208
[14:40:03] 639.6, 122.9, 5.196
[14:40:04] 639.6, 122.9, 5.192
[14:40:05] 639.4, 123.0, 5.189
[14:40:06] 639.3, 123.0, 5.190
[14:40:07] 700.0, 122.6, 6.811
[14:40:08] 835.7, 122.6, 6.809
[14:40:09] 842.2, 122.8, 5.237
[14:40:10] 685.7, 122.9, 5.197
[14:40:11] 639.6, 123.0, 5.195
[14:40:12] 639.5, 122.8, 5.193
[14:40:13] 639.5, 122.9, 5.188
[14:40:14] 658.9, 122.6, 6.808
[14:40:15] 834.7, 122.6, 6.810
[14:40:16] 834.8, 122.5, 6.821
[14:40:17] 835.0, 122.5, 6.827
[14:40:18] 835.3, 122.4, 7.232
[14:40:19] 773.1, 122.9, 5.208
[14:40:20] 639.8, 122.9, 5.198
[14:40:21] 639.7, 123.0, 5.191
[14:40:22] 639.5, 122.9, 5.192
[14:40:23] 639.4, 122.5, 6.693
[14:40:24] 771.9, 122.5, 6.807
[14:40:25] 835.5, 122.4, 6.841
[14:40:26] 835.6, 122.5, 6.825
[14:40:27] 835.7, 122.5, 6.827
[14:40:28] 835.9, 122.4, 6.831
[14:40:29] 836.1, 122.5, 6.831
[14:40:30] 836.3, 122.4, 6.836
[14:40:31] 836.6, 122.5, 6.831
[14:40:32] 836.8, 122.8, 5.829
[14:40:33] 735.9, 122.9, 5.210
[14:40:34] 640.4, 122.9, 5.197
[14:40:35] 640.2, 123.0, 5.192
[14:40:36] 640.1, 123.0, 5.196
[14:40:37] 639.9, 122.6, 6.785
[14:40:38] 805.0, 122.5, 6.811
[14:40:39] 835.5, 122.6, 6.814
[14:40:40] 835.6, 122.6, 6.817
[14:40:41] 835.8, 122.6, 6.825
[14:40:42] 836.0, 122.6, 6.822
wattsup: [error] Reading final time stamp: Bad address
[14:40:49] 837.6, 122.5, 6.834
wattsup: [error] Reading final time stamp: Bad address
[14:40:56] 640.8, 123.0, 5.202
