<<<[14:08:54] 639.4, 122.9, 5.177
[14:08:55] 639.1, 122.9, 5.175
[14:08:56] 638.8, 122.9, 5.176
[14:08:57] 699.7, 122.6, 6.596
[14:08:58] 809.5, 122.6, 6.605
[14:08:59] 809.6, 122.6, 6.617
[14:09:00] 809.8, 122.6, 6.614
[14:09:01] 810.1, 122.7, 6.617
[14:09:02] 810.4, 122.6, 6.618
[14:09:03] 810.6, 122.4, 7.051
[14:09:04] 822.9, 122.9, 5.297
[14:09:05] 652.4, 122.9, 5.291
[14:09:06] 652.1, 122.9, 5.280
[14:09:07] 646.9, 123.0, 5.224
[14:09:08] 641.0, 122.9, 5.284
[14:09:09] 715.2, 123.0, 5.191
[14:09:10] 638.2, 122.8, 5.180
[14:09:11] 638.0, 122.9, 5.178
[14:09:12] 637.9, 122.9, 5.180
[14:09:13] 637.9, 123.0, 5.187
[14:09:14] 737.2, 123.0, 5.189
[14:09:15] 650.8, 123.0, 5.188
[14:09:16] 638.0, 122.9, 5.178
[14:09:17] 637.9, 122.8, 5.180
[14:09:18] 637.9, 123.0, 5.176
[14:09:19] 707.9, 123.0, 5.191
[14:09:20] 652.4, 123.0, 5.175
[14:09:21] 637.5, 123.0, 5.176
[14:09:22] 637.4, 123.0, 5.182
[14:09:23] 637.5, 122.9, 5.176
[14:09:24] 663.6, 122.8, 6.325
[14:09:25] 740.4, 123.0, 5.175
[14:09:26] 637.8, 123.0, 5.175
[14:09:27] 637.6, 122.9, 5.182
[14:09:28] 637.6, 122.9, 5.172
[14:09:29] 637.6, 122.7, 6.750
[14:09:30] 788.0, 122.9, 5.279
[14:09:31] 704.0, 123.0, 5.175
[14:09:32] 637.3, 123.0, 5.169
[14:09:33] 637.2, 123.0, 5.170
[14:09:34] 637.2, 123.0, 5.168
[14:09:35] 637.4, 122.6, 6.804
[14:09:36] 835.1, 122.6, 7.015
[14:09:37] 783.7, 123.0, 5.174
[14:09:38] 637.6, 123.0, 5.172
[14:09:39] 637.4, 123.0, 5.176
[14:09:40] 637.4, 122.9, 5.174
[14:09:41] 637.3, 122.7, 6.071
[14:09:42] 743.2, 122.5, 6.796
[14:09:43] 834.9, 122.6, 6.802
[14:09:44] 834.8, 122.4, 7.099
[14:09:45] 787.6, 123.0, 5.184
[14:09:46] 639.0, 123.0, 5.175
[14:09:47] 638.7, 123.0, 5.176
[14:09:48] 638.5, 122.9, 5.176
[14:09:49] 638.4, 122.6, 6.329
[14:09:50] 749.8, 122.5, 6.804
[14:09:51] 834.9, 122.6, 6.813
[14:09:52] 835.0, 122.6, 6.811
[14:09:53] 835.1, 122.6, 6.813
[14:09:54] 835.3, 122.5, 6.819
[14:09:55] 835.5, 122.4, 7.181
[14:09:56] 795.5, 123.0, 5.186
[14:09:57] 639.8, 122.9, 5.180
[14:09:58] 639.6, 123.0, 5.177
[14:09:59] 639.4, 123.0, 5.183
[14:10:00] 639.3, 122.6, 6.634
[14:10:01] 765.6, 122.6, 6.804
[14:10:02] 835.3, 122.6, 6.815
[14:10:03] 835.4, 122.4, 6.821
[14:10:04] 835.5, 122.5, 6.820
[14:10:05] 835.7, 122.5, 6.829
[14:10:06] 835.9, 122.5, 6.825
[14:10:07] 836.2, 122.4, 6.827
[14:10:08] 836.3, 122.4, 6.832
[14:10:09] 836.5, 122.6, 6.827
[14:10:10] 836.7, 122.5, 6.837
[14:10:11] 837.0, 122.5, 6.835
[14:10:12] 837.1, 122.9, 5.322
[14:10:13] 684.5, 122.9, 5.200
[14:10:14] 640.0, 122.9, 5.192
[14:10:15] 639.7, 122.9, 5.185
[14:10:16] 639.5, 122.9, 5.181
