<<<[14:35:42] 639.9, 122.7, 5.202
[14:35:43] 639.7, 122.6, 5.202
[14:35:44] 639.5, 122.7, 5.204
[14:35:45] 654.6, 122.4, 6.708
[14:35:46] 821.9, 122.3, 6.716
[14:35:47] 822.0, 122.4, 6.727
[14:35:48] 822.2, 122.3, 6.729
[14:35:49] 822.6, 122.4, 6.734
[14:35:50] 822.9, 122.4, 6.739
[14:35:51] 823.2, 122.3, 6.741
[14:35:52] 823.5, 122.5, 6.738
[14:35:53] 823.8, 122.4, 6.739
[14:35:54] 824.0, 122.3, 6.746
[14:35:55] 824.3, 122.4, 6.747
[14:35:56] 824.6, 122.3, 6.746
[14:35:57] 824.8, 122.4, 6.742
[14:35:58] 825.0, 122.3, 6.744
[14:35:59] 825.2, 122.3, 6.743
[14:36:00] 825.4, 122.4, 6.746
[14:36:01] 825.6, 122.3, 6.751
[14:36:02] 825.7, 122.4, 6.751
[14:36:03] 825.9, 122.3, 6.749
[14:36:04] 826.0, 122.3, 6.750
[14:36:05] 826.2, 122.4, 6.756
[14:36:06] 826.3, 122.3, 6.752
[14:36:07] 826.4, 122.3, 6.754
[14:36:08] 826.5, 122.3, 6.751
[14:36:09] 826.5, 122.3, 6.750
[14:36:10] 826.6, 122.5, 6.758
[14:36:11] 826.7, 122.4, 6.749
[14:36:12] 826.8, 122.4, 6.752
[14:36:13] 826.8, 122.4, 6.756
[14:36:14] 826.9, 122.4, 6.752
[14:36:15] 826.9, 122.3, 6.754
[14:36:16] 827.0, 122.4, 6.754
[14:36:17] 827.1, 122.4, 6.749
[14:36:18] 827.1, 122.4, 6.754
[14:36:19] 827.2, 122.3, 6.754
[14:36:20] 827.2, 122.4, 6.756
[14:36:21] 827.3, 122.4, 6.756
[14:36:22] 827.3, 122.4, 6.754
[14:36:23] 827.3, 122.4, 6.757
[14:36:24] 827.3, 122.3, 6.756
[14:36:25] 827.4, 122.4, 6.756
[14:36:26] 827.4, 122.5, 6.751
[14:36:27] 827.5, 122.3, 6.757
[14:36:28] 827.5, 122.4, 6.759
[14:36:29] 827.5, 122.4, 6.753
[14:36:30] 827.5, 122.4, 6.755
[14:36:31] 827.5, 122.3, 6.759
[14:36:32] 827.6, 122.4, 6.753
[14:36:33] 827.6, 122.4, 6.759
[14:36:34] 827.7, 122.4, 6.751
[14:36:35] 827.8, 122.4, 6.753
[14:36:36] 827.7, 122.4, 6.758
[14:36:37] 827.7, 122.3, 6.761
[14:36:38] 827.8, 122.4, 6.754
[14:36:39] 827.8, 122.4, 6.762
[14:36:40] 827.8, 122.3, 6.760
[14:36:41] 827.9, 122.4, 6.758
[14:36:42] 827.9, 122.4, 6.761
[14:36:43] 828.0, 122.3, 6.757
[14:36:44] 828.0, 122.3, 6.762
[14:36:45] 828.0, 122.4, 6.755
[14:36:46] 828.0, 122.4, 6.751
[14:36:47] 828.0, 122.4, 6.757
[14:36:48] 828.0, 122.4, 6.752
[14:36:49] 828.0, 122.5, 6.750
[14:36:50] 828.0, 122.5, 6.767
[14:36:51] 828.0, 122.5, 6.754
[14:36:52] 828.0, 122.4, 6.759
[14:36:53] 828.0, 122.3, 6.758
[14:36:54] 828.1, 122.4, 6.753
[14:36:55] 828.1, 122.3, 6.768
[14:36:56] 828.1, 122.5, 6.756
[14:36:57] 828.1, 122.5, 6.754
[14:36:58] 828.1, 122.5, 6.763
[14:36:59] 828.0, 122.5, 6.755
[14:37:00] 828.0, 122.4, 6.759
[14:37:01] 828.1, 122.4, 6.757
[14:37:02] 828.1, 122.4, 6.759
[14:37:03] 828.0, 122.4, 6.761
[14:37:04] 828.0, 122.3, 6.761
[14:37:05] 828.1, 122.4, 6.759
[14:37:06] 828.0, 122.3, 6.767
[14:37:07] 828.1, 122.3, 6.802
[14:37:08] 828.1, 122.4, 6.683
[14:37:09] 818.0, 122.4, 6.500
[14:37:10] 797.9, 122.4, 6.470
[14:37:11] 797.7, 122.2, 6.734
[14:37:12] 827.8, 122.6, 5.294
[14:37:13] 649.7, 122.7, 5.273
[14:37:14] 649.2, 122.8, 5.249
[14:37:15] 648.6, 122.8, 5.264
[14:37:16] 648.1, 122.8, 5.226
[14:37:17] 689.6, 122.2, 7.231
[14:37:18] 769.7, 122.7, 5.216
[14:37:19] 640.4, 122.8, 5.213
[14:37:20] 640.3, 122.8, 5.210
[14:37:21] 640.1, 122.9, 5.208
[14:37:22] 640.0, 122.5, 6.755
[14:37:23] 782.1, 122.3, 7.227
[14:37:24] 768.7, 122.8, 5.209
[14:37:25] 639.4, 122.9, 5.228
[14:37:26] 639.4, 122.9, 5.194
[14:37:27] 639.3, 122.8, 5.198
[14:37:28] 639.1, 122.4, 6.712
[14:37:29] 773.9, 122.5, 6.809
[14:37:30] 835.5, 122.4, 7.196
[14:37:31] 767.8, 122.9, 5.210
[14:37:32] 639.6, 122.7, 5.210
[14:37:33] 639.6, 122.8, 5.216
[14:37:34] 639.7, 122.9, 5.198
[14:37:35] 639.6, 122.5, 6.578
[14:37:36] 760.9, 122.4, 6.806
[14:37:37] 835.1, 122.4, 6.815
[14:37:38] 835.2, 122.5, 6.821
[14:37:39] 835.3, 122.4, 6.970
[14:37:40] 813.4, 122.8, 5.230
[14:37:41] 640.6, 122.8, 5.220
[14:37:42] 640.5, 122.9, 5.197
[14:37:43] 640.3, 123.0, 5.203
[14:37:44] 640.1, 122.7, 5.655
[14:37:45] 736.3, 122.4, 6.805
[14:37:46] 834.7, 122.5, 6.832
[14:37:47] 834.9, 122.5, 6.814
[14:37:48] 835.1, 122.5, 6.827
[14:37:49] 835.5, 122.5, 6.823
[14:37:50] 835.6, 122.4, 6.825
[14:37:51] 835.8, 122.4, 6.833
[14:37:52] 836.1, 122.5, 6.842
[14:37:53] 850.8, 122.9, 5.229
[14:37:54] 643.9, 122.8, 5.202
[14:37:55] 643.3, 122.8, 5.215
[14:37:56] 642.9, 122.8, 5.231
[14:37:57] 642.5, 122.8, 5.205
[14:37:58] 685.5, 122.5, 6.805
[14:37:59] 834.1, 122.5, 6.814
[14:38:00] 834.3, 122.5, 6.820
[14:38:01] 834.5, 122.5, 6.823
[14:38:02] 834.8, 122.4, 6.823
[14:38:03] 835.0, 122.4, 6.832
[14:38:04] 835.3, 122.4, 6.832
[14:38:05] 835.5, 122.5, 6.843
[14:38:06] 835.8, 122.5, 6.842
[14:38:07] 836.0, 122.6, 6.830
[14:38:08] 836.3, 122.5, 6.829
[14:38:09] 836.5, 122.5, 6.833
[14:38:10] 836.6, 122.5, 6.836
[14:38:11] 836.9, 122.5, 6.832
[14:38:12] 837.1, 122.6, 6.827
[14:38:13] 837.2, 122.5, 6.840
[14:38:14] 837.3, 122.9, 5.353
[14:38:15] 701.6, 122.9, 5.226
[14:38:16] 640.4, 122.9, 5.213
[14:38:17] 640.2, 122.9, 5.212
[14:38:18] 640.2, 123.0, 5.191
