<<<[14:19:50] 639.6, 122.9, 5.204
[14:19:51] 639.5, 122.7, 5.200
[14:19:52] 639.3, 122.8, 5.201
[14:19:53] 647.5, 122.4, 6.598
[14:19:54] 809.7, 122.5, 6.608
[14:19:55] 809.8, 122.5, 6.614
[14:19:56] 810.0, 122.6, 6.618
[14:19:57] 810.3, 122.5, 6.620
[14:19:58] 810.6, 122.6, 6.624
[14:19:59] 810.9, 122.4, 6.627
[14:20:00] 811.2, 122.5, 6.631
[14:20:01] 811.5, 122.3, 6.638
[14:20:02] 811.7, 122.5, 6.636
[14:20:03] 812.0, 122.4, 6.638
[14:20:04] 812.2, 122.5, 6.635
[14:20:05] 812.4, 122.4, 6.640
[14:20:06] 812.6, 122.4, 6.644
[14:20:07] 812.9, 122.3, 6.642
[14:20:08] 813.1, 122.5, 6.636
[14:20:09] 813.2, 122.4, 6.642
[14:20:10] 813.3, 122.5, 6.642
[14:20:11] 813.5, 122.5, 6.641
[14:20:12] 813.6, 122.5, 6.638
[14:20:13] 813.7, 122.5, 6.642
[14:20:14] 813.8, 122.5, 6.644
[14:20:15] 813.9, 122.5, 6.647
[14:20:16] 814.0, 122.4, 6.644
[14:20:17] 814.1, 122.4, 6.647
[14:20:18] 814.1, 122.4, 6.644
[14:20:19] 814.2, 122.5, 6.652
[14:20:20] 814.4, 122.4, 6.610
[14:20:21] 807.7, 122.4, 6.562
[14:20:22] 802.2, 122.4, 6.615
[14:20:23] 819.5, 122.7, 5.310
[14:20:24] 648.9, 122.8, 5.217
[14:20:25] 640.8, 122.8, 5.213
[14:20:26] 640.7, 122.8, 5.207
[14:20:27] 640.6, 122.8, 5.212
[14:20:28] 727.2, 122.8, 5.237
[14:20:29] 680.2, 122.8, 5.200
[14:20:30] 638.8, 122.7, 5.198
[14:20:31] 638.7, 122.8, 5.199
[14:20:32] 638.7, 122.7, 5.207
[14:20:33] 676.2, 122.2, 7.225
[14:20:34] 769.9, 122.8, 5.198
[14:20:35] 638.6, 122.8, 5.198
[14:20:36] 638.6, 122.7, 5.191
[14:20:37] 638.5, 122.8, 5.190
[14:20:38] 638.5, 122.4, 6.772
[14:20:39] 791.4, 122.8, 5.614
[14:20:40] 731.3, 122.9, 5.192
[14:20:41] 638.4, 122.8, 5.192
[14:20:42] 638.4, 122.8, 5.186
[14:20:43] 638.2, 122.8, 5.188
[14:20:44] 638.1, 122.4, 6.793
[14:20:45] 830.2, 122.4, 6.805
[14:20:46] 851.8, 122.8, 5.203
[14:20:47] 638.2, 122.7, 5.198
[14:20:48] 638.2, 122.8, 5.194
[14:20:49] 638.2, 122.8, 5.196
[14:20:50] 638.2, 122.7, 5.189
[14:20:51] 714.0, 122.4, 6.798
[14:20:52] 832.9, 122.3, 6.804
[14:20:53] 833.0, 122.4, 6.811
[14:20:54] 845.5, 122.8, 5.212
[14:20:55] 639.8, 122.7, 5.203
[14:20:56] 639.6, 122.7, 5.196
[14:20:57] 639.4, 122.8, 5.198
[14:20:58] 639.3, 122.8, 5.195
[14:20:59] 678.8, 122.2, 6.800
[14:21:00] 833.1, 122.2, 6.808
[14:21:01] 833.2, 122.3, 6.819
[14:21:02] 833.4, 122.3, 6.823
[14:21:03] 833.7, 122.3, 6.820
[14:21:04] 833.9, 122.4, 6.830
[14:21:05] 834.3, 122.7, 5.822
[14:21:06] 736.7, 122.7, 5.203
[14:21:07] 639.0, 122.7, 5.208
[14:21:08] 639.0, 122.7, 5.198
[14:21:09] 638.9, 122.6, 5.199
[14:21:10] 638.8, 122.2, 6.808
[14:21:11] 808.7, 122.4, 6.813
[14:21:12] 834.7, 122.3, 6.817
[14:21:13] 834.7, 122.3, 6.819
[14:21:14] 834.7, 122.3, 6.823
[14:21:15] 834.9, 122.3, 6.837
[14:21:16] 835.1, 122.2, 6.830
[14:21:17] 835.2, 122.2, 6.836
[14:21:18] 835.4, 122.2, 6.872
[14:21:19] 835.7, 122.2, 6.840
[14:21:20] 835.8, 122.2, 6.842
[14:21:21] 836.0, 122.2, 6.848
[14:21:22] 836.3, 122.3, 6.839
[14:21:23] 803.8, 122.7, 5.225
[14:21:24] 639.8, 122.8, 5.200
[14:21:25] 639.6, 122.8, 5.199
[14:21:26] 639.5, 122.7, 5.196
