<<<[19:57:33] 142.3, 124.9, 1.136
[19:57:34] 142.4, 124.9, 1.129
[19:57:35] 142.4, 124.9, 1.131
[19:57:36] 142.4, 124.9, 1.211
[19:57:37] 153.9, 124.9, 1.508
[19:57:38] 190.3, 124.8, 1.498
[19:57:39] 190.0, 124.8, 1.496
[19:57:40] 189.8, 124.8, 1.496
[19:57:41] 216.1, 124.7, 2.378
[19:57:42] 296.9, 124.7, 2.436
[19:57:43] 297.4, 124.7, 2.449
[19:57:44] 304.8, 124.7, 2.436
[19:57:45] 304.8, 124.7, 2.437
[19:57:46] 304.8, 124.7, 2.439
[19:57:47] 304.9, 124.7, 2.439
[19:57:48] 305.0, 124.6, 2.473
[19:57:49] 304.8, 124.7, 2.418
[19:57:50] 304.5, 124.7, 2.277
[19:57:51] 295.4, 124.7, 2.224
[19:57:52] 279.1, 124.7, 2.220
[19:57:53] 279.0, 124.7, 2.240
[19:57:54] 278.9, 124.7, 2.223
[19:57:55] 278.9, 124.7, 2.220
[19:57:56] 278.8, 124.6, 2.226
[19:57:57] 278.8, 124.7, 2.223
[19:57:58] 278.8, 124.7, 2.152
[19:57:59] 278.7, 124.7, 2.220
[19:58:00] 278.7, 124.7, 2.224
[19:58:01] 278.7, 124.7, 2.227
[19:58:02] 278.8, 124.7, 2.224
[19:58:03] 278.8, 124.7, 2.190
[19:58:04] 278.6, 124.8, 2.219
[19:58:05] 278.7, 124.8, 2.220
[19:58:06] 278.7, 124.7, 2.220
[19:58:07] 278.6, 124.8, 2.220
[19:58:08] 278.5, 124.8, 2.219
[19:58:09] 278.4, 124.8, 2.220
[19:58:10] 278.6, 124.8, 2.219
[19:58:11] 278.6, 124.8, 2.265
[19:58:12] 278.7, 124.8, 2.222
[19:58:13] 278.7, 124.7, 2.221
[19:58:14] 278.7, 124.8, 2.222
[19:58:15] 278.7, 124.8, 2.223
[19:58:16] 278.7, 124.8, 1.747
[19:58:17] 252.5, 124.9, 1.458
[19:58:18] 183.6, 124.8, 1.445
[19:58:19] 183.3, 124.8, 1.454
[19:58:20] 183.2, 124.8, 1.447
[19:58:21] 183.0, 124.8, 1.444
[19:58:22] 182.9, 124.8, 1.449
[19:58:23] 182.8, 124.8, 1.449
[19:58:24] 182.6, 124.8, 1.442
[19:58:25] 182.6, 124.8, 1.451
[19:58:26] 182.5, 124.8, 1.453
[19:58:27] 182.4, 124.8, 1.447
[19:58:28] 182.4, 124.7, 1.453
[19:58:29] 182.3, 124.7, 1.434
[19:58:30] 182.2, 124.8, 1.443
[19:58:31] 182.1, 124.8, 1.448
[19:58:32] 182.0, 124.8, 1.445
[19:58:33] 182.0, 124.8, 1.446
[19:58:34] 182.0, 124.8, 1.445
[19:58:35] 182.0, 124.8, 1.444
[19:58:36] 182.0, 124.8, 1.445
[19:58:37] 182.0, 124.8, 1.446
[19:58:38] 181.9, 124.8, 1.447
[19:58:39] 181.9, 124.8, 1.446
[19:58:40] 181.9, 124.7, 1.447
[19:58:41] 181.9, 124.8, 1.399
[19:58:42] 176.5, 124.8, 1.415
[19:58:43] 214.3, 124.5, 3.592
[19:58:44] 397.5, 124.5, 3.612
[19:58:45] 451.8, 124.5, 3.688
[19:58:46] 461.2, 124.5, 3.683
[19:58:47] 461.1, 124.6, 3.689
[19:58:48] 460.8, 124.5, 3.683
[19:58:49] 461.0, 124.5, 3.689
[19:58:50] 461.0, 124.5, 3.695
[19:58:51] 460.9, 124.6, 3.668
[19:58:52] 460.8, 124.5, 3.685
[19:58:53] 460.7, 124.6, 3.676
[19:58:54] 460.7, 124.6, 3.684
[19:58:55] 460.7, 124.6, 3.732
[19:58:56] 460.8, 124.6, 3.681
[19:58:57] 460.7, 124.6, 3.685
[19:58:58] 460.7, 124.5, 3.683
[19:58:59] 460.8, 124.6, 3.651
[19:59:00] 460.6, 124.6, 3.678
[19:59:01] 460.4, 124.6, 3.637
[19:59:02] 459.7, 124.5, 3.688
[19:59:03] 460.1, 124.7, 2.715
[19:59:04] 376.9, 124.7, 2.694
[19:59:05] 338.0, 124.7, 2.693
[19:59:06] 337.8, 124.7, 2.695
[19:59:07] 337.8, 124.7, 2.695
[19:59:08] 337.8, 124.7, 2.698
[19:59:09] 337.8, 124.8, 2.695
[19:59:10] 337.7, 124.8, 2.691
[19:59:11] 337.7, 124.8, 2.684
[19:59:12] 337.5, 124.7, 2.659
[19:59:13] 337.3, 124.7, 2.678
[19:59:14] 336.9, 124.7, 2.655
[19:59:15] 336.5, 124.7, 2.644
[19:59:16] 335.9, 124.7, 2.627
[19:59:17] 324.6, 124.7, 2.608
[19:59:18] 292.2, 124.7, 2.567
[19:59:19] 323.7, 124.7, 2.638
[19:59:20] 329.8, 124.7, 2.621
[19:59:21] 329.7, 124.7, 2.628
[19:59:22] 329.7, 124.7, 2.624
[19:59:23] 329.6, 124.8, 2.627
[19:59:24] 329.5, 124.7, 2.638
[19:59:25] 329.5, 124.7, 2.614
[19:59:26] 329.4, 124.7, 2.622
[19:59:27] 329.3, 124.7, 2.618
[19:59:28] 329.1, 124.8, 2.614
[19:59:29] 329.0, 124.8, 2.614
[19:59:30] 328.8, 124.8, 2.604
[19:59:31] 328.7, 124.8, 2.609
[19:59:32] 328.5, 124.8, 2.606
[19:59:33] 328.3, 124.7, 2.572
[19:59:34] 327.9, 124.8, 2.511
[19:59:35] 285.5, 124.8, 2.549
[19:59:36] 318.6, 124.8, 2.609
[19:59:37] 327.8, 124.8, 2.613
[19:59:38] 327.7, 124.8, 2.604
[19:59:39] 327.6, 124.8, 2.594
[19:59:40] 327.4, 124.8, 2.609
[19:59:41] 327.3, 124.7, 2.608
[19:59:42] 327.3, 124.7, 2.612
[19:59:43] 327.3, 124.7, 2.615
[19:59:44] 327.2, 124.7, 2.608
[19:59:45] 327.4, 124.6, 2.606
[19:59:46] 327.5, 124.7, 2.608
[19:59:47] 327.5, 124.7, 2.604
[19:59:48] 327.4, 124.6, 2.593
[19:59:49] 327.2, 124.6, 2.602
[19:59:50] 327.0, 124.7, 2.591
[19:59:51] 326.8, 124.7, 2.523
[19:59:52] 285.7, 124.7, 2.537
[19:59:53] 317.5, 124.7, 2.614
[19:59:54] 326.6, 124.7, 2.607
[19:59:55] 326.6, 124.7, 2.623
[19:59:56] 326.6, 124.7, 2.610
[19:59:57] 326.6, 124.7, 2.598
[19:59:58] 326.5, 124.7, 2.600
[19:59:59] 326.5, 124.7, 2.601
[20:00:00] 326.4, 124.7, 2.606
[20:00:01] 326.5, 124.7, 2.613
[20:00:02] 326.5, 124.7, 2.599
[20:00:03] 326.5, 124.7, 2.600
[20:00:04] 326.4, 124.7, 2.605
[20:00:05] 326.5, 124.7, 2.593
[20:00:06] 326.4, 124.7, 2.602
[20:00:07] 326.3, 124.7, 2.571
[20:00:08] 326.0, 124.9, 1.515
[20:00:09] 216.0, 124.9, 1.149
[20:00:10] 144.1, 124.9, 1.127
[20:00:11] 143.9, 124.9, 1.131
[20:00:12] 143.7, 124.9, 1.128
