<<<[19:45:31] 144.1, 124.7, 1.152
[19:45:32] 144.2, 124.7, 1.156
[19:45:33] 144.4, 124.7, 1.156
[19:45:34] 144.6, 124.8, 1.149
[19:45:35] 144.7, 124.7, 1.426
[19:45:36] 171.1, 124.6, 1.384
[19:45:37] 176.5, 124.7, 1.377
[19:45:38] 176.1, 124.7, 1.358
[19:45:39] 175.6, 124.7, 2.260
[19:45:40] 280.4, 124.7, 2.292
[19:45:41] 285.7, 124.6, 2.350
[19:45:42] 292.9, 124.6, 2.328
[19:45:43] 292.7, 124.6, 2.331
[19:45:44] 292.7, 124.5, 2.331
[19:45:45] 292.8, 124.5, 2.335
[19:45:46] 292.7, 124.6, 2.349
[19:45:47] 292.7, 124.6, 2.326
[19:45:48] 292.6, 124.5, 2.329
[19:45:49] 292.4, 124.6, 2.119
[19:45:50] 269.2, 124.6, 2.121
[19:45:51] 268.7, 124.6, 2.132
[19:45:52] 268.5, 124.6, 2.123
[19:45:53] 268.3, 124.6, 2.122
[19:45:54] 268.0, 124.6, 2.119
[19:45:55] 267.9, 124.6, 2.123
[19:45:56] 267.6, 124.6, 2.130
[19:45:57] 267.5, 124.6, 2.125
[19:45:58] 267.5, 124.5, 2.128
[19:45:59] 267.3, 124.5, 2.122
[19:46:00] 267.4, 124.5, 2.130
[19:46:01] 267.3, 124.6, 2.130
[19:46:02] 267.2, 124.6, 2.127
[19:46:03] 267.2, 124.6, 2.130
[19:46:04] 267.2, 124.6, 2.151
[19:46:05] 267.3, 124.6, 2.131
[19:46:06] 267.3, 124.6, 2.130
[19:46:07] 267.2, 124.6, 2.130
[19:46:08] 267.3, 124.6, 2.132
[19:46:09] 267.3, 124.6, 2.154
[19:46:10] 267.4, 124.5, 2.129
[19:46:11] 267.4, 124.6, 2.128
[19:46:12] 267.3, 124.5, 2.129
[19:46:13] 267.3, 124.5, 2.129
[19:46:14] 267.2, 124.6, 1.768
[19:46:15] 232.6, 124.6, 1.402
[19:46:16] 178.5, 124.6, 1.400
[19:46:17] 178.1, 124.6, 1.400
[19:46:18] 178.0, 124.6, 1.372
[19:46:19] 177.6, 124.6, 1.366
[19:46:20] 172.2, 124.7, 1.366
[19:46:21] 172.1, 124.7, 1.384
[19:46:22] 172.1, 124.3, 3.783
[19:46:23] 346.3, 124.4, 3.501
[19:46:24] 436.6, 124.4, 3.600
[19:46:25] 442.4, 124.4, 3.566
[19:46:26] 442.6, 124.4, 3.577
[19:46:27] 442.9, 124.3, 3.586
[19:46:28] 443.1, 124.3, 3.580
[19:46:29] 443.5, 124.4, 3.604
[19:46:30] 443.7, 124.3, 3.557
[19:46:31] 422.1, 124.5, 2.337
[19:46:32] 292.4, 124.6, 2.331
[19:46:33] 292.5, 124.5, 2.334
[19:46:34] 292.5, 124.5, 2.357
[19:46:35] 292.6, 124.5, 2.336
[19:46:36] 292.6, 124.5, 2.334
[19:46:37] 292.6, 124.5, 2.332
[19:46:38] 292.7, 124.6, 2.336
[19:46:39] 292.7, 124.5, 2.341
[19:46:40] 292.8, 124.6, 2.335
[19:46:41] 292.8, 124.6, 2.337
[19:46:42] 292.8, 124.9, 1.089
[19:46:43] 200.0, 124.9, 1.115
[19:46:44] 140.5, 124.9, 1.114
[19:46:45] 140.5, 124.8, 1.112
[19:46:46] 140.4, 124.9, 1.110
