<<<[20:14:17] 142.1, 125.0, 1.123
[20:14:18] 141.9, 125.0, 1.117
[20:14:19] 141.8, 125.0, 1.113
[20:14:20] 141.7, 125.0, 1.228
[20:14:21] 154.4, 125.0, 1.459
[20:14:22] 180.8, 125.0, 1.397
[20:14:23] 180.2, 125.0, 1.389
[20:14:24] 179.7, 124.8, 3.467
[20:14:25] 223.0, 124.9, 2.274
[20:14:26] 285.8, 124.9, 2.341
[20:14:27] 291.6, 124.8, 2.342
[20:14:28] 291.9, 124.9, 2.343
[20:14:29] 292.2, 124.8, 2.359
[20:14:30] 292.6, 124.9, 2.343
[20:14:31] 292.8, 124.9, 2.342
[20:14:32] 293.0, 124.8, 2.336
[20:14:33] 293.1, 124.9, 2.336
[20:14:34] 293.2, 124.9, 2.123
[20:14:35] 284.4, 124.9, 2.127
[20:14:36] 267.6, 124.9, 2.126
[20:14:37] 267.5, 124.9, 2.135
[20:14:38] 267.6, 124.9, 2.126
[20:14:39] 267.5, 124.9, 2.130
[20:14:40] 267.5, 124.9, 2.123
[20:14:41] 267.5, 124.8, 2.125
[20:14:42] 267.4, 124.9, 2.132
[20:14:43] 267.5, 124.9, 2.125
[20:14:44] 267.4, 124.9, 2.131
[20:14:45] 267.4, 124.9, 2.125
[20:14:46] 267.4, 124.9, 2.127
[20:14:47] 267.4, 125.0, 2.133
[20:14:48] 267.5, 124.9, 2.126
[20:14:49] 267.4, 124.9, 2.127
[20:14:50] 267.4, 124.9, 2.130
[20:14:51] 267.6, 124.9, 2.129
[20:14:52] 267.6, 124.9, 2.136
[20:14:53] 267.6, 124.9, 2.130
[20:14:54] 267.6, 125.0, 2.133
[20:14:55] 267.6, 125.0, 2.130
[20:14:56] 267.8, 124.9, 2.131
[20:14:57] 267.7, 124.9, 2.140
[20:14:58] 267.8, 124.9, 2.130
[20:14:59] 267.8, 124.9, 2.131
[20:15:00] 267.8, 125.0, 1.522
[20:15:01] 200.4, 125.0, 1.410
[20:15:02] 177.6, 125.0, 1.412
[20:15:03] 177.6, 125.0, 1.404
[20:15:04] 177.5, 125.0, 1.410
[20:15:05] 177.4, 125.0, 1.426
[20:15:06] 177.5, 125.0, 1.424
[20:15:07] 177.7, 125.0, 1.425
[20:15:08] 177.9, 125.0, 1.430
[20:15:09] 178.2, 125.0, 1.421
[20:15:10] 178.3, 125.0, 1.387
[20:15:11] 178.0, 125.0, 1.404
[20:15:12] 177.8, 125.0, 1.399
[20:15:13] 177.7, 125.1, 1.431
[20:15:14] 177.7, 125.0, 1.427
[20:15:15] 177.9, 125.0, 1.420
[20:15:16] 178.1, 125.0, 1.422
[20:15:17] 178.2, 125.1, 1.423
[20:15:18] 178.4, 125.1, 1.425
[20:15:19] 178.5, 125.1, 1.424
[20:15:20] 178.6, 125.0, 1.422
[20:15:21] 178.7, 125.0, 1.422
[20:15:22] 178.6, 125.0, 1.415
[20:15:23] 178.7, 125.0, 1.421
[20:15:24] 178.7, 125.0, 1.422
[20:15:25] 178.7, 125.0, 1.419
[20:15:26] 178.7, 125.1, 1.423
[20:15:27] 178.7, 125.0, 1.413
[20:15:28] 178.7, 125.0, 1.415
[20:15:29] 178.7, 125.1, 1.418
[20:15:30] 178.7, 125.1, 1.420
[20:15:31] 178.8, 125.1, 1.420
[20:15:32] 178.7, 125.0, 1.419
[20:15:33] 178.7, 125.0, 1.408
[20:15:34] 178.7, 125.0, 1.427
[20:15:35] 178.6, 125.0, 1.412
[20:15:36] 178.5, 125.0, 1.410
[20:15:37] 178.4, 125.0, 1.418
[20:15:38] 178.4, 125.1, 1.414
[20:15:39] 178.3, 125.0, 1.410
[20:15:40] 178.3, 125.0, 1.418
[20:15:41] 178.3, 125.0, 1.415
[20:15:42] 178.2, 125.0, 1.418
[20:15:43] 178.3, 125.0, 1.422
[20:15:44] 178.3, 124.9, 1.424
[20:15:45] 178.1, 125.0, 1.409
[20:15:46] 178.2, 125.0, 1.404
[20:15:47] 178.0, 125.0, 1.394
[20:15:48] 177.7, 125.0, 1.392
[20:15:49] 177.5, 125.0, 1.399
[20:15:50] 177.3, 125.0, 1.393
[20:15:51] 177.1, 125.0, 1.396
[20:15:52] 177.0, 125.0, 1.415
[20:15:53] 177.2, 125.0, 1.422
[20:15:54] 177.4, 125.0, 1.426
[20:15:55] 177.6, 125.0, 1.414
[20:15:56] 177.6, 125.0, 1.414
[20:15:57] 177.7, 125.0, 1.417
[20:15:58] 177.7, 125.1, 1.405
[20:15:59] 177.7, 125.1, 1.413
[20:16:00] 177.8, 125.0, 1.417
[20:16:01] 177.9, 125.0, 1.417
[20:16:02] 178.0, 125.0, 1.421
[20:16:03] 178.0, 125.0, 1.413
[20:16:04] 178.0, 125.0, 1.419
[20:16:05] 178.1, 125.0, 1.415
[20:16:06] 178.0, 125.0, 1.408
[20:16:07] 178.0, 125.0, 1.407
[20:16:08] 178.0, 125.0, 1.414
[20:16:09] 178.0, 125.0, 1.409
[20:16:10] 178.0, 125.0, 1.416
[20:16:11] 178.0, 125.1, 1.420
[20:16:12] 177.9, 125.1, 1.407
[20:16:13] 178.1, 125.1, 1.417
[20:16:14] 178.1, 125.1, 1.420
[20:16:15] 178.1, 125.1, 1.406
[20:16:16] 178.1, 125.1, 1.434
[20:16:17] 178.4, 125.1, 1.409
[20:16:18] 178.3, 125.1, 1.400
[20:16:19] 178.2, 125.1, 1.411
[20:16:20] 178.2, 125.0, 1.415
[20:16:21] 178.1, 125.1, 1.410
[20:16:22] 178.1, 125.1, 1.419
[20:16:23] 178.2, 125.1, 1.431
[20:16:24] 178.4, 125.1, 1.365
[20:16:25] 178.0, 125.1, 1.363
[20:16:26] 172.0, 124.7, 3.509
[20:16:27] 355.9, 124.8, 3.505
[20:16:28] 438.1, 124.7, 3.561
[20:16:29] 446.8, 124.7, 3.576
[20:16:30] 446.8, 124.7, 3.583
[20:16:31] 446.9, 124.7, 3.572
[20:16:32] 447.2, 124.7, 3.584
[20:16:33] 447.3, 124.7, 3.595
[20:16:34] 447.5, 124.7, 3.581
[20:16:35] 447.7, 124.7, 3.584
[20:16:36] 447.8, 124.7, 3.579
[20:16:37] 447.9, 124.7, 3.587
[20:16:38] 448.0, 124.7, 3.596
[20:16:39] 448.2, 124.7, 3.589
[20:16:40] 448.4, 124.7, 3.599
[20:16:41] 448.5, 124.7, 3.624
[20:16:42] 448.9, 124.7, 3.572
[20:16:43] 448.9, 124.6, 3.602
[20:16:44] 449.1, 124.7, 3.600
[20:16:45] 449.2, 124.7, 3.584
[20:16:46] 449.3, 124.8, 3.044
[20:16:47] 404.4, 124.8, 2.648
[20:16:48] 331.8, 124.7, 2.645
[20:16:49] 331.7, 124.8, 2.648
[20:16:50] 331.7, 124.8, 2.632
[20:16:51] 331.7, 124.8, 2.656
[20:16:52] 331.7, 124.8, 2.651
[20:16:53] 331.7, 124.8, 2.640
[20:16:54] 331.8, 124.8, 2.654
[20:16:55] 331.8, 124.8, 2.640
[20:16:56] 331.7, 124.7, 2.622
[20:16:57] 331.4, 124.7, 2.618
[20:16:58] 331.1, 124.8, 2.620
[20:16:59] 330.6, 124.8, 2.617
[20:17:00] 330.2, 124.8, 2.604
[20:17:01] 329.8, 124.8, 2.605
[20:17:02] 329.3, 124.7, 2.641
[20:17:03] 329.2, 124.7, 2.605
[20:17:04] 328.9, 124.7, 2.614
[20:17:05] 328.7, 124.8, 2.615
[20:17:06] 328.4, 124.8, 2.626
[20:17:07] 328.2, 124.8, 2.600
[20:17:08] 328.2, 124.8, 2.622
[20:17:09] 328.2, 124.8, 2.621
[20:17:10] 328.1, 125.0, 1.504
[20:17:11] 272.4, 124.8, 2.577
[20:17:12] 291.3, 124.8, 2.513
[20:17:13] 317.5, 124.8, 2.578
[20:17:14] 323.5, 124.7, 2.579
[20:17:15] 323.4, 124.7, 2.576
[20:17:16] 323.4, 124.8, 2.593
[20:17:17] 323.5, 124.7, 2.584
[20:17:18] 323.5, 124.8, 2.559
[20:17:19] 323.5, 124.8, 2.573
[20:17:20] 323.4, 124.8, 2.570
[20:17:21] 323.2, 124.8, 2.576
[20:17:22] 323.1, 124.8, 2.572
[20:17:23] 323.0, 124.8, 2.563
[20:17:24] 322.8, 124.8, 2.577
[20:17:25] 322.9, 124.7, 2.571
[20:17:26] 322.8, 124.8, 2.552
[20:17:27] 322.7, 124.8, 2.572
[20:17:28] 322.6, 124.7, 2.568
[20:17:29] 322.5, 124.8, 2.543
[20:17:30] 322.3, 124.8, 2.566
[20:17:31] 322.3, 124.7, 2.572
[20:17:32] 322.2, 124.8, 2.558
[20:17:33] 322.1, 124.8, 2.571
[20:17:34] 322.0, 124.8, 2.570
[20:17:35] 322.0, 124.7, 2.569
[20:17:36] 321.9, 124.7, 2.562
[20:17:37] 321.8, 124.8, 2.563
[20:17:38] 321.8, 124.8, 2.561
[20:17:39] 321.7, 124.8, 2.560
[20:17:40] 321.6, 124.8, 2.541
[20:17:41] 321.5, 124.7, 2.565
[20:17:42] 321.5, 124.8, 2.561
[20:17:43] 321.4, 124.8, 2.554
[20:17:44] 321.4, 124.8, 2.569
[20:17:45] 321.4, 124.8, 2.558
[20:17:46] 321.2, 124.8, 2.556
[20:17:47] 321.2, 124.8, 2.556
[20:17:48] 321.1, 124.8, 2.539
[20:17:49] 321.0, 124.8, 2.553
[20:17:50] 320.9, 124.8, 2.547
[20:17:51] 320.8, 124.8, 2.552
[20:17:52] 320.6, 124.9, 2.550
[20:17:53] 320.5, 124.8, 2.553
[20:17:54] 320.4, 124.8, 2.522
[20:17:55] 320.2, 125.0, 1.415
[20:17:56] 237.0, 124.8, 2.499
[20:17:57] 301.8, 124.8, 2.511
[20:17:58] 313.9, 124.8, 2.548
[20:17:59] 319.1, 124.8, 2.550
[20:18:00] 319.0, 124.8, 2.552
[20:18:01] 319.2, 124.8, 2.563
[20:18:02] 319.4, 124.8, 2.549
[20:18:03] 319.5, 124.8, 2.567
[20:18:04] 319.7, 124.8, 2.565
[20:18:05] 319.8, 124.8, 2.547
[20:18:06] 319.8, 124.7, 2.559
[20:18:07] 320.1, 124.7, 2.562
[20:18:08] 320.2, 124.7, 2.549
[20:18:09] 320.2, 124.8, 2.571
[20:18:10] 320.3, 124.8, 2.557
[20:18:11] 320.3, 124.8, 2.549
[20:18:12] 320.3, 124.7, 2.563
[20:18:13] 320.5, 124.8, 2.563
[20:18:14] 320.5, 124.7, 2.572
[20:18:15] 320.7, 124.7, 2.571
[20:18:16] 320.7, 124.7, 2.559
[20:18:17] 320.9, 124.7, 2.569
[20:18:18] 320.9, 124.8, 2.557
[20:18:19] 320.9, 124.8, 2.534
[20:18:20] 320.8, 124.8, 2.561
[20:18:21] 320.8, 124.7, 2.566
[20:18:22] 320.7, 124.8, 2.543
[20:18:23] 320.7, 124.8, 2.563
[20:18:24] 320.7, 124.7, 2.581
[20:18:25] 320.6, 124.7, 2.559
[20:18:26] 320.7, 124.8, 2.555
[20:18:27] 320.7, 124.8, 2.545
[20:18:28] 320.6, 124.8, 2.566
[20:18:29] 320.6, 124.8, 2.563
[20:18:30] 320.6, 124.8, 2.551
[20:18:31] 320.6, 124.8, 2.552
[20:18:32] 320.6, 124.8, 2.556
[20:18:33] 320.5, 124.8, 2.552
[20:18:34] 320.5, 124.8, 2.560
[20:18:35] 320.4, 124.7, 2.551
[20:18:36] 320.2, 124.8, 2.542
[20:18:37] 320.2, 124.7, 2.546
[20:18:38] 320.1, 124.8, 2.537
[20:18:39] 319.9, 124.8, 2.540
[20:18:40] 319.8, 125.0, 1.391
[20:18:41] 216.5, 124.8, 2.478
[20:18:42] 319.3, 124.8, 2.547
[20:18:43] 318.7, 124.9, 2.549
[20:18:44] 318.8, 124.8, 2.543
[20:18:45] 318.8, 124.8, 2.561
[20:18:46] 319.0, 124.8, 2.559
[20:18:47] 319.2, 124.8, 2.534
[20:18:48] 319.4, 124.8, 2.555
[20:18:49] 319.6, 124.8, 2.560
[20:18:50] 319.7, 124.8, 2.554
[20:18:51] 319.8, 124.8, 2.556
[20:18:52] 320.0, 124.8, 2.562
[20:18:53] 320.0, 124.8, 2.564
[20:18:54] 320.2, 124.8, 2.568
[20:18:55] 320.2, 124.8, 2.552
[20:18:56] 320.3, 124.7, 2.562
[20:18:57] 320.4, 124.8, 2.565
[20:18:58] 320.4, 124.8, 2.549
[20:18:59] 320.4, 124.7, 2.559
[20:19:00] 320.5, 124.8, 2.553
[20:19:01] 320.5, 124.8, 2.552
[20:19:02] 320.5, 124.9, 2.558
[20:19:03] 320.5, 124.8, 2.564
[20:19:04] 320.5, 124.8, 2.564
[20:19:05] 320.6, 124.9, 2.560
[20:19:06] 320.7, 124.9, 2.533
[20:19:07] 320.6, 124.9, 2.554
[20:19:08] 320.6, 124.9, 2.557
[20:19:09] 320.6, 124.9, 2.525
[20:19:10] 320.5, 124.9, 2.561
[20:19:11] 320.6, 124.9, 2.558
[20:19:12] 320.6, 124.9, 2.546
[20:19:13] 320.7, 124.9, 2.556
[20:19:14] 320.7, 124.9, 2.579
[20:19:15] 320.7, 124.9, 2.567
[20:19:16] 320.9, 124.9, 2.566
[20:19:17] 321.0, 124.8, 2.550
[20:19:18] 321.0, 124.8, 2.558
[20:19:19] 320.9, 124.8, 2.550
[20:19:20] 320.7, 124.8, 2.551
[20:19:21] 320.6, 124.8, 2.554
[20:19:22] 320.6, 124.8, 2.553
[20:19:23] 320.4, 124.8, 2.524
[20:19:24] 320.2, 124.8, 2.556
[20:19:25] 320.2, 125.0, 1.414
[20:19:26] 232.3, 124.8, 2.472
[20:19:27] 308.5, 124.8, 2.541
[20:19:28] 315.5, 124.8, 2.538
[20:19:29] 315.8, 124.8, 2.548
[20:19:30] 316.4, 124.8, 2.548
[20:19:31] 316.8, 124.9, 2.540
[20:19:32] 317.1, 124.8, 2.558
[20:19:33] 317.6, 124.8, 2.562
[20:19:34] 318.0, 124.9, 2.553
[20:19:35] 318.3, 124.8, 2.555
[20:19:36] 318.6, 124.8, 2.560
[20:19:37] 318.9, 124.8, 2.544
[20:19:38] 319.1, 124.8, 2.549
[20:19:39] 319.2, 124.8, 2.553
[20:19:40] 319.3, 124.8, 2.564
[20:19:41] 319.5, 124.8, 2.563
[20:19:42] 319.6, 124.8, 2.545
[20:19:43] 319.7, 124.8, 2.568
[20:19:44] 319.9, 124.8, 2.562
[20:19:45] 320.0, 124.9, 2.531
[20:19:46] 320.0, 124.9, 2.558
[20:19:47] 320.1, 124.9, 2.557
[20:19:48] 320.1, 124.9, 2.566
[20:19:49] 320.7, 124.9, 2.556
[20:19:50] 320.6, 125.0, 2.576
[20:19:51] 320.9, 124.9, 2.550
[20:19:52] 320.8, 124.9, 2.560
[20:19:53] 320.8, 124.9, 2.562
[20:19:54] 320.8, 124.9, 2.578
[20:19:55] 320.8, 124.9, 2.555
[20:19:56] 320.7, 124.9, 2.536
[20:19:57] 320.7, 124.8, 2.566
[20:19:58] 320.6, 124.8, 2.557
[20:19:59] 320.6, 124.8, 2.551
[20:20:00] 320.6, 124.8, 2.556
[20:20:01] 320.6, 124.7, 2.559
[20:20:02] 320.5, 124.7, 2.558
[20:20:03] 320.6, 124.8, 2.555
[20:20:04] 320.6, 124.8, 2.596
[20:20:05] 321.0, 124.8, 2.550
[20:20:06] 321.0, 124.9, 2.548
[20:20:07] 320.8, 124.8, 2.520
[20:20:08] 320.6, 124.9, 2.544
[20:20:09] 320.3, 124.9, 2.538
[20:20:10] 319.9, 125.0, 1.476
[20:20:11] 176.9, 125.1, 1.121
[20:20:12] 146.6, 125.0, 1.114
[20:20:13] 141.0, 125.0, 1.116
[20:20:14] 141.0, 125.1, 1.121
