<<<[20:04:39] 143.6, 124.9, 1.128
[20:04:40] 143.4, 125.0, 1.120
[20:04:41] 143.2, 125.0, 1.123
[20:04:42] 143.1, 125.0, 1.200
[20:04:43] 154.4, 125.0, 1.470
[20:04:44] 180.3, 124.9, 1.405
[20:04:45] 179.8, 124.7, 3.592
[20:04:46] 219.9, 124.8, 2.284
[20:04:47] 285.8, 124.9, 2.344
[20:04:48] 291.6, 124.8, 2.343
[20:04:49] 292.1, 124.8, 2.349
[20:04:50] 292.3, 124.8, 2.363
[20:04:51] 292.7, 124.8, 2.351
[20:04:52] 293.1, 124.7, 2.352
[20:04:53] 293.3, 124.8, 2.348
[20:04:54] 293.6, 124.8, 2.349
[20:04:55] 293.7, 124.8, 2.352
[20:04:56] 293.9, 124.8, 2.128
[20:04:57] 285.3, 124.8, 2.138
[20:04:58] 268.3, 124.7, 2.161
[20:04:59] 268.5, 124.8, 2.139
[20:05:00] 268.4, 124.7, 2.139
[20:05:01] 268.5, 124.7, 2.139
[20:05:02] 268.5, 124.7, 2.140
[20:05:03] 268.5, 124.7, 2.160
[20:05:04] 268.7, 124.7, 2.142
[20:05:05] 268.6, 124.7, 2.139
[20:05:06] 268.6, 124.7, 2.137
[20:05:07] 268.7, 124.6, 2.140
[20:05:08] 268.6, 124.6, 2.158
[20:05:09] 268.6, 124.7, 2.137
[20:05:10] 268.5, 124.7, 2.137
[20:05:11] 268.5, 124.6, 2.139
[20:05:12] 268.6, 124.7, 2.137
[20:05:13] 268.5, 124.7, 2.156
[20:05:14] 268.5, 124.7, 2.138
[20:05:15] 268.5, 124.7, 2.137
[20:05:16] 268.4, 124.6, 2.139
[20:05:17] 268.5, 124.6, 2.139
[20:05:18] 268.5, 124.6, 2.160
[20:05:19] 268.5, 124.6, 2.142
[20:05:20] 268.5, 124.7, 2.142
[20:05:21] 268.4, 124.8, 1.469
[20:05:22] 203.3, 124.8, 1.425
[20:05:23] 178.5, 124.8, 1.409
[20:05:24] 178.3, 124.8, 1.413
[20:05:25] 178.2, 124.8, 1.419
[20:05:26] 178.1, 124.8, 1.406
[20:05:27] 178.0, 124.8, 1.407
[20:05:28] 177.9, 124.7, 1.408
[20:05:29] 177.8, 124.8, 1.418
[20:05:30] 177.8, 124.8, 1.409
[20:05:31] 177.7, 124.9, 1.407
[20:05:32] 177.7, 124.9, 1.413
[20:05:33] 177.7, 124.9, 1.415
[20:05:34] 177.7, 124.9, 1.418
[20:05:35] 177.6, 124.9, 1.408
[20:05:36] 177.5, 124.9, 1.405
[20:05:37] 177.4, 124.8, 1.407
[20:05:38] 177.4, 124.9, 1.403
[20:05:39] 177.3, 124.9, 1.401
[20:05:40] 177.3, 124.9, 1.402
[20:05:41] 177.2, 124.9, 1.413
[20:05:42] 177.2, 124.9, 1.408
[20:05:43] 177.2, 124.9, 1.430
[20:05:44] 177.4, 124.9, 1.424
[20:05:45] 177.5, 124.9, 1.419
[20:05:46] 177.6, 124.9, 1.409
[20:05:47] 177.8, 124.9, 1.396
[20:05:48] 177.7, 124.9, 1.397
[20:05:49] 177.5, 124.9, 1.414
[20:05:50] 177.5, 124.9, 1.411
[20:05:51] 177.5, 124.9, 1.409
[20:05:52] 177.6, 124.9, 1.412
[20:05:53] 177.8, 124.9, 1.417
[20:05:54] 177.9, 125.0, 1.420
[20:05:55] 177.9, 124.9, 1.416
[20:05:56] 177.9, 124.9, 1.416
[20:05:57] 177.9, 124.9, 1.415
[20:05:58] 177.9, 124.9, 1.418
[20:05:59] 177.9, 124.9, 1.416
[20:06:00] 177.9, 124.9, 1.409
[20:06:01] 177.9, 124.9, 1.426
[20:06:02] 177.9, 124.9, 1.409
[20:06:03] 177.9, 124.9, 1.409
[20:06:04] 177.9, 124.9, 1.417
[20:06:05] 177.9, 124.8, 1.402
[20:06:06] 177.8, 124.8, 1.401
[20:06:07] 177.7, 124.9, 1.401
[20:06:08] 177.5, 124.9, 1.400
[20:06:09] 177.3, 125.0, 1.402
[20:06:10] 177.2, 124.9, 1.398
[20:06:11] 177.0, 124.9, 1.405
[20:06:12] 177.0, 124.9, 1.408
[20:06:13] 177.0, 124.9, 1.406
[20:06:14] 177.1, 124.8, 2.322
[20:06:15] 255.4, 124.6, 3.524
[20:06:16] 431.2, 124.6, 3.599
[20:06:17] 444.6, 124.5, 3.606
[20:06:18] 451.5, 124.6, 3.600
[20:06:19] 451.2, 124.5, 3.628
[20:06:20] 451.2, 124.5, 3.600
[20:06:21] 451.1, 124.5, 3.596
[20:06:22] 450.9, 124.5, 3.601
[20:06:23] 451.1, 124.5, 3.605
[20:06:24] 451.0, 124.5, 3.627
[20:06:25] 451.1, 124.5, 3.606
[20:06:26] 451.1, 124.5, 3.607
[20:06:27] 451.0, 124.5, 3.613
[20:06:28] 451.2, 124.5, 3.609
[20:06:29] 451.1, 124.6, 3.643
[20:06:30] 451.3, 124.6, 3.599
[20:06:31] 451.2, 124.5, 3.609
[20:06:32] 451.3, 124.6, 3.607
[20:06:33] 451.5, 124.6, 3.605
[20:06:34] 451.5, 124.7, 3.127
[20:06:35] 430.1, 124.7, 2.681
[20:06:36] 334.2, 124.6, 2.665
[20:06:37] 334.1, 124.7, 2.662
[20:06:38] 334.0, 124.7, 2.663
[20:06:39] 333.9, 124.6, 2.662
[20:06:40] 333.8, 124.7, 2.654
[20:06:41] 333.7, 124.6, 2.651
[20:06:42] 333.5, 124.6, 2.598
[20:06:43] 333.1, 124.8, 1.670
[20:06:44] 280.0, 124.6, 2.569
[20:06:45] 313.2, 124.6, 2.593
[20:06:46] 322.9, 124.6, 2.625
[20:06:47] 323.5, 124.7, 2.616
[20:06:48] 324.0, 124.7, 2.615
[20:06:49] 324.4, 124.8, 2.608
[20:06:50] 324.6, 124.8, 2.603
[20:06:51] 324.7, 124.8, 2.584
[20:06:52] 324.9, 124.8, 2.585
[20:06:53] 324.9, 124.7, 2.597
[20:06:54] 324.9, 124.8, 2.602
[20:06:55] 325.0, 124.7, 2.590
[20:06:56] 324.9, 124.7, 2.595
[20:06:57] 324.9, 124.7, 2.593
[20:06:58] 324.9, 124.7, 2.594
[20:06:59] 324.8, 124.7, 2.587
[20:07:00] 324.6, 124.7, 2.581
[20:07:01] 324.5, 124.7, 2.575
[20:07:02] 324.4, 124.7, 2.567
[20:07:03] 324.3, 124.7, 2.580
[20:07:04] 324.4, 124.7, 2.588
[20:07:05] 324.4, 124.7, 2.579
[20:07:06] 324.3, 124.7, 2.589
[20:07:07] 324.2, 124.8, 2.574
[20:07:08] 324.0, 124.8, 2.573
[20:07:09] 323.8, 124.8, 2.568
[20:07:10] 323.6, 124.7, 2.569
[20:07:11] 323.4, 124.8, 2.556
[20:07:12] 323.1, 124.9, 1.901
[20:07:13] 280.0, 124.8, 2.538
[20:07:14] 295.6, 124.8, 2.510
[20:07:15] 317.0, 124.8, 2.585
[20:07:16] 324.6, 124.7, 2.580
[20:07:17] 324.4, 124.8, 2.581
[20:07:18] 324.3, 124.8, 2.577
[20:07:19] 324.0, 124.7, 2.588
[20:07:20] 323.9, 124.8, 2.581
[20:07:21] 323.8, 124.8, 2.575
[20:07:22] 323.7, 124.8, 2.570
[20:07:23] 323.6, 124.7, 2.558
[20:07:24] 323.4, 124.8, 2.577
[20:07:25] 323.4, 124.8, 2.572
[20:07:26] 323.3, 124.8, 2.576
[20:07:27] 323.2, 124.8, 2.570
[20:07:28] 323.1, 124.8, 2.574
[20:07:29] 323.0, 124.8, 2.566
[20:07:30] 322.9, 124.7, 2.570
[20:07:31] 322.9, 124.7, 2.571
[20:07:32] 322.8, 124.7, 2.555
[20:07:33] 322.8, 124.8, 2.559
[20:07:34] 322.8, 124.7, 2.572
[20:07:35] 322.8, 124.8, 2.573
[20:07:36] 322.7, 124.8, 2.571
[20:07:37] 322.7, 124.7, 2.570
[20:07:38] 322.6, 124.7, 2.572
[20:07:39] 322.5, 124.8, 2.555
[20:07:40] 322.3, 124.8, 2.554
[20:07:41] 322.0, 124.8, 2.466
[20:07:42] 291.6, 124.8, 2.531
[20:07:43] 282.2, 124.8, 2.493
[20:07:44] 313.7, 124.7, 2.569
[20:07:45] 322.6, 124.7, 2.573
[20:07:46] 322.6, 124.7, 2.575
[20:07:47] 322.6, 124.7, 2.577
[20:07:48] 322.6, 124.7, 2.576
[20:07:49] 322.5, 124.7, 2.572
[20:07:50] 322.5, 124.7, 2.571
[20:07:51] 322.4, 124.7, 2.574
[20:07:52] 322.3, 124.6, 2.571
[20:07:53] 322.3, 124.7, 2.576
[20:07:54] 322.4, 124.7, 2.576
[20:07:55] 322.5, 124.7, 2.570
[20:07:56] 322.4, 124.7, 2.581
[20:07:57] 322.5, 124.6, 2.576
[20:07:58] 322.5, 124.7, 2.572
[20:07:59] 322.4, 124.7, 2.565
[20:08:00] 322.3, 124.6, 2.570
[20:08:01] 322.2, 124.7, 2.567
[20:08:02] 322.2, 124.6, 2.569
[20:08:03] 322.1, 124.6, 2.557
[20:08:04] 322.2, 124.7, 2.569
[20:08:05] 322.2, 124.7, 2.571
[20:08:06] 322.2, 124.7, 2.585
[20:08:07] 322.1, 124.7, 2.566
[20:08:08] 322.0, 124.7, 2.572
[20:08:09] 321.9, 124.7, 2.562
[20:08:10] 321.8, 124.7, 2.556
[20:08:11] 301.8, 124.8, 2.514
[20:08:12] 277.5, 124.7, 2.481
[20:08:13] 312.4, 124.7, 2.563
[20:08:14] 322.2, 124.7, 2.587
[20:08:15] 322.2, 124.7, 2.589
[20:08:16] 322.5, 124.7, 2.575
[20:08:17] 322.7, 124.7, 2.583
[20:08:18] 322.7, 124.8, 2.571
[20:08:19] 322.7, 124.8, 2.570
[20:08:20] 322.6, 124.8, 2.569
[20:08:21] 322.5, 124.8, 2.562
[20:08:22] 322.4, 124.8, 2.557
[20:08:23] 322.3, 124.8, 2.560
[20:08:24] 322.2, 124.8, 2.574
[20:08:25] 322.3, 124.8, 2.574
[20:08:26] 322.3, 124.8, 2.573
[20:08:27] 322.3, 124.8, 2.572
[20:08:28] 322.3, 124.7, 2.588
[20:08:29] 322.6, 124.7, 2.599
[20:08:30] 328.7, 124.7, 2.570
[20:08:31] 322.2, 124.7, 2.560
[20:08:32] 322.1, 124.8, 2.566
[20:08:33] 322.0, 124.7, 2.562
[20:08:34] 322.1, 124.8, 2.579
[20:08:35] 322.2, 124.7, 2.569
[20:08:36] 322.1, 124.7, 2.564
[20:08:37] 322.0, 124.8, 2.568
[20:08:38] 321.8, 124.7, 2.562
[20:08:39] 321.7, 124.7, 2.563
[20:08:40] 306.7, 124.9, 1.468
[20:08:41] 171.3, 124.9, 1.146
[20:08:42] 145.0, 124.8, 1.124
[20:08:43] 144.6, 124.9, 1.125
[20:08:44] 144.3, 124.9, 1.126
