<<<[19:48:27] 142.7, 124.7, 1.124
[19:48:28] 142.6, 124.7, 1.121
[19:48:29] 142.4, 124.7, 1.127
[19:48:30] 142.5, 124.6, 1.446
[19:48:31] 164.7, 124.6, 1.488
[19:48:32] 188.1, 124.6, 1.488
[19:48:33] 187.9, 124.7, 1.487
[19:48:34] 187.8, 124.5, 2.335
[19:48:35] 299.6, 124.5, 2.398
[19:48:36] 299.0, 124.5, 2.412
[19:48:37] 299.2, 124.5, 2.407
[19:48:38] 299.4, 124.5, 2.408
[19:48:39] 299.7, 124.5, 2.413
[19:48:40] 299.9, 124.5, 2.410
[19:48:41] 300.1, 124.6, 2.331
[19:48:42] 300.2, 124.6, 2.394
[19:48:43] 300.1, 124.6, 2.394
[19:48:44] 300.1, 124.6, 2.203
[19:48:45] 287.3, 124.5, 2.199
[19:48:46] 275.3, 124.6, 2.157
[19:48:47] 275.1, 124.5, 2.200
[19:48:48] 275.3, 124.5, 2.200
[19:48:49] 275.3, 124.5, 2.199
[19:48:50] 275.3, 124.6, 2.200
[19:48:51] 275.4, 124.6, 2.200
[19:48:52] 275.1, 124.6, 2.197
[19:48:53] 275.4, 124.6, 2.199
[19:48:54] 275.4, 124.5, 2.210
[19:48:55] 275.3, 124.6, 2.205
[19:48:56] 275.4, 124.5, 2.205
[19:48:57] 275.4, 124.6, 2.204
[19:48:58] 275.5, 124.5, 2.204
[19:48:59] 275.5, 124.6, 2.257
[19:49:00] 275.6, 124.6, 2.203
[19:49:01] 275.6, 124.5, 2.202
[19:49:02] 275.6, 124.6, 2.201
[19:49:03] 275.7, 124.5, 2.202
[19:49:04] 275.7, 124.6, 2.229
[19:49:05] 275.6, 124.6, 2.203
[19:49:06] 275.6, 124.6, 2.197
[19:49:07] 275.6, 124.6, 2.202
[19:49:08] 275.6, 124.6, 2.201
[19:49:09] 275.6, 124.6, 1.837
[19:49:10] 257.1, 124.7, 1.464
[19:49:11] 187.5, 124.7, 1.462
[19:49:12] 187.0, 124.8, 1.444
[19:49:13] 186.4, 124.7, 1.425
[19:49:14] 179.2, 124.7, 1.431
[19:49:15] 179.3, 124.7, 1.435
[19:49:16] 179.3, 124.7, 1.427
[19:49:17] 179.4, 124.6, 1.434
[19:49:18] 179.4, 124.7, 1.428
[19:49:19] 179.5, 124.7, 1.433
[19:49:20] 179.5, 124.7, 1.427
[19:49:21] 179.6, 124.7, 1.450
[19:49:22] 179.8, 124.7, 1.454
[19:49:23] 180.1, 124.6, 1.438
[19:49:24] 180.3, 124.6, 1.428
[19:49:25] 180.4, 124.7, 1.433
[19:49:26] 180.3, 124.7, 1.432
[19:49:27] 180.2, 124.7, 1.429
[19:49:28] 180.1, 124.7, 1.422
[19:49:29] 180.0, 124.7, 1.432
[19:49:30] 180.0, 124.7, 1.431
[19:49:31] 179.9, 124.7, 1.439
[19:49:32] 179.9, 124.6, 1.436
[19:49:33] 179.9, 124.7, 1.431
[19:49:34] 180.0, 124.7, 1.434
[19:49:35] 179.9, 124.7, 1.431
[19:49:36] 179.9, 124.7, 1.432
[19:49:37] 180.0, 124.7, 1.432
[19:49:38] 179.9, 124.7, 1.429
[19:49:39] 179.9, 124.6, 1.432
[19:49:40] 179.9, 124.7, 1.434
[19:49:41] 179.9, 124.7, 1.437
[19:49:42] 179.9, 124.6, 1.434
[19:49:43] 180.0, 124.6, 1.426
[19:49:44] 180.0, 124.6, 1.386
[19:49:45] 179.4, 124.7, 1.384
[19:49:46] 174.3, 124.5, 2.282
[19:49:47] 251.6, 124.3, 3.547
[19:49:48] 427.9, 124.3, 3.586
[19:49:49] 445.3, 124.3, 3.606
[19:49:50] 452.0, 124.3, 3.610
[19:49:51] 451.8, 124.4, 3.681
[19:49:52] 451.3, 124.4, 3.615
[19:49:53] 451.2, 124.4, 3.625
[19:49:54] 451.3, 124.4, 3.624
[19:49:55] 451.5, 124.5, 3.565
[19:49:56] 443.5, 124.4, 3.648
[19:49:57] 455.4, 124.3, 3.615
[19:49:58] 454.9, 124.4, 3.627
[19:49:59] 454.6, 124.3, 3.622
[19:50:00] 454.5, 124.2, 3.642
[19:50:01] 446.6, 124.3, 3.653
[19:50:02] 454.4, 124.4, 3.631
[19:50:03] 454.2, 124.4, 3.617
[19:50:04] 454.0, 124.4, 3.668
[19:50:05] 453.4, 124.4, 3.630
[19:50:06] 453.3, 124.5, 3.155
[19:50:07] 427.0, 124.6, 2.695
[19:50:08] 335.3, 124.6, 2.649
[19:50:09] 319.0, 124.8, 1.134
[19:50:10] 152.8, 124.8, 1.128
[19:50:11] 142.3, 124.8, 1.129
[19:50:12] 142.2, 124.7, 1.126
[19:50:13] 142.2, 124.8, 1.127
