<<<[19:46:49] 140.6, 124.9, 1.126
[19:46:50] 140.7, 124.8, 1.115
[19:46:51] 140.7, 124.8, 1.121
[19:46:52] 140.8, 124.8, 1.206
[19:46:53] 146.1, 124.7, 1.495
[19:46:54] 176.3, 124.7, 1.477
[19:46:55] 185.7, 124.7, 1.478
[19:46:56] 185.7, 124.7, 1.480
[19:46:57] 185.7, 124.6, 2.313
[19:46:58] 292.9, 124.6, 2.352
[19:46:59] 292.7, 124.6, 2.408
[19:47:00] 299.1, 124.6, 2.380
[19:47:01] 298.9, 124.6, 2.383
[19:47:02] 298.8, 124.5, 2.383
[19:47:03] 298.9, 124.5, 2.388
[19:47:04] 298.9, 124.5, 2.385
[19:47:05] 298.8, 124.5, 2.372
[19:47:06] 298.6, 124.5, 2.371
[19:47:07] 298.3, 124.5, 2.176
[19:47:08] 276.2, 124.5, 2.178
[19:47:09] 275.7, 124.6, 2.176
[19:47:10] 275.4, 124.5, 2.178
[19:47:11] 275.2, 124.6, 2.179
[19:47:12] 274.9, 124.5, 2.177
[19:47:13] 274.7, 124.5, 2.178
[19:47:14] 274.5, 124.5, 2.171
[19:47:15] 274.3, 124.5, 2.177
[19:47:16] 274.2, 124.5, 2.178
[19:47:17] 274.0, 124.5, 2.191
[19:47:18] 274.0, 124.5, 2.177
[19:47:19] 273.9, 124.5, 2.177
[19:47:20] 273.8, 124.5, 2.175
[19:47:21] 273.7, 124.6, 2.175
[19:47:22] 273.5, 124.6, 2.190
[19:47:23] 273.6, 124.6, 2.176
[19:47:24] 273.5, 124.6, 2.177
[19:47:25] 273.4, 124.6, 2.176
[19:47:26] 273.4, 124.6, 2.176
[19:47:27] 273.3, 124.6, 2.190
[19:47:28] 273.4, 124.6, 2.178
[19:47:29] 273.3, 124.6, 2.178
[19:47:30] 273.3, 124.6, 2.180
[19:47:31] 273.5, 124.7, 2.180
[19:47:32] 273.4, 124.8, 1.677
[19:47:33] 234.6, 124.8, 1.434
[19:47:34] 180.7, 124.7, 1.430
[19:47:35] 180.6, 124.8, 1.427
[19:47:36] 180.5, 124.8, 1.425
[19:47:37] 180.4, 124.7, 1.422
[19:47:38] 180.2, 124.8, 1.425
[19:47:39] 180.1, 124.8, 1.427
[19:47:40] 180.1, 124.8, 1.423
[19:47:41] 180.0, 124.7, 1.433
[19:47:42] 179.9, 124.8, 1.424
[19:47:43] 179.9, 124.7, 1.426
[19:47:44] 179.9, 124.7, 1.425
[19:47:45] 179.9, 124.7, 1.437
[19:47:46] 179.9, 124.7, 1.422
[19:47:47] 179.8, 124.8, 1.421
[19:47:48] 179.7, 124.8, 1.424
[19:47:49] 179.7, 124.8, 1.423
[19:47:50] 179.6, 124.8, 1.419
[19:47:51] 179.5, 124.8, 1.413
[19:47:52] 179.3, 124.8, 1.413
[19:47:53] 179.1, 124.8, 1.423
[19:47:54] 179.2, 124.8, 1.422
[19:47:55] 179.2, 124.7, 1.419
[19:47:56] 179.2, 124.8, 1.426
[19:47:57] 179.5, 124.7, 1.410
[19:47:58] 179.3, 124.7, 1.385
[19:47:59] 178.7, 124.8, 1.382
[19:48:00] 178.1, 124.4, 3.404
[19:48:01] 304.5, 124.4, 3.477
[19:48:02] 433.2, 124.4, 3.546
[19:48:03] 441.5, 124.4, 3.584
[19:48:04] 441.4, 124.4, 3.549
[19:48:05] 441.6, 124.4, 3.567
[19:48:06] 442.2, 124.4, 3.546
[19:48:07] 441.9, 124.4, 3.560
[19:48:08] 442.2, 124.4, 3.562
[19:48:09] 442.8, 124.4, 3.564
[19:48:10] 442.6, 124.3, 3.574
[19:48:11] 443.1, 124.4, 3.566
[19:48:12] 442.8, 124.3, 3.565
[19:48:13] 443.1, 124.4, 3.567
[19:48:14] 443.6, 124.5, 2.783
[19:48:15] 400.8, 124.5, 2.381
[19:48:16] 298.3, 124.6, 2.351
[19:48:17] 297.7, 124.5, 2.350
[19:48:18] 297.3, 124.5, 2.354
[19:48:19] 297.2, 124.5, 2.353
[19:48:20] 296.8, 124.6, 1.451
[19:48:21] 247.1, 124.7, 1.152
[19:48:22] 143.9, 124.7, 1.121
[19:48:23] 143.7, 124.7, 1.123
[19:48:24] 143.4, 124.7, 1.123
