<<<[13:13:46] 141.1, 125.4, 1.115
[13:13:47] 141.1, 125.4, 1.118
[13:13:48] 141.1, 125.4, 1.124
[13:13:49] 141.1, 125.4, 1.227
[13:13:50] 148.3, 125.4, 1.254
[13:13:51] 159.7, 125.3, 1.158
[13:13:52] 154.2, 125.3, 1.126
[13:13:53] 142.5, 125.3, 1.126
[13:13:54] 142.5, 125.3, 1.145
[13:13:55] 142.6, 125.3, 1.144
[13:13:56] 142.7, 125.2, 1.613
[13:13:57] 164.9, 125.3, 1.120
[13:13:58] 147.5, 125.4, 1.137
[13:13:59] 146.9, 125.4, 1.153
[13:14:00] 146.6, 125.4, 1.155
[13:14:01] 146.5, 125.3, 1.590
[13:14:02] 166.2, 125.4, 1.116
[13:14:03] 147.0, 125.4, 1.109
[13:14:04] 141.9, 125.4, 1.115
[13:14:05] 142.0, 125.4, 1.123
[13:14:06] 142.1, 125.3, 1.570
[13:14:07] 164.0, 125.4, 1.121
[13:14:08] 146.6, 125.3, 1.130
[13:14:09] 145.9, 125.4, 1.137
[13:14:10] 145.6, 125.4, 1.131
[13:14:11] 145.3, 125.3, 1.578
[13:14:12] 164.0, 125.4, 1.115
[13:14:13] 146.1, 125.4, 1.127
[13:14:14] 145.5, 125.4, 1.138
[13:14:15] 145.1, 125.4, 1.109
[13:14:16] 144.7, 125.3, 1.555
[13:14:17] 162.9, 125.4, 1.112
[13:14:18] 147.0, 125.5, 1.110
[13:14:19] 141.6, 125.5, 1.135
[13:14:20] 141.8, 125.4, 1.136
[13:14:21] 141.9, 125.2, 3.321
[13:14:22] 176.1, 125.4, 1.049
[13:14:23] 138.1, 125.4, 1.113
[13:14:24] 138.1, 125.4, 1.140
[13:14:25] 138.6, 125.4, 1.149
[13:14:26] 139.1, 125.1, 3.294
[13:14:27] 176.3, 125.4, 1.046
[13:14:28] 137.4, 125.3, 1.113
[13:14:29] 137.5, 125.4, 1.114
[13:14:30] 138.1, 125.3, 1.123
[13:14:31] 138.6, 125.3, 1.130
[13:14:32] 175.2, 125.3, 1.061
[13:14:33] 150.3, 125.4, 1.113
[13:14:34] 137.6, 125.4, 1.120
[13:14:35] 138.1, 125.3, 1.133
[13:14:36] 138.6, 125.3, 1.128
[13:14:37] 139.0, 125.4, 1.249
[13:14:38] 210.0, 125.4, 1.128
[13:14:39] 136.7, 125.3, 1.113
[13:14:40] 141.9, 125.3, 1.112
[13:14:41] 141.9, 125.4, 1.112
[13:14:42] 141.9, 125.3, 2.026
[13:14:43] 229.0, 125.4, 1.067
[13:14:44] 140.1, 125.4, 1.123
[13:14:45] 140.2, 125.4, 1.117
[13:14:46] 140.4, 125.4, 1.112
[13:14:47] 140.5, 125.4, 1.117
[13:14:48] 170.4, 125.2, 1.994
[13:14:49] 248.5, 125.4, 1.120
[13:14:50] 162.6, 125.4, 1.142
[13:14:51] 141.8, 125.4, 1.147
[13:14:52] 141.9, 125.4, 1.111
[13:14:53] 141.9, 125.4, 1.118
[13:14:54] 141.9, 125.3, 1.986
[13:14:55] 256.2, 125.2, 2.049
[13:14:56] 255.8, 125.4, 1.307
[13:14:57] 211.3, 125.4, 1.113
[13:14:58] 143.2, 125.4, 1.106
[13:14:59] 143.0, 125.4, 1.119
[13:15:00] 142.8, 125.4, 1.120
[13:15:01] 142.7, 125.3, 1.968
[13:15:02] 214.5, 125.2, 1.987
[13:15:03] 250.5, 125.2, 2.056
[13:15:04] 258.9, 125.2, 2.056
[13:15:05] 258.9, 125.2, 2.056
[13:15:06] 258.9, 125.4, 1.109
[13:15:07] 187.2, 125.4, 1.136
[13:15:08] 142.3, 125.4, 1.114
[13:15:09] 142.4, 125.3, 1.112
[13:15:10] 142.4, 125.4, 1.111
[13:15:11] 142.3, 125.3, 2.012
[13:15:12] 242.2, 125.3, 1.995
[13:15:13] 252.2, 125.3, 2.053
[13:15:14] 258.7, 125.3, 2.055
[13:15:15] 258.7, 125.3, 2.055
[13:15:16] 258.7, 125.3, 2.058
[13:15:17] 258.7, 125.3, 2.056
[13:15:18] 258.7, 125.3, 2.059
[13:15:19] 258.8, 125.3, 2.060
[13:15:20] 258.8, 125.3, 1.840
[13:15:21] 245.1, 125.4, 1.121
[13:15:22] 150.6, 125.4, 1.123
[13:15:23] 142.5, 125.3, 1.120
[13:15:24] 142.5, 125.4, 1.139
[13:15:25] 142.6, 125.2, 3.306
[13:15:26] 187.4, 125.3, 1.992
[13:15:27] 250.7, 125.2, 2.057
[13:15:28] 256.5, 125.2, 2.059
[13:15:29] 256.8, 125.2, 2.059
[13:15:30] 257.1, 125.2, 2.063
[13:15:31] 257.4, 125.2, 2.065
[13:15:32] 257.7, 125.3, 2.061
[13:15:33] 257.9, 125.2, 2.061
[13:15:34] 258.0, 125.2, 2.061
[13:15:35] 258.2, 125.2, 2.059
[13:15:36] 258.3, 125.3, 2.058
[13:15:37] 258.5, 125.2, 2.063
[13:15:38] 258.6, 125.2, 2.062
[13:15:39] 258.7, 125.2, 2.064
[13:15:40] 258.8, 125.2, 2.064
[13:15:41] 258.9, 125.2, 2.064
[13:15:42] 259.0, 125.2, 2.066
[13:15:43] 259.1, 125.2, 2.066
[13:15:44] 259.2, 125.3, 1.598
[13:15:45] 227.2, 125.3, 1.111
[13:15:46] 142.5, 125.3, 1.118
[13:15:47] 142.5, 125.3, 1.125
[13:15:48] 142.6, 125.3, 1.127
<<<[22:33:12] 144.1, 125.8, 1.112
[22:33:13] 143.7, 125.9, 1.125
[22:33:14] 143.6, 125.8, 1.125
[22:33:15] 143.6, 125.8, 1.247
[22:33:16] 149.7, 125.8, 1.265
[22:33:17] 158.6, 125.9, 1.266
[22:33:18] 158.4, 125.9, 1.176
[22:33:19] 172.5, 125.9, 1.177
[22:33:20] 149.2, 125.8, 1.174
[22:33:21] 149.2, 125.9, 1.176
[22:33:22] 149.2, 125.8, 1.181
[22:33:23] 155.9, 125.9, 1.102
[22:33:24] 156.4, 125.9, 1.121
[22:33:25] 141.8, 125.8, 1.143
[22:33:26] 142.0, 125.8, 1.148
[22:33:27] 142.2, 125.8, 1.135
[22:33:28] 150.1, 125.7, 1.116
[22:33:29] 161.5, 125.8, 1.116
[22:33:30] 141.6, 125.8, 1.123
[22:33:31] 141.7, 125.8, 1.106
[22:33:32] 141.8, 125.7, 1.126
[22:33:33] 148.4, 125.8, 1.108
[22:33:34] 161.3, 125.8, 1.106
[22:33:35] 140.1, 125.8, 1.113
[22:33:36] 140.3, 125.8, 1.106
[22:33:37] 140.4, 125.8, 1.124
[22:33:38] 147.7, 125.8, 1.113
[22:33:39] 161.8, 125.8, 1.127
[22:33:40] 141.8, 125.8, 1.131
[22:33:41] 141.8, 125.8, 1.104
[22:33:42] 141.8, 125.8, 1.117
[22:33:43] 147.7, 125.8, 1.094
[22:33:44] 161.7, 125.7, 1.107
[22:33:45] 140.5, 125.8, 1.131
[22:33:46] 140.7, 125.8, 1.109
[22:33:47] 140.8, 125.8, 1.107
[22:33:48] 162.4, 125.8, 1.049
[22:33:49] 152.2, 125.8, 1.106
[22:33:50] 137.0, 125.7, 1.121
[22:33:51] 137.5, 125.7, 1.131
[22:33:52] 138.1, 125.8, 1.111
[22:33:53] 148.1, 125.8, 1.044
[22:33:54] 166.0, 125.8, 1.102
[22:33:55] 135.8, 125.8, 1.097
[22:33:56] 136.3, 125.8, 1.124
[22:33:57] 141.8, 125.8, 1.109
[22:33:58] 141.7, 125.8, 1.025
[22:33:59] 185.9, 125.7, 1.110
[22:34:00] 135.4, 125.7, 1.108
[22:34:01] 141.0, 125.7, 1.132
[22:34:02] 141.0, 125.8, 1.127
[22:34:03] 141.1, 125.8, 1.218
[22:34:04] 196.6, 125.7, 1.068
[22:34:05] 134.9, 125.8, 1.103
[22:34:06] 140.7, 125.8, 1.111
[22:34:07] 140.7, 125.8, 1.111
[22:34:08] 140.8, 125.7, 1.987
[22:34:09] 211.1, 125.8, 1.045
[22:34:10] 157.9, 125.8, 1.105
[22:34:11] 139.9, 125.8, 1.110
[22:34:12] 140.1, 125.8, 1.101
[22:34:13] 140.3, 125.8, 1.120
[22:34:14] 140.5, 125.7, 1.979
[22:34:15] 254.3, 125.8, 1.097
[22:34:16] 183.9, 125.7, 1.122
[22:34:17] 141.0, 125.7, 1.103
[22:34:18] 140.9, 125.8, 1.110
[22:34:19] 140.9, 125.7, 1.122
[22:34:20] 141.0, 125.6, 2.019
[22:34:21] 234.4, 125.6, 1.983
[22:34:22] 251.3, 125.7, 1.714
[22:34:23] 238.2, 125.8, 1.099
[22:34:24] 139.4, 125.8, 1.105
[22:34:25] 139.6, 125.8, 1.105
[22:34:26] 139.7, 125.7, 1.127
[22:34:27] 140.0, 125.6, 3.001
[22:34:28] 190.6, 125.6, 1.982
[22:34:29] 250.7, 125.6, 2.048
[22:34:30] 256.5, 125.7, 2.049
[22:34:31] 256.7, 125.6, 2.051
[22:34:32] 257.0, 125.8, 1.335
[22:34:33] 211.1, 125.8, 1.128
[22:34:34] 142.1, 125.8, 1.107
[22:34:35] 142.1, 125.8, 1.101
[22:34:36] 141.9, 125.8, 1.099
[22:34:37] 141.8, 125.7, 1.962
[22:34:38] 216.5, 125.7, 1.983
[22:34:39] 250.7, 125.7, 2.050
[22:34:40] 258.7, 125.7, 2.050
[22:34:41] 258.7, 125.7, 2.050
[22:34:42] 258.7, 125.7, 2.054
[22:34:43] 258.8, 125.7, 2.051
[22:34:44] 258.8, 125.7, 2.056
[22:34:45] 258.9, 125.6, 2.055
[22:34:46] 259.0, 125.6, 2.054
[22:34:47] 259.0, 125.8, 1.114
[22:34:48] 163.5, 125.8, 1.107
[22:34:49] 141.9, 125.8, 1.113
[22:34:50] 141.9, 125.8, 1.124
[22:34:51] 141.9, 125.8, 1.126
[22:34:52] 141.9, 125.7, 1.987
[22:34:53] 266.1, 125.7, 2.058
[22:34:54] 254.5, 125.7, 2.054
[22:34:55] 255.1, 125.7, 2.056
[22:34:56] 255.6, 125.7, 2.057
[22:34:57] 256.1, 125.7, 2.050
[22:34:58] 256.5, 125.7, 2.056
[22:34:59] 256.9, 125.7, 2.052
[22:35:00] 257.2, 125.7, 2.052
[22:35:01] 257.5, 125.7, 2.056
[22:35:02] 257.8, 125.6, 2.052
[22:35:03] 258.0, 125.7, 2.055
[22:35:04] 258.2, 125.7, 2.056
[22:35:05] 258.3, 125.7, 2.053
[22:35:06] 258.4, 125.7, 2.053
[22:35:07] 258.6, 125.7, 2.055
[22:35:08] 258.6, 125.7, 2.054
[22:35:09] 258.7, 125.7, 2.055
[22:35:10] 258.9, 125.7, 2.053
[22:35:11] 258.9, 125.9, 1.105
[22:35:12] 155.1, 125.8, 1.110
[22:35:13] 141.8, 125.8, 1.112
[22:35:14] 141.8, 125.9, 1.121
