<<<[12:44:03] 142.1, 125.6, 1.108
[12:44:04] 141.9, 125.7, 1.108
[12:44:05] 141.8, 125.7, 1.108
[12:44:06] 141.6, 125.6, 1.276
[12:44:07] 156.6, 125.6, 1.276
[12:44:08] 161.8, 125.6, 1.275
[12:44:09] 161.7, 125.7, 1.275
[12:44:10] 161.5, 125.6, 1.281
[12:44:11] 161.5, 125.7, 1.277
[12:44:12] 161.5, 125.6, 1.272
[12:44:13] 161.3, 125.7, 1.269
[12:44:14] 161.3, 125.7, 1.250
[12:44:15] 161.3, 125.7, 1.269
[12:44:16] 160.9, 125.6, 1.282
[12:44:17] 160.7, 125.6, 1.238
[12:44:18] 160.4, 125.7, 1.244
[12:44:19] 160.4, 125.7, 1.241
[12:44:20] 160.1, 125.6, 1.234
[12:44:21] 160.0, 125.7, 1.238
[12:44:22] 159.8, 125.7, 1.283
[12:44:23] 160.0, 125.6, 1.198
[12:44:24] 159.5, 125.7, 1.118
[12:44:25] 141.9, 125.6, 1.122
[12:44:26] 141.8, 125.7, 1.102
[12:44:27] 141.7, 125.6, 1.106
[12:44:28] 141.5, 125.6, 1.475
[12:44:29] 159.3, 125.6, 1.105
[12:44:30] 148.3, 125.6, 1.104
[12:44:31] 139.8, 125.7, 1.103
[12:44:32] 139.7, 125.6, 1.102
[12:44:33] 139.7, 125.5, 3.210
[12:44:34] 173.2, 125.6, 1.044
[12:44:35] 140.1, 125.6, 1.103
[12:44:36] 139.7, 125.6, 1.102
[12:44:37] 139.7, 125.7, 1.104
[12:44:38] 139.7, 125.5, 3.428
[12:44:39] 174.3, 125.7, 1.033
[12:44:40] 139.4, 125.7, 1.100
[12:44:41] 139.0, 125.7, 1.103
[12:44:42] 139.1, 125.6, 1.104
[12:44:43] 139.2, 125.4, 2.782
[12:44:44] 175.8, 125.6, 1.035
[12:44:45] 138.5, 125.6, 1.104
[12:44:46] 138.3, 125.6, 1.102
[12:44:47] 138.5, 125.6, 1.105
[12:44:48] 138.7, 125.6, 1.102
[12:44:49] 176.7, 125.7, 1.056
[12:44:50] 155.0, 125.6, 1.098
[12:44:51] 136.3, 125.6, 1.102
[12:44:52] 136.7, 125.6, 1.104
[12:44:53] 137.0, 125.6, 1.104
[12:44:54] 137.4, 125.6, 1.015
[12:44:55] 210.7, 125.6, 1.110
[12:44:56] 134.5, 125.6, 1.103
[12:44:57] 139.6, 125.6, 1.107
[12:44:58] 139.6, 125.6, 1.103
[12:44:59] 139.7, 125.5, 2.380
[12:45:00] 254.3, 125.7, 1.038
[12:45:01] 139.9, 125.6, 1.105
[12:45:02] 139.9, 125.5, 1.110
[12:45:03] 139.9, 125.6, 1.098
[12:45:04] 139.9, 125.6, 1.107
[12:45:05] 169.8, 125.4, 2.351
[12:45:06] 294.0, 125.7, 1.115
[12:45:07] 168.7, 125.7, 1.100
[12:45:08] 139.8, 125.7, 1.102
[12:45:09] 139.8, 125.7, 1.106
[12:45:10] 139.8, 125.7, 1.103
[12:45:11] 139.8, 125.5, 2.342
[12:45:12] 296.3, 125.6, 2.404
[12:45:13] 296.5, 125.7, 1.455
[12:45:14] 234.2, 125.7, 1.109
[12:45:15] 140.7, 125.7, 1.108
[12:45:16] 140.6, 125.7, 1.107
[12:45:17] 140.5, 125.7, 1.111
[12:45:18] 140.5, 125.5, 2.321
[12:45:19] 239.9, 125.5, 2.348
[12:45:20] 296.0, 125.5, 2.413
[12:45:21] 303.9, 125.5, 2.414
[12:45:22] 303.9, 125.5, 2.416
[12:45:23] 303.9, 125.7, 1.068
[12:45:24] 194.2, 125.7, 1.108
[12:45:25] 140.1, 125.7, 1.106
[12:45:26] 140.0, 125.6, 1.106
[12:45:27] 140.1, 125.6, 1.103
[12:45:28] 140.0, 125.5, 2.357
[12:45:29] 284.2, 125.5, 2.379
[12:45:30] 298.1, 125.4, 2.415
[12:45:31] 304.3, 125.4, 2.419
[12:45:32] 304.3, 125.4, 2.416
[12:45:33] 304.3, 125.4, 2.416
[12:45:34] 304.3, 125.4, 2.417
[12:45:35] 304.3, 125.4, 2.416
[12:45:36] 304.3, 125.4, 2.419
[12:45:37] 304.3, 125.5, 1.637
[12:45:38] 266.7, 125.6, 1.107
[12:45:39] 138.7, 125.6, 1.107
[12:45:40] 138.9, 125.6, 1.110
[12:45:41] 139.0, 125.5, 1.110
[12:45:42] 139.2, 125.4, 2.686
[12:45:43] 213.4, 125.4, 2.354
[12:45:44] 297.2, 125.4, 2.419
[12:45:45] 303.2, 125.3, 2.419
[12:45:46] 303.3, 125.4, 2.422
[12:45:47] 303.5, 125.4, 2.421
[12:45:48] 303.6, 125.4, 2.422
[12:45:49] 303.7, 125.4, 2.425
[12:45:50] 303.9, 125.3, 2.421
[12:45:51] 304.0, 125.4, 2.423
[12:45:52] 304.1, 125.3, 2.425
[12:45:53] 304.2, 125.3, 2.423
[12:45:54] 304.2, 125.3, 2.425
[12:45:55] 304.3, 125.4, 2.423
[12:45:56] 304.4, 125.4, 2.424
[12:45:57] 304.5, 125.3, 2.424
[12:45:58] 304.6, 125.4, 2.427
[12:45:59] 304.7, 125.4, 2.427
[12:46:00] 304.8, 125.4, 2.426
[12:46:01] 304.9, 125.5, 1.118
[12:46:02] 224.8, 125.6, 1.109
[12:46:03] 140.8, 125.5, 1.113
[12:46:04] 140.7, 125.5, 1.113
[12:46:05] 140.7, 125.6, 1.114
<<<[12:48:07] 141.5, 125.5, 1.108
[12:48:08] 141.5, 125.5, 1.113
[12:48:09] 141.5, 125.5, 1.125
[12:48:10] 141.6, 125.5, 1.287
[12:48:11] 156.1, 125.5, 1.283
[12:48:12] 162.0, 125.6, 1.288
[12:48:13] 162.0, 125.6, 1.289
[12:48:14] 161.7, 125.6, 1.284
[12:48:15] 161.8, 125.6, 1.263
[12:48:16] 161.6, 125.5, 1.293
[12:48:17] 161.3, 125.6, 1.282
[12:48:18] 161.5, 125.6, 1.281
[12:48:19] 161.6, 125.6, 1.267
[12:48:20] 161.6, 125.6, 1.259
[12:48:21] 161.2, 125.6, 1.249
[12:48:22] 161.0, 125.6, 1.248
[12:48:23] 160.9, 125.6, 1.247
[12:48:24] 160.7, 125.6, 1.246
[12:48:25] 160.4, 125.6, 1.245
[12:48:26] 160.3, 125.5, 1.248
[12:48:27] 160.2, 125.5, 1.258
[12:48:28] 160.5, 125.6, 1.117
[12:48:29] 144.3, 125.6, 1.114
[12:48:30] 143.8, 125.6, 1.108
[12:48:31] 143.4, 125.5, 1.103
[12:48:32] 143.0, 125.6, 1.105
[12:48:33] 142.7, 125.5, 1.054
[12:48:34] 167.6, 125.5, 1.108
[12:48:35] 140.5, 125.6, 1.108
[12:48:36] 140.4, 125.6, 1.105
[12:48:37] 140.3, 125.6, 1.106
[12:48:38] 140.3, 125.6, 1.005
[12:48:39] 176.9, 125.6, 1.068
[12:48:40] 134.3, 125.6, 1.107
[12:48:41] 139.9, 125.6, 1.105
[12:48:42] 139.9, 125.6, 1.107
[12:48:43] 139.9, 125.6, 1.001
[12:48:44] 177.2, 125.6, 1.073
[12:48:45] 134.1, 125.5, 1.109
[12:48:46] 139.9, 125.5, 1.103
[12:48:47] 139.9, 125.5, 1.106
[12:48:48] 139.9, 125.6, 1.018
[12:48:49] 178.3, 125.5, 1.050
[12:48:50] 133.8, 125.5, 1.107
[12:48:51] 140.3, 125.5, 1.109
[12:48:52] 140.3, 125.5, 1.105
[12:48:53] 140.2, 125.5, 1.491
[12:48:54] 195.1, 125.5, 1.043
[12:48:55] 133.4, 125.6, 1.107
[12:48:56] 140.1, 125.6, 1.104
[12:48:57] 140.0, 125.5, 1.111
[12:48:58] 140.0, 125.4, 2.109
[12:48:59] 214.7, 125.5, 1.047
[12:49:00] 131.4, 125.5, 1.108
[12:49:01] 139.8, 125.6, 1.111
[12:49:02] 139.8, 125.5, 1.106
[12:49:03] 139.8, 125.3, 3.592
[12:49:04] 192.8, 125.5, 1.012
[12:49:05] 204.7, 125.5, 1.104
[12:49:06] 137.2, 125.5, 1.102
[12:49:07] 137.5, 125.5, 1.102
[12:49:08] 137.9, 125.5, 1.104
[12:49:09] 138.1, 125.4, 2.384
[12:49:10] 256.5, 125.5, 1.451
[12:49:11] 235.7, 125.5, 1.104
[12:49:12] 140.5, 125.5, 1.101
[12:49:13] 140.4, 125.5, 1.102
[12:49:14] 140.3, 125.5, 1.107
[12:49:15] 140.3, 125.4, 2.395
[12:49:16] 229.0, 125.4, 2.351
[12:49:17] 296.7, 125.4, 2.419
[12:49:18] 296.3, 125.6, 1.102
[12:49:19] 150.6, 125.6, 1.103
[12:49:20] 139.8, 125.5, 1.103
[12:49:21] 139.8, 125.5, 1.108
[12:49:22] 139.9, 125.6, 1.112
[12:49:23] 177.4, 125.4, 2.362
[12:49:24] 294.3, 125.3, 2.417
[12:49:25] 300.9, 125.4, 2.421
[12:49:26] 301.3, 125.3, 2.422
[12:49:27] 301.8, 125.4, 1.518
[12:49:28] 249.1, 125.5, 1.109
[12:49:29] 140.5, 125.5, 1.110
[12:49:30] 140.5, 125.6, 1.110
[12:49:31] 140.5, 125.6, 1.103
[12:49:32] 140.4, 125.4, 2.502
[12:49:33] 220.7, 125.4, 2.354
[12:49:34] 297.2, 125.4, 2.422
[12:49:35] 303.9, 125.5, 2.423
[12:49:36] 304.0, 125.4, 2.424
[12:49:37] 304.1, 125.4, 2.420
[12:49:38] 304.3, 125.4, 2.423
[12:49:39] 304.4, 125.4, 2.424
[12:49:40] 304.5, 125.4, 2.425
[12:49:41] 304.6, 125.4, 2.425
[12:49:42] 304.6, 125.6, 1.104
[12:49:43] 152.1, 125.6, 1.107
[12:49:44] 140.1, 125.6, 1.107
[12:49:45] 140.1, 125.6, 1.110
[12:49:46] 140.1, 125.6, 1.110
[12:49:47] 147.9, 125.4, 2.361
[12:49:48] 308.8, 125.4, 2.432
[12:49:49] 301.0, 125.4, 2.424
[12:49:50] 301.5, 125.3, 2.427
[12:49:51] 302.0, 125.4, 2.426
[12:49:52] 302.4, 125.3, 2.428
[12:49:53] 302.9, 125.4, 2.428
[12:49:54] 303.2, 125.3, 2.431
[12:49:55] 303.5, 125.4, 2.431
[12:49:56] 303.8, 125.3, 2.429
[12:49:57] 304.1, 125.3, 2.431
[12:49:58] 304.3, 125.3, 2.433
[12:49:59] 304.5, 125.4, 2.429
[12:50:00] 304.7, 125.4, 2.434
[12:50:01] 304.9, 125.3, 2.433
[12:50:02] 305.0, 125.3, 2.431
[12:50:03] 305.2, 125.4, 2.433
[12:50:04] 305.3, 125.4, 2.434
[12:50:05] 305.4, 125.4, 2.007
[12:50:06] 266.7, 125.5, 1.107
[12:50:07] 141.8, 125.6, 1.113
[12:50:08] 141.6, 125.6, 1.108
[12:50:09] 141.5, 125.6, 1.112
<<<[12:50:22] 142.4, 125.6, 1.116
[12:50:23] 142.3, 125.6, 1.112
[12:50:24] 142.1, 125.6, 1.115
[12:50:25] 142.0, 125.5, 1.278
[12:50:26] 160.8, 125.6, 1.287
[12:50:27] 161.0, 125.6, 1.283
[12:50:28] 161.1, 125.5, 1.282
[12:50:29] 161.3, 125.6, 1.280
[12:50:30] 161.4, 125.5, 1.278
[12:50:31] 161.5, 125.5, 1.284
[12:50:32] 161.6, 125.5, 1.280
[12:50:33] 161.5, 125.5, 1.252
[12:50:34] 161.2, 125.5, 1.249
[12:50:35] 161.0, 125.5, 1.272
[12:50:36] 160.8, 125.4, 1.324
[12:50:37] 160.8, 125.4, 1.264
[12:50:38] 160.5, 125.4, 1.302
[12:50:39] 160.4, 125.5, 1.278
[12:50:40] 160.2, 125.5, 1.323
[12:50:41] 160.3, 125.5, 1.260
[12:50:42] 160.3, 125.5, 1.108
[12:50:43] 141.0, 125.5, 1.110
[12:50:44] 140.9, 125.5, 1.119
[12:50:45] 140.9, 125.5, 1.115
[12:50:46] 140.8, 125.6, 1.102
[12:50:47] 140.9, 125.5, 1.133
[12:50:48] 168.0, 125.5, 1.111
[12:50:49] 140.8, 125.5, 1.113
[12:50:50] 140.7, 125.5, 1.114
[12:50:51] 140.7, 125.5, 1.117
[12:50:52] 140.8, 125.5, 1.071
[12:50:53] 175.2, 125.5, 1.109
[12:50:54] 136.7, 125.5, 1.111
[12:50:55] 137.1, 125.5, 1.104
[12:50:56] 137.5, 125.5, 1.114
[12:50:57] 137.9, 125.5, 1.076
[12:50:58] 177.0, 125.5, 1.110
[12:50:59] 135.6, 125.5, 1.108
[12:51:00] 136.1, 125.5, 1.108
[12:51:01] 136.6, 125.6, 1.109
[12:51:02] 137.1, 125.5, 1.065
[12:51:03] 177.6, 125.5, 1.111
[12:51:04] 135.6, 125.5, 1.108
[12:51:05] 136.1, 125.5, 1.114
[12:51:06] 136.7, 125.5, 1.106
[12:51:07] 137.1, 125.5, 1.000
[12:51:08] 194.1, 125.5, 1.103
[12:51:09] 135.2, 125.5, 1.108
[12:51:10] 135.8, 125.4, 1.110
[12:51:11] 136.3, 125.5, 1.106
[12:51:12] 136.8, 125.5, 1.468
[12:51:13] 213.1, 125.5, 1.044
[12:51:14] 133.8, 125.5, 1.106
[12:51:15] 140.3, 125.5, 1.107
[12:51:16] 140.2, 125.5, 1.108
[12:51:17] 140.3, 125.3, 2.508
[12:51:18] 220.9, 125.5, 1.059
[12:51:19] 175.2, 125.5, 1.105
[12:51:20] 139.4, 125.5, 1.106
[12:51:21] 139.4, 125.5, 1.103
[12:51:22] 139.6, 125.5, 1.108
[12:51:23] 139.6, 125.4, 2.357
[12:51:24] 285.5, 125.5, 1.043
[12:51:25] 208.2, 125.5, 1.110
[12:51:26] 140.3, 125.5, 1.106
[12:51:27] 140.2, 125.5, 1.105
[12:51:28] 140.2, 125.5, 1.105
[12:51:29] 140.2, 125.4, 2.383
[12:51:30] 257.1, 125.4, 2.351
[12:51:31] 296.2, 125.4, 1.980
[12:51:32] 276.8, 125.6, 1.109
[12:51:33] 140.8, 125.5, 1.109
[12:51:34] 140.7, 125.6, 1.111
[12:51:35] 140.7, 125.5, 1.111
[12:51:36] 140.6, 125.4, 3.376
[12:51:37] 199.1, 125.4, 2.349
[12:51:38] 296.2, 125.4, 2.415
[12:51:39] 301.9, 125.4, 2.417
[12:51:40] 302.2, 125.4, 2.421
[12:51:41] 302.5, 125.4, 1.613
[12:51:42] 238.1, 125.5, 1.108
[12:51:43] 140.7, 125.5, 1.110
[12:51:44] 140.6, 125.5, 1.109
[12:51:45] 140.6, 125.5, 1.105
[12:51:46] 140.6, 125.3, 2.323
[12:51:47] 240.9, 125.3, 2.351
[12:51:48] 295.8, 125.4, 2.417
[12:51:49] 304.5, 125.4, 2.420
[12:51:50] 304.5, 125.4, 2.412
[12:51:51] 304.5, 125.4, 2.418
[12:51:52] 304.5, 125.4, 2.419
[12:51:53] 304.6, 125.3, 2.421
[12:51:54] 304.6, 125.4, 2.420
[12:51:55] 304.6, 125.3, 2.422
[12:51:56] 299.2, 125.5, 1.109
[12:51:57] 152.2, 125.5, 1.111
[12:51:58] 140.8, 125.5, 1.106
[12:51:59] 140.7, 125.5, 1.117
[12:52:00] 140.7, 125.6, 1.114
[12:52:01] 170.9, 125.4, 2.361
[12:52:02] 295.1, 125.4, 2.419
[12:52:03] 300.3, 125.4, 2.421
[12:52:04] 300.8, 125.4, 2.419
[12:52:05] 301.3, 125.3, 2.419
[12:52:06] 301.7, 125.4, 2.422
[12:52:07] 302.1, 125.4, 2.425
[12:52:08] 302.5, 125.4, 2.424
[12:52:09] 302.8, 125.4, 2.426
[12:52:10] 303.2, 125.4, 2.424
[12:52:11] 303.4, 125.4, 2.426
[12:52:12] 303.7, 125.3, 2.429
[12:52:13] 303.9, 125.4, 2.426
[12:52:14] 304.1, 125.3, 2.427
[12:52:15] 304.2, 125.3, 2.428
[12:52:16] 304.4, 125.3, 2.426
[12:52:17] 304.5, 125.3, 2.427
[12:52:18] 304.7, 125.3, 2.431
[12:52:19] 304.8, 125.3, 2.432
[12:52:20] 284.4, 125.5, 1.115
[12:52:21] 139.9, 125.5, 1.118
[12:52:22] 140.0, 125.4, 1.114
[12:52:23] 140.1, 125.4, 1.113
[12:52:24] 140.2, 125.4, 1.118
<<<[12:54:20] 141.6, 125.7, 1.112
[12:54:21] 141.5, 125.7, 1.116
[12:54:22] 141.5, 125.6, 1.113
[12:54:23] 141.6, 125.6, 1.220
[12:54:24] 158.6, 125.6, 1.283
[12:54:25] 159.1, 125.6, 1.284
[12:54:26] 159.4, 125.6, 1.283
[12:54:27] 159.8, 125.7, 1.280
[12:54:28] 160.1, 125.7, 1.214
[12:54:29] 160.0, 125.7, 1.278
[12:54:30] 160.3, 125.7, 1.284
[12:54:31] 160.6, 125.7, 1.298
[12:54:32] 160.7, 125.7, 1.248
[12:54:33] 160.7, 125.6, 1.246
[12:54:34] 160.6, 125.6, 1.263
[12:54:35] 160.4, 125.6, 1.253
[12:54:36] 160.5, 125.6, 1.258
[12:54:37] 160.3, 125.5, 1.256
[12:54:38] 160.2, 125.6, 1.261
[12:54:39] 160.1, 125.6, 1.316
[12:54:40] 160.5, 125.7, 1.141
[12:54:41] 151.3, 125.7, 1.107
[12:54:42] 141.0, 125.7, 1.118
[12:54:43] 141.0, 125.7, 1.119
[12:54:44] 141.1, 125.6, 1.117
[12:54:45] 141.0, 125.6, 1.635
[12:54:46] 169.8, 125.7, 1.111
[12:54:47] 139.9, 125.6, 1.111
[12:54:48] 139.9, 125.7, 1.112
[12:54:49] 140.0, 125.6, 1.106
[12:54:50] 140.1, 125.5, 1.575
[12:54:51] 179.4, 125.6, 1.044
[12:54:52] 131.4, 125.6, 1.111
[12:54:53] 140.8, 125.6, 1.111
[12:54:54] 140.7, 125.6, 1.115
[12:54:55] 140.7, 125.6, 1.587
[12:54:56] 180.5, 125.6, 1.046
[12:54:57] 131.8, 125.7, 1.111
[12:54:58] 140.5, 125.7, 1.106
[12:54:59] 140.5, 125.7, 1.105
[12:55:00] 140.5, 125.6, 1.706
[12:55:01] 182.3, 125.6, 1.039
[12:55:02] 131.8, 125.6, 1.116
[12:55:03] 140.7, 125.6, 1.103
[12:55:04] 140.6, 125.7, 1.105
[12:55:05] 140.6, 125.6, 2.238
[12:55:06] 194.2, 125.7, 1.042
[12:55:07] 136.0, 125.7, 1.111
[12:55:08] 136.4, 125.7, 1.110
[12:55:09] 136.8, 125.7, 1.106
[12:55:10] 137.3, 125.4, 3.497
[12:55:11] 197.3, 125.6, 1.039
[12:55:12] 151.3, 125.6, 1.105
[12:55:13] 138.1, 125.7, 1.106
[12:55:14] 138.4, 125.7, 1.108
[12:55:15] 138.6, 125.6, 1.104
[12:55:16] 138.8, 125.6, 1.577
[12:55:17] 261.4, 125.6, 1.143
[12:55:18] 136.0, 125.6, 1.109
[12:55:19] 136.4, 125.6, 1.104
[12:55:20] 136.9, 125.6, 1.109
[12:55:21] 137.3, 125.5, 2.807
[12:55:22] 213.4, 125.4, 2.300
[12:55:23] 278.4, 125.5, 1.104
[12:55:24] 141.6, 125.6, 1.111
[12:55:25] 141.4, 125.6, 1.108
[12:55:26] 141.3, 125.6, 1.105
[12:55:27] 141.2, 125.4, 2.815
[12:55:28] 187.7, 125.4, 2.350
[12:55:29] 294.2, 125.3, 2.420
[12:55:30] 301.6, 125.5, 1.126
[12:55:31] 187.7, 125.6, 1.108
[12:55:32] 140.1, 125.5, 1.114
[12:55:33] 140.1, 125.6, 1.107
[12:55:34] 140.2, 125.6, 1.117
[12:55:35] 140.2, 125.4, 2.358
[12:55:36] 284.8, 125.4, 2.378
[12:55:37] 298.7, 125.4, 2.420
[12:55:38] 304.8, 125.4, 2.418
[12:55:39] 304.6, 125.4, 2.420
[12:55:40] 299.2, 125.6, 1.113
[12:55:41] 155.7, 125.6, 1.108
[12:55:42] 140.7, 125.6, 1.113
[12:55:43] 140.6, 125.6, 1.112
[12:55:44] 140.6, 125.7, 1.109
[12:55:45] 171.1, 125.5, 2.361
[12:55:46] 294.2, 125.4, 2.418
[12:55:47] 300.9, 125.4, 2.424
[12:55:48] 301.4, 125.4, 2.419
[12:55:49] 301.7, 125.5, 2.420
[12:55:50] 302.2, 125.4, 2.418
[12:55:51] 302.5, 125.5, 2.423
[12:55:52] 302.8, 125.5, 2.419
[12:55:53] 303.0, 125.4, 2.424
[12:55:55] 303.3, 125.6, 1.187
[12:55:55] 223.9, 125.6, 1.107
[12:55:57] 140.8, 125.6, 1.113
[12:55:58] 140.8, 125.6, 1.111
[12:55:59] 140.8, 125.6, 1.107
[12:55:59] 140.7, 125.4, 2.362
[12:56:00] 250.5, 125.4, 2.356
[12:56:01] 297.1, 125.4, 2.425
[12:56:02] 305.4, 125.4, 2.423
[12:56:03] 305.3, 125.4, 2.427
[12:56:04] 305.3, 125.4, 2.426
[12:56:05] 305.2, 125.4, 2.428
[12:56:07] 305.3, 125.5, 2.429
[12:56:08] 305.3, 125.4, 2.428
[12:56:09] 305.4, 125.5, 2.425
[12:56:10] 305.4, 125.4, 2.430
[12:56:11] 305.5, 125.4, 2.426
[12:56:12] 305.4, 125.5, 2.427
[12:56:13] 305.4, 125.5, 2.426
[12:56:14] 305.5, 125.4, 2.427
[12:56:15] 305.5, 125.5, 2.428
[12:56:16] 305.5, 125.5, 2.427
[12:56:17] 305.6, 125.5, 2.429
[12:56:18] 305.6, 125.5, 2.431
[12:56:19] 305.7, 125.6, 1.134
[12:56:20] 198.2, 125.6, 1.110
[12:56:21] 140.7, 125.7, 1.116
[12:56:22] 140.7, 125.6, 1.111
[12:56:23] 140.8, 125.6, 1.113
<<<[12:56:36] 142.4, 125.7, 1.123
[12:56:37] 142.3, 125.6, 1.117
[12:56:38] 142.2, 125.7, 1.120
[12:56:39] 142.1, 125.7, 1.120
[12:56:40] 142.3, 125.6, 1.287
[12:56:41] 161.1, 125.6, 1.284
[12:56:42] 161.1, 125.7, 1.267
[12:56:43] 161.2, 125.7, 1.258
[12:56:44] 161.3, 125.7, 1.344
[12:56:45] 167.6, 125.7, 1.328
[12:56:46] 167.8, 125.7, 1.276
[12:56:47] 167.7, 125.7, 1.217
[12:56:48] 158.0, 125.7, 1.248
[12:56:49] 158.2, 125.8, 1.260
[12:56:50] 158.3, 125.7, 1.252
[12:56:51] 158.5, 125.7, 1.249
[12:56:52] 158.7, 125.8, 1.248
[12:56:53] 158.8, 125.8, 1.247
[12:56:54] 158.9, 125.8, 1.245
[12:56:55] 159.0, 125.8, 1.246
[12:56:56] 159.1, 125.7, 1.259
[12:56:57] 159.6, 125.7, 1.112
[12:56:58] 145.0, 125.7, 1.106
[12:56:59] 144.4, 125.7, 1.108
[12:57:00] 143.9, 125.7, 1.114
[12:57:01] 143.5, 125.7, 1.111
[12:57:02] 143.1, 125.7, 1.055
[12:57:03] 167.8, 125.7, 1.089
[12:57:04] 138.5, 125.7, 1.107
[12:57:05] 138.7, 125.7, 1.106
[12:57:07] 139.1, 125.7, 0.998
[12:57:08] 177.6, 125.7, 1.075
[12:57:15] 140.5, 125.7, 1.107
wattsup: [error] Reading final time stamp: Bad address
[12:57:22] 140.1, 125.7, 1.507
[12:57:23] 195.5, 125.7, 1.041
wattsup: [error] Reading final time stamp: Bad address
[12:57:30] 140.1, 125.6, 1.111
wattsup: [error] Reading final time stamp: Bad address
[12:57:37] 138.7, 125.7, 1.114
wattsup: [error] Reading final time stamp: Bad address
[12:57:44] 140.4, 125.5, 2.390
wattsup: [error] Reading final time stamp: Bad address
[12:57:51] 140.2, 125.4, 1.109
wattsup: [error] Reading final time stamp: Bad address
[12:57:58] 139.8, 125.5, 1.113
wattsup: [error] Reading final time stamp: Bad address
[12:58:05] 304.0, 125.4, 2.422
wattsup: [error] Reading final time stamp: Bad address
[12:58:12] 171.1, 125.6, 1.115
wattsup: [error] Reading final time stamp: Bad address
[12:58:19] 300.6, 125.4, 2.419
wattsup: [error] Reading final time stamp: Bad address
[12:58:26] 303.6, 125.4, 2.428
wattsup: [error] Reading final time stamp: Bad address
[12:58:33] 305.0, 125.4, 2.430
[12:58:34] 291.3, 125.5, 1.890
<<<[12:58:52] 142.5, 125.7, 1.115
[12:58:53] 142.3, 125.6, 1.121
[12:58:54] 142.2, 125.7, 1.116
[12:58:55] 142.2, 125.7, 1.241
[12:58:56] 153.2, 125.7, 1.283
[12:58:57] 162.4, 125.7, 1.279
[12:58:58] 162.3, 125.6, 1.278
[12:58:59] 162.2, 125.6, 1.286
[12:59:00] 162.2, 125.6, 1.281
[12:59:01] 162.2, 125.7, 1.287
[12:59:02] 162.2, 125.6, 1.283
[12:59:03] 162.1, 125.6, 1.294
[12:59:04] 162.1, 125.6, 1.257
[12:59:05] 161.7, 125.6, 1.242
[12:59:06] 161.4, 125.6, 1.259
[12:59:07] 161.1, 125.6, 1.250
[12:59:08] 161.1, 125.6, 1.251
[12:59:09] 160.8, 125.6, 1.252
[12:59:10] 160.7, 125.6, 1.255
[12:59:11] 160.5, 125.6, 1.292
[12:59:12] 160.8, 125.6, 1.129
[12:59:13] 151.7, 125.7, 1.108
[12:59:14] 140.8, 125.6, 1.112
[12:59:15] 140.7, 125.6, 1.109
[12:59:16] 140.8, 125.6, 1.108
[12:59:17] 140.7, 125.5, 1.666
[12:59:18] 170.9, 125.6, 1.114
[12:59:19] 138.7, 125.6, 1.103
[12:59:20] 138.9, 125.6, 1.109
[12:59:21] 139.1, 125.6, 1.109
[12:59:22] 139.2, 125.6, 1.678
[12:59:23] 182.3, 125.6, 1.054
[12:59:24] 130.7, 125.6, 1.105
[12:59:25] 139.4, 125.6, 1.112
[12:59:26] 139.5, 125.6, 1.111
[12:59:27] 139.6, 125.5, 1.827
[12:59:28] 182.5, 125.6, 1.046
[12:59:29] 130.5, 125.6, 1.106
[12:59:30] 139.6, 125.6, 1.109
[12:59:31] 139.7, 125.6, 1.109
[12:59:32] 139.7, 125.5, 2.194
[12:59:33] 183.6, 125.6, 1.047
[12:59:34] 131.4, 125.7, 1.113
[12:59:35] 139.4, 125.6, 1.106
[12:59:36] 139.5, 125.6, 1.108
[12:59:37] 139.5, 125.4, 2.973
[12:59:38] 190.1, 125.6, 1.040
[12:59:39] 141.0, 125.6, 1.099
[12:59:40] 140.6, 125.6, 1.103
[12:59:41] 140.6, 125.6, 1.111
[12:59:42] 140.6, 125.4, 2.225
[12:59:43] 186.3, 125.6, 1.058
[12:59:44] 164.2, 125.6, 1.106
[12:59:45] 136.9, 125.6, 1.109
[12:59:46] 137.3, 125.6, 1.117
[12:59:47] 137.7, 125.6, 1.110
[12:59:48] 138.0, 125.5, 1.862
[12:59:49] 262.7, 125.6, 1.111
[12:59:50] 134.0, 125.6, 1.106
[12:59:51] 139.8, 125.6, 1.108
[12:59:52] 139.8, 125.6, 1.108
[12:59:53] 139.9, 125.4, 3.440
[12:59:54] 201.3, 125.4, 2.358
[12:59:55] 287.5, 125.6, 1.106
[12:59:56] 145.9, 125.5, 1.108
[12:59:57] 140.3, 125.6, 1.107
[12:59:58] 140.3, 125.6, 1.114
[12:59:59] 140.3, 125.6, 1.107
[13:00:00] 176.5, 125.4, 2.359
[13:00:01] 294.3, 125.4, 2.418
[13:00:02] 301.2, 125.6, 1.071
[13:00:03] 200.2, 125.5, 1.104
[13:00:04] 140.5, 125.6, 1.111
[13:00:05] 140.5, 125.6, 1.112
[13:00:06] 140.5, 125.6, 1.107
[13:00:07] 140.4, 125.4, 2.381
[13:00:08] 274.6, 125.4, 2.357
[13:00:09] 298.3, 125.4, 2.422
[13:00:10] 304.3, 125.4, 2.426
[13:00:11] 304.4, 125.4, 2.427
[13:00:12] 304.2, 125.7, 1.110
[13:00:13] 148.4, 125.7, 1.114
[13:00:14] 140.7, 125.6, 1.105
[13:00:15] 140.6, 125.7, 1.104
[13:00:16] 140.6, 125.6, 1.110
[13:00:17] 162.4, 125.5, 2.358
[13:00:18] 298.7, 125.5, 2.423
[13:00:19] 298.9, 125.5, 2.422
[13:00:20] 305.4, 125.5, 2.419
[13:00:21] 305.3, 125.4, 2.425
[13:00:22] 305.4, 125.4, 2.422
[13:00:23] 305.4, 125.4, 2.427
[13:00:24] 305.4, 125.4, 2.425
[13:00:25] 305.4, 125.4, 2.428
[13:00:26] 305.4, 125.6, 1.087
[13:00:27] 212.9, 125.6, 1.105
[13:00:28] 140.1, 125.6, 1.111
[13:00:29] 140.1, 125.6, 1.114
[13:00:30] 140.2, 125.6, 1.115
[13:00:31] 140.3, 125.5, 2.391
[13:00:32] 258.3, 125.5, 2.361
[13:00:33] 297.6, 125.5, 2.427
[13:00:34] 305.7, 125.4, 2.425
[13:00:35] 305.6, 125.3, 2.428
[13:00:36] 305.5, 125.4, 2.426
[13:00:37] 305.6, 125.4, 2.430
[13:00:38] 305.6, 125.4, 2.430
[13:00:39] 305.6, 125.4, 2.432
[13:00:40] 305.7, 125.3, 2.433
[13:00:41] 305.7, 125.3, 2.434
[13:00:42] 305.8, 125.3, 2.433
[13:00:43] 305.8, 125.4, 2.433
[13:00:44] 305.9, 125.4, 2.434
[13:00:45] 305.9, 125.4, 2.432
[13:00:46] 306.0, 125.3, 2.436
[13:00:47] 306.0, 125.4, 2.434
[13:00:48] 306.0, 125.4, 2.435
[13:00:49] 306.1, 125.4, 2.429
[13:00:50] 306.1, 125.5, 1.108
[13:00:51] 168.7, 125.6, 1.115
[13:00:52] 141.0, 125.6, 1.113
[13:00:53] 140.9, 125.6, 1.119
