<<<[05:26:04] 140.4, 126.2, 1.111
[05:26:05] 140.5, 126.2, 1.111
[05:26:06] 140.7, 126.2, 1.112
[05:26:07] 140.9, 126.2, 1.281
[05:26:08] 158.6, 126.2, 1.268
[05:26:09] 158.9, 126.2, 1.244
[05:26:10] 158.9, 126.2, 1.127
[05:26:11] 146.6, 126.2, 1.133
[05:26:12] 146.2, 126.2, 1.124
[05:26:13] 145.8, 126.2, 1.139
[05:26:14] 145.6, 126.2, 1.120
[05:26:15] 145.3, 126.2, 1.081
[05:26:16] 169.4, 126.1, 1.127
[05:26:17] 142.8, 126.1, 1.138
[05:26:18] 142.9, 126.2, 1.144
[05:26:19] 143.1, 126.2, 1.136
[05:26:20] 143.2, 126.2, 1.064
[05:26:21] 168.7, 126.2, 1.107
[05:26:22] 140.8, 126.2, 1.097
[05:26:23] 140.7, 126.2, 1.100
[05:26:24] 140.7, 126.3, 1.107
[05:26:25] 140.7, 126.2, 1.062
[05:26:26] 168.2, 126.2, 1.099
[05:26:27] 139.9, 126.2, 1.105
[05:26:28] 139.9, 126.2, 1.105
[05:26:29] 140.0, 126.3, 1.101
[05:26:30] 140.2, 126.2, 1.008
[05:26:31] 176.5, 126.2, 1.041
[05:26:32] 133.6, 126.2, 1.100
[05:26:33] 140.3, 126.2, 1.096
[05:26:34] 140.2, 126.2, 1.104
[05:26:35] 140.2, 126.2, 1.008
[05:26:36] 175.2, 126.2, 1.037
[05:26:37] 133.8, 126.2, 1.099
[05:26:38] 140.3, 126.2, 1.100
[05:26:39] 140.3, 126.2, 1.103
[05:26:40] 140.3, 126.1, 1.567
[05:26:41] 188.1, 126.2, 1.048
[05:26:42] 133.6, 126.2, 1.097
[05:26:43] 139.9, 126.2, 1.099
[05:26:44] 139.9, 126.2, 1.099
[05:26:45] 139.9, 126.1, 1.552
[05:26:46] 199.9, 126.2, 1.037
[05:26:47] 131.4, 126.2, 1.099
[05:26:48] 139.9, 126.2, 1.100
[05:26:49] 139.9, 126.2, 1.108
[05:26:50] 140.0, 126.1, 2.364
[05:26:51] 191.5, 126.2, 1.057
[05:26:52] 160.9, 126.2, 1.101
[05:26:53] 138.9, 126.2, 1.102
[05:26:54] 139.0, 126.2, 1.096
[05:26:55] 139.1, 126.1, 1.101
[05:26:56] 139.2, 126.1, 1.870
[05:26:57] 245.8, 126.2, 1.107
[05:26:58] 147.7, 126.2, 1.107
[05:26:59] 140.3, 126.2, 1.101
[05:27:00] 140.2, 126.2, 1.102
[05:27:01] 140.2, 126.1, 1.103
[05:27:02] 169.8, 126.0, 1.875
[05:27:03] 234.4, 126.1, 1.566
[05:27:04] 211.3, 126.1, 1.103
[05:27:05] 140.5, 126.2, 1.106
[05:27:06] 140.3, 126.2, 1.099
[05:27:07] 140.3, 126.2, 1.100
[05:27:08] 140.3, 126.1, 2.146
[05:27:09] 197.0, 126.0, 1.870
[05:27:10] 238.1, 126.0, 1.937
[05:27:11] 243.8, 126.0, 1.938
[05:27:12] 243.8, 126.1, 1.094
[05:27:13] 152.4, 126.1, 1.108
[05:27:14] 140.5, 126.1, 1.098
[05:27:15] 140.4, 126.2, 1.102
[05:27:16] 140.3, 126.2, 1.103
[05:27:17] 156.6, 126.0, 1.875
[05:27:18] 241.5, 126.0, 1.938
[05:27:19] 241.4, 126.0, 1.937
[05:27:20] 241.9, 126.0, 1.937
[05:27:21] 242.3, 126.1, 1.937
[05:27:22] 242.7, 126.1, 1.937
[05:27:23] 243.1, 126.1, 1.685
[05:27:24] 233.5, 126.1, 1.101
[05:27:25] 139.9, 126.1, 1.095
[05:27:26] 139.9, 126.2, 1.094
[05:27:27] 139.9, 126.2, 1.101
[05:27:28] 140.0, 126.0, 3.066
[05:27:29] 186.6, 126.1, 1.874
[05:27:30] 237.7, 126.1, 1.936
[05:27:31] 243.1, 126.1, 1.936
[05:27:32] 243.3, 126.1, 1.937
[05:27:33] 243.6, 126.1, 1.938
[05:27:34] 243.9, 126.1, 1.940
[05:27:35] 244.1, 126.1, 1.940
[05:27:36] 244.3, 126.1, 1.936
[05:27:37] 244.5, 126.1, 1.939
[05:27:38] 244.7, 126.1, 1.940
[05:27:39] 244.8, 126.0, 1.939
[05:27:40] 245.0, 126.0, 1.941
[05:27:41] 245.1, 126.0, 1.941
[05:27:42] 245.2, 126.1, 1.103
[05:27:43] 158.4, 126.0, 1.104
[05:27:44] 140.3, 126.2, 1.111
[05:27:45] 140.3, 126.1, 1.114
[05:27:46] 140.3, 126.1, 1.102
