<<<[01:38:31] 140.7, 126.6, 1.115
[01:38:32] 140.8, 126.6, 1.116
[01:38:33] 141.1, 126.6, 1.134
[01:38:34] 141.5, 126.6, 1.268
[01:38:35] 157.0, 126.6, 1.235
[01:38:36] 157.1, 126.5, 1.266
[01:38:37] 157.7, 126.6, 1.266
[01:38:38] 158.0, 126.6, 1.257
[01:38:39] 158.4, 126.6, 1.269
[01:38:40] 158.7, 126.6, 1.272
[01:38:41] 159.0, 126.6, 1.265
[01:38:42] 159.1, 126.5, 1.263
[01:38:43] 159.1, 126.5, 1.265
[01:38:44] 159.1, 126.6, 1.252
[01:38:45] 159.1, 126.6, 1.254
[01:38:46] 159.1, 126.6, 1.266
[01:38:47] 159.1, 126.5, 1.232
[01:38:48] 159.2, 126.6, 1.226
[01:38:49] 159.1, 126.6, 1.242
[01:38:50] 159.1, 126.5, 1.220
[01:38:51] 159.2, 126.5, 1.249
[01:38:52] 159.3, 126.6, 1.270
[01:38:53] 159.4, 126.6, 1.260
[01:38:54] 159.6, 126.5, 1.265
[01:38:55] 159.4, 126.5, 1.267
[01:38:56] 159.4, 126.6, 1.259
[01:38:57] 159.4, 126.5, 1.260
[01:38:58] 159.5, 126.5, 1.219
[01:38:59] 159.3, 126.6, 1.275
[01:39:00] 159.5, 126.5, 1.243
[01:39:01] 159.6, 126.5, 1.258
[01:39:02] 159.6, 126.5, 1.265
[01:39:03] 159.5, 126.5, 1.211
[01:39:04] 159.4, 126.5, 1.264
[01:39:05] 159.5, 126.5, 1.265
[01:39:06] 159.4, 126.5, 1.246
[01:39:07] 159.4, 126.5, 1.266
[01:39:08] 159.4, 126.5, 1.235
[01:39:09] 159.4, 126.5, 1.260
[01:39:10] 159.5, 126.5, 1.226
[01:39:11] 159.5, 126.5, 1.248
[01:39:12] 159.5, 126.5, 1.255
[01:39:13] 159.6, 126.5, 1.247
[01:39:14] 159.5, 126.5, 1.236
[01:39:15] 159.6, 126.5, 1.250
[01:39:16] 159.6, 126.5, 1.272
[01:39:17] 159.6, 126.5, 1.264
[01:39:18] 159.7, 126.5, 1.261
[01:39:19] 159.6, 126.5, 1.218
[01:39:20] 159.6, 126.5, 1.258
[01:39:21] 159.7, 126.5, 1.265
[01:39:22] 159.7, 126.5, 1.273
[01:39:23] 159.7, 126.5, 1.259
[01:39:24] 159.7, 126.5, 1.271
[01:39:25] 159.7, 126.6, 1.264
[01:39:26] 159.8, 126.5, 1.267
[01:39:27] 159.8, 126.5, 1.254
[01:39:28] 159.8, 126.6, 1.248
[01:39:29] 159.7, 126.6, 1.256
[01:39:30] 159.7, 126.5, 1.219
[01:39:31] 159.8, 126.6, 1.253
[01:39:32] 159.8, 126.6, 1.271
[01:39:33] 159.9, 126.6, 1.256
[01:39:34] 159.8, 126.6, 1.263
[01:39:35] 159.8, 126.6, 1.267
[01:39:36] 159.7, 126.6, 1.266
[01:39:37] 159.7, 126.6, 1.254
[01:39:38] 159.7, 126.5, 1.272
[01:39:39] 159.6, 126.5, 1.236
[01:39:40] 159.8, 126.6, 1.266
[01:39:41] 159.7, 126.5, 1.229
[01:39:42] 159.7, 126.5, 1.251
[01:39:43] 159.8, 126.6, 1.270
[01:39:44] 159.7, 126.5, 1.246
[01:39:45] 159.5, 126.6, 1.263
[01:39:46] 159.6, 126.6, 1.250
[01:39:47] 159.6, 126.6, 1.239
[01:39:48] 159.5, 126.6, 1.245
[01:39:49] 159.6, 126.6, 1.241
[01:39:50] 159.6, 126.6, 1.263
[01:39:51] 159.6, 126.6, 1.238
[01:39:52] 159.7, 126.6, 1.267
[01:39:53] 159.7, 126.6, 1.272
[01:39:54] 159.7, 126.6, 1.249
[01:39:55] 159.7, 126.6, 1.258
[01:39:56] 159.8, 126.5, 1.269
[01:39:57] 159.7, 126.6, 1.210
[01:39:58] 159.6, 126.5, 1.246
[01:39:59] 159.7, 126.5, 1.224
[01:40:00] 159.7, 126.5, 1.263
[01:40:01] 159.9, 126.5, 1.251
[01:40:02] 159.8, 126.5, 1.266
[01:40:03] 159.7, 126.5, 1.268
[01:40:04] 159.6, 126.5, 1.234
[01:40:05] 159.7, 126.5, 1.254
[01:40:06] 159.6, 126.5, 1.245
[01:40:07] 159.5, 126.5, 1.270
[01:40:08] 159.5, 126.5, 1.267
[01:40:09] 159.6, 126.5, 1.267
[01:40:10] 159.5, 126.5, 1.222
[01:40:11] 159.6, 126.5, 1.271
[01:40:12] 159.7, 126.6, 1.236
[01:40:13] 159.5, 126.5, 1.266
[01:40:14] 159.5, 126.6, 1.260
[01:40:15] 159.6, 126.5, 1.255
[01:40:16] 159.5, 126.6, 1.266
[01:40:17] 159.5, 126.6, 1.263
[01:40:18] 159.5, 126.6, 1.265
[01:40:19] 159.6, 126.6, 1.263
[01:40:20] 159.7, 126.6, 1.255
[01:40:21] 159.6, 126.6, 1.207
[01:40:22] 159.5, 126.6, 1.262
[01:40:23] 159.6, 126.6, 1.210
[01:40:24] 159.5, 126.6, 1.244
[01:40:25] 159.6, 126.6, 1.265
[01:40:26] 159.6, 126.6, 1.266
[01:40:27] 159.7, 126.6, 1.259
[01:40:28] 159.6, 126.6, 1.259
[01:40:29] 159.7, 126.6, 1.254
[01:40:30] 159.5, 126.6, 1.221
[01:40:31] 159.5, 126.6, 1.248
[01:40:32] 159.7, 126.6, 1.227
[01:40:33] 159.6, 126.6, 1.215
[01:40:34] 159.6, 126.6, 1.268
[01:40:35] 159.5, 126.6, 1.250
[01:40:36] 159.5, 126.6, 1.216
[01:40:37] 159.3, 126.6, 1.245
[01:40:38] 159.2, 126.6, 1.243
[01:40:39] 159.1, 126.6, 1.260
[01:40:40] 159.3, 126.6, 1.266
[01:40:41] 159.3, 126.6, 1.254
[01:40:42] 159.1, 126.6, 1.241
[01:40:43] 159.0, 126.6, 1.255
[01:40:44] 158.9, 126.6, 1.267
[01:40:45] 159.0, 126.6, 1.235
[01:40:46] 158.9, 126.5, 1.265
[01:40:47] 159.0, 126.6, 1.204
[01:40:48] 158.8, 126.6, 1.204
[01:40:49] 158.8, 126.6, 1.232
[01:40:50] 159.0, 126.6, 1.272
[01:40:51] 159.0, 126.6, 1.219
[01:40:52] 159.0, 126.5, 1.232
[01:40:53] 158.9, 126.6, 1.260
[01:40:54] 158.9, 126.6, 1.260
[01:40:55] 158.9, 126.6, 1.259
[01:40:56] 159.2, 126.6, 1.258
[01:40:57] 159.2, 126.6, 1.260
[01:40:58] 159.1, 126.6, 1.209
[01:40:59] 158.8, 126.6, 1.231
[01:41:00] 158.9, 126.5, 1.241
[01:41:01] 158.8, 126.5, 1.256
[01:41:02] 158.8, 126.6, 1.263
[01:41:03] 158.8, 126.6, 1.269
[01:41:04] 158.8, 126.6, 1.256
[01:41:05] 158.8, 126.6, 1.255
[01:41:06] 158.7, 126.6, 1.266
[01:41:07] 158.7, 126.6, 1.264
[01:41:08] 158.7, 126.6, 1.229
[01:41:09] 158.6, 126.6, 1.223
[01:41:10] 158.8, 126.6, 1.265
[01:41:11] 158.9, 126.6, 1.211
[01:41:12] 158.8, 126.6, 1.251
[01:41:13] 158.8, 126.6, 1.244
[01:41:14] 158.8, 126.6, 1.254
[01:41:15] 158.8, 126.6, 1.248
[01:41:16] 158.7, 126.6, 1.232
[01:41:17] 158.8, 126.6, 1.228
[01:41:18] 158.8, 126.6, 1.259
[01:41:19] 159.0, 126.6, 1.231
[01:41:20] 158.9, 126.6, 1.255
[01:41:21] 158.8, 126.6, 1.227
[01:41:22] 158.9, 126.6, 1.266
[01:41:23] 159.0, 126.6, 1.237
[01:41:24] 158.8, 126.6, 1.264
[01:41:25] 158.7, 126.5, 1.262
[01:41:26] 158.8, 126.5, 1.252
[01:41:27] 158.8, 126.5, 1.211
[01:41:28] 158.8, 126.5, 1.260
[01:41:29] 159.0, 126.5, 1.262
[01:41:30] 158.9, 126.5, 1.231
[01:41:31] 159.0, 126.5, 1.262
[01:41:32] 159.0, 126.6, 1.235
[01:41:33] 158.9, 126.5, 1.266
[01:41:34] 158.9, 126.5, 1.225
[01:41:35] 159.0, 126.6, 1.248
[01:41:36] 158.9, 126.6, 1.266
[01:41:37] 158.9, 126.5, 1.261
[01:41:38] 159.0, 126.5, 1.261
[01:41:39] 159.0, 126.5, 1.262
[01:41:40] 159.0, 126.5, 1.252
[01:41:41] 159.0, 126.5, 1.193
[01:41:42] 158.8, 126.5, 1.237
[01:41:43] 159.0, 126.5, 1.269
[01:41:44] 159.1, 126.5, 1.241
[01:41:45] 159.0, 126.5, 1.227
[01:41:46] 158.7, 126.5, 1.203
[01:41:47] 158.6, 126.5, 1.231
[01:41:48] 158.8, 126.5, 1.262
[01:41:49] 158.9, 126.5, 1.236
[01:41:50] 158.9, 126.5, 1.270
[01:41:51] 158.9, 126.5, 1.250
[01:41:52] 159.0, 126.5, 1.255
[01:41:53] 158.9, 126.5, 1.252
[01:41:54] 158.8, 126.5, 1.220
[01:41:55] 158.8, 126.5, 1.238
[01:41:56] 159.0, 126.5, 1.260
[01:41:57] 159.0, 126.5, 1.259
[01:41:58] 159.1, 126.5, 1.256
[01:41:59] 159.2, 126.5, 1.260
[01:42:00] 159.1, 126.5, 1.214
[01:42:01] 159.1, 126.5, 1.235
[01:42:02] 159.1, 126.5, 1.244
[01:42:03] 159.0, 126.5, 1.263
[01:42:04] 159.2, 126.5, 1.241
[01:42:05] 159.3, 126.5, 1.224
[01:42:06] 159.4, 126.5, 1.227
[01:42:07] 159.4, 126.5, 1.222
[01:42:08] 159.3, 126.6, 1.223
[01:42:09] 159.1, 126.5, 1.253
[01:42:10] 159.1, 126.5, 1.246
[01:42:11] 159.1, 126.5, 1.269
[01:42:12] 159.0, 126.5, 1.238
[01:42:13] 158.9, 126.5, 1.210
[01:42:14] 158.9, 126.5, 1.248
[01:42:15] 159.0, 126.5, 1.214
[01:42:16] 159.0, 126.5, 1.264
[01:42:17] 159.0, 126.4, 1.208
[01:42:18] 159.0, 126.5, 1.261
[01:42:19] 159.0, 126.5, 1.213
[01:42:20] 158.9, 126.5, 1.244
[01:42:21] 159.0, 126.5, 1.224
[01:42:22] 158.9, 126.5, 1.208
[01:42:23] 158.7, 126.5, 1.262
[01:42:24] 159.0, 126.5, 1.268
[01:42:25] 158.9, 126.5, 1.262
[01:42:26] 159.0, 126.5, 1.206
[01:42:27] 159.0, 126.5, 1.239
[01:42:28] 159.1, 126.5, 1.219
[01:42:29] 158.9, 126.5, 1.240
[01:42:30] 159.1, 126.4, 1.214
[01:42:31] 159.1, 126.4, 1.255
[01:42:32] 159.1, 126.5, 1.212
[01:42:33] 158.9, 126.5, 1.266
[01:42:34] 158.9, 126.4, 1.260
[01:42:35] 159.0, 126.4, 1.262
[01:42:36] 158.9, 126.5, 1.251
[01:42:37] 159.0, 126.5, 1.232
[01:42:38] 158.9, 126.5, 1.260
[01:42:39] 158.9, 126.5, 1.253
[01:42:40] 158.9, 126.5, 1.227
[01:42:41] 158.8, 126.5, 1.240
[01:42:42] 158.9, 126.5, 1.241
[01:42:43] 158.9, 126.5, 1.236
[01:42:44] 159.0, 126.5, 1.255
[01:42:45] 159.0, 126.5, 1.265
[01:42:46] 158.9, 126.5, 1.252
[01:42:47] 158.8, 126.5, 1.259
[01:42:48] 158.9, 126.5, 1.264
[01:42:49] 158.9, 126.5, 1.224
[01:42:50] 158.6, 126.5, 1.245
[01:42:51] 158.6, 126.5, 1.218
[01:42:52] 158.7, 126.5, 1.232
[01:42:53] 158.8, 126.5, 1.253
[01:42:54] 158.7, 126.5, 1.253
[01:42:55] 158.6, 126.5, 1.260
[01:42:56] 158.6, 126.5, 1.228
[01:42:57] 158.6, 126.5, 1.252
[01:42:58] 158.6, 126.5, 1.257
[01:42:59] 158.7, 126.5, 1.237
[01:43:00] 158.7, 126.5, 1.265
[01:43:01] 158.6, 126.5, 1.247
[01:43:02] 158.8, 126.5, 1.259
[01:43:03] 158.8, 126.5, 1.259
[01:43:04] 158.8, 126.5, 1.227
[01:43:05] 158.6, 126.5, 1.259
[01:43:06] 158.6, 126.4, 1.258
[01:43:07] 158.7, 126.5, 1.266
[01:43:08] 158.7, 126.5, 1.243
[01:43:09] 158.8, 126.5, 1.209
[01:43:10] 158.6, 126.5, 1.265
[01:43:11] 158.8, 126.5, 1.237
[01:43:12] 158.8, 126.5, 1.254
[01:43:13] 158.9, 126.5, 1.219
[01:43:14] 159.1, 126.5, 1.262
[01:43:15] 159.1, 126.5, 1.220
[01:43:16] 159.0, 126.5, 1.251
[01:43:17] 159.1, 126.5, 1.244
[01:43:18] 159.0, 126.5, 1.266
[01:43:19] 159.0, 126.5, 1.244
[01:43:20] 158.9, 126.5, 1.218
[01:43:21] 158.8, 126.5, 1.241
[01:43:22] 159.0, 126.5, 1.259
[01:43:23] 158.8, 126.5, 1.268
[01:43:24] 158.9, 126.5, 1.225
[01:43:25] 158.9, 126.5, 1.265
[01:43:26] 158.8, 126.5, 1.205
[01:43:27] 158.7, 126.5, 1.245
[01:43:28] 158.9, 126.5, 1.264
[01:43:29] 158.7, 126.5, 1.255
[01:43:30] 158.7, 126.5, 1.263
[01:43:31] 158.8, 126.5, 1.242
[01:43:32] 158.7, 126.5, 1.261
[01:43:33] 158.7, 126.5, 1.266
[01:43:34] 158.7, 126.5, 1.261
[01:43:35] 158.8, 126.5, 1.254
[01:43:36] 158.7, 126.5, 1.261
[01:43:37] 158.7, 126.5, 1.255
[01:43:38] 158.7, 126.4, 1.219
[01:43:39] 158.7, 126.5, 1.213
[01:43:40] 158.6, 126.5, 1.223
[01:43:41] 158.7, 126.5, 1.259
[01:43:42] 158.7, 126.5, 1.229
[01:43:43] 158.7, 126.5, 1.250
[01:43:44] 158.8, 126.5, 1.266
[01:43:45] 158.8, 126.5, 1.218
[01:43:46] 158.6, 126.5, 1.214
[01:43:47] 158.6, 126.5, 1.260
[01:43:48] 158.7, 126.5, 1.223
[01:43:49] 158.5, 126.5, 1.260
[01:43:50] 158.6, 126.5, 1.260
[01:43:51] 158.4, 126.5, 1.241
[01:43:52] 158.7, 126.4, 1.257
[01:43:53] 158.6, 126.5, 1.263
[01:43:54] 158.5, 126.5, 1.228
[01:43:55] 158.6, 126.5, 1.234
[01:43:56] 158.6, 126.5, 1.268
[01:43:57] 158.6, 126.5, 1.246
[01:43:58] 158.8, 126.5, 1.257
[01:43:59] 158.7, 126.5, 1.239
[01:44:00] 158.6, 126.5, 1.247
[01:44:01] 158.7, 126.5, 1.265
[01:44:02] 158.8, 126.5, 1.266
[01:44:03] 158.8, 126.5, 1.235
[01:44:04] 158.8, 126.5, 1.255
[01:44:05] 158.9, 126.5, 1.250
[01:44:06] 158.8, 126.5, 1.255
[01:44:07] 158.8, 126.6, 1.259
[01:44:08] 158.8, 126.5, 1.262
[01:44:09] 159.0, 126.5, 1.255
[01:44:10] 158.8, 126.4, 1.224
[01:44:11] 159.0, 126.5, 1.261
[01:44:12] 158.9, 126.5, 1.221
[01:44:13] 158.8, 126.5, 1.233
[01:44:14] 158.7, 126.5, 1.221
[01:44:15] 158.8, 126.5, 1.263
[01:44:16] 158.7, 126.5, 1.231
[01:44:17] 158.6, 126.5, 1.267
[01:44:18] 158.7, 126.5, 1.261
[01:44:19] 158.9, 126.5, 1.204
[01:44:20] 158.6, 126.5, 1.241
[01:44:21] 158.7, 126.5, 1.253
[01:44:22] 158.7, 126.5, 1.250
[01:44:23] 158.8, 126.5, 1.255
[01:44:24] 158.8, 126.5, 1.256
[01:44:25] 158.7, 126.5, 1.240
[01:44:26] 158.7, 126.5, 1.247
[01:44:27] 158.7, 126.5, 1.230
[01:44:28] 158.8, 126.5, 1.260
[01:44:29] 158.8, 126.5, 1.250
[01:44:30] 158.7, 126.4, 1.258
[01:44:31] 158.7, 126.5, 1.236
[01:44:32] 158.5, 126.5, 1.204
[01:44:33] 158.5, 126.5, 1.265
[01:44:34] 158.6, 126.5, 1.236
[01:44:35] 158.6, 126.5, 1.260
[01:44:36] 158.7, 126.5, 1.211
[01:44:37] 158.5, 126.5, 1.256
[01:44:38] 158.7, 126.5, 1.258
[01:44:39] 158.7, 126.5, 1.265
[01:44:40] 158.6, 126.5, 1.259
[01:44:41] 158.7, 126.5, 1.251
[01:44:42] 158.6, 126.5, 1.269
[01:44:43] 158.7, 126.5, 1.247
[01:44:44] 158.7, 126.5, 1.242
[01:44:45] 158.6, 126.5, 1.256
[01:44:46] 158.7, 126.5, 1.230
[01:44:47] 158.6, 126.6, 1.225
[01:44:48] 158.5, 126.6, 1.262
[01:44:49] 158.5, 126.5, 1.229
[01:44:50] 158.6, 126.5, 1.263
[01:44:51] 158.6, 126.5, 1.227
[01:44:52] 158.7, 126.5, 1.250
[01:44:53] 158.6, 126.5, 1.261
[01:44:54] 158.6, 126.5, 1.262
[01:44:55] 158.5, 126.5, 1.227
[01:44:56] 158.6, 126.5, 1.256
[01:44:57] 158.6, 126.5, 1.259
[01:44:58] 158.5, 126.5, 1.253
[01:44:59] 158.7, 126.5, 1.235
[01:45:00] 158.7, 126.6, 1.257
[01:45:01] 158.7, 126.5, 1.261
[01:45:02] 158.7, 126.5, 1.225
[01:45:03] 158.7, 126.5, 1.238
[01:45:04] 158.7, 126.5, 1.249
[01:45:05] 158.6, 126.5, 1.230
[01:45:06] 158.6, 126.5, 1.243
[01:45:07] 158.6, 126.5, 1.264
[01:45:08] 158.7, 126.5, 1.224
[01:45:09] 158.7, 126.5, 1.246
[01:45:10] 158.6, 126.5, 1.225
[01:45:11] 158.5, 126.5, 1.242
[01:45:12] 158.5, 126.5, 1.260
[01:45:13] 158.7, 126.5, 1.220
[01:45:14] 158.5, 126.5, 1.241
[01:45:15] 158.6, 126.5, 1.261
[01:45:16] 158.6, 126.4, 1.263
[01:45:17] 158.6, 126.5, 1.265
[01:45:18] 158.6, 126.5, 1.263
[01:45:19] 158.6, 126.5, 1.222
[01:45:20] 158.6, 126.5, 1.228
[01:45:21] 158.7, 126.5, 1.233
[01:45:22] 158.8, 126.5, 1.232
[01:45:23] 158.7, 126.5, 1.246
[01:45:24] 158.7, 126.5, 1.212
[01:45:25] 158.6, 126.5, 1.247
[01:45:26] 158.6, 126.5, 1.257
[01:45:27] 158.7, 126.4, 1.238
[01:45:28] 158.7, 126.5, 1.264
[01:45:29] 158.7, 126.5, 1.218
[01:45:30] 158.6, 126.5, 1.257
[01:45:31] 158.7, 126.5, 1.246
[01:45:32] 158.8, 126.6, 1.241
[01:45:33] 158.7, 126.5, 1.228
[01:45:34] 158.7, 126.5, 1.246
[01:45:35] 158.7, 126.5, 1.262
[01:45:36] 158.7, 126.5, 1.236
[01:45:37] 158.7, 126.5, 1.262
[01:45:38] 158.7, 126.5, 1.259
[01:45:39] 158.6, 126.5, 1.263
[01:45:40] 158.5, 126.5, 1.206
[01:45:41] 158.6, 126.5, 1.238
[01:45:42] 158.5, 126.5, 1.261
[01:45:43] 158.5, 126.5, 1.265
[01:45:44] 158.5, 126.5, 1.214
[01:45:45] 158.5, 126.5, 1.252
[01:45:46] 158.5, 126.5, 1.263
[01:45:47] 158.5, 126.5, 1.235
[01:45:48] 158.4, 126.5, 1.220
[01:45:49] 158.5, 126.5, 1.207
[01:45:50] 158.6, 126.5, 1.266
[01:45:51] 158.7, 126.5, 1.218
[01:45:52] 158.7, 126.5, 1.249
[01:45:53] 158.8, 126.5, 1.253
[01:45:54] 158.6, 126.5, 1.257
[01:45:55] 158.7, 126.5, 1.262
[01:45:56] 158.7, 126.5, 1.215
[01:45:57] 158.8, 126.6, 1.265
[01:45:58] 158.8, 126.5, 1.207
[01:45:59] 158.7, 126.5, 1.241
[01:46:00] 158.7, 126.6, 1.248
[01:46:01] 158.6, 126.5, 1.237
[01:46:02] 158.5, 126.5, 1.246
[01:46:03] 158.7, 126.5, 1.266
[01:46:04] 158.7, 126.6, 1.255
[01:46:05] 158.7, 126.5, 1.253
[01:46:06] 158.6, 126.5, 1.263
[01:46:07] 158.6, 126.6, 1.233
[01:46:08] 158.7, 126.6, 1.249
[01:46:09] 158.6, 126.6, 1.258
[01:46:10] 158.4, 126.6, 1.261
[01:46:11] 158.4, 126.6, 1.244
[01:46:12] 158.4, 126.6, 1.237
[01:46:13] 158.5, 126.6, 1.212
[01:46:14] 158.5, 126.5, 1.247
[01:46:15] 158.4, 126.5, 1.231
[01:46:16] 158.5, 126.5, 1.227
[01:46:17] 158.4, 126.5, 1.202
[01:46:18] 158.2, 126.5, 1.236
[01:46:19] 158.2, 126.5, 1.244
[01:46:20] 158.2, 126.5, 1.246
[01:46:21] 158.2, 126.6, 1.235
[01:46:22] 158.2, 126.6, 1.238
[01:46:23] 158.2, 126.5, 1.252
[01:46:24] 158.2, 126.5, 1.260
[01:46:25] 158.3, 126.5, 1.214
[01:46:26] 158.3, 126.6, 1.198
[01:46:27] 158.2, 126.5, 1.248
[01:46:28] 158.2, 126.5, 1.255
[01:46:29] 158.3, 126.5, 1.235
[01:46:30] 158.3, 126.5, 1.264
[01:46:31] 158.4, 126.6, 1.248
[01:46:32] 158.4, 126.6, 1.255
[01:46:33] 158.5, 126.6, 1.231
[01:46:34] 158.4, 126.6, 1.224
[01:46:35] 158.5, 126.6, 1.250
[01:46:36] 158.5, 126.5, 1.226
[01:46:37] 158.4, 126.6, 1.219
[01:46:38] 158.5, 126.6, 1.268
[01:46:39] 158.6, 126.6, 1.260
[01:46:40] 158.7, 126.5, 1.250
[01:46:41] 158.8, 126.6, 1.267
[01:46:42] 158.9, 126.6, 1.202
[01:46:43] 158.8, 126.6, 1.248
[01:46:44] 158.8, 126.6, 1.226
[01:46:45] 158.8, 126.6, 1.231
[01:46:46] 158.8, 126.6, 1.217
[01:46:47] 158.6, 126.6, 1.229
[01:46:48] 158.7, 126.6, 1.256
[01:46:49] 158.6, 126.6, 1.207
[01:46:50] 158.6, 126.6, 1.258
[01:46:51] 158.7, 126.6, 1.202
[01:46:52] 158.6, 126.6, 1.253
[01:46:53] 158.8, 126.6, 1.265
[01:46:54] 158.7, 126.6, 1.246
[01:46:55] 158.7, 126.6, 1.250
[01:46:56] 158.6, 126.6, 1.262
[01:46:57] 158.6, 126.6, 1.205
[01:46:58] 158.5, 126.6, 1.256
[01:46:59] 158.5, 126.6, 1.257
[01:47:00] 158.7, 126.6, 1.253
[01:47:01] 158.6, 126.6, 1.261
[01:47:02] 158.7, 126.6, 1.240
[01:47:03] 158.5, 126.6, 1.232
[01:47:04] 158.6, 126.6, 1.254
[01:47:05] 158.5, 126.6, 1.224
[01:47:06] 158.5, 126.6, 1.245
[01:47:07] 158.6, 126.6, 1.236
[01:47:08] 158.6, 126.5, 1.237
[01:47:09] 158.6, 126.5, 1.255
[01:47:10] 158.5, 126.6, 1.253
[01:47:11] 158.5, 126.5, 1.263
[01:47:12] 158.6, 126.6, 1.260
[01:47:13] 158.5, 126.6, 1.254
[01:47:14] 158.4, 126.6, 1.258
[01:47:15] 158.5, 126.6, 1.262
[01:47:16] 158.5, 126.6, 1.208
[01:47:17] 158.3, 126.6, 1.265
[01:47:18] 158.5, 126.6, 1.258
[01:47:19] 158.6, 126.6, 1.257
[01:47:20] 158.5, 126.6, 1.261
[01:47:21] 158.5, 126.6, 1.248
[01:47:22] 158.7, 126.6, 1.206
[01:47:23] 158.7, 126.6, 1.225
[01:47:24] 158.7, 126.6, 1.253
[01:47:25] 158.6, 126.6, 1.265
[01:47:26] 158.5, 126.6, 1.226
[01:47:27] 158.4, 126.6, 1.254
[01:47:28] 158.6, 126.6, 1.250
[01:47:29] 158.7, 126.6, 1.259
[01:47:30] 158.7, 126.7, 1.264
[01:47:31] 158.7, 126.7, 1.234
[01:47:32] 158.8, 126.6, 1.251
[01:47:33] 158.8, 126.6, 1.260
[01:47:34] 158.7, 126.6, 1.258
[01:47:35] 159.0, 126.7, 1.217
[01:47:36] 158.8, 126.7, 1.260
[01:47:37] 158.8, 126.4, 1.248
[01:47:38] 158.7, 126.5, 1.248
[01:47:39] 158.6, 126.5, 1.264
[01:47:40] 158.5, 126.5, 1.262
[01:47:41] 158.5, 126.5, 1.252
[01:47:42] 158.5, 126.5, 1.262
[01:47:43] 158.5, 126.4, 1.215
[01:47:44] 158.4, 126.5, 1.214
[01:47:45] 158.4, 126.5, 1.260
[01:47:46] 158.4, 126.5, 1.255
[01:47:47] 158.4, 126.5, 1.204
[01:47:48] 158.4, 126.5, 1.258
[01:47:49] 158.5, 126.5, 1.254
[01:47:50] 158.5, 126.5, 1.258
[01:47:51] 158.6, 126.5, 1.229
[01:47:52] 158.6, 126.5, 1.257
[01:47:53] 158.6, 126.5, 1.263
[01:47:54] 158.5, 126.5, 1.239
[01:47:55] 158.6, 126.5, 1.264
[01:47:56] 158.6, 126.5, 1.257
[01:47:57] 158.5, 126.5, 1.263
[01:47:58] 158.4, 126.5, 1.257
[01:47:59] 158.4, 126.5, 1.248
[01:48:00] 158.4, 126.5, 1.252
[01:48:01] 158.5, 126.5, 1.228
[01:48:02] 158.4, 126.5, 1.244
[01:48:03] 158.4, 126.5, 1.243
[01:48:04] 158.3, 126.5, 1.225
[01:48:05] 158.2, 126.5, 1.217
[01:48:06] 158.3, 126.5, 1.210
[01:48:07] 158.1, 126.5, 1.248
[01:48:08] 158.3, 126.5, 1.226
[01:48:09] 158.3, 126.5, 1.205
[01:48:10] 158.3, 126.5, 1.263
[01:48:11] 158.4, 126.5, 1.248
[01:48:12] 158.2, 126.5, 1.255
[01:48:13] 158.4, 126.5, 1.245
[01:48:14] 158.3, 126.5, 1.261
[01:48:15] 158.3, 126.5, 1.242
[01:48:16] 158.2, 126.4, 1.255
[01:48:17] 158.2, 126.5, 1.215
[01:48:18] 158.3, 126.5, 1.259
[01:48:19] 158.5, 126.5, 1.256
[01:48:20] 158.4, 126.5, 1.269
[01:48:21] 158.4, 126.4, 1.263
[01:48:22] 158.3, 126.5, 1.234
[01:48:23] 158.4, 126.5, 1.249
[01:48:24] 158.3, 126.4, 1.252
[01:48:25] 158.4, 126.4, 1.262
[01:48:26] 158.4, 126.4, 1.243
[01:48:27] 158.3, 126.4, 1.261
[01:48:28] 158.3, 126.4, 1.234
[01:48:29] 158.4, 126.4, 1.207
[01:48:30] 158.2, 126.4, 1.258
[01:48:31] 158.4, 126.5, 1.227
[01:48:32] 158.2, 126.5, 1.255
[01:48:33] 158.1, 126.5, 1.251
[01:48:34] 158.4, 126.5, 1.238
[01:48:35] 158.3, 126.5, 1.220
[01:48:36] 158.2, 126.5, 1.217
[01:48:37] 158.3, 126.5, 1.257
[01:48:38] 158.3, 126.5, 1.246
[01:48:39] 158.3, 126.4, 1.209
[01:48:40] 158.2, 126.4, 1.220
[01:48:41] 158.3, 126.4, 1.232
[01:48:42] 158.3, 126.4, 1.259
[01:48:43] 158.2, 126.5, 1.232
[01:48:44] 158.1, 126.4, 1.257
[01:48:45] 158.2, 126.4, 1.235
[01:48:46] 158.4, 126.4, 1.264
[01:48:47] 158.2, 126.4, 1.266
[01:48:48] 158.2, 126.4, 1.260
[01:48:49] 158.6, 126.4, 1.238
[01:48:50] 158.7, 126.4, 1.235
[01:48:51] 158.6, 126.4, 1.230
[01:48:52] 158.5, 126.4, 1.264
[01:48:53] 158.5, 126.5, 1.231
[01:48:54] 158.6, 126.5, 1.222
[01:48:55] 158.5, 126.4, 1.241
[01:48:56] 158.5, 126.5, 1.265
[01:48:57] 158.3, 126.4, 1.258
[01:48:58] 158.3, 126.4, 1.264
[01:48:59] 158.3, 126.4, 1.208
[01:49:00] 158.2, 126.4, 1.259
[01:49:01] 158.3, 126.4, 1.261
[01:49:02] 158.4, 126.4, 1.244
[01:49:03] 158.4, 126.4, 1.231
[01:49:04] 158.3, 126.4, 1.257
[01:49:05] 158.5, 126.4, 1.259
[01:49:06] 158.5, 126.5, 1.219
[01:49:07] 158.5, 126.5, 1.206
[01:49:08] 158.3, 126.4, 1.256
[01:49:09] 158.5, 126.4, 1.249
[01:49:10] 158.5, 126.4, 1.248
[01:49:11] 158.5, 126.4, 1.264
[01:49:12] 158.4, 126.4, 1.231
[01:49:13] 158.5, 126.4, 1.254
[01:49:14] 158.5, 126.4, 1.256
[01:49:15] 158.4, 126.4, 1.242
[01:49:16] 158.3, 126.4, 1.264
[01:49:17] 158.3, 126.4, 1.231
[01:49:18] 158.4, 126.4, 1.258
[01:49:19] 158.3, 126.4, 1.261
[01:49:20] 158.3, 126.4, 1.226
[01:49:21] 158.3, 126.4, 1.258
[01:49:22] 158.4, 126.4, 1.261
[01:49:23] 158.4, 126.4, 1.257
[01:49:24] 158.4, 126.4, 1.249
[01:49:25] 158.4, 126.4, 1.247
[01:49:26] 158.3, 126.4, 1.228
[01:49:27] 158.4, 126.4, 1.240
[01:49:28] 158.4, 126.4, 1.229
[01:49:29] 158.4, 126.5, 1.253
[01:49:30] 158.4, 126.5, 1.259
[01:49:31] 158.4, 126.4, 1.262
[01:49:32] 158.4, 126.4, 1.201
[01:49:33] 158.2, 126.5, 1.218
[01:49:34] 158.2, 126.5, 1.257
[01:49:35] 158.3, 126.5, 1.255
[01:49:36] 158.3, 126.5, 1.256
[01:49:37] 158.3, 126.5, 1.256
[01:49:38] 158.4, 126.5, 1.240
[01:49:39] 158.5, 126.5, 1.251
[01:49:40] 158.5, 126.5, 1.251
[01:49:41] 158.4, 126.5, 1.229
[01:49:42] 158.4, 126.5, 1.254
[01:49:43] 158.6, 126.5, 1.263
[01:49:44] 158.5, 126.5, 1.246
[01:49:45] 158.6, 126.4, 1.261
[01:49:46] 158.5, 126.5, 1.263
[01:49:47] 158.6, 126.5, 1.237
[01:49:48] 158.6, 126.4, 1.266
[01:49:49] 158.5, 126.5, 1.257
[01:49:50] 158.6, 126.4, 1.242
[01:49:51] 158.6, 126.4, 1.261
[01:49:52] 158.4, 126.4, 1.263
[01:49:53] 158.6, 126.5, 1.261
[01:49:54] 158.5, 126.5, 1.225
[01:49:55] 158.6, 126.4, 1.219
[01:49:56] 158.5, 126.4, 1.255
[01:49:57] 158.5, 126.5, 1.254
[01:49:58] 158.5, 126.5, 1.243
[01:49:59] 158.6, 126.5, 1.263
[01:50:00] 158.6, 126.5, 1.226
[01:50:01] 158.6, 126.5, 1.261
[01:50:02] 158.5, 126.5, 1.232
[01:50:03] 158.4, 126.5, 1.257
[01:50:04] 158.4, 126.5, 1.252
[01:50:05] 158.5, 126.5, 1.266
[01:50:06] 158.5, 126.5, 1.249
[01:50:07] 158.6, 126.5, 1.259
[01:50:08] 158.6, 126.5, 1.251
[01:50:09] 158.6, 126.5, 1.258
[01:50:10] 158.7, 126.5, 1.262
[01:50:11] 158.6, 126.5, 1.245
[01:50:12] 158.7, 126.5, 1.231
[01:50:13] 158.6, 126.5, 1.244
[01:50:14] 158.6, 126.4, 1.261
[01:50:15] 158.5, 126.5, 1.247
[01:50:16] 158.3, 126.5, 1.260
[01:50:17] 158.4, 126.5, 1.227
[01:50:18] 158.3, 126.5, 1.263
[01:50:19] 158.3, 126.5, 1.235
[01:50:20] 158.3, 126.5, 1.233
[01:50:21] 158.4, 126.5, 1.236
[01:50:22] 158.3, 126.5, 1.260
[01:50:23] 158.2, 126.6, 1.220
[01:50:24] 158.3, 126.5, 1.225
[01:50:25] 158.2, 126.5, 1.253
[01:50:26] 158.3, 126.5, 1.261
[01:50:27] 158.4, 126.5, 1.240
[01:50:28] 158.3, 126.5, 1.258
[01:50:29] 158.4, 126.5, 1.239
[01:50:30] 158.5, 126.5, 1.249
[01:50:31] 158.5, 126.5, 1.255
[01:50:32] 158.4, 126.5, 1.253
[01:50:33] 158.5, 126.5, 1.256
[01:50:34] 158.7, 126.5, 1.254
[01:50:35] 158.6, 126.5, 1.246
[01:50:36] 158.6, 126.5, 1.258
[01:50:37] 158.6, 126.5, 1.257
[01:50:38] 158.5, 126.5, 1.228
[01:50:39] 158.4, 126.6, 1.223
[01:50:40] 158.4, 126.6, 1.254
[01:50:41] 158.5, 126.5, 1.262
[01:50:42] 158.4, 126.5, 1.222
[01:50:43] 158.2, 126.6, 1.208
[01:50:44] 158.1, 126.5, 1.264
[01:50:45] 158.1, 126.5, 1.226
[01:50:46] 158.2, 126.5, 1.256
[01:50:47] 158.3, 126.5, 1.256
[01:50:48] 158.5, 126.5, 1.265
[01:50:49] 158.5, 126.5, 1.211
[01:50:50] 158.5, 126.5, 1.263
[01:50:51] 158.5, 126.6, 1.205
[01:50:52] 158.4, 126.5, 1.217
[01:50:53] 158.5, 126.5, 1.233
[01:50:54] 158.5, 126.5, 1.264
[01:50:55] 158.4, 126.5, 1.250
[01:50:56] 158.2, 126.5, 1.244
[01:50:57] 158.3, 126.6, 1.208
[01:50:58] 158.2, 126.5, 1.241
[01:50:59] 158.3, 126.5, 1.259
[01:51:00] 158.3, 126.5, 1.237
[01:51:01] 158.3, 126.5, 1.235
[01:51:02] 158.2, 126.5, 1.212
[01:51:03] 158.1, 126.5, 1.216
[01:51:04] 158.1, 126.5, 1.265
[01:51:05] 158.2, 126.5, 1.211
[01:51:06] 158.2, 126.5, 1.259
[01:51:07] 158.2, 126.5, 1.218
[01:51:08] 158.2, 126.5, 1.257
[01:51:09] 158.2, 126.5, 1.204
[01:51:10] 158.1, 126.5, 1.263
[01:51:11] 158.3, 126.5, 1.244
[01:51:12] 158.3, 126.5, 1.223
[01:51:13] 158.2, 126.5, 1.214
[01:51:14] 158.0, 126.5, 1.205
[01:51:15] 158.0, 126.5, 1.232
[01:51:16] 158.2, 126.5, 1.259
[01:51:17] 158.2, 126.5, 1.236
[01:51:18] 158.3, 126.5, 1.226
[01:51:19] 158.3, 126.5, 1.204
[01:51:20] 158.3, 126.5, 1.218
[01:51:21] 158.3, 126.5, 1.240
[01:51:22] 158.4, 126.5, 1.268
[01:51:23] 158.5, 126.6, 1.246
[01:51:24] 158.5, 126.5, 1.225
[01:51:25] 158.5, 126.5, 1.269
[01:51:26] 158.5, 126.5, 1.219
[01:51:27] 158.4, 126.5, 1.210
[01:51:28] 158.2, 126.5, 1.220
[01:51:29] 158.3, 126.6, 1.263
[01:51:30] 158.3, 126.5, 1.239
[01:51:31] 158.5, 126.5, 1.257
[01:51:32] 158.5, 126.5, 1.223
[01:51:33] 158.5, 126.5, 1.255
[01:51:34] 158.4, 126.5, 1.259
[01:51:35] 158.5, 126.5, 1.223
[01:51:36] 158.5, 126.5, 1.238
[01:51:37] 158.5, 126.5, 1.204
[01:51:38] 158.3, 126.6, 1.258
[01:51:39] 158.3, 126.6, 1.256
[01:51:40] 158.4, 126.6, 1.241
[01:51:41] 158.4, 126.5, 1.263
[01:51:42] 158.4, 126.5, 1.206
[01:51:43] 158.3, 126.5, 1.239
[01:51:44] 158.4, 126.5, 1.252
[01:51:45] 158.4, 126.5, 1.245
[01:51:46] 158.2, 126.5, 1.261
[01:51:47] 158.2, 126.5, 1.222
[01:51:48] 158.3, 126.5, 1.252
[01:51:49] 158.2, 126.5, 1.258
[01:51:50] 158.2, 126.5, 1.236
[01:51:51] 158.2, 126.6, 1.244
[01:51:52] 158.3, 126.5, 1.241
[01:51:53] 158.2, 126.6, 1.235
[01:51:54] 158.1, 126.5, 1.261
[01:51:55] 158.1, 126.5, 1.207
[01:51:56] 158.0, 126.6, 1.236
[01:51:57] 158.0, 126.5, 1.242
[01:51:58] 158.2, 126.5, 1.213
[01:51:59] 158.0, 126.5, 1.256
[01:52:00] 158.1, 126.6, 1.257
[01:52:01] 158.1, 126.5, 1.219
[01:52:02] 158.0, 126.5, 1.261
[01:52:03] 158.2, 126.5, 1.261
[01:52:04] 158.2, 126.5, 1.239
[01:52:05] 158.2, 126.5, 1.257
[01:52:06] 158.3, 126.5, 1.232
[01:52:07] 158.2, 126.5, 1.261
[01:52:08] 158.1, 126.5, 1.256
[01:52:09] 158.1, 126.5, 1.246
[01:52:10] 158.1, 126.5, 1.228
[01:52:11] 158.0, 126.5, 1.257
[01:52:12] 158.2, 126.5, 1.255
[01:52:13] 158.2, 126.5, 1.259
[01:52:14] 158.1, 126.5, 1.214
[01:52:15] 158.0, 126.5, 1.260
[01:52:16] 158.0, 126.5, 1.262
[01:52:17] 157.9, 126.5, 1.260
[01:52:18] 157.8, 126.5, 1.232
[01:52:19] 158.0, 126.5, 1.235
[01:52:20] 157.9, 126.5, 1.252
[01:52:21] 158.1, 126.5, 1.260
[01:52:22] 158.1, 126.5, 1.220
[01:52:23] 158.2, 126.5, 1.213
[01:52:24] 158.0, 126.5, 1.257
[01:52:25] 158.0, 126.6, 1.235
[01:52:26] 158.0, 126.5, 1.246
[01:52:27] 158.1, 126.5, 1.223
[01:52:28] 158.1, 126.4, 1.213
[01:52:29] 158.2, 126.5, 1.260
[01:52:30] 158.2, 126.5, 1.264
[01:52:31] 158.1, 126.5, 1.244
[01:52:32] 158.3, 126.5, 1.252
[01:52:33] 158.3, 126.5, 1.248
[01:52:34] 158.2, 126.5, 1.247
[01:52:35] 158.1, 126.5, 1.262
[01:52:36] 158.1, 126.5, 1.255
[01:52:37] 158.3, 126.5, 1.256
[01:52:38] 158.5, 126.5, 1.259
[01:52:39] 158.8, 126.5, 1.263
[01:52:40] 159.0, 126.5, 1.247
[01:52:41] 158.8, 126.5, 1.252
[01:52:42] 158.8, 126.5, 1.217
[01:52:43] 158.8, 126.5, 1.261
[01:52:44] 158.7, 126.5, 1.217
[01:52:45] 158.7, 126.5, 1.202
[01:52:46] 158.5, 126.6, 1.222
[01:52:47] 158.5, 126.5, 1.230
[01:52:48] 158.5, 126.5, 1.235
[01:52:49] 158.3, 126.5, 1.226
[01:52:50] 158.4, 126.5, 1.250
[01:52:51] 158.3, 126.5, 1.255
[01:52:52] 158.3, 126.5, 1.255
[01:52:53] 158.3, 126.5, 1.251
[01:52:54] 158.3, 126.4, 1.263
[01:52:55] 158.4, 126.5, 1.249
[01:52:56] 158.2, 126.5, 1.257
[01:52:57] 158.0, 126.5, 1.251
[01:52:58] 158.0, 126.5, 1.218
[01:52:59] 158.1, 126.6, 1.257
[01:53:00] 158.2, 126.5, 1.211
[01:53:01] 158.3, 126.5, 1.209
[01:53:02] 158.3, 126.5, 1.263
[01:53:03] 158.3, 126.5, 1.204
[01:53:04] 158.3, 126.5, 1.214
[01:53:05] 158.2, 126.5, 1.213
[01:53:06] 158.2, 126.5, 1.252
[01:53:07] 158.3, 126.5, 1.209
[01:53:08] 158.2, 126.5, 1.232
[01:53:09] 158.3, 126.5, 1.241
[01:53:10] 158.3, 126.5, 1.233
[01:53:11] 158.5, 126.5, 1.256
[01:53:12] 158.4, 126.5, 1.263
[01:53:13] 158.4, 126.5, 1.216
[01:53:14] 158.4, 126.5, 1.223
[01:53:15] 158.3, 126.5, 1.264
[01:53:16] 158.3, 126.4, 1.261
[01:53:17] 158.2, 126.5, 1.252
[01:53:18] 158.3, 126.4, 1.237
[01:53:19] 158.3, 126.5, 1.257
[01:53:20] 158.2, 126.6, 1.261
[01:53:21] 158.2, 126.5, 1.255
[01:53:22] 158.2, 126.5, 1.202
[01:53:23] 158.0, 126.5, 1.209
[01:53:24] 158.0, 126.5, 1.250
[01:53:25] 158.1, 126.6, 1.259
[01:53:26] 158.2, 126.5, 1.217
[01:53:27] 158.2, 126.5, 1.208
[01:53:28] 158.2, 126.5, 1.212
[01:53:29] 158.3, 126.5, 1.260
[01:53:30] 158.4, 126.5, 1.242
[01:53:31] 158.4, 126.5, 1.221
[01:53:32] 158.4, 126.5, 1.260
[01:53:33] 158.3, 126.5, 1.215
[01:53:34] 158.3, 126.5, 1.240
[01:53:35] 158.4, 126.5, 1.221
[01:53:36] 158.3, 126.5, 1.263
[01:53:37] 158.2, 126.5, 1.254
[01:53:38] 158.3, 126.5, 1.250
[01:53:39] 158.3, 126.5, 1.216
[01:53:40] 158.2, 126.5, 1.260
[01:53:41] 158.2, 126.5, 1.228
[01:53:42] 158.3, 126.5, 1.257
[01:53:43] 158.5, 126.5, 1.247
[01:53:44] 158.4, 126.6, 1.255
[01:53:45] 158.3, 126.6, 1.261
[01:53:46] 158.4, 126.5, 1.261
[01:53:47] 158.4, 126.5, 1.257
[01:53:48] 158.3, 126.6, 1.261
[01:53:49] 158.3, 126.6, 1.257
[01:53:50] 158.2, 126.6, 1.226
[01:53:51] 158.2, 126.6, 1.219
[01:53:52] 158.2, 126.6, 1.260
[01:53:53] 158.2, 126.6, 1.244
[01:53:54] 158.2, 126.6, 1.213
[01:53:55] 158.2, 126.6, 1.257
[01:53:56] 158.2, 126.5, 1.238
[01:53:57] 158.1, 126.5, 1.265
[01:53:58] 158.2, 126.6, 1.236
[01:53:59] 158.2, 126.5, 1.245
[01:54:00] 158.3, 126.6, 1.216
[01:54:01] 158.1, 126.5, 1.261
[01:54:02] 158.0, 126.6, 1.249
[01:54:03] 158.0, 126.6, 1.246
[01:54:04] 158.0, 126.5, 1.253
[01:54:05] 157.9, 126.6, 1.265
[01:54:06] 158.0, 126.6, 1.202
[01:54:07] 158.0, 126.5, 1.263
[01:54:08] 158.1, 126.5, 1.248
[01:54:09] 158.1, 126.5, 1.212
[01:54:10] 158.2, 126.6, 1.250
[01:54:11] 158.4, 126.5, 1.254
[01:54:12] 158.4, 126.5, 1.219
[01:54:13] 158.3, 126.5, 1.215
[01:54:14] 158.3, 126.5, 1.313
[01:54:15] 158.8, 126.5, 1.284
[01:54:16] 165.1, 126.5, 1.275
[01:54:17] 164.8, 126.6, 1.275
[01:54:18] 164.6, 126.6, 1.276
[01:54:19] 164.3, 126.5, 1.277
[01:54:20] 164.2, 126.5, 1.276
[01:54:21] 164.0, 126.5, 1.278
[01:54:22] 163.8, 126.5, 1.282
[01:54:23] 163.7, 126.6, 1.284
[01:54:24] 163.6, 126.6, 1.275
[01:54:25] 163.6, 126.5, 1.237
[01:54:26] 163.3, 126.5, 1.228
[01:54:27] 156.6, 126.6, 1.235
[01:54:28] 156.6, 126.5, 1.224
[01:54:29] 156.7, 126.5, 1.229
[01:54:30] 156.8, 126.6, 1.224
[01:54:31] 156.8, 126.6, 1.245
[01:54:32] 157.0, 126.6, 1.230
[01:54:33] 157.0, 126.6, 1.237
[01:54:34] 157.0, 126.6, 1.228
[01:54:35] 157.1, 126.6, 1.229
[01:54:36] 157.1, 126.6, 1.227
[01:54:37] 157.1, 126.6, 1.260
[01:54:38] 157.4, 126.6, 1.228
[01:54:39] 157.5, 126.5, 1.222
[01:54:40] 157.4, 126.6, 1.227
[01:54:41] 157.4, 126.5, 1.236
[01:54:42] 157.4, 126.6, 1.224
[01:54:43] 157.3, 126.5, 1.243
[01:54:44] 157.4, 126.6, 1.227
[01:54:45] 157.4, 126.6, 1.218
[01:54:46] 157.3, 126.5, 1.228
[01:54:47] 157.3, 126.6, 1.236
[01:54:48] 157.3, 126.6, 1.228
[01:54:49] 157.3, 126.6, 1.254
[01:54:50] 157.3, 126.6, 1.264
[01:54:51] 157.8, 126.6, 1.267
[01:54:52] 158.1, 126.6, 1.224
[01:54:53] 158.0, 126.6, 1.235
[01:54:54] 157.9, 126.6, 1.222
[01:54:55] 157.8, 126.6, 1.228
[01:54:56] 157.7, 126.6, 1.231
[01:54:57] 157.6, 126.6, 1.250
[01:54:58] 157.8, 126.6, 1.228
[01:54:59] 157.7, 126.5, 1.237
[01:55:00] 157.6, 126.5, 1.220
[01:55:01] 157.6, 126.5, 1.229
[01:55:02] 157.5, 126.5, 1.227
[01:55:03] 157.4, 126.6, 1.275
[01:55:04] 157.8, 126.5, 1.230
[01:55:05] 157.7, 126.6, 1.220
[01:55:06] 157.6, 126.6, 1.228
[01:55:07] 157.6, 126.6, 1.234
[01:55:08] 157.4, 126.5, 1.230
[01:55:09] 157.4, 126.6, 1.264
[01:55:10] 157.5, 126.6, 1.236
[01:55:11] 157.5, 126.6, 1.224
[01:55:12] 157.4, 126.5, 1.235
[01:55:13] 157.5, 126.5, 1.231
[01:55:14] 157.4, 126.5, 1.229
[01:55:15] 157.3, 126.5, 1.271
[01:55:16] 157.5, 126.5, 1.274
[01:55:17] 158.0, 126.5, 1.264
[01:55:18] 158.4, 126.6, 1.260
[01:55:19] 158.7, 126.5, 1.263
[01:55:20] 158.9, 126.5, 1.228
[01:55:21] 158.6, 126.5, 1.234
[01:55:22] 158.5, 126.6, 1.221
[01:55:23] 158.3, 126.6, 1.230
[01:55:24] 158.2, 126.6, 1.230
[01:55:25] 158.0, 126.5, 1.250
[01:55:26] 158.1, 126.6, 1.228
[01:55:27] 157.9, 126.6, 1.236
[01:55:28] 157.8, 126.5, 1.220
[01:55:29] 157.7, 126.6, 1.229
[01:55:30] 157.6, 126.6, 1.224
[01:55:31] 157.5, 126.6, 1.275
[01:55:32] 157.9, 126.6, 1.229
[01:55:33] 157.9, 126.6, 1.220
[01:55:34] 157.8, 126.5, 1.230
[01:55:35] 157.7, 126.6, 1.236
[01:55:36] 157.6, 126.6, 1.230
[01:55:37] 157.5, 126.6, 1.265
[01:55:38] 157.7, 126.6, 1.237
[01:55:39] 157.6, 126.6, 1.225
[01:55:40] 157.5, 126.6, 1.234
[01:55:41] 157.6, 126.6, 1.231
[01:55:42] 157.4, 126.6, 1.230
[01:55:43] 157.4, 126.6, 1.271
[01:55:44] 157.5, 126.6, 1.285
[01:55:45] 162.7, 126.6, 1.222
[01:55:46] 162.2, 126.6, 1.230
[01:55:47] 161.6, 126.6, 1.223
[01:55:48] 156.4, 126.6, 1.229
[01:55:49] 156.5, 126.6, 1.254
[01:55:50] 156.6, 126.6, 1.222
[01:55:51] 156.6, 126.6, 1.227
[01:55:52] 156.9, 126.6, 1.234
[01:55:53] 156.9, 126.5, 1.226
[01:55:54] 156.9, 126.6, 1.226
[01:55:55] 156.9, 126.6, 1.248
[01:55:56] 157.0, 126.6, 1.239
[01:55:57] 157.0, 126.5, 1.266
[01:55:58] 157.6, 126.6, 1.226
[01:55:59] 157.4, 126.6, 1.233
[01:56:00] 157.4, 126.6, 1.267
[01:56:01] 157.4, 126.6, 1.228
[01:56:02] 157.3, 126.6, 1.233
[01:56:03] 157.3, 126.6, 1.267
[01:56:04] 157.5, 126.6, 1.227
[01:56:05] 157.4, 126.6, 1.230
[01:56:06] 157.3, 126.6, 1.257
[01:56:07] 157.4, 126.6, 1.227
[01:56:08] 157.3, 126.6, 1.237
[01:56:09] 157.3, 126.6, 1.266
[01:56:10] 157.6, 126.6, 1.273
[01:56:11] 158.1, 126.6, 1.272
[01:56:12] 158.6, 126.6, 1.262
[01:56:13] 158.9, 126.6, 1.257
[01:56:14] 159.2, 126.6, 1.275
[01:56:15] 159.5, 126.5, 1.260
[01:56:16] 159.6, 126.5, 1.261
[01:56:17] 159.7, 126.5, 1.230
[01:56:18] 159.8, 126.5, 1.230
[01:56:19] 159.5, 126.5, 1.233
[01:56:20] 159.1, 126.5, 1.222
[01:56:21] 158.9, 126.5, 1.232
[01:56:22] 158.7, 126.5, 1.227
[01:56:23] 158.5, 126.5, 1.225
[01:56:24] 158.5, 126.5, 1.229
[01:56:25] 158.3, 126.5, 1.230
[01:56:26] 158.1, 126.5, 1.228
[01:56:27] 158.1, 126.4, 1.240
[01:56:28] 158.0, 126.4, 1.225
[01:56:29] 157.8, 126.5, 1.270
[01:56:30] 158.2, 126.5, 1.235
[01:56:31] 158.1, 126.5, 1.228
[01:56:32] 157.9, 126.5, 1.257
[01:56:33] 157.9, 126.5, 1.229
[01:56:34] 157.8, 126.5, 1.229
[01:56:35] 157.7, 126.5, 1.283
[01:56:36] 157.8, 126.5, 1.233
[01:56:37] 157.7, 126.5, 1.226
[01:56:38] 157.6, 126.5, 1.267
[01:56:39] 157.7, 126.5, 1.227
[01:56:40] 157.5, 126.5, 1.231
[01:56:41] 157.5, 126.5, 1.274
[01:56:42] 157.6, 126.5, 1.271
[01:56:43] 158.2, 126.5, 1.232
[01:56:44] 158.2, 126.5, 1.253
[01:56:45] 158.1, 126.5, 1.227
[01:56:46] 157.9, 126.5, 1.230
[01:56:47] 157.9, 126.5, 1.229
[01:56:48] 157.7, 126.5, 1.231
[01:56:49] 157.6, 126.5, 1.230
[01:56:50] 157.8, 126.5, 1.252
[01:56:51] 157.7, 126.5, 1.230
[01:56:52] 157.6, 126.5, 1.229
[01:56:53] 157.6, 126.5, 1.227
[01:56:54] 157.5, 126.6, 1.228
[01:56:55] 157.5, 126.5, 1.265
[01:56:56] 157.9, 126.5, 1.222
[01:56:57] 157.7, 126.6, 1.229
[01:56:58] 157.7, 126.5, 1.242
[01:56:59] 157.6, 126.5, 1.229
[01:57:00] 157.5, 126.5, 1.250
[01:57:01] 157.5, 126.5, 1.266
[01:57:02] 157.7, 126.5, 1.227
[01:57:03] 157.6, 126.5, 1.233
[01:57:04] 157.5, 126.5, 1.227
[01:57:05] 157.5, 126.5, 1.227
[01:57:06] 157.4, 126.5, 1.240
[01:57:07] 157.4, 126.5, 1.265
[01:57:08] 157.7, 126.5, 1.263
[01:57:09] 158.2, 126.5, 1.277
[01:57:10] 158.7, 126.5, 1.272
[01:57:11] 159.1, 126.5, 1.238
[01:57:12] 158.8, 126.5, 1.234
[01:57:13] 158.7, 126.5, 1.238
[01:57:14] 158.6, 126.5, 1.231
[01:57:15] 158.3, 126.5, 1.226
[01:57:16] 158.1, 126.4, 1.274
[01:57:17] 158.2, 126.4, 1.239
[01:57:18] 158.0, 126.5, 1.228
[01:57:19] 157.9, 126.4, 1.253
[01:57:20] 157.9, 126.5, 1.230
[01:57:21] 157.8, 126.4, 1.230
[01:57:22] 157.7, 126.5, 1.277
[01:57:23] 157.8, 126.5, 1.224
[01:57:24] 158.0, 126.5, 1.234
[01:57:25] 157.9, 126.5, 1.228
[01:57:26] 157.7, 126.5, 1.230
[01:57:27] 157.7, 126.5, 1.252
[01:57:28] 157.6, 126.5, 1.229
[01:57:29] 157.5, 126.5, 1.232
[01:57:30] 157.7, 126.5, 1.242
[01:57:31] 157.6, 126.5, 1.227
[01:57:32] 157.5, 126.5, 1.229
[01:57:33] 157.6, 126.5, 1.246
[01:57:34] 157.5, 126.5, 1.239
[01:57:35] 157.4, 126.5, 1.261
[01:57:36] 158.1, 126.5, 1.271
[01:57:37] 158.4, 126.6, 1.225
[01:57:38] 158.2, 126.5, 1.230
[01:57:39] 158.1, 126.5, 1.254
[01:57:40] 158.0, 126.5, 1.230
[01:57:41] 157.8, 126.5, 1.238
[01:57:42] 157.8, 126.5, 1.268
[01:57:43] 157.9, 126.5, 1.224
[01:57:44] 157.7, 126.6, 1.229
[01:57:45] 157.6, 126.5, 1.237
[01:57:46] 157.6, 126.5, 1.229
[01:57:47] 157.5, 126.5, 1.246
[01:57:48] 157.5, 126.5, 1.269
[01:57:49] 157.8, 126.5, 1.231
[01:57:50] 157.9, 126.5, 1.231
[01:57:51] 157.7, 126.5, 1.229
[01:57:52] 157.7, 126.5, 1.235
[01:57:53] 157.6, 126.5, 1.224
[01:57:54] 157.5, 126.5, 1.234
[01:57:55] 157.6, 126.5, 1.229
[01:57:56] 157.6, 126.5, 1.226
[01:57:57] 157.5, 126.5, 1.230
[01:57:58] 157.5, 126.5, 1.239
[01:57:59] 157.5, 126.5, 1.221
[01:58:00] 157.4, 126.4, 1.246
[01:58:01] 157.5, 126.5, 1.271
[01:58:02] 158.0, 126.5, 1.274
[01:58:03] 158.5, 126.5, 1.262
[01:58:04] 158.9, 126.5, 1.280
[01:58:05] 159.4, 126.5, 1.278
[01:58:06] 159.7, 126.5, 1.268
[01:58:07] 160.0, 126.4, 1.273
[01:58:08] 160.2, 126.5, 1.268
[01:58:09] 160.4, 126.5, 1.264
[01:58:10] 160.4, 126.5, 1.261
[01:58:11] 160.4, 126.5, 1.260
[01:58:12] 160.5, 126.5, 1.257
[01:58:13] 160.5, 126.5, 1.260
[01:58:14] 160.5, 126.5, 1.261
[01:58:15] 160.5, 126.5, 1.259
[01:58:16] 160.6, 126.5, 1.280
[01:58:17] 160.9, 126.5, 1.230
[01:58:18] 160.6, 126.5, 1.245
[01:58:19] 160.2, 126.5, 1.227
[01:58:20] 159.7, 126.5, 1.232
[01:58:21] 159.5, 126.6, 1.222
[01:58:22] 159.2, 126.5, 1.228
[01:58:23] 159.0, 126.5, 1.230
[01:58:24] 158.9, 126.6, 1.234
[01:58:25] 158.7, 126.5, 1.228
[01:58:26] 158.4, 126.6, 1.234
[01:58:27] 158.3, 126.6, 1.216
[01:58:28] 158.1, 126.6, 1.234
[01:58:29] 158.1, 126.6, 1.252
[01:58:30] 158.4, 126.5, 1.228
[01:58:31] 158.2, 126.6, 1.237
[01:58:32] 158.0, 126.6, 1.219
[01:58:33] 157.9, 126.6, 1.228
[01:58:34] 157.9, 126.5, 1.228
[01:58:35] 157.7, 126.6, 1.237
[01:58:36] 157.8, 126.5, 1.230
[01:58:37] 157.7, 126.5, 1.236
[01:58:38] 157.6, 126.5, 1.223
[01:58:39] 157.6, 126.6, 1.230
[01:58:40] 157.6, 126.6, 1.226
[01:58:41] 157.4, 126.5, 1.273
[01:58:42] 157.9, 126.5, 1.266
[01:58:43] 158.3, 126.5, 1.237
[01:58:44] 158.2, 126.5, 1.229
[01:58:45] 158.0, 126.5, 1.249
[01:58:46] 158.0, 126.5, 1.228
[01:58:47] 157.9, 126.5, 1.228
[01:58:48] 157.7, 126.5, 1.275
[01:58:49] 157.9, 126.5, 1.236
[01:58:50] 157.7, 126.5, 1.228
[01:58:51] 157.6, 126.5, 1.260
[01:58:52] 157.7, 126.5, 1.228
[01:58:53] 157.5, 126.5, 1.229
[01:58:54] 157.5, 126.5, 1.273
[01:58:55] 157.7, 126.5, 1.220
[01:58:56] 157.8, 126.5, 1.242
[01:58:57] 157.8, 126.5, 1.225
[01:58:58] 157.6, 126.5, 1.233
[01:58:59] 157.6, 126.5, 1.243
[01:59:00] 157.6, 126.5, 1.229
[01:59:01] 157.5, 126.5, 1.227
[01:59:02] 157.6, 126.5, 1.252
[01:59:03] 157.6, 126.5, 1.227
[01:59:04] 157.4, 126.5, 1.229
[01:59:05] 157.5, 126.5, 1.236
[01:59:06] 157.4, 126.5, 1.232
[01:59:07] 157.3, 126.5, 1.265
[01:59:08] 157.9, 126.5, 1.279
[01:59:09] 158.4, 126.5, 1.272
[01:59:10] 158.8, 126.5, 1.270
[01:59:11] 159.0, 126.5, 1.226
[01:59:12] 158.7, 126.5, 1.235
[01:59:13] 158.5, 126.5, 1.227
[01:59:14] 158.4, 126.5, 1.230
[01:59:15] 158.2, 126.5, 1.247
[01:59:16] 158.1, 126.5, 1.255
[01:59:17] 158.2, 126.5, 1.228
[01:59:18] 158.0, 126.5, 1.237
[01:59:19] 157.9, 126.5, 1.222
[01:59:20] 157.8, 126.5, 1.229
[01:59:21] 157.8, 126.5, 1.228
[01:59:22] 157.6, 126.5, 1.272
[01:59:23] 158.0, 126.6, 1.231
[01:59:24] 157.9, 126.6, 1.223
[01:59:25] 157.8, 126.5, 1.226
[01:59:26] 157.7, 126.5, 1.236
[01:59:27] 157.6, 126.5, 1.228
[01:59:28] 157.5, 126.5, 1.262
[01:59:29] 157.7, 126.5, 1.237
[01:59:30] 157.6, 126.5, 1.235
[01:59:31] 157.5, 126.5, 1.235
[01:59:32] 157.5, 126.4, 1.233
[01:59:33] 157.4, 126.4, 1.231
[01:59:34] 157.4, 126.5, 1.272
[01:59:35] 157.5, 126.5, 1.271
[01:59:36] 158.1, 126.5, 1.280
[01:59:37] 158.2, 126.5, 1.229
[01:59:38] 158.1, 126.5, 1.228
[01:59:39] 157.9, 126.5, 1.228
[01:59:40] 157.8, 126.4, 1.256
[01:59:41] 157.7, 126.4, 1.229
[01:59:42] 157.6, 126.5, 1.227
[01:59:43] 157.8, 126.5, 1.236
[01:59:44] 157.7, 126.5, 1.241
[01:59:45] 157.7, 126.5, 1.229
[01:59:46] 157.6, 126.4, 1.251
[01:59:47] 157.6, 126.5, 1.227
[01:59:48] 179.6, 126.5, 1.226
[01:59:49] 161.7, 126.5, 1.228
[01:59:50] 156.6, 126.5, 1.230
[01:59:51] 156.6, 126.5, 1.271
[01:59:52] 156.7, 126.5, 1.230
[01:59:53] 156.7, 126.5, 1.233
[01:59:54] 156.8, 126.5, 1.270
[01:59:55] 157.1, 126.5, 1.225
[01:59:56] 157.0, 126.6, 1.237
[01:59:57] 157.1, 126.6, 1.256
[01:59:58] 157.1, 126.6, 1.230
[01:59:59] 157.0, 126.6, 1.237
[02:00:00] 157.1, 126.5, 1.264
[02:00:01] 157.4, 126.5, 1.276
[02:00:02] 157.9, 126.5, 1.287
[02:00:03] 158.5, 126.5, 1.263
[02:00:04] 158.9, 126.4, 1.268
[02:00:05] 159.2, 126.5, 1.277
[02:00:06] 159.6, 126.4, 1.268
[02:00:07] 159.9, 126.5, 1.274
[02:00:08] 160.1, 126.5, 1.241
[02:00:09] 159.8, 126.5, 1.226
[02:00:10] 159.4, 126.5, 1.258
[02:00:11] 159.2, 126.5, 1.227
[02:00:12] 158.9, 126.5, 1.231
[02:00:13] 158.7, 126.5, 1.273
[02:00:14] 158.6, 126.5, 1.235
[02:00:15] 158.4, 126.5, 1.230
[02:00:16] 158.3, 126.5, 1.269
[02:00:17] 158.2, 126.5, 1.226
[02:00:18] 158.0, 126.4, 1.229
[02:00:19] 157.9, 126.5, 1.271
[02:00:20] 158.3, 126.5, 1.225
[02:00:21] 158.4, 126.5, 1.249
[02:00:22] 158.2, 126.5, 1.227
[02:00:23] 158.0, 126.5, 1.230
[02:00:24] 158.0, 126.5, 1.239
[02:00:25] 157.8, 126.5, 1.230
[02:00:26] 157.7, 126.5, 1.231
[02:00:27] 157.9, 126.5, 1.255
[02:00:28] 157.8, 126.5, 1.229
[02:00:29] 157.6, 126.5, 1.229
[02:00:30] 157.7, 126.5, 1.230
[02:00:31] 157.6, 126.5, 1.231
[02:00:32] 157.5, 126.5, 1.264
[02:00:33] 158.1, 126.5, 1.274
[02:00:34] 158.4, 126.5, 1.229
[02:00:35] 158.2, 126.5, 1.232
[02:00:36] 158.1, 126.5, 1.233
[02:00:37] 158.0, 126.5, 1.234
[02:00:38] 157.9, 126.5, 1.236
[02:00:39] 157.8, 126.5, 1.259
[02:00:40] 157.9, 126.5, 1.227
[02:00:41] 157.8, 126.5, 1.235
[02:00:42] 157.7, 126.5, 1.223
[02:00:43] 157.7, 126.5, 1.231
[02:00:44] 157.6, 126.6, 1.232
[02:00:45] 157.5, 126.5, 1.272
[02:00:46] 157.9, 126.5, 1.230
[02:00:47] 157.8, 126.5, 1.224
[02:00:48] 157.8, 126.5, 1.231
[02:00:49] 157.7, 126.6, 1.237
[02:00:50] 157.6, 126.6, 1.225
[02:00:51] 157.5, 126.6, 1.256
[02:00:52] 157.6, 126.5, 1.234
[02:00:53] 157.6, 126.6, 1.221
[02:00:54] 157.5, 126.6, 1.231
[02:00:55] 157.5, 126.5, 1.235
[02:00:56] 157.4, 126.6, 1.228
[02:00:57] 157.4, 126.6, 1.265
[02:00:58] 157.5, 126.5, 1.276
[02:00:59] 158.0, 126.5, 1.266
[02:01:00] 158.5, 126.5, 1.264
[02:01:01] 158.9, 126.6, 1.219
[02:01:02] 158.9, 126.5, 1.240
[02:01:03] 158.7, 126.5, 1.227
[02:01:04] 158.4, 126.5, 1.228
[02:01:05] 158.3, 126.6, 1.246
[02:01:06] 158.1, 126.5, 1.243
[02:01:07] 158.0, 126.5, 1.229
[02:01:08] 158.1, 126.5, 1.251
[02:01:09] 158.0, 126.5, 1.228
[02:01:10] 157.9, 126.5, 1.229
[02:01:11] 157.8, 126.5, 1.235
[02:01:12] 157.7, 126.5, 1.240
[02:01:13] 157.6, 126.5, 1.263
[02:01:14] 158.1, 126.4, 1.228
[02:01:15] 157.9, 126.5, 1.229
[02:01:16] 157.8, 126.5, 1.255
[02:01:17] 157.8, 126.5, 1.229
[02:01:18] 157.6, 126.5, 1.241
[02:01:19] 157.6, 126.5, 1.266
[02:01:20] 157.7, 126.4, 1.228
[02:01:21] 157.6, 126.5, 1.229
[02:01:22] 157.5, 126.5, 1.243
[02:01:23] 157.6, 126.5, 1.230
[02:01:24] 157.5, 126.5, 1.239
[02:01:25] 157.4, 126.5, 1.267
[02:01:26] 157.7, 126.5, 1.267
[02:01:27] 158.2, 126.5, 1.230
[02:01:28] 158.2, 126.5, 1.237
[02:01:29] 158.0, 126.5, 1.239
[02:01:30] 157.9, 126.5, 1.233
[02:01:31] 157.9, 126.5, 1.221
[02:01:32] 157.7, 126.5, 1.235
[02:01:33] 157.8, 126.5, 1.228
[02:01:34] 157.8, 126.5, 1.227
[02:01:35] 157.7, 126.5, 1.244
[02:01:36] 157.7, 126.5, 1.236
[02:01:37] 157.6, 126.5, 1.222
[02:01:38] 157.6, 126.5, 1.245
[02:01:39] 157.6, 126.5, 1.237
[02:01:40] 157.9, 126.5, 1.229
[02:01:41] 157.7, 126.5, 1.246
[02:01:42] 157.7, 126.5, 1.222
[02:01:43] 157.7, 126.5, 1.229
[02:01:44] 157.6, 126.5, 1.227
[02:01:45] 157.5, 126.5, 1.227
[02:01:46] 157.6, 126.5, 1.230
[02:01:47] 157.6, 126.5, 1.234
[02:01:48] 157.5, 126.5, 1.227
[02:01:49] 157.5, 126.5, 1.235
[02:01:50] 157.5, 126.5, 1.228
[02:01:51] 157.4, 126.5, 1.278
[02:01:52] 157.8, 126.5, 1.263
[02:01:53] 158.3, 126.5, 1.276
[02:01:54] 158.8, 126.5, 1.278
[02:01:55] 159.2, 126.5, 1.268
[02:01:56] 159.4, 126.5, 1.281
[02:01:57] 159.9, 126.5, 1.265
[02:01:58] 160.0, 126.5, 1.273
[02:01:59] 160.3, 126.6, 1.266
[02:02:00] 160.5, 126.5, 1.267
[02:02:01] 160.6, 126.5, 1.268
[02:02:02] 160.8, 126.5, 1.267
[02:02:03] 160.9, 126.5, 1.267
[02:02:04] 160.9, 126.5, 1.268
[02:02:05] 161.0, 126.5, 1.279
[02:02:06] 161.3, 126.5, 1.266
[02:02:07] 161.4, 126.5, 1.268
[02:02:08] 161.4, 126.5, 1.252
[02:02:09] 161.3, 126.5, 1.254
[02:02:10] 161.1, 126.5, 1.256
[02:02:11] 160.9, 126.5, 1.271
[02:02:12] 161.0, 126.5, 1.271
[02:02:13] 161.1, 126.5, 1.255
[02:02:14] 160.9, 126.5, 1.256
[02:02:15] 160.8, 126.5, 1.253
[02:02:16] 160.7, 126.6, 1.274
[02:02:17] 160.8, 126.5, 1.260
[02:02:18] 160.8, 126.5, 1.262
[02:02:19] 160.8, 126.5, 1.261
[02:02:20] 160.7, 126.6, 1.261
[02:02:21] 160.7, 126.5, 1.278
[02:02:22] 160.9, 126.6, 1.293
[02:02:23] 161.2, 126.6, 1.280
[02:02:24] 161.5, 126.5, 1.256
[02:02:25] 161.3, 126.5, 1.232
[02:02:26] 160.9, 126.5, 1.152
[02:02:27] 153.5, 126.5, 1.156
[02:02:28] 147.9, 126.5, 1.160
[02:02:29] 147.9, 126.5, 1.158
[02:02:30] 147.8, 126.5, 1.161
