<<<[07:08:10] 138.6, 125.8, 1.116
[07:08:11] 139.0, 125.8, 1.116
[07:08:12] 139.4, 125.7, 1.134
[07:08:13] 139.9, 125.6, 1.326
[07:08:14] 154.1, 125.7, 1.249
[07:08:15] 159.7, 125.6, 1.269
[07:08:16] 159.5, 125.7, 1.265
[07:08:17] 159.5, 125.7, 1.212
[07:08:18] 159.2, 125.7, 1.226
[07:08:19] 159.0, 125.7, 1.269
[07:08:20] 158.6, 125.7, 1.267
[07:08:21] 158.4, 125.7, 1.204
[07:08:22] 158.1, 125.7, 1.217
[07:08:23] 157.9, 125.7, 1.237
[07:08:24] 157.8, 125.7, 1.262
[07:08:25] 157.7, 125.8, 1.227
[07:08:26] 157.5, 125.7, 1.205
[07:08:27] 157.4, 125.7, 1.255
[07:08:28] 157.7, 125.7, 1.217
[07:08:29] 158.3, 125.6, 1.278
[07:08:30] 158.2, 125.7, 1.241
[07:08:31] 158.1, 125.7, 1.235
[07:08:32] 158.0, 125.7, 1.242
[07:08:33] 158.2, 125.7, 1.242
[07:08:34] 158.1, 125.7, 1.300
[07:08:35] 158.4, 125.7, 1.230
[07:08:36] 158.2, 125.7, 1.238
[07:08:37] 158.2, 125.7, 1.300
[07:08:38] 158.2, 125.7, 1.240
[07:08:39] 158.1, 125.7, 1.252
[07:08:40] 158.0, 125.7, 1.305
[07:08:41] 158.4, 125.7, 1.241
[07:08:42] 158.4, 125.7, 1.242
[07:08:43] 158.3, 125.8, 1.191
[07:08:44] 152.4, 125.8, 1.166
[07:08:45] 152.0, 125.9, 1.185
[07:08:46] 151.7, 125.8, 1.181
[07:08:47] 151.4, 125.8, 1.173
[07:08:48] 151.1, 125.9, 1.100
[07:08:49] 169.3, 125.9, 1.097
[07:08:50] 139.4, 125.9, 1.098
[07:08:51] 139.4, 125.8, 1.099
[07:08:52] 139.3, 125.8, 1.102
[07:08:53] 139.3, 125.8, 1.070
[07:08:54] 176.5, 125.8, 1.036
[07:08:55] 133.4, 125.8, 1.095
[07:08:56] 139.2, 125.8, 1.100
[07:08:57] 139.2, 125.8, 1.096
[07:08:58] 139.2, 125.8, 1.076
[07:08:59] 176.7, 125.9, 1.026
[07:09:00] 132.5, 125.8, 1.095
[07:09:01] 139.0, 125.8, 1.098
[07:09:02] 139.0, 125.7, 1.101
[07:09:03] 139.0, 125.7, 1.585
[07:09:04] 193.0, 125.7, 1.030
[07:09:05] 130.3, 125.7, 1.093
[07:09:06] 139.4, 125.8, 1.101
[07:09:07] 139.3, 125.6, 1.091
[07:09:08] 139.3, 125.6, 1.875
[07:09:09] 204.7, 125.6, 1.039
[07:09:10] 134.9, 125.6, 1.100
[07:09:11] 135.4, 125.6, 1.097
[07:09:12] 135.8, 125.7, 1.101
[07:09:13] 136.2, 125.5, 3.516
[07:09:14] 192.4, 125.7, 1.048
[07:09:15] 178.5, 125.7, 1.096
[07:09:16] 137.0, 125.6, 1.102
[07:09:17] 137.2, 125.6, 1.098
[07:09:18] 137.4, 125.7, 1.098
[07:09:19] 137.7, 125.5, 2.216
[07:09:20] 261.2, 125.7, 1.057
[07:09:21] 179.6, 125.7, 1.099
[07:09:22] 139.2, 125.7, 1.103
[07:09:23] 139.2, 125.7, 1.097
[07:09:24] 139.2, 125.7, 1.098
[07:09:25] 139.2, 125.6, 2.209
[07:09:26] 262.5, 125.6, 2.204
[07:09:27] 278.8, 125.6, 1.113
[07:09:28] 185.4, 125.7, 1.100
[07:09:29] 139.2, 125.7, 1.100
[07:09:30] 139.2, 125.7, 1.101
[07:09:31] 139.2, 125.7, 1.105
[07:09:32] 139.2, 125.6, 2.209
[07:09:33] 263.0, 125.6, 2.225
[07:09:34] 279.3, 125.6, 2.264
[07:09:35] 285.3, 125.5, 2.263
[07:09:36] 285.3, 125.7, 1.115
[07:09:37] 184.1, 125.7, 1.100
[07:09:38] 139.6, 125.7, 1.104
[07:09:39] 139.6, 125.7, 1.097
[07:09:40] 139.5, 125.7, 1.104
[07:09:41] 139.5, 125.6, 2.205
[07:09:42] 267.6, 125.6, 2.228
[07:09:43] 279.5, 125.5, 2.263
[07:09:44] 285.5, 125.6, 2.263
[07:09:45] 285.5, 125.6, 2.265
[07:09:46] 285.5, 125.5, 2.267
[07:09:47] 285.6, 125.5, 2.265
[07:09:48] 285.6, 125.5, 2.270
[07:09:49] 285.6, 125.6, 1.117
[07:09:50] 181.0, 125.6, 1.107
[07:09:51] 139.8, 125.7, 1.102
[07:09:52] 139.7, 125.6, 1.104
[07:09:53] 139.7, 125.6, 1.100
[07:09:54] 139.7, 125.5, 2.201
[07:09:55] 273.2, 125.5, 2.261
[07:09:56] 280.4, 125.5, 2.267
[07:09:57] 285.8, 125.5, 2.268
[07:09:58] 285.8, 125.5, 2.266
[07:09:59] 285.8, 125.5, 2.269
[07:10:00] 285.9, 125.6, 2.269
[07:10:01] 285.9, 125.5, 2.273
[07:10:02] 286.0, 125.5, 2.270
[07:10:03] 286.0, 125.5, 2.274
[07:10:04] 286.1, 125.5, 2.273
[07:10:05] 286.1, 125.6, 2.272
[07:10:06] 286.2, 125.5, 2.272
[07:10:07] 286.3, 125.5, 2.273
[07:10:08] 286.3, 125.6, 2.272
[07:10:09] 286.3, 125.5, 2.271
[07:10:10] 286.4, 125.7, 1.110
[07:10:11] 149.4, 125.7, 1.107
[07:10:12] 139.9, 125.7, 1.102
[07:10:13] 139.9, 125.6, 1.106
