<<<[15:59:42] 140.5, 125.0, 1.127
[15:59:43] 140.6, 125.0, 1.136
[15:59:44] 141.0, 125.0, 1.149
[15:59:45] 141.5, 125.0, 1.261
[15:59:46] 152.6, 124.9, 1.246
[15:59:47] 152.9, 125.0, 1.158
[15:59:48] 146.5, 125.0, 1.174
[15:59:49] 146.6, 124.9, 1.188
[15:59:50] 147.0, 125.0, 1.187
[15:59:51] 147.3, 124.9, 1.243
[15:59:52] 161.8, 125.0, 1.090
[15:59:53] 151.3, 124.9, 1.118
[15:59:54] 139.8, 125.0, 1.122
[15:59:55] 140.0, 125.0, 1.126
[15:59:56] 140.2, 125.0, 1.146
[15:59:57] 154.1, 125.1, 1.111
[15:59:58] 154.1, 125.1, 1.108
[15:59:59] 140.5, 125.1, 1.118
[16:00:00] 140.5, 125.1, 1.121
[16:00:01] 140.5, 125.1, 1.142
[16:00:02] 153.7, 125.0, 1.108
[16:00:03] 153.7, 125.0, 1.113
[16:00:04] 140.1, 125.0, 1.113
[16:00:05] 140.1, 125.0, 1.121
[16:00:06] 140.2, 125.0, 1.134
[16:00:07] 152.6, 125.0, 1.112
[16:00:08] 152.8, 125.0, 1.108
[16:00:09] 139.9, 125.0, 1.118
[16:00:10] 140.0, 125.0, 1.114
[16:00:11] 140.0, 125.1, 1.125
[16:00:12] 152.6, 125.1, 1.107
[16:00:13] 152.8, 125.1, 1.109
[16:00:14] 140.1, 125.0, 1.109
[16:00:15] 140.1, 125.1, 1.114
[16:00:16] 140.1, 125.1, 1.114
[16:00:17] 151.3, 125.1, 1.107
[16:00:18] 151.8, 125.0, 1.119
[16:00:19] 140.1, 125.0, 1.113
[16:00:20] 140.1, 124.9, 1.104
[16:00:21] 140.0, 125.0, 1.116
[16:00:22] 151.0, 125.0, 1.108
[16:00:23] 151.5, 125.0, 1.103
[16:00:24] 139.9, 124.9, 1.102
[16:00:25] 139.8, 124.9, 1.105
[16:00:26] 139.8, 124.9, 1.106
[16:00:27] 167.8, 125.0, 1.038
[16:00:28] 143.7, 125.0, 1.106
[16:00:29] 136.0, 125.0, 1.111
[16:00:30] 136.4, 124.9, 1.116
[16:00:31] 136.9, 124.9, 1.113
[16:00:32] 166.2, 124.9, 1.037
[16:00:33] 144.8, 124.9, 1.105
[16:00:34] 136.0, 124.9, 1.106
[16:00:35] 136.4, 125.0, 1.106
[16:00:36] 136.8, 125.0, 1.108
[16:00:37] 147.2, 125.0, 1.064
[16:00:38] 176.3, 125.0, 1.115
[16:00:39] 135.4, 125.0, 1.108
[16:00:40] 135.9, 125.0, 1.115
[16:00:41] 136.4, 125.0, 1.114
[16:00:42] 136.9, 125.0, 1.037
[16:00:43] 194.1, 125.0, 1.109
[16:00:44] 134.5, 125.0, 1.110
[16:00:45] 139.6, 125.0, 1.103
[16:00:46] 139.6, 125.0, 1.105
[16:00:47] 139.6, 124.8, 1.947
[16:00:48] 215.1, 125.0, 1.032
[16:00:49] 146.8, 125.0, 1.107
[16:00:50] 140.1, 125.0, 1.112
[16:00:51] 140.0, 124.9, 1.111
[16:00:52] 140.0, 124.9, 1.111
[16:00:53] 172.9, 124.8, 1.922
[16:00:54] 232.8, 125.0, 1.101
[16:00:55] 151.3, 125.0, 1.108
[16:00:56] 139.6, 125.0, 1.108
[16:00:57] 139.6, 125.0, 1.111
[16:00:58] 139.6, 124.9, 1.111
[16:00:59] 172.3, 124.9, 1.922
[16:01:00] 238.2, 124.9, 1.982
[16:01:01] 238.5, 124.9, 1.107
[16:01:02] 155.9, 125.0, 1.105
[16:01:03] 139.8, 125.0, 1.101
[16:01:04] 139.7, 125.0, 1.114
[16:01:05] 139.8, 125.0, 1.112
[16:01:06] 171.6, 124.9, 1.923
[16:01:07] 238.2, 124.9, 1.982
[16:01:08] 245.7, 124.9, 1.986
[16:01:09] 246.1, 124.9, 1.979
[16:01:10] 246.0, 125.0, 1.107
[16:01:11] 155.7, 125.0, 1.107
[16:01:12] 140.1, 125.1, 1.115
[16:01:13] 140.0, 125.0, 1.111
[16:01:14] 140.0, 125.0, 1.116
[16:01:15] 168.9, 124.9, 1.926
[16:01:16] 238.6, 124.9, 1.985
[16:01:17] 244.9, 124.8, 1.982
[16:01:18] 245.3, 124.9, 1.981
[16:01:19] 245.7, 124.9, 1.982
[16:01:20] 246.1, 124.9, 1.983
[16:01:21] 246.4, 124.9, 1.982
[16:01:22] 246.7, 124.9, 1.986
[16:01:23] 246.8, 125.0, 1.111
[16:01:24] 155.9, 125.0, 1.110
[16:01:25] 139.8, 125.0, 1.110
[16:01:26] 139.8, 125.1, 1.112
[16:01:27] 139.8, 125.0, 1.110
[16:01:28] 157.0, 124.9, 1.920
[16:01:29] 244.9, 124.9, 1.984
[16:01:30] 244.7, 124.9, 1.983
[16:01:31] 245.3, 124.9, 1.985
[16:01:32] 245.7, 124.9, 1.985
[16:01:33] 246.1, 124.9, 1.986
[16:01:34] 246.5, 124.9, 1.986
[16:01:35] 246.9, 124.9, 1.988
[16:01:36] 247.2, 124.9, 1.988
[16:01:37] 247.5, 124.9, 1.990
[16:01:38] 272.8, 124.9, 1.990
[16:01:39] 249.8, 124.9, 1.991
[16:01:40] 249.8, 124.9, 1.987
[16:01:41] 249.7, 124.9, 1.986
[16:01:42] 249.7, 125.0, 1.985
[16:01:43] 249.6, 124.9, 1.987
[16:01:44] 249.6, 125.0, 1.114
[16:01:45] 143.4, 125.1, 1.114
[16:01:46] 142.9, 125.1, 1.112
[16:01:47] 142.6, 125.0, 1.121
