<<<[00:47:14] 142.2, 126.4, 1.115
[00:47:15] 142.1, 126.4, 1.120
[00:47:16] 142.1, 126.4, 1.127
[00:47:17] 142.2, 126.4, 1.211
[00:47:18] 148.1, 126.4, 1.158
[00:47:19] 153.9, 126.4, 1.165
[00:47:20] 148.6, 126.4, 1.170
[00:47:21] 148.6, 126.4, 1.167
[00:47:22] 148.6, 126.4, 1.178
[00:47:23] 148.7, 126.4, 1.711
[00:47:24] 174.7, 126.4, 1.157
[00:47:25] 144.8, 126.4, 1.146
[00:47:26] 144.9, 126.4, 1.149
[00:47:27] 145.0, 126.4, 1.140
[00:47:28] 145.0, 126.4, 1.731
[00:47:29] 172.0, 126.4, 1.116
[00:47:30] 141.6, 126.4, 1.115
[00:47:31] 141.7, 126.4, 1.123
[00:47:32] 141.7, 126.4, 1.113
[00:47:33] 141.8, 126.3, 1.719
[00:47:34] 170.4, 126.4, 1.116
[00:47:35] 140.5, 126.5, 1.113
[00:47:36] 140.6, 126.5, 1.117
[00:47:37] 140.7, 126.4, 1.105
[00:47:38] 140.8, 126.4, 1.730
[00:47:39] 170.0, 126.5, 1.110
[00:47:40] 140.3, 126.5, 1.104
[00:47:41] 140.3, 126.5, 1.112
[00:47:42] 140.4, 126.5, 1.103
[00:47:43] 140.5, 126.3, 1.737
[00:47:44] 169.4, 126.5, 1.107
[00:47:45] 140.1, 126.4, 1.104
[00:47:46] 140.1, 126.4, 1.103
[00:47:47] 140.2, 126.4, 1.106
[00:47:48] 140.3, 126.4, 1.735
[00:47:49] 168.9, 126.5, 1.099
[00:47:50] 139.6, 126.5, 1.103
[00:47:51] 139.6, 126.5, 1.095
[00:47:52] 139.6, 126.5, 1.099
[00:47:53] 139.7, 126.4, 1.734
[00:47:54] 168.2, 126.5, 1.101
[00:47:55] 140.3, 126.5, 1.096
[00:47:56] 140.2, 126.4, 1.100
[00:47:57] 140.1, 126.4, 1.099
[00:47:58] 140.0, 126.3, 1.728
[00:47:59] 167.3, 126.5, 1.092
[00:48:00] 139.9, 126.5, 1.100
[00:48:01] 139.8, 126.5, 1.101
[00:48:02] 139.8, 126.5, 1.101
[00:48:03] 139.8, 126.4, 2.529
[00:48:04] 178.1, 126.5, 1.038
[00:48:05] 133.2, 126.5, 1.097
[00:48:06] 133.7, 126.5, 1.102
[00:48:07] 139.4, 126.5, 1.097
[00:48:08] 139.4, 126.4, 2.759
[00:48:09] 177.8, 126.6, 1.034
[00:48:10] 132.5, 126.5, 1.093
[00:48:11] 133.0, 126.5, 1.091
[00:48:12] 139.6, 126.5, 1.095
[00:48:13] 139.6, 126.3, 3.322
[00:48:14] 176.5, 126.5, 1.029
[00:48:15] 146.3, 126.5, 1.097
[00:48:16] 137.6, 126.5, 1.102
[00:48:17] 137.8, 126.5, 1.094
[00:48:18] 138.0, 126.5, 1.102
[00:48:19] 173.4, 126.5, 1.060
[00:48:20] 160.9, 126.5, 1.091
[00:48:21] 136.1, 126.6, 1.093
[00:48:22] 136.5, 126.5, 1.095
[00:48:23] 136.9, 126.5, 1.094
[00:48:24] 137.3, 126.5, 1.553
[00:48:25] 217.6, 126.5, 1.096
[00:48:26] 133.8, 126.5, 1.100
[00:48:27] 139.4, 126.5, 1.096
[00:48:28] 139.4, 126.5, 1.101
[00:48:29] 139.4, 126.4, 1.941
[00:48:30] 201.8, 126.6, 1.023
[00:48:31] 191.2, 126.5, 1.096
[00:48:32] 138.9, 126.5, 1.099
[00:48:33] 139.0, 126.5, 1.103
[00:48:34] 139.1, 126.5, 1.096
[00:48:35] 139.1, 126.4, 1.865
[00:48:36] 212.3, 126.4, 1.882
[00:48:37] 239.1, 126.5, 1.118
[00:48:38] 177.8, 126.5, 1.096
[00:48:39] 139.4, 126.5, 1.099
[00:48:40] 139.4, 126.5, 1.103
[00:48:41] 139.4, 126.5, 1.095
[00:48:42] 139.4, 126.4, 1.904
[00:48:43] 232.3, 126.4, 1.887
[00:48:44] 240.9, 126.3, 1.949
[00:48:45] 247.5, 126.4, 1.944
[00:48:46] 241.1, 126.5, 1.102
[00:48:47] 141.8, 126.5, 1.098
[00:48:48] 141.5, 126.5, 1.094
[00:48:49] 141.2, 126.5, 1.095
[00:48:50] 141.0, 126.5, 1.114
[00:48:51] 174.5, 126.4, 1.886
[00:48:52] 236.8, 126.4, 1.946
[00:48:53] 244.2, 126.4, 1.948
[00:48:54] 244.6, 126.4, 1.946
[00:48:55] 244.9, 126.4, 1.946
[00:48:56] 245.2, 126.4, 1.948
[00:48:57] 245.5, 126.4, 1.945
[00:48:58] 245.7, 126.5, 1.120
[00:48:59] 170.9, 126.5, 1.099
[00:49:00] 139.6, 126.5, 1.097
[00:49:01] 139.6, 126.5, 1.098
[00:49:02] 139.6, 126.5, 1.101
[00:49:03] 139.7, 126.3, 1.885
[00:49:04] 251.1, 126.3, 1.950
[00:49:05] 242.6, 126.3, 1.945
[00:49:06] 243.1, 126.3, 1.947
[00:49:07] 243.6, 126.3, 1.949
[00:49:08] 244.1, 126.3, 1.949
[00:49:09] 244.5, 126.4, 1.949
[00:49:10] 244.9, 126.4, 1.948
[00:49:11] 245.2, 126.3, 1.952
[00:49:12] 245.5, 126.3, 1.951
[00:49:13] 245.8, 126.3, 1.953
[00:49:14] 246.1, 126.3, 1.953
[00:49:15] 246.3, 126.3, 1.954
[00:49:16] 246.5, 126.3, 1.956
[00:49:17] 246.7, 126.4, 1.126
[00:49:18] 184.3, 126.4, 1.097
[00:49:19] 140.1, 126.4, 1.095
[00:49:20] 140.0, 126.4, 1.100
