<<<[15:17:32] 142.5, 125.1, 1.139
[15:17:33] 142.5, 125.1, 1.132
[15:17:34] 142.7, 125.2, 1.150
[15:17:35] 142.9, 125.2, 1.281
[15:17:36] 158.2, 125.1, 1.275
[15:17:37] 158.4, 125.1, 1.253
[15:17:38] 158.5, 125.1, 1.246
[15:17:39] 158.5, 125.1, 1.262
[15:17:40] 158.5, 125.1, 1.248
[15:17:41] 158.4, 125.1, 1.149
[15:17:42] 149.9, 125.1, 1.146
[15:17:43] 149.3, 125.1, 1.162
[15:17:44] 148.7, 125.1, 1.131
[15:17:45] 142.7, 125.1, 1.132
[15:17:46] 142.6, 125.1, 1.070
[15:17:47] 168.4, 125.1, 1.113
[15:17:48] 139.9, 125.1, 1.108
[15:17:49] 139.8, 125.1, 1.113
[15:17:50] 139.9, 125.0, 1.117
[15:17:51] 139.9, 125.0, 1.068
[15:17:52] 166.4, 124.9, 1.114
[15:17:53] 139.9, 124.9, 1.114
[15:17:54] 139.9, 124.9, 1.113
[15:17:55] 139.9, 124.9, 1.113
[15:17:56] 139.9, 124.9, 1.075
[15:17:57] 166.4, 125.0, 1.115
[15:17:58] 139.9, 125.0, 1.112
[15:17:59] 139.9, 125.0, 1.111
[15:18:00] 139.8, 125.0, 1.106
[15:18:01] 139.9, 125.1, 1.019
[15:18:02] 175.4, 125.1, 1.044
[15:18:03] 133.4, 125.0, 1.105
[15:18:04] 139.6, 125.0, 1.105
[15:18:05] 139.6, 125.0, 1.110
[15:18:06] 139.7, 125.0, 1.017
[15:18:07] 175.4, 125.1, 1.047
[15:18:08] 133.4, 125.1, 1.105
[15:18:09] 139.9, 125.1, 1.108
[15:18:10] 139.8, 125.1, 1.106
[15:18:11] 139.9, 125.0, 1.030
[15:18:12] 175.2, 125.0, 1.046
[15:18:13] 133.1, 125.0, 1.108
[15:18:14] 139.9, 125.0, 1.111
[15:18:15] 139.9, 125.0, 1.108
[15:18:16] 139.8, 125.0, 1.543
[15:18:17] 191.3, 125.1, 1.043
[15:18:18] 132.0, 125.1, 1.108
[15:18:19] 140.1, 125.1, 1.108
[15:18:20] 140.0, 125.1, 1.107
[15:18:21] 140.0, 125.0, 2.115
[15:18:22] 205.6, 125.1, 1.041
[15:18:23] 132.0, 125.1, 1.109
[15:18:24] 139.2, 125.1, 1.107
[15:18:25] 139.2, 125.1, 1.110
[15:18:26] 139.3, 124.8, 3.127
[15:18:27] 185.7, 125.1, 1.024
[15:18:28] 197.9, 125.0, 1.107
[15:18:29] 137.0, 124.9, 1.112
[15:18:30] 137.3, 125.0, 1.108
[15:18:31] 137.7, 125.0, 1.109
[15:18:32] 137.9, 124.9, 2.212
[15:18:33] 241.7, 125.0, 1.540
[15:18:34] 224.1, 125.1, 1.109
[15:18:35] 139.8, 125.0, 1.107
[15:18:36] 139.8, 125.0, 1.108
[15:18:37] 139.8, 125.0, 1.110
[15:18:38] 139.8, 125.0, 2.186
[15:18:39] 221.8, 125.0, 2.186
[15:18:40] 274.6, 125.0, 2.125
[15:18:41] 264.3, 125.0, 1.109
[15:18:42] 141.2, 125.0, 1.109
[15:18:43] 141.0, 125.0, 1.109
[15:18:44] 140.8, 125.0, 1.106
[15:18:45] 140.7, 124.7, 3.489
[15:18:46] 187.4, 124.8, 2.193
[15:18:47] 272.8, 124.8, 2.248
[15:18:48] 279.5, 124.8, 2.253
[15:18:49] 279.8, 124.8, 2.253
[15:18:50] 280.2, 125.0, 1.091
[15:18:51] 206.2, 125.0, 1.111
[15:18:52] 140.1, 125.0, 1.108
[15:18:53] 140.0, 125.0, 1.110
[15:18:54] 140.0, 125.0, 1.107
[15:18:55] 140.0, 124.8, 2.226
[15:18:56] 245.8, 124.8, 2.189
[15:18:57] 274.8, 124.8, 2.252
[15:18:58] 282.8, 124.8, 2.255
[15:18:59] 282.8, 124.8, 2.253
[15:19:00] 282.8, 124.9, 2.257
[15:19:01] 282.8, 124.8, 2.253
[15:19:02] 282.8, 124.8, 2.259
[15:19:03] 282.9, 124.9, 2.257
[15:19:04] 282.9, 125.0, 1.110
[15:19:05] 214.5, 125.0, 1.110
[15:19:06] 140.5, 125.0, 1.109
[15:19:07] 140.4, 124.9, 1.112
[15:19:08] 140.4, 124.9, 1.106
[15:19:09] 140.3, 124.8, 2.177
[15:19:10] 233.2, 124.9, 2.190
[15:19:11] 274.6, 124.9, 2.255
[15:19:12] 283.3, 124.9, 2.258
[15:19:13] 283.2, 124.8, 2.258
[15:19:14] 283.3, 124.9, 2.258
[15:19:15] 283.3, 124.9, 2.255
[15:19:16] 283.3, 124.9, 2.262
[15:19:17] 283.2, 124.9, 2.254
[15:19:18] 283.2, 124.9, 2.257
[15:19:19] 283.2, 124.9, 2.254
[15:19:20] 283.1, 124.8, 2.259
[15:19:21] 283.1, 124.8, 2.257
[15:19:22] 283.2, 124.8, 2.260
[15:19:23] 283.2, 124.8, 2.257
[15:19:24] 283.2, 124.8, 2.261
[15:19:25] 283.3, 124.9, 2.260
[15:19:26] 283.3, 124.8, 2.263
[15:19:27] 283.4, 124.9, 1.167
[15:19:28] 227.7, 125.0, 1.111
[15:19:29] 140.5, 125.0, 1.114
[15:19:30] 140.5, 125.0, 1.107
[15:19:31] 140.5, 125.0, 1.115
<<<[15:19:45] 145.7, 125.0, 1.132
[15:19:46] 145.2, 125.1, 1.137
[15:19:47] 144.9, 125.1, 1.149
[15:19:48] 144.8, 125.1, 1.165
[15:19:49] 145.1, 125.0, 1.233
[15:19:50] 158.2, 125.0, 1.279
[15:19:51] 158.3, 125.1, 1.248
[15:19:52] 158.4, 125.0, 1.278
[15:19:53] 158.5, 125.0, 1.248
[15:19:54] 158.5, 125.0, 1.263
[15:19:55] 158.5, 125.0, 1.159
[15:19:56] 151.9, 125.0, 1.167
[15:19:57] 146.5, 125.0, 1.130
[15:19:58] 146.1, 125.0, 1.131
[15:19:59] 145.7, 125.0, 1.146
[15:20:00] 145.5, 125.0, 1.422
[15:20:01] 168.9, 125.0, 1.116
[15:20:02] 140.8, 125.0, 1.117
[15:20:03] 140.7, 124.9, 1.118
[15:20:04] 140.7, 125.0, 1.120
[15:20:05] 140.6, 125.0, 1.431
[15:20:06] 166.9, 125.0, 1.117
[15:20:07] 140.7, 125.0, 1.110
[15:20:08] 140.6, 125.0, 1.114
[15:20:09] 140.5, 125.0, 1.111
[15:20:10] 140.5, 125.0, 1.440
[15:20:11] 166.5, 125.0, 1.111
[15:20:12] 140.8, 125.1, 1.110
[15:20:13] 140.6, 125.0, 1.116
[15:20:14] 140.6, 125.0, 1.112
[15:20:15] 140.5, 125.0, 1.424
[15:20:16] 177.2, 124.9, 1.045
[15:20:17] 132.9, 125.0, 1.106
[15:20:18] 139.9, 125.0, 1.113
[15:20:19] 139.9, 125.0, 1.106
[15:20:20] 139.9, 125.0, 1.430
[15:20:21] 176.9, 125.0, 1.042
[15:20:22] 132.5, 125.0, 1.111
[15:20:23] 140.1, 125.0, 1.108
[15:20:24] 140.1, 124.9, 1.113
[15:20:25] 140.1, 124.9, 1.426
[15:20:26] 178.1, 124.9, 1.049
[15:20:27] 132.5, 124.9, 1.111
[15:20:28] 139.8, 124.9, 1.116
[15:20:29] 139.8, 124.9, 1.113
[15:20:30] 139.8, 124.9, 1.696
[15:20:31] 194.8, 125.0, 1.049
[15:20:32] 130.5, 124.9, 1.109
[15:20:33] 139.2, 125.0, 1.109
[15:20:34] 139.2, 125.0, 1.116
[15:20:35] 139.3, 124.8, 2.841
[15:20:36] 199.5, 125.0, 1.045
[15:20:37] 140.8, 125.0, 1.110
[15:20:38] 140.4, 124.9, 1.115
[15:20:39] 140.4, 125.0, 1.108
[15:20:40] 140.3, 125.0, 1.112
[15:20:41] 164.7, 125.0, 1.412
[15:20:42] 219.8, 125.0, 1.115
[15:20:43] 136.7, 125.0, 1.111
[15:20:44] 137.1, 125.0, 1.112
[15:20:45] 137.4, 125.1, 1.113
[15:20:46] 137.7, 125.0, 2.160
[15:20:47] 220.3, 125.0, 1.630
[15:20:48] 246.9, 125.1, 1.115
[15:20:49] 137.4, 125.1, 1.110
[15:20:50] 137.7, 125.0, 1.115
[15:20:51] 138.0, 125.0, 1.105
[15:20:52] 138.2, 124.8, 2.976
[15:20:53] 199.7, 124.9, 2.179
[15:20:54] 274.3, 124.8, 2.238
[15:20:55] 274.7, 125.0, 1.111
[15:20:56] 149.4, 125.0, 1.109
[15:20:57] 139.9, 125.0, 1.105
[15:20:58] 139.9, 125.0, 1.112
[15:20:59] 139.9, 125.0, 1.109
[15:21:00] 154.8, 124.8, 2.180
[15:21:01] 279.1, 124.8, 2.245
[15:21:02] 278.8, 124.8, 2.241
[15:21:03] 279.1, 124.8, 2.243
[15:21:04] 279.3, 125.0, 1.473
[15:21:05] 233.5, 125.0, 1.110
[15:21:06] 140.5, 125.0, 1.113
[15:21:07] 140.4, 125.0, 1.109
[15:21:08] 140.4, 125.0, 1.111
[15:21:09] 140.3, 124.9, 2.311
[15:21:10] 212.5, 124.9, 2.174
[15:21:11] 273.7, 124.9, 2.243
[15:21:12] 279.9, 124.9, 2.244
[15:21:13] 280.1, 124.9, 2.245
[15:21:14] 280.2, 124.9, 2.244
[15:21:15] 280.3, 124.9, 2.247
[15:21:16] 280.5, 124.9, 2.245
[15:21:17] 280.7, 124.9, 2.251
[15:21:18] 280.8, 124.9, 2.126
[15:21:19] 265.2, 125.0, 1.110
[15:21:20] 152.6, 125.0, 1.113
[15:21:21] 140.1, 125.0, 1.111
[15:21:22] 140.1, 125.0, 1.115
[15:21:23] 0.0, 124.9, 1.115
[15:21:24] 187.2, 124.8, 2.178
[15:21:25] 271.7, 124.8, 2.247
[15:21:26] 279.0, 124.8, 2.245
[15:21:27] 279.3, 124.8, 2.251
[15:21:28] 279.6, 124.9, 2.247
[15:21:29] 279.9, 124.8, 2.253
[15:21:30] 280.2, 124.9, 2.245
[15:21:31] 280.5, 124.8, 2.251
[15:21:32] 280.6, 124.8, 2.247
[15:21:33] 280.8, 124.8, 2.250
[15:21:34] 281.0, 124.8, 2.249
[15:21:35] 281.1, 124.8, 2.250
[15:21:36] 281.2, 124.8, 2.253
[15:21:37] 281.4, 124.8, 2.253
[15:21:38] 281.5, 124.8, 2.254
[15:21:39] 281.6, 124.8, 2.253
[15:21:40] 281.7, 124.8, 2.253
[15:21:41] 281.8, 124.8, 2.252
[15:21:42] 281.9, 124.9, 1.113
[15:21:43] 166.2, 124.9, 1.111
[15:21:44] 140.3, 124.9, 1.114
[15:21:45] 140.3, 124.9, 1.116
<<<[15:23:50] 140.8, 125.0, 1.140
[15:23:51] 141.0, 125.0, 1.142
[15:23:52] 141.3, 125.0, 1.145
[15:23:53] 141.7, 125.0, 1.278
[15:23:54] 151.9, 125.0, 1.277
[15:23:55] 160.2, 125.0, 1.264
[15:23:56] 160.1, 125.0, 1.259
[15:23:57] 160.0, 125.0, 1.292
[15:23:58] 159.9, 125.0, 1.251
[15:23:59] 159.7, 125.0, 1.172
[15:24:00] 159.1, 125.0, 1.148
[15:24:01] 145.9, 124.9, 1.157
[15:24:02] 145.8, 124.9, 1.131
[15:24:03] 145.5, 124.9, 1.125
[15:24:04] 145.2, 124.9, 1.720
[15:24:05] 169.4, 125.0, 1.113
[15:24:06] 139.9, 124.9, 1.111
[15:24:07] 139.9, 124.9, 1.113
[15:24:08] 140.0, 125.0, 1.112
[15:24:09] 140.0, 124.9, 1.724
[15:24:10] 168.2, 125.0, 1.113
[15:24:11] 139.8, 125.0, 1.111
[15:24:12] 139.8, 125.0, 1.114
[15:24:13] 139.9, 125.0, 1.112
[15:24:14] 140.0, 124.9, 1.724
[15:24:15] 167.8, 125.0, 1.113
[15:24:16] 139.9, 125.0, 1.112
[15:24:17] 140.0, 125.0, 1.113
[15:24:18] 140.0, 124.9, 1.110
[15:24:19] 140.0, 124.9, 2.250
[15:24:20] 179.0, 125.0, 1.047
[15:24:21] 132.9, 125.0, 1.112
[15:24:22] 138.5, 125.0, 1.113
[15:24:23] 138.7, 125.0, 1.107
[15:24:24] 138.9, 124.9, 2.321
[15:24:25] 179.6, 125.0, 1.046
[15:24:26] 133.1, 125.0, 1.111
[15:24:27] 138.5, 125.0, 1.111
[15:24:28] 138.7, 124.9, 1.112
[15:24:29] 138.9, 124.9, 2.681
[15:24:30] 179.6, 125.0, 1.047
[15:24:31] 132.5, 125.0, 1.109
[15:24:32] 138.3, 124.9, 1.112
[15:24:33] 138.4, 125.0, 1.110
[15:24:34] 138.6, 124.7, 3.447
[15:24:35] 182.5, 124.9, 1.046
[15:24:36] 143.6, 124.9, 1.110
[15:24:37] 137.9, 124.9, 1.113
[15:24:38] 138.1, 124.9, 1.112
[15:24:39] 138.4, 124.9, 1.110
[15:24:40] 173.1, 125.0, 1.071
[15:24:41] 172.6, 125.0, 1.108
[15:24:42] 136.3, 125.0, 1.110
[15:24:43] 136.7, 124.9, 1.110
[15:24:44] 137.1, 124.9, 1.111
[15:24:45] 137.4, 124.9, 2.024
[15:24:46] 246.6, 125.0, 1.075
[15:24:47] 134.7, 125.0, 1.107
[15:24:48] 135.3, 125.0, 1.109
[15:24:49] 135.8, 125.0, 1.108
[15:24:50] 136.4, 124.7, 3.632
[15:24:51] 189.5, 124.8, 2.184
[15:24:52] 268.1, 124.9, 1.106
[15:24:53] 148.3, 124.9, 1.113
[15:24:54] 140.1, 124.8, 1.113
[15:24:55] 140.0, 124.9, 1.110
[15:24:56] 140.0, 125.0, 1.112
[15:24:57] 170.0, 124.9, 2.189
[15:24:58] 272.3, 124.9, 2.245
[15:24:59] 277.9, 125.0, 1.073
[15:25:00] 196.4, 125.0, 1.115
[15:25:01] 139.8, 125.0, 1.109
[15:25:02] 139.8, 125.0, 1.109
[15:25:03] 139.8, 125.0, 1.107
[15:25:04] 139.8, 124.8, 2.202
[15:25:05] 261.6, 124.9, 2.190
[15:25:06] 275.5, 124.9, 2.252
[15:25:07] 281.1, 124.9, 2.249
[15:25:08] 281.2, 124.9, 2.232
[15:25:09] 268.8, 125.0, 1.109
[15:25:10] 154.4, 125.0, 1.109
[15:25:11] 139.9, 125.0, 1.111
[15:25:12] 139.8, 125.0, 1.114
[15:25:13] 139.9, 124.9, 1.722
[15:25:14] 181.9, 124.9, 2.186
[15:25:15] 271.5, 124.9, 2.245
[15:25:16] 278.8, 124.8, 2.253
[15:25:17] 279.2, 124.8, 2.252
[15:25:18] 279.6, 124.9, 2.254
[15:25:19] 279.9, 124.8, 2.253
[15:25:20] 280.3, 124.8, 2.257
[15:25:21] 280.6, 124.9, 2.250
[15:25:22] 280.9, 124.8, 2.257
[15:25:23] 281.1, 125.0, 1.110
[15:25:24] 155.9, 125.0, 1.112
[15:25:25] 140.1, 125.0, 1.116
[15:25:26] 140.1, 125.0, 1.111
[15:25:27] 140.2, 124.9, 1.110
[15:25:28] 140.1, 124.8, 2.188
[15:25:29] 287.8, 124.8, 2.258
[15:25:30] 277.9, 124.8, 2.258
[15:25:31] 278.4, 124.8, 2.253
[15:25:32] 279.0, 124.8, 2.256
[15:25:33] 279.5, 124.9, 2.251
[15:25:34] 279.9, 124.8, 2.255
[15:25:35] 280.2, 124.9, 2.249
[15:25:36] 280.5, 124.9, 2.265
[15:25:37] 280.7, 124.9, 2.250
[15:25:38] 281.0, 124.8, 2.255
[15:25:39] 281.2, 124.9, 2.252
[15:25:40] 281.4, 124.8, 2.260
[15:25:41] 281.6, 124.9, 2.255
[15:25:42] 281.8, 124.9, 2.258
[15:25:43] 281.9, 124.9, 2.254
[15:25:44] 282.1, 124.9, 2.259
[15:25:45] 282.3, 124.9, 2.254
[15:25:46] 282.4, 125.0, 1.167
[15:25:47] 202.4, 125.0, 1.116
[15:25:48] 140.7, 125.1, 1.114
[15:25:49] 140.7, 125.0, 1.114
[15:25:50] 140.7, 125.0, 1.115
<<<[15:27:58] 140.8, 125.0, 1.131
[15:27:59] 141.0, 125.0, 1.139
[15:28:00] 141.3, 125.0, 1.156
[15:28:01] 141.7, 125.0, 1.242
[15:28:02] 151.7, 124.9, 1.280
[15:28:03] 159.5, 125.0, 1.278
[15:28:04] 159.6, 125.0, 1.271
[15:28:05] 159.6, 124.9, 1.299
[15:28:06] 159.7, 125.0, 1.273
[15:28:07] 159.5, 125.0, 1.185
[15:28:08] 159.1, 125.0, 1.171
[15:28:09] 146.5, 125.0, 1.150
[15:28:10] 146.3, 125.0, 1.153
[15:28:11] 146.0, 125.0, 1.133
[15:28:12] 145.5, 124.9, 1.592
[15:28:13] 163.5, 125.0, 1.121
[15:28:14] 146.3, 125.0, 1.114
[15:28:15] 140.5, 125.0, 1.115
[15:28:16] 140.4, 125.0, 1.120
[15:28:17] 140.4, 125.0, 1.551
[15:28:18] 161.1, 125.0, 1.118
[15:28:19] 146.5, 125.1, 1.114
[15:28:20] 139.9, 125.1, 1.111
[15:28:21] 139.9, 125.0, 1.120
[15:28:22] 140.0, 125.0, 1.541
[15:28:23] 160.9, 125.1, 1.114
[15:28:24] 146.3, 125.1, 1.112
[15:28:25] 140.1, 125.1, 1.116
[15:28:26] 140.0, 125.0, 1.113
[15:28:27] 140.1, 124.9, 3.258
[15:28:28] 174.5, 125.0, 1.040
[15:28:29] 137.8, 125.0, 1.108
[15:28:30] 137.7, 125.0, 1.110
[15:28:31] 138.0, 125.0, 1.110
[15:28:32] 138.3, 124.8, 3.374
[15:28:33] 174.5, 124.9, 1.048
[15:28:34] 138.3, 125.0, 1.108
[15:28:35] 138.1, 125.0, 1.111
[15:28:36] 138.4, 125.0, 1.109
[15:28:37] 138.6, 124.7, 3.272
[15:28:38] 175.8, 125.0, 1.051
[15:28:39] 137.4, 125.0, 1.112
[15:28:40] 137.3, 125.0, 1.113
[15:28:41] 137.7, 125.0, 1.117
[15:28:42] 137.9, 125.1, 1.113
[15:28:43] 176.3, 125.1, 1.062
[15:28:44] 150.8, 125.0, 1.108
[15:28:45] 136.5, 125.0, 1.113
[15:28:46] 136.9, 125.1, 1.109
[15:28:47] 137.2, 125.0, 1.112
[15:28:48] 137.6, 125.1, 1.028
[15:28:49] 202.9, 125.1, 1.112
[15:28:50] 135.4, 125.1, 1.107
[15:28:51] 135.9, 125.1, 1.110
[15:28:52] 136.4, 125.1, 1.107
[15:28:53] 136.8, 124.9, 2.220
[15:28:54] 241.7, 125.0, 1.044
[15:28:55] 139.6, 125.1, 1.110
[15:28:56] 139.6, 125.1, 1.111
[15:28:57] 139.6, 125.1, 1.108
[15:28:58] 139.7, 125.1, 1.108
[15:28:59] 177.2, 125.0, 2.187
[15:29:00] 271.9, 125.1, 1.113
[15:29:01] 158.2, 125.1, 1.112
[15:29:02] 139.9, 125.1, 1.114
[15:29:03] 139.9, 125.1, 1.113
[15:29:04] 139.9, 125.1, 1.107
[15:29:05] 139.9, 124.9, 2.185
[15:29:06] 290.0, 125.0, 2.256
[15:29:07] 278.2, 125.1, 1.095
[15:29:08] 196.1, 125.1, 1.110
[15:29:09] 140.1, 125.2, 1.111
[15:29:10] 140.0, 125.1, 1.110
[15:29:11] 140.0, 125.2, 1.112
[15:29:12] 140.0, 125.0, 2.225
[15:29:13] 252.9, 125.0, 2.183
[15:29:14] 275.5, 124.9, 2.255
[15:29:15] 282.9, 124.9, 2.251
[15:29:16] 282.8, 124.9, 2.255
[15:29:17] 271.4, 125.1, 1.112
[15:29:18] 148.3, 125.1, 1.109
[15:29:19] 139.9, 125.1, 1.107
[15:29:20] 139.9, 125.1, 1.107
[15:29:21] 139.8, 125.1, 1.116
[15:29:22] 179.9, 125.0, 2.190
[15:29:23] 271.9, 124.9, 2.249
[15:29:24] 279.5, 124.9, 2.258
[15:29:25] 279.9, 124.9, 2.257
[15:29:26] 280.4, 124.9, 2.260
[15:29:27] 280.7, 124.9, 2.259
[15:29:28] 281.1, 124.9, 2.260
[15:29:29] 281.4, 124.9, 2.257
[15:29:30] 281.6, 124.9, 2.260
[15:29:31] 281.5, 125.1, 1.122
[15:29:32] 160.6, 125.0, 1.112
[15:29:33] 140.3, 125.0, 1.117
[15:29:34] 140.3, 125.0, 1.113
[15:29:35] 140.2, 125.0, 1.116
[15:29:36] 164.9, 124.9, 2.200
[15:29:37] 274.4, 124.9, 2.255
[15:29:38] 279.5, 125.0, 2.256
[15:29:39] 280.0, 125.0, 2.253
[15:29:40] 280.4, 124.9, 2.255
[15:29:41] 280.8, 125.0, 2.255
[15:29:42] 281.1, 124.9, 2.259
[15:29:43] 281.4, 124.9, 2.256
[15:29:44] 281.6, 124.9, 2.260
[15:29:45] 281.9, 124.9, 2.258
[15:29:46] 282.1, 125.0, 2.259
[15:29:47] 282.3, 125.0, 2.261
[15:29:48] 282.4, 125.0, 2.258
[15:29:49] 282.5, 125.0, 2.255
[15:29:50] 282.7, 124.9, 2.259
[15:29:51] 282.8, 124.9, 2.257
[15:29:52] 282.9, 125.0, 2.262
[15:29:53] 283.1, 125.0, 2.260
[15:29:54] 283.2, 125.1, 1.107
[15:29:55] 162.0, 125.1, 1.114
[15:29:56] 140.1, 125.1, 1.110
[15:29:57] 140.1, 125.1, 1.116
