<<<[00:12:20] 140.1, 126.1, 1.117
[00:12:21] 140.4, 126.1, 1.126
[00:12:22] 140.7, 126.1, 1.136
[00:12:23] 141.2, 126.1, 1.218
[00:12:24] 159.1, 126.1, 1.277
[00:12:25] 159.3, 126.1, 1.250
[00:12:26] 159.2, 126.1, 1.253
[00:12:27] 159.1, 126.1, 1.173
[00:12:28] 158.7, 126.1, 1.178
[00:12:29] 149.4, 126.1, 1.179
[00:12:30] 149.4, 126.0, 1.166
[00:12:31] 149.3, 126.0, 1.173
[00:12:32] 149.2, 126.0, 1.689
[00:12:33] 174.2, 126.1, 1.105
[00:12:34] 138.9, 126.1, 1.102
[00:12:35] 139.0, 126.1, 1.104
[00:12:36] 139.2, 126.1, 1.110
[00:12:37] 139.4, 126.0, 1.700
[00:12:38] 167.8, 126.1, 1.101
[00:12:39] 138.7, 126.1, 1.104
[00:12:40] 138.9, 126.1, 1.101
[00:12:41] 139.0, 126.1, 1.097
[00:12:42] 139.1, 126.1, 1.708
[00:12:43] 167.8, 126.2, 1.103
[00:12:44] 138.7, 126.2, 1.105
[00:12:45] 138.9, 126.1, 1.100
[00:12:46] 139.0, 126.1, 1.097
[00:12:47] 139.2, 126.1, 2.041
[00:12:48] 178.7, 126.1, 1.031
[00:12:49] 131.1, 126.2, 1.103
[00:12:50] 139.4, 126.2, 1.097
[00:12:51] 139.4, 126.1, 1.093
[00:12:52] 139.5, 126.0, 2.208
[00:12:53] 178.9, 126.1, 1.036
[00:12:54] 131.8, 126.1, 1.100
[00:12:55] 138.5, 126.1, 1.104
[00:12:56] 138.7, 126.0, 1.105
[00:12:57] 138.8, 126.0, 2.743
[00:12:58] 181.4, 126.1, 1.033
[00:12:59] 131.1, 126.1, 1.097
[00:13:00] 138.1, 126.1, 1.096
[00:13:01] 138.3, 126.1, 1.096
[00:13:02] 138.5, 125.9, 3.687
[00:13:03] 187.5, 126.1, 1.033
[00:13:04] 141.9, 126.2, 1.099
[00:13:05] 141.3, 126.1, 1.102
[00:13:06] 141.1, 126.1, 1.098
[00:13:07] 141.0, 126.0, 1.107
[00:13:08] 173.4, 126.0, 0.987
[00:13:09] 188.3, 126.0, 1.096
[00:13:10] 136.1, 126.1, 1.101
[00:13:11] 136.5, 126.0, 1.096
[00:13:12] 136.9, 126.1, 1.100
[00:13:13] 137.3, 125.9, 2.292
[00:13:14] 259.8, 126.1, 1.062
[00:13:15] 146.6, 126.0, 1.100
[00:13:16] 139.8, 126.0, 1.100
[00:13:17] 139.8, 126.0, 1.102
[00:13:18] 139.8, 125.8, 2.381
[00:13:19] 187.2, 125.9, 2.319
[00:13:20] 291.1, 126.1, 1.122
[00:13:21] 165.1, 126.1, 1.100
[00:13:22] 139.9, 126.1, 1.097
[00:13:23] 139.9, 126.1, 1.100
[00:13:24] 139.9, 126.1, 1.101
[00:13:25] 139.8, 125.9, 2.319
[00:13:26] 305.4, 125.9, 2.391
[00:13:27] 295.8, 126.0, 1.606
[00:13:28] 235.9, 126.1, 1.098
[00:13:29] 140.1, 126.1, 1.095
[00:13:30] 140.0, 126.1, 1.096
[00:13:31] 140.0, 126.1, 1.100
[00:13:32] 140.0, 126.0, 2.295
[00:13:33] 239.9, 126.0, 2.315
[00:13:34] 292.5, 126.0, 2.383
[00:13:35] 301.2, 125.9, 2.382
[00:13:36] 301.2, 125.9, 2.386
[00:13:37] 301.2, 126.1, 1.075
[00:13:38] 208.7, 126.1, 1.100
[00:13:39] 140.1, 126.0, 1.103
[00:13:40] 140.1, 126.0, 1.097
[00:13:41] 140.0, 126.0, 1.099
[00:13:42] 140.1, 125.9, 2.362
[00:13:43] 264.3, 125.9, 2.318
[00:13:44] 293.8, 125.9, 2.387
[00:13:45] 301.6, 125.9, 2.382
[00:13:46] 301.5, 125.9, 2.391
[00:13:47] 301.5, 125.9, 2.392
[00:13:48] 301.6, 125.9, 2.391
[00:13:49] 301.7, 125.9, 2.391
[00:13:50] 301.8, 125.9, 2.393
[00:13:51] 301.8, 125.9, 2.394
[00:13:52] 301.8, 126.0, 1.098
[00:13:53] 153.3, 126.1, 1.099
[00:13:54] 140.7, 126.0, 1.102
[00:13:55] 140.6, 126.0, 1.103
[00:13:56] 140.5, 126.1, 1.103
[00:13:57] 147.9, 125.9, 2.324
[00:13:58] 305.6, 125.9, 2.393
[00:13:59] 297.8, 125.9, 2.392
[00:14:00] 298.3, 125.9, 2.392
[00:14:01] 298.8, 125.9, 2.391
[00:14:02] 299.3, 125.9, 2.393
[00:14:03] 299.7, 125.8, 2.394
[00:14:04] 300.0, 125.9, 2.394
[00:14:05] 300.2, 125.9, 2.394
[00:14:06] 300.5, 125.9, 2.394
[00:14:07] 300.7, 125.8, 2.392
[00:14:08] 300.9, 125.9, 2.393
[00:14:09] 301.1, 125.9, 2.394
[00:14:10] 301.3, 125.8, 2.396
[00:14:11] 301.5, 125.9, 2.397
[00:14:12] 301.7, 125.9, 2.398
[00:14:13] 301.9, 125.9, 2.398
[00:14:14] 302.0, 125.9, 2.398
[00:14:15] 302.1, 125.9, 2.396
[00:14:16] 302.2, 126.1, 1.110
[00:14:17] 189.9, 126.1, 1.101
[00:14:18] 140.8, 126.1, 1.098
[00:14:19] 140.7, 126.0, 1.106
[00:14:20] 140.6, 126.0, 1.100
