<<<[05:15:46] 140.3, 126.1, 1.108
[05:15:47] 140.4, 126.0, 1.106
[05:15:48] 140.4, 126.1, 1.112
[05:15:49] 140.5, 126.1, 1.173
[05:15:50] 146.5, 126.1, 1.231
[05:15:51] 159.5, 126.1, 1.249
[05:15:52] 159.4, 126.0, 1.130
[05:15:53] 152.4, 126.0, 1.124
[05:15:54] 143.7, 126.0, 1.128
[05:15:55] 143.7, 126.1, 1.125
[05:15:56] 143.8, 126.1, 1.128
[05:15:57] 143.8, 126.0, 1.693
[05:15:58] 172.2, 126.1, 1.112
[05:15:59] 139.4, 126.0, 1.113
[05:16:00] 139.6, 126.0, 1.113
[05:16:01] 139.8, 126.0, 1.128
[05:16:02] 140.2, 126.0, 1.708
[05:16:03] 171.1, 126.1, 1.107
[05:16:04] 139.0, 126.1, 1.111
[05:16:05] 139.2, 126.1, 1.106
[05:16:06] 139.5, 126.1, 1.109
[05:16:07] 139.7, 126.0, 1.695
[05:16:08] 169.6, 126.1, 1.099
[05:16:09] 138.7, 126.1, 1.107
[05:16:10] 138.9, 126.0, 1.110
[05:16:11] 139.2, 126.0, 1.107
[05:16:12] 139.3, 125.9, 1.704
[05:16:13] 169.6, 126.1, 1.106
[05:16:14] 138.5, 126.0, 1.113
[05:16:15] 138.7, 126.0, 1.111
[05:16:16] 138.9, 126.0, 1.104
[05:16:17] 139.1, 125.9, 1.696
[05:16:18] 169.1, 125.9, 1.101
[05:16:19] 138.1, 126.1, 1.098
[05:16:20] 138.3, 126.0, 1.105
[05:16:21] 138.6, 126.1, 1.099
[05:16:22] 138.7, 126.0, 1.701
[05:16:23] 168.9, 126.1, 1.101
[05:16:24] 138.1, 126.1, 1.098
[05:16:25] 138.3, 126.0, 1.097
[05:16:26] 138.4, 126.0, 1.100
[05:16:27] 138.6, 126.0, 1.707
[05:16:28] 168.0, 126.0, 1.103
[05:16:29] 137.4, 126.0, 1.101
[05:16:30] 137.7, 126.0, 1.097
[05:16:31] 137.9, 126.0, 1.098
[05:16:32] 138.2, 125.9, 2.101
[05:16:33] 178.7, 126.1, 1.040
[05:16:34] 130.2, 126.1, 1.104
[05:16:35] 138.9, 126.1, 1.099
[05:16:36] 138.9, 126.0, 1.102
[05:16:37] 139.1, 126.0, 2.316
[05:16:38] 178.1, 126.1, 1.041
[05:16:39] 130.2, 126.1, 1.099
[05:16:40] 137.9, 126.1, 1.099
[05:16:41] 138.1, 126.0, 1.102
[05:16:42] 138.3, 125.9, 2.907
[05:16:43] 179.2, 126.1, 1.031
[05:16:44] 141.0, 126.1, 1.091
[05:16:45] 140.5, 126.1, 1.097
[05:16:46] 140.4, 126.0, 1.103
[05:16:47] 140.3, 125.8, 2.295
[05:16:48] 177.8, 126.1, 1.048
[05:16:49] 153.7, 126.1, 1.089
[05:16:50] 136.1, 126.1, 1.102
[05:16:51] 136.5, 126.1, 1.102
[05:16:52] 137.0, 126.1, 1.103
[05:16:53] 137.4, 126.1, 1.320
[05:16:54] 212.3, 126.1, 1.103
[05:16:55] 135.1, 126.1, 1.095
[05:16:56] 135.6, 126.1, 1.098
[05:16:57] 136.1, 126.1, 1.096
[05:16:58] 136.6, 126.1, 2.001
[05:16:59] 201.1, 126.1, 1.327
[05:17:00] 201.1, 126.2, 1.096
[05:17:01] 139.0, 126.2, 1.097
[05:17:02] 139.1, 126.1, 1.101
[05:17:03] 139.2, 126.1, 1.107
[05:17:04] 139.6, 126.0, 1.954
[05:17:05] 203.5, 125.9, 1.884
[05:17:06] 238.8, 126.1, 1.465
[05:17:07] 210.4, 126.1, 1.137
[05:17:08] 146.3, 126.1, 1.121
[05:17:09] 145.8, 126.0, 1.114
[05:17:10] 145.3, 126.1, 1.116
[05:17:11] 144.8, 126.0, 1.886
[05:17:12] 207.5, 126.0, 1.885
[05:17:13] 238.8, 125.9, 1.945
[05:17:14] 245.8, 125.9, 1.946
[05:17:15] 245.8, 126.0, 1.448
[05:17:16] 206.6, 126.1, 1.110
[05:17:17] 140.8, 126.1, 1.103
[05:17:18] 140.7, 126.1, 1.101
[05:17:19] 140.6, 126.0, 1.102
[05:17:20] 140.5, 125.9, 1.880
[05:17:21] 214.5, 125.9, 1.883
[05:17:22] 238.6, 125.9, 1.949
[05:17:23] 246.4, 125.9, 1.949
[05:17:24] 246.4, 125.9, 1.949
[05:17:25] 246.4, 125.9, 1.948
[05:17:26] 246.4, 125.9, 1.946
[05:17:27] 246.5, 125.9, 1.950
[05:17:28] 246.4, 126.0, 1.073
[05:17:29] 187.5, 126.0, 1.100
[05:17:30] 140.1, 126.0, 1.108
[05:17:31] 140.1, 126.1, 1.102
[05:17:32] 140.1, 126.0, 1.101
[05:17:33] 140.2, 125.9, 1.915
[05:17:34] 229.0, 126.0, 1.889
[05:17:35] 240.2, 126.0, 1.948
[05:17:36] 246.7, 125.9, 1.948
[05:17:37] 246.7, 125.9, 1.949
[05:17:38] 246.6, 125.9, 1.950
[05:17:39] 246.7, 125.9, 1.950
[05:17:40] 246.7, 126.0, 1.952
[05:17:41] 246.8, 125.9, 1.951
[05:17:42] 246.8, 126.0, 1.952
[05:17:43] 246.9, 126.0, 1.951
[05:17:44] 246.9, 125.9, 1.952
[05:17:45] 246.9, 126.0, 1.953
[05:17:46] 246.9, 126.0, 1.952
[05:17:47] 247.0, 125.9, 1.955
[05:17:48] 247.0, 125.9, 1.953
[05:17:49] 246.6, 126.1, 1.101
[05:17:50] 139.0, 126.0, 1.110
[05:17:51] 139.2, 126.0, 1.103
[05:17:52] 139.4, 126.1, 1.104
