<<<[17:57:45] 142.9, 125.2, 1.127
[17:57:46] 142.8, 125.2, 1.131
[17:57:47] 142.7, 125.2, 1.137
[17:57:48] 142.9, 125.1, 1.238
[17:57:49] 151.9, 125.1, 1.183
[17:57:50] 151.5, 125.1, 1.182
[17:57:51] 151.2, 125.1, 1.180
[17:57:52] 150.9, 125.1, 1.188
[17:57:53] 150.8, 125.1, 1.226
[17:57:54] 161.7, 125.2, 1.158
[17:57:55] 161.4, 125.2, 1.166
[17:57:56] 146.5, 125.3, 1.136
[17:57:57] 146.3, 125.3, 1.135
[17:57:58] 146.0, 125.3, 1.170
[17:57:59] 157.3, 125.3, 1.130
[17:58:00] 157.3, 125.3, 1.126
[17:58:01] 143.2, 125.3, 1.135
[17:58:02] 143.1, 125.3, 1.129
[17:58:03] 143.1, 125.3, 1.150
[17:58:04] 155.3, 125.3, 1.118
[17:58:05] 155.4, 125.3, 1.122
[17:58:06] 141.4, 125.3, 1.118
[17:58:07] 141.4, 125.3, 1.123
[17:58:08] 141.5, 125.2, 1.142
[17:58:09] 154.8, 125.3, 1.109
[17:58:10] 154.9, 125.2, 1.116
[17:58:11] 141.0, 125.2, 1.111
[17:58:12] 140.9, 125.2, 1.124
[17:58:13] 141.0, 125.1, 1.138
[17:58:14] 154.1, 125.2, 1.114
[17:58:15] 154.3, 125.2, 1.108
[17:58:16] 140.5, 125.2, 1.110
[17:58:17] 140.5, 125.2, 1.114
[17:58:18] 140.5, 125.1, 1.119
[17:58:19] 153.2, 125.2, 1.103
[17:58:20] 153.6, 125.2, 1.109
[17:58:21] 140.3, 125.2, 1.114
[17:58:22] 140.3, 125.3, 1.120
[17:58:23] 140.3, 125.3, 1.108
[17:58:24] 151.5, 125.2, 1.100
[17:58:25] 156.8, 125.2, 1.106
[17:58:26] 139.8, 125.2, 1.108
[17:58:27] 139.8, 125.3, 1.105
[17:58:28] 139.8, 125.2, 1.105
[17:58:29] 166.0, 125.3, 1.036
[17:58:30] 145.9, 125.3, 1.102
[17:58:31] 135.8, 125.3, 1.102
[17:58:32] 136.3, 125.3, 1.113
[17:58:33] 136.7, 125.3, 1.111
[17:58:34] 150.4, 125.3, 1.073
[17:58:35] 172.5, 125.3, 1.108
[17:58:36] 135.2, 125.3, 1.099
[17:58:37] 135.7, 125.3, 1.103
[17:58:38] 136.2, 125.2, 1.110
[17:58:39] 136.7, 125.2, 1.025
[17:58:40] 191.5, 125.2, 1.090
[17:58:41] 134.3, 125.2, 1.102
[17:58:42] 139.8, 125.3, 1.105
[17:58:43] 139.8, 125.2, 1.104
[17:58:44] 139.8, 125.1, 1.765
[17:58:45] 206.6, 125.2, 1.043
[17:58:46] 134.5, 125.3, 1.102
[17:58:47] 139.6, 125.3, 1.098
[17:58:48] 139.6, 125.2, 1.103
[17:58:49] 139.6, 125.2, 1.158
[17:58:50] 173.4, 125.1, 1.721
[17:58:51] 212.7, 125.2, 1.104
[17:58:52] 139.2, 125.2, 1.105
[17:58:53] 139.2, 125.2, 1.112
[17:58:54] 139.3, 125.2, 1.106
[17:58:55] 139.5, 125.0, 2.281
[17:58:56] 174.7, 125.1, 1.741
[17:58:57] 216.7, 125.1, 1.734
[17:58:58] 217.0, 125.2, 1.110
[17:58:59] 142.7, 125.2, 1.107
[17:59:00] 142.3, 125.2, 1.099
[17:59:01] 141.9, 125.2, 1.106
[17:59:02] 141.7, 124.9, 3.352
[17:59:03] 177.8, 125.1, 1.741
[17:59:04] 217.8, 125.1, 1.804
[17:59:05] 224.5, 125.1, 1.807
[17:59:06] 224.8, 125.1, 1.678
[17:59:07] 224.3, 125.1, 1.108
[17:59:08] 142.5, 125.2, 1.105
[17:59:09] 142.1, 125.2, 1.099
[17:59:10] 141.8, 125.2, 1.100
[17:59:11] 141.5, 125.0, 2.830
[17:59:12] 183.0, 125.1, 1.744
[17:59:13] 219.8, 125.1, 1.807
[17:59:14] 225.2, 125.1, 1.805
[17:59:15] 225.4, 125.0, 1.806
[17:59:16] 225.6, 125.1, 1.805
[17:59:17] 225.8, 125.1, 1.805
[17:59:18] 226.0, 125.1, 1.805
[17:59:19] 226.1, 125.1, 1.674
[17:59:20] 207.3, 125.2, 1.106
[17:59:21] 138.7, 125.2, 1.111
[17:59:22] 138.9, 125.2, 1.105
[17:59:23] 139.0, 125.2, 1.101
[17:59:24] 139.2, 125.1, 1.734
[17:59:25] 199.3, 125.1, 1.744
[17:59:26] 219.6, 125.0, 1.805
[17:59:27] 226.8, 125.0, 1.806
[17:59:28] 226.8, 125.0, 1.807
[17:59:29] 226.8, 125.0, 1.806
[17:59:30] 226.9, 125.1, 1.802
[17:59:31] 226.9, 125.1, 1.807
[17:59:32] 227.0, 125.1, 1.806
[17:59:33] 227.0, 125.1, 1.807
[17:59:34] 227.0, 125.1, 1.808
[17:59:35] 227.1, 125.2, 1.808
[17:59:36] 227.2, 125.2, 1.808
[17:59:37] 227.2, 125.2, 1.808
[17:59:38] 227.3, 125.3, 1.809
[17:59:39] 227.3, 125.2, 1.809
[17:59:40] 227.3, 125.3, 1.115
[17:59:41] 145.7, 125.3, 1.111
[17:59:42] 140.5, 125.2, 1.115
[17:59:43] 140.5, 125.3, 1.107
[17:59:44] 140.4, 125.3, 1.108
<<<[17:59:57] 145.2, 125.2, 1.124
[17:59:58] 144.8, 125.2, 1.131
[17:59:59] 144.5, 125.2, 1.132
[18:00:00] 144.4, 125.2, 1.262
[18:00:01] 151.9, 125.2, 1.182
[18:00:02] 151.4, 125.2, 1.183
[18:00:03] 151.1, 125.3, 1.184
[18:00:04] 150.9, 125.3, 1.185
[18:00:05] 150.7, 125.3, 1.181
[18:00:06] 150.5, 125.3, 1.178
[18:00:07] 171.6, 125.3, 1.138
[18:00:08] 145.7, 125.3, 1.134
[18:00:09] 145.5, 125.3, 1.136
[18:00:10] 145.2, 125.3, 1.130
[18:00:11] 145.0, 125.4, 1.152
[18:00:12] 170.4, 125.3, 1.119
[18:00:13] 142.3, 125.3, 1.114
[18:00:14] 142.3, 125.3, 1.117
[18:00:15] 142.2, 125.3, 1.121
[18:00:16] 142.1, 125.3, 1.140
[18:00:17] 169.3, 125.3, 1.117
[18:00:18] 141.4, 125.3, 1.117
[18:00:19] 141.4, 125.2, 1.117
[18:00:20] 141.3, 125.3, 1.121
[18:00:21] 141.3, 125.3, 1.134
[18:00:22] 168.9, 125.3, 1.118
[18:00:23] 141.0, 125.3, 1.112
[18:00:24] 140.9, 125.4, 1.111
[18:00:25] 140.9, 125.5, 1.110
[18:00:26] 140.9, 125.5, 1.131
[18:00:27] 168.4, 125.4, 1.106
[18:00:28] 140.5, 125.4, 1.106
[18:00:29] 140.4, 125.4, 1.106
[18:00:30] 140.4, 125.4, 1.116
[18:00:31] 140.5, 125.4, 1.130
[18:00:32] 168.2, 125.3, 1.114
[18:00:33] 140.3, 125.3, 1.112
[18:00:34] 140.3, 125.4, 1.116
[18:00:35] 140.3, 125.3, 1.105
[18:00:36] 140.2, 125.4, 1.123
[18:00:37] 167.1, 125.4, 1.105
[18:00:38] 139.8, 125.3, 1.101
[18:00:39] 139.7, 125.3, 1.104
[18:00:40] 139.7, 125.3, 1.107
[18:00:41] 139.7, 125.3, 1.055
[18:00:42] 173.1, 125.4, 1.104
[18:00:43] 134.5, 125.4, 1.106
[18:00:44] 139.6, 125.4, 1.107
[18:00:45] 139.6, 125.3, 1.103
[18:00:46] 139.6, 125.3, 1.087
[18:00:47] 184.1, 125.3, 1.063
[18:00:48] 134.0, 125.3, 1.104
[18:00:49] 139.6, 125.3, 1.099
[18:00:50] 139.6, 125.3, 1.110
[18:00:51] 139.6, 125.2, 1.642
[18:00:52] 194.2, 125.3, 1.039
[18:00:53] 131.4, 125.3, 1.103
[18:00:54] 139.8, 125.3, 1.102
[18:00:55] 139.8, 125.3, 1.101
[18:00:56] 139.7, 125.2, 1.938
[18:00:57] 191.0, 125.3, 1.035
[18:00:58] 151.0, 125.3, 1.098
[18:00:59] 138.1, 125.3, 1.097
[18:01:00] 138.2, 125.3, 1.102
[18:01:01] 138.4, 125.3, 1.103
[18:01:02] 138.6, 125.3, 1.735
[18:01:03] 231.7, 125.4, 1.099
[18:01:04] 153.5, 125.4, 1.105
[18:01:05] 139.6, 125.4, 1.095
[18:01:06] 139.5, 125.4, 1.097
[18:01:07] 139.5, 125.4, 1.102
[18:01:08] 139.6, 125.3, 1.738
[18:01:09] 233.5, 125.3, 1.809
[18:01:10] 221.8, 125.3, 1.097
[18:01:11] 158.0, 125.3, 1.099
[18:01:12] 139.8, 125.3, 1.100
[18:01:13] 139.7, 125.3, 1.106
[18:01:14] 139.7, 125.3, 1.106
[18:01:15] 140.1, 125.2, 1.740
[18:01:16] 233.7, 125.2, 1.809
[18:01:17] 222.7, 125.2, 1.806
[18:01:18] 223.2, 125.3, 1.803
[18:01:19] 223.5, 125.4, 1.102
[18:01:20] 144.1, 125.3, 1.098
[18:01:21] 143.5, 125.4, 1.110
[18:01:22] 143.1, 125.4, 1.113
[18:01:23] 142.8, 125.4, 1.103
[18:01:24] 168.7, 125.3, 1.744
[18:01:25] 216.9, 125.2, 1.804
[18:01:26] 223.4, 125.2, 1.805
[18:01:27] 223.8, 125.3, 1.804
[18:01:28] 224.3, 125.3, 1.804
[18:01:29] 224.7, 125.3, 1.803
[18:01:30] 225.0, 125.3, 1.804
[18:01:31] 225.3, 125.3, 1.668
[18:01:32] 214.3, 125.4, 1.100
[18:01:33] 138.5, 125.4, 1.103
[18:01:34] 138.6, 125.5, 1.099
[18:01:35] 138.8, 125.5, 1.100
[18:01:36] 138.9, 125.3, 2.950
[18:01:37] 181.2, 125.4, 1.739
[18:01:38] 219.6, 125.4, 1.801
[18:01:39] 225.0, 125.3, 1.803
[18:01:40] 225.2, 125.3, 1.801
[18:01:41] 225.4, 125.4, 1.802
[18:01:42] 225.7, 125.3, 1.803
[18:01:43] 225.8, 125.4, 1.803
[18:01:44] 226.0, 125.4, 1.802
[18:01:45] 226.1, 125.3, 1.804
[18:01:46] 226.3, 125.4, 1.804
[18:01:47] 226.4, 125.4, 1.804
[18:01:48] 226.5, 125.4, 1.804
[18:01:49] 226.7, 125.4, 1.804
[18:01:50] 226.7, 125.3, 1.806
[18:01:51] 226.9, 125.4, 1.802
[18:01:52] 226.9, 125.5, 1.099
[18:01:53] 163.7, 125.5, 1.109
[18:01:54] 140.1, 125.5, 1.108
[18:01:55] 140.1, 125.5, 1.105
