<<<[07:48:12] 141.9, 125.7, 1.108
[07:48:13] 141.7, 125.7, 1.110
[07:48:14] 141.7, 125.7, 1.112
[07:48:15] 141.5, 125.8, 1.174
[07:48:16] 147.7, 125.7, 1.107
[07:48:17] 140.3, 125.8, 1.111
[07:48:18] 140.3, 125.8, 1.112
[07:48:19] 140.4, 125.8, 1.125
[07:48:20] 140.6, 125.7, 1.122
[07:48:21] 152.2, 125.7, 1.108
[07:48:22] 158.8, 125.7, 1.108
[07:48:23] 141.0, 125.7, 1.111
[07:48:24] 141.0, 125.7, 1.113
[07:48:25] 140.9, 125.7, 1.109
[07:48:26] 148.6, 125.7, 1.105
[07:48:27] 159.5, 125.7, 1.125
[07:48:28] 141.4, 125.7, 1.107
[07:48:29] 141.4, 125.7, 1.109
[07:48:30] 141.3, 125.7, 1.101
[07:48:31] 148.1, 125.7, 1.109
[07:48:32] 158.8, 125.8, 1.103
[07:48:33] 140.5, 125.8, 1.113
[07:48:34] 140.5, 125.9, 1.104
[07:48:35] 140.5, 125.9, 1.109
[07:48:36] 147.7, 125.9, 1.096
[07:48:37] 157.9, 125.8, 1.106
[07:48:38] 140.1, 125.7, 1.102
[07:48:39] 140.1, 125.9, 1.101
[07:48:40] 140.0, 125.8, 1.105
[07:48:41] 147.2, 125.9, 1.100
[07:48:42] 158.4, 125.8, 1.106
[07:48:43] 139.8, 125.8, 1.105
[07:48:44] 139.8, 125.8, 1.100
[07:48:45] 139.8, 125.8, 1.108
[07:48:46] 146.3, 125.7, 1.094
[07:48:47] 158.2, 125.8, 1.099
[07:48:48] 139.0, 125.8, 1.101
[07:48:49] 139.0, 125.8, 1.103
[07:48:50] 139.1, 125.7, 1.105
[07:48:51] 145.4, 125.8, 1.098
[07:48:52] 158.8, 125.8, 1.101
[07:48:53] 139.9, 125.8, 1.095
[07:48:54] 139.8, 125.7, 1.099
[07:48:55] 139.8, 125.7, 1.101
[07:48:56] 154.1, 125.8, 1.032
[07:48:57] 154.2, 125.7, 1.103
[07:48:58] 134.9, 125.7, 1.097
[07:48:59] 135.4, 125.7, 1.096
[07:49:00] 135.9, 125.7, 1.103
[07:49:01] 136.3, 125.8, 1.054
[07:49:02] 180.7, 125.7, 1.106
[07:49:03] 134.9, 125.7, 1.098
[07:49:04] 135.5, 125.8, 1.092
[07:49:05] 135.9, 125.8, 1.104
[07:49:06] 136.3, 125.8, 1.085
[07:49:07] 189.0, 125.8, 1.095
[07:49:08] 134.3, 125.8, 1.096
[07:49:09] 139.4, 125.8, 1.102
[07:49:10] 139.3, 125.8, 1.096
[07:49:11] 139.3, 125.7, 1.757
[07:49:12] 203.8, 125.8, 1.033
[07:49:13] 149.2, 125.8, 1.103
[07:49:14] 139.9, 125.8, 1.103
[07:49:15] 139.8, 125.8, 1.098
[07:49:16] 139.8, 125.8, 1.101
[07:49:17] 168.5, 125.8, 1.751
[07:49:18] 215.6, 125.8, 1.091
[07:49:19] 139.2, 125.8, 1.099
[07:49:20] 139.1, 125.8, 1.092
[07:49:21] 139.1, 125.9, 1.103
[07:49:22] 139.2, 125.8, 1.101
[07:49:23] 169.4, 125.8, 1.751
[07:49:24] 218.7, 125.8, 1.805
[07:49:25] 219.1, 125.8, 1.102
[07:49:26] 143.6, 125.8, 1.103
[07:49:27] 143.1, 125.8, 1.095
[07:49:28] 142.5, 125.8, 1.100
[07:49:29] 142.1, 125.7, 1.127
[07:49:30] 172.7, 125.7, 1.753
[07:49:31] 218.7, 125.7, 1.812
[07:49:32] 226.1, 125.7, 1.816
[07:49:33] 226.5, 125.7, 1.757
[07:49:34] 226.2, 125.8, 1.100
[07:49:35] 143.9, 125.8, 1.102
[07:49:36] 143.3, 125.7, 1.092
[07:49:37] 142.8, 125.7, 1.103
[07:49:38] 142.4, 125.5, 3.244
[07:49:39] 176.5, 125.7, 1.753
[07:49:40] 219.9, 125.6, 1.815
[07:49:41] 226.6, 125.7, 1.815
[07:49:42] 226.9, 125.7, 1.817
[07:49:43] 227.2, 125.7, 1.815
[07:49:44] 227.6, 125.6, 1.818
[07:49:45] 227.8, 125.7, 1.816
[07:49:46] 228.1, 125.7, 1.628
[07:49:47] 213.1, 125.7, 1.102
[07:49:48] 138.5, 125.8, 1.093
[07:49:49] 138.6, 125.7, 1.103
[07:49:50] 138.7, 125.8, 1.102
[07:49:51] 138.9, 125.6, 2.569
[07:49:52] 183.7, 125.7, 1.752
[07:49:53] 222.5, 125.7, 1.817
[07:49:54] 227.7, 125.7, 1.818
[07:49:55] 227.9, 125.7, 1.818
[07:49:56] 228.1, 125.7, 1.817
[07:49:57] 228.3, 125.7, 1.816
[07:49:58] 228.5, 125.6, 1.818
[07:49:59] 228.6, 125.7, 1.817
[07:50:00] 228.7, 125.6, 1.821
[07:50:01] 228.9, 125.6, 1.818
[07:50:02] 229.0, 125.7, 1.820
[07:50:03] 229.1, 125.7, 1.820
[07:50:04] 229.3, 125.6, 1.820
[07:50:05] 229.4, 125.6, 1.821
[07:50:06] 229.4, 125.6, 1.822
[07:50:07] 229.5, 125.7, 1.125
[07:50:08] 176.0, 125.7, 1.101
[07:50:09] 139.6, 125.7, 1.103
[07:50:10] 139.6, 125.7, 1.104
[07:50:11] 139.6, 125.7, 1.109
