<<<[19:52:43] 143.1, 125.9, 1.122
[19:52:44] 143.0, 125.9, 1.123
[19:52:45] 143.0, 125.9, 1.137
[19:52:46] 143.2, 126.0, 1.203
[19:52:47] 152.2, 126.0, 1.154
[19:52:48] 151.5, 125.9, 1.167
[19:52:49] 151.1, 125.9, 1.174
[19:52:50] 150.7, 125.9, 1.174
[19:52:51] 150.5, 125.9, 1.171
[19:52:52] 155.7, 125.8, 1.107
[19:52:53] 156.1, 125.8, 1.112
[19:52:54] 140.5, 125.8, 1.108
[19:52:55] 140.4, 125.8, 1.111
[19:52:56] 140.4, 125.8, 1.106
[19:52:57] 146.5, 125.9, 1.112
[19:52:58] 160.9, 125.9, 1.108
[19:52:59] 140.7, 126.0, 1.104
[19:53:00] 140.6, 126.0, 1.101
[19:53:01] 140.5, 125.9, 1.111
[19:53:02] 145.9, 125.9, 1.109
[19:53:03] 160.6, 125.9, 1.105
[19:53:04] 140.5, 125.9, 1.098
[19:53:05] 140.4, 125.9, 1.105
[19:53:06] 140.4, 125.9, 1.102
[19:53:07] 145.6, 125.9, 1.103
[19:53:08] 160.4, 125.9, 1.105
[19:53:09] 139.9, 125.9, 1.096
[19:53:10] 139.9, 125.9, 1.098
[19:53:11] 139.9, 125.8, 1.105
[19:53:12] 140.5, 125.9, 1.108
[19:53:13] 161.3, 125.8, 1.106
[19:53:14] 140.3, 125.9, 1.097
[19:53:15] 140.2, 125.9, 1.101
[19:53:16] 140.2, 125.9, 1.105
[19:53:17] 140.7, 125.8, 1.104
[19:53:18] 161.7, 125.8, 1.101
[19:53:19] 140.1, 125.8, 1.095
[19:53:20] 140.0, 125.8, 1.101
[19:53:21] 139.9, 125.8, 1.113
[19:53:22] 145.2, 125.9, 1.102
[19:53:23] 162.2, 125.8, 1.094
[19:53:24] 139.6, 125.8, 1.094
[19:53:25] 139.6, 125.8, 1.097
[19:53:26] 139.6, 125.9, 1.102
[19:53:27] 139.9, 125.9, 1.100
[19:53:28] 162.2, 125.9, 1.097
[19:53:29] 139.0, 125.9, 1.098
[19:53:30] 139.0, 125.9, 1.095
[19:53:31] 139.1, 125.9, 1.099
[19:53:32] 146.6, 125.9, 1.036
[19:53:33] 164.4, 126.0, 1.107
[19:53:34] 135.1, 125.9, 1.095
[19:53:35] 135.6, 125.9, 1.095
[19:53:36] 136.0, 125.9, 1.096
[19:53:37] 136.4, 125.9, 1.014
[19:53:38] 183.7, 125.9, 1.106
[19:53:39] 134.3, 125.9, 1.094
[19:53:40] 134.9, 126.0, 1.094
[19:53:41] 135.4, 125.9, 1.099
[19:53:42] 135.9, 126.0, 1.268
[19:53:43] 193.7, 126.0, 1.069
[19:53:44] 134.3, 125.9, 1.093
[19:53:45] 134.9, 125.9, 1.097
[19:53:46] 135.4, 125.9, 1.099
[19:53:47] 135.9, 125.8, 1.740
[19:53:48] 208.0, 125.9, 1.027
[19:53:49] 139.8, 125.9, 1.101
[19:53:50] 139.8, 125.9, 1.097
[19:53:51] 139.8, 125.9, 1.097
[19:53:52] 139.8, 125.6, 3.292
[19:53:53] 180.5, 125.8, 1.552
[19:53:54] 212.7, 125.9, 1.101
[19:53:55] 134.3, 125.8, 1.093
[19:53:56] 139.4, 125.9, 1.093
[19:53:57] 139.3, 125.9, 1.095
[19:53:58] 139.3, 125.7, 1.946
[19:53:59] 197.9, 125.8, 1.837
[19:54:00] 232.6, 125.9, 1.073
[19:54:01] 178.3, 125.9, 1.102
[19:54:02] 139.6, 125.8, 1.102
[19:54:03] 139.6, 125.9, 1.098
[19:54:04] 139.6, 125.9, 1.103
[19:54:05] 139.6, 125.8, 1.840
[19:54:06] 234.1, 125.7, 1.874
[19:54:07] 234.1, 125.7, 1.904
[19:54:08] 240.4, 125.9, 1.078
[19:54:09] 186.6, 125.9, 1.092
[19:54:10] 139.4, 125.9, 1.105
[19:54:11] 139.4, 126.0, 1.092
[19:54:12] 139.4, 125.9, 1.094
[19:54:13] 139.4, 125.8, 1.870
[19:54:14] 216.9, 125.8, 1.839
[19:54:15] 233.0, 125.9, 1.903
[19:54:16] 240.9, 125.9, 1.903
[19:54:17] 240.8, 125.9, 1.903
[19:54:18] 240.8, 125.8, 1.902
[19:54:19] 240.8, 125.9, 1.720
[19:54:20] 228.6, 125.9, 1.097
[19:54:21] 137.9, 125.9, 1.105
[19:54:22] 138.1, 125.9, 1.105
[19:54:23] 138.4, 125.9, 1.099
[19:54:24] 138.6, 125.7, 3.185
[19:54:25] 181.6, 125.8, 1.842
[19:54:26] 232.6, 125.8, 1.904
[19:54:27] 238.6, 125.9, 1.903
[19:54:28] 238.8, 125.8, 1.904
[19:54:29] 239.1, 125.8, 1.905
[19:54:30] 239.3, 125.9, 1.905
[19:54:31] 239.5, 125.8, 1.904
[19:54:32] 239.7, 125.8, 1.905
[19:54:33] 239.8, 125.8, 1.904
[19:54:34] 239.9, 125.8, 1.904
[19:54:35] 240.0, 125.8, 1.904
[19:54:36] 240.1, 125.8, 1.904
[19:54:37] 240.2, 125.9, 1.126
[19:54:38] 184.5, 125.9, 1.097
[19:54:39] 139.8, 125.9, 1.095
[19:54:40] 139.7, 125.9, 1.093
[19:54:41] 139.7, 125.9, 1.099
