<<<[19:48:33] 143.2, 126.0, 1.130
[19:48:34] 143.2, 126.0, 1.129
[19:48:35] 143.3, 126.0, 1.140
[19:48:36] 143.4, 126.0, 1.163
[19:48:37] 151.9, 126.0, 1.161
[19:48:38] 151.3, 125.9, 1.165
[19:48:39] 150.9, 126.0, 1.170
[19:48:40] 150.5, 126.0, 1.167
[19:48:41] 150.3, 125.9, 1.663
[19:48:42] 174.2, 126.0, 1.128
[19:48:43] 141.2, 126.0, 1.120
[19:48:44] 141.3, 126.0, 1.108
[19:48:45] 141.4, 126.1, 1.117
[19:48:46] 141.5, 126.0, 1.674
[19:48:47] 170.5, 126.1, 1.113
[19:48:48] 139.8, 126.1, 1.112
[19:48:49] 139.9, 126.0, 1.113
[19:48:50] 140.1, 126.1, 1.108
[19:48:51] 140.3, 126.0, 1.667
[19:48:52] 169.8, 126.0, 1.106
[19:48:53] 139.2, 126.0, 1.107
[19:48:54] 139.4, 126.0, 1.105
[19:48:55] 139.5, 126.0, 1.108
[19:48:56] 139.7, 126.0, 1.687
[19:48:57] 170.0, 126.0, 1.108
[19:48:58] 138.5, 126.0, 1.104
[19:48:59] 138.7, 126.0, 1.106
[19:49:00] 138.9, 126.0, 1.108
[19:49:01] 139.1, 126.0, 1.678
[19:49:02] 169.8, 126.0, 1.102
[19:49:03] 138.5, 126.0, 1.113
[19:49:04] 138.8, 126.0, 1.109
[19:49:05] 139.0, 126.0, 1.109
[19:49:06] 139.1, 125.9, 1.693
[19:49:07] 169.8, 126.0, 1.101
[19:49:08] 137.8, 125.9, 1.105
[19:49:09] 138.1, 125.9, 1.106
[19:49:10] 138.3, 126.0, 1.097
[19:49:11] 138.5, 125.9, 1.701
[19:49:12] 168.5, 126.0, 1.096
[19:49:13] 138.1, 126.1, 1.102
[19:49:14] 138.4, 126.0, 1.097
[19:49:15] 138.6, 126.0, 1.096
[19:49:16] 138.7, 125.9, 2.130
[19:49:17] 179.8, 126.0, 1.037
[19:49:18] 130.3, 126.0, 1.096
[19:49:19] 137.9, 126.0, 1.102
[19:49:20] 138.1, 126.0, 1.099
[19:49:21] 138.3, 125.9, 2.427
[19:49:22] 177.6, 126.0, 1.043
[19:49:23] 130.7, 126.0, 1.097
[19:49:24] 138.3, 126.0, 1.096
[19:49:25] 138.4, 126.0, 1.097
[19:49:26] 138.6, 125.9, 3.282
[19:49:27] 177.0, 126.0, 1.040
[19:49:28] 141.2, 126.0, 1.099
[19:49:29] 140.7, 126.0, 1.100
[19:49:30] 140.5, 126.0, 1.093
[19:49:31] 140.4, 126.0, 1.092
[19:49:32] 167.5, 126.1, 0.985
[19:49:33] 168.1, 126.1, 1.099
[19:49:34] 136.0, 126.0, 1.091
[19:49:35] 136.4, 126.0, 1.100
[19:49:36] 136.8, 126.0, 1.095
[19:49:37] 137.2, 125.9, 1.777
[19:49:38] 217.6, 125.9, 1.028
[19:49:39] 144.1, 126.0, 1.102
[19:49:40] 143.5, 126.0, 1.090
[19:49:41] 142.9, 126.0, 1.097
[19:49:42] 142.5, 126.0, 1.099
[19:49:43] 169.4, 125.9, 1.757
[19:49:44] 219.2, 126.0, 1.103
[19:49:45] 164.4, 126.0, 1.097
[19:49:46] 139.6, 126.0, 1.097
[19:49:47] 139.6, 126.0, 1.093
[19:49:48] 139.5, 125.9, 1.094
[19:49:49] 139.5, 125.9, 1.762
[19:49:50] 224.3, 125.9, 1.781
[19:49:51] 224.2, 125.9, 1.741
[19:49:52] 224.2, 125.9, 1.094
[19:49:53] 138.9, 125.9, 1.099
[19:49:54] 139.0, 126.0, 1.095
[19:49:55] 139.1, 125.9, 1.093
[19:49:56] 139.1, 125.8, 3.311
[19:49:57] 177.4, 125.9, 1.754
[19:49:58] 220.7, 125.9, 1.813
[19:49:59] 227.0, 125.9, 1.816
[19:50:00] 227.3, 125.9, 1.818
[19:50:01] 227.6, 125.9, 1.818
[19:50:02] 227.8, 126.0, 1.100
[19:50:03] 152.8, 126.0, 1.101
[19:50:04] 139.8, 126.0, 1.095
[19:50:05] 139.7, 126.0, 1.096
[19:50:06] 139.7, 126.0, 1.100
[19:50:07] 162.9, 125.9, 1.758
[19:50:08] 221.0, 125.9, 1.815
[19:50:09] 226.1, 125.9, 1.816
[19:50:10] 226.6, 126.0, 1.819
[19:50:11] 227.0, 125.9, 1.817
[19:50:12] 227.4, 125.9, 1.818
[19:50:13] 227.8, 125.9, 1.818
[19:50:14] 228.1, 125.9, 1.818
[19:50:15] 228.3, 125.9, 1.820
[19:50:16] 228.6, 125.8, 1.819
[19:50:17] 228.8, 125.9, 1.092
[19:50:18] 163.3, 125.9, 1.100
[19:50:19] 139.8, 126.0, 1.093
[19:50:20] 139.7, 126.0, 1.100
[19:50:21] 139.7, 126.0, 1.100
