<<<[13:09:40] 141.0, 125.4, 1.114
[13:09:41] 141.0, 125.4, 1.117
[13:09:42] 141.1, 125.4, 1.120
[13:09:43] 141.1, 125.4, 1.279
[13:09:44] 149.5, 125.4, 1.285
[13:09:45] 160.4, 125.4, 1.258
[13:09:46] 160.3, 125.5, 1.118
[13:09:47] 152.8, 125.5, 1.135
[13:09:48] 142.5, 125.5, 1.135
[13:09:49] 142.5, 125.5, 1.135
[13:09:50] 142.7, 125.4, 1.138
[13:09:51] 142.8, 125.4, 1.730
[13:09:52] 170.2, 125.5, 1.117
[13:09:53] 141.4, 125.4, 1.139
[13:09:54] 141.6, 125.4, 1.133
[13:09:55] 142.0, 125.4, 1.148
[13:09:56] 142.3, 125.3, 1.734
[13:09:57] 170.4, 125.4, 1.122
[13:09:58] 141.8, 125.4, 1.125
[13:09:59] 141.7, 125.4, 1.130
[13:10:00] 141.8, 125.4, 1.135
[13:10:01] 141.8, 125.4, 1.729
[13:10:02] 168.9, 125.4, 1.110
[13:10:03] 141.0, 125.5, 1.111
[13:10:04] 141.0, 125.4, 1.119
[13:10:05] 141.0, 125.5, 1.113
[13:10:06] 141.1, 125.4, 1.732
[13:10:07] 168.2, 125.5, 1.116
[13:10:08] 141.6, 125.5, 1.113
[13:10:09] 141.5, 125.6, 1.119
[13:10:10] 141.5, 125.6, 1.117
[13:10:11] 141.5, 125.5, 1.732
[13:10:12] 168.0, 125.6, 1.108
[13:10:13] 140.8, 125.5, 1.115
[13:10:14] 140.8, 125.4, 1.116
[13:10:15] 140.9, 125.5, 1.115
[13:10:16] 140.9, 125.4, 1.726
[13:10:17] 167.1, 125.5, 1.109
[13:10:18] 141.2, 125.5, 1.113
[13:10:19] 141.1, 125.5, 1.107
[13:10:20] 141.1, 125.4, 1.108
[13:10:21] 141.1, 125.4, 2.531
[13:10:22] 178.1, 125.5, 1.049
[13:10:23] 133.8, 125.5, 1.115
[13:10:24] 134.4, 125.5, 1.115
[13:10:25] 140.1, 125.5, 1.113
[13:10:26] 140.1, 125.4, 2.721
[13:10:27] 177.0, 125.5, 1.046
[13:10:28] 134.0, 125.5, 1.111
[13:10:29] 134.4, 125.5, 1.122
[13:10:30] 141.6, 125.6, 1.104
[13:10:31] 141.5, 125.3, 3.428
[13:10:32] 178.3, 125.5, 1.037
[13:10:33] 145.9, 125.5, 1.106
[13:10:34] 137.6, 125.5, 1.118
[13:10:35] 137.9, 125.5, 1.110
[13:10:36] 138.3, 125.4, 1.109
[13:10:37] 173.1, 125.4, 1.070
[13:10:38] 161.3, 125.5, 1.102
[13:10:39] 136.9, 125.5, 1.117
[13:10:40] 137.3, 125.4, 1.119
[13:10:41] 137.8, 125.4, 1.119
[13:10:42] 138.2, 125.3, 1.551
[13:10:43] 218.0, 125.3, 1.099
[13:10:44] 134.3, 125.4, 1.098
[13:10:45] 140.1, 125.4, 1.105
[13:10:46] 140.1, 125.4, 1.112
[13:10:47] 140.2, 125.3, 2.028
[13:10:48] 202.4, 125.3, 1.604
[13:10:49] 207.8, 125.4, 1.115
[13:10:50] 139.6, 125.4, 1.121
[13:10:51] 139.7, 125.3, 1.116
[13:10:52] 139.8, 125.4, 1.116
[13:10:53] 139.8, 125.3, 1.898
[13:10:54] 212.2, 125.3, 1.915
[13:10:55] 241.1, 125.4, 1.102
[13:10:56] 193.3, 125.4, 1.105
[13:10:57] 140.8, 125.3, 1.110
[13:10:58] 140.7, 125.4, 1.111
[13:10:59] 140.7, 125.4, 1.108
[13:11:00] 140.7, 125.3, 1.943
[13:11:01] 230.8, 125.3, 1.919
[13:11:02] 242.8, 125.3, 1.982
[13:11:03] 249.6, 125.2, 1.982
[13:11:04] 243.8, 125.4, 1.117
[13:11:05] 156.2, 125.4, 1.132
[13:11:06] 141.2, 125.4, 1.108
[13:11:07] 141.1, 125.4, 1.101
[13:11:08] 141.0, 125.4, 1.106
[13:11:09] 173.6, 125.3, 1.918
[13:11:10] 238.6, 125.3, 1.977
[13:11:11] 246.4, 125.3, 1.982
[13:11:12] 246.8, 125.4, 1.980
[13:11:13] 247.1, 125.4, 1.980
[13:11:14] 247.4, 125.3, 1.980
[13:11:15] 247.6, 125.3, 1.982
[13:11:16] 247.9, 125.5, 1.131
[13:11:17] 173.1, 125.5, 1.119
[13:11:18] 141.0, 125.5, 1.118
[13:11:19] 141.0, 125.5, 1.116
[13:11:20] 141.0, 125.5, 1.111
[13:11:21] 141.0, 125.4, 1.914
[13:11:22] 250.5, 125.4, 1.986
[13:11:23] 244.7, 125.3, 1.982
[13:11:24] 245.2, 125.3, 1.983
[13:11:25] 245.8, 125.3, 1.982
[13:11:26] 246.3, 125.3, 1.983
[13:11:27] 246.7, 125.4, 1.983
[13:11:28] 247.1, 125.3, 1.983
[13:11:29] 247.4, 125.4, 1.980
[13:11:30] 247.7, 125.4, 1.982
[13:11:31] 248.0, 125.4, 1.981
[13:11:32] 248.2, 125.4, 1.985
[13:11:33] 248.5, 125.3, 1.985
[13:11:34] 248.7, 125.4, 1.985
[13:11:35] 248.9, 125.5, 1.142
[13:11:36] 193.5, 125.5, 1.104
[13:11:37] 140.8, 125.5, 1.107
[13:11:38] 140.9, 125.5, 1.111
[13:11:39] 140.9, 125.5, 1.116
<<<[21:41:17] 140.9, 125.4, 1.139
[21:41:18] 141.2, 125.4, 1.142
[21:41:19] 141.7, 125.4, 1.142
[21:41:20] 142.1, 125.4, 1.279
[21:41:21] 160.0, 125.4, 1.283
[21:41:22] 160.1, 125.4, 1.241
[21:41:23] 153.9, 125.4, 1.101
[21:41:24] 139.8, 125.4, 1.129
[21:41:25] 140.0, 125.4, 1.157
[21:41:26] 140.6, 125.4, 1.166
[21:41:27] 147.0, 125.4, 1.285
[21:41:28] 161.1, 125.4, 1.111
[21:41:29] 152.4, 125.5, 1.119
[21:41:30] 141.4, 125.5, 1.122
[21:41:31] 141.4, 125.5, 1.114
[21:41:32] 141.3, 125.4, 1.179
[21:41:33] 155.0, 125.4, 1.105
[21:41:34] 154.6, 125.5, 1.108
[21:41:35] 140.1, 125.4, 1.111
[21:41:36] 140.1, 125.4, 1.118
[21:41:37] 140.2, 125.4, 1.166
[21:41:38] 155.0, 125.4, 1.104
[21:41:39] 154.7, 125.4, 1.111
[21:41:40] 140.8, 125.4, 1.109
[21:41:41] 140.7, 125.4, 1.103
[21:41:42] 140.7, 125.4, 1.146
[21:41:43] 154.1, 125.5, 1.096
[21:41:44] 153.9, 125.4, 1.104
[21:41:45] 139.8, 125.4, 1.107
[21:41:46] 139.8, 125.5, 1.119
[21:41:47] 140.0, 125.4, 1.133
[21:41:48] 153.7, 125.4, 1.107
[21:41:49] 153.6, 125.4, 1.108
[21:41:50] 140.3, 125.4, 1.109
[21:41:51] 140.3, 125.4, 1.107
[21:41:52] 140.3, 125.5, 1.119
[21:41:53] 153.0, 125.5, 1.105
[21:41:54] 153.0, 125.5, 1.106
[21:41:55] 140.1, 125.5, 1.104
[21:41:56] 140.1, 125.5, 1.119
[21:41:57] 140.1, 125.5, 1.114
[21:41:58] 169.1, 125.4, 1.037
[21:41:59] 142.8, 125.4, 1.110
[21:42:00] 137.0, 125.5, 1.105
[21:42:01] 137.3, 125.5, 1.125
[21:42:02] 137.7, 125.5, 1.110
[21:42:03] 168.4, 125.5, 1.033
[21:42:04] 143.2, 125.5, 1.098
[21:42:05] 136.3, 125.5, 1.101
[21:42:06] 136.8, 125.5, 1.101
[21:42:07] 137.2, 125.5, 1.109
[21:42:08] 160.6, 125.5, 1.068
[21:42:09] 160.9, 125.4, 1.115
[21:42:10] 136.3, 125.5, 1.108
[21:42:11] 136.8, 125.5, 1.108
[21:42:12] 137.2, 125.4, 1.109
[21:42:13] 137.6, 125.5, 1.001
[21:42:14] 195.0, 125.5, 1.111
[21:42:15] 135.1, 125.4, 1.100
[21:42:16] 135.7, 125.4, 1.101
[21:42:17] 136.2, 125.4, 1.102
[21:42:18] 136.7, 125.4, 1.788
[21:42:19] 217.2, 125.5, 1.044
[21:42:20] 134.1, 125.4, 1.103
[21:42:21] 140.1, 125.4, 1.109
[21:42:22] 140.1, 125.4, 1.107
[21:42:23] 140.0, 125.2, 3.452
[21:42:24] 183.7, 125.4, 1.570
[21:42:25] 224.7, 125.5, 1.106
[21:42:26] 138.7, 125.5, 1.112
[21:42:27] 138.8, 125.4, 1.101
[21:42:28] 138.9, 125.4, 1.106
[21:42:29] 139.1, 125.3, 2.614
[21:42:30] 191.7, 125.4, 1.907
[21:42:31] 241.5, 125.4, 1.656
[21:42:32] 212.3, 125.5, 1.101
[21:42:33] 139.9, 125.4, 1.105
[21:42:34] 139.9, 125.4, 1.098
[21:42:35] 139.9, 125.4, 1.100
[21:42:36] 139.9, 125.3, 1.887
[21:42:37] 211.3, 125.3, 1.908
[21:42:38] 240.2, 125.3, 1.972
[21:42:39] 248.5, 125.4, 1.970
[21:42:40] 248.4, 125.5, 1.122
[21:42:41] 171.3, 125.5, 1.111
[21:42:42] 140.3, 125.5, 1.109
[21:42:43] 140.3, 125.5, 1.112
[21:42:44] 140.3, 125.5, 1.105
[21:42:45] 140.3, 125.4, 1.904
[21:42:46] 250.2, 125.4, 1.950
[21:42:47] 243.1, 125.3, 1.974
[21:42:48] 248.5, 125.3, 1.975
[21:42:49] 248.5, 125.3, 1.973
[21:42:50] 248.5, 125.3, 1.978
[21:42:51] 248.6, 125.3, 1.979
[21:42:52] 248.7, 125.4, 1.112
[21:42:53] 195.1, 125.4, 1.111
[21:42:54] 140.1, 125.4, 1.106
[21:42:55] 140.1, 125.5, 1.111
[21:42:56] 140.1, 125.5, 1.110
[21:42:57] 140.1, 125.3, 1.948
[21:42:58] 227.6, 125.3, 1.912
[21:42:59] 241.7, 125.3, 1.977
[21:43:00] 249.3, 125.3, 1.979
[21:43:01] 249.3, 125.3, 1.978
[21:43:02] 249.3, 125.3, 1.979
[21:43:03] 249.3, 125.3, 1.979
[21:43:04] 249.3, 125.3, 1.980
[21:43:05] 249.3, 125.3, 1.977
[21:43:06] 249.3, 125.3, 1.975
[21:43:07] 249.3, 125.4, 1.980
[21:43:08] 249.3, 125.3, 1.981
[21:43:09] 249.4, 125.4, 1.979
[21:43:10] 249.4, 125.4, 1.981
[21:43:11] 249.4, 125.4, 1.427
[21:43:12] 217.4, 125.4, 1.101
[21:43:13] 141.0, 125.4, 1.113
[21:43:14] 140.9, 125.4, 1.115
[21:43:15] 140.9, 125.4, 1.113
