<<<[02:07:58] 139.3, 126.5, 1.099
[02:07:59] 139.5, 126.5, 1.098
[02:08:00] 139.6, 126.5, 1.105
[02:08:01] 139.9, 126.4, 1.264
[02:08:02] 159.1, 126.5, 1.206
[02:08:03] 158.6, 126.5, 1.104
[02:08:04] 141.2, 126.5, 1.109
[02:08:05] 141.1, 126.5, 1.113
[02:08:06] 141.2, 126.5, 1.125
[02:08:07] 141.4, 126.4, 1.343
[02:08:08] 160.2, 126.4, 1.103
[02:08:09] 150.6, 126.5, 1.105
[02:08:10] 141.0, 126.5, 1.106
[02:08:11] 141.0, 126.5, 1.109
[02:08:12] 141.0, 126.4, 1.326
[02:08:13] 158.8, 126.5, 1.106
[02:08:14] 151.3, 126.5, 1.126
[02:08:15] 142.3, 126.5, 1.126
[02:08:16] 142.3, 126.5, 1.107
[02:08:17] 142.2, 126.4, 1.325
[02:08:18] 158.4, 126.4, 1.102
[02:08:19] 150.3, 126.5, 1.102
[02:08:20] 140.5, 126.5, 1.106
[02:08:21] 140.5, 126.5, 1.107
[02:08:22] 140.6, 126.5, 1.309
[02:08:23] 158.2, 126.5, 1.094
[02:08:24] 150.1, 126.5, 1.095
[02:08:25] 140.1, 126.5, 1.096
[02:08:26] 140.1, 126.5, 1.101
[02:08:27] 140.2, 126.4, 1.297
[02:08:28] 157.5, 126.5, 1.085
[02:08:29] 149.5, 126.5, 1.092
[02:08:30] 139.8, 126.4, 1.093
[02:08:31] 139.7, 126.5, 1.101
[02:08:32] 139.8, 126.4, 1.284
[02:08:33] 157.5, 126.5, 1.092
[02:08:34] 150.1, 126.5, 1.092
[02:08:35] 139.4, 126.4, 1.090
[02:08:36] 139.4, 126.5, 1.097
[02:08:37] 139.4, 126.4, 1.260
[02:08:38] 156.6, 126.5, 1.088
[02:08:39] 149.5, 126.5, 1.088
[02:08:40] 139.0, 126.5, 1.096
[02:08:41] 139.0, 126.5, 1.095
[02:08:42] 139.2, 126.3, 2.199
[02:08:43] 171.4, 126.5, 1.024
[02:08:44] 139.9, 126.5, 1.088
[02:08:45] 139.4, 126.5, 1.098
[02:08:46] 139.4, 126.5, 1.090
[02:08:47] 139.4, 126.5, 1.111
[02:08:48] 170.0, 126.5, 1.027
[02:08:49] 139.9, 126.5, 1.092
[02:08:50] 139.4, 126.5, 1.095
[02:08:51] 139.4, 126.5, 1.099
[02:08:52] 139.4, 126.5, 1.101
[02:08:53] 167.5, 126.5, 1.048
[02:08:54] 155.1, 126.5, 1.091
[02:08:55] 135.6, 126.5, 1.089
[02:08:56] 136.0, 126.5, 1.096
[02:08:57] 136.5, 126.5, 1.090
[02:08:58] 136.8, 126.5, 0.983
[02:08:59] 191.9, 126.5, 1.094
[02:09:00] 134.5, 126.5, 1.095
[02:09:01] 139.6, 126.5, 1.094
[02:09:02] 139.6, 126.5, 1.092
[02:09:03] 139.6, 126.4, 1.855
[02:09:04] 214.0, 126.5, 1.026
[02:09:05] 142.3, 126.5, 1.092
[02:09:06] 141.9, 126.5, 1.092
[02:09:07] 141.6, 126.5, 1.089
[02:09:08] 141.3, 126.5, 1.095
[02:09:09] 170.0, 126.4, 1.821
[02:09:10] 227.9, 126.5, 1.106
[02:09:11] 159.9, 126.6, 1.094
[02:09:12] 139.8, 126.5, 1.091
[02:09:13] 139.7, 126.5, 1.094
[02:09:14] 139.7, 126.5, 1.090
[02:09:15] 149.2, 126.4, 1.822
[02:09:16] 240.0, 126.4, 1.887
[02:09:17] 234.8, 126.5, 1.057
[02:09:18] 183.0, 126.5, 1.091
[02:09:19] 139.6, 126.5, 1.093
[02:09:20] 139.5, 126.5, 1.090
[02:09:21] 139.5, 126.5, 1.098
[02:09:22] 139.5, 126.4, 1.827
[02:09:23] 231.7, 126.4, 1.852
[02:09:24] 231.9, 126.4, 1.887
[02:09:25] 239.5, 126.4, 1.887
[02:09:26] 239.5, 126.4, 1.615
[02:09:27] 225.4, 126.5, 1.093
[02:09:28] 137.6, 126.5, 1.095
[02:09:29] 137.8, 126.5, 1.092
[02:09:30] 138.0, 126.5, 1.092
[02:09:31] 138.2, 126.4, 2.130
[02:09:32] 193.0, 126.5, 1.822
[02:09:33] 232.4, 126.4, 1.885
[02:09:34] 238.6, 126.4, 1.889
[02:09:35] 238.7, 126.5, 1.886
[02:09:36] 238.9, 126.5, 1.884
[02:09:37] 239.0, 126.5, 1.882
[02:09:38] 239.1, 126.4, 1.884
[02:09:39] 239.1, 126.4, 1.882
[02:09:40] 239.1, 126.5, 1.500
[02:09:41] 203.7, 126.5, 1.097
[02:09:42] 140.8, 126.5, 1.101
[02:09:43] 140.7, 126.5, 1.100
[02:09:44] 140.6, 126.5, 1.094
[02:09:45] 140.5, 126.4, 1.834
[02:09:46] 212.0, 126.5, 1.822
[02:09:47] 231.9, 126.4, 1.881
[02:09:48] 239.5, 126.5, 1.883
[02:09:49] 239.5, 126.4, 1.884
[02:09:50] 239.5, 126.4, 1.885
[02:09:51] 239.5, 126.4, 1.885
[02:09:52] 239.5, 126.4, 1.887
[02:09:53] 239.5, 126.4, 1.888
[02:09:54] 239.6, 126.4, 1.888
[02:09:55] 239.6, 126.4, 1.885
[02:09:56] 239.7, 126.4, 1.890
[02:09:57] 239.7, 126.4, 1.888
[02:09:58] 239.7, 126.4, 1.891
[02:09:59] 239.8, 126.4, 1.892
[02:10:00] 239.9, 126.4, 1.891
[02:10:01] 240.0, 126.4, 1.892
[02:10:02] 240.0, 126.4, 1.893
[02:10:03] 240.1, 126.5, 1.102
[02:10:04] 143.2, 126.5, 1.093
[02:10:05] 142.8, 126.5, 1.097
[02:10:06] 142.5, 126.5, 1.099
[02:10:07] 142.2, 126.5, 1.099
