<<<[19:57:01] 143.1, 125.9, 1.125
[19:57:02] 143.1, 125.9, 1.130
[19:57:03] 143.1, 125.9, 1.135
[19:57:04] 143.2, 125.9, 1.158
[19:57:05] 143.6, 125.8, 1.235
[19:57:06] 158.2, 125.8, 1.236
[19:57:07] 157.8, 125.9, 1.174
[19:57:08] 148.8, 125.9, 1.174
[19:57:09] 148.8, 125.8, 1.176
[19:57:10] 148.8, 125.8, 1.176
[19:57:11] 148.9, 125.7, 1.198
[19:57:12] 160.4, 125.8, 1.122
[19:57:13] 159.9, 125.8, 1.110
[19:57:14] 140.8, 125.8, 1.110
[19:57:15] 140.7, 125.7, 1.111
[19:57:16] 140.6, 125.8, 1.110
[19:57:17] 151.2, 125.8, 1.098
[19:57:18] 151.6, 125.8, 1.097
[19:57:19] 139.6, 125.8, 1.097
[19:57:20] 139.6, 125.8, 1.097
[19:57:21] 139.6, 125.8, 1.102
[19:57:22] 150.3, 125.8, 1.097
[19:57:23] 155.5, 125.8, 1.103
[19:57:24] 139.6, 125.8, 1.092
[19:57:25] 139.6, 125.9, 1.099
[19:57:26] 139.6, 125.9, 1.099
[19:57:27] 149.7, 126.0, 1.094
[19:57:28] 155.1, 125.9, 1.093
[19:57:29] 139.2, 125.9, 1.099
[19:57:30] 139.2, 126.0, 1.101
[19:57:31] 139.2, 126.0, 1.094
[19:57:32] 149.5, 125.9, 1.094
[19:57:33] 155.5, 126.0, 1.095
[19:57:34] 139.6, 126.0, 1.094
[19:57:35] 139.6, 126.0, 1.095
[19:57:36] 139.5, 125.9, 1.095
[19:57:37] 148.3, 125.9, 1.095
[19:57:38] 156.2, 126.0, 1.096
[19:57:39] 139.4, 125.9, 1.098
[19:57:40] 139.3, 125.9, 1.092
[19:57:41] 139.3, 125.9, 1.099
[19:57:42] 165.6, 125.9, 1.034
[19:57:43] 145.4, 125.9, 1.092
[19:57:44] 135.2, 125.9, 1.093
[19:57:45] 135.7, 125.9, 1.096
[19:57:46] 136.1, 125.9, 1.091
[19:57:47] 161.1, 125.8, 1.033
[19:57:48] 147.5, 125.8, 1.089
[19:57:49] 135.1, 125.9, 1.094
[19:57:50] 135.5, 125.9, 1.095
[19:57:51] 136.1, 125.8, 1.093
[19:57:52] 136.4, 125.8, 1.047
[19:57:53] 183.0, 125.9, 1.100
[19:57:54] 134.1, 125.8, 1.097
[19:57:55] 139.4, 125.9, 1.095
[19:57:56] 139.3, 125.8, 1.093
[19:57:57] 139.3, 125.9, 1.076
[19:57:58] 193.2, 125.9, 1.070
[19:57:59] 134.0, 125.8, 1.095
[19:58:00] 134.6, 125.8, 1.097
[19:58:01] 135.1, 125.8, 1.101
[19:58:02] 135.7, 125.8, 1.857
[19:58:03] 209.6, 125.9, 1.032
[19:58:04] 148.1, 125.8, 1.091
[19:58:05] 139.0, 125.8, 1.097
[19:58:06] 139.0, 125.8, 1.101
[19:58:07] 139.0, 125.8, 1.098
[19:58:08] 139.4, 125.7, 1.874
[19:58:09] 251.1, 125.9, 1.119
[19:58:10] 169.6, 125.8, 1.094
[19:58:11] 139.4, 125.8, 1.094
[19:58:12] 139.3, 125.8, 1.100
[19:58:13] 139.3, 125.8, 1.097
[19:58:14] 139.3, 125.7, 1.870
[19:58:15] 244.2, 125.7, 1.931
[19:58:16] 243.6, 125.8, 1.159
[19:58:17] 194.6, 125.8, 1.097
[19:58:18] 139.6, 125.9, 1.094
[19:58:19] 139.6, 125.9, 1.100
[19:58:20] 139.5, 125.8, 1.100
[19:58:21] 139.5, 125.8, 1.911
[19:58:22] 226.1, 125.8, 1.877
[19:58:23] 238.1, 125.8, 1.940
[19:58:24] 245.3, 125.7, 1.943
[19:58:25] 245.3, 125.8, 1.640
[19:58:26] 224.7, 125.9, 1.097
[19:58:27] 138.3, 125.9, 1.097
[19:58:28] 138.4, 125.8, 1.098
[19:58:29] 138.5, 125.8, 1.103
[19:58:30] 138.7, 125.7, 2.731
[19:58:31] 188.3, 125.7, 1.875
[19:58:32] 238.1, 125.7, 1.944
[19:58:33] 243.7, 125.7, 1.942
[19:58:34] 243.9, 125.7, 1.942
[19:58:35] 244.0, 125.7, 1.941
[19:58:36] 244.2, 125.8, 1.941
[19:58:37] 244.3, 125.8, 1.937
[19:58:38] 244.4, 125.7, 1.940
[19:58:39] 244.5, 125.9, 1.223
[19:58:40] 201.5, 125.9, 1.099
[19:58:41] 139.9, 125.8, 1.100
[19:58:42] 139.8, 125.9, 1.101
[19:58:43] 139.8, 125.9, 1.098
[19:58:44] 139.7, 125.8, 1.863
[19:58:45] 212.3, 125.8, 1.876
[19:58:46] 237.3, 125.8, 1.937
[19:58:47] 245.1, 125.7, 1.938
[19:58:48] 245.0, 125.7, 1.936
[19:58:49] 245.0, 125.7, 1.941
[19:58:50] 245.0, 125.7, 1.941
[19:58:51] 245.0, 125.7, 1.941
[19:58:52] 245.1, 125.7, 1.944
[19:58:53] 245.1, 125.7, 1.945
[19:58:54] 245.2, 125.7, 1.944
[19:58:55] 245.2, 125.7, 1.945
[19:58:56] 245.3, 125.7, 1.946
[19:58:57] 245.3, 125.7, 1.947
[19:58:58] 245.4, 125.7, 1.946
[19:58:59] 245.5, 125.7, 1.945
[19:59:00] 245.5, 125.7, 1.947
[19:59:01] 245.6, 125.7, 1.950
[19:59:02] 245.5, 125.8, 1.101
[19:59:03] 138.7, 125.8, 1.099
[19:59:04] 138.8, 125.8, 1.100
[19:59:05] 138.9, 125.8, 1.102
