<<<[04:07:08] 141.9, 126.5, 1.104
[04:07:09] 141.7, 126.4, 1.112
[04:07:10] 141.6, 126.4, 1.111
[04:07:11] 141.7, 126.5, 1.253
[04:07:12] 157.7, 126.4, 1.262
[04:07:13] 158.0, 126.5, 1.110
[04:07:14] 144.5, 126.5, 1.108
[04:07:15] 144.1, 126.5, 1.121
[04:07:16] 143.9, 126.5, 1.123
[04:07:17] 143.8, 126.5, 1.117
[04:07:18] 143.8, 126.5, 1.079
[04:07:19] 168.9, 126.4, 1.101
[04:07:20] 141.0, 126.5, 1.108
[04:07:21] 141.0, 126.4, 1.120
[04:07:22] 141.1, 126.5, 1.134
[04:07:23] 141.6, 126.5, 1.078
[04:07:24] 169.4, 126.5, 1.105
[04:07:25] 140.5, 126.5, 1.104
[04:07:26] 140.5, 126.4, 1.108
[04:07:27] 140.5, 126.4, 1.114
[04:07:28] 140.7, 126.5, 1.075
[04:07:29] 168.4, 126.5, 1.107
[04:07:30] 140.5, 126.4, 1.102
[04:07:31] 140.5, 126.5, 1.113
[04:07:32] 140.5, 126.5, 1.098
[04:07:33] 140.5, 126.4, 1.076
[04:07:34] 168.0, 126.5, 1.101
[04:07:35] 139.9, 126.5, 1.097
[04:07:36] 139.9, 126.4, 1.099
[04:07:37] 139.9, 126.5, 1.108
[04:07:38] 140.0, 126.5, 1.074
[04:07:39] 167.6, 126.4, 1.100
[04:07:40] 140.3, 126.4, 1.099
[04:07:41] 140.3, 126.4, 1.108
[04:07:42] 140.3, 126.4, 1.100
[04:07:43] 140.3, 126.4, 1.064
[04:07:44] 167.3, 126.4, 1.094
[04:07:45] 139.8, 126.5, 1.105
[04:07:46] 139.8, 126.4, 1.112
[04:07:47] 139.9, 126.4, 1.100
[04:07:48] 140.0, 126.4, 1.064
[04:07:49] 167.5, 126.4, 1.102
[04:07:50] 140.1, 126.4, 1.097
[04:07:51] 140.1, 126.4, 1.100
[04:07:52] 140.1, 126.5, 1.107
[04:07:53] 140.1, 126.5, 0.989
[04:07:54] 175.2, 126.5, 1.059
[04:07:55] 133.6, 126.4, 1.098
[04:07:56] 139.8, 126.5, 1.100
[04:07:57] 139.8, 126.4, 1.100
[04:07:58] 139.8, 126.4, 1.007
[04:07:59] 174.2, 126.4, 1.041
[04:08:00] 133.2, 126.5, 1.096
[04:08:01] 139.9, 126.5, 1.097
[04:08:02] 139.9, 126.4, 1.091
[04:08:03] 139.9, 126.4, 1.474
[04:08:04] 185.6, 126.5, 1.033
[04:08:05] 133.1, 126.5, 1.096
[04:08:06] 139.8, 126.4, 1.092
[04:08:07] 139.8, 126.4, 1.098
[04:08:08] 139.8, 126.4, 1.917
[04:08:09] 199.1, 126.5, 1.028
[04:08:10] 142.8, 126.5, 1.094
[04:08:11] 142.4, 126.4, 1.098
[04:08:12] 142.1, 126.4, 1.095
[04:08:13] 141.8, 126.4, 1.110
[04:08:14] 175.2, 126.4, 1.466
[04:08:15] 202.0, 126.5, 1.093
[04:08:16] 136.7, 126.5, 1.090
[04:08:17] 137.0, 126.5, 1.103
[04:08:18] 137.4, 126.5, 1.094
[04:08:19] 137.7, 126.4, 1.906
[04:08:20] 208.2, 126.4, 1.881
[04:08:21] 234.1, 126.5, 1.094
[04:08:22] 151.2, 126.5, 1.100
[04:08:23] 139.8, 126.5, 1.102
[04:08:24] 139.8, 126.5, 1.092
[04:08:25] 139.8, 126.3, 2.287
[04:08:26] 178.7, 126.3, 1.914
[04:08:27] 240.2, 126.3, 1.972
[04:08:28] 247.6, 126.4, 1.559
[04:08:29] 210.9, 126.5, 1.104
[04:08:30] 140.7, 126.5, 1.096
[04:08:31] 140.6, 126.4, 1.103
[04:08:32] 140.5, 126.5, 1.096
[04:08:33] 140.5, 126.3, 1.894
[04:08:34] 214.2, 126.4, 1.913
[04:08:35] 242.8, 126.4, 1.975
[04:08:36] 250.5, 126.3, 1.976
[04:08:37] 250.4, 126.3, 1.962
[04:08:38] 250.4, 126.4, 1.713
[04:08:39] 237.1, 126.5, 1.100
[04:08:40] 139.6, 126.5, 1.105
[04:08:41] 139.7, 126.5, 1.103
[04:08:42] 139.7, 126.4, 1.099
[04:08:43] 139.8, 126.3, 3.117
[04:08:44] 185.9, 126.3, 1.910
[04:08:45] 243.1, 126.3, 1.973
[04:08:46] 248.4, 126.3, 1.973
[04:08:47] 248.6, 126.3, 1.970
[04:08:48] 248.8, 126.3, 1.976
[04:08:49] 249.1, 126.3, 1.977
[04:08:50] 249.3, 126.4, 1.976
[04:08:51] 249.5, 126.3, 1.979
[04:08:52] 249.7, 126.3, 1.979
[04:08:53] 249.9, 126.3, 1.981
[04:08:54] 250.1, 126.4, 1.096
[04:08:55] 163.8, 126.4, 1.097
[04:08:56] 140.1, 126.4, 1.095
[04:08:57] 140.1, 126.4, 1.099
[04:08:58] 140.2, 126.4, 1.108
