<<<[16:14:26] 140.3, 125.1, 1.127
[16:14:27] 140.4, 125.0, 1.136
[16:14:28] 140.7, 125.1, 1.146
[16:14:29] 141.2, 125.0, 1.190
[16:14:30] 147.7, 125.0, 1.253
[16:14:31] 157.9, 125.0, 1.155
[16:14:32] 146.6, 125.0, 1.166
[16:14:33] 146.7, 125.0, 1.179
[16:14:34] 146.9, 125.0, 1.187
[16:14:35] 147.2, 125.0, 1.183
[16:14:36] 147.4, 125.1, 1.102
[16:14:37] 168.0, 125.0, 1.113
[16:14:38] 140.8, 125.0, 1.117
[16:14:39] 140.8, 125.0, 1.128
[16:14:40] 140.8, 125.0, 1.130
[16:14:41] 141.0, 125.0, 1.142
[16:14:42] 168.0, 125.0, 1.121
[16:14:43] 141.4, 125.0, 1.112
[16:14:44] 141.2, 125.1, 1.111
[16:14:45] 141.2, 125.0, 1.118
[16:14:46] 141.1, 125.0, 1.129
[16:14:47] 167.1, 125.0, 1.113
[16:14:48] 140.3, 125.0, 1.114
[16:14:49] 140.3, 125.0, 1.114
[16:14:50] 140.3, 125.0, 1.115
[16:14:51] 140.3, 125.0, 1.147
[16:14:52] 167.5, 124.9, 1.115
[16:14:53] 140.7, 125.0, 1.112
[16:14:54] 140.6, 125.0, 1.106
[16:14:55] 140.6, 125.0, 1.110
[16:14:56] 140.5, 125.0, 1.147
[16:14:57] 166.9, 125.0, 1.111
[16:14:58] 140.5, 125.0, 1.108
[16:14:59] 140.4, 124.9, 1.111
[16:15:00] 140.3, 124.9, 1.118
[16:15:01] 140.3, 124.9, 1.161
[16:15:02] 167.3, 124.9, 1.113
[16:15:03] 140.5, 124.9, 1.111
[16:15:04] 140.4, 125.0, 1.104
[16:15:05] 140.4, 125.0, 1.112
[16:15:06] 140.3, 125.0, 1.160
[16:15:07] 166.9, 125.1, 1.108
[16:15:08] 139.9, 125.0, 1.106
[16:15:09] 139.8, 125.0, 1.113
[16:15:10] 139.9, 125.0, 1.110
[16:15:11] 139.9, 125.1, 1.153
[16:15:12] 175.6, 125.1, 1.047
[16:15:13] 133.2, 125.1, 1.081
[16:15:14] 139.8, 125.0, 1.107
[16:15:15] 139.8, 125.0, 1.106
[16:15:16] 139.7, 125.1, 1.150
[16:15:17] 174.9, 125.1, 1.040
[16:15:18] 133.2, 125.0, 1.096
[16:15:19] 139.8, 125.1, 1.103
[16:15:20] 139.7, 125.0, 1.096
[16:15:21] 139.6, 125.0, 1.604
[16:15:22] 190.4, 125.0, 1.048
[16:15:23] 130.0, 125.1, 1.103
[16:15:24] 139.6, 125.0, 1.098
[16:15:25] 139.5, 125.0, 1.105
[16:15:26] 139.5, 124.9, 1.641
[16:15:27] 194.8, 125.0, 1.045
[16:15:28] 137.0, 125.1, 1.106
[16:15:29] 137.2, 125.1, 1.107
[16:15:30] 137.5, 125.1, 1.104
[16:15:31] 137.8, 124.9, 2.964
[16:15:32] 187.0, 125.1, 1.041
[16:15:33] 168.5, 125.1, 1.107
[16:15:34] 137.6, 125.0, 1.104
[16:15:35] 137.8, 125.1, 1.105
[16:15:36] 138.0, 125.1, 1.108
[16:15:37] 138.2, 125.0, 1.937
[16:15:38] 246.9, 125.1, 1.095
[16:15:39] 152.1, 125.1, 1.108
[16:15:40] 139.4, 125.1, 1.105
[16:15:41] 139.4, 125.1, 1.118
[16:15:42] 139.4, 125.1, 1.112
[16:15:43] 167.3, 125.0, 1.946
[16:15:44] 242.0, 125.0, 1.636
[16:15:45] 220.7, 125.0, 1.107
[16:15:46] 137.9, 125.1, 1.108
[16:15:47] 138.1, 125.0, 1.108
[16:15:48] 138.3, 125.0, 1.107
[16:15:49] 138.4, 125.0, 2.001
[16:15:50] 204.6, 125.0, 1.944
[16:15:51] 244.2, 125.0, 2.005
[16:15:52] 251.3, 125.1, 1.879
[16:15:53] 240.4, 125.2, 1.114
[16:15:54] 146.5, 125.1, 1.105
[16:15:55] 139.8, 125.1, 1.108
[16:15:56] 139.8, 125.1, 1.110
[16:15:57] 139.8, 124.9, 3.394
[16:15:58] 182.1, 125.0, 1.944
[16:15:59] 242.8, 124.9, 2.002
[16:16:00] 248.9, 124.9, 2.005
[16:16:01] 249.2, 125.0, 2.005
[16:16:02] 249.5, 125.0, 2.004
[16:16:03] 249.8, 124.9, 2.006
[16:16:04] 250.0, 125.0, 1.101
[16:16:05] 182.7, 125.0, 1.112
[16:16:06] 140.1, 125.0, 1.108
[16:16:07] 140.0, 125.0, 1.104
[16:16:08] 139.9, 125.0, 1.108
[16:16:09] 140.0, 124.9, 1.965
[16:16:10] 237.9, 124.9, 1.947
[16:16:11] 245.5, 124.9, 2.004
[16:16:12] 251.6, 124.9, 2.006
[16:16:13] 251.6, 124.9, 2.010
[16:16:14] 251.7, 125.0, 2.009
[16:16:15] 251.7, 124.9, 2.011
[16:16:16] 251.8, 124.9, 2.011
[16:16:17] 251.8, 125.0, 2.011
[16:16:18] 251.9, 125.0, 2.013
[16:16:19] 252.0, 125.0, 2.010
[16:16:20] 252.1, 124.9, 2.011
[16:16:21] 252.1, 125.0, 2.012
[16:16:22] 252.2, 125.1, 1.110
[16:16:23] 154.6, 125.0, 1.111
[16:16:24] 140.1, 125.0, 1.107
[16:16:25] 140.0, 125.0, 1.116
