<<<[07:37:56] 141.8, 125.6, 1.115
[07:37:57] 141.7, 125.6, 1.117
[07:37:58] 141.7, 125.6, 1.117
[07:37:59] 141.7, 125.7, 1.211
[07:38:00] 157.9, 125.7, 1.257
[07:38:01] 158.0, 125.7, 1.274
[07:38:02] 158.2, 125.7, 1.235
[07:38:03] 158.3, 125.7, 1.240
[07:38:04] 158.2, 125.8, 1.250
[07:38:05] 158.1, 125.7, 1.240
[07:38:06] 158.2, 125.7, 1.238
[07:38:07] 158.0, 125.6, 1.236
[07:38:08] 158.0, 125.7, 1.242
[07:38:09] 157.9, 125.7, 1.248
[07:38:10] 158.2, 125.7, 1.129
[07:38:11] 144.3, 125.7, 1.110
[07:38:12] 143.8, 125.6, 1.119
[07:38:13] 143.5, 125.6, 1.115
[07:38:14] 143.2, 125.6, 1.117
[07:38:15] 142.9, 125.7, 1.038
[07:38:16] 176.5, 125.7, 1.129
[07:38:17] 136.7, 125.7, 1.108
[07:38:18] 137.2, 125.7, 1.103
[07:38:19] 137.7, 125.7, 1.114
[07:38:20] 138.1, 125.7, 1.074
[07:38:21] 177.2, 125.7, 1.120
[07:38:22] 136.0, 125.7, 1.122
[07:38:23] 136.6, 125.7, 1.123
[07:38:24] 137.1, 125.7, 1.112
[07:38:25] 137.6, 125.8, 1.062
[07:38:26] 179.2, 125.8, 1.107
[07:38:27] 135.1, 125.7, 1.108
[07:38:28] 141.2, 125.7, 1.127
[07:38:29] 141.1, 125.7, 1.103
[07:38:30] 141.1, 125.8, 1.079
[07:38:31] 192.6, 125.8, 1.105
[07:38:32] 135.6, 125.8, 1.119
[07:38:33] 141.0, 125.8, 1.119
[07:38:34] 141.0, 125.7, 1.114
[07:38:35] 141.0, 125.7, 1.552
[07:38:36] 212.0, 125.8, 1.046
[07:38:37] 132.3, 125.8, 1.116
[07:38:38] 140.8, 125.7, 1.122
[07:38:39] 140.8, 125.8, 1.112
[07:38:40] 140.9, 125.6, 2.348
[07:38:41] 223.9, 125.7, 1.043
[07:38:42] 154.2, 125.7, 1.112
[07:38:43] 140.1, 125.7, 1.105
[07:38:44] 140.2, 125.7, 1.100
[07:38:45] 140.3, 125.7, 1.113
[07:38:46] 140.3, 125.5, 2.294
[07:38:47] 297.8, 125.6, 1.136
[07:38:48] 171.8, 125.6, 1.125
[07:38:49] 141.2, 125.6, 1.101
[07:38:50] 141.1, 125.7, 1.120
[07:38:51] 141.1, 125.7, 1.125
[07:38:52] 141.1, 125.5, 2.298
[07:38:53] 295.4, 125.5, 2.370
[07:38:54] 295.1, 125.7, 1.118
[07:38:55] 179.2, 125.7, 1.099
[07:38:56] 140.8, 125.7, 1.107
[07:38:57] 140.9, 125.7, 1.118
[07:38:58] 140.9, 125.7, 1.107
[07:38:59] 141.0, 125.6, 2.298
[07:39:00] 292.0, 125.6, 2.352
[07:39:01] 292.0, 125.6, 2.369
[07:39:02] 298.3, 125.5, 2.364
[07:39:03] 298.2, 125.7, 1.123
[07:39:04] 184.3, 125.7, 1.116
[07:39:05] 141.4, 125.7, 1.106
[07:39:06] 141.4, 125.8, 1.103
[07:39:07] 141.3, 125.8, 1.105
[07:39:08] 141.3, 125.6, 2.299
[07:39:09] 286.0, 125.6, 2.362
[07:39:10] 292.9, 125.6, 2.364
[07:39:11] 298.1, 125.5, 2.368
[07:39:12] 298.1, 125.5, 2.367
[07:39:13] 298.1, 125.6, 2.369
[07:39:14] 298.2, 125.6, 2.368
[07:39:15] 298.3, 125.5, 2.369
[07:39:16] 298.3, 125.7, 1.127
[07:39:17] 191.5, 125.7, 1.113
[07:39:18] 140.8, 125.6, 1.109
[07:39:19] 140.8, 125.7, 1.113
[07:39:20] 140.9, 125.7, 1.107
[07:39:21] 141.0, 125.5, 2.313
[07:39:22] 273.5, 125.5, 2.334
[07:39:23] 292.5, 125.5, 2.364
[07:39:24] 298.5, 125.5, 2.372
[07:39:25] 298.4, 125.5, 2.366
[07:39:26] 298.5, 125.6, 2.371
[07:39:27] 298.5, 125.5, 2.369
[07:39:28] 298.6, 125.5, 2.374
[07:39:29] 298.7, 125.6, 2.369
[07:39:30] 298.7, 125.6, 2.373
[07:39:31] 298.8, 125.6, 2.369
[07:39:32] 298.8, 125.6, 2.373
[07:39:33] 298.9, 125.5, 2.372
[07:39:34] 298.9, 125.5, 2.377
[07:39:35] 298.9, 125.4, 2.375
[07:39:36] 298.9, 125.4, 2.378
[07:39:37] 299.0, 125.6, 1.144
[07:39:38] 201.1, 125.6, 1.119
[07:39:39] 141.8, 125.6, 1.130
[07:39:40] 141.7, 125.6, 1.121
[07:39:41] 141.7, 125.6, 1.117
