<<<[17:33:45] 142.2, 125.1, 1.109
[17:33:46] 142.2, 125.1, 1.141
[17:33:47] 142.3, 125.2, 1.143
[17:33:48] 142.6, 125.1, 1.264
[17:33:49] 155.3, 125.1, 1.178
[17:33:50] 155.1, 125.2, 1.182
[17:33:51] 148.4, 125.1, 1.176
[17:33:52] 148.3, 125.2, 1.183
[17:33:53] 148.3, 125.2, 1.184
[17:33:54] 148.4, 125.1, 1.684
[17:33:55] 174.0, 125.2, 1.118
[17:33:56] 139.2, 125.2, 1.121
[17:33:57] 139.5, 125.2, 1.116
[17:33:58] 139.8, 125.2, 1.112
[17:33:59] 140.0, 125.1, 1.699
[17:34:00] 169.4, 125.2, 1.112
[17:34:01] 138.3, 125.2, 1.117
[17:34:02] 138.5, 125.2, 1.116
[17:34:03] 138.9, 125.1, 1.109
[17:34:04] 139.1, 125.0, 1.706
[17:34:05] 169.3, 125.2, 1.109
[17:34:06] 138.5, 125.2, 1.111
[17:34:07] 138.7, 125.2, 1.119
[17:34:08] 139.0, 125.2, 1.116
[17:34:09] 139.3, 125.1, 1.710
[17:34:10] 168.7, 125.2, 1.110
[17:34:11] 138.1, 125.2, 1.122
[17:34:12] 138.3, 125.2, 1.114
[17:34:13] 138.6, 125.2, 1.121
[17:34:14] 138.9, 125.2, 1.712
[17:34:15] 168.4, 125.2, 1.112
[17:34:16] 138.5, 125.2, 1.111
[17:34:17] 138.7, 125.2, 1.106
[17:34:18] 138.9, 125.1, 1.117
[17:34:19] 139.1, 125.1, 1.720
[17:34:20] 167.8, 125.2, 1.109
[17:34:21] 138.5, 125.1, 1.109
[17:34:22] 138.7, 125.1, 1.117
[17:34:23] 139.0, 125.1, 1.108
[17:34:24] 139.2, 125.1, 2.420
[17:34:25] 177.8, 125.1, 1.040
[17:34:26] 130.9, 125.1, 1.110
[17:34:27] 138.3, 125.1, 1.105
[17:34:28] 138.5, 125.0, 1.107
[17:34:29] 138.6, 124.9, 3.105
[17:34:30] 178.0, 125.1, 1.035
[17:34:31] 143.2, 125.0, 1.104
[17:34:32] 137.4, 125.0, 1.108
[17:34:33] 137.7, 125.1, 1.110
[17:34:34] 138.0, 125.1, 1.134
[17:34:35] 174.7, 125.1, 1.063
[17:34:36] 156.1, 125.1, 1.110
[17:34:37] 136.9, 125.1, 1.120
[17:34:38] 137.3, 125.0, 1.121
[17:34:39] 137.8, 125.1, 1.118
[17:34:40] 138.1, 125.0, 1.499
[17:34:41] 209.4, 125.1, 1.117
[17:34:42] 135.1, 125.1, 1.100
[17:34:43] 135.6, 125.1, 1.133
[17:34:44] 141.2, 125.1, 1.108
[17:34:45] 141.1, 125.0, 1.941
[17:34:46] 196.4, 125.0, 1.537
[17:34:47] 196.6, 125.1, 1.103
[17:34:48] 139.4, 125.1, 1.114
[17:34:49] 139.4, 125.1, 1.118
[17:34:50] 139.6, 125.1, 1.118
[17:34:51] 139.7, 125.0, 1.799
[17:34:52] 201.5, 125.0, 1.802
[17:34:53] 226.6, 125.1, 1.078
[17:34:54] 189.5, 125.1, 1.115
[17:34:55] 140.3, 125.1, 1.118
[17:34:56] 140.3, 125.1, 1.109
[17:34:57] 140.3, 125.1, 1.114
[17:34:58] 140.4, 125.0, 1.829
[17:34:59] 213.1, 125.0, 1.805
[17:35:00] 226.8, 125.0, 1.866
[17:35:01] 235.0, 125.0, 1.868
[17:35:02] 234.9, 125.1, 1.137
[17:35:03] 170.0, 125.1, 1.119
[17:35:04] 141.2, 125.1, 1.106
[17:35:05] 141.1, 125.1, 1.112
[17:35:06] 141.0, 125.1, 1.109
[17:35:07] 140.9, 125.0, 1.803
[17:35:08] 234.2, 125.0, 1.859
[17:35:09] 233.6, 125.0, 1.868
[17:35:10] 233.7, 125.0, 1.870
[17:35:11] 233.8, 125.0, 1.868
[17:35:12] 234.0, 125.0, 1.871
[17:35:13] 234.1, 125.0, 1.870
[17:35:14] 234.3, 125.0, 1.606
[17:35:15] 210.9, 125.1, 1.113
[17:35:16] 140.7, 125.1, 1.108
[17:35:17] 140.6, 125.0, 1.121
[17:35:18] 140.7, 125.1, 1.126
[17:35:19] 140.7, 125.0, 2.165
[17:35:20] 190.4, 125.0, 1.805
[17:35:21] 227.6, 125.0, 1.871
[17:35:22] 233.5, 125.0, 1.869
[17:35:23] 233.7, 125.0, 1.874
[17:35:24] 233.9, 125.0, 1.873
[17:35:25] 234.1, 125.1, 1.873
[17:35:26] 234.2, 125.1, 1.873
[17:35:27] 234.4, 125.1, 1.873
[17:35:28] 234.5, 125.1, 1.874
[17:35:29] 234.7, 125.1, 1.873
[17:35:30] 234.8, 125.1, 1.872
[17:35:31] 234.9, 125.1, 1.876
[17:35:32] 235.0, 125.0, 1.872
[17:35:33] 235.1, 125.1, 1.872
[17:35:34] 235.2, 125.1, 1.082
[17:35:35] 195.7, 125.0, 1.109
[17:35:36] 140.8, 125.0, 1.116
[17:35:37] 140.8, 125.1, 1.116
[17:35:38] 140.8, 125.1, 1.126
