<<<[09:46:45] 141.7, 125.5, 1.128
[09:46:46] 142.0, 125.5, 1.149
[09:46:47] 142.4, 125.5, 1.166
[09:46:48] 143.0, 125.6, 1.252
[09:46:49] 155.3, 125.5, 1.268
[09:46:50] 155.8, 125.6, 1.260
[09:46:51] 156.2, 125.6, 1.130
[09:46:52] 149.0, 125.6, 1.157
[09:46:53] 148.5, 125.7, 1.180
[09:46:54] 148.6, 125.7, 1.173
[09:46:55] 148.5, 125.6, 1.152
[09:46:56] 148.3, 125.6, 1.615
[09:46:57] 170.0, 125.6, 1.117
[09:46:58] 140.5, 125.6, 1.113
[09:46:59] 140.5, 125.6, 1.127
[09:47:00] 140.6, 125.7, 1.127
[09:47:01] 140.7, 125.6, 1.621
[09:47:02] 168.4, 125.6, 1.115
[09:47:03] 141.0, 125.6, 1.120
[09:47:04] 140.9, 125.7, 1.111
[09:47:05] 140.9, 125.5, 1.116
[09:47:06] 140.9, 125.5, 1.612
[09:47:07] 167.8, 125.6, 1.112
[09:47:08] 140.3, 125.6, 1.111
[09:47:09] 140.3, 125.6, 1.117
[09:47:10] 140.4, 125.5, 1.109
[09:47:11] 140.4, 125.6, 1.619
[09:47:12] 167.6, 125.5, 1.115
[09:47:13] 140.5, 125.6, 1.110
[09:47:14] 140.5, 125.6, 1.109
[09:47:15] 140.5, 125.6, 1.115
[09:47:16] 140.5, 125.4, 1.623
[09:47:17] 167.6, 125.6, 1.107
[09:47:18] 140.1, 125.6, 1.109
[09:47:19] 140.1, 125.6, 1.114
[09:47:20] 140.2, 125.6, 1.115
[09:47:21] 140.2, 125.5, 1.621
[09:47:22] 167.5, 125.6, 1.109
[09:47:23] 140.7, 125.6, 1.107
[09:47:24] 140.6, 125.6, 1.103
[09:47:25] 140.5, 125.6, 1.105
[09:47:26] 140.5, 125.5, 1.611
[09:47:27] 166.7, 125.7, 1.103
[09:47:28] 139.6, 125.5, 1.105
[09:47:29] 139.6, 125.5, 1.110
[09:47:30] 139.6, 125.6, 1.110
[09:47:31] 139.7, 125.5, 1.586
[09:47:32] 176.1, 125.6, 1.046
[09:47:33] 131.8, 125.7, 1.112
[09:47:34] 140.1, 125.6, 1.109
[09:47:35] 140.1, 125.6, 1.110
[09:47:36] 140.0, 125.6, 1.735
[09:47:37] 186.1, 125.7, 1.042
[09:47:38] 133.8, 125.6, 1.106
[09:47:39] 139.4, 125.7, 1.107
[09:47:40] 139.4, 125.7, 1.108
[09:47:41] 139.4, 125.5, 2.500
[09:47:42] 183.7, 125.6, 1.035
[09:47:43] 147.9, 125.6, 1.100
[09:47:44] 138.1, 125.6, 1.105
[09:47:45] 138.2, 125.5, 1.110
[09:47:46] 138.5, 125.5, 1.122
[09:47:47] 174.5, 125.6, 1.019
[09:47:48] 175.0, 125.6, 1.096
[09:47:49] 136.5, 125.6, 1.105
[09:47:50] 136.8, 125.5, 1.110
[09:47:51] 137.3, 125.5, 1.114
[09:47:52] 137.6, 125.4, 1.869
[09:47:53] 226.8, 125.5, 1.068
[09:47:54] 163.5, 125.5, 1.102
[09:47:55] 139.4, 125.6, 1.102
[09:47:56] 139.4, 125.6, 1.109
[09:47:57] 139.4, 125.6, 1.110
[09:47:58] 139.5, 125.5, 1.838
[09:47:59] 244.4, 125.5, 1.655
[09:48:00] 224.3, 125.6, 1.103
[09:48:01] 141.6, 125.6, 1.109
[09:48:02] 141.4, 125.5, 1.105
[09:48:03] 141.3, 125.5, 1.109
[09:48:04] 141.2, 125.4, 2.696
[09:48:05] 186.6, 125.4, 1.843
[09:48:06] 233.3, 125.4, 1.905
[09:48:07] 238.4, 125.4, 1.905
[09:48:08] 238.2, 125.5, 1.104
[09:48:09] 154.6, 125.5, 1.104
[09:48:10] 139.8, 125.5, 1.102
[09:48:11] 139.8, 125.5, 1.108
[09:48:12] 139.8, 125.6, 1.104
[09:48:13] 169.3, 125.4, 1.847
[09:48:14] 230.1, 125.4, 1.903
[09:48:15] 236.6, 125.4, 1.904
[09:48:16] 237.0, 125.4, 1.908
[09:48:17] 237.5, 125.4, 1.908
[09:48:18] 237.8, 125.4, 1.909
[09:48:19] 238.2, 125.5, 1.098
[09:48:20] 193.3, 125.4, 1.102
[09:48:21] 140.3, 125.5, 1.116
[09:48:22] 140.3, 125.5, 1.104
[09:48:23] 140.3, 125.5, 1.113
[09:48:24] 140.3, 125.4, 1.878
[09:48:25] 218.0, 125.4, 1.843
[09:48:26] 232.8, 125.4, 1.906
[09:48:27] 240.8, 125.3, 1.901
[09:48:28] 240.7, 125.4, 1.912
[09:48:29] 240.7, 125.4, 1.902
[09:48:30] 240.8, 125.4, 1.912
[09:48:31] 240.8, 125.4, 1.914
[09:48:32] 240.9, 125.4, 1.913
[09:48:33] 240.9, 125.4, 1.905
[09:48:34] 241.0, 125.3, 1.916
[09:48:35] 241.1, 125.4, 1.915
[09:48:36] 241.1, 125.3, 1.916
[09:48:37] 241.2, 125.4, 1.111
[09:48:38] 165.3, 125.5, 1.114
[09:48:39] 140.5, 125.5, 1.115
[09:48:40] 140.4, 125.5, 1.112
[09:48:41] 140.5, 125.5, 1.114
