<<<[04:41:16] 141.0, 126.3, 1.106
[04:41:17] 141.0, 126.2, 1.114
[04:41:18] 140.9, 126.3, 1.117
[04:41:19] 141.0, 126.3, 1.242
[04:41:20] 149.0, 126.3, 1.177
[04:41:21] 149.5, 126.3, 1.119
[04:41:22] 142.8, 126.3, 1.116
[04:41:23] 142.8, 126.3, 1.111
[04:41:24] 142.7, 126.3, 1.119
[04:41:25] 142.8, 126.3, 1.118
[04:41:26] 143.1, 126.3, 1.133
[04:41:27] 168.2, 126.3, 1.111
[04:41:28] 141.2, 126.3, 1.117
[04:41:29] 141.3, 126.3, 1.137
[04:41:30] 141.5, 126.3, 1.130
[04:41:31] 141.9, 126.3, 1.122
[04:41:32] 167.8, 126.3, 1.105
[04:41:33] 140.5, 126.3, 1.103
[04:41:34] 140.5, 126.3, 1.107
[04:41:35] 140.5, 126.3, 1.118
[04:41:36] 140.7, 126.3, 1.114
[04:41:37] 167.1, 126.2, 1.104
[04:41:38] 140.1, 126.3, 1.103
[04:41:39] 140.1, 126.3, 1.101
[04:41:40] 140.2, 126.2, 1.113
[04:41:41] 140.3, 126.3, 1.123
[04:41:42] 167.1, 126.2, 1.098
[04:41:43] 140.5, 126.3, 1.101
[04:41:44] 140.4, 126.2, 1.098
[04:41:45] 140.3, 126.3, 1.106
[04:41:46] 140.3, 126.1, 1.112
[04:41:47] 166.9, 126.3, 1.093
[04:41:48] 140.1, 126.2, 1.092
[04:41:49] 140.0, 126.2, 1.103
[04:41:50] 140.0, 126.3, 1.103
[04:41:51] 140.0, 126.3, 1.122
[04:41:52] 166.0, 126.3, 1.095
[04:41:53] 139.9, 126.3, 1.102
[04:41:54] 139.9, 126.3, 1.094
[04:41:55] 139.9, 126.4, 1.094
[04:41:56] 139.9, 126.4, 1.060
[04:41:57] 172.0, 126.3, 1.097
[04:41:58] 134.7, 126.3, 1.094
[04:41:59] 139.8, 126.3, 1.093
[04:42:00] 139.7, 126.3, 1.099
[04:42:01] 139.8, 126.3, 0.987
[04:42:02] 182.7, 126.3, 1.073
[04:42:03] 134.3, 126.3, 1.095
[04:42:04] 139.4, 126.3, 1.103
[04:42:05] 139.4, 126.3, 1.096
[04:42:06] 139.5, 126.3, 1.525
[04:42:07] 190.1, 126.3, 1.028
[04:42:08] 132.7, 126.3, 1.095
[04:42:09] 139.6, 126.3, 1.100
[04:42:10] 139.5, 126.3, 1.098
[04:42:11] 139.6, 126.2, 2.139
[04:42:12] 189.7, 126.3, 1.053
[04:42:13] 162.0, 126.2, 1.096
[04:42:14] 138.1, 126.2, 1.097
[04:42:15] 138.3, 126.2, 1.094
[04:42:16] 138.4, 126.3, 1.095
[04:42:17] 138.6, 126.2, 1.742
[04:42:18] 224.5, 126.3, 1.021
[04:42:19] 180.5, 126.3, 1.102
[04:42:20] 139.8, 126.3, 1.100
[04:42:21] 139.8, 126.3, 1.106
[04:42:22] 139.8, 126.3, 1.097
[04:42:23] 139.8, 126.2, 1.775
[04:42:24] 212.2, 126.2, 1.735
[04:42:25] 221.2, 126.2, 1.585
[04:42:26] 205.8, 126.3, 1.100
[04:42:27] 140.1, 126.3, 1.097
[04:42:28] 140.0, 126.3, 1.099
[04:42:29] 140.0, 126.3, 1.091
[04:42:30] 139.9, 126.2, 2.254
[04:42:31] 188.5, 126.2, 1.733
[04:42:32] 221.2, 126.2, 1.798
[04:42:33] 226.5, 126.2, 1.799
[04:42:34] 226.7, 126.2, 1.799
[04:42:35] 226.9, 126.3, 1.118
[04:42:36] 171.4, 126.3, 1.095
[04:42:37] 139.4, 126.2, 1.097
[04:42:38] 139.4, 126.3, 1.093
[04:42:39] 139.5, 126.3, 1.101
[04:42:40] 139.6, 126.2, 1.746
[04:42:41] 221.8, 126.2, 1.761
[04:42:42] 221.8, 126.3, 1.799
[04:42:43] 228.1, 126.2, 1.798
[04:42:44] 228.1, 126.2, 1.797
[04:42:45] 228.1, 126.3, 1.798
[04:42:46] 228.1, 126.3, 1.799
[04:42:47] 228.1, 126.2, 1.800
[04:42:48] 228.2, 126.2, 1.800
[04:42:49] 228.2, 126.3, 1.074
[04:42:50] 188.8, 126.3, 1.105
[04:42:51] 140.5, 126.3, 1.105
[04:42:52] 140.4, 126.3, 1.096
[04:42:53] 140.3, 126.3, 1.096
[04:42:54] 140.3, 126.2, 1.766
[04:42:55] 208.9, 126.2, 1.738
[04:42:56] 220.5, 126.2, 1.799
[04:42:57] 228.5, 126.2, 1.800
[04:42:58] 228.5, 126.1, 1.801
[04:42:59] 228.5, 126.2, 1.803
[04:43:00] 228.5, 126.1, 1.800
[04:43:01] 228.5, 126.2, 1.802
[04:43:02] 228.5, 126.2, 1.803
[04:43:03] 228.5, 126.2, 1.800
[04:43:04] 228.5, 126.2, 1.802
[04:43:05] 228.5, 126.2, 1.802
[04:43:06] 228.5, 126.2, 1.803
[04:43:07] 228.6, 126.2, 1.804
[04:43:08] 228.6, 126.1, 1.805
[04:43:09] 228.6, 125.9, 1.806
[04:43:10] 228.6, 126.2, 1.805
[04:43:11] 228.6, 126.2, 1.802
[04:43:12] 228.7, 126.2, 1.221
[04:43:13] 200.0, 126.3, 1.102
[04:43:14] 140.3, 126.3, 1.099
[04:43:15] 140.3, 126.2, 1.098
[04:43:16] 140.3, 126.3, 1.095
