<<<[12:40:32] 140.6, 125.7, 1.107
[12:40:33] 140.6, 125.6, 1.118
[12:40:34] 140.7, 125.7, 1.119
[12:40:35] 140.9, 125.6, 1.238
[12:40:36] 157.9, 125.6, 1.136
[12:40:37] 146.6, 125.6, 1.122
[12:40:38] 146.1, 125.6, 1.122
[12:40:39] 145.6, 125.6, 1.131
[12:40:40] 145.2, 125.6, 1.130
[12:40:41] 145.0, 125.7, 1.132
[12:40:42] 169.3, 125.6, 1.111
[12:40:43] 140.7, 125.6, 1.117
[12:40:44] 140.8, 125.6, 1.117
[12:40:45] 141.0, 125.7, 1.123
[12:40:46] 141.2, 125.6, 1.128
[12:40:47] 168.4, 125.7, 1.114
[12:40:48] 140.8, 125.7, 1.112
[12:40:49] 140.8, 125.6, 1.108
[12:40:50] 140.8, 125.7, 1.111
[12:40:51] 140.7, 125.7, 1.131
[12:40:52] 167.6, 125.7, 1.106
[12:40:53] 140.5, 125.6, 1.115
[12:40:54] 140.4, 125.7, 1.111
[12:40:55] 140.4, 125.7, 1.105
[12:40:56] 140.4, 125.7, 1.134
[12:40:57] 166.7, 125.6, 1.106
[12:40:58] 140.8, 125.6, 1.115
[12:40:59] 140.8, 125.6, 1.101
[12:41:00] 140.7, 125.6, 1.108
[12:41:01] 140.7, 125.6, 1.137
[12:41:02] 166.2, 125.6, 1.101
[12:41:03] 140.1, 125.6, 1.104
[12:41:04] 140.1, 125.6, 1.118
[12:41:05] 140.1, 125.6, 1.107
[12:41:06] 140.2, 125.6, 1.112
[12:41:07] 174.9, 125.6, 1.042
[12:41:08] 133.6, 125.6, 1.107
[12:41:09] 140.3, 125.6, 1.101
[12:41:10] 140.3, 125.6, 1.103
[12:41:11] 140.3, 125.7, 1.101
[12:41:12] 173.1, 125.6, 1.048
[12:41:13] 132.3, 125.7, 1.100
[12:41:14] 140.3, 125.7, 1.098
[12:41:15] 140.1, 125.7, 1.102
[12:41:16] 140.1, 125.6, 1.584
[12:41:17] 184.8, 125.7, 1.049
[12:41:18] 131.4, 125.6, 1.115
[12:41:19] 140.8, 125.7, 1.114
[12:41:20] 140.7, 125.7, 1.099
[12:41:21] 140.7, 125.6, 2.538
[12:41:22] 186.1, 125.7, 1.036
[12:41:23] 149.5, 125.7, 1.098
[12:41:24] 138.3, 125.7, 1.107
[12:41:25] 138.5, 125.7, 1.098
[12:41:26] 138.7, 125.7, 1.101
[12:41:27] 138.8, 125.7, 1.653
[12:41:28] 232.4, 125.7, 1.110
[12:41:29] 139.6, 125.7, 1.105
[12:41:30] 139.7, 125.7, 1.097
[12:41:31] 139.7, 125.7, 1.099
[12:41:32] 139.6, 125.5, 3.251
[12:41:33] 178.3, 125.6, 1.760
[12:41:34] 221.8, 125.7, 1.117
[12:41:35] 172.3, 125.6, 1.118
[12:41:36] 139.9, 125.6, 1.109
[12:41:37] 139.9, 125.6, 1.107
[12:41:38] 139.9, 125.7, 1.104
[12:41:39] 139.9, 125.6, 1.771
[12:41:40] 223.4, 125.5, 1.785
[12:41:41] 223.5, 125.6, 1.825
[12:41:42] 230.3, 125.7, 1.119
[12:41:43] 173.1, 125.7, 1.100
[12:41:44] 140.1, 125.6, 1.110
[12:41:45] 140.1, 125.6, 1.098
[12:41:46] 140.0, 125.6, 1.107
[12:41:47] 140.0, 125.6, 1.757
[12:41:48] 231.9, 125.6, 1.817
[12:41:49] 224.8, 125.6, 1.823
[12:41:50] 230.3, 125.5, 1.826
[12:41:51] 230.3, 125.6, 1.823
[12:41:52] 230.3, 125.6, 1.825
[12:41:53] 230.0, 125.7, 1.109
[12:41:54] 157.9, 125.7, 1.100
[12:41:55] 140.3, 125.7, 1.096
[12:41:56] 140.2, 125.7, 1.108
[12:41:57] 140.1, 125.7, 1.100
[12:41:58] 166.7, 125.6, 1.764
[12:41:59] 220.1, 125.6, 1.822
[12:42:00] 226.5, 125.6, 1.824
[12:42:01] 226.9, 125.6, 1.826
[12:42:02] 227.4, 125.6, 1.823
[12:42:03] 227.8, 125.6, 1.827
[12:42:04] 228.1, 125.5, 1.829
[12:42:05] 228.4, 125.6, 1.828
[12:42:06] 228.8, 125.5, 1.827
[12:42:07] 229.0, 125.6, 1.829
[12:42:08] 229.2, 125.6, 1.827
[12:42:09] 229.4, 125.7, 1.143
[12:42:10] 186.5, 125.7, 1.105
[12:42:11] 140.7, 125.7, 1.101
[12:42:12] 140.6, 125.7, 1.112
[12:42:13] 140.6, 125.7, 1.104
