<<<[03:49:37] 140.7, 126.5, 1.100
[03:49:38] 140.7, 126.6, 1.102
[03:49:39] 140.7, 126.5, 1.124
[03:49:40] 140.9, 126.5, 1.231
[03:49:41] 159.3, 126.5, 1.253
[03:49:42] 159.6, 126.5, 1.241
[03:49:43] 159.7, 126.5, 1.242
[03:49:44] 159.6, 126.5, 1.258
[03:49:45] 159.6, 126.5, 1.248
[03:49:46] 159.4, 126.5, 1.127
[03:49:47] 144.5, 126.5, 1.119
[03:49:48] 144.2, 126.5, 1.104
[03:49:49] 143.9, 126.5, 1.112
[03:49:50] 143.5, 126.5, 1.106
[03:49:51] 151.3, 126.5, 1.098
[03:49:52] 157.5, 126.5, 1.100
[03:49:53] 140.5, 126.5, 1.105
[03:49:54] 140.5, 126.5, 1.095
[03:49:55] 140.5, 126.5, 1.096
[03:49:56] 150.1, 126.5, 1.095
[03:49:57] 157.7, 126.5, 1.110
[03:49:58] 140.5, 126.5, 1.103
[03:49:59] 140.4, 126.4, 1.105
[03:50:00] 140.4, 126.5, 1.101
[03:50:01] 150.3, 126.5, 1.093
[03:50:02] 157.5, 126.5, 1.104
[03:50:03] 140.3, 126.5, 1.106
[03:50:04] 140.3, 126.5, 1.100
[03:50:05] 140.2, 126.5, 1.102
[03:50:06] 167.5, 126.5, 1.039
[03:50:07] 146.5, 126.5, 1.094
[03:50:08] 136.5, 126.6, 1.102
[03:50:09] 136.9, 126.6, 1.102
[03:50:10] 137.3, 126.5, 1.098
[03:50:11] 168.4, 126.6, 1.036
[03:50:12] 146.5, 126.6, 1.090
[03:50:13] 136.1, 126.6, 1.094
[03:50:14] 136.5, 126.6, 1.103
[03:50:15] 137.0, 126.5, 1.098
[03:50:16] 157.7, 126.6, 1.053
[03:50:17] 171.8, 126.6, 1.098
[03:50:18] 136.1, 126.5, 1.095
[03:50:19] 136.6, 126.6, 1.093
[03:50:20] 137.0, 126.6, 1.090
[03:50:21] 137.4, 126.5, 1.067
[03:50:22] 205.1, 126.5, 1.104
[03:50:23] 135.4, 126.6, 1.100
[03:50:24] 135.9, 126.5, 1.093
[03:50:25] 136.4, 126.5, 1.097
[03:50:26] 136.9, 126.4, 1.894
[03:50:27] 234.4, 126.5, 1.031
[03:50:28] 136.9, 126.5, 1.098
[03:50:29] 137.2, 126.5, 1.092
[03:50:30] 137.6, 126.5, 1.092
[03:50:31] 137.9, 126.4, 3.303
[03:50:32] 195.9, 126.4, 1.520
[03:50:33] 239.9, 126.5, 1.096
[03:50:34] 137.0, 126.5, 1.099
[03:50:35] 137.4, 126.5, 1.103
[03:50:36] 137.7, 126.5, 1.100
[03:50:37] 138.0, 126.4, 2.424
[03:50:38] 214.3, 126.3, 2.233
[03:50:39] 284.4, 126.5, 1.141
[03:50:40] 209.6, 126.6, 1.097
[03:50:41] 140.3, 126.5, 1.097
[03:50:42] 140.2, 126.5, 1.093
[03:50:43] 140.2, 126.6, 1.094
[03:50:44] 140.2, 126.3, 2.272
[03:50:45] 253.4, 126.4, 2.236
[03:50:46] 284.6, 126.4, 2.294
[03:50:47] 291.8, 126.4, 2.214
[03:50:48] 273.9, 126.6, 1.101
[03:50:49] 144.1, 126.5, 1.102
[03:50:50] 143.6, 126.6, 1.097
[03:50:51] 143.2, 126.6, 1.101
[03:50:52] 142.8, 126.3, 3.211
[03:50:53] 186.6, 126.4, 2.235
[03:50:54] 282.2, 126.4, 2.290
[03:50:55] 288.9, 126.4, 2.299
[03:50:56] 289.2, 126.4, 2.294
[03:50:57] 289.6, 126.4, 2.302
[03:50:58] 289.9, 126.4, 2.296
[03:50:59] 290.2, 126.5, 2.003
[03:51:00] 269.7, 126.5, 1.096
[03:51:01] 144.6, 126.6, 1.093
[03:51:02] 144.0, 126.6, 1.105
[03:51:03] 143.6, 126.5, 1.100
[03:51:04] 143.1, 126.4, 3.518
[03:51:05] 193.0, 126.4, 2.217
[03:51:06] 283.1, 126.3, 2.295
[03:51:07] 289.6, 126.4, 2.304
[03:51:08] 289.9, 126.4, 2.302
[03:51:09] 290.2, 126.4, 2.305
[03:51:10] 290.5, 126.4, 2.305
[03:51:11] 290.8, 126.4, 2.286
[03:51:12] 291.0, 126.4, 2.303
[03:51:13] 291.1, 126.4, 2.262
[03:51:14] 291.2, 126.3, 2.298
[03:51:15] 291.3, 126.4, 2.262
[03:51:16] 291.4, 126.4, 2.286
[03:51:17] 291.5, 126.4, 2.290
[03:51:18] 291.6, 126.5, 1.383
[03:51:19] 242.6, 126.5, 1.099
[03:51:20] 140.7, 126.5, 1.100
[03:51:21] 140.6, 126.5, 1.109
[03:51:22] 140.6, 126.6, 1.100
