<<<[05:22:03] 140.6, 126.1, 1.108
[05:22:04] 140.7, 126.1, 1.109
[05:22:05] 140.7, 126.1, 1.114
[05:22:06] 140.9, 126.1, 1.242
[05:22:07] 154.4, 126.1, 1.239
[05:22:08] 154.8, 126.1, 1.149
[05:22:09] 154.4, 126.1, 1.128
[05:22:10] 143.2, 126.1, 1.135
[05:22:11] 143.2, 126.1, 1.133
[05:22:12] 143.3, 126.1, 1.114
[05:22:13] 143.1, 126.0, 1.658
[05:22:14] 171.6, 126.1, 1.118
[05:22:15] 141.6, 126.1, 1.117
[05:22:16] 141.6, 126.1, 1.117
[05:22:17] 141.7, 126.1, 1.124
[05:22:18] 141.9, 126.1, 1.658
[05:22:19] 171.1, 126.1, 1.113
[05:22:20] 139.8, 126.1, 1.111
[05:22:21] 139.9, 126.1, 1.106
[05:22:22] 140.1, 126.1, 1.104
[05:22:23] 140.2, 126.1, 1.665
[05:22:24] 170.0, 126.2, 1.104
[05:22:25] 139.2, 126.2, 1.104
[05:22:26] 139.3, 126.1, 1.103
[05:22:27] 139.4, 126.1, 1.103
[05:22:28] 139.6, 126.1, 1.665
[05:22:29] 168.9, 126.2, 1.112
[05:22:30] 139.4, 126.1, 1.107
[05:22:31] 139.6, 126.2, 1.106
[05:22:32] 139.7, 126.2, 1.104
[05:22:33] 139.8, 126.1, 1.672
[05:22:34] 168.4, 126.2, 1.106
[05:22:35] 138.7, 126.2, 1.098
[05:22:36] 138.8, 126.2, 1.104
[05:22:37] 139.0, 126.2, 1.099
[05:22:38] 139.2, 126.1, 1.741
[05:22:39] 178.5, 126.2, 1.037
[05:22:40] 130.5, 126.2, 1.105
[05:22:41] 139.4, 126.2, 1.097
[05:22:42] 139.5, 126.1, 1.091
[05:22:43] 139.6, 126.1, 2.145
[05:22:44] 175.4, 126.1, 1.066
[05:22:45] 132.9, 126.1, 1.095
[05:22:46] 138.7, 126.1, 1.096
[05:22:47] 138.8, 126.2, 1.101
[05:22:48] 138.9, 126.0, 2.897
[05:22:49] 178.5, 126.1, 1.036
[05:22:50] 137.6, 126.1, 1.106
[05:22:51] 137.6, 126.1, 1.095
[05:22:52] 137.9, 126.1, 1.099
[05:22:53] 138.1, 126.2, 1.089
[05:22:54] 168.0, 126.1, 1.033
[05:22:55] 167.9, 126.1, 1.092
[05:22:56] 135.8, 126.1, 1.092
[05:22:57] 136.2, 126.1, 1.096
[05:22:58] 136.7, 126.1, 1.095
[05:22:59] 137.1, 126.1, 1.759
[05:23:00] 213.4, 126.2, 1.034
[05:23:01] 153.5, 126.1, 1.101
[05:23:02] 140.7, 126.1, 1.092
[05:23:03] 140.5, 126.2, 1.096
[05:23:04] 140.4, 126.2, 1.094
[05:23:05] 140.3, 126.1, 1.721
[05:23:06] 230.4, 126.0, 1.639
[05:23:07] 208.5, 126.1, 1.091
[05:23:08] 137.9, 126.1, 1.095
[05:23:09] 138.1, 126.1, 1.100
[05:23:10] 138.3, 126.2, 1.107
[05:23:11] 138.5, 126.1, 2.335
[05:23:12] 185.0, 126.0, 1.722
[05:23:13] 219.6, 126.1, 1.787
[05:23:14] 224.8, 126.1, 1.716
[05:23:15] 224.4, 126.1, 1.099
[05:23:16] 145.9, 126.2, 1.096
[05:23:17] 139.8, 126.1, 1.091
[05:23:18] 139.7, 126.1, 1.094
[05:23:19] 139.7, 125.9, 3.344
[05:23:20] 177.6, 126.1, 1.724
[05:23:21] 217.4, 126.1, 1.783
[05:23:22] 223.6, 126.1, 1.789
[05:23:23] 224.0, 126.1, 1.790
[05:23:24] 224.3, 126.1, 1.790
[05:23:25] 224.6, 126.1, 1.791
[05:23:26] 224.9, 126.1, 1.097
[05:23:27] 159.1, 126.2, 1.100
[05:23:28] 139.8, 126.2, 1.095
[05:23:29] 139.8, 126.1, 1.098
[05:23:30] 139.8, 126.1, 1.093
[05:23:31] 139.9, 126.1, 1.724
[05:23:32] 235.5, 126.1, 1.791
[05:23:33] 221.9, 126.1, 1.789
[05:23:34] 222.5, 126.1, 1.791
[05:23:35] 223.0, 126.1, 1.790
[05:23:36] 223.5, 126.1, 1.790
[05:23:37] 224.0, 126.1, 1.791
[05:23:38] 224.3, 126.1, 1.791
[05:23:39] 224.7, 126.1, 1.790
[05:23:40] 224.9, 126.1, 1.791
[05:23:41] 225.2, 126.1, 1.792
[05:23:42] 225.4, 126.1, 1.792
[05:23:43] 225.7, 126.2, 1.098
[05:23:44] 183.0, 126.1, 1.097
[05:23:45] 139.9, 126.2, 1.101
[05:23:46] 139.9, 126.2, 1.099
[05:23:47] 139.9, 126.2, 1.100
