<<<[14:28:04] 143.6, 125.3, 1.133
[14:28:05] 143.5, 125.2, 1.144
[14:28:06] 143.5, 125.3, 1.149
[14:28:07] 143.7, 125.3, 1.261
[14:28:08] 156.6, 125.3, 1.241
[14:28:09] 156.8, 125.3, 1.181
[14:28:10] 148.1, 125.2, 1.171
[14:28:11] 148.1, 125.3, 1.121
[14:28:12] 147.8, 125.3, 1.131
[14:28:13] 147.2, 125.3, 1.132
[14:28:14] 146.7, 125.3, 1.141
[14:28:15] 168.9, 125.3, 1.110
[14:28:16] 140.8, 125.3, 1.113
[14:28:17] 140.7, 125.3, 1.107
[14:28:18] 140.7, 125.4, 1.110
[14:28:19] 140.8, 125.3, 1.139
[14:28:20] 167.6, 125.3, 1.114
[14:28:21] 141.2, 125.3, 1.115
[14:28:22] 141.1, 125.3, 1.110
[14:28:23] 141.1, 125.3, 1.111
[14:28:24] 141.0, 125.3, 1.128
[14:28:25] 166.9, 125.3, 1.112
[14:28:26] 140.3, 125.3, 1.112
[14:28:27] 140.3, 125.3, 1.108
[14:28:28] 140.3, 125.3, 1.111
[14:28:29] 140.3, 125.3, 1.133
[14:28:30] 166.9, 125.3, 1.111
[14:28:31] 140.7, 125.4, 1.111
[14:28:32] 140.6, 125.3, 1.107
[14:28:33] 140.6, 125.3, 1.111
[14:28:34] 140.6, 125.3, 1.124
[14:28:35] 166.5, 125.3, 1.112
[14:28:36] 140.1, 125.2, 1.113
[14:28:37] 140.1, 125.2, 1.109
[14:28:38] 140.1, 125.2, 1.106
[14:28:39] 140.2, 125.2, 1.127
[14:28:40] 165.8, 125.2, 1.107
[14:28:41] 140.3, 125.2, 1.112
[14:28:42] 140.3, 125.2, 1.106
[14:28:43] 140.3, 125.2, 1.106
[14:28:44] 140.2, 125.3, 1.058
[14:28:45] 172.9, 125.3, 1.095
[14:28:46] 134.1, 125.3, 1.113
[14:28:47] 139.9, 125.3, 1.100
[14:28:48] 139.8, 125.3, 1.100
[14:28:49] 139.7, 125.3, 1.061
[14:28:50] 170.9, 125.3, 1.071
[14:28:51] 134.0, 125.3, 1.106
[14:28:52] 139.8, 125.3, 1.101
[14:28:53] 139.7, 125.3, 1.106
[14:28:54] 139.7, 125.3, 1.097
[14:28:55] 180.1, 125.3, 1.041
[14:28:56] 133.1, 125.3, 1.102
[14:28:57] 139.4, 125.3, 1.104
[14:28:58] 139.4, 125.4, 1.097
[14:28:59] 139.4, 125.3, 1.745
[14:29:00] 197.0, 125.4, 1.043
[14:29:01] 135.1, 125.4, 1.103
[14:29:02] 135.6, 125.4, 1.103
[14:29:03] 136.2, 125.4, 1.103
[14:29:04] 136.6, 125.4, 1.100
[14:29:05] 170.9, 125.3, 1.583
[14:29:06] 202.2, 125.4, 1.102
[14:29:07] 135.2, 125.3, 1.104
[14:29:08] 135.6, 125.3, 1.102
[14:29:09] 136.1, 125.3, 1.104
[14:29:10] 136.6, 125.2, 2.530
[14:29:11] 185.2, 125.3, 1.759
[14:29:12] 222.7, 125.3, 1.119
[14:29:13] 173.6, 125.3, 1.101
[14:29:14] 139.6, 125.3, 1.099
[14:29:15] 139.5, 125.3, 1.103
[14:29:16] 139.5, 125.3, 1.106
[14:29:17] 139.5, 125.3, 1.779
[14:29:18] 222.1, 125.2, 1.770
[14:29:19] 222.3, 125.2, 1.827
[14:29:20] 230.1, 125.3, 1.169
[14:29:21] 191.7, 125.3, 1.114
[14:29:22] 140.1, 125.3, 1.107
[14:29:23] 140.1, 125.3, 1.108
[14:29:24] 140.0, 125.3, 1.099
[14:29:25] 139.9, 125.2, 1.797
[14:29:26] 211.4, 125.2, 1.757
[14:29:27] 222.7, 125.2, 1.828
[14:29:28] 230.3, 125.2, 1.829
[14:29:29] 230.3, 125.2, 1.829
[14:29:30] 230.2, 125.3, 1.829
[14:29:31] 230.3, 125.3, 1.639
[14:29:32] 213.3, 125.3, 1.105
[14:29:33] 138.3, 125.3, 1.102
[14:29:34] 138.4, 125.4, 1.107
[14:29:35] 138.6, 125.4, 1.108
[14:29:36] 138.7, 125.3, 2.165
[14:29:37] 189.9, 125.3, 1.761
[14:29:38] 223.0, 125.3, 1.828
[14:29:39] 229.4, 125.3, 1.830
[14:29:40] 229.5, 125.3, 1.828
[14:29:41] 229.6, 125.2, 1.829
[14:29:42] 229.7, 125.3, 1.828
[14:29:43] 229.7, 125.3, 1.821
[14:29:44] 229.8, 125.3, 1.828
[14:29:45] 229.8, 125.3, 1.828
[14:29:46] 229.9, 125.3, 1.828
[14:29:47] 229.9, 125.2, 1.823
[14:29:48] 230.0, 125.3, 1.828
[14:29:49] 230.0, 125.4, 1.119
[14:29:50] 147.4, 125.4, 1.107
[14:29:51] 140.3, 125.4, 1.113
[14:29:52] 140.2, 125.4, 1.100
[14:29:53] 140.2, 125.4, 1.117
