<<<[04:59:25] 140.0, 126.3, 1.095
[04:59:26] 140.0, 126.4, 1.111
[04:59:27] 140.1, 126.4, 1.103
[04:59:28] 140.3, 126.3, 1.264
[04:59:29] 155.3, 126.3, 1.240
[04:59:30] 155.6, 126.3, 1.105
[04:59:31] 143.7, 126.3, 1.118
[04:59:32] 143.4, 126.3, 1.129
[04:59:33] 143.3, 126.3, 1.133
[04:59:34] 143.3, 126.4, 1.110
[04:59:35] 143.3, 126.4, 1.088
[04:59:36] 168.5, 126.4, 1.100
[04:59:37] 140.3, 126.3, 1.098
[04:59:38] 140.3, 126.3, 1.118
[04:59:39] 140.5, 126.3, 1.129
[04:59:40] 140.8, 126.4, 1.100
[04:59:41] 168.2, 126.3, 1.112
[04:59:42] 141.8, 126.3, 1.101
[04:59:43] 141.7, 126.4, 1.102
[04:59:44] 141.5, 126.4, 1.098
[04:59:45] 141.4, 126.4, 1.087
[04:59:46] 167.3, 126.4, 1.100
[04:59:47] 140.5, 126.4, 1.096
[04:59:48] 140.4, 126.4, 1.095
[04:59:49] 140.4, 126.3, 1.099
[04:59:50] 140.4, 126.3, 1.078
[04:59:51] 166.7, 126.3, 1.108
[04:59:52] 140.3, 126.3, 1.096
[04:59:53] 140.3, 126.3, 1.101
[04:59:54] 140.2, 126.4, 1.105
[04:59:55] 140.2, 126.3, 1.072
[04:59:56] 165.6, 126.3, 1.101
[04:59:57] 139.6, 126.3, 1.102
[04:59:58] 139.6, 126.3, 1.099
[04:59:59] 139.6, 126.3, 1.099
[05:00:00] 139.7, 126.3, 1.079
[05:00:01] 165.1, 126.3, 1.099
[05:00:02] 140.1, 126.3, 1.097
[05:00:03] 140.0, 126.3, 1.100
[05:00:04] 140.0, 126.3, 1.096
[05:00:05] 139.9, 126.3, 1.019
[05:00:06] 172.0, 126.3, 1.034
[05:00:07] 133.1, 126.3, 1.096
[05:00:08] 139.4, 126.3, 1.097
[05:00:09] 139.4, 126.3, 1.094
[05:00:10] 139.4, 126.3, 1.423
[05:00:11] 182.1, 126.3, 1.037
[05:00:12] 133.1, 126.2, 1.095
[05:00:13] 139.9, 126.3, 1.095
[05:00:14] 139.8, 126.3, 1.098
[05:00:15] 139.8, 126.3, 1.711
[05:00:16] 192.6, 126.4, 1.031
[05:00:17] 141.8, 126.4, 1.089
[05:00:18] 141.4, 126.4, 1.087
[05:00:19] 141.1, 126.4, 1.092
[05:00:20] 140.9, 126.3, 1.168
[05:00:21] 173.2, 126.3, 1.415
[05:00:22] 187.7, 126.2, 1.090
[05:00:23] 137.0, 126.3, 1.089
[05:00:24] 137.2, 126.3, 1.090
[05:00:25] 137.5, 126.3, 1.093
[05:00:26] 137.7, 126.2, 1.704
[05:00:27] 198.6, 126.2, 1.656
[05:00:28] 212.2, 126.2, 1.527
[05:00:29] 137.2, 126.3, 1.092
[05:00:30] 137.5, 126.3, 1.091
[05:00:31] 137.7, 126.3, 1.096
[05:00:32] 137.9, 126.1, 3.248
[05:00:33] 176.7, 126.3, 1.718
[05:00:34] 216.5, 126.3, 1.775
[05:00:35] 223.2, 126.4, 1.054
[05:00:36] 183.7, 126.3, 1.103
[05:00:37] 139.6, 126.3, 1.098
[05:00:38] 139.6, 126.3, 1.093
[05:00:39] 139.6, 126.3, 1.097
[05:00:40] 139.5, 126.2, 1.751
[05:00:41] 208.0, 126.3, 1.718
[05:00:42] 218.5, 126.2, 1.781
[05:00:43] 226.3, 126.2, 1.783
[05:00:44] 226.2, 126.2, 1.784
[05:00:45] 226.2, 126.2, 1.525
[05:00:46] 200.8, 126.3, 1.110
[05:00:47] 140.5, 126.3, 1.100
[05:00:48] 140.3, 126.2, 1.101
[05:00:49] 140.3, 126.2, 1.099
[05:00:50] 140.3, 126.1, 1.767
[05:00:51] 196.2, 126.2, 1.719
[05:00:52] 218.1, 126.2, 1.783
[05:00:53] 225.6, 126.1, 1.783
[05:00:54] 225.6, 126.2, 1.786
[05:00:55] 225.7, 126.1, 1.784
[05:00:56] 225.8, 126.1, 1.782
[05:00:57] 225.9, 126.2, 1.785
[05:00:58] 226.0, 126.1, 1.785
[05:00:59] 226.0, 126.2, 1.783
[05:01:00] 226.0, 126.2, 1.745
[05:01:01] 209.8, 126.2, 1.104
[05:01:02] 141.0, 126.2, 1.098
[05:01:03] 140.8, 126.3, 1.098
[05:01:04] 140.7, 126.3, 1.099
