<<<[02:45:04] 141.0, 126.7, 1.102
[02:45:05] 141.0, 126.6, 1.107
[02:45:06] 141.0, 126.7, 1.107
[02:45:07] 141.0, 126.6, 1.261
[02:45:08] 153.0, 126.7, 1.250
[02:45:09] 159.5, 126.7, 1.271
[02:45:10] 159.7, 126.6, 1.257
[02:45:11] 160.0, 126.6, 1.244
[02:45:12] 159.9, 126.7, 1.264
[02:45:13] 159.6, 126.7, 1.235
[02:45:14] 159.4, 126.7, 1.255
[02:45:15] 159.3, 126.6, 1.228
[02:45:16] 159.0, 126.7, 1.228
[02:45:17] 158.7, 126.7, 1.234
[02:45:18] 158.5, 126.7, 1.230
[02:45:19] 158.4, 126.7, 1.123
[02:45:20] 157.8, 126.7, 1.104
[02:45:21] 141.8, 126.7, 1.109
[02:45:22] 141.8, 126.7, 1.095
[02:45:23] 141.7, 126.7, 1.099
[02:45:24] 141.5, 126.6, 2.528
[02:45:25] 178.5, 126.7, 1.047
[02:45:26] 136.7, 126.7, 1.122
[02:45:27] 137.2, 126.6, 1.124
[02:45:28] 143.9, 126.7, 1.125
[02:45:29] 143.8, 126.5, 3.043
[02:45:30] 179.4, 126.7, 1.035
[02:45:31] 135.2, 126.7, 1.111
[02:45:32] 135.7, 126.6, 1.126
[02:45:33] 142.5, 126.6, 1.108
[02:45:34] 142.5, 126.5, 2.850
[02:45:35] 176.3, 126.7, 1.040
[02:45:36] 147.0, 126.6, 1.106
[02:45:37] 139.0, 126.7, 1.107
[02:45:38] 139.3, 126.7, 1.118
[02:45:39] 139.6, 126.7, 1.119
[02:45:40] 149.9, 126.7, 1.062
[02:45:41] 194.4, 126.6, 1.114
[02:45:42] 137.4, 126.6, 1.127
[02:45:43] 138.0, 126.7, 1.123
[02:45:44] 138.5, 126.7, 1.119
[02:45:45] 139.0, 126.6, 1.780
[02:45:46] 212.7, 126.7, 1.041
[02:45:47] 151.2, 126.7, 1.101
[02:45:48] 141.9, 126.7, 1.102
[02:45:49] 141.8, 126.7, 1.102
[02:45:50] 141.8, 126.6, 1.127
[02:45:51] 142.0, 126.6, 1.737
[02:45:52] 237.0, 126.7, 1.135
[02:45:53] 188.5, 126.7, 1.122
[02:45:54] 143.0, 126.7, 1.118
[02:45:55] 142.9, 126.7, 1.118
[02:45:56] 142.8, 126.7, 1.115
[02:45:57] 142.7, 126.6, 1.728
[02:45:58] 205.6, 126.6, 1.742
[02:45:59] 221.8, 126.6, 1.806
[02:46:00] 229.5, 126.7, 1.124
[02:46:01] 175.8, 126.7, 1.112
[02:46:02] 142.3, 126.7, 1.118
[02:46:03] 142.4, 126.7, 1.119
[02:46:04] 142.5, 126.7, 1.104
[02:46:05] 142.5, 126.6, 1.756
[02:46:06] 222.3, 126.6, 1.750
[02:46:07] 222.4, 126.6, 1.805
[02:46:08] 229.7, 126.6, 1.800
[02:46:09] 229.6, 126.6, 1.804
[02:46:10] 229.7, 126.6, 1.750
[02:46:11] 224.3, 126.7, 1.120
[02:46:12] 145.7, 126.7, 1.115
[02:46:13] 145.3, 126.7, 1.122
[02:46:14] 144.9, 126.6, 1.120
[02:46:15] 144.6, 126.5, 3.091
[02:46:16] 178.3, 126.6, 1.744
[02:46:17] 220.3, 126.6, 1.803
[02:46:18] 227.0, 126.6, 1.804
[02:46:19] 227.3, 126.6, 1.802
[02:46:20] 227.6, 126.6, 1.805
[02:46:21] 227.9, 126.7, 1.805
[02:46:22] 228.2, 126.6, 1.806
[02:46:23] 228.4, 126.6, 1.802
[02:46:24] 228.6, 126.6, 1.807
[02:46:25] 228.7, 126.6, 1.804
[02:46:26] 228.9, 126.5, 1.809
[02:46:27] 223.4, 126.6, 1.128
[02:46:28] 142.3, 126.6, 1.111
[02:46:29] 142.4, 126.6, 1.116
[02:46:30] 142.5, 126.7, 1.118
