<<<[18:27:21] 145.4, 125.5, 1.122
[18:27:22] 145.0, 125.5, 1.125
[18:27:23] 144.7, 125.4, 1.142
[18:27:24] 144.6, 125.5, 1.274
[18:27:25] 149.9, 125.4, 1.272
[18:27:26] 160.6, 125.4, 1.241
[18:27:27] 160.5, 125.4, 1.274
[18:27:28] 160.4, 125.4, 1.254
[18:27:29] 160.4, 125.4, 1.264
[18:27:30] 160.2, 125.4, 1.273
[18:27:31] 160.2, 125.4, 1.250
[18:27:32] 160.0, 125.3, 1.273
[18:27:33] 159.8, 125.3, 1.245
[18:27:34] 159.7, 125.4, 1.253
[18:27:35] 159.7, 125.4, 1.264
[18:27:36] 159.6, 125.4, 1.299
[18:27:37] 159.4, 125.4, 1.241
[18:27:38] 159.3, 125.4, 1.248
[18:27:39] 159.0, 125.5, 1.133
[18:27:40] 143.4, 125.5, 1.123
[18:27:41] 143.2, 125.5, 1.142
[18:27:42] 143.2, 125.5, 1.128
[18:27:43] 143.4, 125.5, 1.244
[18:27:44] 159.5, 125.5, 1.108
[18:27:45] 151.9, 125.5, 1.114
[18:27:46] 140.5, 125.5, 1.109
[18:27:47] 140.5, 125.5, 1.111
[18:27:48] 140.5, 125.4, 1.185
[18:27:49] 155.1, 125.4, 1.113
[18:27:50] 154.7, 125.4, 1.113
[18:27:51] 140.3, 125.3, 1.110
[18:27:52] 140.3, 125.4, 1.107
[18:27:53] 140.2, 125.2, 2.178
[18:27:54] 170.7, 125.4, 1.042
[18:27:55] 142.7, 125.4, 1.103
[18:27:56] 137.2, 125.4, 1.107
[18:27:57] 137.5, 125.4, 1.107
[18:27:58] 137.8, 125.4, 1.115
[18:27:59] 170.9, 125.4, 1.040
[18:28:00] 142.8, 125.5, 1.104
[18:28:01] 137.0, 125.5, 1.112
[18:28:02] 137.4, 125.5, 1.112
[18:28:03] 137.7, 125.5, 1.112
[18:28:04] 172.0, 125.5, 1.044
[18:28:05] 143.6, 125.4, 1.111
[18:28:06] 136.1, 125.4, 1.112
[18:28:07] 136.6, 125.4, 1.112
[18:28:08] 137.0, 125.4, 1.110
[18:28:09] 153.9, 125.4, 1.070
[18:28:10] 176.7, 125.4, 1.118
[18:28:11] 136.0, 125.4, 1.107
[18:28:12] 136.5, 125.4, 1.109
[18:28:13] 136.9, 125.4, 1.117
[18:28:14] 137.3, 125.3, 1.563
[18:28:15] 221.6, 125.4, 1.106
[18:28:16] 134.5, 125.4, 1.107
[18:28:17] 140.1, 125.3, 1.106
[18:28:18] 140.1, 125.4, 1.112
[18:28:19] 140.1, 125.3, 2.231
[18:28:20] 233.3, 125.3, 1.062
[18:28:21] 169.1, 125.5, 1.112
[18:28:22] 140.1, 125.5, 1.109
[18:28:23] 140.1, 125.4, 1.105
[18:28:24] 140.1, 125.5, 1.102
[18:28:25] 140.0, 125.4, 2.255
[18:28:26] 284.0, 125.4, 1.086
[18:28:27] 210.7, 125.5, 1.109
[18:28:28] 140.3, 125.4, 1.107
[18:28:29] 140.2, 125.4, 1.105
[18:28:30] 140.2, 125.4, 1.110
[18:28:31] 140.2, 125.3, 2.256
[18:28:32] 240.6, 125.3, 2.259
[18:28:33] 284.2, 125.2, 2.322
[18:28:34] 292.7, 125.4, 1.114
[18:28:35] 155.5, 125.4, 1.107
[18:28:36] 140.3, 125.4, 1.106
[18:28:37] 140.3, 125.4, 1.116
[18:28:38] 140.3, 125.3, 1.113
[18:28:39] 140.3, 125.2, 2.260
[18:28:40] 299.6, 125.3, 2.333
[18:28:41] 288.2, 125.3, 2.326
[18:28:42] 288.7, 125.2, 2.328
[18:28:43] 289.2, 125.2, 2.326
[18:28:44] 289.7, 125.4, 1.129
[18:28:45] 184.7, 125.4, 1.121
[18:28:46] 140.7, 125.4, 1.112
[18:28:47] 140.6, 125.4, 1.111
[18:28:48] 140.6, 125.5, 1.111
[18:28:49] 140.6, 125.3, 2.265
[18:28:50] 274.4, 125.4, 2.292
[18:28:51] 286.9, 125.3, 2.322
[18:28:52] 292.5, 125.3, 2.326
[18:28:53] 292.5, 125.3, 2.315
[18:28:54] 292.5, 125.4, 2.327
[18:28:55] 292.6, 125.3, 2.324
[18:28:56] 292.6, 125.4, 2.328
[18:28:57] 292.7, 125.4, 2.327
[18:28:58] 292.7, 125.4, 2.330
[18:28:59] 292.8, 125.6, 1.114
[18:29:00] 223.6, 125.6, 1.113
[18:29:01] 140.7, 125.6, 1.115
[18:29:02] 140.6, 125.6, 1.111
[18:29:03] 140.6, 125.6, 1.108
