<<<[01:08:51] 141.1, 126.7, 1.108
[01:08:52] 141.2, 126.7, 1.138
[01:08:53] 141.6, 126.7, 1.139
[01:08:54] 141.9, 126.7, 1.214
[01:08:55] 158.6, 126.7, 1.262
[01:08:56] 158.8, 126.7, 1.248
[01:08:57] 158.9, 126.7, 1.243
[01:08:58] 158.9, 126.7, 1.239
[01:08:59] 158.9, 126.7, 1.175
[01:09:00] 153.7, 126.7, 1.159
[01:09:01] 148.1, 126.7, 1.166
[01:09:02] 148.0, 126.6, 1.162
[01:09:03] 148.2, 126.7, 1.165
[01:09:04] 148.2, 126.7, 1.508
[01:09:05] 170.7, 126.7, 1.099
[01:09:06] 140.8, 126.7, 1.090
[01:09:07] 140.6, 126.7, 1.091
[01:09:08] 140.6, 126.8, 1.096
[01:09:09] 140.5, 126.7, 1.505
[01:09:10] 166.9, 126.7, 1.092
[01:09:11] 140.1, 126.7, 1.091
[01:09:12] 140.0, 126.7, 1.092
[01:09:13] 140.0, 126.7, 1.096
[01:09:14] 140.0, 126.7, 1.508
[01:09:15] 166.9, 126.7, 1.093
[01:09:16] 140.3, 126.7, 1.093
[01:09:17] 140.2, 126.7, 1.097
[01:09:18] 140.2, 126.7, 1.094
[01:09:19] 140.2, 126.7, 1.485
[01:09:20] 177.4, 126.8, 1.030
[01:09:21] 132.0, 126.7, 1.096
[01:09:22] 140.5, 126.7, 1.093
[01:09:23] 140.3, 126.8, 1.094
[01:09:24] 140.3, 126.7, 1.485
[01:09:25] 178.0, 126.7, 1.032
[01:09:26] 132.0, 126.7, 1.096
[01:09:27] 140.1, 126.7, 1.094
[01:09:28] 140.0, 126.7, 1.094
[01:09:29] 140.0, 126.7, 1.501
[01:09:30] 179.8, 126.8, 1.030
[01:09:31] 132.0, 126.7, 1.092
[01:09:32] 139.2, 126.7, 1.097
[01:09:33] 139.2, 126.8, 1.097
[01:09:34] 139.3, 126.7, 2.088
[01:09:35] 195.7, 126.7, 1.034
[01:09:36] 131.6, 126.7, 1.095
[01:09:37] 139.0, 126.7, 1.099
[01:09:38] 139.1, 126.7, 1.092
[01:09:39] 139.2, 126.5, 3.543
[01:09:40] 196.1, 126.7, 1.054
[01:09:41] 164.2, 126.7, 1.100
[01:09:42] 137.8, 126.7, 1.090
[01:09:43] 138.0, 126.7, 1.093
[01:09:44] 138.2, 126.7, 1.090
[01:09:45] 138.4, 126.6, 2.087
[01:09:46] 271.4, 126.7, 1.095
[01:09:47] 134.7, 126.7, 1.093
[01:09:48] 135.3, 126.7, 1.092
[01:09:49] 135.8, 126.7, 1.090
[01:09:50] 136.3, 126.5, 3.560
[01:09:51] 191.5, 126.5, 2.280
[01:09:52] 288.9, 126.7, 1.107
[01:09:53] 176.5, 126.7, 1.095
[01:09:54] 139.9, 126.7, 1.090
[01:09:55] 139.8, 126.7, 1.093
[01:09:56] 139.8, 126.7, 1.094
[01:09:57] 139.8, 126.6, 2.277
[01:09:58] 283.1, 126.5, 2.341
[01:09:59] 292.7, 126.5, 2.343
[01:10:00] 292.4, 126.8, 1.087
[01:10:01] 150.8, 126.7, 1.098
[01:10:02] 139.9, 126.7, 1.090
[01:10:03] 139.9, 126.7, 1.093
[01:10:04] 139.8, 126.7, 1.091
[01:10:05] 172.3, 126.6, 2.285
[01:10:06] 287.6, 126.6, 2.342
[01:10:07] 293.6, 126.6, 2.341
[01:10:08] 294.1, 126.5, 2.344
[01:10:09] 294.6, 126.6, 2.342
[01:10:10] 295.0, 126.7, 1.612
[01:10:11] 232.4, 126.7, 1.098
[01:10:12] 139.9, 126.7, 1.094
[01:10:13] 139.8, 126.7, 1.094
[01:10:14] 139.9, 126.7, 1.093
[01:10:15] 139.9, 126.5, 2.269
[01:10:16] 241.7, 126.6, 2.281
[01:10:17] 289.8, 126.6, 2.342
[01:10:18] 298.1, 126.6, 2.347
[01:10:19] 298.1, 126.5, 2.344
[01:10:20] 298.1, 126.6, 2.349
[01:10:21] 298.2, 126.6, 2.347
[01:10:22] 298.2, 126.6, 2.350
[01:10:23] 298.2, 126.5, 2.340
[01:10:24] 298.2, 126.6, 2.353
[01:10:25] 298.4, 126.6, 2.350
[01:10:26] 298.4, 126.8, 1.120
[01:10:27] 213.3, 126.7, 1.099
[01:10:28] 140.5, 126.7, 1.094
[01:10:29] 140.4, 126.7, 1.093
[01:10:30] 140.4, 126.7, 1.090
