<<<[21:21:12] 145.1, 125.4, 1.123
[21:21:13] 144.7, 125.3, 1.131
[21:21:14] 144.5, 125.3, 1.137
[21:21:15] 144.4, 125.3, 1.262
[21:21:16] 152.1, 125.3, 1.260
[21:21:17] 159.9, 125.3, 1.279
[21:21:18] 159.9, 125.3, 1.276
[21:21:19] 160.0, 125.3, 1.278
[21:21:20] 160.0, 125.3, 1.272
[21:21:21] 160.1, 125.3, 1.273
[21:21:22] 160.2, 125.4, 1.242
[21:21:23] 160.0, 125.3, 1.247
[21:21:24] 159.7, 125.3, 1.245
[21:21:25] 159.6, 125.3, 1.258
[21:21:26] 159.3, 125.3, 1.245
[21:21:27] 159.0, 125.3, 1.245
[21:21:28] 0.0, 125.3, 1.262
[21:21:29] 157.9, 125.3, 1.247
[21:21:30] 157.8, 125.3, 1.259
[21:21:31] 157.9, 125.3, 1.254
[21:21:32] 157.9, 125.4, 1.254
[21:21:33] 157.8, 125.4, 1.243
[21:21:34] 157.8, 125.3, 1.279
[21:21:35] 158.1, 125.4, 1.249
[21:21:36] 158.1, 125.3, 1.188
[21:21:37] 157.6, 125.4, 1.179
[21:21:38] 149.5, 125.4, 1.182
[21:21:39] 149.5, 125.5, 1.178
[21:21:40] 149.5, 125.4, 1.181
[21:21:41] 149.5, 125.4, 1.638
[21:21:42] 186.8, 125.5, 1.050
[21:21:43] 130.2, 125.5, 1.104
[21:21:44] 139.6, 125.5, 1.111
[21:21:45] 139.6, 125.4, 1.112
[21:21:46] 139.7, 125.4, 1.788
[21:21:47] 182.5, 125.5, 1.042
[21:21:48] 130.5, 125.4, 1.107
[21:21:49] 139.2, 125.4, 1.108
[21:21:50] 139.2, 125.5, 1.110
[21:21:51] 139.4, 125.4, 2.138
[21:21:52] 185.0, 125.4, 1.042
[21:21:53] 140.3, 125.4, 1.109
[21:21:54] 140.1, 125.4, 1.109
[21:21:55] 140.1, 125.4, 1.109
[21:21:56] 140.1, 125.2, 3.220
[21:21:57] 188.1, 125.4, 1.051
[21:21:58] 151.2, 125.4, 1.111
[21:21:59] 138.1, 125.4, 1.108
[21:22:00] 138.3, 125.4, 1.105
[21:22:01] 138.5, 125.3, 1.110
[21:22:02] 160.9, 125.3, 1.303
[21:22:03] 205.5, 125.3, 1.109
[21:22:04] 136.5, 125.4, 1.113
[21:22:05] 136.9, 125.4, 1.105
[21:22:06] 137.3, 125.4, 1.111
[21:22:07] 137.9, 125.2, 2.074
[21:22:08] 228.5, 125.4, 1.031
[21:22:09] 185.4, 125.4, 1.106
[21:22:10] 139.9, 125.4, 1.118
[21:22:11] 139.9, 125.4, 1.106
[21:22:12] 140.0, 125.4, 1.105
[21:22:13] 140.0, 125.3, 2.107
[21:22:14] 240.6, 125.3, 2.060
[21:22:15] 261.0, 125.4, 1.114
[21:22:16] 167.6, 125.4, 1.108
[21:22:17] 140.1, 125.3, 1.107
[21:22:18] 140.0, 125.4, 1.118
[21:22:19] 140.0, 125.4, 1.106
[21:22:20] 140.1, 125.3, 2.063
[21:22:21] 263.8, 125.2, 2.126
[21:22:22] 263.6, 125.3, 2.130
[21:22:23] 264.2, 125.3, 1.790
[21:22:24] 246.7, 125.4, 1.111
[21:22:25] 138.7, 125.4, 1.113
[21:22:26] 138.9, 125.3, 1.112
[21:22:27] 139.0, 125.4, 1.109
[21:22:28] 139.2, 125.2, 3.354
[21:22:29] 191.5, 125.3, 2.068
[21:22:30] 260.3, 125.3, 2.126
[21:22:31] 265.7, 125.2, 2.129
[21:22:32] 266.0, 125.3, 2.131
[21:22:33] 266.2, 125.2, 2.130
[21:22:34] 266.5, 125.3, 2.134
[21:22:35] 266.8, 125.2, 2.133
[21:22:36] 266.5, 125.4, 1.106
[21:22:37] 147.5, 125.4, 1.107
[21:22:38] 140.5, 125.4, 1.114
[21:22:39] 140.5, 125.4, 1.114
[21:22:40] 140.4, 125.4, 1.104
[21:22:41] 167.3, 125.2, 2.068
[21:22:42] 258.5, 125.3, 2.130
[21:22:43] 264.5, 125.3, 2.131
[21:22:44] 264.9, 125.3, 2.133
[21:22:45] 265.4, 125.3, 2.132
[21:22:46] 265.8, 125.3, 2.133
[21:22:47] 266.1, 125.3, 2.130
[21:22:48] 266.4, 125.3, 2.136
[21:22:49] 266.7, 125.3, 2.133
[21:22:50] 267.0, 125.3, 2.137
[21:22:51] 267.2, 125.3, 2.136
[21:22:52] 267.4, 125.3, 2.136
[21:22:53] 267.7, 125.3, 2.138
[21:22:54] 267.8, 125.3, 2.135
[21:22:55] 268.0, 125.5, 1.124
[21:22:56] 183.7, 125.4, 1.112
[21:22:57] 140.3, 125.4, 1.110
[21:22:58] 140.3, 125.4, 1.109
