<<<[14:00:56] 142.4, 125.4, 1.112
[14:00:57] 142.2, 125.3, 1.115
[14:00:58] 142.1, 125.4, 1.118
[14:00:59] 142.0, 125.4, 1.137
[14:01:00] 142.4, 125.3, 1.230
[14:01:01] 158.0, 125.3, 1.274
[14:01:02] 158.3, 125.3, 1.239
[14:01:03] 158.3, 125.3, 1.144
[14:01:04] 151.3, 125.3, 1.135
[14:01:05] 143.7, 125.3, 1.147
[14:01:06] 143.7, 125.3, 1.147
[14:01:07] 143.8, 125.3, 1.134
[14:01:08] 143.8, 125.2, 1.681
[14:01:09] 171.6, 125.3, 1.117
[14:01:10] 139.6, 125.4, 1.127
[14:01:11] 139.9, 125.3, 1.128
[14:01:12] 140.1, 125.3, 1.117
[14:01:13] 140.4, 125.3, 1.685
[14:01:14] 170.9, 125.3, 1.110
[14:01:15] 138.5, 125.3, 1.111
[14:01:16] 138.7, 125.3, 1.111
[14:01:17] 138.9, 125.4, 1.111
[14:01:18] 139.1, 125.3, 1.688
[14:01:19] 170.0, 125.3, 1.124
[14:01:20] 139.4, 125.3, 1.116
[14:01:21] 139.6, 125.2, 1.116
[14:01:22] 139.7, 125.3, 1.108
[14:01:23] 139.8, 125.2, 1.686
[14:01:24] 169.4, 125.3, 1.104
[14:01:25] 138.1, 125.2, 1.112
[14:01:26] 138.3, 125.3, 1.108
[14:01:27] 138.6, 125.3, 1.108
[14:01:28] 138.7, 125.3, 1.683
[14:01:29] 169.3, 125.3, 1.113
[14:01:30] 138.7, 125.4, 1.112
[14:01:31] 138.9, 125.3, 1.107
[14:01:32] 139.0, 125.3, 1.109
[14:01:33] 139.1, 125.3, 1.690
[14:01:34] 169.1, 125.3, 1.104
[14:01:35] 138.3, 125.4, 1.108
[14:01:36] 138.4, 125.3, 1.104
[14:01:37] 138.6, 125.4, 1.111
[14:01:38] 138.8, 125.3, 1.811
[14:01:39] 179.9, 125.4, 1.046
[14:01:40] 130.3, 125.4, 1.115
[14:01:41] 139.4, 125.4, 1.105
[14:01:42] 139.4, 125.4, 1.104
[14:01:43] 139.5, 125.3, 1.942
[14:01:44] 179.0, 125.4, 1.039
[14:01:45] 130.2, 125.4, 1.104
[14:01:46] 138.7, 125.3, 1.106
[14:01:47] 138.8, 125.4, 1.102
[14:01:48] 138.9, 125.3, 2.548
[14:01:49] 180.8, 125.3, 1.043
[14:01:50] 140.8, 125.3, 1.107
[14:01:51] 140.5, 125.3, 1.105
[14:01:52] 140.4, 125.3, 1.100
[14:01:53] 140.3, 125.1, 3.493
[14:01:54] 181.6, 125.3, 1.061
[14:01:55] 151.9, 125.4, 1.106
[14:01:56] 136.9, 125.3, 1.103
[14:01:57] 137.2, 125.3, 1.106
[14:01:58] 137.5, 125.3, 1.110
[14:01:59] 142.8, 125.3, 1.337
[14:02:00] 212.2, 125.3, 1.109
[14:02:01] 136.9, 125.3, 1.106
[14:02:02] 137.2, 125.3, 1.108
[14:02:03] 137.6, 125.3, 1.107
[14:02:04] 137.8, 125.2, 1.890
[14:02:05] 211.6, 125.3, 1.332
[14:02:06] 194.6, 125.3, 1.107
[14:02:07] 140.3, 125.3, 1.109
[14:02:08] 140.2, 125.3, 1.101
[14:02:09] 140.1, 125.3, 1.106
[14:02:10] 140.1, 125.2, 1.939
[14:02:11] 221.6, 125.2, 1.904
[14:02:12] 240.4, 125.3, 1.078
[14:02:13] 181.9, 125.3, 1.103
[14:02:14] 139.4, 125.3, 1.105
[14:02:15] 139.4, 125.3, 1.100
[14:02:16] 139.5, 125.4, 1.100
[14:02:17] 139.5, 125.2, 1.913
[14:02:18] 240.6, 125.2, 1.935
[14:02:19] 240.8, 125.2, 1.969
[14:02:20] 247.6, 125.3, 1.880
[14:02:21] 238.2, 125.3, 1.108
[14:02:22] 149.7, 125.4, 1.111
[14:02:23] 140.1, 125.4, 1.104
[14:02:24] 140.0, 125.4, 1.103
[14:02:25] 139.9, 125.2, 3.360
[14:02:26] 180.7, 125.3, 1.907
[14:02:27] 238.1, 125.2, 1.969
[14:02:28] 244.9, 125.2, 1.968
[14:02:29] 245.2, 125.3, 1.970
[14:02:30] 245.6, 125.3, 1.967
[14:02:31] 245.9, 125.3, 1.968
[14:02:32] 246.1, 125.3, 1.970
[14:02:33] 246.3, 125.4, 1.118
[14:02:34] 162.9, 125.4, 1.105
[14:02:35] 139.9, 125.4, 1.105
[14:02:36] 139.9, 125.3, 1.104
[14:02:37] 139.8, 125.3, 1.106
[14:02:38] 139.9, 125.2, 1.908
[14:02:39] 256.3, 125.2, 1.974
[14:02:40] 243.5, 125.2, 1.973
[14:02:41] 244.0, 125.2, 1.971
[14:02:42] 244.5, 125.2, 1.975
[14:02:43] 244.9, 125.1, 1.973
[14:02:44] 245.4, 125.1, 1.977
[14:02:45] 245.7, 125.2, 1.974
[14:02:46] 246.1, 125.2, 1.975
[14:02:47] 246.4, 125.2, 1.975
[14:02:48] 246.6, 125.2, 1.980
[14:02:49] 246.9, 125.2, 1.976
[14:02:50] 247.1, 125.2, 1.975
[14:02:51] 247.2, 125.2, 1.975
[14:02:52] 247.4, 125.2, 1.135
[14:02:53] 186.3, 125.3, 1.102
[14:02:54] 139.9, 125.3, 1.108
[14:02:55] 139.9, 125.3, 1.102
