<<<[03:22:18] 142.5, 126.4, 1.112
[03:22:19] 142.4, 126.4, 1.107
[03:22:20] 142.4, 126.4, 1.117
[03:22:21] 142.4, 126.4, 1.259
[03:22:22] 157.3, 126.4, 1.252
[03:22:23] 157.5, 126.4, 1.258
[03:22:24] 158.0, 126.4, 1.247
[03:22:25] 158.0, 126.4, 1.256
[03:22:26] 158.0, 126.4, 1.136
[03:22:27] 144.3, 126.4, 1.116
[03:22:28] 144.1, 126.4, 1.121
[03:22:29] 143.9, 126.4, 1.105
[03:22:30] 143.7, 126.4, 1.106
[03:22:31] 144.3, 126.4, 1.102
[03:22:32] 159.9, 126.4, 1.103
[03:22:33] 140.1, 126.4, 1.097
[03:22:34] 140.1, 126.4, 1.104
[03:22:35] 140.1, 126.4, 1.096
[03:22:36] 147.5, 126.3, 1.101
[03:22:37] 159.9, 126.4, 1.102
[03:22:38] 139.9, 126.5, 1.094
[03:22:39] 139.9, 126.5, 1.092
[03:22:40] 139.8, 126.4, 1.098
[03:22:41] 147.2, 126.5, 1.100
[03:22:42] 159.9, 126.4, 1.097
[03:22:43] 139.9, 126.5, 1.095
[03:22:44] 139.8, 126.5, 1.095
[03:22:45] 139.9, 126.5, 1.089
[03:22:46] 166.0, 126.5, 1.030
[03:22:47] 147.7, 126.5, 1.097
[03:22:48] 135.8, 126.5, 1.095
[03:22:49] 136.3, 126.5, 1.092
[03:22:50] 136.7, 126.5, 1.094
[03:22:51] 165.1, 126.5, 1.037
[03:22:52] 148.1, 126.5, 1.093
[03:22:53] 135.8, 126.6, 1.092
[03:22:54] 136.3, 126.5, 1.097
[03:22:55] 136.7, 126.5, 1.095
[03:22:56] 161.7, 126.5, 1.039
[03:22:57] 153.5, 126.5, 1.094
[03:22:58] 135.8, 126.5, 1.092
[03:22:59] 136.2, 126.5, 1.093
[03:23:00] 136.7, 126.5, 1.094
[03:23:01] 137.0, 126.5, 1.031
[03:23:02] 191.3, 126.5, 1.101
[03:23:03] 134.9, 126.5, 1.090
[03:23:04] 135.4, 126.5, 1.096
[03:23:05] 135.9, 126.5, 1.097
[03:23:06] 136.4, 126.5, 1.151
[03:23:07] 207.5, 126.5, 1.066
[03:23:08] 134.1, 126.5, 1.094
[03:23:09] 139.2, 126.5, 1.096
[03:23:10] 139.2, 126.5, 1.091
[03:23:11] 139.3, 126.3, 2.240
[03:23:12] 239.1, 126.5, 1.039
[03:23:13] 149.4, 126.5, 1.093
[03:23:14] 139.9, 126.5, 1.097
[03:23:15] 139.8, 126.5, 1.098
[03:23:16] 139.8, 126.5, 1.100
[03:23:17] 146.5, 126.4, 2.264
[03:23:18] 298.7, 126.5, 1.109
[03:23:19] 175.6, 126.5, 1.093
[03:23:20] 139.4, 126.5, 1.092
[03:23:21] 139.4, 126.5, 1.097
[03:23:22] 139.5, 126.5, 1.095
[03:23:23] 139.5, 126.3, 2.262
[03:23:24] 289.6, 126.3, 2.328
[03:23:25] 289.6, 126.5, 1.199
[03:23:26] 212.0, 126.5, 1.098
[03:23:27] 140.1, 126.4, 1.095
[03:23:28] 140.0, 126.5, 1.099
[03:23:29] 140.0, 126.5, 1.097
[03:23:30] 140.0, 126.3, 2.300
[03:23:31] 259.6, 126.3, 2.269
[03:23:32] 288.6, 126.3, 2.329
[03:23:33] 296.0, 126.3, 2.333
[03:23:34] 296.0, 126.4, 1.911
[03:23:35] 270.3, 126.5, 1.093
[03:23:36] 145.9, 126.5, 1.096
[03:23:37] 140.1, 126.5, 1.095
[03:23:38] 140.0, 126.5, 1.091
[03:23:39] 140.0, 126.3, 3.391
[03:23:40] 197.5, 126.3, 2.265
[03:23:41] 288.0, 126.3, 2.332
[03:23:42] 293.8, 126.3, 2.331
[03:23:43] 294.0, 126.4, 2.332
[03:23:44] 294.3, 126.3, 2.330
[03:23:45] 294.5, 126.4, 2.332
[03:23:46] 294.7, 126.2, 2.333
[03:23:47] 294.8, 126.3, 2.335
[03:23:48] 295.0, 126.4, 1.598
[03:23:49] 250.7, 126.5, 1.100
[03:23:50] 138.7, 126.5, 1.093
[03:23:51] 138.8, 126.5, 1.096
[03:23:52] 138.9, 126.5, 1.106
[03:23:53] 139.1, 126.4, 2.337
[03:23:54] 221.8, 126.3, 2.268
[03:23:55] 288.2, 126.3, 2.332
[03:23:56] 295.1, 126.4, 2.333
[03:23:57] 295.1, 126.3, 2.336
[03:23:58] 295.3, 126.3, 2.335
[03:23:59] 295.4, 126.3, 2.337
[03:24:00] 295.5, 126.3, 2.337
[03:24:01] 295.7, 126.2, 2.338
[03:24:02] 295.8, 126.3, 2.340
[03:24:03] 295.9, 126.3, 2.338
[03:24:04] 296.0, 126.3, 2.338
[03:24:05] 296.1, 126.2, 2.339
[03:24:06] 296.2, 126.2, 2.340
[03:24:07] 296.3, 126.3, 2.338
[03:24:08] 296.3, 126.2, 2.341
[03:24:09] 296.4, 126.3, 2.340
[03:24:10] 296.4, 126.3, 2.341
[03:24:11] 296.5, 126.4, 1.101
[03:24:12] 174.3, 126.4, 1.102
[03:24:13] 140.3, 126.4, 1.100
[03:24:14] 140.3, 126.4, 1.095
[03:24:15] 140.3, 126.5, 1.094
<<<[03:30:47] 140.3, 126.4, 1.104
[03:30:48] 140.4, 126.4, 1.108
[03:30:49] 140.4, 126.3, 1.113
[03:30:50] 140.6, 126.4, 1.198
[03:30:51] 146.5, 126.3, 1.244
[03:30:52] 160.0, 126.3, 1.254
[03:30:53] 160.0, 126.3, 1.245
[03:30:54] 160.0, 126.3, 1.251
[03:30:55] 159.8, 126.3, 1.139
[03:30:56] 152.1, 126.3, 1.140
[03:30:57] 145.0, 126.4, 1.126
[03:30:58] 144.9, 126.3, 1.118
[03:30:59] 144.7, 126.3, 1.107
[03:31:00] 144.3, 126.3, 1.630
[03:31:01] 168.9, 126.4, 1.097
[03:31:02] 138.9, 126.3, 1.100
[03:31:03] 139.0, 126.4, 1.098
[03:31:04] 139.2, 126.4, 1.106
[03:31:05] 139.3, 126.3, 1.634
[03:31:06] 168.2, 126.4, 1.103
[03:31:07] 139.2, 126.4, 1.095
[03:31:08] 139.3, 126.4, 1.099
[03:31:09] 139.3, 126.4, 1.097
[03:31:10] 139.4, 126.3, 1.635
[03:31:11] 168.5, 126.3, 1.096
[03:31:12] 138.3, 126.4, 1.102
[03:31:13] 138.5, 126.4, 1.097
[03:31:14] 138.7, 126.3, 1.097
[03:31:15] 138.8, 126.3, 1.592
[03:31:16] 179.9, 126.4, 1.034
[03:31:17] 130.3, 126.4, 1.096
[03:31:18] 139.4, 126.4, 1.103
[03:31:19] 139.4, 126.4, 1.094
[03:31:20] 139.4, 126.4, 1.625
[03:31:21] 180.1, 126.4, 1.032
[03:31:22] 130.3, 126.4, 1.096
[03:31:23] 139.2, 126.4, 1.095
[03:31:24] 139.2, 126.4, 1.102
[03:31:25] 139.3, 126.4, 1.750
[03:31:26] 180.3, 126.4, 1.036
[03:31:27] 130.7, 126.4, 1.099
[03:31:28] 139.2, 126.4, 1.098
[03:31:29] 139.2, 126.4, 1.101
[03:31:30] 139.3, 126.3, 2.458
[03:31:31] 189.9, 126.3, 1.030
[03:31:32] 137.4, 126.3, 1.095
[03:31:33] 137.5, 126.4, 1.097
[03:31:34] 137.7, 126.3, 1.094
[03:31:35] 138.0, 126.0, 3.435
[03:31:36] 192.3, 126.4, 1.038
[03:31:37] 152.1, 126.3, 1.095
[03:31:38] 137.2, 126.3, 1.096
[03:31:39] 137.5, 126.3, 1.094
[03:31:40] 137.8, 126.3, 1.092
[03:31:41] 138.0, 126.3, 1.507
[03:31:42] 255.6, 126.3, 1.105
[03:31:43] 133.2, 126.4, 1.092
[03:31:44] 139.4, 126.4, 1.091
[03:31:45] 139.4, 126.4, 1.093
[03:31:46] 139.4, 126.2, 2.432
[03:31:47] 217.2, 126.4, 1.677
[03:31:48] 252.2, 126.3, 1.100
[03:31:49] 137.8, 126.4, 1.093
[03:31:50] 138.0, 126.4, 1.096
[03:31:51] 138.2, 126.4, 1.096
[03:31:52] 138.4, 126.2, 3.078
[03:31:53] 202.4, 126.2, 2.270
[03:31:54] 288.6, 126.2, 2.332
[03:31:55] 283.5, 126.4, 1.096
[03:31:56] 143.9, 126.3, 1.096
[03:31:57] 143.3, 126.4, 1.098
[03:31:58] 142.9, 126.3, 1.094
[03:31:59] 142.5, 126.3, 1.101
[03:32:00] 178.1, 126.2, 2.273
[03:32:01] 284.8, 126.2, 2.332
[03:32:02] 292.7, 126.1, 2.336
[03:32:03] 293.1, 126.1, 2.334
[03:32:04] 293.5, 126.3, 1.098
[03:32:05] 194.4, 126.4, 1.102
[03:32:06] 140.1, 126.3, 1.104
[03:32:07] 140.1, 126.3, 1.102
[03:32:08] 140.1, 126.3, 1.099
[03:32:09] 140.0, 126.2, 2.296
[03:32:10] 266.7, 126.2, 2.273
[03:32:11] 289.6, 126.2, 2.335
[03:32:12] 296.0, 126.2, 2.333
[03:32:13] 296.0, 126.3, 2.332
[03:32:14] 296.0, 126.3, 2.335
[03:32:15] 296.0, 126.3, 2.333
[03:32:16] 296.0, 126.2, 2.338
[03:32:17] 296.1, 126.3, 2.335
[03:32:18] 296.1, 126.5, 1.109
[03:32:19] 160.2, 126.4, 1.100
[03:32:20] 140.1, 126.4, 1.094
[03:32:21] 140.0, 126.4, 1.100
[03:32:22] 140.0, 126.4, 1.098
[03:32:23] 140.0, 126.2, 2.272
[03:32:24] 302.9, 126.2, 2.339
[03:32:25] 291.6, 126.2, 2.334
[03:32:26] 292.1, 126.2, 2.338
[03:32:27] 292.7, 126.2, 2.337
[03:32:28] 293.1, 126.2, 2.340
[03:32:29] 293.6, 126.2, 2.339
[03:32:30] 293.9, 126.2, 2.340
[03:32:31] 294.3, 126.2, 2.339
[03:32:32] 294.6, 126.2, 2.343
[03:32:33] 294.9, 126.2, 2.337
[03:32:34] 295.2, 126.2, 2.340
[03:32:35] 295.3, 126.2, 2.337
[03:32:36] 295.5, 126.2, 2.343
[03:32:37] 295.6, 126.2, 2.341
[03:32:38] 295.8, 126.3, 2.344
[03:32:39] 295.9, 126.3, 2.340
[03:32:40] 296.1, 126.4, 1.107
[03:32:41] 224.3, 126.4, 1.108
[03:32:42] 140.3, 126.4, 1.104
[03:32:43] 140.3, 126.4, 1.100
<<<[03:34:35] 139.6, 126.4, 1.100
[03:34:36] 139.7, 126.4, 1.102
[03:34:37] 139.8, 126.4, 1.108
[03:34:38] 140.1, 126.4, 1.281
[03:34:39] 158.0, 126.3, 1.256
[03:34:40] 158.3, 126.4, 1.244
[03:34:41] 158.5, 126.4, 1.242
[03:34:42] 158.6, 126.4, 1.155
[03:34:43] 158.2, 126.4, 1.135
[03:34:44] 143.9, 126.4, 1.124
[03:34:45] 143.9, 126.4, 1.124
[03:34:46] 143.8, 126.4, 1.112
[03:34:47] 143.6, 126.3, 1.633
[03:34:48] 163.8, 126.4, 1.106
[03:34:49] 145.0, 126.4, 1.102
[03:34:50] 144.4, 126.4, 1.101
[03:34:51] 143.9, 126.4, 1.099
[03:34:52] 143.4, 126.3, 1.621
[03:34:53] 163.1, 126.4, 1.097
[03:34:54] 144.6, 126.4, 1.095
[03:34:55] 144.0, 126.4, 1.098
[03:34:56] 143.5, 126.4, 1.096
[03:34:57] 143.0, 126.3, 1.621
[03:34:58] 162.9, 126.4, 1.098
[03:34:59] 144.5, 126.4, 1.095
[03:35:00] 143.9, 126.4, 1.098
[03:35:01] 143.4, 126.4, 1.101
[03:35:02] 143.0, 126.3, 2.802
[03:35:03] 175.4, 126.4, 1.034
[03:35:04] 137.0, 126.4, 1.099
[03:35:05] 137.1, 126.5, 1.099
[03:35:06] 137.4, 126.4, 1.102
[03:35:07] 137.7, 126.3, 2.974
[03:35:08] 175.2, 126.4, 1.034
[03:35:09] 136.9, 126.4, 1.100
[03:35:10] 137.0, 126.4, 1.097
[03:35:11] 137.3, 126.4, 1.101
[03:35:12] 137.7, 126.2, 3.583
[03:35:13] 178.1, 126.4, 1.040
[03:35:14] 136.0, 126.4, 1.098
[03:35:15] 136.1, 126.3, 1.100
[03:35:16] 136.6, 126.3, 1.094
[03:35:17] 137.0, 126.2, 2.305
[03:35:18] 181.9, 126.4, 1.037
[03:35:19] 148.1, 126.3, 1.094
[03:35:20] 136.9, 126.4, 1.092
[03:35:21] 137.2, 126.3, 1.100
[03:35:22] 137.5, 126.3, 1.094
[03:35:23] 159.7, 126.3, 1.032
[03:35:24] 187.0, 126.3, 1.103
[03:35:25] 135.8, 126.3, 1.099
[03:35:26] 136.3, 126.3, 1.098
[03:35:27] 136.7, 126.3, 1.095
[03:35:28] 137.1, 126.2, 2.160
[03:35:29] 250.2, 126.4, 1.036
[03:35:30] 139.2, 126.4, 1.095
[03:35:31] 139.2, 126.4, 1.094
[03:35:32] 139.3, 126.3, 1.096
[03:35:33] 139.4, 126.0, 3.513
[03:35:34] 190.3, 126.2, 2.269
[03:35:35] 277.1, 126.4, 1.095
[03:35:36] 140.8, 126.4, 1.097
[03:35:37] 140.6, 126.3, 1.103
[03:35:38] 140.6, 126.3, 1.098
[03:35:39] 140.5, 126.4, 1.103
[03:35:40] 176.5, 126.3, 2.272
[03:35:41] 285.3, 126.3, 2.329
[03:35:42] 292.0, 126.4, 1.100
[03:35:43] 165.6, 126.5, 1.095
[03:35:44] 139.6, 126.4, 1.101
[03:35:45] 139.6, 126.4, 1.097
[03:35:46] 139.6, 126.5, 1.092
[03:35:47] 139.7, 126.3, 2.263
[03:35:48] 292.4, 126.2, 2.330
[03:35:49] 292.1, 126.3, 2.329
[03:35:50] 292.5, 126.3, 2.332
[03:35:51] 292.9, 126.4, 1.218
[03:35:52] 228.3, 126.4, 1.099
[03:35:53] 140.5, 126.4, 1.100
[03:35:54] 140.4, 126.4, 1.099
[03:35:55] 140.4, 126.4, 1.093
[03:35:56] 140.3, 126.3, 2.241
[03:35:57] 232.3, 126.3, 2.266
[03:35:58] 287.6, 126.3, 2.332
[03:35:59] 295.3, 126.3, 2.331
[03:36:00] 295.3, 126.3, 2.335
[03:36:01] 295.4, 126.2, 2.337
[03:36:02] 295.5, 126.3, 2.339
[03:36:03] 295.6, 126.3, 2.336
[03:36:04] 295.7, 126.3, 2.338
[03:36:05] 295.8, 126.4, 1.101
[03:36:06] 199.0, 126.4, 1.103
[03:36:07] 140.3, 126.4, 1.099
[03:36:08] 140.2, 126.4, 1.098
[03:36:09] 140.2, 126.4, 1.097
[03:36:10] 140.2, 126.2, 2.305
[03:36:11] 261.6, 126.2, 2.272
[03:36:12] 289.3, 126.2, 2.338
[03:36:13] 296.2, 126.1, 2.338
[03:36:14] 296.2, 126.2, 2.342
[03:36:15] 296.3, 126.2, 2.336
[03:36:16] 296.3, 126.2, 2.343
[03:36:17] 296.3, 126.2, 2.338
[03:36:18] 296.3, 126.2, 2.342
[03:36:19] 296.3, 126.2, 2.335
[03:36:20] 296.4, 126.2, 2.341
[03:36:21] 296.5, 126.2, 2.339
[03:36:22] 296.5, 126.2, 2.344
[03:36:23] 296.5, 126.2, 2.341
[03:36:24] 296.6, 126.2, 2.344
[03:36:25] 296.6, 126.2, 2.341
[03:36:26] 296.7, 126.2, 2.344
[03:36:27] 296.7, 126.2, 2.342
[03:36:28] 284.6, 126.4, 1.102
[03:36:29] 138.3, 126.4, 1.108
[03:36:30] 138.6, 126.3, 1.098
[03:36:31] 138.7, 126.4, 1.101
[03:36:32] 138.9, 126.4, 1.104
<<<[03:38:39] 141.1, 126.4, 1.111
[03:38:40] 141.1, 126.4, 1.112
[03:38:41] 141.1, 126.4, 1.123
[03:38:42] 141.3, 126.4, 1.230
[03:38:43] 158.2, 126.4, 1.275
[03:38:44] 158.7, 126.4, 1.247
[03:38:45] 158.9, 126.4, 1.243
[03:38:46] 158.9, 126.4, 1.132
[03:38:47] 158.4, 126.4, 1.136
[03:38:48] 144.5, 126.4, 1.132
[03:38:49] 144.5, 126.4, 1.116
[03:38:50] 144.3, 126.3, 1.117
[03:38:51] 144.0, 126.3, 1.696
[03:38:52] 166.7, 126.4, 1.109
[03:38:53] 142.7, 126.4, 1.101
[03:38:54] 142.4, 126.4, 1.104
[03:38:55] 142.2, 126.4, 1.111
[03:38:56] 142.1, 126.4, 1.702
[03:38:57] 166.4, 126.4, 1.110
[03:38:58] 142.7, 126.4, 1.099
[03:38:59] 142.3, 126.4, 1.108
[03:39:00] 142.1, 126.4, 1.107
[03:39:01] 141.9, 126.3, 1.694
[03:39:02] 166.0, 126.4, 1.105
[03:39:03] 142.3, 126.4, 1.103
[03:39:04] 142.0, 126.4, 1.108
[03:39:05] 141.8, 126.4, 1.099
[03:39:06] 141.6, 126.3, 2.516
[03:39:07] 177.6, 126.4, 1.029
[03:39:08] 134.9, 126.4, 1.100
[03:39:09] 135.3, 126.4, 1.101
[03:39:10] 135.9, 126.4, 1.100
[03:39:11] 136.4, 126.3, 2.700
[03:39:12] 177.0, 126.5, 1.033
[03:39:13] 134.9, 126.4, 1.100
[03:39:14] 135.4, 126.5, 1.098
[03:39:15] 136.0, 126.4, 1.094
[03:39:16] 136.5, 126.2, 3.129
[03:39:17] 179.4, 126.5, 1.037
[03:39:18] 134.3, 126.5, 1.098
[03:39:19] 134.7, 126.4, 1.096
[03:39:20] 139.9, 126.4, 1.100
[03:39:21] 139.9, 126.1, 3.430
[03:39:22] 183.7, 126.4, 1.034
[03:39:23] 145.7, 126.4, 1.097
[03:39:24] 137.0, 126.4, 1.103
[03:39:25] 137.3, 126.4, 1.099
[03:39:26] 137.7, 126.4, 1.098
[03:39:27] 168.0, 126.4, 1.050
[03:39:28] 178.5, 126.4, 1.098
[03:39:29] 136.1, 126.4, 1.101
[03:39:30] 136.6, 126.4, 1.099
[03:39:31] 137.0, 126.4, 1.093
[03:39:32] 137.3, 126.2, 2.099
[03:39:33] 250.5, 126.4, 1.068
[03:39:34] 137.8, 126.4, 1.097
[03:39:35] 138.0, 126.4, 1.099
[03:39:36] 138.3, 126.4, 1.106
[03:39:37] 138.5, 126.2, 3.463
[03:39:38] 191.3, 126.3, 2.256
[03:39:39] 277.7, 126.4, 1.097
[03:39:40] 152.2, 126.4, 1.101
[03:39:41] 140.3, 126.4, 1.099
[03:39:42] 140.3, 126.4, 1.101
[03:39:43] 140.2, 126.4, 1.101
[03:39:44] 173.8, 126.3, 2.256
[03:39:45] 283.7, 126.3, 2.321
[03:39:46] 290.9, 126.4, 1.116
[03:39:47] 182.3, 126.4, 1.099
[03:39:48] 140.1, 126.4, 1.101
[03:39:49] 140.1, 126.4, 1.098
[03:39:50] 140.1, 126.4, 1.104
[03:39:51] 140.1, 126.3, 2.258
[03:39:52] 280.6, 126.2, 2.314
[03:39:53] 289.1, 126.3, 2.327
[03:39:54] 294.9, 126.3, 2.323
[03:39:55] 294.9, 126.3, 1.626
[03:39:56] 253.4, 126.4, 1.097
[03:39:57] 139.6, 126.4, 1.098
[03:39:58] 139.6, 126.4, 1.103
[03:39:59] 139.8, 126.4, 1.102
[03:40:00] 139.9, 126.3, 2.664
[03:40:01] 208.5, 126.2, 2.262
[03:40:02] 287.6, 126.2, 2.323
[03:40:03] 293.8, 126.2, 2.329
[03:40:04] 293.9, 126.3, 2.325
[03:40:05] 294.1, 126.3, 2.330
[03:40:06] 294.3, 126.3, 2.324
[03:40:07] 294.4, 126.3, 2.329
[03:40:08] 294.5, 126.3, 2.324
[03:40:09] 294.6, 126.4, 1.599
[03:40:10] 252.4, 126.4, 1.103
[03:40:11] 139.4, 126.4, 1.099
[03:40:12] 139.5, 126.4, 1.102
[03:40:13] 139.5, 126.4, 1.103
[03:40:14] 139.7, 126.3, 2.524
[03:40:15] 213.1, 126.3, 2.266
[03:40:16] 288.0, 126.3, 2.324
[03:40:17] 293.6, 126.2, 2.330
[03:40:18] 293.8, 126.2, 2.325
[03:40:19] 294.0, 126.2, 2.330
[03:40:20] 294.1, 126.1, 2.329
[03:40:21] 294.3, 126.2, 2.333
[03:40:22] 294.5, 126.2, 2.328
[03:40:23] 294.7, 126.2, 2.333
[03:40:24] 294.8, 126.2, 2.330
[03:40:25] 295.0, 126.2, 2.335
[03:40:26] 295.1, 126.2, 2.331
[03:40:27] 295.1, 126.1, 2.336
[03:40:28] 295.2, 126.2, 2.328
[03:40:29] 295.3, 126.2, 2.334
[03:40:30] 295.4, 126.2, 2.329
[03:40:31] 295.5, 126.3, 2.335
[03:40:32] 295.6, 126.4, 1.113
[03:40:33] 226.3, 126.4, 1.103
[03:40:34] 140.5, 126.4, 1.106
[03:40:35] 140.5, 126.4, 1.101
[03:40:36] 140.5, 126.4, 1.100
