<<<[14:04:30] 141.3, 125.4, 1.107
[14:04:31] 141.1, 125.4, 1.105
[14:04:32] 140.9, 125.4, 1.103
[14:04:33] 140.8, 125.4, 1.265
[14:04:34] 151.3, 125.3, 1.277
[14:04:35] 159.3, 125.4, 1.264
[14:04:36] 159.2, 125.4, 1.279
[14:04:37] 159.3, 125.4, 1.279
[14:04:38] 159.6, 125.4, 1.275
[14:04:39] 159.8, 125.4, 1.282
[14:04:40] 159.6, 125.3, 1.279
[14:04:41] 159.6, 125.3, 1.272
[14:04:42] 159.8, 125.4, 1.247
[14:04:43] 159.6, 125.4, 1.256
[14:04:44] 159.7, 125.4, 1.262
[14:04:45] 159.7, 125.4, 1.274
[14:04:46] 159.6, 125.4, 1.270
[14:04:47] 159.8, 125.4, 1.262
[14:04:48] 159.7, 125.4, 1.282
[14:04:49] 159.8, 125.4, 1.251
[14:04:50] 159.8, 125.4, 1.268
[14:04:51] 159.9, 125.4, 1.276
[14:04:52] 159.7, 125.4, 1.277
[14:04:53] 159.6, 125.4, 1.253
[14:04:54] 159.7, 125.3, 1.268
[14:04:55] 159.6, 125.4, 1.257
[14:04:56] 159.5, 125.4, 1.273
[14:04:57] 159.5, 125.4, 1.223
[14:04:58] 159.3, 125.4, 1.276
[14:04:59] 159.2, 125.4, 1.274
[14:05:00] 159.2, 125.4, 1.269
[14:05:01] 159.4, 125.4, 1.271
[14:05:02] 159.5, 125.4, 1.276
[14:05:03] 159.4, 125.4, 1.285
[14:05:04] 159.1, 125.4, 1.278
[14:05:05] 159.3, 125.4, 1.249
[14:05:06] 159.4, 125.4, 1.245
[14:05:07] 159.3, 125.4, 1.282
[14:05:08] 159.3, 125.4, 1.273
[14:05:09] 159.5, 125.4, 1.248
[14:05:10] 159.4, 125.4, 1.263
[14:05:11] 159.3, 125.4, 1.271
[14:05:12] 159.2, 125.4, 1.227
[14:05:13] 159.1, 125.4, 1.271
[14:05:14] 159.4, 125.4, 1.274
[14:05:15] 159.3, 125.3, 1.277
[14:05:16] 159.2, 125.3, 1.274
[14:05:17] 159.3, 125.3, 1.275
[14:05:18] 159.3, 125.3, 1.277
[14:05:19] 159.6, 125.3, 1.278
[14:05:20] 159.7, 125.3, 1.279
[14:05:21] 159.7, 125.3, 1.277
[14:05:22] 159.8, 125.3, 1.278
[14:05:23] 159.8, 125.3, 1.285
[14:05:24] 159.7, 125.3, 1.234
[14:05:25] 159.7, 125.4, 1.254
[14:05:26] 159.7, 125.4, 1.231
[14:05:27] 159.6, 125.4, 1.282
[14:05:28] 159.5, 125.4, 1.244
[14:05:29] 159.4, 125.4, 1.249
[14:05:30] 159.5, 125.3, 1.260
[14:05:31] 159.5, 125.3, 1.234
[14:05:32] 159.4, 125.4, 1.276
[14:05:33] 159.7, 125.3, 1.257
[14:05:34] 159.7, 125.3, 1.247
[14:05:35] 159.5, 125.3, 1.277
[14:05:36] 159.7, 125.4, 1.246
[14:05:37] 159.6, 125.3, 1.253
[14:05:38] 159.5, 125.3, 1.241
[14:05:39] 159.4, 125.4, 1.272
[14:05:40] 159.4, 125.4, 1.277
[14:05:41] 159.5, 125.4, 1.250
[14:05:42] 159.4, 125.4, 1.243
[14:05:43] 159.5, 125.4, 1.279
[14:05:44] 159.5, 125.4, 1.272
[14:05:45] 159.6, 125.4, 1.263
[14:05:46] 159.6, 125.4, 1.282
[14:05:47] 159.4, 125.4, 1.262
[14:05:48] 159.3, 125.4, 1.224
[14:05:49] 159.0, 125.4, 1.253
[14:05:50] 159.1, 125.4, 1.209
[14:05:51] 158.7, 125.4, 1.207
[14:05:52] 158.6, 125.4, 1.242
[14:05:53] 158.6, 125.4, 1.276
[14:05:54] 159.0, 125.4, 1.281
[14:05:55] 158.9, 125.4, 1.288
[14:05:56] 158.9, 125.4, 1.275
[14:05:57] 159.0, 125.4, 1.277
[14:05:58] 159.0, 125.4, 1.260
[14:05:59] 159.0, 125.4, 1.277
[14:06:00] 159.1, 125.3, 1.283
[14:06:01] 159.2, 125.4, 1.274
[14:06:02] 159.4, 125.3, 1.276
[14:06:03] 159.5, 125.3, 1.241
[14:06:04] 159.5, 125.3, 1.278
[14:06:05] 159.3, 125.3, 1.255
[14:06:06] 159.5, 125.3, 1.212
[14:06:07] 159.3, 125.3, 1.278
[14:06:08] 159.5, 125.3, 1.234
[14:06:09] 159.4, 125.3, 1.261
[14:06:10] 159.3, 125.3, 1.274
[14:06:11] 159.4, 125.3, 1.268
[14:06:12] 159.5, 125.3, 1.233
[14:06:13] 159.4, 125.3, 1.234
[14:06:14] 159.5, 125.3, 1.282
[14:06:15] 159.5, 125.3, 1.241
[14:06:16] 159.3, 125.3, 1.281
[14:06:17] 159.2, 125.3, 1.279
[14:06:18] 159.3, 125.4, 1.212
[14:06:19] 158.9, 125.3, 1.215
[14:06:20] 158.8, 125.3, 1.240
[14:06:21] 158.9, 125.2, 1.279
[14:06:22] 159.0, 125.2, 1.237
[14:06:23] 159.0, 125.2, 1.235
[14:06:24] 159.0, 125.3, 1.277
[14:06:25] 159.2, 125.3, 1.237
[14:06:26] 159.1, 125.3, 1.273
[14:06:27] 159.3, 125.3, 1.278
[14:06:28] 159.4, 125.4, 1.276
[14:06:29] 159.5, 125.4, 1.222
[14:06:30] 159.3, 125.4, 1.277
[14:06:31] 159.5, 125.4, 1.259
[14:06:32] 159.3, 125.3, 1.284
[14:06:33] 159.3, 125.3, 1.271
[14:06:34] 159.4, 125.3, 1.277
[14:06:35] 159.3, 125.3, 1.283
[14:06:36] 159.3, 125.4, 1.279
[14:06:37] 159.2, 125.4, 1.266
[14:06:38] 159.4, 125.4, 1.274
[14:06:39] 159.3, 125.3, 1.275
[14:06:40] 159.3, 125.3, 1.278
[14:06:41] 159.0, 125.4, 1.219
[14:06:42] 158.6, 125.3, 1.215
[14:06:43] 158.5, 125.3, 1.269
[14:06:44] 158.5, 125.3, 1.279
[14:06:45] 158.6, 125.3, 1.241
[14:06:46] 158.7, 125.3, 1.274
[14:06:47] 158.7, 125.3, 1.277
[14:06:48] 158.8, 125.3, 1.276
[14:06:49] 158.8, 125.3, 1.277
[14:06:50] 158.9, 125.3, 1.255
[14:06:51] 159.0, 125.4, 1.276
[14:06:52] 159.2, 125.4, 1.264
[14:06:53] 159.1, 125.3, 1.280
[14:06:54] 159.2, 125.4, 1.270
[14:06:55] 159.1, 125.4, 1.271
[14:06:56] 159.1, 125.3, 1.278
[14:06:57] 159.1, 125.3, 1.273
[14:06:58] 159.2, 125.4, 1.271
[14:06:59] 159.4, 125.4, 1.278
[14:07:00] 159.5, 125.4, 1.269
[14:07:01] 159.4, 125.4, 1.237
[14:07:02] 159.0, 125.3, 1.264
[14:07:03] 159.1, 125.4, 1.265
[14:07:04] 159.0, 125.4, 1.286
[14:07:05] 159.0, 125.3, 1.235
[14:07:06] 159.0, 125.3, 1.256
[14:07:07] 159.2, 125.4, 1.232
[14:07:08] 159.3, 125.3, 1.275
[14:07:09] 159.5, 125.3, 1.275
[14:07:10] 159.6, 125.4, 1.234
[14:07:11] 159.4, 125.3, 1.256
[14:07:12] 159.4, 125.3, 1.275
[14:07:13] 159.3, 125.2, 1.242
[14:07:14] 159.2, 125.3, 1.244
[14:07:15] 159.3, 125.3, 1.251
[14:07:16] 159.2, 125.3, 1.241
[14:07:17] 159.2, 125.3, 1.249
[14:07:18] 159.0, 125.2, 1.266
[14:07:19] 159.1, 125.3, 1.252
[14:07:20] 159.0, 125.3, 1.267
[14:07:21] 158.9, 125.3, 1.256
[14:07:22] 158.9, 125.3, 1.274
[14:07:23] 159.1, 125.3, 1.249
[14:07:24] 158.6, 125.3, 1.277
[14:07:25] 158.7, 125.3, 1.278
[14:07:26] 158.8, 125.3, 1.257
[14:07:27] 159.0, 125.3, 1.249
[14:07:28] 158.8, 125.3, 1.292
[14:07:29] 158.8, 125.3, 1.266
[14:07:30] 159.0, 125.3, 1.254
[14:07:31] 159.1, 125.3, 1.281
[14:07:32] 159.0, 125.3, 1.276
[14:07:33] 158.9, 125.3, 1.284
[14:07:34] 159.0, 125.3, 1.243
[14:07:35] 180.7, 125.3, 1.229
[14:07:36] 158.8, 125.3, 1.229
[14:07:37] 158.9, 125.3, 1.283
[14:07:38] 159.0, 125.3, 1.275
[14:07:39] 159.2, 125.4, 1.240
[14:07:40] 159.0, 125.3, 1.248
[14:07:41] 159.1, 125.3, 1.261
[14:07:42] 159.1, 125.3, 1.246
[14:07:43] 158.9, 125.3, 1.269
[14:07:44] 158.8, 125.3, 1.273
[14:07:45] 158.7, 125.3, 1.238
[14:07:46] 158.5, 125.3, 1.275
[14:07:47] 158.7, 125.3, 1.243
[14:07:48] 158.6, 125.3, 1.262
[14:07:49] 158.5, 125.4, 1.259
[14:07:50] 158.5, 125.4, 1.223
[14:07:51] 158.6, 125.4, 1.268
[14:07:52] 158.8, 125.4, 1.274
[14:07:53] 158.9, 125.4, 1.277
[14:07:54] 159.1, 125.4, 1.260
[14:07:55] 158.8, 125.4, 1.248
[14:07:56] 158.7, 125.4, 1.236
[14:07:57] 158.8, 125.4, 1.276
[14:07:58] 158.9, 125.4, 1.274
[14:07:59] 159.1, 125.4, 1.280
[14:08:00] 159.2, 125.4, 1.242
[14:08:01] 159.3, 125.4, 1.210
[14:08:02] 159.1, 125.3, 1.231
[14:08:03] 159.1, 125.4, 1.238
[14:08:04] 159.0, 125.3, 1.279
[14:08:05] 159.0, 125.4, 1.266
[14:08:06] 159.0, 125.4, 1.272
[14:08:07] 159.0, 125.4, 1.209
[14:08:08] 158.9, 125.4, 1.252
[14:08:09] 159.1, 125.4, 1.269
[14:08:10] 159.0, 125.4, 1.258
[14:08:11] 159.1, 125.3, 1.281
[14:08:12] 159.1, 125.3, 1.275
[14:08:13] 159.3, 125.3, 1.281
[14:08:14] 159.1, 125.3, 1.234
[14:08:15] 159.2, 125.4, 1.263
[14:08:16] 159.1, 125.3, 1.229
[14:08:17] 159.0, 125.3, 1.277
[14:08:18] 159.0, 125.3, 1.272
[14:08:19] 159.1, 125.3, 1.272
[14:08:20] 159.2, 125.3, 1.281
[14:08:21] 159.2, 125.3, 1.243
[14:08:22] 159.3, 125.3, 1.221
[14:08:23] 159.3, 125.3, 1.260
[14:08:24] 159.3, 125.3, 1.238
[14:08:25] 159.2, 125.3, 1.241
[14:08:26] 159.2, 125.3, 1.283
[14:08:27] 159.4, 125.3, 1.273
[14:08:28] 159.3, 125.3, 1.279
[14:08:29] 159.2, 125.3, 1.261
[14:08:30] 159.3, 125.3, 1.284
[14:08:31] 159.3, 125.3, 1.256
[14:08:32] 159.2, 125.3, 1.242
[14:08:33] 158.9, 125.3, 1.278
[14:08:34] 159.1, 125.3, 1.273
[14:08:35] 159.1, 125.3, 1.284
[14:08:36] 159.1, 125.4, 1.287
[14:08:37] 159.3, 125.4, 1.215
[14:08:38] 159.1, 125.4, 1.282
[14:08:39] 159.3, 125.4, 1.265
[14:08:40] 159.3, 125.3, 1.274
[14:08:41] 159.3, 125.4, 1.231
[14:08:42] 159.0, 125.4, 1.254
[14:08:43] 159.2, 125.3, 1.276
[14:08:44] 159.3, 125.3, 1.276
[14:08:45] 159.3, 125.4, 1.230
[14:08:46] 159.2, 125.4, 1.227
[14:08:47] 159.0, 125.4, 1.276
[14:08:48] 159.2, 125.4, 1.275
[14:08:49] 159.2, 125.4, 1.260
[14:08:50] 159.2, 125.4, 1.242
[14:08:51] 159.1, 125.3, 1.242
[14:08:52] 159.1, 125.3, 1.259
[14:08:53] 159.1, 125.4, 1.259
[14:08:54] 159.1, 125.4, 1.277
[14:08:55] 159.3, 125.4, 1.258
[14:08:56] 159.1, 125.4, 1.240
[14:08:57] 159.0, 125.3, 1.276
[14:08:58] 159.1, 125.4, 1.231
[14:08:59] 158.9, 125.4, 1.260
[14:09:00] 158.7, 125.3, 1.274
[14:09:01] 158.7, 125.3, 1.277
[14:09:02] 158.7, 125.4, 1.211
[14:09:03] 158.5, 125.3, 1.255
[14:09:04] 158.7, 125.3, 1.274
[14:09:05] 158.7, 125.3, 1.281
[14:09:06] 158.6, 125.3, 1.276
[14:09:07] 158.6, 125.3, 1.277
[14:09:08] 158.7, 125.3, 1.276
[14:09:09] 158.8, 125.3, 1.236
[14:09:10] 158.7, 125.3, 1.274
[14:09:11] 158.9, 125.3, 1.262
[14:09:12] 158.7, 125.3, 1.272
[14:09:13] 158.9, 125.3, 1.275
[14:09:14] 158.8, 125.3, 1.262
[14:09:15] 158.8, 125.3, 1.246
[14:09:16] 158.7, 125.3, 1.237
[14:09:17] 158.8, 125.3, 1.284
[14:09:18] 158.7, 125.3, 1.259
[14:09:19] 158.7, 125.4, 1.216
[14:09:20] 158.7, 125.3, 1.276
[14:09:21] 158.9, 125.3, 1.238
[14:09:22] 158.9, 125.3, 1.273
[14:09:23] 158.9, 125.3, 1.283
[14:09:24] 158.8, 125.3, 1.274
[14:09:25] 159.1, 125.3, 1.282
[14:09:26] 159.0, 125.4, 1.277
[14:09:27] 159.2, 125.3, 1.273
[14:09:28] 159.2, 125.4, 1.211
[14:09:29] 159.0, 125.4, 1.298
[14:09:30] 159.2, 125.4, 1.299
[14:09:31] 159.8, 125.4, 1.298
[14:09:32] 160.3, 125.4, 1.239
[14:09:33] 159.9, 125.4, 1.241
[14:09:34] 159.5, 125.4, 1.249
[14:09:35] 159.1, 125.3, 1.285
[14:09:36] 159.0, 125.4, 1.247
[14:09:37] 158.7, 125.4, 1.276
[14:09:38] 158.4, 125.4, 1.245
[14:09:39] 158.2, 125.4, 1.283
[14:09:40] 158.3, 125.4, 1.234
[14:09:41] 158.1, 125.3, 1.237
[14:09:42] 158.0, 125.4, 1.240
[14:09:43] 157.8, 125.3, 1.281
[14:09:44] 157.8, 125.3, 1.241
[14:09:45] 157.7, 125.3, 1.276
[14:09:46] 157.6, 125.3, 1.250
[14:09:47] 157.4, 125.3, 1.287
[14:09:48] 157.6, 125.3, 1.283
[14:09:49] 158.0, 125.3, 1.250
[14:09:50] 157.8, 125.3, 1.242
[14:09:51] 157.7, 125.3, 1.232
[14:09:52] 157.5, 125.3, 1.244
[14:09:53] 157.6, 125.3, 1.237
[14:09:54] 157.4, 125.3, 1.238
[14:09:55] 157.4, 125.3, 1.235
[14:09:56] 157.3, 125.3, 1.287
[14:09:57] 157.6, 125.3, 1.250
[14:09:58] 157.5, 125.3, 1.245
[14:09:59] 157.4, 125.3, 1.233
[14:10:00] 157.2, 125.2, 1.243
[14:10:01] 157.3, 125.3, 1.233
[14:10:02] 157.2, 125.2, 1.234
[14:10:03] 157.2, 125.2, 1.239
[14:10:04] 157.1, 125.3, 1.284
[14:10:05] 157.6, 125.3, 1.263
[14:10:06] 158.1, 125.3, 1.294
[14:10:07] 158.4, 125.4, 1.253
[14:10:08] 158.2, 125.3, 1.249
[14:10:09] 158.0, 125.3, 1.236
[14:10:10] 157.8, 125.3, 1.243
[14:10:11] 157.8, 125.3, 1.233
[14:10:12] 157.7, 125.3, 1.234
[14:10:13] 157.6, 125.3, 1.239
[14:10:14] 157.4, 125.3, 1.285
[14:10:15] 157.7, 125.3, 1.253
[14:10:16] 157.6, 125.3, 1.249
[14:10:17] 157.5, 125.3, 1.238
[14:10:18] 157.3, 125.4, 1.246
[14:10:19] 157.4, 125.4, 1.237
[14:10:20] 157.3, 125.4, 1.232
[14:10:21] 157.3, 125.3, 1.232
[14:10:22] 157.2, 125.3, 1.282
[14:10:23] 157.6, 125.3, 1.238
[14:10:24] 157.8, 125.3, 1.237
[14:10:25] 157.7, 125.3, 1.238
[14:10:26] 157.6, 125.3, 1.245
[14:10:27] 157.4, 125.3, 1.237
[14:10:28] 157.5, 125.2, 1.240
[14:10:29] 157.4, 125.3, 1.239
[14:10:30] 157.3, 125.3, 1.235
[14:10:31] 157.3, 125.3, 1.235
[14:10:32] 157.5, 125.3, 1.236
[14:10:33] 157.4, 125.3, 1.239
[14:10:34] 157.4, 125.3, 1.241
[14:10:35] 157.2, 125.3, 1.231
[14:10:36] 157.3, 125.2, 1.244
[14:10:37] 157.2, 125.3, 1.238
[14:10:38] 157.2, 125.3, 1.239
[14:10:39] 157.1, 125.3, 1.293
[14:10:40] 162.6, 125.3, 1.285
[14:10:41] 162.5, 125.3, 1.274
[14:10:42] 162.4, 125.3, 1.273
[14:10:43] 162.2, 125.3, 1.292
[14:10:44] 162.2, 125.3, 1.235
[14:10:45] 157.0, 125.2, 1.236
[14:10:46] 157.0, 125.2, 1.242
[14:10:47] 156.9, 125.2, 1.282
[14:10:48] 157.0, 125.2, 1.243
[14:10:49] 156.9, 125.2, 1.276
[14:10:50] 156.9, 125.3, 1.254
[14:10:51] 156.9, 125.3, 1.286
[14:10:52] 157.1, 125.2, 1.238
[14:10:53] 157.1, 125.3, 1.236
[14:10:54] 157.1, 125.3, 1.236
[14:10:55] 157.1, 125.3, 1.277
[14:10:56] 157.2, 125.3, 1.240
[14:10:57] 157.1, 125.3, 1.273
[14:10:58] 157.0, 125.3, 1.251
[14:10:59] 156.9, 125.3, 1.289
[14:11:00] 157.2, 125.3, 1.285
[14:11:01] 157.7, 125.3, 1.246
[14:11:02] 157.5, 125.3, 1.239
[14:11:03] 157.4, 125.3, 1.236
[14:11:04] 157.3, 125.3, 1.235
[14:11:05] 157.4, 125.3, 1.237
[14:11:06] 157.3, 125.3, 1.237
[14:11:07] 157.2, 125.3, 1.238
[14:11:08] 157.1, 125.3, 1.277
[14:11:09] 157.5, 125.3, 1.248
[14:11:10] 157.4, 125.3, 1.239
[14:11:11] 157.3, 125.3, 1.234
[14:11:12] 157.2, 125.3, 1.237
[14:11:13] 157.3, 125.3, 1.230
[14:11:14] 157.2, 125.4, 1.235
[14:11:15] 157.1, 125.3, 1.234
[14:11:16] 157.1, 125.3, 1.286
[14:11:17] 157.6, 125.3, 1.289
[14:11:18] 158.2, 125.3, 1.260
[14:11:19] 158.4, 125.2, 1.240
[14:11:20] 158.2, 125.2, 1.234
[14:11:21] 158.0, 125.2, 1.236
[14:11:22] 157.8, 125.2, 1.233
[14:11:23] 157.8, 125.2, 1.237
[14:11:24] 157.7, 125.3, 1.237
[14:11:25] 157.6, 125.3, 1.236
[14:11:26] 157.5, 125.3, 1.267
[14:11:27] 157.8, 125.3, 1.244
[14:11:28] 157.6, 125.3, 1.232
[14:11:29] 157.5, 125.3, 1.233
[14:11:30] 157.4, 125.2, 1.234
[14:11:31] 157.4, 125.3, 1.234
[14:11:32] 157.3, 125.3, 1.238
[14:11:33] 157.3, 125.3, 1.235
[14:11:34] 157.1, 125.3, 1.288
[14:11:35] 157.7, 125.3, 1.233
[14:11:36] 157.8, 125.3, 1.242
[14:11:37] 157.6, 125.3, 1.239
[14:11:38] 157.5, 125.3, 1.235
[14:11:39] 157.4, 125.3, 1.239
[14:11:40] 157.4, 125.3, 1.235
[14:11:41] 157.3, 125.3, 1.237
[14:11:42] 157.3, 125.3, 1.238
[14:11:43] 157.3, 125.3, 1.234
[14:11:44] 157.5, 125.3, 1.240
[14:11:45] 157.4, 125.3, 1.242
[14:11:46] 157.3, 125.3, 1.236
[14:11:47] 157.2, 125.3, 1.241
[14:11:48] 157.3, 125.3, 1.238
[14:11:49] 157.2, 125.3, 1.237
[14:11:50] 157.1, 125.3, 1.237
[14:11:51] 157.2, 125.3, 1.279
[14:11:52] 157.8, 125.2, 1.276
[14:11:53] 158.3, 125.3, 1.286
[14:11:54] 158.8, 125.3, 1.279
[14:11:55] 159.3, 125.3, 1.290
[14:11:56] 159.6, 125.3, 1.268
[14:11:57] 159.8, 125.3, 1.292
[14:11:58] 160.0, 125.2, 1.283
[14:11:59] 160.1, 125.3, 1.282
[14:12:00] 160.3, 125.3, 1.291
[14:12:01] 160.6, 125.3, 1.236
[14:12:02] 160.3, 125.3, 1.239
[14:12:03] 159.8, 125.3, 1.240
[14:12:04] 159.4, 125.3, 1.239
[14:12:05] 159.2, 125.2, 1.239
[14:12:06] 158.9, 125.3, 1.238
[14:12:07] 158.7, 125.3, 1.233
[14:12:08] 158.5, 125.3, 1.260
[14:12:09] 158.4, 125.3, 1.233
[14:12:10] 158.3, 125.2, 1.241
[14:12:11] 158.1, 125.2, 1.242
[14:12:12] 158.0, 125.2, 1.238
[14:12:13] 157.8, 125.2, 1.241
[14:12:14] 157.8, 125.3, 1.238
[14:12:15] 157.7, 125.2, 1.235
[14:12:16] 157.6, 125.1, 1.260
[14:12:17] 157.6, 125.2, 1.279
[14:12:18] 185.4, 125.2, 1.290
[14:12:19] 156.6, 125.2, 1.273
[14:12:20] 156.6, 125.2, 1.253
[14:12:21] 156.6, 125.2, 1.291
[14:12:22] 156.7, 125.2, 1.254
[14:12:23] 156.7, 125.2, 1.254
[14:12:24] 156.7, 125.2, 1.236
[14:12:25] 156.7, 125.2, 1.287
[14:12:26] 157.1, 125.2, 1.238
[14:12:27] 157.1, 125.3, 1.267
[14:12:28] 157.1, 125.3, 1.254
[14:12:29] 157.0, 125.2, 1.293
[14:12:30] 157.1, 125.2, 1.254
[14:12:31] 157.0, 125.3, 1.253
[14:12:32] 157.0, 125.3, 1.235
[14:12:33] 156.9, 125.3, 1.284
[14:12:34] 157.3, 125.3, 1.289
[14:12:35] 162.6, 125.3, 1.288
[14:12:36] 162.4, 125.3, 1.246
[14:12:37] 156.4, 125.3, 1.276
[14:12:38] 156.4, 125.3, 1.243
[14:12:39] 156.4, 125.3, 1.306
[14:12:40] 156.8, 125.2, 1.277
[14:12:41] 157.3, 125.3, 1.235
[14:12:42] 157.5, 125.3, 1.236
[14:12:43] 157.4, 125.2, 1.285
[14:12:44] 157.7, 125.2, 1.245
[14:12:45] 157.6, 125.3, 1.280
[14:12:46] 157.5, 125.2, 1.253
[14:12:47] 157.4, 125.2, 1.282
[14:12:48] 157.4, 125.2, 1.249
[14:12:49] 157.3, 125.3, 1.240
[14:12:50] 157.3, 125.2, 1.234
[14:12:51] 157.2, 125.2, 1.287
[14:12:52] 157.6, 125.2, 1.235
[14:12:53] 157.9, 125.2, 1.239
[14:12:54] 157.7, 125.2, 1.236
[14:12:55] 157.6, 125.3, 1.241
[14:12:56] 157.5, 125.3, 1.239
[14:12:57] 157.5, 125.3, 1.239
[14:12:58] 157.4, 125.3, 1.245
[14:12:59] 157.4, 125.3, 1.237
[14:13:00] 157.2, 125.3, 1.236
[14:13:01] 157.6, 125.2, 1.235
[14:13:02] 157.4, 125.2, 1.238
[14:13:03] 157.4, 125.2, 1.239
[14:13:04] 157.3, 125.3, 1.238
[14:13:05] 157.3, 125.3, 1.235
[14:13:06] 157.3, 125.3, 1.238
[14:13:07] 157.2, 125.3, 1.237
[14:13:08] 157.1, 125.3, 1.290
[14:13:09] 162.4, 125.3, 1.292
[14:13:10] 162.4, 125.3, 1.292
[14:13:11] 162.4, 125.3, 1.277
[14:13:12] 162.4, 125.3, 1.285
[14:13:13] 162.3, 125.3, 1.234
[14:13:14] 157.0, 125.3, 1.241
[14:13:15] 157.0, 125.3, 1.247
[14:13:16] 156.9, 125.3, 1.291
[14:13:17] 157.0, 125.3, 1.249
[14:13:18] 156.9, 125.2, 1.276
[14:13:19] 156.9, 125.2, 1.247
[14:13:20] 156.9, 125.2, 1.289
[14:13:21] 157.2, 125.2, 1.237
[14:13:22] 157.1, 125.2, 1.241
[14:13:23] 157.2, 125.2, 1.249
[14:13:24] 157.1, 125.2, 1.288
[14:13:25] 157.2, 125.3, 1.247
[14:13:26] 157.1, 125.2, 1.278
[14:13:27] 157.1, 125.3, 1.248
[14:13:28] 157.0, 125.2, 1.284
[14:13:29] 157.3, 125.2, 1.269
[14:13:30] 157.7, 125.2, 1.241
[14:13:31] 157.6, 125.2, 1.233
[14:13:32] 157.5, 125.2, 1.235
[14:13:33] 157.3, 125.2, 1.234
[14:13:34] 157.4, 125.2, 1.234
[14:13:35] 157.3, 125.2, 1.239
[14:13:36] 157.3, 125.2, 1.236
[14:13:37] 157.2, 125.2, 1.269
[14:13:38] 157.5, 125.1, 1.244
[14:13:39] 157.4, 125.2, 1.235
[14:13:40] 157.3, 125.2, 1.233
[14:13:41] 157.2, 125.2, 1.237
[14:13:42] 157.3, 125.2, 1.235
[14:13:43] 157.2, 125.2, 1.238
[14:13:44] 157.2, 125.2, 1.238
[14:13:45] 157.1, 125.2, 1.288
[14:13:46] 157.7, 125.2, 1.288
[14:13:47] 158.3, 125.2, 1.243
[14:13:48] 158.5, 125.1, 1.237
[14:13:49] 158.2, 125.2, 1.237
[14:13:50] 158.0, 125.2, 1.239
[14:13:51] 157.9, 125.2, 1.238
[14:13:52] 157.9, 125.2, 1.236
[14:13:53] 157.8, 125.2, 1.240
[14:13:54] 157.7, 125.2, 1.239
[14:13:55] 157.5, 125.2, 1.248
[14:13:56] 157.8, 125.2, 1.237
[14:13:57] 157.6, 125.3, 1.236
[14:13:58] 157.6, 125.2, 1.238
[14:13:59] 157.4, 125.2, 1.238
[14:14:00] 157.5, 125.2, 1.235
[14:14:01] 157.4, 125.2, 1.238
[14:14:02] 157.4, 125.2, 1.241
[14:14:03] 157.2, 125.3, 1.292
[14:14:04] 157.8, 125.2, 1.236
[14:14:05] 157.9, 125.2, 1.241
[14:14:06] 157.7, 125.3, 1.243
[14:14:07] 157.6, 125.3, 1.237
[14:14:08] 157.5, 125.3, 1.240
[14:14:09] 157.5, 125.2, 1.237
[14:14:10] 157.4, 125.1, 1.238
[14:14:11] 157.4, 125.2, 1.266
[14:14:12] 157.4, 125.2, 1.238
[14:14:13] 157.6, 125.2, 1.241
[14:14:14] 157.4, 125.3, 1.238
[14:14:15] 157.3, 125.3, 1.239
[14:14:16] 157.3, 125.2, 1.241
[14:14:17] 157.4, 125.2, 1.239
[14:14:18] 157.3, 125.2, 1.236
[14:14:19] 157.3, 125.2, 1.257
[14:14:20] 157.3, 125.2, 1.286
[14:14:21] 162.6, 125.2, 1.276
[14:14:22] 162.5, 125.2, 1.291
[14:14:23] 162.5, 125.2, 1.279
[14:14:24] 162.4, 125.2, 1.295
[14:14:25] 162.4, 125.2, 1.290
[14:14:26] 162.4, 125.1, 1.299
[14:14:27] 162.6, 125.2, 1.282
[14:14:28] 162.5, 125.2, 1.285
[14:14:29] 162.4, 125.2, 1.287
[14:14:30] 162.4, 125.1, 1.285
[14:14:31] 162.3, 125.2, 1.266
[14:14:32] 162.0, 125.2, 1.273
[14:14:33] 161.8, 125.2, 1.294
[14:14:34] 161.9, 125.3, 1.270
[14:14:35] 161.7, 125.3, 1.282
[14:14:36] 161.7, 125.3, 1.287
[14:14:37] 161.7, 125.3, 1.282
[14:14:38] 161.7, 125.3, 1.288
[14:14:39] 161.8, 125.3, 1.289
[14:14:40] 161.9, 125.3, 1.287
[14:14:41] 161.8, 125.3, 1.249
[14:14:42] 156.6, 125.2, 1.252
[14:14:43] 156.6, 125.3, 1.239
[14:14:44] 156.6, 125.3, 1.239
[14:14:45] 156.6, 125.3, 1.238
[14:14:46] 156.7, 125.3, 1.239
[14:14:47] 156.7, 125.3, 1.239
[14:14:48] 156.7, 125.3, 1.238
[14:14:49] 156.6, 125.3, 1.273
[14:14:50] 157.0, 125.3, 1.252
[14:14:51] 157.0, 125.4, 1.270
[14:14:52] 156.9, 125.3, 1.243
[14:14:53] 156.9, 125.4, 1.243
[14:14:54] 156.9, 125.4, 1.236
[14:14:55] 156.9, 125.3, 1.237
[14:14:56] 156.8, 125.3, 1.242
[14:14:57] 156.8, 125.3, 1.236
[14:14:58] 156.7, 125.3, 1.280
[14:14:59] 157.3, 125.4, 1.233
[14:15:00] 157.5, 125.3, 1.232
[14:15:01] 157.3, 125.3, 1.233
[14:15:02] 157.3, 125.3, 1.231
[14:15:03] 157.2, 125.3, 1.272
[14:15:04] 157.3, 125.2, 1.251
[14:15:05] 157.1, 125.3, 1.265
[14:15:06] 157.1, 125.3, 1.237
[14:15:07] 157.0, 125.3, 1.243
[14:15:08] 157.1, 125.3, 1.233
[14:15:09] 157.2, 125.3, 1.231
[14:15:10] 157.1, 125.3, 1.234
[14:15:11] 157.1, 125.2, 1.233
[14:15:12] 157.0, 125.2, 1.238
[14:15:13] 157.1, 125.2, 1.235
[14:15:14] 157.0, 125.3, 1.241
[14:15:15] 157.0, 125.2, 1.248
[14:15:16] 156.9, 125.2, 1.292
[14:15:17] 157.1, 125.2, 1.278
[14:15:18] 157.7, 125.2, 1.280
[14:15:19] 158.2, 125.2, 1.236
[14:15:20] 158.3, 125.2, 1.228
[14:15:21] 158.0, 125.2, 1.233
[14:15:22] 157.8, 125.3, 1.234
[14:15:23] 157.7, 125.3, 1.259
[14:15:24] 157.7, 125.3, 1.254
[14:15:25] 157.5, 125.2, 1.280
[14:15:26] 157.5, 125.2, 1.254
[14:15:27] 157.4, 125.2, 1.261
[14:15:28] 157.4, 125.2, 1.234
[14:15:29] 157.5, 125.2, 1.236
[14:15:30] 157.3, 125.2, 1.234
[14:15:31] 157.3, 125.2, 1.235
[14:15:32] 157.1, 125.3, 1.244
[14:15:33] 157.3, 125.3, 1.249
[14:15:34] 157.1, 125.3, 1.269
[14:15:35] 157.1, 125.3, 1.251
[14:15:36] 157.0, 125.3, 1.287
[14:15:37] 157.2, 125.3, 1.276
[14:15:38] 157.7, 125.3, 1.233
[14:15:39] 157.5, 125.3, 1.239
[14:15:40] 157.4, 125.2, 1.238
[14:15:41] 157.3, 125.3, 1.236
[14:15:42] 157.2, 125.3, 1.235
[14:15:43] 157.3, 125.3, 1.235
[14:15:44] 157.1, 125.3, 1.236
[14:15:45] 157.1, 125.3, 1.231
[14:15:46] 157.0, 125.3, 1.285
[14:15:47] 157.4, 125.3, 1.237
[14:15:48] 157.2, 125.2, 1.239
[14:15:49] 157.2, 125.3, 1.239
[14:15:50] 157.1, 125.3, 1.233
[14:15:51] 157.0, 125.3, 1.238
[14:15:52] 157.0, 125.3, 1.241
[14:15:53] 157.0, 125.2, 1.237
[14:15:54] 157.0, 125.2, 1.237
[14:15:55] 156.9, 125.2, 1.284
[14:15:56] 157.4, 125.2, 1.287
[14:15:57] 157.9, 125.1, 1.282
[14:15:58] 158.4, 125.2, 1.289
[14:15:59] 158.9, 125.2, 1.281
[14:16:00] 159.2, 125.2, 1.280
[14:16:01] 159.5, 125.2, 1.236
[14:16:02] 159.1, 125.2, 1.235
[14:16:03] 158.8, 125.2, 1.235
[14:16:04] 158.5, 125.2, 1.236
[14:16:05] 158.3, 125.2, 1.239
[14:16:06] 158.2, 125.2, 1.240
[14:16:07] 158.0, 125.2, 1.241
[14:16:08] 157.8, 125.2, 1.239
[14:16:09] 157.6, 125.1, 1.271
[14:16:10] 157.9, 125.2, 1.255
[14:16:11] 157.7, 125.1, 1.278
[14:16:12] 157.6, 125.1, 1.247
[14:16:13] 157.5, 125.1, 1.258
[14:16:14] 157.5, 125.1, 1.235
[14:16:15] 157.3, 125.1, 1.237
[14:16:16] 157.2, 125.1, 1.239
[14:16:17] 157.1, 125.1, 1.239
[14:16:18] 157.0, 125.1, 1.286
[14:16:19] 157.7, 125.2, 1.239
[14:16:20] 157.8, 125.2, 1.233
[14:16:21] 157.6, 125.2, 1.236
[14:16:22] 157.5, 125.2, 1.234
[14:16:23] 157.3, 125.2, 1.252
[14:16:24] 157.4, 125.2, 1.253
[14:16:25] 157.3, 125.2, 1.276
[14:16:26] 157.2, 125.2, 1.253
[14:16:27] 157.1, 125.2, 1.281
[14:16:28] 157.2, 125.3, 1.235
[14:16:29] 157.3, 125.3, 1.234
[14:16:30] 157.2, 125.3, 1.231
[14:16:31] 157.2, 125.2, 1.232
[14:16:32] 157.1, 125.3, 1.234
[14:16:33] 157.1, 125.3, 1.239
[14:16:34] 157.0, 125.3, 1.249
[14:16:35] 157.0, 125.2, 1.247
[14:16:36] 157.0, 125.2, 1.294
[14:16:37] 157.2, 125.2, 1.278
[14:16:38] 157.7, 125.3, 1.278
[14:16:39] 158.3, 125.3, 1.239
[14:16:40] 158.3, 125.3, 1.239
[14:16:41] 158.1, 125.3, 1.234
[14:16:42] 157.9, 125.3, 1.227
[14:16:43] 157.6, 125.3, 1.232
[14:16:44] 157.7, 125.3, 1.235
[14:16:45] 157.5, 125.3, 1.236
[14:16:46] 157.5, 125.2, 1.240
[14:16:47] 157.3, 125.2, 1.285
[14:16:48] 157.5, 125.2, 1.241
[14:16:49] 157.5, 125.3, 1.238
[14:16:50] 157.3, 125.3, 1.233
[14:16:51] 157.3, 125.3, 1.236
[14:16:52] 157.1, 125.3, 1.236
[14:16:53] 157.2, 125.3, 1.235
[14:16:54] 157.1, 125.3, 1.229
[14:16:55] 157.1, 125.3, 1.235
[14:16:56] 157.0, 125.2, 1.283
[14:16:57] 157.3, 125.3, 1.281
[14:16:58] 157.7, 125.2, 1.235
[14:16:59] 157.5, 125.3, 1.243
[14:17:00] 157.5, 125.3, 1.232
[14:17:01] 157.3, 125.3, 1.233
[14:17:02] 157.3, 125.2, 1.244
[14:17:03] 157.3, 125.2, 1.240
[14:17:04] 157.2, 125.2, 1.241
[14:17:05] 157.2, 125.2, 1.244
[14:17:06] 157.1, 125.2, 1.268
[14:17:07] 157.5, 125.2, 1.259
[14:17:08] 157.4, 125.2, 1.274
[14:17:09] 157.5, 125.2, 1.252
[14:17:10] 157.4, 125.2, 1.256
[14:17:11] 157.5, 125.2, 1.237
[14:17:12] 157.3, 125.3, 1.234
[14:17:13] 157.3, 125.2, 1.239
[14:17:14] 157.2, 125.2, 1.239
[14:17:15] 157.1, 125.2, 1.289
[14:17:16] 157.7, 125.2, 1.295
[14:17:17] 158.3, 125.2, 1.280
[14:17:18] 158.7, 125.3, 1.291
[14:17:19] 159.2, 125.3, 1.279
[14:17:20] 159.5, 125.3, 1.282
[14:17:21] 159.7, 125.3, 1.285
[14:17:22] 160.0, 125.3, 1.290
[14:17:23] 160.4, 125.3, 1.281
[14:17:24] 160.5, 125.2, 1.278
[14:17:25] 160.7, 125.2, 1.279
[14:17:26] 160.8, 125.3, 1.236
[14:17:27] 160.5, 125.2, 1.236
[14:17:28] 160.0, 125.3, 1.234
[14:17:29] 159.6, 125.3, 1.237
[14:17:30] 159.2, 125.3, 1.288
[14:17:31] 159.1, 125.3, 1.240
[14:17:32] 158.8, 125.3, 1.237
[14:17:33] 158.5, 125.3, 1.236
[14:17:34] 158.3, 125.2, 1.237
[14:17:35] 158.1, 125.3, 1.231
[14:17:36] 158.2, 125.3, 1.233
[14:17:37] 158.0, 125.3, 1.234
[14:17:38] 157.9, 125.4, 1.236
[14:17:39] 157.7, 125.2, 1.286
[14:17:40] 157.7, 125.2, 1.246
[14:17:41] 157.6, 125.3, 1.262
[14:17:42] 157.5, 125.3, 1.236
[14:17:43] 157.3, 125.3, 1.243
[14:17:44] 157.3, 125.3, 1.284
[14:17:45] 157.9, 125.3, 1.241
[14:17:46] 157.8, 125.3, 1.240
[14:17:47] 157.6, 125.3, 1.237
[14:17:48] 157.5, 125.3, 1.240
[14:17:49] 157.3, 125.3, 1.238
[14:17:50] 157.4, 125.3, 1.235
[14:17:51] 157.3, 125.2, 1.232
[14:17:52] 157.2, 125.2, 1.233
[14:17:53] 157.1, 125.3, 1.282
[14:17:54] 157.4, 125.2, 1.236
[14:17:55] 157.3, 125.3, 1.237
[14:17:56] 157.2, 125.2, 1.247
[14:17:57] 157.2, 125.2, 1.243
[14:17:58] 157.1, 125.3, 1.237
[14:17:59] 157.2, 125.3, 1.236
[14:18:00] 157.1, 125.3, 1.229
[14:18:01] 157.0, 125.3, 1.235
[14:18:02] 156.9, 125.2, 1.281
[14:18:03] 157.2, 125.2, 1.281
[14:18:04] 157.8, 125.3, 1.279
[14:18:05] 158.3, 125.2, 1.238
[14:18:06] 158.3, 125.2, 1.240
[14:18:07] 158.1, 125.2, 1.229
[14:18:08] 157.9, 125.2, 1.231
[14:18:09] 157.7, 125.2, 1.235
[14:18:10] 157.7, 125.2, 1.233
[14:18:11] 157.5, 125.2, 1.238
[14:18:12] 157.4, 125.2, 1.242
[14:18:13] 157.3, 125.2, 1.290
[14:18:14] 157.4, 125.2, 1.234
[14:18:15] 157.5, 125.2, 1.241
[14:18:16] 157.3, 125.2, 1.238
[14:18:17] 157.3, 125.2, 1.234
[14:18:18] 157.1, 125.2, 1.232
[14:18:19] 157.2, 125.2, 1.234
[14:18:20] 157.1, 125.2, 1.233
[14:18:21] 157.1, 125.2, 1.234
[14:18:22] 157.0, 125.2, 1.283
[14:18:23] 157.2, 125.2, 1.281
[14:18:24] 157.7, 125.2, 1.239
[14:18:25] 157.6, 125.2, 1.254
[14:18:26] 157.5, 125.2, 1.245
[14:18:27] 157.3, 125.2, 1.247
[14:18:28] 157.3, 125.2, 1.238
[14:18:29] 157.2, 125.2, 1.238
[14:18:30] 157.1, 125.2, 1.240
[14:18:31] 157.1, 125.2, 1.240
[14:18:32] 157.0, 125.2, 1.274
[14:18:33] 157.3, 125.2, 1.257
[14:18:34] 157.3, 125.2, 1.264
[14:18:35] 157.2, 125.2, 1.237
[14:18:36] 157.1, 125.2, 1.247
[14:18:37] 157.1, 125.2, 1.238
[14:18:38] 157.1, 125.2, 1.233
[14:18:39] 156.9, 125.2, 1.240
[14:18:40] 156.9, 125.2, 1.238
[14:18:41] 156.8, 125.2, 1.286
[14:18:42] 162.0, 125.2, 1.294
[14:18:43] 162.0, 125.2, 1.280
[14:18:44] 161.9, 125.1, 1.297
[14:18:45] 162.1, 125.1, 1.282
[14:18:46] 162.0, 125.1, 1.248
[14:18:47] 161.7, 125.1, 1.244
[14:18:48] 156.4, 125.2, 1.265
[14:18:49] 156.4, 125.2, 1.250
[14:18:50] 156.4, 125.1, 1.288
[14:18:51] 156.6, 125.2, 1.234
[14:18:52] 156.5, 125.2, 1.238
[14:18:53] 156.6, 125.2, 1.235
[14:18:54] 156.5, 125.2, 1.237
[14:18:55] 156.5, 125.2, 1.235
[14:18:56] 156.9, 125.2, 1.238
[14:18:57] 156.9, 125.2, 1.239
[14:18:58] 156.9, 125.2, 1.243
[14:18:59] 156.8, 125.2, 1.289
[14:19:00] 156.9, 125.2, 1.241
[14:19:01] 156.9, 125.2, 1.238
[14:19:02] 156.9, 125.2, 1.232
[14:19:03] 156.8, 125.2, 1.236
[14:19:04] 156.7, 125.2, 1.292
[14:19:05] 162.2, 125.2, 1.238
[14:19:06] 161.5, 125.2, 1.245
[14:19:07] 156.4, 125.2, 1.236
[14:19:08] 156.4, 125.2, 1.231
[14:19:09] 156.4, 125.2, 1.235
[14:19:10] 156.6, 125.1, 1.231
[14:19:11] 156.5, 125.2, 1.233
[14:19:12] 156.5, 125.1, 1.246
[14:19:13] 156.5, 125.2, 1.285
[14:19:14] 156.8, 125.2, 1.242
[14:19:15] 156.9, 125.2, 1.237
[14:19:16] 156.8, 125.2, 1.239
[14:19:17] 156.8, 125.2, 1.237
[14:19:18] 156.7, 125.2, 1.232
[14:19:19] 156.8, 125.3, 1.235
[14:19:20] 156.8, 125.3, 1.229
[14:19:21] 156.8, 125.3, 1.233
[14:19:22] 156.7, 125.2, 1.282
[14:19:23] 157.0, 125.2, 1.279
[14:19:24] 157.6, 125.3, 1.280
[14:19:25] 158.2, 125.2, 1.234
[14:19:26] 158.1, 125.2, 1.242
[14:19:27] 157.9, 125.2, 1.235
[14:19:28] 157.8, 125.2, 1.235
[14:19:29] 157.6, 125.2, 1.235
[14:19:30] 157.6, 125.2, 1.235
[14:19:31] 157.4, 125.2, 1.230
[14:19:32] 157.4, 125.2, 1.232
[14:19:33] 157.2, 125.3, 1.281
[14:19:34] 157.4, 125.3, 1.240
[14:19:35] 157.4, 125.3, 1.241
[14:19:36] 157.2, 125.2, 1.240
[14:19:37] 157.2, 125.3, 1.238
[14:19:38] 157.1, 125.3, 1.232
[14:19:39] 157.1, 125.3, 1.235
[14:19:40] 157.0, 125.3, 1.229
[14:19:41] 157.0, 125.3, 1.235
[14:19:42] 156.9, 125.2, 1.281
[14:19:43] 157.3, 125.2, 1.280
[14:19:44] 157.7, 125.3, 1.245
[14:19:45] 157.5, 125.3, 1.250
[14:19:46] 157.5, 125.3, 1.239
[14:19:47] 157.3, 125.3, 1.252
[14:19:48] 157.3, 125.3, 1.237
[14:19:49] 157.3, 125.3, 1.235
[14:19:50] 157.1, 125.2, 1.237
[14:19:51] 157.0, 125.2, 1.237
[14:19:52] 157.0, 125.3, 1.245
[14:19:53] 157.3, 125.2, 1.250
[14:19:54] 157.2, 125.2, 1.268
[14:19:55] 157.2, 125.3, 1.249
[14:19:56] 157.0, 125.2, 1.292
[14:19:57] 157.1, 125.2, 1.232
[14:19:58] 157.0, 125.3, 1.238
[14:19:59] 157.0, 125.3, 1.234
[14:20:00] 156.9, 125.2, 1.236
[14:20:01] 156.8, 125.2, 1.292
[14:20:02] 162.4, 125.2, 1.288
[14:20:03] 162.3, 125.2, 1.293
[14:20:04] 162.3, 125.2, 1.288
[14:20:05] 162.3, 125.2, 1.282
[14:20:06] 162.1, 125.2, 1.290
[14:20:07] 162.1, 125.2, 1.292
[14:20:08] 162.2, 125.2, 1.290
[14:20:09] 162.3, 125.2, 1.280
[14:20:10] 162.2, 125.3, 1.283
[14:20:11] 162.1, 125.3, 1.278
[14:20:12] 162.0, 125.3, 1.285
[14:20:13] 162.0, 125.3, 1.284
[14:20:14] 161.9, 125.3, 1.284
[14:20:15] 162.0, 125.2, 1.293
[14:20:16] 162.1, 125.2, 1.297
[14:20:17] 162.3, 125.3, 1.279
[14:20:18] 162.2, 125.2, 1.280
[14:20:19] 162.1, 125.2, 1.278
[14:20:20] 162.0, 125.2, 1.279
[14:20:21] 161.9, 125.2, 1.279
[14:20:22] 161.9, 125.2, 1.281
[14:20:23] 161.8, 125.2, 1.280
[14:20:24] 161.8, 125.2, 1.285
[14:20:25] 161.8, 125.1, 1.284
[14:20:26] 161.8, 125.1, 1.415
[14:20:27] 168.0, 125.2, 1.117
[14:20:28] 157.1, 125.2, 1.107
[14:20:29] 139.9, 125.2, 1.110
[14:20:30] 139.9, 125.1, 1.101
[14:20:31] 139.7, 125.2, 1.101
[14:20:32] 139.6, 125.1, 2.291
[14:20:33] 218.5, 125.2, 1.038
[14:20:34] 136.9, 125.2, 1.100
[14:20:35] 137.1, 125.3, 1.106
[14:20:36] 137.3, 125.2, 1.106
[14:20:37] 137.6, 125.3, 1.103
[14:20:38] 177.4, 125.2, 1.523
[14:20:39] 244.0, 125.2, 1.109
[14:20:40] 134.1, 125.2, 1.101
[14:20:41] 134.6, 125.2, 1.108
[14:20:42] 135.2, 125.2, 1.099
[14:20:43] 135.7, 125.1, 2.562
[14:20:44] 215.2, 125.1, 2.307
[14:20:45] 289.6, 125.2, 1.102
[14:20:46] 160.6, 125.3, 1.097
[14:20:47] 139.4, 125.2, 1.097
[14:20:48] 139.3, 125.2, 1.101
[14:20:49] 139.2, 125.3, 1.101
[14:20:50] 139.2, 125.1, 2.290
[14:20:51] 300.5, 125.0, 2.379
[14:20:52] 292.4, 124.9, 2.362
[14:20:53] 292.1, 125.2, 1.110
[14:20:54] 144.8, 125.2, 1.104
[14:20:55] 139.4, 125.1, 1.101
[14:20:56] 139.3, 125.1, 1.106
[14:20:57] 139.3, 125.2, 1.106
[14:20:58] 170.7, 125.1, 2.304
[14:20:59] 286.7, 125.0, 2.370
[14:21:00] 293.3, 125.0, 2.361
[14:21:01] 293.8, 125.0, 2.374
[14:21:02] 294.2, 125.0, 2.359
[14:21:03] 294.6, 125.2, 1.686
[14:21:04] 262.3, 125.2, 1.102
[14:21:05] 137.9, 125.2, 1.107
[14:21:06] 138.0, 125.2, 1.103
[14:21:07] 138.2, 125.2, 1.103
[14:21:08] 138.4, 125.0, 3.011
[14:21:09] 205.6, 125.0, 2.298
[14:21:10] 289.8, 125.1, 2.370
[14:21:11] 295.8, 125.1, 2.367
[14:21:12] 295.9, 125.1, 2.363
[14:21:13] 296.1, 125.1, 2.371
[14:21:14] 296.3, 125.1, 2.357
[14:21:15] 296.4, 125.0, 2.380
[14:21:16] 296.6, 125.0, 2.363
[14:21:17] 296.6, 125.1, 2.375
[14:21:18] 296.8, 125.0, 2.371
[14:21:19] 296.9, 125.0, 2.368
[14:21:20] 297.0, 125.2, 1.113
[14:21:21] 165.1, 125.2, 1.109
[14:21:22] 139.8, 125.2, 1.106
[14:21:23] 139.7, 125.2, 1.105
