<<<[01:06:56] 140.7, 126.7, 1.112
[01:06:57] 140.9, 126.7, 1.131
[01:06:58] 141.3, 126.7, 1.132
[01:06:59] 141.7, 126.6, 1.246
[01:07:00] 151.5, 126.7, 1.262
[01:07:01] 158.4, 126.7, 1.229
[01:07:02] 158.7, 126.6, 1.267
[01:07:03] 158.9, 126.7, 1.217
[01:07:04] 158.9, 126.7, 1.261
[01:07:05] 159.2, 126.7, 1.263
[01:07:06] 159.2, 126.7, 1.257
[01:07:07] 159.2, 126.7, 1.239
[01:07:08] 159.2, 126.7, 1.236
[01:07:09] 159.1, 126.7, 1.238
[01:07:10] 158.9, 126.7, 1.269
[01:07:11] 159.0, 126.7, 1.246
[01:07:12] 158.8, 126.7, 1.256
[01:07:13] 158.7, 126.7, 1.233
[01:07:14] 158.6, 126.7, 1.268
[01:07:15] 158.9, 126.6, 1.237
[01:07:16] 158.8, 126.7, 1.237
[01:07:17] 158.7, 126.7, 1.236
[01:07:18] 158.6, 126.7, 1.238
[01:07:19] 158.5, 126.7, 1.238
[01:07:20] 158.5, 126.7, 1.236
[01:07:21] 158.5, 126.7, 1.235
[01:07:22] 158.4, 126.7, 1.236
[01:07:23] 158.3, 126.7, 1.273
[01:07:24] 158.7, 126.6, 1.167
[01:07:25] 148.6, 126.7, 1.169
[01:07:26] 148.7, 126.7, 1.170
[01:07:27] 148.8, 126.7, 1.164
[01:07:28] 148.8, 126.7, 1.164
[01:07:29] 155.1, 126.7, 1.091
[01:07:30] 161.1, 126.7, 1.100
[01:07:31] 140.5, 126.7, 1.095
[01:07:32] 140.4, 126.8, 1.091
[01:07:33] 140.3, 126.7, 1.094
[01:07:34] 165.1, 126.7, 1.037
[01:07:35] 149.9, 126.7, 1.093
[01:07:36] 136.5, 126.7, 1.094
[01:07:37] 136.9, 126.7, 1.092
[01:07:38] 137.3, 126.7, 1.093
[01:07:39] 162.7, 126.7, 1.040
[01:07:40] 152.1, 126.7, 1.082
[01:07:41] 136.1, 126.7, 1.091
[01:07:42] 136.5, 126.7, 1.093
[01:07:43] 137.0, 126.7, 1.093
[01:07:44] 142.5, 126.7, 1.034
[01:07:45] 173.4, 126.7, 1.104
[01:07:46] 136.0, 126.7, 1.091
[01:07:47] 136.5, 126.7, 1.099
[01:07:48] 136.9, 126.7, 1.091
[01:07:49] 137.3, 126.7, 1.029
[01:07:50] 191.9, 126.7, 1.108
[01:07:51] 135.4, 126.7, 1.092
[01:07:52] 135.9, 126.7, 1.095
[01:07:53] 136.5, 126.7, 1.092
[01:07:54] 136.9, 126.7, 1.804
[01:07:55] 225.9, 126.7, 1.031
[01:07:56] 131.8, 126.7, 1.102
[01:07:57] 140.5, 126.7, 1.095
[01:07:58] 140.4, 126.7, 1.090
[01:07:59] 140.3, 126.5, 3.214
[01:08:00] 198.2, 126.7, 1.537
[01:08:01] 237.5, 126.7, 1.096
[01:08:02] 135.4, 126.7, 1.100
[01:08:03] 135.9, 126.7, 1.091
[01:08:04] 136.4, 126.7, 1.095
[01:08:05] 136.9, 126.6, 2.235
[01:08:06] 225.0, 126.6, 2.223
[01:08:07] 282.8, 126.7, 1.087
[01:08:08] 183.9, 126.7, 1.095
[01:08:09] 140.1, 126.7, 1.101
[01:08:10] 140.1, 126.7, 1.099
[01:08:11] 140.1, 126.7, 1.090
[01:08:12] 140.0, 126.6, 2.220
[01:08:13] 279.9, 126.6, 2.281
[01:08:14] 285.3, 126.5, 2.289
[01:08:15] 290.7, 126.7, 1.303
[01:08:16] 217.2, 126.7, 1.092
[01:08:17] 141.0, 126.7, 1.092
[01:08:18] 140.8, 126.7, 1.092
[01:08:19] 140.7, 126.7, 1.092
[01:08:20] 140.6, 126.6, 2.244
[01:08:21] 247.3, 126.5, 2.222
[01:08:22] 282.8, 126.6, 2.285
[01:08:23] 290.9, 126.6, 2.285
[01:08:24] 290.8, 126.5, 2.288
[01:08:25] 290.8, 126.6, 2.285
[01:08:26] 290.7, 126.6, 2.273
[01:08:27] 276.8, 126.7, 1.099
[01:08:28] 147.4, 126.7, 1.096
[01:08:29] 140.3, 126.7, 1.093
[01:08:30] 140.3, 126.7, 1.093
[01:08:31] 140.2, 126.7, 1.121
[01:08:32] 183.2, 126.6, 2.222
[01:08:33] 279.9, 126.6, 2.283
[01:08:34] 287.3, 126.6, 2.286
[01:08:35] 287.7, 126.5, 2.287
[01:08:36] 288.1, 126.6, 2.288
[01:08:37] 288.4, 126.5, 2.290
[01:08:38] 288.7, 126.5, 2.291
[01:08:39] 289.0, 126.5, 2.291
[01:08:40] 289.2, 126.5, 2.291
[01:08:41] 289.5, 126.6, 2.291
[01:08:42] 289.7, 126.5, 2.294
[01:08:43] 289.9, 126.5, 2.294
[01:08:44] 290.1, 126.6, 1.964
[01:08:45] 256.5, 126.7, 1.100
[01:08:46] 141.4, 126.7, 1.104
[01:08:47] 141.2, 126.7, 1.098
[01:08:48] 141.2, 126.7, 1.096
