<<<[04:53:25] 140.4, 126.4, 1.111
[04:53:26] 140.5, 126.3, 1.106
[04:53:27] 140.6, 126.3, 1.115
[04:53:28] 140.8, 126.3, 1.243
[04:53:29] 153.2, 126.4, 1.108
[04:53:30] 147.2, 126.4, 1.098
[04:53:31] 140.8, 126.3, 1.103
[04:53:32] 140.8, 126.2, 1.108
[04:53:33] 141.1, 126.3, 1.115
[04:53:34] 141.3, 126.2, 1.676
[04:53:35] 172.2, 126.2, 1.102
[04:53:36] 138.7, 126.3, 1.101
[04:53:37] 138.9, 126.2, 1.113
[04:53:38] 139.2, 126.3, 1.115
[04:53:39] 139.6, 126.2, 1.690
[04:53:40] 170.4, 126.3, 1.122
[04:53:41] 140.1, 126.3, 1.112
[04:53:42] 140.4, 126.3, 1.113
[04:53:43] 140.5, 126.3, 1.102
[04:53:44] 140.5, 126.2, 1.678
[04:53:45] 168.9, 126.3, 1.101
[04:53:46] 139.0, 126.2, 1.105
[04:53:47] 139.2, 126.3, 1.103
[04:53:48] 139.4, 126.3, 1.105
[04:53:49] 139.5, 126.2, 1.689
[04:53:50] 169.3, 126.3, 1.102
[04:53:51] 138.5, 126.3, 1.101
[04:53:52] 138.7, 126.2, 1.104
[04:53:53] 139.0, 126.3, 1.105
[04:53:54] 139.2, 126.2, 1.685
[04:53:55] 168.2, 126.3, 1.099
[04:53:56] 138.1, 126.3, 1.100
[04:53:57] 138.3, 126.4, 1.099
[04:53:58] 138.6, 126.3, 1.108
[04:53:59] 138.8, 126.3, 1.683
[04:54:00] 168.2, 126.4, 1.094
[04:54:01] 137.6, 126.3, 1.104
[04:54:02] 137.9, 126.4, 1.100
[04:54:03] 138.2, 126.4, 1.095
[04:54:04] 138.4, 126.3, 1.698
[04:54:05] 167.6, 126.4, 1.101
[04:54:06] 137.9, 126.4, 1.095
[04:54:07] 138.1, 126.4, 1.091
[04:54:08] 138.3, 126.3, 1.098
[04:54:09] 138.5, 126.3, 2.005
[04:54:10] 179.0, 126.3, 1.035
[04:54:11] 130.0, 126.2, 1.100
[04:54:12] 138.5, 126.2, 1.105
[04:54:13] 138.6, 126.4, 1.097
[04:54:14] 138.8, 126.3, 2.079
[04:54:15] 177.4, 126.3, 1.036
[04:54:16] 130.0, 126.3, 1.096
[04:54:17] 138.1, 126.3, 1.098
[04:54:18] 138.3, 126.3, 1.090
[04:54:19] 138.5, 126.2, 2.538
[04:54:20] 179.0, 126.3, 1.024
[04:54:21] 141.2, 126.3, 1.100
[04:54:22] 140.8, 126.3, 1.095
[04:54:23] 140.6, 126.4, 1.094
[04:54:24] 140.5, 126.1, 3.461
[04:54:25] 180.3, 126.3, 1.048
[04:54:26] 152.1, 126.4, 1.086
[04:54:27] 136.9, 126.3, 1.093
[04:54:28] 137.2, 126.3, 1.096
[04:54:29] 137.4, 126.4, 1.096
[04:54:30] 154.6, 126.3, 1.363
[04:54:31] 200.6, 126.3, 1.101
[04:54:32] 136.1, 126.4, 1.092
[04:54:33] 136.5, 126.3, 1.099
[04:54:34] 136.9, 126.4, 1.089
[04:54:35] 137.2, 126.2, 1.910
[04:54:36] 219.9, 126.4, 1.044
[04:54:37] 159.9, 126.3, 1.095
[04:54:38] 139.9, 126.4, 1.094
[04:54:39] 139.8, 126.3, 1.093
[04:54:40] 139.8, 126.4, 1.097
[04:54:41] 139.7, 126.3, 1.878
[04:54:42] 240.9, 126.3, 1.693
[04:54:43] 227.7, 126.4, 1.096
[04:54:44] 137.9, 126.4, 1.097
[04:54:45] 138.0, 126.4, 1.095
[04:54:46] 138.2, 126.4, 1.099
[04:54:47] 138.4, 126.2, 3.104
[04:54:48] 184.8, 126.3, 1.883
[04:54:49] 239.0, 126.3, 1.946
[04:54:50] 244.9, 126.3, 1.939
[04:54:51] 244.2, 126.4, 1.091
[04:54:52] 150.4, 126.4, 1.104
[04:54:53] 139.9, 126.4, 1.102
[04:54:54] 139.8, 126.4, 1.096
[04:54:55] 139.8, 126.4, 1.117
[04:54:56] 175.2, 126.3, 1.886
[04:54:57] 236.2, 126.3, 1.944
[04:54:58] 243.8, 126.3, 1.947
[04:54:59] 244.2, 126.3, 1.945
[04:55:00] 244.5, 126.2, 1.944
[04:55:01] 244.8, 126.3, 1.944
[04:55:02] 245.0, 126.3, 1.106
[04:55:03] 167.5, 126.4, 1.089
[04:55:04] 139.6, 126.4, 1.097
[04:55:05] 139.6, 126.4, 1.096
[04:55:06] 139.6, 126.5, 1.091
[04:55:07] 139.6, 126.3, 1.881
[04:55:08] 247.1, 126.3, 1.937
[04:55:09] 241.3, 126.3, 1.943
[04:55:10] 246.7, 126.3, 1.944
[04:55:11] 246.6, 126.3, 1.944
[04:55:12] 246.7, 126.3, 1.948
[04:55:13] 246.7, 126.3, 1.949
[04:55:14] 246.8, 126.2, 1.949
[04:55:15] 246.8, 126.3, 1.949
[04:55:16] 246.9, 126.3, 1.950
[04:55:17] 247.0, 126.3, 1.952
[04:55:18] 247.0, 126.3, 1.951
[04:55:19] 247.1, 126.4, 1.075
[04:55:20] 203.1, 126.5, 1.103
[04:55:21] 140.1, 126.4, 1.100
[04:55:22] 140.1, 126.4, 1.098
[04:55:23] 140.1, 126.4, 1.098
<<<[05:01:08] 140.9, 126.3, 1.109
[05:01:09] 140.9, 126.3, 1.106
[05:01:10] 140.9, 126.3, 1.111
[05:01:11] 140.9, 126.3, 1.248
[05:01:12] 156.2, 126.2, 1.115
[05:01:13] 143.7, 126.3, 1.111
[05:01:14] 143.5, 126.3, 1.115
[05:01:15] 143.2, 126.3, 1.118
[05:01:16] 143.1, 126.3, 1.126
[05:01:17] 143.1, 126.3, 1.074
[05:01:18] 169.4, 126.3, 1.106
[05:01:19] 140.5, 126.3, 1.102
[05:01:20] 140.5, 126.2, 1.101
[05:01:21] 140.5, 126.2, 1.117
[05:01:22] 140.7, 126.3, 1.077
[05:01:23] 168.9, 126.2, 1.118
[05:01:24] 142.1, 126.2, 1.115
[05:01:25] 142.1, 126.2, 1.110
[05:01:26] 142.0, 126.2, 1.122
[05:01:27] 141.8, 126.2, 1.071
[05:01:28] 167.8, 126.2, 1.103
[05:01:29] 139.8, 126.3, 1.107
[05:01:30] 139.9, 126.2, 1.106
[05:01:31] 139.9, 126.3, 1.102
[05:01:32] 140.1, 126.3, 1.080
[05:01:33] 168.0, 126.2, 1.096
[05:01:34] 140.5, 126.2, 1.097
[05:01:35] 140.4, 126.2, 1.100
[05:01:36] 140.3, 126.2, 1.107
[05:01:37] 140.3, 126.3, 1.080
[05:01:38] 167.8, 126.3, 1.097
[05:01:39] 139.8, 126.2, 1.095
[05:01:40] 139.8, 126.2, 1.099
[05:01:41] 139.7, 126.2, 1.098
[05:01:42] 139.9, 126.2, 1.091
[05:01:43] 167.5, 126.2, 1.099
[05:01:44] 139.9, 126.1, 1.099
[05:01:45] 139.8, 126.2, 1.094
[05:01:46] 139.8, 126.2, 1.106
[05:01:47] 139.8, 126.1, 1.087
[05:01:48] 166.7, 126.2, 1.092
[05:01:49] 139.6, 126.2, 1.092
[05:01:50] 139.6, 126.2, 1.094
[05:01:51] 139.6, 126.2, 1.103
[05:01:52] 139.6, 126.3, 1.093
[05:01:53] 166.2, 126.3, 1.097
[05:01:54] 139.9, 126.2, 1.094
[05:01:55] 139.8, 126.3, 1.091
[05:01:56] 139.8, 126.3, 1.104
[05:01:57] 139.8, 126.3, 1.072
[05:01:58] 174.9, 126.3, 1.027
[05:01:59] 132.5, 126.2, 1.092
[05:02:00] 139.2, 126.2, 1.091
[05:02:01] 139.1, 126.3, 1.096
[05:02:02] 139.3, 126.3, 1.074
[05:02:03] 173.2, 126.3, 1.027
[05:02:04] 132.0, 126.3, 1.093
[05:02:05] 139.2, 126.2, 1.096
[05:02:06] 139.2, 126.3, 1.108
[05:02:07] 139.3, 126.2, 1.574
[05:02:08] 185.9, 126.3, 1.030
[05:02:09] 130.2, 126.2, 1.088
[05:02:10] 139.2, 126.3, 1.094
[05:02:11] 139.2, 126.2, 1.095
[05:02:12] 139.2, 126.1, 2.653
[05:02:13] 189.0, 126.3, 1.031
[05:02:14] 150.6, 126.2, 1.099
[05:02:15] 137.6, 126.2, 1.091
[05:02:16] 137.8, 126.2, 1.103
[05:02:17] 137.9, 126.2, 1.096
[05:02:18] 138.1, 126.1, 1.868
[05:02:19] 242.9, 126.2, 1.099
[05:02:20] 137.8, 126.2, 1.088
[05:02:21] 138.0, 126.2, 1.097
[05:02:22] 138.2, 126.2, 1.098
[05:02:23] 138.4, 126.2, 1.112
[05:02:24] 174.9, 126.1, 1.881
[05:02:25] 235.5, 126.3, 1.147
[05:02:26] 195.9, 126.2, 1.099
[05:02:27] 139.6, 126.2, 1.094
[05:02:28] 139.5, 126.1, 1.099
[05:02:29] 139.5, 126.1, 1.097
[05:02:30] 139.5, 126.1, 1.887
[05:02:31] 215.2, 126.1, 1.880
[05:02:32] 238.6, 126.1, 1.945
[05:02:33] 246.9, 126.1, 1.625
[05:02:34] 219.8, 126.2, 1.095
[05:02:35] 138.3, 126.2, 1.096
[05:02:36] 138.4, 126.2, 1.105
[05:02:37] 138.6, 126.2, 1.097
[05:02:38] 138.7, 126.1, 1.943
[05:02:39] 202.6, 126.1, 1.882
[05:02:40] 238.8, 126.1, 1.947
[05:02:41] 246.2, 126.1, 1.949
[05:02:42] 246.3, 126.1, 1.947
[05:02:43] 246.3, 126.1, 1.947
[05:02:44] 246.4, 126.1, 1.877
[05:02:45] 237.7, 126.2, 1.103
[05:02:46] 145.0, 126.2, 1.102
[05:02:47] 139.9, 126.2, 1.100
[05:02:48] 139.8, 126.2, 1.095
[05:02:49] 139.8, 125.9, 3.158
[05:02:50] 179.0, 126.1, 1.887
[05:02:51] 237.0, 126.1, 1.945
[05:02:52] 244.2, 126.1, 1.946
[05:02:53] 244.5, 126.1, 1.944
[05:02:54] 244.7, 126.1, 1.945
[05:02:55] 244.9, 126.1, 1.946
[05:02:56] 245.1, 126.0, 1.943
[05:02:57] 245.3, 126.0, 1.947
[05:02:58] 245.5, 126.0, 1.949
[05:02:59] 245.7, 126.1, 1.949
[05:03:00] 245.8, 126.0, 1.951
[05:03:01] 246.0, 126.0, 1.950
[05:03:02] 246.1, 126.1, 1.105
[05:03:03] 171.3, 126.1, 1.096
[05:03:04] 139.9, 126.2, 1.094
[05:03:05] 139.9, 126.2, 1.093
[05:03:06] 139.9, 126.2, 1.099
