<<<[07:31:42] 140.3, 125.8, 1.114
[07:31:43] 140.5, 125.8, 1.112
[07:31:44] 140.5, 125.8, 1.115
[07:31:45] 140.7, 125.7, 1.202
[07:31:46] 146.8, 125.8, 1.236
[07:31:47] 158.9, 125.8, 1.250
[07:31:48] 158.7, 125.8, 1.248
[07:31:49] 158.7, 125.8, 1.253
[07:31:50] 147.4, 125.8, 1.133
[07:31:51] 146.9, 125.7, 1.139
[07:31:52] 146.5, 125.8, 1.138
[07:31:53] 146.3, 125.8, 1.146
[07:31:54] 146.1, 125.8, 1.094
[07:31:55] 169.8, 125.8, 1.114
[07:31:56] 141.0, 125.8, 1.121
[07:31:57] 141.1, 125.8, 1.131
[07:31:58] 141.2, 125.8, 1.130
[07:31:59] 141.4, 125.8, 1.092
[07:32:00] 168.9, 125.8, 1.115
[07:32:01] 141.8, 125.8, 1.107
[07:32:02] 141.7, 125.8, 1.106
[07:32:03] 141.5, 125.8, 1.106
[07:32:04] 0.0, 125.8, 1.108
[07:32:05] 168.4, 125.8, 1.105
[07:32:06] 140.7, 125.7, 1.106
[07:32:07] 140.7, 125.7, 1.107
[07:32:08] 140.6, 125.8, 1.103
[07:32:09] 140.6, 125.8, 1.104
[07:32:10] 168.4, 125.7, 1.105
[07:32:11] 140.7, 125.7, 1.107
[07:32:12] 140.6, 125.8, 1.103
[07:32:13] 140.6, 125.8, 1.103
[07:32:14] 140.5, 125.8, 1.097
[07:32:15] 167.8, 125.7, 1.108
[07:32:16] 139.9, 125.8, 1.101
[07:32:17] 139.9, 125.8, 1.105
[07:32:18] 139.9, 125.8, 1.102
[07:32:19] 139.9, 125.8, 1.097
[07:32:20] 167.5, 125.8, 1.102
[07:32:21] 140.3, 125.8, 1.099
[07:32:22] 140.2, 125.8, 1.101
[07:32:23] 140.2, 125.8, 1.108
[07:32:24] 140.1, 125.8, 1.095
[07:32:25] 166.9, 125.8, 1.108
[07:32:26] 139.8, 125.8, 1.103
[07:32:27] 139.8, 125.7, 1.099
[07:32:28] 139.8, 125.8, 1.103
[07:32:29] 139.7, 125.9, 1.068
[07:32:30] 174.7, 125.8, 1.040
[07:32:31] 133.6, 125.8, 1.101
[07:32:32] 139.9, 125.8, 1.100
[07:32:33] 139.8, 125.8, 1.101
[07:32:34] 139.8, 125.8, 1.068
[07:32:35] 174.2, 125.7, 1.035
[07:32:36] 132.5, 125.7, 1.098
[07:32:37] 139.4, 125.7, 1.104
[07:32:38] 139.4, 125.6, 1.109
[07:32:39] 139.5, 125.6, 1.568
[07:32:40] 188.1, 125.7, 1.052
[07:32:41] 131.6, 125.8, 1.102
[07:32:42] 139.8, 125.7, 1.100
[07:32:43] 139.8, 125.7, 1.097
[07:32:44] 139.7, 125.6, 2.158
[07:32:45] 194.8, 125.7, 1.039
[07:32:46] 147.9, 125.6, 1.108
[07:32:47] 138.5, 125.7, 1.099
[07:32:48] 138.6, 125.7, 1.104
[07:32:49] 138.7, 125.6, 1.105
[07:32:50] 166.0, 125.6, 1.560
[07:32:51] 212.9, 125.7, 1.099
[07:32:52] 135.2, 125.7, 1.103
[07:32:53] 135.7, 125.8, 1.100
[07:32:54] 136.3, 125.7, 1.096
[07:32:55] 136.7, 125.7, 2.164
[07:32:56] 198.0, 125.7, 1.918
[07:32:57] 239.5, 125.8, 1.101
[07:32:58] 154.4, 125.7, 1.100
[07:32:59] 139.9, 125.7, 1.106
[07:33:00] 139.8, 125.7, 1.104
[07:33:01] 139.9, 125.7, 1.099
[07:33:02] 167.6, 125.6, 1.924
[07:33:03] 240.2, 125.5, 1.985
[07:33:04] 246.7, 125.6, 1.638
[07:33:05] 221.2, 125.7, 1.103
[07:33:06] 138.9, 125.7, 1.098
[07:33:07] 139.0, 125.7, 1.106
[07:33:08] 139.1, 125.8, 1.098
[07:33:09] 139.1, 125.7, 1.969
[07:33:10] 203.1, 125.7, 1.922
[07:33:11] 242.9, 125.7, 1.985
[07:33:12] 250.4, 125.6, 1.986
[07:33:13] 250.4, 125.6, 1.986
[07:33:14] 250.5, 125.7, 1.944
[07:33:15] 241.5, 125.7, 1.112
[07:33:16] 143.6, 125.7, 1.101
[07:33:17] 143.0, 125.8, 1.104
[07:33:18] 142.6, 125.7, 1.102
[07:33:19] 142.3, 125.5, 2.871
[07:33:20] 177.6, 125.6, 1.924
[07:33:21] 241.3, 125.6, 1.984
[07:33:22] 247.8, 125.7, 1.982
[07:33:23] 248.1, 125.6, 1.983
[07:33:24] 248.4, 125.7, 1.981
[07:33:25] 248.6, 125.7, 1.982
[07:33:26] 248.9, 125.6, 1.984
[07:33:27] 249.1, 125.6, 1.986
[07:33:28] 249.3, 125.6, 1.986
[07:33:29] 249.4, 125.6, 1.988
[07:33:30] 249.6, 125.7, 1.118
[07:33:31] 178.1, 125.7, 1.110
[07:33:32] 140.3, 125.6, 1.103
[07:33:33] 140.2, 125.6, 1.111
<<<[07:33:47] 141.9, 125.7, 1.111
[07:33:48] 141.8, 125.7, 1.109
[07:33:49] 141.6, 125.7, 1.112
[07:33:50] 141.5, 125.7, 1.242
[07:33:51] 147.7, 125.7, 1.273
[07:33:52] 159.1, 125.7, 1.251
[07:33:53] 159.0, 125.7, 1.262
[07:33:54] 158.7, 125.7, 1.120
[07:33:55] 142.5, 125.8, 1.131
[07:33:56] 142.6, 125.8, 1.136
[07:33:57] 142.7, 125.7, 1.129
[07:33:58] 142.9, 125.7, 1.130
[07:33:59] 153.9, 125.8, 1.110
[07:34:00] 154.4, 125.8, 1.107
[07:34:01] 141.4, 125.8, 1.110
[07:34:02] 141.4, 125.7, 1.132
[07:34:03] 141.5, 125.8, 1.131
[07:34:04] 153.5, 125.7, 1.107
[07:34:05] 153.9, 125.8, 1.106
[07:34:06] 140.3, 125.8, 1.106
[07:34:07] 140.3, 125.8, 1.113
[07:34:08] 140.4, 125.7, 1.116
[07:34:09] 151.5, 125.7, 1.105
[07:34:10] 157.1, 125.7, 1.105
[07:34:11] 140.5, 125.7, 1.106
[07:34:12] 140.4, 125.7, 1.106
[07:34:13] 140.4, 125.7, 1.109
[07:34:14] 150.8, 125.7, 1.094
[07:34:15] 157.1, 125.7, 1.109
[07:34:16] 139.9, 125.7, 1.097
[07:34:17] 139.8, 125.6, 1.100
[07:34:18] 139.9, 125.7, 1.103
[07:34:19] 150.6, 125.7, 1.101
[07:34:20] 157.1, 125.7, 1.110
[07:34:21] 140.5, 125.7, 1.105
[07:34:22] 140.4, 125.7, 1.099
[07:34:23] 140.3, 125.7, 1.107
[07:34:24] 150.4, 125.7, 1.094
[07:34:25] 156.8, 125.8, 1.110
[07:34:26] 140.3, 125.7, 1.097
[07:34:27] 140.2, 125.7, 1.104
[07:34:28] 140.2, 125.7, 1.100
[07:34:29] 149.7, 125.8, 1.103
[07:34:30] 157.3, 125.8, 1.106
[07:34:31] 140.5, 125.8, 1.105
[07:34:32] 140.4, 125.7, 1.097
[07:34:33] 140.3, 125.8, 1.101
[07:34:34] 166.7, 125.8, 1.037
[07:34:35] 145.9, 125.7, 1.098
[07:34:36] 135.8, 125.7, 1.103
[07:34:37] 136.2, 125.7, 1.106
[07:34:38] 136.7, 125.7, 1.100
[07:34:39] 163.1, 125.7, 1.044
[07:34:40] 148.3, 125.7, 1.092
[07:34:41] 136.1, 125.7, 1.101
[07:34:42] 136.5, 125.8, 1.099
[07:34:43] 136.9, 125.7, 1.104
[07:34:44] 137.3, 125.7, 1.050
[07:34:45] 183.9, 125.7, 1.110
[07:34:46] 134.5, 125.7, 1.102
[07:34:47] 139.9, 125.7, 1.102
[07:34:48] 139.8, 125.7, 1.103
[07:34:49] 139.8, 125.6, 1.581
[07:34:50] 208.9, 125.7, 1.068
[07:34:51] 133.1, 125.6, 1.100
[07:34:52] 139.2, 125.7, 1.099
[07:34:53] 139.2, 125.7, 1.100
[07:34:54] 139.3, 125.6, 1.941
[07:34:55] 205.6, 125.7, 1.057
[07:34:56] 169.1, 125.7, 1.100
[07:34:57] 139.2, 125.7, 1.105
[07:34:58] 139.2, 125.7, 1.100
[07:34:59] 139.3, 125.7, 1.104
[07:35:00] 139.3, 125.6, 1.923
[07:35:01] 240.0, 125.6, 1.615
[07:35:02] 212.7, 125.7, 1.097
[07:35:03] 139.0, 125.6, 1.103
[07:35:04] 139.1, 125.6, 1.097
[07:35:05] 139.1, 125.6, 1.102
[07:35:06] 139.2, 125.6, 1.904
[07:35:07] 208.0, 125.5, 1.919
[07:35:08] 242.0, 125.6, 1.985
[07:35:09] 250.2, 125.7, 1.122
[07:35:10] 175.6, 125.7, 1.107
[07:35:11] 139.9, 125.7, 1.106
[07:35:12] 139.8, 125.6, 1.106
[07:35:13] 139.9, 125.7, 1.104
[07:35:14] 139.8, 125.6, 1.918
[07:35:15] 245.7, 125.6, 1.979
[07:35:16] 245.6, 125.6, 1.988
[07:35:17] 250.9, 125.6, 1.987
[07:35:18] 250.8, 125.6, 1.988
[07:35:19] 250.8, 125.7, 1.125
[07:35:20] 200.4, 125.7, 1.107
[07:35:21] 139.9, 125.7, 1.114
[07:35:22] 140.0, 125.7, 1.106
[07:35:23] 140.0, 125.8, 1.106
[07:35:24] 140.0, 125.7, 1.924
[07:35:25] 218.5, 125.6, 1.922
[07:35:26] 242.9, 125.6, 1.985
[07:35:27] 251.1, 125.6, 1.987
[07:35:28] 251.0, 125.6, 1.985
[07:35:29] 251.0, 125.6, 1.987
[07:35:30] 250.9, 125.6, 1.987
[07:35:31] 251.0, 125.6, 1.987
[07:35:32] 251.0, 125.6, 1.987
[07:35:33] 250.9, 125.6, 1.987
[07:35:34] 250.9, 125.7, 1.987
[07:35:35] 244.6, 125.8, 1.106
[07:35:36] 138.1, 125.8, 1.098
[07:35:37] 138.3, 125.8, 1.113
[07:35:38] 138.5, 125.7, 1.106
<<<[07:35:52] 141.6, 125.8, 1.112
[07:35:53] 141.5, 125.7, 1.107
[07:35:54] 141.4, 125.7, 1.110
[07:35:55] 141.4, 125.7, 1.271
[07:35:56] 154.2, 125.7, 1.266
[07:35:57] 154.7, 125.7, 1.251
[07:35:58] 155.2, 125.7, 1.095
[07:35:59] 154.8, 125.7, 1.126
[07:36:00] 142.7, 125.7, 1.132
[07:36:01] 142.8, 125.7, 1.131
[07:36:02] 142.9, 125.7, 1.137
[07:36:03] 143.0, 125.7, 1.723
[07:36:04] 170.7, 125.7, 1.114
[07:36:05] 140.1, 125.7, 1.111
[07:36:06] 140.1, 125.7, 1.118
[07:36:07] 140.4, 125.7, 1.120
[07:36:08] 140.6, 125.7, 1.731
[07:36:09] 169.3, 125.8, 1.115
[07:36:10] 139.9, 125.6, 1.109
[07:36:11] 140.0, 125.7, 1.112
[07:36:12] 140.1, 125.7, 1.112
[07:36:13] 140.2, 125.6, 1.730
[07:36:14] 167.8, 125.7, 1.100
[07:36:15] 139.4, 125.7, 1.110
[07:36:16] 139.4, 125.7, 1.107
[07:36:17] 139.5, 125.6, 1.109
[07:36:18] 139.6, 125.5, 1.732
[07:36:19] 167.5, 125.6, 1.109
[07:36:20] 139.6, 125.5, 1.108
[07:36:21] 139.6, 125.6, 1.106
[07:36:22] 139.7, 125.5, 1.100
[07:36:23] 139.7, 125.4, 1.724
[07:36:24] 167.1, 125.5, 1.107
[07:36:25] 139.4, 125.5, 1.108
[07:36:26] 139.4, 125.5, 1.106
[07:36:27] 139.5, 125.6, 1.103
[07:36:28] 139.6, 125.5, 1.731
[07:36:29] 166.9, 125.6, 1.105
[07:36:30] 139.4, 125.6, 1.105
[07:36:31] 139.5, 125.6, 1.108
[07:36:32] 139.6, 125.6, 1.106
[07:36:33] 139.6, 125.5, 1.725
[07:36:34] 166.7, 125.7, 1.102
[07:36:35] 139.4, 125.7, 1.098
[07:36:36] 139.4, 125.7, 1.102
[07:36:37] 139.4, 125.8, 1.098
[07:36:38] 139.5, 125.7, 2.471
[07:36:39] 176.5, 125.8, 1.033
[07:36:40] 131.8, 125.7, 1.113
[07:36:41] 138.3, 125.7, 1.102
[07:36:42] 138.4, 125.8, 1.099
[07:36:43] 138.6, 125.7, 2.957
[07:36:44] 177.4, 125.8, 1.034
[07:36:45] 131.1, 125.7, 1.104
[07:36:46] 137.4, 125.8, 1.095
[07:36:47] 137.6, 125.8, 1.096
[07:36:48] 137.8, 125.5, 3.269
[07:36:49] 178.1, 125.8, 1.035
[07:36:50] 142.5, 125.8, 1.108
[07:36:51] 137.0, 125.7, 1.103
[07:36:52] 137.3, 125.7, 1.101
[07:36:53] 137.6, 125.7, 1.101
[07:36:54] 160.0, 125.8, 0.984
[07:36:55] 185.0, 125.7, 1.102
[07:36:56] 134.9, 125.7, 1.103
[07:36:57] 135.4, 125.7, 1.102
[07:36:58] 136.0, 125.7, 1.100
[07:36:59] 136.4, 125.6, 1.951
[07:37:00] 228.5, 125.7, 1.028
[07:37:01] 144.6, 125.7, 1.100
[07:37:02] 143.9, 125.7, 1.103
[07:37:03] 143.4, 125.6, 1.104
[07:37:04] 142.9, 125.6, 1.099
[07:37:05] 162.9, 125.5, 1.919
[07:37:06] 241.3, 125.6, 1.052
[07:37:07] 186.6, 125.6, 1.099
[07:37:08] 139.4, 125.7, 1.103
[07:37:09] 139.4, 125.7, 1.105
[07:37:10] 139.5, 125.7, 1.101
[07:37:11] 139.5, 125.6, 1.942
[07:37:12] 232.8, 125.6, 1.922
[07:37:13] 244.0, 125.6, 1.984
[07:37:14] 244.2, 125.7, 1.095
[07:37:15] 152.6, 125.7, 1.106
[07:37:16] 139.9, 125.7, 1.100
[07:37:17] 139.8, 125.7, 1.101
[07:37:18] 139.8, 125.7, 1.096
[07:37:19] 170.9, 125.6, 1.922
[07:37:20] 239.7, 125.6, 1.982
[07:37:21] 246.7, 125.6, 1.986
[07:37:22] 247.1, 125.7, 1.984
[07:37:23] 247.6, 125.6, 1.985
[07:37:24] 248.0, 125.8, 1.120
[07:37:25] 173.1, 125.8, 1.098
[07:37:26] 139.8, 125.8, 1.101
[07:37:27] 139.8, 125.7, 1.099
[07:37:28] 139.8, 125.6, 1.104
[07:37:29] 139.7, 125.6, 1.925
[07:37:30] 242.9, 125.6, 1.956
[07:37:31] 243.1, 125.6, 1.985
[07:37:32] 250.7, 125.6, 1.984
[07:37:33] 250.7, 125.6, 1.988
[07:37:34] 250.7, 125.6, 1.987
[07:37:35] 250.7, 125.6, 1.989
[07:37:36] 250.7, 125.6, 1.989
[07:37:37] 250.8, 125.6, 1.986
[07:37:38] 250.7, 125.5, 1.987
[07:37:39] 250.7, 125.6, 1.273
[07:37:40] 214.7, 125.7, 1.105
[07:37:41] 140.7, 125.6, 1.111
[07:37:42] 140.6, 125.6, 1.105
[07:37:43] 140.5, 125.6, 1.112
