<<<[16:22:36] 141.7, 125.0, 1.140
[16:22:37] 141.9, 125.0, 1.141
[16:22:38] 142.2, 125.0, 1.148
[16:22:39] 142.7, 125.0, 1.188
[16:22:40] 155.9, 125.0, 1.272
[16:22:41] 156.0, 125.0, 1.216
[16:22:42] 155.8, 125.0, 1.262
[16:22:43] 156.1, 125.0, 1.243
[16:22:44] 156.6, 124.9, 1.277
[16:22:45] 156.7, 124.9, 1.245
[16:22:46] 156.8, 124.9, 1.273
[16:22:47] 157.0, 124.9, 1.273
[16:22:48] 157.2, 124.9, 1.257
[16:22:49] 157.4, 124.9, 1.250
[16:22:50] 157.5, 125.0, 1.318
[16:22:51] 157.8, 125.0, 1.244
[16:22:52] 157.8, 125.0, 1.253
[16:22:53] 157.9, 125.0, 1.327
[16:22:54] 158.2, 125.0, 1.189
[16:22:55] 157.7, 125.0, 1.185
[16:22:56] 149.4, 124.9, 1.175
[16:22:57] 149.2, 124.9, 1.183
[16:22:58] 149.2, 125.0, 1.193
[16:22:59] 149.3, 124.9, 1.683
[16:23:00] 174.7, 125.0, 1.109
[16:23:01] 137.9, 125.0, 1.114
[16:23:02] 138.2, 125.0, 1.117
[16:23:03] 138.4, 125.0, 1.111
[16:23:04] 138.6, 125.0, 1.905
[16:23:05] 180.1, 124.9, 1.048
[16:23:06] 130.9, 125.0, 1.110
[16:23:07] 138.5, 124.9, 1.109
[16:23:08] 138.6, 124.9, 1.114
[16:23:09] 138.8, 124.9, 1.951
[16:23:10] 181.0, 125.0, 1.048
[16:23:11] 130.7, 124.9, 1.109
[16:23:12] 138.9, 124.9, 1.114
[16:23:13] 139.0, 124.9, 1.116
[16:23:14] 139.1, 124.9, 2.282
[16:23:15] 181.9, 125.0, 1.047
[16:23:16] 130.7, 125.0, 1.110
[16:23:17] 138.5, 125.0, 1.107
[16:23:18] 138.7, 125.0, 1.113
[16:23:19] 138.8, 124.9, 2.865
[16:23:20] 185.0, 125.0, 1.041
[16:23:21] 143.4, 124.9, 1.111
[16:23:22] 138.3, 124.9, 1.114
[16:23:23] 138.5, 125.0, 1.117
[16:23:24] 138.7, 124.8, 3.567
[16:23:25] 191.7, 125.0, 1.070
[16:23:26] 154.6, 125.0, 1.111
[16:23:27] 137.4, 125.0, 1.116
[16:23:28] 137.7, 125.0, 1.116
[16:23:29] 138.0, 125.0, 1.119
[16:23:30] 138.6, 124.9, 1.499
[16:23:31] 237.3, 124.9, 1.118
[16:23:32] 136.1, 124.9, 1.115
[16:23:33] 136.6, 124.9, 1.111
[16:23:34] 137.0, 125.0, 1.113
[16:23:35] 137.4, 124.8, 2.361
[16:23:36] 247.8, 125.0, 1.000
[16:23:37] 195.5, 125.0, 1.118
[16:23:38] 140.5, 125.0, 1.117
[16:23:39] 140.4, 125.0, 1.114
[16:23:40] 140.3, 125.1, 1.111
[16:23:41] 140.3, 124.9, 2.393
[16:23:42] 271.9, 124.9, 2.375
[16:23:43] 295.3, 125.0, 1.111
[16:23:44] 149.7, 125.1, 1.120
[16:23:45] 140.1, 125.0, 1.110
[16:23:46] 140.1, 125.1, 1.113
[16:23:47] 140.1, 125.0, 1.112
[16:23:48] 164.6, 124.9, 2.378
[16:23:49] 297.6, 124.9, 2.436
[16:23:50] 298.1, 124.9, 2.428
[16:23:51] 305.2, 125.1, 1.071
[16:23:52] 208.4, 125.1, 1.122
[16:23:53] 140.5, 125.1, 1.111
[16:23:54] 140.4, 125.1, 1.110
[16:23:55] 140.4, 125.1, 1.109
[16:23:56] 140.3, 124.9, 2.409
[16:23:57] 266.5, 124.9, 2.374
[16:23:58] 298.3, 124.9, 2.435
[16:23:59] 305.6, 124.9, 2.434
[16:24:00] 305.4, 124.9, 2.437
[16:24:01] 305.4, 124.9, 2.438
[16:24:02] 305.5, 124.9, 2.439
[16:24:03] 305.5, 125.0, 1.130
[16:24:04] 169.3, 125.0, 1.111
[16:24:05] 140.3, 125.0, 1.116
[16:24:06] 140.3, 125.0, 1.112
[16:24:07] 140.3, 125.0, 1.114
[16:24:08] 140.3, 124.8, 2.374
[16:24:09] 309.0, 124.8, 2.441
[16:24:10] 300.7, 124.8, 2.440
[16:24:11] 305.9, 124.9, 2.435
[16:24:12] 305.8, 124.8, 2.443
[16:24:13] 305.9, 124.9, 2.439
[16:24:14] 305.9, 124.9, 2.445
[16:24:15] 306.0, 124.9, 2.437
[16:24:16] 306.0, 125.0, 2.444
[16:24:17] 306.0, 125.0, 2.435
[16:24:18] 306.1, 125.0, 2.444
[16:24:19] 306.1, 124.9, 2.442
[16:24:20] 306.2, 124.9, 2.444
[16:24:21] 306.2, 125.0, 1.160
[16:24:22] 216.5, 125.1, 1.111
[16:24:23] 140.5, 125.1, 1.119
[16:24:24] 140.4, 125.1, 1.120
[16:24:25] 140.5, 125.1, 1.111
