<<<[02:35:47] 141.2, 126.6, 1.096
[02:35:48] 141.0, 126.6, 1.096
[02:35:49] 140.9, 126.6, 1.095
[02:35:50] 140.9, 126.6, 1.240
[02:35:51] 148.3, 126.6, 1.241
[02:35:52] 158.4, 126.6, 1.106
[02:35:53] 146.8, 126.6, 1.120
[02:35:54] 146.2, 126.6, 1.113
[02:35:55] 145.7, 126.6, 1.122
[02:35:56] 145.3, 126.6, 1.122
[02:35:57] 145.1, 126.6, 1.150
[02:35:58] 168.7, 126.6, 1.107
[02:35:59] 141.0, 126.6, 1.105
[02:36:00] 141.0, 126.6, 1.109
[02:36:01] 141.1, 126.6, 1.105
[02:36:02] 141.2, 126.6, 1.147
[02:36:03] 167.3, 126.6, 1.092
[02:36:04] 140.3, 126.5, 1.100
[02:36:05] 140.2, 126.6, 1.095
[02:36:06] 140.2, 126.6, 1.102
[02:36:07] 140.3, 126.6, 1.150
[02:36:08] 166.7, 126.6, 1.097
[02:36:09] 139.9, 126.6, 1.106
[02:36:10] 139.9, 126.6, 1.100
[02:36:11] 140.0, 126.6, 1.107
[02:36:12] 140.0, 126.6, 1.158
[02:36:13] 166.5, 126.6, 1.090
[02:36:14] 139.8, 126.6, 1.096
[02:36:15] 139.8, 126.6, 1.100
[02:36:16] 139.8, 126.6, 1.094
[02:36:17] 139.8, 126.6, 1.162
[02:36:18] 166.2, 126.5, 1.092
[02:36:19] 139.9, 126.6, 1.101
[02:36:20] 139.9, 126.6, 1.095
[02:36:21] 139.9, 126.6, 1.105
[02:36:22] 139.9, 126.6, 1.166
[02:36:23] 165.8, 126.6, 1.097
[02:36:24] 139.8, 126.6, 1.094
[02:36:25] 139.7, 126.6, 1.093
[02:36:26] 139.8, 126.6, 1.095
[02:36:27] 139.9, 126.6, 1.136
[02:36:28] 174.7, 126.6, 1.035
[02:36:29] 132.3, 126.6, 1.103
[02:36:30] 140.1, 126.6, 1.098
[02:36:31] 140.1, 126.6, 1.094
[02:36:32] 140.1, 126.6, 1.138
[02:36:33] 174.3, 126.6, 1.028
[02:36:34] 132.3, 126.6, 1.088
[02:36:35] 139.6, 126.6, 1.095
[02:36:36] 139.5, 126.6, 1.096
[02:36:37] 139.5, 126.5, 1.575
[02:36:38] 188.8, 126.6, 1.022
[02:36:39] 129.6, 126.6, 1.090
[02:36:40] 139.4, 126.6, 1.098
[02:36:41] 139.4, 126.6, 1.107
[02:36:42] 139.5, 126.6, 1.813
[02:36:43] 192.1, 126.6, 1.025
[02:36:44] 136.7, 126.6, 1.092
[02:36:45] 136.9, 126.6, 1.089
[02:36:46] 137.2, 126.5, 1.093
[02:36:47] 137.4, 126.4, 3.300
[02:36:48] 181.0, 126.5, 1.030
[02:36:49] 169.6, 126.6, 1.087
[02:36:50] 137.0, 126.5, 1.097
[02:36:51] 137.3, 126.5, 1.091
[02:36:52] 137.7, 126.5, 1.086
[02:36:53] 137.9, 126.5, 1.873
[02:36:54] 234.1, 126.5, 1.058
[02:36:55] 155.0, 126.5, 1.090
[02:36:56] 139.2, 126.5, 1.086
[02:36:57] 139.2, 126.6, 1.087
[02:36:58] 139.2, 126.5, 1.093
[02:36:59] 139.3, 126.5, 1.855
[02:37:00] 245.8, 126.4, 1.920
[02:37:01] 233.3, 126.6, 1.099
[02:37:02] 145.4, 126.6, 1.086
[02:37:03] 139.2, 126.6, 1.093
[02:37:04] 139.2, 126.6, 1.094
[02:37:05] 139.2, 126.6, 1.104
[02:37:06] 174.3, 126.5, 1.861
[02:37:07] 233.7, 126.5, 1.924
[02:37:08] 241.7, 126.5, 1.925
[02:37:09] 242.1, 126.6, 1.218
[02:37:10] 199.7, 126.6, 1.098
[02:37:11] 140.7, 126.6, 1.097
[02:37:12] 140.6, 126.6, 1.098
[02:37:13] 140.4, 126.6, 1.098
[02:37:14] 140.4, 126.5, 1.879
[02:37:15] 216.9, 126.5, 1.864
[02:37:16] 237.1, 126.5, 1.926
[02:37:17] 245.1, 126.5, 1.917
[02:37:18] 245.0, 126.4, 1.928
[02:37:19] 245.0, 126.5, 1.927
[02:37:20] 245.0, 126.5, 1.928
[02:37:21] 245.0, 126.6, 1.215
[02:37:22] 202.8, 126.6, 1.091
[02:37:23] 140.3, 126.6, 1.101
[02:37:24] 140.2, 126.6, 1.102
[02:37:25] 140.1, 126.6, 1.102
[02:37:26] 140.1, 126.5, 1.847
[02:37:27] 210.0, 126.5, 1.861
[02:37:28] 236.8, 126.4, 1.928
[02:37:29] 244.9, 126.5, 1.916
[02:37:30] 244.9, 126.5, 1.927
[02:37:31] 244.9, 126.5, 1.919
[02:37:32] 244.9, 126.5, 1.928
[02:37:33] 244.9, 126.5, 1.917
[02:37:34] 244.9, 126.5, 1.929
[02:37:35] 244.9, 126.5, 1.928
[02:37:36] 245.0, 126.5, 1.928
[02:37:37] 245.0, 126.5, 1.930
[02:37:38] 245.0, 126.5, 1.931
[02:37:39] 245.1, 126.5, 1.932
[02:37:40] 245.1, 126.6, 1.099
[02:37:41] 203.7, 126.5, 1.101
[02:37:42] 140.5, 126.6, 1.093
[02:37:43] 140.4, 126.5, 1.102
[02:37:44] 140.4, 126.6, 1.094
