<<<[15:53:16] 140.4, 124.9, 1.119
[15:53:17] 140.6, 124.9, 1.142
[15:53:18] 140.9, 125.0, 1.131
[15:53:19] 141.4, 125.0, 1.234
[15:53:20] 149.7, 125.0, 1.190
[15:53:21] 150.0, 124.9, 1.185
[15:53:22] 149.9, 125.0, 1.188
[15:53:23] 149.8, 125.0, 1.189
[15:53:24] 149.7, 125.0, 1.190
[15:53:25] 149.7, 125.0, 1.368
[15:53:26] 172.5, 125.0, 1.165
[15:53:27] 146.3, 125.0, 1.149
[15:53:28] 146.0, 125.0, 1.138
[15:53:29] 145.8, 125.0, 1.138
[15:53:30] 145.5, 125.0, 1.378
[15:53:31] 169.8, 125.0, 1.132
[15:53:32] 143.2, 125.0, 1.134
[15:53:33] 143.1, 125.0, 1.125
[15:53:34] 143.0, 125.0, 1.121
[15:53:35] 142.8, 125.1, 1.386
[15:53:36] 168.7, 125.1, 1.121
[15:53:37] 141.6, 125.1, 1.117
[15:53:38] 141.5, 125.0, 1.125
[15:53:39] 141.6, 125.0, 1.120
[15:53:40] 141.6, 124.9, 1.397
[15:53:41] 168.5, 124.9, 1.118
[15:53:42] 141.4, 125.0, 1.123
[15:53:43] 141.3, 125.0, 1.117
[15:53:44] 141.3, 125.0, 1.118
[15:53:45] 141.2, 125.0, 1.408
[15:53:46] 168.4, 125.1, 1.121
[15:53:47] 141.2, 125.0, 1.117
[15:53:48] 141.0, 125.1, 1.111
[15:53:49] 140.9, 125.0, 1.117
[15:53:50] 140.9, 125.0, 1.423
[15:53:51] 168.5, 125.1, 1.116
[15:53:52] 140.8, 125.0, 1.118
[15:53:53] 140.7, 125.0, 1.122
[15:53:54] 140.7, 125.0, 1.116
[15:53:55] 140.6, 125.0, 1.426
[15:53:56] 167.3, 125.0, 1.107
[15:53:57] 140.3, 125.1, 1.106
[15:53:58] 140.2, 125.0, 1.111
[15:53:59] 140.1, 125.0, 1.111
[15:54:00] 140.1, 125.0, 1.442
[15:54:01] 166.9, 125.0, 1.107
[15:54:02] 140.5, 124.9, 1.119
[15:54:03] 140.4, 125.0, 1.120
[15:54:04] 140.4, 125.0, 1.118
[15:54:05] 140.4, 125.0, 1.440
[15:54:06] 177.2, 125.0, 1.046
[15:54:07] 132.5, 125.0, 1.105
[15:54:08] 139.8, 125.0, 1.109
[15:54:09] 139.7, 125.0, 1.106
[15:54:10] 139.7, 125.0, 1.440
[15:54:11] 176.1, 125.0, 1.047
[15:54:12] 131.8, 125.0, 1.118
[15:54:13] 139.6, 125.0, 1.106
[15:54:14] 139.6, 125.0, 1.106
[15:54:15] 139.6, 125.0, 1.641
[15:54:16] 192.1, 125.0, 1.049
[15:54:17] 129.3, 125.0, 1.111
[15:54:18] 139.0, 125.1, 1.106
[15:54:19] 139.0, 125.0, 1.105
[15:54:20] 139.1, 124.9, 2.133
[15:54:21] 189.2, 125.0, 1.039
[15:54:22] 143.7, 125.1, 1.108
[15:54:23] 143.0, 125.0, 1.108
[15:54:24] 142.6, 125.0, 1.108
[15:54:25] 142.2, 124.9, 2.911
[15:54:26] 178.0, 125.1, 0.992
[15:54:27] 177.9, 125.1, 1.107
[15:54:28] 136.3, 125.1, 1.110
[15:54:29] 136.6, 125.1, 1.107
[15:54:30] 137.0, 125.1, 1.105
[15:54:31] 137.3, 125.0, 1.943
[15:54:32] 234.4, 125.0, 1.066
[15:54:33] 161.7, 125.0, 1.109
[15:54:34] 140.1, 125.1, 1.114
[15:54:35] 140.0, 125.1, 1.111
[15:54:36] 140.0, 125.1, 1.108
[15:54:37] 139.9, 124.9, 1.917
[15:54:38] 248.4, 125.0, 1.937
[15:54:39] 235.5, 125.1, 1.107
[15:54:40] 151.2, 125.1, 1.109
[15:54:41] 139.4, 125.1, 1.109
[15:54:42] 139.4, 125.1, 1.109
[15:54:43] 139.5, 124.9, 2.883
[15:54:44] 178.1, 124.9, 1.922
[15:54:45] 239.3, 124.9, 1.977
[15:54:46] 246.6, 124.9, 1.987
[15:54:47] 246.9, 125.1, 1.063
[15:54:48] 188.1, 125.0, 1.105
[15:54:49] 139.4, 125.1, 1.109
[15:54:50] 139.4, 125.0, 1.109
[15:54:51] 139.4, 125.0, 1.109
[15:54:52] 139.4, 124.9, 1.948
[15:54:53] 234.8, 124.9, 1.911
[15:54:54] 242.8, 124.9, 1.989
[15:54:55] 249.5, 124.9, 1.979
[15:54:56] 249.4, 124.9, 1.986
[15:54:57] 249.4, 124.9, 1.984
[15:54:58] 249.4, 124.9, 1.986
[15:54:59] 249.4, 125.0, 1.129
[15:55:00] 168.7, 125.0, 1.108
[15:55:01] 139.8, 124.9, 1.120
[15:55:02] 139.8, 124.9, 1.110
[15:55:03] 139.9, 125.0, 1.110
[15:55:04] 139.9, 124.9, 1.919
[15:55:05] 248.5, 124.9, 1.975
[15:55:06] 247.9, 124.9, 1.986
[15:55:07] 248.0, 124.9, 1.978
[15:55:08] 248.2, 124.9, 1.987
[15:55:09] 248.3, 124.9, 1.988
[15:55:10] 248.5, 124.8, 1.990
[15:55:11] 248.6, 124.8, 1.983
[15:55:12] 248.7, 124.8, 1.992
[15:55:13] 248.9, 124.8, 1.979
[15:55:14] 249.0, 124.9, 1.992
[15:55:15] 249.1, 124.8, 1.992
[15:55:16] 249.2, 124.8, 1.990
[15:55:17] 249.3, 124.9, 1.846
[15:55:18] 225.9, 125.0, 1.115
[15:55:19] 140.8, 125.0, 1.113
[15:55:20] 140.6, 124.9, 1.107
[15:55:21] 140.5, 125.0, 1.116
