<<<[15:55:25] 140.9, 125.1, 1.139
[15:55:26] 141.2, 125.1, 1.137
[15:55:27] 141.4, 125.1, 1.148
[15:55:28] 141.8, 125.1, 1.160
[15:55:29] 148.8, 125.1, 1.163
[15:55:30] 148.5, 125.0, 1.175
[15:55:31] 148.4, 125.0, 1.170
[15:55:32] 148.4, 125.0, 1.178
[15:55:33] 148.4, 125.0, 1.606
[15:55:34] 172.0, 125.0, 1.152
[15:55:35] 144.8, 125.0, 1.151
[15:55:36] 144.8, 124.9, 1.143
[15:55:37] 144.7, 125.0, 1.133
[15:55:38] 144.6, 124.9, 1.623
[15:55:39] 170.2, 125.0, 1.134
[15:55:40] 143.2, 124.9, 1.133
[15:55:41] 143.1, 125.0, 1.129
[15:55:42] 143.0, 125.0, 1.130
[15:55:43] 142.8, 124.9, 1.634
[15:55:44] 168.9, 125.0, 1.123
[15:55:45] 141.6, 124.9, 1.123
[15:55:46] 141.5, 124.9, 1.120
[15:55:47] 141.5, 125.0, 1.121
[15:55:48] 141.4, 124.9, 1.637
[15:55:49] 168.5, 125.0, 1.119
[15:55:50] 140.8, 124.8, 1.117
[15:55:51] 140.8, 125.0, 1.117
[15:55:52] 140.7, 125.0, 1.115
[15:55:53] 140.8, 124.9, 1.651
[15:55:54] 169.1, 125.0, 1.113
[15:55:55] 140.3, 125.0, 1.109
[15:55:56] 140.2, 125.0, 1.110
[15:55:57] 140.2, 125.0, 1.116
[15:55:58] 140.3, 124.9, 1.659
[15:55:59] 169.1, 125.0, 1.118
[15:56:00] 139.9, 125.0, 1.111
[15:56:01] 139.9, 125.0, 1.114
[15:56:02] 139.9, 125.0, 1.109
[15:56:03] 140.0, 124.9, 1.654
[15:56:04] 168.4, 125.0, 1.117
[15:56:05] 139.9, 125.0, 1.110
[15:56:06] 139.8, 125.0, 1.114
[15:56:07] 139.8, 125.0, 1.114
[15:56:08] 139.8, 124.9, 1.655
[15:56:09] 168.2, 125.0, 1.111
[15:56:10] 139.6, 125.0, 1.106
[15:56:11] 139.6, 125.0, 1.106
[15:56:12] 139.6, 125.1, 1.103
[15:56:13] 139.6, 125.0, 1.611
[15:56:14] 179.4, 125.1, 1.038
[15:56:15] 131.1, 125.0, 1.103
[15:56:16] 138.9, 125.0, 1.110
[15:56:17] 138.9, 125.0, 1.107
[15:56:18] 139.0, 124.9, 1.633
[15:56:19] 178.1, 125.0, 1.043
[15:56:20] 130.3, 125.0, 1.102
[15:56:21] 138.7, 125.0, 1.115
[15:56:22] 138.8, 125.0, 1.109
[15:56:23] 138.9, 124.9, 1.840
[15:56:24] 186.6, 124.9, 1.042
[15:56:25] 135.1, 125.0, 1.105
[15:56:26] 135.4, 124.9, 1.101
[15:56:27] 136.0, 124.9, 1.106
[15:56:28] 136.4, 124.8, 2.743
[15:56:29] 183.2, 125.0, 1.040
[15:56:30] 149.2, 125.0, 1.107
[15:56:31] 137.9, 125.0, 1.102
[15:56:32] 138.0, 125.0, 1.102
[15:56:33] 138.2, 125.0, 1.111
[15:56:34] 170.9, 125.0, 1.072
[15:56:35] 183.2, 125.0, 1.108
[15:56:36] 136.5, 124.9, 1.111
[15:56:37] 136.8, 124.9, 1.109
[15:56:38] 137.2, 125.0, 1.106
[15:56:39] 137.4, 124.8, 1.900
[15:56:40] 223.2, 124.9, 1.065
[15:56:41] 167.8, 124.8, 1.113
[15:56:42] 139.4, 124.9, 1.107
[15:56:43] 139.4, 124.9, 1.107
[15:56:44] 139.5, 124.9, 1.102
[15:56:45] 139.5, 124.8, 1.869
[15:56:46] 239.3, 124.9, 1.828
[15:56:47] 229.2, 125.0, 1.115
[15:56:48] 143.7, 125.0, 1.104
[15:56:49] 143.1, 125.0, 1.109
[15:56:50] 142.7, 125.0, 1.106
[15:56:51] 142.3, 124.8, 3.376
[15:56:52] 179.6, 124.9, 1.873
[15:56:53] 233.7, 124.9, 1.935
[15:56:54] 240.4, 124.9, 1.939
[15:56:55] 240.7, 125.0, 1.102
[15:56:56] 158.6, 125.1, 1.106
[15:56:57] 139.4, 125.0, 1.109
[15:56:58] 139.4, 125.0, 1.104
[15:56:59] 139.5, 125.0, 1.107
[15:57:00] 139.5, 124.9, 1.869
[15:57:01] 246.0, 124.9, 1.942
[15:57:02] 238.2, 125.0, 1.935
[15:57:03] 243.3, 124.9, 1.932
[15:57:04] 243.2, 124.9, 1.933
[15:57:05] 243.1, 125.0, 1.928
[15:57:06] 243.1, 125.1, 1.631
[15:57:07] 221.6, 125.1, 1.106
[15:57:08] 138.1, 125.1, 1.100
[15:57:09] 138.2, 125.1, 1.106
[15:57:10] 138.5, 125.1, 1.111
[15:57:11] 138.6, 125.0, 2.453
[15:57:12] 190.4, 124.9, 1.872
[15:57:13] 236.2, 124.9, 1.935
[15:57:14] 236.7, 124.9, 1.933
[15:57:15] 242.8, 124.9, 1.934
[15:57:16] 242.8, 124.9, 1.935
[15:57:17] 242.8, 124.9, 1.935
[15:57:18] 242.8, 124.9, 1.937
[15:57:19] 242.8, 124.9, 1.936
[15:57:20] 242.9, 124.9, 1.938
[15:57:21] 242.9, 124.9, 1.937
[15:57:22] 243.0, 124.9, 1.941
[15:57:23] 243.0, 124.9, 1.939
[15:57:24] 243.1, 125.0, 1.744
[15:57:25] 219.9, 125.0, 1.117
[15:57:26] 141.0, 125.1, 1.113
[15:57:27] 140.8, 125.1, 1.109
[15:57:28] 140.7, 125.1, 1.114
