<<<[05:57:18] 141.2, 126.3, 1.111
[05:57:19] 141.2, 126.3, 1.116
[05:57:20] 141.2, 126.2, 1.113
[05:57:21] 141.3, 126.3, 1.274
[05:57:22] 156.1, 126.2, 1.273
[05:57:23] 156.5, 126.2, 1.273
[05:57:24] 161.8, 126.3, 1.263
[05:57:25] 161.5, 126.2, 1.236
[05:57:26] 161.1, 126.2, 1.283
[05:57:27] 160.6, 126.3, 1.129
[05:57:28] 144.3, 126.3, 1.120
[05:57:29] 144.1, 126.3, 1.117
[05:57:30] 143.8, 126.3, 1.108
[05:57:31] 143.4, 126.3, 1.135
[05:57:32] 153.9, 126.3, 1.110
[05:57:33] 154.2, 126.3, 1.121
[05:57:34] 142.3, 126.3, 1.121
[05:57:35] 142.2, 126.3, 1.108
[05:57:36] 142.1, 126.3, 1.116
[05:57:37] 152.2, 126.3, 1.095
[05:57:38] 152.5, 126.3, 1.099
[05:57:39] 139.8, 126.3, 1.092
[05:57:40] 139.7, 126.2, 1.098
[05:57:41] 139.7, 126.2, 1.098
[05:57:42] 151.2, 126.2, 1.091
[05:57:43] 151.6, 126.2, 1.094
[05:57:44] 139.8, 126.3, 1.094
[05:57:45] 139.7, 126.3, 1.093
[05:57:46] 139.8, 126.3, 1.097
[05:57:47] 168.0, 126.2, 1.032
[05:57:48] 144.3, 126.2, 1.095
[05:57:49] 135.8, 126.3, 1.096
[05:57:50] 136.3, 126.3, 1.094
[05:57:51] 136.7, 126.3, 1.090
[05:57:52] 167.3, 126.3, 1.032
[05:57:53] 144.1, 126.3, 1.093
[05:57:54] 136.0, 126.3, 1.096
[05:57:55] 136.4, 126.3, 1.091
[05:57:56] 136.9, 126.3, 1.099
[05:57:57] 164.4, 126.3, 1.036
[05:57:58] 146.6, 126.3, 1.093
[05:57:59] 136.0, 126.3, 1.096
[05:58:00] 136.4, 126.3, 1.097
[05:58:01] 136.8, 126.3, 1.098
[05:58:02] 137.2, 126.2, 1.051
[05:58:03] 185.7, 126.3, 1.102
[05:58:04] 134.7, 126.3, 1.097
[05:58:05] 135.2, 126.3, 1.098
[05:58:06] 135.8, 126.3, 1.095
[05:58:07] 136.2, 126.2, 1.546
[05:58:08] 211.8, 126.3, 1.060
[05:58:09] 132.5, 126.3, 1.100
[05:58:10] 139.4, 126.3, 1.097
[05:58:11] 139.4, 126.3, 1.095
[05:58:12] 139.4, 126.2, 2.050
[05:58:13] 210.0, 126.3, 1.053
[05:58:14] 172.0, 126.3, 1.101
[05:58:15] 138.7, 126.3, 1.094
[05:58:16] 138.7, 126.3, 1.099
[05:58:17] 138.8, 126.3, 1.099
[05:58:18] 138.9, 126.2, 2.029
[05:58:19] 248.9, 126.2, 1.576
[05:58:20] 221.2, 126.3, 1.095
[05:58:21] 138.5, 126.3, 1.100
[05:58:22] 138.6, 126.3, 1.095
[05:58:23] 138.7, 126.3, 1.094
[05:58:24] 138.8, 126.2, 2.061
[05:58:25] 209.3, 126.2, 2.015
[05:58:26] 255.6, 126.1, 2.079
[05:58:27] 262.5, 126.2, 1.108
[05:58:28] 181.8, 126.2, 1.097
[05:58:29] 139.2, 126.3, 1.096
[05:58:30] 139.2, 126.3, 1.091
[05:58:31] 139.3, 126.2, 1.093
[05:58:32] 139.3, 126.2, 2.033
[05:58:33] 246.9, 126.2, 2.012
[05:58:34] 257.2, 126.1, 2.082
[05:58:35] 263.8, 126.1, 2.079
[05:58:36] 263.8, 126.2, 2.083
[05:58:37] 263.8, 126.2, 1.598
[05:58:38] 230.6, 126.3, 1.094
[05:58:39] 138.3, 126.3, 1.099
[05:58:40] 138.4, 126.2, 1.095
[05:58:41] 138.6, 126.3, 1.100
[05:58:42] 138.7, 126.2, 2.192
[05:58:43] 206.0, 126.2, 2.018
[05:58:44] 256.3, 126.1, 2.083
[05:58:45] 262.7, 126.2, 2.083
[05:58:46] 262.8, 126.2, 2.079
[05:58:47] 263.0, 126.2, 2.084
[05:58:48] 263.1, 126.2, 2.084
[05:58:49] 263.2, 126.2, 2.069
[05:58:50] 263.3, 126.2, 2.083
[05:58:51] 263.4, 126.2, 2.085
[05:58:52] 263.5, 126.1, 2.085
[05:58:53] 263.6, 126.3, 1.102
[05:58:54] 172.0, 126.2, 1.098
[05:58:55] 139.8, 126.3, 1.102
[05:58:56] 139.7, 126.3, 1.093
[05:58:57] 139.7, 126.3, 1.102
