<<<[23:25:21] 141.5, 126.0, 1.119
[23:25:22] 141.6, 126.0, 1.116
[23:25:23] 141.6, 126.0, 1.118
[23:25:24] 141.7, 125.9, 1.117
[23:25:25] 141.9, 126.0, 1.120
[23:25:26] 141.8, 126.0, 1.117
[23:25:27] 142.0, 125.9, 1.125
[23:25:28] 142.2, 125.9, 1.135
[23:25:29] 142.4, 126.0, 1.087
[23:25:30] 170.0, 125.9, 1.114
[23:25:31] 142.7, 126.0, 1.119
[23:25:32] 142.5, 125.9, 1.113
[23:25:33] 142.3, 125.9, 1.114
[23:25:34] 142.2, 126.0, 1.082
[23:25:35] 168.7, 125.9, 1.117
[23:25:36] 141.2, 125.9, 1.121
[23:25:37] 141.2, 125.9, 1.121
[23:25:38] 141.3, 125.9, 1.105
[23:25:39] 141.2, 125.9, 1.083
[23:25:40] 168.0, 125.9, 1.106
[23:25:41] 140.8, 125.9, 1.110
[23:25:42] 140.7, 125.9, 1.111
[23:25:43] 140.7, 125.9, 1.110
[23:25:44] 140.7, 125.9, 1.090
[23:25:45] 168.2, 125.9, 1.108
[23:25:46] 140.7, 125.9, 1.108
[23:25:47] 140.7, 125.9, 1.108
[23:25:48] 140.6, 125.9, 1.105
[23:25:49] 140.6, 125.9, 1.088
[23:25:50] 167.6, 125.9, 1.102
[23:25:51] 140.3, 126.0, 1.107
[23:25:52] 140.2, 125.9, 1.102
[23:25:53] 140.2, 125.9, 1.105
[23:25:54] 140.1, 126.0, 1.090
[23:25:55] 167.8, 125.9, 1.104
[23:25:56] 139.8, 125.9, 1.100
[23:25:57] 139.8, 126.0, 1.101
[23:25:58] 139.7, 126.0, 1.099
[23:25:59] 139.8, 125.9, 1.090
[23:26:00] 167.5, 125.9, 1.096
[23:26:01] 139.8, 125.9, 1.098
[23:26:02] 139.7, 125.9, 1.102
[23:26:03] 139.7, 126.0, 1.106
[23:26:04] 139.7, 126.0, 1.103
[23:26:05] 167.6, 125.9, 1.100
[23:26:06] 139.8, 125.9, 1.099
[23:26:07] 139.7, 125.9, 1.100
[23:26:08] 139.7, 125.9, 1.100
[23:26:09] 139.7, 125.9, 1.107
[23:26:10] 167.3, 125.8, 1.102
[23:26:11] 140.1, 125.9, 1.097
[23:26:12] 140.0, 125.9, 1.096
[23:26:13] 139.9, 125.9, 1.095
[23:26:14] 139.9, 125.9, 1.104
[23:26:15] 167.1, 125.9, 1.099
[23:26:16] 139.6, 125.9, 1.102
[23:26:17] 139.6, 125.9, 1.103
[23:26:18] 139.6, 125.9, 1.102
[23:26:19] 139.6, 125.9, 1.116
[23:26:20] 166.2, 125.9, 1.095
[23:26:21] 139.4, 125.9, 1.099
[23:26:22] 139.4, 125.9, 1.098
[23:26:23] 139.4, 125.9, 1.098
[23:26:24] 139.5, 125.9, 1.094
[23:26:25] 174.3, 125.9, 1.032
[23:26:26] 132.7, 125.9, 1.097
[23:26:27] 139.6, 125.9, 1.094
[23:26:28] 139.5, 125.9, 1.100
[23:26:29] 139.5, 126.0, 1.092
[23:26:30] 172.7, 125.9, 1.031
[23:26:31] 131.6, 125.9, 1.102
[23:26:32] 139.4, 125.9, 1.100
[23:26:33] 139.4, 125.9, 1.104
[23:26:34] 139.4, 125.8, 1.567
[23:26:35] 183.6, 125.9, 1.038
[23:26:36] 130.5, 125.9, 1.092
[23:26:37] 139.6, 125.9, 1.095
[23:26:38] 139.5, 125.9, 1.099
[23:26:39] 139.5, 125.8, 2.339
[23:26:40] 183.9, 125.8, 1.032
[23:26:41] 149.4, 125.8, 1.101
[23:26:42] 137.6, 125.8, 1.099
[23:26:43] 137.8, 125.9, 1.104
[23:26:44] 138.0, 125.9, 1.107
[23:26:45] 147.7, 125.8, 1.590
[23:26:46] 214.5, 125.9, 1.102
[23:26:47] 134.3, 125.8, 1.099
[23:26:48] 134.9, 125.8, 1.097
[23:26:49] 135.4, 125.8, 1.101
[23:26:50] 135.9, 125.7, 2.744
[23:26:51] 180.7, 125.8, 1.714
[23:26:52] 217.6, 125.8, 1.114
[23:26:53] 170.2, 125.8, 1.104
[23:26:54] 140.1, 125.8, 1.101
[23:26:55] 140.0, 125.8, 1.097
[23:26:56] 139.9, 125.8, 1.093
[23:26:57] 139.9, 125.7, 1.713
[23:26:58] 225.7, 125.8, 1.772
[23:26:59] 219.8, 125.8, 1.780
[23:27:00] 220.2, 125.9, 1.096
[23:27:01] 157.1, 125.9, 1.097
[23:27:02] 139.6, 125.9, 1.096
[23:27:03] 139.5, 125.9, 1.107
[23:27:04] 139.5, 125.9, 1.101
[23:27:05] 165.6, 125.8, 1.721
[23:27:06] 215.4, 125.8, 1.780
[23:27:07] 221.2, 125.8, 1.779
[23:27:08] 221.7, 125.8, 1.780
[23:27:09] 222.1, 125.8, 1.783
[23:27:10] 222.5, 125.8, 1.630
[23:27:11] 209.8, 125.9, 1.100
[23:27:12] 137.9, 125.9, 1.098
[23:27:13] 138.0, 125.9, 1.109
[23:27:14] 138.4, 125.9, 1.103
[23:27:15] 138.6, 125.8, 1.846
[23:27:16] 191.9, 125.8, 1.715
[23:27:17] 217.4, 125.8, 1.780
[23:27:18] 224.1, 125.8, 1.779
[23:27:19] 224.2, 125.8, 1.782
[23:27:20] 224.4, 125.8, 1.783
[23:27:21] 224.5, 125.8, 1.784
[23:27:22] 224.7, 125.8, 1.785
[23:27:23] 224.8, 125.8, 1.783
[23:27:24] 224.9, 125.8, 1.786
[23:27:25] 225.1, 125.8, 1.786
[23:27:26] 225.2, 125.8, 1.783
[23:27:27] 213.3, 125.9, 1.105
[23:27:28] 139.6, 125.9, 1.101
[23:27:29] 139.6, 125.9, 1.100
[23:27:30] 139.6, 125.9, 1.098
