<<<[19:31:59] 143.4, 126.0, 1.126
[19:32:00] 143.3, 126.0, 1.118
[19:32:01] 143.2, 126.0, 1.140
[19:32:02] 143.2, 125.8, 1.186
[19:32:03] 143.8, 125.9, 1.184
[19:32:04] 153.9, 125.9, 1.170
[19:32:05] 147.7, 125.9, 1.167
[19:32:06] 147.8, 125.9, 1.177
[19:32:07] 147.9, 125.9, 1.155
[19:32:08] 147.9, 125.8, 1.528
[19:32:09] 166.2, 125.9, 1.124
[19:32:10] 150.3, 126.0, 1.114
[19:32:11] 142.7, 126.0, 1.116
[19:32:12] 142.5, 125.9, 1.120
[19:32:13] 142.4, 125.9, 1.438
[19:32:14] 161.1, 125.9, 1.112
[19:32:15] 148.8, 126.0, 1.110
[19:32:16] 141.0, 126.0, 1.106
[19:32:17] 140.9, 126.0, 1.120
[19:32:18] 140.9, 125.9, 1.405
[19:32:19] 160.0, 125.9, 1.105
[19:32:20] 147.4, 126.0, 1.099
[19:32:21] 139.9, 125.9, 1.104
[19:32:22] 139.9, 125.9, 1.106
[19:32:23] 140.0, 125.9, 1.386
[19:32:24] 159.7, 126.0, 1.096
[19:32:25] 147.7, 126.0, 1.099
[19:32:26] 139.8, 125.9, 1.100
[19:32:27] 139.8, 125.9, 1.107
[19:32:28] 139.9, 125.8, 1.347
[19:32:29] 158.9, 125.9, 1.097
[19:32:30] 147.7, 125.9, 1.098
[19:32:31] 140.1, 125.9, 1.102
[19:32:32] 140.1, 125.9, 1.112
[19:32:33] 140.2, 125.8, 1.309
[19:32:34] 158.4, 125.9, 1.102
[19:32:35] 148.6, 125.9, 1.102
[19:32:36] 139.6, 125.9, 1.092
[19:32:37] 139.6, 125.9, 1.100
[19:32:38] 139.6, 125.7, 2.218
[19:32:39] 172.5, 126.0, 1.029
[19:32:40] 138.1, 125.9, 1.090
[19:32:41] 137.8, 125.9, 1.102
[19:32:42] 138.0, 125.9, 1.103
[19:32:43] 138.3, 125.9, 1.114
[19:32:44] 171.1, 125.9, 1.027
[19:32:45] 138.3, 125.9, 1.093
[19:32:46] 138.0, 125.9, 1.091
[19:32:47] 138.2, 125.9, 1.099
[19:32:48] 138.3, 125.9, 1.097
[19:32:49] 164.6, 126.0, 1.054
[19:32:50] 155.5, 125.9, 1.091
[19:32:51] 135.6, 125.9, 1.096
[19:32:52] 136.0, 125.9, 1.095
[19:32:53] 136.4, 125.9, 1.105
[19:32:54] 136.8, 126.0, 1.399
[19:32:55] 202.6, 126.0, 1.092
[19:32:56] 134.3, 126.0, 1.091
[19:32:57] 134.8, 126.0, 1.092
[19:32:58] 135.4, 126.0, 1.101
[19:32:59] 135.9, 125.9, 1.800
[19:33:00] 210.2, 126.0, 1.047
[19:33:01] 155.1, 126.0, 1.097
[19:33:02] 138.7, 125.9, 1.103
[19:33:03] 138.8, 125.9, 1.104
[19:33:04] 138.9, 125.9, 1.098
[19:33:05] 147.2, 125.9, 1.784
[19:33:06] 237.7, 125.9, 1.107
[19:33:07] 162.9, 125.9, 1.089
[19:33:08] 139.0, 125.9, 1.092
[19:33:09] 139.0, 125.9, 1.094
[19:33:10] 139.0, 125.9, 1.101
[19:33:11] 139.1, 125.8, 1.791
[19:33:12] 228.6, 125.8, 1.816
[19:33:13] 228.5, 125.8, 1.490
[19:33:14] 205.5, 125.9, 1.089
[19:33:15] 139.4, 125.9, 1.095
[19:33:16] 139.3, 125.9, 1.089
[19:33:17] 139.2, 125.8, 1.095
[19:33:18] 139.2, 125.8, 1.945
[19:33:19] 194.2, 125.8, 1.787
[19:33:20] 226.5, 125.9, 1.851
[19:33:21] 233.2, 125.8, 1.853
[19:33:22] 233.3, 125.8, 1.856
[19:33:23] 233.4, 125.9, 1.057
[19:33:24] 186.6, 125.8, 1.093
[19:33:25] 138.9, 125.9, 1.096
[19:33:26] 138.9, 125.8, 1.098
[19:33:27] 138.9, 125.8, 1.093
[19:33:28] 139.0, 125.7, 1.828
[19:33:29] 216.0, 125.7, 1.791
[19:33:30] 227.4, 125.8, 1.856
[19:33:31] 234.6, 125.8, 1.856
[19:33:32] 234.6, 125.8, 1.858
[19:33:33] 234.6, 125.8, 1.856
[19:33:34] 234.6, 125.8, 1.855
[19:33:35] 234.7, 125.8, 1.857
[19:33:36] 234.7, 125.8, 1.854
[19:33:37] 234.7, 125.8, 1.854
[19:33:38] 234.1, 126.0, 1.100
[19:33:39] 152.4, 126.0, 1.096
[19:33:40] 139.8, 125.9, 1.099
[19:33:41] 139.7, 125.9, 1.100
[19:33:42] 139.7, 125.9, 1.125
[19:33:43] 174.0, 125.8, 1.796
[19:33:44] 224.1, 125.8, 1.854
[19:33:45] 231.4, 125.8, 1.857
[19:33:46] 231.8, 125.8, 1.860
[19:33:47] 232.1, 125.8, 1.859
[19:33:48] 232.5, 125.8, 1.858
[19:33:49] 232.8, 125.8, 1.860
[19:33:50] 233.1, 125.8, 1.860
[19:33:51] 233.4, 125.8, 1.862
[19:33:52] 233.7, 125.8, 1.861
[19:33:53] 233.9, 125.8, 1.864
[19:33:54] 234.1, 125.8, 1.864
[19:33:55] 234.3, 125.8, 1.864
[19:33:56] 234.4, 125.8, 1.863
[19:33:57] 234.6, 125.8, 1.863
[19:33:58] 234.6, 125.8, 1.864
[19:33:59] 234.7, 125.8, 1.861
[19:34:00] 234.8, 125.8, 1.862
[19:34:01] 234.8, 125.8, 1.862
[19:34:02] 227.6, 125.9, 1.101
[19:34:03] 138.5, 125.9, 1.100
[19:34:04] 138.6, 125.9, 1.102
[19:34:05] 138.7, 125.9, 1.105
