<<<[03:56:53] 139.7, 126.5, 1.107
[03:56:54] 139.8, 126.6, 1.104
[03:56:55] 139.9, 126.5, 1.107
[03:56:56] 140.0, 126.5, 1.221
[03:56:57] 153.5, 126.5, 1.270
[03:56:58] 160.2, 126.5, 1.253
[03:56:59] 160.2, 126.5, 1.253
[03:57:00] 159.9, 126.5, 1.122
[03:57:01] 143.2, 126.6, 1.127
[03:57:02] 143.2, 126.5, 1.120
[03:57:03] 143.3, 126.5, 1.116
[03:57:04] 143.2, 126.5, 1.115
[03:57:05] 153.2, 126.6, 1.117
[03:57:06] 158.9, 126.6, 1.123
[03:57:07] 143.4, 126.6, 1.117
[03:57:08] 143.3, 126.6, 1.114
[03:57:09] 143.3, 126.6, 1.133
[03:57:10] 153.0, 126.5, 1.090
[03:57:11] 153.4, 126.5, 1.098
[03:57:12] 139.8, 126.5, 1.094
[03:57:13] 139.8, 126.5, 1.103
[03:57:14] 139.8, 126.6, 1.093
[03:57:15] 149.9, 126.6, 1.094
[03:57:16] 156.6, 126.6, 1.095
[03:57:17] 139.9, 126.6, 1.103
[03:57:18] 139.8, 126.6, 1.092
[03:57:19] 139.8, 126.5, 1.097
[03:57:20] 149.2, 126.6, 1.090
[03:57:21] 157.1, 126.6, 1.093
[03:57:22] 139.9, 126.6, 1.087
[03:57:23] 139.8, 126.6, 1.100
[03:57:24] 139.8, 126.5, 1.095
[03:57:25] 166.7, 126.5, 1.035
[03:57:26] 146.3, 126.5, 1.091
[03:57:27] 136.1, 126.5, 1.099
[03:57:28] 136.5, 126.5, 1.094
[03:57:29] 136.8, 126.6, 1.102
[03:57:30] 165.8, 126.6, 1.035
[03:57:31] 146.5, 126.5, 1.091
[03:57:32] 135.8, 126.5, 1.093
[03:57:33] 136.2, 126.6, 1.094
[03:57:34] 136.7, 126.6, 1.092
[03:57:35] 158.6, 126.5, 1.034
[03:57:36] 153.5, 126.6, 1.099
[03:57:37] 135.2, 126.6, 1.098
[03:57:38] 135.7, 126.6, 1.088
[03:57:39] 136.2, 126.6, 1.092
[03:57:40] 136.6, 126.6, 1.036
[03:57:41] 185.4, 126.6, 1.100
[03:57:42] 134.9, 126.6, 1.087
[03:57:43] 135.4, 126.6, 1.088
[03:57:44] 135.9, 126.6, 1.092
[03:57:45] 136.4, 126.6, 1.547
[03:57:46] 212.5, 126.6, 1.041
[03:57:47] 132.2, 126.6, 1.094
[03:57:48] 139.4, 126.5, 1.091
[03:57:49] 139.4, 126.5, 1.103
[03:57:50] 139.4, 126.5, 2.236
[03:57:51] 202.8, 126.6, 1.103
[03:57:52] 191.7, 126.6, 1.093
[03:57:53] 138.9, 126.5, 1.098
[03:57:54] 139.0, 126.6, 1.090
[03:57:55] 139.0, 126.5, 1.094
[03:57:56] 139.1, 126.4, 2.022
[03:57:57] 235.7, 126.5, 1.681
[03:57:58] 235.9, 126.6, 1.092
[03:57:59] 144.8, 126.6, 1.100
[03:58:00] 144.1, 126.6, 1.092
[03:58:01] 143.5, 126.6, 1.093
[03:58:02] 143.1, 126.4, 3.158
[03:58:03] 188.6, 126.5, 1.987
[03:58:04] 252.9, 126.5, 2.052
[03:58:05] 258.5, 126.5, 1.619
[03:58:06] 228.5, 126.6, 1.096
[03:58:07] 138.5, 126.6, 1.099
[03:58:08] 138.6, 126.6, 1.096
[03:58:09] 138.8, 126.6, 1.096
[03:58:10] 138.9, 126.5, 2.037
[03:58:11] 208.5, 126.5, 1.988
[03:58:12] 252.9, 126.4, 2.051
[03:58:13] 260.0, 126.4, 2.054
[03:58:14] 260.1, 126.5, 2.053
[03:58:15] 260.2, 126.4, 2.053
[03:58:16] 260.2, 126.6, 1.100
[03:58:17] 181.6, 126.5, 1.102
[03:58:18] 139.9, 126.5, 1.097
[03:58:19] 139.9, 126.6, 1.097
[03:58:20] 139.8, 126.5, 1.097
[03:58:21] 139.9, 126.5, 1.999
[03:58:22] 248.4, 126.5, 2.019
[03:58:23] 255.1, 126.5, 2.053
[03:58:24] 260.9, 126.5, 2.051
[03:58:25] 260.8, 126.5, 2.052
[03:58:26] 260.8, 126.5, 2.050
[03:58:27] 260.8, 126.5, 2.053
[03:58:28] 260.8, 126.4, 2.052
[03:58:29] 260.8, 126.4, 2.055
[03:58:30] 260.8, 126.4, 2.052
[03:58:31] 260.8, 126.4, 2.057
[03:58:32] 260.9, 126.5, 1.106
[03:58:33] 199.3, 126.6, 1.094
[03:58:34] 140.1, 126.5, 1.098
[03:58:35] 140.1, 126.5, 1.096
[03:58:36] 140.1, 126.5, 1.099
