<<<[05:34:33] 140.2, 126.1, 1.104
[05:34:34] 140.2, 126.1, 1.106
[05:34:35] 140.3, 126.1, 1.119
[05:34:36] 140.4, 126.1, 1.276
[05:34:37] 156.6, 126.1, 1.139
[05:34:38] 148.8, 126.1, 1.099
[05:34:39] 140.1, 126.1, 1.120
[05:34:40] 140.3, 126.2, 1.134
[05:34:41] 140.7, 126.1, 1.144
[05:34:42] 141.1, 126.1, 1.591
[05:34:43] 170.4, 126.2, 1.111
[05:34:44] 141.4, 126.1, 1.107
[05:34:45] 141.3, 126.1, 1.109
[05:34:46] 141.3, 126.1, 1.118
[05:34:47] 141.4, 126.1, 1.586
[05:34:48] 169.3, 126.1, 1.111
[05:34:49] 141.8, 126.1, 1.110
[05:34:50] 141.7, 126.1, 1.101
[05:34:51] 141.5, 126.1, 1.102
[05:34:52] 141.4, 126.0, 1.582
[05:34:53] 168.5, 126.1, 1.107
[05:34:54] 140.7, 126.1, 1.107
[05:34:55] 140.7, 126.1, 1.105
[05:34:56] 140.7, 126.1, 1.109
[05:34:57] 140.7, 126.1, 1.585
[05:34:58] 168.0, 126.1, 1.107
[05:34:59] 140.3, 126.1, 1.098
[05:35:00] 140.2, 126.1, 1.103
[05:35:01] 140.3, 126.1, 1.111
[05:35:02] 140.3, 126.1, 1.586
[05:35:03] 168.2, 126.0, 1.103
[05:35:04] 140.5, 126.1, 1.109
[05:35:05] 140.4, 126.1, 1.106
[05:35:06] 140.3, 126.1, 1.101
[05:35:07] 140.3, 126.0, 1.588
[05:35:08] 167.1, 126.1, 1.098
[05:35:09] 140.3, 126.1, 1.098
[05:35:10] 140.1, 126.1, 1.098
[05:35:11] 140.1, 126.1, 1.100
[05:35:12] 140.1, 126.1, 1.590
[05:35:13] 167.3, 126.1, 1.096
[05:35:14] 140.3, 126.1, 1.100
[05:35:15] 140.2, 126.1, 1.097
[05:35:16] 140.1, 126.1, 1.094
[05:35:17] 140.1, 126.1, 1.585
[05:35:18] 166.0, 126.1, 1.094
[05:35:19] 139.6, 126.2, 1.094
[05:35:20] 139.5, 126.1, 1.100
[05:35:21] 139.6, 126.1, 1.100
[05:35:22] 139.6, 126.1, 1.545
[05:35:23] 176.5, 126.2, 1.031
[05:35:24] 131.3, 126.1, 1.097
[05:35:25] 139.4, 126.1, 1.098
[05:35:26] 139.4, 126.1, 1.097
[05:35:27] 139.4, 126.1, 1.617
[05:35:28] 174.3, 126.1, 1.032
[05:35:29] 131.6, 126.1, 1.103
[05:35:30] 139.0, 126.1, 1.104
[05:35:31] 139.1, 126.1, 1.096
[05:35:32] 139.2, 126.0, 2.263
[05:35:33] 184.8, 126.1, 1.033
[05:35:34] 132.5, 126.1, 1.098
[05:35:35] 137.8, 126.1, 1.096
[05:35:36] 137.9, 126.1, 1.096
[05:35:37] 138.2, 125.9, 2.924
[05:35:38] 176.5, 126.1, 1.053
[05:35:39] 161.5, 126.1, 1.088
[05:35:40] 137.0, 126.1, 1.099
[05:35:41] 137.3, 126.1, 1.102
[05:35:42] 137.7, 126.1, 1.098
[05:35:43] 137.9, 126.0, 1.806
[05:35:44] 227.9, 126.1, 1.061
[05:35:45] 146.5, 126.1, 1.096
[05:35:46] 139.4, 126.1, 1.101
[05:35:47] 139.4, 126.1, 1.104
[05:35:48] 139.4, 126.0, 1.098
[05:35:49] 163.5, 125.9, 1.801
[05:35:50] 226.8, 126.0, 1.608
[05:35:51] 201.8, 126.0, 1.100
[05:35:52] 140.1, 126.0, 1.096
[05:35:53] 140.0, 126.1, 1.098
[05:35:54] 139.9, 126.1, 1.099
[05:35:55] 139.9, 126.0, 1.782
[05:35:56] 206.2, 126.0, 1.796
[05:35:57] 227.6, 126.0, 1.859
[05:35:58] 235.7, 126.1, 1.608
[05:35:59] 206.7, 126.1, 1.099
[05:36:00] 139.8, 126.1, 1.107
[05:36:01] 139.8, 126.1, 1.105
[05:36:02] 139.9, 126.0, 1.104
[05:36:03] 139.9, 126.0, 1.784
[05:36:04] 203.1, 126.0, 1.798
[05:36:05] 227.9, 126.0, 1.862
[05:36:06] 235.7, 125.9, 1.864
[05:36:07] 235.7, 126.0, 1.863
[05:36:08] 235.7, 126.0, 1.864
[05:36:09] 235.8, 126.0, 1.592
[05:36:10] 208.2, 126.0, 1.101
[05:36:11] 140.1, 126.1, 1.107
[05:36:12] 140.1, 126.1, 1.105
[05:36:13] 140.2, 126.1, 1.102
[05:36:14] 140.1, 126.0, 1.837
[05:36:15] 199.5, 126.0, 1.799
[05:36:16] 228.3, 126.0, 1.862
[05:36:17] 235.2, 126.0, 1.863
[05:36:18] 235.2, 126.0, 1.859
[05:36:19] 235.4, 126.0, 1.862
[05:36:20] 235.4, 126.0, 1.861
[05:36:21] 235.5, 126.1, 1.863
[05:36:22] 235.6, 126.1, 1.863
[05:36:23] 235.6, 126.0, 1.860
[05:36:24] 235.7, 126.0, 1.863
[05:36:25] 235.7, 126.0, 1.863
[05:36:26] 235.8, 126.1, 1.090
[05:36:27] 198.2, 126.1, 1.097
[05:36:28] 139.8, 126.0, 1.098
[05:36:29] 139.8, 126.0, 1.098
[05:36:30] 139.8, 126.0, 1.103
