<<<[16:32:14] 140.7, 125.0, 1.137
[16:32:15] 141.0, 125.0, 1.139
[16:32:16] 141.3, 125.0, 1.148
[16:32:17] 141.7, 125.0, 1.244
[16:32:18] 150.4, 125.0, 1.249
[16:32:19] 156.8, 125.0, 1.173
[16:32:20] 148.4, 125.1, 1.179
[16:32:21] 148.4, 125.0, 1.189
[16:32:22] 148.5, 124.9, 1.192
[16:32:23] 148.7, 125.0, 1.188
[16:32:24] 149.3, 125.0, 1.114
[16:32:25] 162.2, 125.0, 1.109
[16:32:26] 140.3, 124.9, 1.123
[16:32:27] 140.3, 124.9, 1.131
[16:32:28] 140.5, 124.9, 1.145
[16:32:29] 147.5, 125.0, 1.122
[16:32:30] 163.5, 125.0, 1.119
[16:32:31] 141.2, 124.9, 1.119
[16:32:32] 141.1, 124.9, 1.118
[16:32:33] 141.1, 124.9, 1.131
[16:32:34] 141.6, 124.9, 1.123
[16:32:35] 163.8, 124.9, 1.113
[16:32:36] 139.9, 124.9, 1.122
[16:32:37] 140.0, 124.9, 1.121
[16:32:38] 140.0, 125.0, 1.121
[16:32:39] 140.6, 124.9, 1.119
[16:32:40] 164.0, 124.9, 1.122
[16:32:41] 140.5, 124.9, 1.117
[16:32:42] 140.5, 124.9, 1.119
[16:32:43] 140.6, 124.9, 1.120
[16:32:44] 140.9, 125.0, 1.114
[16:32:45] 164.2, 125.0, 1.109
[16:32:46] 140.5, 124.9, 1.118
[16:32:47] 140.5, 124.9, 1.115
[16:32:48] 140.5, 124.9, 1.111
[16:32:49] 140.7, 125.0, 1.117
[16:32:50] 164.2, 125.0, 1.109
[16:32:51] 140.3, 125.0, 1.113
[16:32:52] 140.3, 124.9, 1.110
[16:32:53] 140.3, 125.0, 1.116
[16:32:54] 140.4, 125.0, 1.058
[16:32:55] 171.3, 125.0, 1.106
[16:32:56] 135.1, 125.0, 1.111
[16:32:57] 135.6, 125.1, 1.108
[16:32:58] 136.1, 125.1, 1.110
[16:32:59] 136.6, 125.0, 1.056
[16:33:00] 170.2, 125.0, 1.112
[16:33:01] 135.1, 125.1, 1.107
[16:33:02] 135.7, 125.1, 1.106
[16:33:03] 136.2, 125.0, 1.111
[16:33:04] 136.7, 125.0, 1.007
[16:33:05] 181.0, 125.0, 1.084
[16:33:06] 133.6, 125.0, 1.109
[16:33:07] 139.6, 125.0, 1.113
[16:33:08] 139.6, 125.0, 1.112
[16:33:09] 139.6, 124.9, 1.676
[16:33:10] 202.0, 125.0, 1.054
[16:33:11] 130.9, 124.9, 1.116
[16:33:12] 140.5, 125.0, 1.116
[16:33:13] 140.4, 124.9, 1.111
[16:33:14] 140.3, 124.8, 3.075
[16:33:15] 180.3, 125.0, 1.385
[16:33:16] 192.1, 125.0, 1.114
[16:33:17] 138.3, 124.9, 1.111
[16:33:18] 138.4, 124.9, 1.112
[16:33:19] 138.6, 124.9, 1.113
[16:33:20] 138.8, 124.9, 1.766
[16:33:21] 200.9, 124.9, 1.776
[16:33:22] 222.8, 125.0, 1.127
[16:33:23] 163.1, 125.0, 1.106
[16:33:24] 139.2, 125.0, 1.108
[16:33:25] 139.2, 124.9, 1.109
[16:33:26] 139.3, 125.0, 1.114
[16:33:27] 139.5, 124.9, 1.776
[16:33:28] 240.0, 124.8, 1.847
[16:33:29] 227.2, 124.9, 1.841
[16:33:30] 227.7, 124.9, 1.133
[16:33:31] 164.0, 124.9, 1.113
[16:33:32] 140.5, 124.9, 1.116
[16:33:33] 140.4, 124.9, 1.114
[16:33:34] 140.3, 125.0, 1.111
[16:33:35] 140.3, 124.9, 1.778
[16:33:36] 239.1, 124.8, 1.846
[16:33:37] 226.5, 124.8, 1.840
[16:33:38] 227.0, 124.9, 1.839
[16:33:39] 227.5, 124.9, 1.842
[16:33:40] 228.0, 124.9, 1.842
[16:33:41] 228.4, 125.0, 1.127
[16:33:42] 165.5, 125.0, 1.116
[16:33:43] 140.1, 125.0, 1.109
[16:33:44] 140.1, 125.0, 1.104
[16:33:45] 140.0, 125.0, 1.107
[16:33:46] 140.0, 124.9, 1.773
[16:33:47] 234.4, 124.9, 1.844
[16:33:48] 226.1, 124.9, 1.841
[16:33:49] 226.7, 124.9, 1.842
[16:33:50] 227.3, 124.9, 1.843
[16:33:51] 227.8, 124.9, 1.842
[16:33:52] 228.2, 124.9, 1.845
[16:33:53] 228.6, 124.9, 1.845
[16:33:54] 229.1, 124.9, 1.845
[16:33:55] 229.4, 124.9, 1.847
[16:33:56] 229.7, 124.9, 1.847
[16:33:57] 229.9, 124.9, 1.848
[16:33:58] 230.2, 125.0, 1.120
[16:33:59] 155.3, 125.0, 1.117
[16:34:00] 140.1, 125.0, 1.118
[16:34:01] 140.1, 125.0, 1.108
