<<<[13:03:33] 142.3, 125.5, 1.116
[13:03:34] 142.2, 125.5, 1.112
[13:03:35] 142.1, 125.4, 1.121
[13:03:36] 142.0, 125.4, 1.294
[13:03:37] 162.9, 125.4, 1.285
[13:03:38] 162.8, 125.4, 1.288
[13:03:39] 162.7, 125.4, 1.287
[13:03:40] 162.7, 125.4, 1.292
[13:03:41] 162.6, 125.4, 1.284
[13:03:42] 162.5, 125.4, 1.270
[13:03:43] 162.3, 125.5, 1.251
[13:03:44] 162.0, 125.5, 1.308
[13:03:45] 161.7, 125.5, 1.257
[13:03:46] 161.3, 125.5, 1.280
[13:03:47] 161.2, 125.5, 1.263
[13:03:48] 160.9, 125.5, 1.269
[13:03:49] 160.7, 125.5, 1.251
[13:03:50] 160.5, 125.5, 1.323
[13:03:51] 160.6, 125.5, 1.217
[13:03:52] 160.1, 125.5, 1.115
[13:03:53] 141.9, 125.5, 1.112
[13:03:54] 141.7, 125.5, 1.104
[13:03:55] 141.6, 125.5, 1.106
[13:03:56] 141.4, 125.5, 1.362
[13:03:57] 158.0, 125.6, 1.105
[13:03:58] 149.5, 125.6, 1.109
[13:03:59] 140.5, 125.6, 1.106
[13:04:00] 140.4, 125.6, 1.112
[13:04:01] 140.4, 125.3, 3.217
[13:04:02] 172.7, 125.6, 1.036
[13:04:03] 141.4, 125.6, 1.102
[13:04:04] 140.8, 125.5, 1.108
[13:04:05] 140.8, 125.6, 1.105
[13:04:06] 140.7, 125.3, 3.093
[13:04:07] 173.6, 125.6, 1.044
[13:04:08] 141.2, 125.6, 1.103
[13:04:09] 140.7, 125.5, 1.110
[13:04:10] 140.6, 125.5, 1.106
[13:04:11] 140.6, 125.5, 1.114
[13:04:12] 175.1, 125.5, 1.045
[13:04:13] 141.0, 125.5, 1.102
[13:04:14] 140.4, 125.5, 1.110
[13:04:15] 140.4, 125.5, 1.112
[13:04:16] 140.4, 125.5, 1.107
[13:04:17] 170.9, 125.5, 1.071
[13:04:18] 161.8, 125.5, 1.108
[13:04:19] 136.3, 125.4, 1.111
[13:04:20] 136.7, 125.5, 1.109
[13:04:21] 137.1, 125.5, 1.109
[13:04:22] 137.5, 125.6, 1.015
[13:04:23] 211.1, 125.6, 1.116
[13:04:24] 135.1, 125.5, 1.107
[13:04:25] 135.7, 125.6, 1.111
[13:04:26] 136.2, 125.6, 1.108
[13:04:27] 136.7, 125.4, 2.367
[13:04:28] 252.5, 125.6, 1.043
[13:04:29] 142.7, 125.6, 1.109
[13:04:30] 142.4, 125.5, 1.110
[13:04:31] 142.1, 125.4, 1.111
[13:04:32] 141.8, 125.4, 1.111
[13:04:33] 156.1, 125.3, 2.350
[13:04:34] 301.6, 125.5, 1.129
[13:04:35] 176.1, 125.5, 1.117
[13:04:36] 140.1, 125.5, 1.117
[13:04:37] 140.1, 125.5, 1.111
[13:04:38] 140.2, 125.6, 1.111
[13:04:39] 140.2, 125.4, 2.346
[13:04:40] 287.3, 125.4, 2.383
[13:04:41] 297.6, 125.5, 1.561
[13:04:42] 243.8, 125.6, 1.110
[13:04:43] 140.8, 125.5, 1.109
[13:04:44] 140.7, 125.5, 1.114
[13:04:45] 140.7, 125.5, 1.106
[13:04:46] 140.6, 125.3, 2.352
[13:04:47] 228.5, 125.3, 2.337
[13:04:48] 295.4, 125.3, 2.414
[13:04:49] 303.0, 125.3, 2.414
[13:04:50] 303.0, 125.3, 2.417
[13:04:51] 303.1, 125.5, 1.075
[13:04:52] 206.9, 125.5, 1.107
[13:04:53] 140.8, 125.5, 1.107
[13:04:54] 140.7, 125.5, 1.107
[13:04:55] 140.6, 125.5, 1.105
[13:04:56] 140.6, 125.4, 2.378
[13:04:57] 267.4, 125.4, 2.347
[13:04:58] 297.1, 125.4, 2.410
[13:04:59] 303.6, 125.4, 2.410
[13:05:00] 303.5, 125.4, 2.414
[13:05:01] 303.5, 125.4, 2.412
[13:05:02] 303.5, 125.4, 2.413
[13:05:03] 303.6, 125.3, 2.416
[13:05:04] 303.6, 125.3, 2.416
[13:05:05] 303.6, 125.3, 2.273
[13:05:06] 282.9, 125.5, 1.110
[13:05:07] 141.4, 125.5, 1.110
[13:05:08] 141.3, 125.5, 1.114
[13:05:09] 141.2, 125.5, 1.110
[13:05:10] 141.1, 125.2, 3.422
[13:05:11] 190.6, 125.3, 2.350
[13:05:12] 294.2, 125.3, 2.415
[13:05:13] 301.2, 125.3, 2.417
[13:05:14] 301.5, 125.2, 2.418
[13:05:15] 301.8, 125.3, 2.418
[13:05:16] 302.0, 125.3, 2.418
[13:05:17] 302.3, 125.3, 2.418
[13:05:18] 302.5, 125.3, 2.418
[13:05:19] 302.7, 125.3, 2.418
[13:05:20] 302.9, 125.3, 2.421
[13:05:21] 303.1, 125.3, 2.423
[13:05:22] 303.3, 125.3, 2.424
[13:05:23] 303.5, 125.2, 2.424
[13:05:24] 303.7, 125.2, 2.418
[13:05:25] 303.7, 125.3, 2.424
[13:05:26] 303.9, 125.3, 2.418
[13:05:27] 303.9, 125.3, 2.421
[13:05:28] 304.0, 125.3, 2.416
[13:05:29] 304.0, 125.3, 2.272
[13:05:30] 273.2, 125.5, 1.109
[13:05:31] 140.5, 125.5, 1.112
[13:05:32] 140.5, 125.5, 1.117
[13:05:33] 140.5, 125.5, 1.112
<<<[13:07:35] 141.3, 125.3, 1.122
[13:07:36] 141.4, 125.4, 1.116
[13:07:37] 141.4, 125.5, 1.123
[13:07:38] 141.5, 125.4, 1.264
[13:07:39] 160.4, 125.4, 1.211
[13:07:40] 160.2, 125.4, 1.261
[13:07:41] 159.8, 125.4, 1.292
[13:07:42] 159.8, 125.4, 1.283
[13:07:43] 160.1, 125.5, 1.291
[13:07:44] 160.2, 125.5, 1.230
[13:07:45] 159.7, 125.4, 1.278
[13:07:46] 159.9, 125.4, 1.267
[13:07:47] 160.1, 125.4, 1.269
[13:07:48] 160.2, 125.4, 1.264
[13:07:49] 160.1, 125.4, 1.250
[13:07:50] 159.9, 125.4, 1.261
[13:07:51] 160.0, 125.4, 1.257
[13:07:52] 159.9, 125.5, 1.257
[13:07:53] 159.8, 125.4, 1.253
[13:07:54] 159.7, 125.4, 1.276
[13:07:55] 160.1, 125.5, 1.135
[13:07:56] 149.0, 125.4, 1.122
[13:07:57] 141.6, 125.5, 1.118
[13:07:58] 141.6, 125.5, 1.117
[13:07:59] 141.5, 125.5, 1.107
[13:08:00] 141.4, 125.5, 1.398
[13:08:01] 168.0, 125.5, 1.106
[13:08:02] 141.0, 125.4, 1.112
[13:08:03] 140.9, 125.5, 1.108
[13:08:04] 140.8, 125.5, 1.111
[13:08:05] 140.7, 125.4, 1.393
[13:08:06] 177.6, 125.4, 1.049
[13:08:07] 133.6, 125.4, 1.115
[13:08:08] 140.7, 125.5, 1.113
[13:08:09] 140.6, 125.5, 1.110
[13:08:10] 140.6, 125.4, 1.387
[13:08:11] 178.0, 125.4, 1.043
[13:08:12] 133.1, 125.4, 1.111
[13:08:13] 140.5, 125.4, 1.112
[13:08:14] 140.5, 125.4, 1.119
[13:08:15] 140.5, 125.4, 1.374
[13:08:16] 179.9, 125.4, 1.050
[13:08:17] 132.9, 125.4, 1.115
[13:08:18] 140.7, 125.5, 1.111
[13:08:19] 140.6, 125.5, 1.108
[13:08:20] 140.6, 125.4, 1.707
[13:08:21] 198.2, 125.5, 1.046
[13:08:22] 130.7, 125.5, 1.107
[13:08:23] 139.6, 125.5, 1.105
[13:08:24] 139.6, 125.5, 1.108
[13:08:25] 139.7, 125.3, 2.936
[13:08:26] 207.8, 125.5, 1.041
[13:08:27] 139.6, 125.5, 1.109
[13:08:28] 139.4, 125.5, 1.106
[13:08:29] 139.6, 125.5, 1.110
[13:08:30] 139.6, 125.5, 1.113
[13:08:31] 165.3, 125.5, 1.365
[13:08:32] 233.2, 125.6, 1.104
[13:08:33] 136.5, 125.5, 1.114
[13:08:34] 136.9, 125.5, 1.111
[13:08:35] 137.4, 125.5, 1.111
[13:08:36] 137.7, 125.4, 2.382
[13:08:37] 228.1, 125.4, 1.896
[13:08:38] 266.7, 125.5, 1.109
[13:08:39] 138.7, 125.5, 1.111
[13:08:40] 138.9, 125.5, 1.115
[13:08:41] 139.0, 125.5, 1.110
[13:08:42] 139.2, 125.3, 3.420
[13:08:43] 199.3, 125.4, 2.350
[13:08:44] 296.0, 125.3, 2.409
[13:08:45] 301.4, 125.5, 1.127
[13:08:46] 173.1, 125.5, 1.113
[13:08:47] 140.7, 125.4, 1.102
[13:08:48] 140.6, 125.4, 1.111
[13:08:49] 140.5, 125.4, 1.111
[13:08:50] 140.5, 125.3, 2.341
[13:08:51] 296.7, 125.3, 2.413
[13:08:52] 296.9, 125.3, 2.412
[13:08:53] 303.4, 125.3, 2.416
[13:08:54] 303.4, 125.3, 2.404
[13:08:55] 288.0, 125.5, 1.105
[13:08:56] 151.0, 125.4, 1.113
[13:08:57] 140.3, 125.5, 1.112
[13:08:58] 140.3, 125.4, 1.111
[13:08:59] 140.3, 125.5, 1.127
[13:09:00] 184.7, 125.3, 2.353
[13:09:01] 293.3, 125.3, 2.413
[13:09:02] 300.5, 125.3, 2.420
[13:09:03] 300.9, 125.3, 2.417
[13:09:04] 301.3, 125.3, 2.417
[13:09:05] 301.6, 125.3, 2.417
[13:09:06] 302.0, 125.3, 2.416
[13:09:07] 302.2, 125.3, 2.419
[13:09:08] 302.4, 125.3, 2.419
[13:09:09] 302.7, 125.5, 1.077
[13:09:10] 208.9, 125.5, 1.107
[13:09:11] 140.7, 125.4, 1.116
[13:09:12] 140.7, 125.5, 1.107
[13:09:13] 140.6, 125.5, 1.108
[13:09:14] 140.6, 125.3, 2.389
[13:09:15] 264.8, 125.3, 2.354
[13:09:16] 297.2, 125.3, 2.423
[13:09:17] 304.3, 125.3, 2.420
[13:09:18] 304.2, 125.3, 2.422
[13:09:19] 304.2, 125.4, 2.421
[13:09:20] 304.3, 125.4, 2.418
[13:09:21] 304.3, 125.4, 2.420
[13:09:22] 304.3, 125.4, 2.419
[13:09:23] 304.3, 125.3, 2.419
[13:09:24] 304.4, 125.3, 2.424
[13:09:25] 304.4, 125.4, 2.423
[13:09:26] 304.4, 125.4, 2.424
[13:09:27] 304.5, 125.4, 2.417
[13:09:28] 304.5, 125.3, 2.428
[13:09:29] 304.6, 125.4, 2.424
[13:09:30] 304.6, 125.4, 2.424
[13:09:31] 304.7, 125.4, 2.422
[13:09:32] 304.8, 125.3, 2.426
[13:09:33] 304.8, 125.5, 1.118
[13:09:34] 181.9, 125.5, 1.111
[13:09:35] 140.8, 125.5, 1.115
[13:09:36] 140.7, 125.5, 1.116
[13:09:37] 140.7, 125.4, 1.114
<<<[13:11:42] 141.3, 125.4, 1.113
[13:11:43] 141.3, 125.4, 1.119
[13:11:44] 141.3, 125.5, 1.121
[13:11:45] 141.3, 125.4, 1.145
[13:11:46] 141.8, 125.5, 1.293
[13:11:47] 160.9, 125.5, 1.288
[13:11:48] 161.0, 125.5, 1.270
[13:11:49] 161.1, 125.4, 1.278
[13:11:50] 161.3, 125.5, 1.284
[13:11:51] 161.4, 125.4, 1.287
[13:11:52] 161.5, 125.4, 1.300
[13:11:53] 161.5, 125.5, 1.247
[13:11:54] 161.3, 125.5, 1.244
[13:11:55] 161.1, 125.5, 1.262
[13:11:56] 160.8, 125.4, 1.253
[13:11:57] 160.8, 125.4, 1.254
[13:11:58] 160.6, 125.4, 1.255
[13:11:59] 160.5, 125.4, 1.261
[13:12:00] 160.2, 125.4, 1.315
[13:12:01] 160.6, 125.4, 1.136
[13:12:02] 151.3, 125.4, 1.108
[13:12:03] 141.4, 125.4, 1.115
[13:12:04] 141.3, 125.4, 1.112
[13:12:05] 141.3, 125.4, 1.122
[13:12:06] 141.3, 125.4, 1.642
[13:12:07] 170.4, 125.4, 1.110
[13:12:08] 139.4, 125.5, 1.110
[13:12:09] 139.5, 125.5, 1.110
[13:12:10] 139.6, 125.5, 1.108
[13:12:11] 139.7, 125.4, 1.611
[13:12:12] 181.8, 125.5, 1.047
[13:12:13] 130.3, 125.5, 1.110
[13:12:14] 140.1, 125.5, 1.110
[13:12:15] 140.1, 125.5, 1.108
[13:12:16] 140.1, 125.3, 1.669
[13:12:17] 181.9, 125.5, 1.047
[13:12:18] 130.9, 125.5, 1.105
[13:12:19] 139.8, 125.5, 1.105
[13:12:20] 139.8, 125.5, 1.107
[13:12:21] 139.9, 125.4, 1.824
[13:12:22] 182.5, 125.4, 1.046
[13:12:23] 130.9, 125.5, 1.108
[13:12:24] 139.9, 125.5, 1.111
[13:12:25] 139.9, 125.4, 1.111
[13:12:26] 139.9, 125.3, 2.717
[13:12:27] 191.9, 125.5, 1.045
[13:12:28] 139.0, 125.4, 1.112
[13:12:29] 138.9, 125.4, 1.110
[13:12:30] 139.1, 125.4, 1.117
[13:12:31] 139.3, 125.1, 3.503
[13:12:32] 191.3, 125.4, 1.057
[13:12:33] 158.2, 125.4, 1.114
[13:12:34] 137.8, 125.4, 1.114
[13:12:35] 138.1, 125.4, 1.109
[13:12:36] 138.3, 125.4, 1.111
[13:12:37] 138.6, 125.4, 1.728
[13:12:38] 262.3, 125.4, 1.107
[13:12:39] 133.6, 125.4, 1.113
[13:12:40] 140.5, 125.4, 1.112
[13:12:41] 140.4, 125.4, 1.111
[13:12:42] 140.4, 125.2, 3.123
[13:12:43] 204.6, 125.2, 2.351
[13:12:44] 284.0, 125.4, 1.111
[13:12:45] 144.3, 125.4, 1.108
[13:12:46] 143.8, 125.3, 1.110
[13:12:47] 143.4, 125.3, 1.110
[13:12:48] 143.0, 125.4, 1.112
[13:12:49] 179.6, 125.2, 2.355
[13:12:50] 292.7, 125.2, 2.410
[13:12:51] 300.5, 125.4, 1.100
[13:12:52] 196.2, 125.4, 1.114
[13:12:53] 140.1, 125.4, 1.111
[13:12:54] 140.1, 125.4, 1.114
[13:12:55] 140.2, 125.4, 1.111
[13:12:56] 140.2, 125.2, 2.364
[13:12:57] 274.4, 125.2, 2.377
[13:12:58] 297.6, 125.2, 2.409
[13:12:59] 303.2, 125.2, 2.416
[13:13:00] 303.2, 125.2, 2.418
[13:13:01] 303.2, 125.4, 1.115
[13:13:02] 158.9, 125.4, 1.111
[13:13:03] 140.7, 125.4, 1.114
[13:13:04] 140.6, 125.3, 1.110
[13:13:05] 140.6, 125.4, 1.113
[13:13:06] 155.7, 125.2, 2.350
[13:13:07] 301.6, 125.1, 2.420
[13:13:08] 301.2, 125.2, 2.417
[13:13:09] 301.6, 125.2, 2.418
[13:13:10] 301.9, 125.2, 2.417
[13:13:11] 302.2, 125.2, 2.417
[13:13:12] 302.4, 125.2, 2.415
[13:13:13] 302.6, 125.2, 2.419
[13:13:14] 302.8, 125.3, 2.421
[13:13:15] 303.0, 125.4, 1.332
[13:13:16] 230.6, 125.4, 1.114
[13:13:17] 141.2, 125.4, 1.114
[13:13:18] 141.1, 125.4, 1.113
[13:13:19] 141.1, 125.4, 1.109
[13:13:20] 141.0, 125.2, 2.333
[13:13:21] 243.5, 125.2, 2.355
[13:13:22] 295.8, 125.2, 2.418
[13:13:23] 304.3, 125.3, 2.418
[13:13:24] 304.3, 125.3, 2.419
[13:13:25] 304.3, 125.2, 2.420
[13:13:26] 304.3, 125.2, 2.421
[13:13:27] 304.3, 125.3, 2.420
[13:13:28] 304.3, 125.2, 2.424
[13:13:29] 304.4, 125.3, 2.424
[13:13:30] 304.4, 125.2, 2.424
[13:13:31] 304.5, 125.2, 2.422
[13:13:32] 304.5, 125.2, 2.423
[13:13:33] 304.6, 125.3, 2.419
[13:13:34] 304.5, 125.3, 2.422
[13:13:35] 304.6, 125.2, 2.419
[13:13:36] 304.6, 125.3, 2.425
[13:13:37] 304.7, 125.3, 2.421
[13:13:38] 304.6, 125.3, 2.424
[13:13:39] 304.7, 125.4, 1.154
[13:13:40] 206.0, 125.5, 1.117
[13:13:41] 140.7, 125.4, 1.117
[13:13:42] 140.7, 125.4, 1.111
<<<[13:15:52] 142.8, 125.4, 1.118
[13:15:53] 142.7, 125.4, 1.130
[13:15:54] 142.6, 125.4, 1.130
[13:15:55] 142.9, 125.4, 1.317
[13:15:56] 164.4, 125.3, 1.312
[13:15:57] 164.4, 125.4, 1.287
[13:15:58] 164.2, 125.4, 1.281
[13:15:59] 164.0, 125.4, 1.280
[13:16:00] 163.7, 125.4, 1.289
[13:16:01] 163.5, 125.4, 1.283
[13:16:02] 163.2, 125.3, 1.259
[13:16:03] 162.7, 125.3, 1.263
[13:16:04] 162.5, 125.3, 1.303
[13:16:05] 162.7, 125.3, 1.254
[13:16:06] 162.5, 125.3, 1.256
[13:16:07] 162.1, 125.3, 1.258
[13:16:08] 161.8, 125.3, 1.259
[13:16:09] 161.4, 125.3, 1.310
[13:16:10] 161.6, 125.3, 1.137
[13:16:11] 151.7, 125.4, 1.115
[13:16:12] 140.7, 125.3, 1.117
[13:16:13] 140.7, 125.3, 1.118
[13:16:14] 140.7, 125.3, 1.116
[13:16:15] 140.8, 125.2, 1.663
[13:16:16] 171.3, 125.3, 1.113
[13:16:17] 115.5, 125.3, 1.118
[13:16:18] 140.8, 125.3, 1.109
[13:16:19] 140.7, 125.3, 1.112
[13:16:20] 140.7, 125.2, 1.689
[13:16:21] 181.8, 125.3, 1.049
[13:16:22] 130.5, 125.3, 1.113
[13:16:23] 139.9, 125.3, 1.111
[13:16:24] 139.9, 125.3, 1.115
[13:16:25] 140.0, 125.2, 1.750
[13:16:26] 182.1, 125.3, 1.053
[13:16:27] 130.9, 125.3, 1.123
[13:16:28] 139.9, 125.3, 1.111
[13:16:29] 139.9, 125.4, 1.116
[13:16:30] 140.0, 125.2, 2.076
[13:16:31] 184.1, 125.3, 1.052
[13:16:32] 130.9, 125.3, 1.113
[13:16:33] 139.4, 125.3, 1.109
[13:16:34] 139.5, 125.4, 1.103
[13:16:35] 139.6, 125.2, 2.826
[13:16:36] 190.1, 125.3, 1.043
[13:16:37] 140.3, 125.3, 1.114
[13:16:38] 140.1, 125.4, 1.112
[13:16:39] 140.1, 125.4, 1.115
[13:16:40] 140.2, 125.1, 2.971
[13:16:41] 187.5, 125.3, 1.060
[13:16:42] 161.7, 125.3, 1.051
[13:16:43] 137.9, 125.4, 1.115
[13:16:44] 138.2, 125.3, 1.107
[13:16:45] 138.4, 125.4, 1.116
[13:16:46] 138.6, 125.3, 1.785
[13:16:47] 262.7, 125.4, 1.104
[13:16:48] 133.4, 125.4, 1.112
[13:16:49] 140.1, 125.4, 1.119
[13:16:50] 140.1, 125.4, 1.114
[13:16:51] 140.2, 125.2, 3.316
[13:16:52] 202.8, 125.2, 2.351
[13:16:53] 285.7, 125.4, 1.117
[13:16:54] 145.2, 125.4, 1.108
[13:16:55] 144.6, 125.4, 1.113
[13:16:56] 144.1, 125.4, 1.110
[13:16:57] 143.6, 125.4, 1.111
[13:16:58] 177.8, 125.2, 2.359
[13:16:59] 293.3, 125.2, 2.410
[13:17:00] 299.8, 125.4, 1.083
[13:17:01] 199.0, 125.4, 1.109
[13:17:02] 140.5, 125.4, 1.138
[13:17:03] 140.7, 125.3, 1.109
[13:17:04] 140.7, 125.3, 1.106
[13:17:05] 140.6, 125.1, 2.368
[13:17:06] 274.8, 125.2, 2.355
[13:17:07] 297.4, 125.2, 2.417
[13:17:08] 304.1, 125.2, 2.422
[13:17:09] 304.1, 125.2, 2.420
[13:17:10] 303.7, 125.3, 1.125
[13:17:11] 160.6, 125.4, 1.109
[13:17:12] 140.8, 125.4, 1.114
[13:17:13] 140.7, 125.3, 1.114
[13:17:14] 140.7, 125.4, 1.111
[13:17:15] 160.9, 125.1, 2.357
[13:17:16] 298.9, 125.1, 2.425
[13:17:17] 299.0, 125.1, 2.418
[13:17:18] 299.6, 125.2, 2.423
[13:17:19] 300.2, 125.1, 2.420
[13:17:20] 300.6, 125.1, 2.423
[13:17:21] 301.1, 125.1, 2.423
[13:17:22] 301.5, 125.1, 2.425
[13:17:23] 301.9, 125.1, 2.426
[13:17:24] 302.2, 125.3, 1.438
[13:17:25] 227.2, 125.3, 1.112
[13:17:26] 141.8, 125.3, 1.111
[13:17:27] 141.7, 125.2, 1.113
[13:17:28] 141.5, 125.3, 1.117
[13:17:29] 141.4, 125.1, 2.375
[13:17:30] 251.8, 125.1, 2.360
[13:17:31] 296.7, 125.1, 2.423
[13:17:32] 304.7, 125.2, 2.425
[13:17:33] 304.7, 125.2, 2.424
[13:17:34] 304.6, 125.2, 2.427
[13:17:35] 304.7, 125.2, 2.428
[13:17:36] 304.7, 125.2, 2.426
[13:17:37] 304.7, 125.2, 2.430
[13:17:38] 304.8, 125.1, 2.433
[13:17:39] 304.8, 125.1, 2.434
[13:17:40] 304.9, 125.1, 2.431
[13:17:41] 304.9, 125.1, 2.429
[13:17:42] 304.9, 125.1, 2.430
[13:17:43] 305.0, 125.1, 2.430
[13:17:44] 305.0, 125.1, 2.424
[13:17:45] 305.1, 125.1, 2.430
[13:17:46] 305.1, 125.1, 2.428
[13:17:47] 305.1, 125.1, 2.432
[13:17:48] 305.2, 125.3, 1.115
[13:17:49] 179.4, 125.3, 1.119
[13:17:50] 141.0, 125.3, 1.113
[13:17:51] 141.0, 125.2, 1.112
<<<[13:19:54] 140.7, 125.4, 1.111
[13:19:55] 140.7, 125.4, 1.111
[13:19:56] 140.7, 125.4, 1.109
[13:19:57] 140.7, 125.4, 1.291
[13:19:58] 152.4, 125.4, 1.291
[13:19:59] 161.3, 125.3, 1.286
[13:20:00] 161.3, 125.3, 1.287
[13:20:01] 161.5, 125.3, 1.275
[13:20:02] 161.5, 125.3, 1.283
[13:20:03] 161.6, 125.3, 1.283
[13:20:04] 161.6, 125.4, 1.264
[13:20:05] 161.2, 125.3, 1.248
[13:20:06] 160.9, 125.3, 1.250
[13:20:07] 160.8, 125.3, 1.311
[13:20:08] 160.8, 125.3, 1.251
[13:20:09] 160.6, 125.3, 1.266
[13:20:10] 160.7, 125.3, 1.252
[13:20:11] 160.7, 125.3, 1.263
[13:20:12] 160.6, 125.3, 1.268
[13:20:13] 160.7, 125.3, 1.131
[13:20:14] 143.9, 125.3, 1.114
[13:20:15] 143.6, 125.3, 1.113
[13:20:16] 143.3, 125.3, 1.111
[13:20:17] 143.0, 125.3, 1.119
[13:20:18] 142.7, 125.4, 1.119
[13:20:19] 168.4, 125.3, 1.118
[13:20:20] 140.8, 125.3, 1.109
[13:20:21] 140.7, 125.3, 1.112
[13:20:22] 140.7, 125.3, 1.106
[13:20:23] 140.6, 125.3, 1.066
[13:20:24] 176.5, 125.3, 1.112
[13:20:25] 135.2, 125.3, 1.110
[13:20:26] 140.3, 125.3, 1.110
[13:20:27] 140.3, 125.3, 1.109
[13:20:28] 140.3, 125.3, 1.052
[13:20:29] 176.1, 125.3, 1.113
[13:20:30] 135.8, 125.4, 1.103
[13:20:31] 136.3, 125.3, 1.113
[13:20:32] 136.8, 125.3, 1.107
[13:20:33] 137.2, 125.3, 1.065
[13:20:34] 178.9, 125.4, 1.102
[13:20:35] 134.7, 125.4, 1.109
[13:20:36] 140.3, 125.4, 1.109
[13:20:37] 140.3, 125.4, 1.113
[13:20:38] 140.3, 125.4, 1.098
[13:20:39] 193.7, 125.3, 1.080
[13:20:40] 134.7, 125.3, 1.109
[13:20:41] 140.5, 125.3, 1.112
[13:20:42] 140.4, 125.3, 1.106
[13:20:43] 140.4, 125.3, 1.603
[13:20:44] 214.0, 125.3, 1.043
[13:20:45] 132.3, 125.3, 1.107
[13:20:46] 140.5, 125.3, 1.109
[13:20:47] 140.4, 125.3, 1.110
[13:20:48] 140.4, 125.1, 2.852
[13:20:49] 211.8, 125.3, 1.058
[13:20:50] 185.7, 125.3, 1.107
[13:20:51] 138.7, 125.4, 1.111
[13:20:52] 138.8, 125.3, 1.114
[13:20:53] 139.1, 125.3, 1.115
[13:20:54] 139.2, 125.2, 2.374
[13:20:55] 276.2, 125.3, 1.112
[13:20:56] 217.1, 125.3, 1.111
[13:20:57] 140.5, 125.3, 1.117
[13:20:58] 140.5, 125.3, 1.113
[13:20:59] 140.5, 125.3, 1.115
[13:21:00] 140.5, 125.2, 2.365
[13:21:01] 248.9, 125.1, 2.356
[13:21:02] 296.0, 125.2, 2.153
[13:21:03] 280.2, 125.3, 1.117
[13:21:04] 145.2, 125.4, 1.104
[13:21:05] 140.1, 125.3, 1.107
[13:21:06] 140.1, 125.3, 1.110
[13:21:07] 140.1, 125.1, 3.650
[13:21:08] 194.2, 125.2, 2.355
[13:21:09] 294.9, 125.1, 2.413
[13:21:10] 301.0, 125.1, 2.422
[13:21:11] 301.4, 125.1, 2.420
[13:21:12] 301.7, 125.3, 1.669
[13:21:13] 245.7, 125.3, 1.116
[13:21:14] 139.6, 125.4, 1.109
[13:21:15] 139.7, 125.3, 1.106
[13:21:16] 139.7, 125.3, 1.108
[13:21:17] 139.8, 125.1, 2.325
[13:21:18] 238.1, 125.1, 2.358
[13:21:19] 296.0, 125.1, 2.420
[13:21:20] 303.8, 125.1, 2.425
[13:21:21] 303.9, 125.0, 2.426
[13:21:22] 303.9, 125.0, 2.429
[13:21:23] 304.1, 125.0, 2.428
[13:21:24] 304.1, 125.0, 2.427
[13:21:25] 304.2, 125.1, 2.427
[13:21:26] 304.2, 125.1, 2.430
[13:21:27] 296.7, 125.2, 1.114
[13:21:28] 157.5, 125.2, 1.105
[13:21:29] 140.5, 125.2, 1.114
[13:21:30] 140.5, 125.2, 1.109
[13:21:31] 140.5, 125.2, 1.110
[13:21:32] 174.0, 125.1, 2.364
[13:21:33] 294.2, 125.1, 2.422
[13:21:34] 301.4, 125.1, 2.426
[13:21:35] 301.8, 125.1, 2.427
[13:21:36] 302.1, 125.1, 2.425
[13:21:37] 302.5, 125.1, 2.428
[13:21:38] 302.8, 125.0, 2.430
[13:21:39] 303.1, 125.1, 2.431
[13:21:40] 303.3, 125.0, 2.432
[13:21:41] 303.6, 125.0, 2.432
[13:21:42] 303.7, 125.1, 2.432
[13:21:43] 303.9, 125.1, 2.431
[13:21:44] 304.0, 125.0, 2.431
[13:21:45] 304.2, 125.1, 2.430
[13:21:46] 304.3, 125.1, 2.430
[13:21:47] 304.5, 125.1, 2.431
[13:21:48] 304.5, 125.1, 2.428
[13:21:49] 304.6, 125.1, 2.433
[13:21:50] 304.7, 125.2, 1.900
[13:21:51] 263.2, 125.3, 1.113
[13:21:52] 141.8, 125.3, 1.115
[13:21:53] 141.6, 125.3, 1.108
[13:21:54] 141.6, 125.3, 1.112
<<<[13:24:08] 140.8, 125.3, 1.108
[13:24:09] 140.8, 125.2, 1.122
[13:24:10] 140.8, 125.3, 1.116
[13:24:11] 140.9, 125.3, 1.271
[13:24:12] 148.6, 125.3, 1.289
[13:24:13] 162.7, 125.3, 1.291
[13:24:14] 162.6, 125.2, 1.290
[13:24:15] 162.6, 125.3, 1.290
[13:24:16] 162.6, 125.3, 1.287
[13:24:17] 162.6, 125.2, 1.287
[13:24:18] 162.5, 125.3, 1.260
[13:24:19] 162.1, 125.2, 1.263
[13:24:20] 161.7, 125.2, 1.253
[13:24:21] 161.5, 125.3, 1.270
[13:24:22] 161.4, 125.3, 1.253
[13:24:23] 161.1, 125.3, 1.252
[13:24:24] 160.9, 125.3, 1.251
[13:24:25] 160.8, 125.3, 1.254
[13:24:26] 160.6, 125.3, 1.264
[13:24:27] 160.9, 125.3, 1.125
[13:24:28] 145.4, 125.4, 1.120
[13:24:29] 144.9, 125.4, 1.125
[13:24:30] 144.5, 125.3, 1.116
[13:24:31] 144.1, 125.3, 1.116
[13:24:32] 143.7, 125.4, 1.082
[13:24:33] 168.9, 125.4, 1.139
[13:24:34] 141.2, 125.4, 1.112
[13:24:35] 141.1, 125.4, 1.109
[13:24:36] 141.0, 125.3, 1.117
[13:24:37] 141.0, 125.4, 1.004
[13:24:38] 177.8, 125.3, 1.079
[13:24:39] 134.7, 125.3, 1.116
[13:24:40] 140.5, 125.3, 1.110
[13:24:41] 140.4, 125.3, 1.112
[13:24:42] 140.4, 125.3, 1.008
[13:24:43] 178.0, 125.4, 1.073
[13:24:44] 134.5, 125.3, 1.108
[13:24:45] 140.1, 125.4, 1.112
[13:24:46] 140.1, 125.3, 1.112
[13:24:47] 140.2, 125.3, 1.020
[13:24:48] 179.2, 125.3, 1.056
[13:24:49] 133.6, 125.3, 1.113
[13:24:50] 140.5, 125.3, 1.106
[13:24:51] 140.4, 125.2, 1.113
[13:24:52] 140.5, 125.2, 1.461
[13:24:53] 195.5, 125.2, 1.047
[13:24:54] 134.0, 125.3, 1.108
[13:24:55] 140.5, 125.3, 1.112
[13:24:56] 140.5, 125.3, 1.112
[13:24:57] 140.4, 125.2, 2.014
[13:24:58] 215.1, 125.4, 1.043
[13:24:59] 131.6, 125.4, 1.111
[13:25:00] 140.5, 125.4, 1.106
[13:25:01] 140.4, 125.4, 1.114
[13:25:02] 140.5, 125.2, 3.468
[13:25:03] 196.6, 125.4, 1.018
[13:25:04] 197.1, 125.4, 1.105
[13:25:05] 137.9, 125.4, 1.110
[13:25:06] 138.2, 125.4, 1.109
[13:25:07] 138.4, 125.4, 1.107
[13:25:08] 138.7, 125.2, 2.386
[13:25:09] 260.0, 125.3, 1.405
[13:25:10] 232.3, 125.3, 1.113
[13:25:11] 141.0, 125.4, 1.106
[13:25:12] 140.8, 125.4, 1.110
[13:25:13] 140.7, 125.4, 1.108
[13:25:14] 140.7, 125.2, 2.322
[13:25:15] 233.3, 125.2, 2.349
[13:25:16] 295.4, 125.2, 2.419
[13:25:17] 294.8, 125.4, 1.111
[13:25:18] 150.3, 125.3, 1.119
[13:25:19] 140.7, 125.4, 1.106
[13:25:20] 140.6, 125.4, 1.113
[13:25:21] 140.5, 125.3, 1.113
[13:25:22] 179.8, 125.2, 2.354
[13:25:23] 293.4, 125.2, 2.413
[13:25:24] 300.3, 125.1, 2.421
[13:25:25] 300.8, 125.1, 2.420
[13:25:26] 301.1, 125.3, 1.612
[13:25:27] 262.7, 125.3, 1.114
[13:25:28] 138.5, 125.3, 1.110
[13:25:29] 138.7, 125.3, 1.111
[13:25:30] 138.9, 125.3, 1.115
[13:25:31] 139.1, 125.2, 2.463
[13:25:32] 221.9, 125.1, 2.354
[13:25:33] 296.5, 125.2, 2.418
[13:25:34] 302.3, 125.1, 2.418
[13:25:35] 302.5, 125.2, 2.419
[13:25:36] 302.7, 125.2, 2.420
[13:25:37] 302.9, 125.2, 2.421
[13:25:38] 303.0, 125.2, 2.421
[13:25:39] 303.2, 125.2, 2.422
[13:25:40] 303.3, 125.2, 2.421
[13:25:41] 303.4, 125.3, 1.131
[13:25:42] 165.8, 125.4, 1.112
[13:25:43] 140.8, 125.3, 1.113
[13:25:44] 140.7, 125.3, 1.110
[13:25:45] 140.7, 125.3, 1.122
[13:25:46] 140.8, 125.2, 2.359
[13:25:47] 311.4, 125.1, 2.425
[13:25:48] 299.6, 125.2, 2.421
[13:25:49] 300.2, 125.2, 2.423
[13:25:50] 300.7, 125.1, 2.422
[13:25:51] 301.2, 125.2, 2.424
[13:25:52] 301.5, 125.1, 2.425
[13:25:53] 302.0, 125.1, 2.425
[13:25:54] 302.3, 125.2, 2.424
[13:25:55] 302.6, 125.2, 2.425
[13:25:56] 302.9, 125.2, 2.425
[13:25:57] 303.1, 125.1, 2.427
[13:25:58] 303.3, 125.2, 2.424
[13:25:59] 303.6, 125.2, 2.427
[13:26:00] 303.8, 125.2, 2.426
[13:26:01] 303.9, 125.2, 2.428
[13:26:02] 304.1, 125.2, 2.428
[13:26:03] 304.3, 125.1, 2.433
[13:26:04] 304.4, 125.2, 2.432
[13:26:05] 282.4, 125.4, 1.116
[13:26:06] 140.7, 125.4, 1.123
[13:26:07] 140.7, 125.4, 1.116
[13:26:08] 140.7, 125.4, 1.112
<<<[13:26:22] 142.2, 125.4, 1.114
[13:26:23] 142.1, 125.4, 1.114
[13:26:24] 142.0, 125.4, 1.123
[13:26:25] 141.9, 125.4, 1.310
[13:26:26] 156.8, 125.4, 1.307
[13:26:27] 164.6, 125.4, 1.311
[13:26:28] 164.7, 125.4, 1.311
[13:26:29] 164.7, 125.4, 1.291
[13:26:30] 164.4, 125.4, 1.289
[13:26:31] 164.0, 125.4, 1.290
[13:26:32] 163.6, 125.4, 1.277
[13:26:33] 163.4, 125.4, 1.285
[13:26:34] 162.9, 125.4, 1.265
[13:26:35] 162.6, 125.4, 1.250
[13:26:36] 162.2, 125.4, 1.246
[13:26:37] 162.0, 125.4, 1.248
[13:26:38] 161.6, 125.4, 1.244
[13:26:39] 161.4, 125.4, 1.251
[13:26:40] 161.1, 125.3, 1.279
[13:26:41] 161.3, 125.4, 1.135
[13:26:42] 153.7, 125.3, 1.117
[13:26:43] 141.6, 125.4, 1.110
[13:26:44] 141.4, 125.4, 1.111
[13:26:45] 141.3, 125.4, 1.111
[13:26:46] 141.2, 125.3, 1.728
[13:26:47] 167.6, 125.4, 1.106
[13:26:48] 142.3, 125.3, 1.111
[13:26:49] 142.0, 125.3, 1.108
[13:26:50] 141.9, 125.3, 1.109
[13:26:51] 141.7, 125.3, 2.412
[13:26:52] 178.5, 125.4, 1.048
[13:26:53] 135.6, 125.4, 1.113
[13:26:54] 136.0, 125.4, 1.109
[13:26:55] 136.6, 125.4, 1.106
[13:26:56] 137.0, 125.3, 2.687
[13:26:57] 179.2, 125.4, 1.051
[13:26:58] 135.6, 125.4, 1.110
[13:26:59] 136.0, 125.4, 1.109
[13:27:00] 136.5, 125.4, 1.106
[13:27:01] 137.0, 125.3, 3.128
[13:27:02] 181.2, 125.4, 1.048
[13:27:03] 134.7, 125.4, 1.107
[13:27:04] 135.1, 125.3, 1.111
[13:27:05] 135.7, 125.3, 1.116
[13:27:06] 136.4, 125.1, 3.505
[13:27:07] 185.7, 125.3, 1.049
[13:27:08] 145.6, 125.3, 1.106
[13:27:09] 137.4, 125.3, 1.107
[13:27:10] 137.7, 125.3, 1.112
[13:27:11] 138.1, 125.3, 1.109
[13:27:12] 168.5, 125.3, 1.060
[13:27:13] 181.4, 125.3, 1.109
[13:27:14] 136.5, 125.3, 1.109
[13:27:15] 136.9, 125.3, 1.109
[13:27:16] 137.3, 125.3, 1.115
[13:27:17] 137.7, 125.2, 2.329
[13:27:18] 259.2, 125.3, 1.056
[13:27:19] 136.7, 125.3, 1.110
[13:27:20] 137.1, 125.3, 1.110
[13:27:21] 137.5, 125.3, 1.112
[13:27:22] 137.9, 125.1, 2.740
[13:27:23] 186.6, 125.1, 2.350
[13:27:24] 293.1, 125.3, 1.113
[13:27:25] 153.3, 125.3, 1.111
[13:27:26] 140.5, 125.3, 1.108
[13:27:27] 140.5, 125.3, 1.109
[13:27:28] 140.5, 125.3, 1.111
[13:27:29] 140.8, 125.2, 2.349
[13:27:30] 309.0, 125.2, 2.416
[13:27:31] 299.1, 125.4, 1.131
[13:27:32] 218.1, 125.4, 1.108
[13:27:33] 140.5, 125.4, 1.109
[13:27:34] 140.5, 125.4, 1.107
[13:27:35] 140.5, 125.3, 1.106
[13:27:36] 140.5, 125.2, 2.380
[13:27:37] 254.0, 125.2, 2.349
[13:27:38] 296.2, 125.2, 2.416
[13:27:39] 303.6, 125.2, 2.419
[13:27:40] 303.6, 125.2, 2.417
[13:27:41] 303.6, 125.4, 1.136
[13:27:42] 179.6, 125.4, 1.108
[13:27:43] 140.7, 125.4, 1.114
[13:27:44] 140.6, 125.4, 1.110
[13:27:45] 140.6, 125.4, 1.111
[13:27:46] 140.6, 125.2, 2.348
[13:27:47] 296.3, 125.2, 2.417
[13:27:48] 296.4, 125.2, 2.419
[13:27:49] 304.1, 125.1, 2.421
[13:27:50] 304.0, 125.2, 2.416
[13:27:51] 304.0, 125.2, 2.419
[13:27:52] 304.0, 125.1, 2.419
[13:27:53] 304.0, 125.1, 2.421
[13:27:54] 304.1, 125.2, 2.419
[13:27:55] 304.0, 125.2, 1.620
[13:27:56] 252.4, 125.3, 1.110
[13:27:57] 140.1, 125.3, 1.123
[13:27:58] 140.2, 125.3, 1.113
[13:27:59] 140.2, 125.3, 1.112
[13:28:00] 140.3, 125.2, 2.410
[13:28:01] 225.2, 125.2, 2.358
[13:28:02] 296.7, 125.1, 2.422
[13:28:03] 303.2, 125.2, 2.420
[13:28:04] 303.3, 125.1, 2.419
[13:28:05] 303.4, 125.1, 2.417
[13:28:06] 303.6, 125.2, 2.422
[13:28:07] 303.7, 125.2, 2.420
[13:28:08] 303.8, 125.2, 2.425
[13:28:09] 303.9, 125.2, 2.422
[13:28:10] 304.0, 125.2, 2.425
[13:28:11] 304.2, 125.2, 2.422
[13:28:12] 304.2, 125.2, 2.425
[13:28:13] 304.3, 125.2, 2.423
[13:28:14] 304.4, 125.2, 2.425
[13:28:15] 304.5, 125.2, 2.422
[13:28:16] 304.5, 125.2, 2.425
[13:28:17] 304.5, 125.2, 2.425
[13:28:18] 304.5, 125.2, 2.428
[13:28:19] 304.6, 125.4, 1.138
[13:28:20] 216.1, 125.4, 1.112
[13:28:21] 140.8, 125.4, 1.115
[13:28:22] 140.8, 125.4, 1.112
[13:28:23] 140.8, 125.4, 1.113
<<<[13:28:36] 142.4, 125.3, 1.123
[13:28:37] 142.3, 125.3, 1.121
[13:28:38] 142.2, 125.3, 1.122
[13:28:39] 142.1, 125.3, 1.144
[13:28:40] 142.5, 125.3, 1.294
[13:28:41] 160.9, 125.2, 1.285
[13:28:42] 161.0, 125.3, 1.144
[13:28:43] 155.5, 125.3, 1.287
[13:28:44] 161.1, 125.3, 1.291
[13:28:45] 161.2, 125.3, 1.289
[13:28:46] 161.4, 125.3, 1.296
[13:28:47] 161.2, 125.3, 1.276
[13:28:48] 154.8, 125.3, 1.255
[13:28:49] 155.3, 125.3, 1.253
[13:28:50] 160.4, 125.3, 1.275
[13:28:51] 160.2, 125.3, 1.324
[13:28:52] 160.3, 125.3, 1.266
[13:28:53] 160.1, 125.3, 1.298
[13:28:54] 160.1, 125.3, 1.279
[13:28:55] 159.9, 125.2, 1.316
[13:28:56] 160.1, 125.2, 1.266
[13:28:57] 160.1, 125.3, 1.110
[13:28:58] 141.4, 125.3, 1.111
[13:28:59] 141.2, 125.3, 1.108
[13:29:00] 141.1, 125.3, 1.110
[13:29:01] 141.0, 125.3, 1.111
[13:29:02] 155.0, 125.3, 1.069
[13:29:03] 161.7, 125.3, 1.121
[13:29:04] 136.1, 125.3, 1.114
[13:29:05] 136.6, 125.3, 1.120
[13:29:06] 137.1, 125.3, 1.118
[13:29:07] 154.4, 125.4, 1.066
[13:29:08] 161.3, 125.3, 1.118
[13:29:09] 136.0, 125.3, 1.109
[13:29:10] 136.5, 125.4, 1.112
[13:29:11] 137.0, 125.4, 1.112
[13:29:12] 148.1, 125.4, 1.068
[13:29:13] 167.8, 125.3, 1.123
[13:29:14] 136.7, 125.4, 1.113
[13:29:15] 137.2, 125.4, 1.114
[13:29:16] 137.6, 125.3, 1.111
[13:29:17] 137.9, 125.3, 1.062
[13:29:18] 177.2, 125.4, 1.122
[13:29:19] 136.0, 125.3, 1.113
[13:29:20] 136.5, 125.3, 1.118
[13:29:21] 137.0, 125.4, 1.115
[13:29:22] 137.5, 125.4, 1.004
[13:29:23] 192.8, 125.4, 1.109
[13:29:24] 135.1, 125.4, 1.112
[13:29:25] 135.7, 125.4, 1.117
[13:29:26] 140.8, 125.4, 1.113
[13:29:27] 140.7, 125.4, 1.326
[13:29:28] 210.9, 125.3, 1.048
[13:29:29] 134.0, 125.4, 1.112
[13:29:30] 140.5, 125.4, 1.116
[13:29:31] 140.5, 125.4, 1.110
[13:29:32] 140.5, 125.3, 2.378
[13:29:33] 227.9, 125.4, 1.057
[13:29:34] 167.6, 125.3, 1.109
[13:29:35] 139.8, 125.4, 1.109
[13:29:36] 139.8, 125.4, 1.109
[13:29:37] 139.8, 125.3, 1.112
[13:29:38] 139.9, 125.1, 2.352
[13:29:39] 291.4, 125.3, 1.080
[13:29:40] 200.6, 125.3, 1.108
[13:29:41] 140.1, 125.3, 1.113
[13:29:42] 140.1, 125.4, 1.111
[13:29:43] 140.1, 125.3, 1.109
[13:29:44] 140.2, 125.2, 2.389
[13:29:45] 264.7, 125.1, 2.352
[13:29:46] 296.3, 125.2, 1.715
[13:29:47] 269.2, 125.3, 1.113
[13:29:48] 138.9, 125.4, 1.112
[13:29:49] 139.1, 125.3, 1.115
[13:29:50] 139.3, 125.4, 1.109
[13:29:51] 139.4, 125.2, 2.914
[13:29:52] 208.4, 125.2, 2.351
[13:29:53] 296.9, 125.1, 2.419
[13:29:54] 297.5, 125.2, 2.420
[13:29:55] 304.3, 125.2, 2.420
[13:29:56] 304.3, 125.4, 1.490
[13:29:57] 225.7, 125.4, 1.114
[13:29:58] 141.4, 125.4, 1.113
[13:29:59] 141.3, 125.3, 1.111
[13:30:00] 141.2, 125.4, 1.110
[13:30:01] 141.1, 125.1, 2.373
[13:30:02] 254.7, 125.1, 2.351
[13:30:03] 296.0, 125.1, 2.420
[13:30:04] 304.5, 125.2, 2.415
[13:30:05] 304.5, 125.1, 2.424
[13:30:06] 304.4, 125.1, 2.418
[13:30:07] 304.4, 125.1, 2.420
[13:30:08] 304.3, 125.2, 2.417
[13:30:09] 304.3, 125.2, 2.418
[13:30:10] 304.3, 125.2, 2.337
[13:30:11] 284.8, 125.3, 1.110
[13:30:12] 151.5, 125.3, 1.115
[13:30:13] 140.8, 125.3, 1.114
[13:30:14] 140.7, 125.3, 1.114
[13:30:15] 140.8, 125.1, 3.123
[13:30:16] 189.2, 125.1, 2.357
[13:30:17] 294.0, 125.1, 2.421
[13:30:18] 301.6, 125.1, 2.417
[13:30:19] 301.9, 125.2, 2.422
[13:30:20] 302.2, 125.1, 2.420
[13:30:21] 302.5, 125.1, 2.421
[13:30:22] 302.8, 125.2, 2.420
[13:30:23] 303.0, 125.2, 2.423
[13:30:24] 303.1, 125.2, 2.422
[13:30:25] 303.4, 125.2, 2.425
[13:30:26] 303.6, 125.1, 2.423
[13:30:27] 303.7, 125.1, 2.428
[13:30:28] 303.9, 125.1, 2.425
[13:30:29] 304.0, 125.2, 2.426
[13:30:30] 304.2, 125.2, 2.426
[13:30:31] 304.3, 125.2, 2.427
[13:30:32] 304.4, 125.2, 2.427
[13:30:33] 304.5, 125.2, 2.428
[13:30:34] 304.6, 125.4, 1.272
[13:30:35] 245.8, 125.4, 1.113
[13:30:36] 140.8, 125.4, 1.117
[13:30:37] 140.8, 125.4, 1.117
<<<[13:30:52] 142.4, 125.3, 1.116
[13:30:53] 142.3, 125.3, 1.119
[13:30:54] 142.2, 125.3, 1.121
[13:30:55] 142.2, 125.3, 1.239
[13:30:56] 157.7, 125.3, 1.288
[13:30:57] 162.9, 125.3, 1.260
[13:30:58] 162.4, 125.3, 1.289
[13:30:59] 162.5, 125.3, 1.263
[13:31:00] 161.9, 125.3, 1.278
[13:31:01] 161.9, 125.3, 1.264
[13:31:02] 162.0, 125.3, 1.275
[13:31:03] 162.0, 125.3, 1.285
[13:31:04] 161.6, 125.3, 1.259
[13:31:05] 161.4, 125.3, 1.252
[13:31:06] 161.2, 125.3, 1.243
[13:31:07] 161.1, 125.2, 1.248
[13:31:08] 160.8, 125.3, 1.247
[13:31:09] 160.7, 125.3, 1.252
[13:31:10] 160.5, 125.3, 1.279
[13:31:11] 160.8, 125.3, 1.139
[13:31:12] 153.3, 125.3, 1.122
[13:31:13] 142.3, 125.3, 1.128
[13:31:14] 142.2, 125.3, 1.120
[13:31:15] 142.2, 125.4, 1.120
[13:31:16] 142.0, 125.2, 1.731
[13:31:17] 169.4, 125.3, 1.120
[13:31:18] 140.7, 125.4, 1.114
[13:31:19] 140.7, 125.4, 1.113
[13:31:20] 140.7, 125.4, 1.116
[13:31:21] 140.6, 125.2, 2.118
[13:31:22] 179.9, 125.4, 1.050
[13:31:23] 133.2, 125.3, 1.115
[13:31:24] 139.2, 125.3, 1.112
[13:31:25] 139.3, 125.3, 1.119
[13:31:26] 139.5, 125.2, 2.380
[13:31:27] 181.4, 125.3, 1.052
[13:31:28] 133.4, 125.3, 1.115
[13:31:29] 138.5, 125.4, 1.112
[13:31:30] 138.7, 125.4, 1.111
[13:31:31] 139.0, 125.2, 2.748
[13:31:32] 181.9, 125.3, 1.051
[13:31:33] 133.2, 125.3, 1.111
[13:31:34] 138.7, 125.4, 1.111
[13:31:35] 138.9, 125.4, 1.111
[13:31:36] 139.1, 125.1, 3.483
[13:31:37] 186.6, 125.4, 1.043
[13:31:38] 144.1, 125.3, 1.107
[13:31:39] 138.3, 125.4, 1.107
[13:31:40] 138.5, 125.3, 1.109
[13:31:41] 138.7, 125.4, 1.114
[13:31:42] 175.2, 125.3, 1.062
[13:31:43] 175.2, 125.3, 1.112
[13:31:44] 136.5, 125.3, 1.111
[13:31:45] 137.0, 125.3, 1.110
[13:31:46] 137.4, 125.4, 1.109
[13:31:47] 137.8, 125.2, 2.259
[13:31:48] 260.0, 125.3, 1.073
[13:31:49] 135.1, 125.4, 1.108
[13:31:50] 140.5, 125.4, 1.107
[13:31:51] 140.5, 125.4, 1.116
[13:31:52] 140.5, 125.2, 3.252
[13:31:53] 189.7, 125.2, 2.347
[13:31:54] 293.4, 125.4, 1.106
[13:31:55] 150.1, 125.4, 1.109
[13:31:56] 140.7, 125.4, 1.109
[13:31:57] 140.6, 125.4, 1.115
[13:31:58] 140.6, 125.4, 1.115
[13:31:59] 147.9, 125.2, 2.349
[13:32:00] 307.2, 125.2, 2.416
[13:32:01] 299.1, 125.4, 1.097
[13:32:02] 216.1, 125.4, 1.112
[13:32:03] 140.3, 125.4, 1.117
[13:32:04] 140.3, 125.3, 1.109
[13:32:05] 140.3, 125.3, 1.115
[13:32:06] 140.3, 125.2, 2.377
[13:32:07] 255.1, 125.2, 2.341
[13:32:08] 295.8, 125.2, 2.415
[13:32:09] 303.8, 125.2, 2.412
[13:32:10] 303.8, 125.2, 2.415
[13:32:11] 303.8, 125.4, 1.144
[13:32:12] 179.8, 125.4, 1.110
[13:32:13] 140.5, 125.4, 1.121
[13:32:14] 140.5, 125.4, 1.108
[13:32:15] 140.5, 125.3, 1.120
[13:32:16] 140.5, 125.2, 2.345
[13:32:17] 292.4, 125.2, 2.394
[13:32:18] 293.0, 125.3, 2.420
[13:32:19] 304.3, 125.2, 2.412
[13:32:20] 304.2, 125.2, 2.416
[13:32:21] 304.2, 125.2, 2.413
[13:32:22] 304.1, 125.2, 2.417
[13:32:23] 304.1, 125.2, 2.414
[13:32:24] 304.1, 125.2, 2.421
[13:32:25] 304.2, 125.4, 1.697
[13:32:26] 270.5, 125.4, 1.113
[13:32:27] 142.3, 125.4, 1.115
[13:32:28] 142.1, 125.4, 1.106
[13:32:29] 141.9, 125.4, 1.117
[13:32:30] 141.8, 125.2, 3.013
[13:32:31] 210.7, 125.3, 2.353
[13:32:32] 296.9, 125.3, 2.417
[13:32:33] 302.3, 125.2, 2.417
[13:32:34] 302.5, 125.2, 2.420
[13:32:35] 302.7, 125.3, 2.422
[13:32:36] 302.9, 125.3, 2.421
[13:32:37] 303.0, 125.2, 2.422
[13:32:38] 303.2, 125.2, 2.424
[13:32:39] 303.4, 125.2, 2.422
[13:32:40] 303.6, 125.2, 2.425
[13:32:41] 303.8, 125.2, 2.420
[13:32:42] 303.9, 125.2, 2.426
[13:32:43] 304.0, 125.3, 2.424
[13:32:44] 304.1, 125.3, 2.420
[13:32:45] 304.2, 125.2, 2.422
[13:32:46] 304.3, 125.3, 2.420
[13:32:47] 304.3, 125.3, 2.416
[13:32:48] 304.3, 125.3, 2.419
[13:32:49] 304.5, 125.4, 1.576
[13:32:50] 255.2, 125.5, 1.115
[13:32:51] 141.8, 125.5, 1.114
[13:32:52] 141.6, 125.5, 1.117
[13:32:53] 141.5, 125.5, 1.117
