<<<[17:38:02] 144.7, 125.3, 1.116
[17:38:03] 144.4, 125.2, 1.122
[17:38:04] 144.1, 125.2, 1.139
[17:38:05] 143.9, 125.2, 1.254
[17:38:06] 149.2, 125.2, 1.168
[17:38:07] 149.0, 125.2, 1.177
[17:38:08] 149.0, 125.2, 1.173
[17:38:09] 148.8, 125.2, 1.163
[17:38:10] 148.6, 125.2, 1.163
[17:38:11] 148.4, 125.2, 1.144
[17:38:12] 169.4, 125.2, 1.125
[17:38:13] 143.0, 125.2, 1.128
[17:38:14] 142.9, 125.2, 1.128
[17:38:15] 142.8, 125.2, 1.132
[17:38:16] 142.7, 125.2, 1.143
[17:38:17] 169.1, 125.3, 1.123
[17:38:18] 141.8, 125.2, 1.114
[17:38:19] 141.7, 125.2, 1.114
[17:38:20] 141.6, 125.2, 1.128
[17:38:21] 141.7, 125.2, 1.130
[17:38:22] 168.2, 125.2, 1.113
[17:38:23] 140.7, 125.2, 1.112
[17:38:24] 140.7, 125.1, 1.112
[17:38:25] 140.7, 125.1, 1.122
[17:38:26] 140.7, 125.2, 1.132
[17:38:27] 168.2, 125.2, 1.110
[17:38:28] 140.1, 125.2, 1.111
[17:38:29] 140.1, 125.2, 1.116
[17:38:30] 140.2, 125.2, 1.123
[17:38:31] 140.4, 125.2, 1.131
[17:38:32] 168.2, 125.2, 1.127
[17:38:33] 140.8, 125.2, 1.109
[17:38:34] 140.7, 125.2, 1.109
[17:38:35] 140.7, 125.2, 1.110
[17:38:36] 140.6, 125.3, 1.123
[17:38:37] 167.6, 125.3, 1.111
[17:38:38] 140.5, 125.3, 1.104
[17:38:39] 140.4, 125.3, 1.109
[17:38:40] 140.3, 125.2, 1.110
[17:38:41] 140.4, 125.2, 1.116
[17:38:42] 167.6, 125.3, 1.105
[17:38:43] 139.9, 125.2, 1.105
[17:38:44] 139.9, 125.2, 1.106
[17:38:45] 139.9, 125.3, 1.100
[17:38:46] 139.9, 125.3, 1.043
[17:38:47] 174.3, 125.3, 1.095
[17:38:48] 134.1, 125.3, 1.098
[17:38:49] 139.4, 125.3, 1.106
[17:38:50] 139.4, 125.3, 1.112
[17:38:51] 139.5, 125.2, 1.049
[17:38:52] 173.6, 125.3, 1.068
[17:38:53] 133.8, 125.2, 1.100
[17:38:54] 139.8, 125.2, 1.104
[17:38:55] 139.8, 125.2, 1.107
[17:38:56] 139.7, 125.2, 1.160
[17:38:57] 183.6, 125.2, 1.048
[17:38:58] 134.0, 125.2, 1.102
[17:38:59] 139.4, 125.2, 1.102
[17:39:00] 139.4, 125.2, 1.100
[17:39:01] 139.4, 125.2, 1.610
[17:39:02] 195.7, 125.2, 1.048
[17:39:03] 130.7, 125.2, 1.104
[17:39:04] 140.1, 125.2, 1.102
[17:39:05] 140.0, 125.2, 1.102
[17:39:06] 139.9, 125.2, 2.287
[17:39:07] 189.7, 125.2, 1.039
[17:39:08] 169.4, 125.2, 1.105
[17:39:09] 137.8, 125.3, 1.111
[17:39:10] 138.0, 125.3, 1.106
[17:39:11] 138.2, 125.3, 1.105
[17:39:12] 138.3, 125.2, 1.825
[17:39:13] 233.2, 125.3, 1.094
[17:39:14] 172.9, 125.3, 1.106
[17:39:15] 139.6, 125.2, 1.103
[17:39:16] 139.5, 125.2, 1.097
[17:39:17] 139.5, 125.2, 1.105
[17:39:18] 139.5, 125.1, 1.835
[17:39:19] 227.9, 125.1, 1.853
[17:39:20] 228.3, 125.2, 1.228
[17:39:21] 195.0, 125.2, 1.111
[17:39:22] 139.9, 125.2, 1.107
[17:39:23] 139.9, 125.2, 1.106
[17:39:24] 139.9, 125.3, 1.104
[17:39:25] 139.8, 125.1, 1.860
[17:39:26] 218.5, 125.1, 1.825
[17:39:27] 230.4, 125.1, 1.889
[17:39:28] 237.9, 125.1, 1.888
[17:39:29] 237.8, 125.2, 1.650
[17:39:30] 217.2, 125.3, 1.105
[17:39:31] 137.9, 125.3, 1.101
[17:39:32] 138.1, 125.2, 1.111
[17:39:33] 138.4, 125.2, 1.111
[17:39:34] 138.6, 125.1, 1.854
[17:39:35] 200.0, 125.1, 1.828
[17:39:36] 230.1, 125.1, 1.888
[17:39:37] 237.0, 125.1, 1.890
[17:39:38] 237.0, 125.1, 1.892
[17:39:39] 237.1, 125.0, 1.891
[17:39:40] 237.2, 125.1, 1.891
[17:39:41] 237.3, 125.0, 1.893
[17:39:42] 237.4, 125.1, 1.892
[17:39:43] 237.2, 125.1, 1.115
[17:39:44] 159.9, 125.2, 1.106
[17:39:45] 139.8, 125.1, 1.110
[17:39:46] 139.8, 125.2, 1.108
[17:39:47] 139.8, 125.2, 1.114
[17:39:48] 166.7, 125.1, 1.830
[17:39:49] 228.1, 125.1, 1.889
[17:39:50] 233.9, 125.1, 1.889
[17:39:51] 234.4, 125.1, 1.892
[17:39:52] 234.8, 125.1, 1.890
[17:39:53] 235.2, 125.0, 1.895
[17:39:54] 235.5, 125.1, 1.892
[17:39:55] 235.8, 125.1, 1.894
[17:39:56] 236.1, 125.0, 1.895
[17:39:57] 236.3, 125.0, 1.895
[17:39:58] 236.5, 125.0, 1.896
[17:39:59] 236.7, 125.1, 1.896
[17:40:00] 236.9, 125.1, 1.895
[17:40:01] 237.1, 125.0, 1.895
[17:40:02] 237.3, 125.0, 1.899
[17:40:03] 237.4, 125.1, 1.894
[17:40:04] 237.5, 125.2, 1.474
[17:40:05] 210.5, 125.2, 1.108
[17:40:06] 141.0, 125.2, 1.113
[17:40:07] 140.9, 125.2, 1.115
[17:40:08] 140.9, 125.2, 1.120
