<<<[14:23:56] 140.1, 125.3, 1.119
[14:23:57] 140.2, 125.3, 1.131
[14:23:58] 140.5, 125.3, 1.132
[14:23:59] 140.9, 125.3, 1.256
[14:24:00] 151.2, 125.3, 1.276
[14:24:01] 159.9, 125.3, 1.269
[14:24:02] 159.8, 125.3, 1.273
[14:24:03] 159.8, 125.2, 1.256
[14:24:04] 159.6, 125.3, 1.240
[14:24:05] 159.4, 125.3, 1.246
[14:24:06] 159.1, 125.3, 1.251
[14:24:07] 159.0, 125.2, 1.246
[14:24:08] 158.8, 125.2, 1.242
[14:24:09] 158.8, 125.2, 1.248
[14:24:10] 158.6, 125.2, 1.245
[14:24:11] 158.3, 125.2, 1.247
[14:24:12] 158.3, 125.2, 1.254
[14:24:13] 158.2, 125.2, 1.244
[14:24:14] 158.0, 125.2, 1.279
[14:24:15] 158.2, 125.2, 1.263
[14:24:16] 158.3, 125.2, 1.250
[14:24:17] 158.2, 125.1, 1.180
[14:24:18] 149.0, 125.1, 1.187
[14:24:19] 149.0, 125.2, 1.175
[14:24:20] 149.0, 125.2, 1.185
[14:24:21] 149.0, 125.2, 1.177
[14:24:22] 175.4, 125.2, 1.065
[14:24:23] 150.1, 125.2, 1.106
[14:24:24] 136.7, 125.2, 1.115
[14:24:25] 137.1, 125.2, 1.108
[14:24:26] 137.5, 125.2, 1.124
[14:24:27] 161.8, 125.2, 1.056
[14:24:28] 156.4, 125.3, 1.112
[14:24:29] 136.0, 125.2, 1.126
[14:24:30] 136.5, 125.2, 1.104
[14:24:31] 137.0, 125.2, 1.109
[14:24:32] 137.4, 125.2, 1.022
[14:24:33] 193.2, 125.2, 1.117
[14:24:34] 135.2, 125.2, 1.106
[14:24:35] 140.5, 125.2, 1.114
[14:24:36] 140.4, 125.2, 1.111
[14:24:37] 140.3, 125.1, 1.557
[14:24:38] 224.1, 125.2, 1.067
[14:24:39] 131.8, 125.3, 1.119
[14:24:40] 139.8, 125.2, 1.103
[14:24:41] 139.8, 125.2, 1.114
[14:24:42] 139.9, 125.1, 2.207
[14:24:43] 221.8, 125.3, 1.029
[14:24:44] 179.0, 125.2, 1.098
[14:24:45] 139.6, 125.2, 1.104
[14:24:46] 139.6, 125.2, 1.113
[14:24:47] 139.7, 125.2, 1.102
[14:24:48] 139.7, 125.0, 2.208
[14:24:49] 269.9, 125.1, 1.264
[14:24:50] 217.6, 125.2, 1.096
[14:24:51] 140.5, 125.2, 1.111
[14:24:52] 140.4, 125.2, 1.111
[14:24:53] 140.4, 125.2, 1.110
[14:24:54] 140.4, 125.1, 2.176
[14:24:55] 228.1, 125.1, 2.203
[14:24:56] 276.6, 125.1, 2.261
[14:24:57] 284.8, 125.3, 1.111
[14:24:58] 166.7, 125.3, 1.106
[14:24:59] 140.1, 125.3, 1.119
[14:25:00] 140.1, 125.3, 1.105
[14:25:01] 140.0, 125.3, 1.118
[14:25:02] 140.1, 125.1, 2.201
[14:25:03] 281.9, 125.0, 2.275
[14:25:04] 281.6, 125.0, 2.273
[14:25:05] 282.1, 125.0, 2.271
[14:25:06] 282.5, 125.0, 2.254
[14:25:07] 282.8, 125.2, 1.105
[14:25:08] 196.8, 125.2, 1.105
[14:25:09] 140.3, 125.2, 1.109
[14:25:10] 140.3, 125.2, 1.112
[14:25:11] 140.2, 125.3, 1.117
[14:25:12] 140.2, 125.1, 2.239
[14:25:13] 254.9, 125.1, 2.204
[14:25:14] 278.1, 125.1, 2.268
[14:25:15] 285.3, 125.1, 2.269
[14:25:16] 285.2, 125.1, 2.261
[14:25:17] 285.2, 125.1, 2.272
[14:25:18] 285.2, 125.1, 2.271
[14:25:19] 285.3, 125.1, 2.257
[14:25:20] 285.3, 125.1, 2.271
[14:25:21] 285.3, 125.1, 2.272
[14:25:22] 285.3, 125.3, 1.471
[14:25:23] 240.4, 125.2, 1.114
[14:25:24] 141.0, 125.3, 1.110
[14:25:25] 140.8, 125.3, 1.105
[14:25:26] 140.8, 125.3, 1.108
