<<<[09:54:57] 141.0, 125.5, 1.145
[09:54:58] 141.4, 125.5, 1.156
[09:54:59] 142.0, 125.5, 1.157
[09:55:00] 142.6, 125.5, 1.258
[09:55:01] 153.0, 125.5, 1.275
[09:55:02] 160.0, 125.5, 1.242
[09:55:03] 159.9, 125.5, 1.250
[09:55:04] 159.7, 125.5, 1.123
[09:55:05] 146.3, 125.6, 1.119
[09:55:06] 145.8, 125.5, 1.111
[09:55:07] 145.4, 125.6, 1.103
[09:55:08] 145.1, 125.6, 1.136
[09:55:09] 145.1, 125.6, 1.121
[09:55:10] 168.2, 125.6, 1.106
[09:55:11] 141.2, 125.6, 1.108
[09:55:12] 141.2, 125.6, 1.115
[09:55:13] 141.2, 125.6, 1.118
[09:55:14] 141.3, 125.6, 1.114
[09:55:15] 167.8, 125.6, 1.109
[09:55:16] 141.8, 125.6, 1.106
[09:55:17] 141.7, 125.6, 1.111
[09:55:18] 141.7, 125.6, 1.107
[09:55:19] 141.7, 125.6, 1.115
[09:55:20] 167.5, 125.6, 1.106
[09:55:21] 140.5, 125.6, 1.110
[09:55:22] 140.5, 125.6, 1.105
[09:55:23] 140.6, 125.5, 1.108
[09:55:24] 140.6, 125.5, 1.109
[09:55:25] 167.1, 125.6, 1.113
[09:55:26] 140.7, 125.6, 1.109
[09:55:27] 140.7, 125.5, 1.110
[09:55:28] 140.7, 125.6, 1.102
[09:55:29] 140.7, 125.6, 1.112
[09:55:30] 167.8, 125.6, 1.102
[09:55:31] 140.5, 125.6, 1.107
[09:55:32] 140.5, 125.6, 1.105
[09:55:33] 140.5, 125.6, 1.109
[09:55:34] 140.5, 125.5, 1.109
[09:55:35] 166.9, 125.5, 1.101
[09:55:36] 140.1, 125.5, 1.106
[09:55:37] 140.0, 125.5, 1.107
[09:55:38] 140.1, 125.5, 1.102
[09:55:39] 140.1, 125.5, 1.043
[09:55:40] 174.2, 125.6, 1.104
[09:55:41] 134.7, 125.6, 1.104
[09:55:42] 140.3, 125.6, 1.105
[09:55:43] 140.2, 125.6, 1.102
[09:55:44] 140.1, 125.5, 1.041
[09:55:45] 172.7, 125.6, 1.083
[09:55:46] 134.3, 125.6, 1.111
[09:55:47] 139.6, 125.6, 1.102
[09:55:48] 139.5, 125.5, 1.100
[09:55:49] 139.5, 125.6, 1.188
[09:55:50] 185.2, 125.6, 1.051
[09:55:51] 134.1, 125.6, 1.102
[09:55:52] 140.1, 125.6, 1.093
[09:55:53] 140.0, 125.5, 1.102
[09:55:54] 140.0, 125.5, 1.586
[09:55:55] 197.9, 125.6, 1.036
[09:55:56] 130.9, 125.6, 1.104
[09:55:57] 139.9, 125.5, 1.108
[09:55:58] 139.9, 125.5, 1.097
[09:55:59] 139.8, 125.4, 2.018
[09:56:00] 196.4, 125.5, 1.049
[09:56:01] 153.3, 125.4, 1.118
[09:56:02] 140.5, 125.5, 1.105
[09:56:03] 140.4, 125.5, 1.099
[09:56:04] 140.3, 125.6, 1.101
[09:56:05] 140.2, 125.5, 1.837
[09:56:06] 244.6, 125.6, 1.109
[09:56:07] 153.3, 125.6, 1.103
[09:56:08] 139.9, 125.6, 1.099
[09:56:09] 139.8, 125.5, 1.111
[09:56:10] 139.8, 125.6, 1.100
[09:56:11] 150.6, 125.5, 1.843
[09:56:12] 240.8, 125.4, 1.903
[09:56:13] 230.4, 125.6, 1.102
[09:56:14] 145.7, 125.5, 1.101
[09:56:15] 139.8, 125.5, 1.106
[09:56:16] 139.8, 125.5, 1.104
[09:56:17] 139.7, 125.5, 1.126
[09:56:18] 174.0, 125.4, 1.844
[09:56:19] 229.7, 125.4, 1.898
[09:56:20] 236.8, 125.5, 1.903
[09:56:21] 237.2, 125.5, 1.626
[09:56:22] 219.9, 125.6, 1.105
[09:56:23] 138.3, 125.6, 1.103
[09:56:24] 138.5, 125.6, 1.096
[09:56:25] 138.6, 125.6, 1.109
[09:56:26] 138.8, 125.5, 2.070
[09:56:27] 195.1, 125.5, 1.838
[09:56:28] 233.2, 125.5, 1.907
[09:56:29] 239.1, 125.4, 1.904
[09:56:30] 239.2, 125.5, 1.904
[09:56:31] 239.3, 125.4, 1.903
[09:56:32] 239.5, 125.5, 1.903
[09:56:33] 239.5, 125.5, 1.903
[09:56:34] 239.7, 125.6, 1.100
[09:56:35] 160.4, 125.6, 1.099
[09:56:36] 139.9, 125.6, 1.102
[09:56:37] 139.9, 125.6, 1.106
[09:56:38] 139.9, 125.6, 1.101
[09:56:39] 139.9, 125.5, 1.837
[09:56:40] 245.3, 125.5, 1.909
[09:56:41] 235.5, 125.5, 1.903
[09:56:42] 236.0, 125.5, 1.903
[09:56:43] 236.6, 125.5, 1.904
[09:56:44] 237.0, 125.5, 1.906
[09:56:45] 237.5, 125.5, 1.907
[09:56:46] 237.9, 125.5, 1.906
[09:56:47] 238.2, 125.5, 1.911
[09:56:48] 238.5, 125.5, 1.910
[09:56:49] 238.8, 125.5, 1.912
[09:56:50] 239.1, 125.5, 1.910
[09:56:51] 239.4, 125.5, 1.911
[09:56:52] 239.6, 125.5, 1.911
[09:56:53] 239.8, 125.5, 1.912
[09:56:54] 239.9, 125.6, 1.105
[09:56:55] 140.1, 125.6, 1.100
[09:56:56] 140.1, 125.7, 1.102
[09:56:57] 140.1, 125.7, 1.106
