<<<[16:01:51] 142.5, 125.1, 1.129
[16:01:52] 142.5, 125.1, 1.137
[16:01:53] 142.6, 125.1, 1.151
[16:01:54] 142.9, 125.0, 1.251
[16:01:55] 155.3, 125.1, 1.191
[16:01:56] 154.6, 125.1, 1.176
[16:01:57] 149.0, 125.1, 1.178
[16:01:58] 148.9, 125.1, 1.174
[16:01:59] 148.9, 125.1, 1.178
[16:02:00] 148.9, 125.1, 1.138
[16:02:01] 170.2, 125.0, 1.155
[16:02:02] 145.0, 125.0, 1.131
[16:02:03] 144.9, 125.0, 1.121
[16:02:04] 144.8, 125.0, 1.127
[16:02:05] 144.5, 125.1, 1.135
[16:02:06] 169.3, 125.1, 1.119
[16:02:07] 141.6, 125.1, 1.133
[16:02:08] 141.6, 125.1, 1.123
[16:02:09] 141.6, 125.0, 1.128
[16:02:10] 141.7, 125.0, 1.127
[16:02:11] 168.5, 125.0, 1.116
[16:02:12] 140.8, 125.1, 1.124
[16:02:13] 140.8, 125.0, 1.121
[16:02:14] 140.9, 125.1, 1.116
[16:02:15] 141.0, 125.1, 1.120
[16:02:16] 168.4, 125.1, 1.111
[16:02:17] 140.7, 125.1, 1.113
[16:02:18] 140.6, 125.1, 1.116
[16:02:19] 140.6, 125.1, 1.112
[16:02:20] 140.7, 125.1, 1.122
[16:02:21] 168.0, 125.1, 1.113
[16:02:22] 140.5, 125.1, 1.114
[16:02:23] 140.5, 125.0, 1.121
[16:02:24] 140.5, 125.0, 1.122
[16:02:25] 140.6, 125.0, 1.121
[16:02:26] 168.5, 125.1, 1.117
[16:02:27] 140.3, 125.1, 1.107
[16:02:28] 140.2, 125.1, 1.105
[16:02:29] 140.2, 125.1, 1.123
[16:02:30] 140.3, 125.1, 1.108
[16:02:31] 168.0, 125.1, 1.104
[16:02:32] 140.3, 125.1, 1.107
[16:02:33] 140.2, 125.1, 1.112
[16:02:34] 140.2, 125.1, 1.114
[16:02:35] 140.2, 125.1, 1.101
[16:02:36] 167.6, 125.1, 1.105
[16:02:37] 139.6, 125.1, 1.110
[16:02:38] 139.6, 125.1, 1.108
[16:02:39] 139.6, 125.1, 1.108
[16:02:40] 139.6, 125.1, 1.029
[16:02:41] 175.4, 125.1, 1.102
[16:02:42] 134.7, 125.1, 1.113
[16:02:43] 139.9, 125.0, 1.109
[16:02:44] 139.8, 125.1, 1.106
[16:02:45] 139.9, 125.1, 1.037
[16:02:46] 175.1, 125.1, 1.068
[16:02:47] 133.8, 125.1, 1.102
[16:02:48] 139.6, 125.1, 1.103
[16:02:49] 139.5, 125.1, 1.107
[16:02:50] 139.6, 125.1, 1.286
[16:02:51] 186.8, 125.1, 1.048
[16:02:52] 134.0, 125.1, 1.115
[16:02:53] 139.6, 125.1, 1.109
[16:02:54] 139.6, 125.1, 1.112
[16:02:55] 139.7, 125.0, 1.622
[16:02:56] 201.1, 125.1, 1.042
[16:02:57] 129.3, 125.1, 1.108
[16:02:58] 139.6, 125.1, 1.099
[16:02:59] 139.5, 125.1, 1.097
[16:03:00] 139.5, 124.9, 2.627
[16:03:01] 191.2, 125.1, 1.020
[16:03:02] 175.6, 125.1, 1.106
[16:03:03] 137.9, 125.1, 1.109
[16:03:04] 138.1, 125.0, 1.112
[16:03:05] 138.3, 125.1, 1.110
[16:03:06] 138.5, 124.9, 1.940
[16:03:07] 240.6, 125.1, 1.058
[16:03:08] 179.0, 125.1, 1.113
[16:03:09] 139.6, 125.1, 1.120
[16:03:10] 139.6, 125.1, 1.103
[16:03:11] 139.6, 125.1, 1.107
[16:03:12] 139.6, 125.0, 1.958
[16:03:13] 233.9, 125.0, 1.933
[16:03:14] 244.4, 125.1, 1.374
[16:03:15] 203.3, 125.1, 1.108
[16:03:16] 139.9, 125.1, 1.107
[16:03:17] 139.8, 125.1, 1.107
[16:03:18] 139.8, 125.1, 1.104
[16:03:19] 139.8, 125.0, 1.960
[16:03:20] 222.5, 125.1, 1.928
[16:03:21] 242.9, 125.0, 1.989
[16:03:22] 250.0, 125.0, 1.992
[16:03:23] 250.0, 125.1, 1.630
[16:03:24] 229.7, 125.2, 1.105
[16:03:25] 137.6, 125.2, 1.113
[16:03:26] 137.9, 125.2, 1.110
[16:03:27] 138.1, 125.2, 1.112
[16:03:28] 138.3, 125.0, 2.198
[16:03:29] 199.0, 125.1, 1.930
[16:03:30] 243.5, 125.1, 1.990
[16:03:31] 249.1, 125.1, 1.991
[16:03:32] 249.2, 125.0, 1.994
[16:03:33] 249.3, 125.0, 1.995
[16:03:34] 249.5, 125.1, 1.995
[16:03:35] 249.6, 125.1, 1.996
[16:03:36] 249.8, 125.1, 1.997
[16:03:37] 249.9, 125.1, 1.119
[16:03:38] 163.3, 125.2, 1.106
[16:03:39] 140.1, 125.2, 1.104
[16:03:40] 140.0, 125.2, 1.107
[16:03:41] 140.0, 125.2, 1.107
[16:03:42] 140.0, 125.1, 1.926
[16:03:43] 256.7, 125.1, 1.998
[16:03:44] 245.5, 125.1, 1.995
[16:03:45] 246.1, 125.1, 1.996
[16:03:46] 246.7, 125.1, 1.998
[16:03:47] 247.3, 125.1, 2.000
[16:03:48] 247.7, 125.1, 1.999
[16:03:49] 248.2, 125.1, 1.998
[16:03:50] 248.6, 125.1, 1.997
[16:03:51] 248.9, 125.1, 1.999
[16:03:52] 249.2, 125.1, 1.999
[16:03:53] 249.4, 125.1, 1.997
[16:03:54] 249.6, 125.1, 2.000
[16:03:55] 249.8, 125.1, 2.000
[16:03:56] 250.0, 125.1, 2.000
[16:03:57] 250.2, 125.0, 1.999
[16:03:58] 250.3, 125.0, 2.002
[16:03:59] 249.6, 125.2, 1.113
[16:04:00] 138.1, 125.2, 1.113
[16:04:01] 138.4, 125.1, 1.128
[16:04:02] 138.7, 125.1, 1.117
