<<<[05:31:41] 140.6, 126.0, 1.116
[05:31:42] 140.7, 126.1, 1.115
[05:31:43] 140.9, 126.1, 1.112
[05:31:44] 141.0, 126.1, 1.250
[05:31:45] 148.6, 126.1, 1.259
[05:31:46] 160.9, 126.1, 1.254
[05:31:47] 160.8, 126.1, 1.281
[05:31:48] 160.7, 126.1, 1.235
[05:31:49] 160.5, 126.1, 1.231
[05:31:50] 160.4, 126.1, 1.279
[05:31:51] 160.3, 126.1, 1.259
[05:31:52] 160.5, 126.1, 1.264
[05:31:53] 160.4, 126.1, 1.279
[05:31:54] 160.4, 126.0, 1.269
[05:31:55] 160.4, 126.1, 1.274
[05:31:56] 160.5, 126.0, 1.281
[05:31:57] 160.5, 126.1, 1.279
[05:31:58] 160.2, 126.0, 1.274
[05:31:59] 160.3, 126.0, 1.254
[05:32:00] 160.4, 126.0, 1.273
[05:32:01] 160.4, 126.1, 1.225
[05:32:02] 160.3, 126.1, 1.273
[05:32:03] 160.3, 126.0, 1.267
[05:32:04] 160.3, 126.1, 1.240
[05:32:05] 160.1, 126.1, 1.225
[05:32:06] 160.0, 126.1, 1.278
[05:32:07] 160.2, 126.1, 1.270
[05:32:08] 160.2, 126.1, 1.246
[05:32:09] 159.9, 126.1, 1.233
[05:32:10] 159.6, 126.1, 1.282
[05:32:11] 159.4, 126.1, 1.235
[05:32:12] 159.1, 126.1, 1.247
[05:32:13] 159.0, 126.1, 1.271
[05:32:14] 159.0, 126.1, 1.240
[05:32:15] 158.8, 126.1, 1.244
[05:32:16] 158.7, 126.1, 1.234
[05:32:17] 158.6, 126.1, 1.265
[05:32:18] 158.5, 126.1, 1.234
[05:32:19] 158.3, 126.1, 1.279
[05:32:20] 158.8, 126.1, 1.231
[05:32:21] 158.5, 126.1, 1.240
[05:32:22] 158.4, 126.1, 1.230
[05:32:23] 158.4, 126.1, 1.236
[05:32:24] 158.3, 126.1, 1.233
[05:32:25] 158.1, 126.1, 1.231
[05:32:26] 158.2, 126.1, 1.254
[05:32:27] 158.2, 126.1, 1.230
[05:32:28] 158.0, 126.1, 1.235
[05:32:29] 158.0, 126.1, 1.229
[05:32:30] 157.9, 126.1, 1.251
[05:32:31] 158.0, 126.1, 1.274
[05:32:32] 158.5, 126.1, 1.229
[05:32:33] 158.7, 126.1, 1.230
[05:32:34] 158.5, 126.1, 1.231
[05:32:35] 158.4, 126.1, 1.279
[05:32:36] 158.3, 126.1, 1.234
[05:32:37] 158.1, 126.1, 1.231
[05:32:38] 157.9, 126.0, 1.230
[05:32:39] 157.8, 126.1, 1.227
[05:32:40] 157.9, 126.1, 1.225
[05:32:41] 157.8, 126.1, 1.241
[05:32:42] 157.6, 126.0, 1.241
[05:32:43] 157.7, 126.0, 1.229
[05:32:44] 157.5, 126.1, 1.231
[05:32:45] 157.5, 126.0, 1.260
[05:32:46] 157.5, 126.1, 1.259
[05:32:47] 158.0, 126.1, 1.226
[05:32:48] 157.8, 126.0, 1.231
[05:32:49] 157.7, 126.0, 1.236
[05:32:50] 157.7, 126.1, 1.242
[05:32:51] 157.6, 126.1, 1.229
[05:32:52] 157.5, 126.1, 1.227
[05:32:53] 157.3, 126.0, 1.227
[05:32:54] 157.6, 126.1, 1.233
[05:32:55] 157.5, 126.1, 1.236
[05:32:56] 157.4, 126.0, 1.275
[05:32:57] 157.5, 126.1, 1.231
[05:32:58] 157.4, 126.1, 1.232
[05:32:59] 157.3, 126.1, 1.267
[05:33:00] 157.5, 126.2, 1.276
[05:33:01] 158.1, 126.2, 1.278
[05:33:02] 158.6, 126.1, 1.245
[05:33:03] 158.6, 126.1, 1.245
[05:33:04] 158.6, 126.1, 1.242
[05:33:05] 158.5, 126.1, 1.240
[05:33:06] 158.4, 126.1, 1.241
[05:33:07] 158.4, 126.0, 1.242
[05:33:08] 158.3, 126.1, 1.118
[05:33:09] 152.2, 126.1, 1.104
[05:33:10] 140.5, 126.1, 1.100
[05:33:11] 140.4, 126.1, 1.091
[05:33:12] 140.2, 126.1, 1.099
[05:33:13] 140.1, 126.1, 1.676
[05:33:14] 186.3, 126.1, 1.036
[05:33:15] 130.2, 126.0, 1.098
[05:33:16] 138.9, 126.1, 1.100
[05:33:17] 138.9, 126.1, 1.095
[05:33:18] 139.0, 125.9, 2.807
[05:33:19] 187.7, 126.1, 1.042
[05:33:20] 152.1, 126.1, 1.095
[05:33:21] 137.9, 126.1, 1.090
[05:33:22] 138.1, 126.1, 1.093
[05:33:23] 138.3, 126.2, 1.094
[05:33:24] 149.5, 126.0, 1.528
[05:33:25] 228.8, 126.1, 1.099
[05:33:26] 132.7, 126.2, 1.097
[05:33:27] 139.8, 126.2, 1.094
[05:33:28] 139.7, 126.2, 1.094
[05:33:29] 139.7, 126.1, 2.183
[05:33:30] 198.4, 126.1, 1.855
[05:33:31] 234.2, 126.2, 1.094
[05:33:32] 146.1, 126.2, 1.097
[05:33:33] 139.4, 126.1, 1.098
[05:33:34] 139.4, 126.1, 1.099
[05:33:35] 139.4, 125.9, 3.094
[05:33:36] 178.3, 126.0, 1.924
[05:33:37] 241.9, 126.0, 1.981
[05:33:38] 248.7, 126.1, 1.080
[05:33:39] 183.4, 126.1, 1.097
[05:33:40] 139.6, 126.1, 1.100
[05:33:41] 139.5, 126.1, 1.100
[05:33:42] 139.5, 126.1, 1.097
[05:33:43] 139.6, 126.0, 1.940
[05:33:44] 237.9, 125.9, 1.932
[05:33:45] 245.3, 126.0, 1.989
[05:33:46] 251.8, 126.0, 1.986
[05:33:47] 251.8, 126.0, 1.987
[05:33:48] 251.8, 126.1, 1.113
[05:33:49] 163.5, 126.2, 1.101
[05:33:50] 139.9, 126.1, 1.099
[05:33:51] 139.8, 126.2, 1.095
[05:33:52] 139.8, 126.2, 1.101
[05:33:53] 139.8, 126.1, 1.920
[05:33:54] 253.6, 126.1, 1.994
[05:33:55] 246.9, 126.1, 1.991
[05:33:56] 252.0, 126.1, 1.987
[05:33:57] 252.0, 126.0, 1.987
[05:33:58] 252.0, 126.1, 1.990
[05:33:59] 252.0, 126.1, 1.991
[05:34:00] 252.0, 126.0, 1.990
[05:34:01] 252.1, 126.0, 1.990
[05:34:02] 252.1, 126.1, 1.796
[05:34:03] 239.7, 126.1, 1.096
[05:34:04] 148.3, 126.1, 1.096
[05:34:05] 139.8, 126.1, 1.104
[05:34:06] 139.8, 126.1, 1.096
[05:34:07] 139.8, 125.9, 3.231
[05:34:08] 183.2, 126.0, 1.925
[05:34:09] 244.0, 125.9, 1.992
[05:34:10] 250.0, 125.9, 1.989
[05:34:11] 250.2, 126.0, 1.992
[05:34:12] 250.5, 126.0, 1.993
[05:34:13] 250.8, 126.0, 1.998
[05:34:14] 251.0, 125.9, 1.995
[05:34:15] 251.2, 126.0, 1.993
[05:34:16] 251.4, 126.0, 1.993
[05:34:17] 251.6, 126.1, 1.996
[05:34:18] 251.7, 126.0, 1.994
[05:34:19] 251.8, 126.0, 1.993
[05:34:20] 251.9, 126.0, 1.993
[05:34:21] 252.0, 126.0, 1.993
[05:34:22] 252.1, 126.0, 1.999
[05:34:23] 252.2, 126.0, 1.996
[05:34:24] 252.3, 126.0, 1.995
[05:34:25] 252.4, 126.0, 1.995
[05:34:26] 252.5, 126.0, 1.998
[05:34:27] 252.5, 126.1, 1.104
[05:34:28] 151.7, 126.1, 1.099
[05:34:29] 139.8, 126.1, 1.098
[05:34:30] 139.8, 126.1, 1.098
