<<<[05:10:40] 140.6, 126.1, 1.104
[05:10:41] 140.6, 126.1, 1.107
[05:10:42] 140.6, 126.1, 1.106
[05:10:43] 140.7, 126.0, 1.254
[05:10:44] 150.6, 126.0, 1.241
[05:10:45] 159.7, 126.0, 1.277
[05:10:46] 160.0, 126.0, 1.273
[05:10:47] 160.1, 126.0, 1.269
[05:10:48] 160.3, 126.0, 1.258
[05:10:49] 160.4, 125.9, 1.275
[05:10:50] 160.4, 126.0, 1.272
[05:10:51] 160.2, 126.0, 1.282
[05:10:52] 160.2, 126.1, 1.134
[05:10:53] 150.3, 126.1, 1.119
[05:10:54] 142.7, 126.1, 1.119
[05:10:55] 142.6, 126.1, 1.118
[05:10:56] 142.5, 126.1, 1.112
[05:10:57] 142.3, 126.0, 1.619
[05:10:58] 168.7, 126.1, 1.100
[05:10:59] 139.9, 126.1, 1.099
[05:11:00] 139.9, 126.1, 1.104
[05:11:01] 139.9, 126.1, 1.097
[05:11:02] 139.9, 126.0, 1.609
[05:11:03] 167.5, 126.0, 1.101
[05:11:04] 139.6, 126.0, 1.095
[05:11:05] 139.6, 126.1, 1.100
[05:11:06] 139.6, 126.1, 1.105
[05:11:07] 139.7, 126.0, 1.566
[05:11:08] 177.6, 126.0, 1.031
[05:11:09] 131.1, 126.1, 1.100
[05:11:10] 139.9, 126.1, 1.097
[05:11:11] 139.9, 126.1, 1.099
[05:11:12] 139.9, 126.0, 1.657
[05:11:13] 178.1, 126.1, 1.037
[05:11:14] 131.6, 126.0, 1.099
[05:11:15] 139.4, 126.0, 1.098
[05:11:16] 139.4, 126.0, 1.104
[05:11:17] 139.5, 125.9, 2.204
[05:11:18] 187.2, 126.0, 1.039
[05:11:19] 135.1, 126.0, 1.092
[05:11:20] 135.5, 126.1, 1.093
[05:11:21] 136.0, 126.1, 1.100
[05:11:22] 136.5, 125.9, 3.324
[05:11:23] 184.1, 126.1, 1.053
[05:11:24] 163.1, 126.1, 1.091
[05:11:25] 137.2, 126.1, 1.099
[05:11:26] 137.5, 126.0, 1.098
[05:11:27] 137.8, 126.0, 1.092
[05:11:28] 138.0, 126.0, 1.656
[05:11:29] 241.3, 126.1, 1.108
[05:11:30] 137.9, 126.0, 1.095
[05:11:31] 138.1, 126.0, 1.094
[05:11:32] 138.3, 126.0, 1.093
[05:11:33] 138.4, 125.9, 3.061
[05:11:34] 188.8, 125.9, 1.957
[05:11:35] 247.3, 126.0, 1.092
[05:11:36] 152.2, 126.1, 1.099
[05:11:37] 139.8, 126.1, 1.101
[05:11:38] 139.8, 126.1, 1.094
[05:11:39] 139.8, 126.1, 1.096
[05:11:40] 154.6, 126.0, 1.956
[05:11:41] 253.8, 126.0, 2.025
[05:11:42] 253.4, 126.0, 1.643
[05:11:43] 220.3, 126.2, 1.090
[05:11:44] 139.4, 126.2, 1.094
[05:11:45] 139.4, 126.1, 1.097
[05:11:46] 139.4, 126.1, 1.103
[05:11:47] 139.5, 125.9, 1.948
[05:11:48] 211.3, 126.0, 1.958
[05:11:49] 247.8, 125.9, 2.022
[05:11:50] 255.4, 125.9, 2.023
[05:11:51] 255.4, 126.0, 2.024
[05:11:52] 255.5, 126.0, 1.619
[05:11:53] 223.0, 126.0, 1.102
[05:11:54] 139.6, 126.1, 1.096
[05:11:55] 139.6, 126.1, 1.094
[05:11:56] 139.6, 126.1, 1.100
[05:11:57] 139.6, 125.9, 2.011
[05:11:58] 206.4, 126.0, 1.958
[05:11:59] 248.2, 126.0, 2.023
[05:12:00] 255.1, 126.0, 2.022
[05:12:01] 255.2, 126.0, 2.026
[05:12:02] 255.3, 125.9, 2.026
[05:12:03] 255.4, 125.9, 2.027
[05:12:04] 255.6, 125.9, 2.027
[05:12:05] 255.7, 125.9, 2.023
[05:12:06] 255.8, 125.9, 2.028
[05:12:07] 255.9, 126.0, 1.133
[05:12:08] 212.7, 126.0, 1.096
[05:12:09] 140.1, 126.0, 1.099
[05:12:10] 140.1, 126.0, 1.099
[05:12:11] 140.0, 126.0, 1.095
