<<<[02:43:20] 140.2, 126.6, 1.105
[02:43:21] 140.2, 126.6, 1.110
[02:43:22] 140.3, 126.6, 1.101
[02:43:23] 140.3, 126.6, 1.255
[02:43:24] 147.7, 126.6, 1.269
[02:43:25] 159.9, 126.6, 1.260
[02:43:26] 160.0, 126.6, 1.274
[02:43:27] 159.8, 126.6, 1.236
[02:43:28] 159.5, 126.6, 1.245
[02:43:29] 159.3, 126.6, 1.227
[02:43:30] 159.2, 126.6, 1.230
[02:43:31] 159.0, 126.6, 1.231
[02:43:32] 158.8, 126.5, 1.245
[02:43:33] 158.8, 126.5, 1.111
[02:43:34] 143.7, 126.5, 1.098
[02:43:35] 143.3, 126.5, 1.113
[02:43:36] 143.1, 126.5, 1.101
[02:43:37] 142.8, 126.6, 1.103
[02:43:38] 142.5, 126.6, 1.117
[02:43:39] 168.0, 126.6, 1.102
[02:43:40] 140.5, 126.6, 1.101
[02:43:41] 140.5, 126.6, 1.110
[02:43:42] 140.5, 126.6, 1.096
[02:43:43] 140.6, 126.6, 1.124
[02:43:44] 168.2, 126.6, 1.105
[02:43:45] 140.5, 126.6, 1.102
[02:43:46] 140.5, 126.5, 1.104
[02:43:47] 140.5, 126.6, 1.103
[02:43:48] 140.5, 126.6, 1.052
[02:43:49] 175.8, 126.6, 1.108
[02:43:50] 135.8, 126.5, 1.102
[02:43:51] 136.3, 126.6, 1.104
[02:43:52] 136.9, 126.5, 1.102
[02:43:53] 137.4, 126.6, 1.041
[02:43:54] 176.0, 126.5, 1.087
[02:43:55] 135.2, 126.6, 1.111
[02:43:56] 140.3, 126.5, 1.106
[02:43:57] 140.3, 126.6, 1.109
[02:43:58] 140.4, 126.6, 1.064
[02:43:59] 177.6, 126.6, 1.067
[02:44:00] 134.3, 126.6, 1.095
[02:44:01] 140.3, 126.6, 1.105
[02:44:02] 140.3, 126.6, 1.110
[02:44:03] 140.3, 126.6, 1.132
[02:44:04] 192.4, 126.6, 1.038
[02:44:05] 134.5, 126.6, 1.107
[02:44:06] 140.7, 126.6, 1.107
[02:44:07] 140.6, 126.6, 1.103
[02:44:08] 140.6, 126.5, 2.142
[02:44:09] 218.9, 126.8, 1.043
[02:44:10] 136.3, 126.7, 1.099
[02:44:11] 136.8, 126.6, 1.108
[02:44:12] 137.2, 126.7, 1.099
[02:44:13] 137.5, 126.6, 1.705
[02:44:14] 183.2, 126.7, 1.516
[02:44:15] 234.8, 126.7, 1.096
[02:44:16] 135.6, 126.7, 1.095
[02:44:17] 136.1, 126.7, 1.105
[02:44:18] 136.7, 126.7, 1.094
[02:44:19] 137.2, 126.6, 2.359
[02:44:20] 214.0, 126.5, 2.186
[02:44:21] 278.4, 126.7, 1.098
[02:44:22] 164.0, 126.7, 1.090
[02:44:23] 140.3, 126.7, 1.095
[02:44:24] 140.2, 126.7, 1.098
[02:44:25] 140.2, 126.7, 1.105
[02:44:26] 140.3, 126.5, 2.179
[02:44:27] 282.9, 126.5, 2.248
[02:44:28] 282.6, 126.5, 2.249
[02:44:29] 283.0, 126.6, 1.093
[02:44:30] 166.2, 126.7, 1.101
[02:44:31] 140.5, 126.7, 1.096
[02:44:32] 140.5, 126.7, 1.103
[02:44:33] 140.4, 126.7, 1.105
[02:44:34] 140.5, 126.5, 2.181
[02:44:35] 281.1, 126.6, 2.232
[02:44:36] 280.9, 126.6, 2.247
[02:44:37] 281.6, 126.5, 2.253
[02:44:38] 282.1, 126.5, 2.252
[02:44:39] 282.6, 126.5, 2.237
[02:44:40] 283.1, 126.6, 1.099
[02:44:41] 181.8, 126.7, 1.096
[02:44:42] 140.3, 126.7, 1.102
[02:44:43] 140.3, 126.7, 1.100
[02:44:44] 140.3, 126.7, 1.112
[02:44:45] 140.4, 126.5, 2.184
[02:44:46] 278.4, 126.5, 2.242
[02:44:47] 278.6, 126.5, 2.254
[02:44:48] 286.2, 126.5, 2.249
[02:44:49] 286.2, 126.5, 2.215
[02:44:50] 286.1, 126.6, 2.251
[02:44:51] 286.1, 126.5, 2.253
[02:44:52] 286.2, 126.5, 2.254
[02:44:53] 286.2, 126.5, 2.219
[02:44:54] 286.2, 126.5, 2.256
[02:44:55] 286.2, 126.5, 2.257
[02:44:56] 286.3, 126.5, 2.254
[02:44:57] 286.3, 126.7, 1.102
[02:44:58] 162.6, 126.7, 1.102
[02:44:59] 140.7, 126.7, 1.102
[02:45:00] 140.7, 126.6, 1.107
