<<<[01:32:50] 140.3, 126.9, 1.108
[01:32:51] 140.5, 126.9, 1.117
[01:32:52] 140.7, 126.9, 1.128
[01:32:53] 141.1, 126.9, 1.195
[01:32:54] 148.4, 126.9, 1.265
[01:32:55] 160.6, 126.9, 1.239
[01:32:56] 160.5, 126.8, 1.248
[01:32:57] 160.3, 126.9, 1.235
[01:32:58] 160.0, 126.8, 1.253
[01:32:59] 159.9, 126.9, 1.169
[01:33:00] 150.1, 126.8, 1.176
[01:33:01] 150.0, 126.8, 1.152
[01:33:02] 149.6, 126.8, 1.178
[01:33:03] 149.4, 126.8, 1.173
[01:33:04] 149.6, 126.7, 1.115
[01:33:05] 167.3, 126.8, 1.093
[01:33:06] 140.5, 126.7, 1.091
[01:33:07] 140.4, 126.8, 1.093
[01:33:08] 140.4, 126.7, 1.099
[01:33:09] 140.4, 126.7, 1.112
[01:33:10] 165.6, 126.8, 1.097
[01:33:11] 140.3, 126.8, 1.093
[01:33:12] 140.2, 126.7, 1.093
[01:33:13] 140.2, 126.8, 1.093
[01:33:14] 140.1, 126.8, 1.119
[01:33:15] 165.8, 126.8, 1.095
[01:33:16] 139.9, 126.8, 1.090
[01:33:17] 139.8, 126.8, 1.096
[01:33:18] 139.8, 126.7, 1.095
[01:33:19] 139.8, 126.8, 1.051
[01:33:20] 173.6, 126.8, 1.100
[01:33:21] 134.9, 126.7, 1.093
[01:33:22] 135.5, 126.7, 1.093
[01:33:23] 136.0, 126.8, 1.091
[01:33:24] 136.5, 126.8, 1.045
[01:33:25] 173.1, 126.8, 1.098
[01:33:26] 134.9, 126.7, 1.100
[01:33:27] 140.1, 126.7, 1.091
[01:33:28] 140.0, 126.8, 1.089
[01:33:29] 140.0, 126.7, 0.990
[01:33:30] 188.3, 126.7, 1.088
[01:33:31] 134.5, 126.8, 1.088
[01:33:32] 139.6, 126.8, 1.097
[01:33:33] 139.6, 126.8, 1.098
[01:33:34] 139.6, 126.7, 1.567
[01:33:35] 203.8, 126.8, 1.033
[01:33:36] 133.6, 126.7, 1.092
[01:33:37] 139.6, 126.7, 1.096
[01:33:38] 139.6, 126.7, 1.092
[01:33:39] 139.7, 126.6, 2.179
[01:33:40] 221.8, 126.7, 1.025
[01:33:41] 145.4, 126.7, 1.096
[01:33:42] 139.9, 126.7, 1.094
[01:33:43] 139.8, 126.7, 1.092
[01:33:44] 139.8, 126.4, 2.290
[01:33:45] 184.1, 126.7, 1.489
[01:33:46] 233.0, 126.7, 1.088
[01:33:47] 136.3, 126.7, 1.090
[01:33:48] 136.7, 126.7, 1.088
[01:33:49] 137.1, 126.7, 1.093
[01:33:50] 137.4, 126.5, 2.473
[01:33:51] 210.5, 126.6, 2.209
[01:33:52] 281.3, 126.7, 1.110
[01:33:53] 180.8, 126.7, 1.091
[01:33:54] 139.8, 126.7, 1.093
[01:33:55] 139.8, 126.7, 1.094
[01:33:56] 139.7, 126.7, 1.088
[01:33:57] 139.7, 126.6, 2.216
[01:33:58] 270.5, 126.6, 2.236
[01:33:59] 283.1, 126.6, 2.271
[01:34:00] 288.4, 126.7, 1.073
[01:34:01] 208.2, 126.7, 1.096
[01:34:02] 140.1, 126.7, 1.095
[01:34:03] 140.0, 126.7, 1.094
[01:34:04] 140.0, 126.7, 1.093
[01:34:05] 140.0, 126.6, 2.242
[01:34:06] 248.5, 126.5, 2.209
[01:34:07] 281.9, 126.6, 2.271
[01:34:08] 288.2, 126.5, 2.271
[01:34:09] 288.3, 126.6, 2.275
[01:34:10] 288.3, 126.6, 2.272
[01:34:11] 288.4, 126.7, 1.648
[01:34:12] 260.3, 126.8, 1.099
[01:34:13] 140.7, 126.7, 1.093
[01:34:14] 140.6, 126.8, 1.102
[01:34:15] 140.5, 126.8, 1.095
[01:34:16] 140.5, 126.6, 2.875
[01:34:17] 204.7, 126.6, 2.209
[01:34:18] 281.5, 126.6, 2.270
[01:34:19] 287.5, 126.6, 2.276
[01:34:20] 287.6, 126.6, 2.275
[01:34:21] 287.8, 126.6, 2.279
[01:34:22] 288.0, 126.6, 2.274
[01:34:23] 288.3, 126.6, 2.280
[01:34:24] 288.4, 126.6, 2.278
[01:34:25] 288.6, 126.5, 2.280
[01:34:26] 288.7, 126.6, 2.277
[01:34:27] 288.9, 126.6, 2.277
[01:34:28] 288.9, 126.5, 2.276
[01:34:29] 289.0, 126.7, 1.092
[01:34:30] 177.2, 126.7, 1.096
[01:34:31] 140.1, 126.7, 1.096
[01:34:32] 140.1, 126.7, 1.091
