<<<[22:19:06] 140.2, 125.8, 1.112
[22:19:07] 140.4, 125.7, 1.120
[22:19:08] 140.6, 125.7, 1.125
[22:19:09] 141.0, 125.7, 1.209
[22:19:10] 148.3, 125.7, 1.273
[22:19:11] 159.1, 125.7, 1.270
[22:19:12] 159.3, 125.7, 1.273
[22:19:13] 159.5, 125.7, 1.261
[22:19:14] 159.7, 125.7, 1.240
[22:19:15] 159.5, 125.7, 1.245
[22:19:16] 159.5, 125.7, 1.242
[22:19:17] 159.3, 125.7, 1.241
[22:19:18] 159.2, 125.7, 1.116
[22:19:19] 148.8, 125.7, 1.103
[22:19:20] 139.9, 125.7, 1.104
[22:19:21] 140.0, 125.7, 1.143
[22:19:22] 140.4, 125.7, 1.144
[22:19:23] 146.1, 125.7, 1.390
[22:19:24] 170.0, 125.8, 1.104
[22:19:25] 140.7, 125.7, 1.107
[22:19:26] 140.6, 125.7, 1.113
[22:19:27] 140.6, 125.7, 1.114
[22:19:28] 140.6, 125.7, 1.384
[22:19:29] 166.9, 125.7, 1.106
[22:19:30] 140.7, 125.7, 1.110
[22:19:31] 140.7, 125.7, 1.106
[22:19:32] 140.6, 125.7, 1.104
[22:19:33] 140.6, 125.7, 1.387
[22:19:34] 177.2, 125.7, 1.039
[22:19:35] 133.1, 125.7, 1.108
[22:19:36] 140.7, 125.7, 1.107
[22:19:37] 140.6, 125.7, 1.099
[22:19:38] 140.6, 125.6, 1.379
[22:19:39] 176.9, 125.7, 1.048
[22:19:40] 133.6, 125.7, 1.115
[22:19:41] 140.5, 125.7, 1.114
[22:19:42] 140.5, 125.7, 1.100
[22:19:43] 140.5, 125.7, 1.362
[22:19:44] 176.3, 125.7, 1.042
[22:19:45] 133.1, 125.6, 1.107
[22:19:46] 140.5, 125.6, 1.106
[22:19:47] 140.4, 125.6, 1.102
[22:19:48] 140.4, 125.5, 1.977
[22:19:49] 192.4, 125.5, 1.041
[22:19:50] 131.1, 125.5, 1.119
[22:19:51] 139.8, 125.6, 1.114
[22:19:52] 139.8, 125.6, 1.108
[22:19:53] 139.9, 125.4, 3.525
[22:19:54] 187.4, 125.6, 1.001
[22:19:55] 175.6, 125.6, 1.101
[22:19:56] 137.6, 125.6, 1.106
[22:19:57] 137.9, 125.7, 1.109
[22:19:58] 138.2, 125.7, 1.104
[22:19:59] 138.5, 125.6, 2.024
[22:20:00] 253.8, 125.6, 1.089
[22:20:01] 155.9, 125.7, 1.104
[22:20:02] 140.7, 125.7, 1.114
[22:20:03] 140.7, 125.7, 1.106
[22:20:04] 140.6, 125.7, 1.107
[22:20:05] 157.7, 125.6, 2.027
[22:20:06] 259.0, 125.7, 1.608
[22:20:07] 233.5, 125.7, 1.106
[22:20:08] 138.1, 125.7, 1.115
[22:20:09] 138.4, 125.7, 1.115
[22:20:10] 138.6, 125.7, 1.095
[22:20:11] 138.9, 125.6, 2.221
[22:20:12] 204.2, 125.6, 2.024
[22:20:13] 256.3, 125.6, 2.088
[22:20:14] 262.5, 125.6, 2.049
[22:20:15] 252.2, 125.7, 1.114
[22:20:16] 149.9, 125.7, 1.107
[22:20:17] 140.5, 125.8, 1.105
[22:20:18] 140.5, 125.8, 1.106
[22:20:19] 140.5, 125.6, 2.710
[22:20:20] 180.5, 125.6, 2.024
[22:20:21] 253.4, 125.6, 2.085
[22:20:22] 260.7, 125.6, 2.086
[22:20:23] 261.0, 125.6, 2.088
[22:20:24] 261.3, 125.6, 2.089
[22:20:25] 261.6, 125.6, 2.089
[22:20:26] 261.9, 125.8, 1.074
[22:20:27] 191.9, 125.8, 1.107
[22:20:28] 140.5, 125.7, 1.112
[22:20:29] 140.5, 125.8, 1.110
[22:20:30] 140.5, 125.8, 1.116
[22:20:31] 140.5, 125.6, 2.052
[22:20:32] 239.1, 125.6, 2.025
[22:20:33] 257.2, 125.6, 2.086
[22:20:34] 263.4, 125.6, 2.087
[22:20:35] 263.4, 125.6, 2.090
[22:20:36] 263.5, 125.6, 2.091
[22:20:37] 263.5, 125.6, 2.090
[22:20:38] 263.6, 125.6, 2.091
[22:20:39] 263.6, 125.6, 2.091
[22:20:40] 263.7, 125.7, 2.090
[22:20:41] 263.7, 125.6, 2.091
[22:20:42] 263.7, 125.6, 2.090
[22:20:43] 263.8, 125.6, 2.093
[22:20:44] 263.9, 125.7, 1.113
[22:20:45] 165.6, 125.7, 1.119
[22:20:46] 141.2, 125.7, 1.110
[22:20:47] 141.1, 125.7, 1.105
