<<<[15:02:03] 141.2, 125.0, 1.124
[15:02:04] 141.2, 125.0, 1.134
[15:02:05] 141.3, 125.0, 1.148
[15:02:06] 141.6, 125.0, 1.174
[15:02:07] 147.0, 125.0, 1.276
[15:02:08] 159.1, 125.0, 1.257
[15:02:09] 158.9, 125.0, 1.223
[15:02:10] 158.7, 125.0, 1.248
[15:02:11] 158.5, 125.0, 1.248
[15:02:12] 158.0, 125.0, 1.191
[15:02:13] 148.8, 125.0, 1.186
[15:02:14] 148.8, 125.1, 1.187
[15:02:15] 148.9, 125.1, 1.185
[15:02:16] 149.0, 125.0, 1.719
[15:02:17] 173.2, 125.1, 1.121
[15:02:18] 141.4, 125.1, 1.131
[15:02:19] 141.4, 125.1, 1.126
[15:02:20] 141.5, 125.1, 1.127
[15:02:21] 141.5, 125.0, 1.730
[15:02:22] 167.6, 125.1, 1.120
[15:02:23] 141.2, 125.1, 1.124
[15:02:24] 141.1, 125.1, 1.121
[15:02:25] 141.1, 125.1, 1.116
[15:02:26] 141.1, 125.0, 2.392
[15:02:27] 178.3, 125.1, 1.057
[15:02:28] 134.1, 125.1, 1.119
[15:02:29] 139.4, 125.0, 1.120
[15:02:30] 139.5, 125.0, 1.118
[15:02:31] 139.7, 124.9, 2.600
[15:02:32] 178.3, 125.0, 1.062
[15:02:33] 134.3, 125.0, 1.127
[15:02:34] 139.4, 125.1, 1.117
[15:02:35] 139.6, 125.1, 1.116
[15:02:36] 139.7, 124.9, 3.283
[15:02:37] 180.1, 125.1, 1.054
[15:02:38] 133.4, 125.1, 1.117
[15:02:39] 138.9, 125.1, 1.117
[15:02:40] 139.1, 125.0, 1.115
[15:02:41] 139.2, 124.9, 2.956
[15:02:42] 182.8, 125.2, 1.056
[15:02:43] 145.2, 125.1, 1.119
[15:02:44] 138.1, 125.1, 1.114
[15:02:45] 138.3, 125.1, 1.119
[15:02:46] 138.6, 125.0, 1.122
[15:02:47] 151.2, 125.1, 1.042
[15:02:48] 205.8, 125.1, 1.117
[15:02:49] 136.3, 125.1, 1.116
[15:02:50] 136.8, 125.1, 1.120
[15:02:51] 137.3, 125.1, 1.124
[15:02:52] 137.7, 124.9, 2.219
[15:02:53] 247.3, 125.0, 1.057
[15:02:54] 148.3, 125.0, 1.115
[15:02:55] 140.8, 125.0, 1.117
[15:02:56] 140.8, 125.0, 1.122
[15:02:57] 140.8, 125.0, 1.114
[15:02:58] 140.8, 124.9, 2.183
[15:02:59] 289.3, 125.0, 1.127
[15:03:00] 204.9, 125.0, 1.116
[15:03:01] 140.7, 125.0, 1.115
[15:03:02] 140.7, 125.0, 1.119
[15:03:03] 140.7, 125.0, 1.117
[15:03:04] 140.7, 124.9, 2.213
[15:03:05] 241.1, 124.9, 2.184
[15:03:06] 274.1, 124.9, 2.246
[15:03:07] 282.0, 125.0, 1.141
[15:03:08] 175.4, 124.9, 1.128
[15:03:09] 140.8, 125.0, 1.125
[15:03:10] 140.8, 124.9, 1.119
[15:03:11] 140.8, 125.0, 1.116
[15:03:12] 140.7, 124.9, 2.181
[15:03:13] 279.0, 124.8, 2.254
[15:03:14] 278.7, 124.8, 2.248
[15:03:15] 279.1, 124.8, 2.245
[15:03:16] 279.4, 124.8, 2.248
[15:03:17] 279.7, 124.9, 1.655
[15:03:18] 235.2, 125.0, 1.125
[15:03:19] 140.7, 125.0, 1.120
[15:03:20] 140.7, 125.0, 1.121
[15:03:21] 140.8, 124.9, 1.115
[15:03:22] 140.7, 124.8, 2.185
[15:03:23] 222.1, 124.9, 2.183
[15:03:24] 274.1, 124.9, 2.244
[15:03:25] 281.1, 124.9, 2.249
[15:03:26] 281.1, 124.9, 2.248
[15:03:27] 281.3, 124.9, 2.247
[15:03:28] 281.3, 124.9, 2.247
[15:03:29] 281.4, 125.0, 2.250
[15:03:30] 281.5, 125.0, 2.249
[15:03:31] 281.6, 125.0, 2.248
[15:03:32] 281.7, 125.0, 2.249
[15:03:33] 281.9, 125.2, 1.146
[15:03:34] 193.0, 125.1, 1.129
[15:03:35] 141.6, 125.1, 1.122
[15:03:36] 141.5, 125.1, 1.117
