<<<[23:35:11] 141.2, 125.9, 1.111
[23:35:12] 141.2, 126.0, 1.112
[23:35:13] 141.2, 126.0, 1.122
[23:35:14] 141.5, 125.9, 1.102
[23:35:15] 141.4, 125.9, 1.100
[23:35:16] 141.3, 126.0, 1.123
[23:35:17] 141.3, 126.0, 1.137
[23:35:18] 141.5, 125.9, 1.138
[23:35:19] 141.8, 125.9, 1.139
[23:35:20] 168.5, 126.0, 1.114
[23:35:21] 142.7, 126.0, 1.113
[23:35:22] 142.5, 126.0, 1.107
[23:35:23] 142.4, 126.1, 1.111
[23:35:24] 142.2, 126.0, 1.130
[23:35:25] 168.2, 126.0, 1.113
[23:35:26] 141.6, 126.0, 1.113
[23:35:27] 141.6, 126.0, 1.109
[23:35:28] 141.5, 125.9, 1.109
[23:35:29] 141.4, 126.0, 1.126
[23:35:30] 168.4, 126.0, 1.103
[23:35:31] 140.7, 126.0, 1.106
[23:35:32] 140.7, 126.0, 1.101
[23:35:33] 140.6, 126.0, 1.109
[23:35:34] 140.6, 126.0, 1.128
[23:35:35] 168.2, 126.0, 1.107
[23:35:36] 140.7, 126.0, 1.105
[23:35:37] 140.6, 126.0, 1.101
[23:35:38] 140.5, 126.0, 1.107
[23:35:39] 140.5, 126.0, 1.115
[23:35:40] 167.5, 125.9, 1.103
[23:35:41] 140.1, 126.0, 1.101
[23:35:42] 140.0, 125.9, 1.101
[23:35:43] 140.0, 126.0, 1.095
[23:35:44] 140.0, 125.9, 1.121
[23:35:45] 167.5, 125.9, 1.107
[23:35:46] 140.1, 126.0, 1.105
[23:35:47] 140.0, 125.9, 1.093
[23:35:48] 139.9, 125.9, 1.099
[23:35:49] 139.9, 126.0, 1.117
[23:35:50] 167.1, 126.0, 1.102
[23:35:51] 139.6, 126.0, 1.102
[23:35:52] 139.5, 126.0, 1.092
[23:35:53] 139.6, 126.0, 1.103
[23:35:54] 139.6, 126.0, 1.110
[23:35:55] 167.5, 126.0, 1.098
[23:35:56] 139.4, 125.9, 1.106
[23:35:57] 139.4, 125.9, 1.100
[23:35:58] 139.4, 125.9, 1.096
[23:35:59] 139.4, 126.0, 1.107
[23:36:00] 166.5, 126.0, 1.095
[23:36:01] 139.4, 126.0, 1.106
[23:36:02] 139.4, 126.0, 1.095
[23:36:03] 139.4, 126.0, 1.101
[23:36:04] 139.4, 126.0, 1.107
[23:36:05] 166.4, 126.0, 1.097
[23:36:06] 139.6, 126.0, 1.095
[23:36:07] 139.5, 126.0, 1.096
[23:36:08] 139.5, 126.0, 1.091
[23:36:09] 139.5, 126.0, 1.040
[23:36:10] 173.1, 126.0, 1.069
[23:36:11] 133.2, 126.0, 1.097
[23:36:12] 139.2, 126.0, 1.102
[23:36:13] 139.2, 126.0, 1.100
[23:36:14] 139.3, 126.0, 1.166
[23:36:15] 184.3, 126.0, 1.039
[23:36:16] 133.6, 126.0, 1.095
[23:36:17] 138.9, 126.0, 1.094
[23:36:18] 138.9, 126.1, 1.093
[23:36:19] 139.0, 126.0, 1.616
[23:36:20] 195.9, 126.0, 1.032
[23:36:21] 130.3, 126.0, 1.102
[23:36:22] 139.2, 126.1, 1.096
[23:36:23] 139.2, 126.1, 1.106
[23:36:24] 139.3, 126.0, 1.809
[23:36:25] 193.2, 126.0, 1.041
[23:36:26] 150.6, 126.0, 1.098
[23:36:27] 139.0, 126.0, 1.101
[23:36:28] 139.0, 125.9, 1.090
[23:36:29] 139.0, 125.9, 1.092
[23:36:30] 158.0, 125.9, 1.698
[23:36:31] 216.7, 126.0, 1.100
[23:36:32] 141.0, 126.0, 1.098
[23:36:33] 140.7, 126.0, 1.104
[23:36:34] 140.6, 126.1, 1.098
[23:36:35] 140.5, 125.8, 2.871
[23:36:36] 174.3, 126.0, 1.727
[23:36:37] 216.7, 126.1, 1.247
[23:36:38] 192.6, 126.1, 1.112
[23:36:39] 140.8, 126.1, 1.096
[23:36:40] 116.2, 126.0, 1.099
[23:36:41] 139.0, 126.0, 1.098
[23:36:42] 139.0, 126.0, 1.733
[23:36:43] 197.1, 125.9, 1.726
[23:36:44] 218.7, 126.0, 1.789
[23:36:45] 225.9, 125.9, 1.790
[23:36:46] 225.6, 126.0, 1.099
[23:36:47] 146.1, 126.0, 1.092
[23:36:48] 139.6, 126.0, 1.093
[23:36:49] 139.5, 126.0, 1.100
[23:36:50] 139.5, 126.0, 1.103
[23:36:51] 170.0, 125.9, 1.731
[23:36:52] 216.1, 126.0, 1.789
[23:36:53] 223.0, 125.9, 1.793
[23:36:54] 223.4, 126.0, 1.791
[23:36:55] 223.9, 126.0, 1.793
[23:36:56] 224.2, 126.0, 1.790
[23:36:57] 224.6, 126.0, 1.613
[23:36:58] 215.1, 126.0, 1.097
[23:36:59] 137.4, 126.0, 1.096
[23:37:00] 137.6, 126.0, 1.092
[23:37:01] 137.8, 126.1, 1.107
[23:37:02] 138.1, 125.9, 2.515
[23:37:03] 184.8, 125.9, 1.728
[23:37:04] 219.8, 125.9, 1.793
[23:37:05] 225.4, 125.9, 1.796
[23:37:06] 225.6, 126.0, 1.794
[23:37:07] 225.8, 125.9, 1.796
[23:37:08] 226.0, 125.9, 1.798
[23:37:09] 226.2, 125.9, 1.798
[23:37:10] 226.3, 125.9, 1.799
[23:37:11] 226.5, 125.9, 1.801
[23:37:12] 226.6, 125.9, 1.799
[23:37:13] 226.8, 125.9, 1.800
[23:37:14] 226.9, 125.8, 1.801
[23:37:15] 227.0, 125.9, 1.802
[23:37:16] 227.2, 125.9, 1.104
[23:37:17] 150.3, 125.9, 1.100
[23:37:18] 139.9, 125.9, 1.102
[23:37:19] 139.8, 125.9, 1.101
[23:37:20] 139.8, 126.0, 1.100
