<<<[21:33:03] 141.2, 125.5, 1.126
[21:33:04] 141.3, 125.4, 1.132
[21:33:05] 141.6, 125.5, 1.150
[21:33:06] 142.2, 125.5, 1.280
[21:33:07] 159.9, 125.5, 1.280
[21:33:08] 160.0, 125.5, 1.272
[21:33:09] 160.1, 125.5, 1.261
[21:33:10] 160.0, 125.5, 1.274
[21:33:11] 159.9, 125.5, 1.270
[21:33:12] 160.1, 125.5, 1.277
[21:33:13] 160.1, 125.5, 1.275
[21:33:14] 160.3, 125.5, 1.254
[21:33:15] 160.2, 125.5, 1.278
[21:33:16] 160.4, 125.5, 1.221
[21:33:17] 160.2, 125.5, 1.261
[21:33:18] 160.3, 125.5, 1.243
[21:33:19] 160.3, 125.4, 1.273
[21:33:20] 160.1, 125.5, 1.275
[21:33:21] 160.2, 125.5, 1.281
[21:33:22] 160.1, 125.5, 1.255
[21:33:23] 160.1, 125.5, 1.275
[21:33:24] 160.2, 125.5, 1.275
[21:33:25] 160.4, 125.5, 1.247
[21:33:26] 160.3, 125.5, 1.239
[21:33:27] 160.1, 125.5, 1.262
[21:33:28] 159.9, 125.5, 1.277
[21:33:29] 159.7, 125.5, 1.308
[21:33:30] 159.9, 125.6, 1.241
[21:33:31] 159.8, 125.5, 1.241
[21:33:32] 159.6, 125.5, 1.254
[21:33:33] 159.5, 125.5, 1.257
[21:33:34] 159.4, 125.5, 1.294
[21:33:35] 159.9, 125.5, 1.236
[21:33:36] 159.7, 125.5, 1.255
[21:33:38] 159.5, 125.5, 1.236
[21:33:45] 159.1, 125.5, 1.263
wattsup: [error] Reading final time stamp: Bad address
[21:33:52] 166.0, 125.5, 1.101
wattsup: [error] Reading final time stamp: Bad address
[21:33:59] 135.5, 125.5, 1.103
[21:34:06] 136.9, 125.4, 1.064
[21:34:08] 135.4, 125.5, 1.105
[21:34:09] 135.9, 125.5, 1.104
[21:34:10] 136.4, 125.5, 1.007
[21:34:11] 194.4, 125.4, 1.069
[21:34:12] 133.6, 125.5, 1.102
[21:34:13] 139.4, 125.5, 1.107
[21:34:14] 139.4, 125.4, 1.106
[21:34:15] 139.4, 125.4, 2.084
[21:34:16] 227.7, 125.5, 1.041
[21:34:17] 131.6, 125.5, 1.107
[21:34:18] 140.1, 125.5, 1.105
[21:34:19] 140.0, 125.5, 1.100
[21:34:20] 139.9, 125.3, 3.618
[21:34:21] 191.9, 125.5, 1.456
[21:34:22] 232.1, 125.6, 1.102
[21:34:23] 137.0, 125.6, 1.100
[21:34:24] 137.3, 125.6, 1.099
[21:34:25] 137.6, 125.6, 1.103
[21:34:26] 137.8, 125.4, 2.336
[21:34:27] 222.1, 125.4, 2.298
[21:34:28] 289.8, 125.6, 1.117
[21:34:29] 175.4, 125.6, 1.104
[21:34:30] 139.9, 125.5, 1.101
[21:34:31] 139.8, 125.6, 1.102
[21:34:32] 139.8, 125.6, 1.098
[21:34:33] 139.8, 125.4, 2.296
[21:34:34] 287.3, 125.4, 2.358
[21:34:35] 292.5, 125.4, 2.364
[21:34:36] 297.6, 125.5, 1.061
[21:34:37] 202.8, 125.5, 1.106
[21:34:38] 139.8, 125.5, 1.101
[21:34:39] 139.7, 125.5, 1.101
[21:34:40] 139.7, 125.5, 1.104
[21:34:41] 139.6, 125.3, 2.324
[21:34:42] 266.8, 125.4, 2.304
[21:34:43] 291.6, 125.4, 2.365
[21:34:44] 297.8, 125.3, 2.361
[21:34:45] 297.8, 125.3, 2.372
[21:34:46] 297.7, 125.4, 2.363
[21:34:47] 297.6, 125.4, 1.586
[21:34:48] 242.4, 125.5, 1.100
[21:34:49] 139.8, 125.5, 1.108
[21:34:50] 139.8, 125.5, 1.104
[21:34:51] 139.8, 125.5, 1.108
[21:34:52] 139.8, 125.4, 2.333
[21:34:53] 224.8, 125.4, 2.302
[21:34:54] 290.2, 125.4, 2.363
[21:34:55] 297.1, 125.4, 2.366
[21:34:56] 297.2, 125.4, 2.366
[21:34:57] 297.3, 125.4, 2.367
[21:34:58] 297.4, 125.4, 2.367
[21:34:59] 297.5, 125.4, 2.369
[21:35:00] 297.5, 125.4, 2.368
[21:35:01] 297.6, 125.3, 2.370
[21:35:02] 297.8, 125.3, 2.371
[21:35:03] 297.8, 125.4, 2.371
[21:35:04] 297.9, 125.4, 2.371
[21:35:05] 298.0, 125.6, 1.114
[21:35:06] 150.8, 125.6, 1.107
[21:35:07] 140.3, 125.6, 1.102
[21:35:08] 140.2, 125.5, 1.100
[21:35:09] 140.1, 125.5, 1.106
