<<<[19:31:49] 144.1, 125.9, 1.124
[19:31:50] 143.7, 125.9, 1.121
[19:31:51] 143.5, 125.9, 1.128
[19:31:52] 143.4, 125.9, 1.156
[19:31:53] 143.6, 125.9, 1.122
[19:31:54] 143.3, 126.0, 1.125
[19:31:55] 143.3, 125.9, 1.124
[19:31:56] 143.2, 126.0, 1.139
<<<[19:52:32] 140.7, 126.0, 1.118
[19:52:33] 140.9, 125.9, 1.138
[19:52:34] 141.2, 126.0, 1.145
[19:52:35] 141.6, 126.0, 1.123
[19:52:36] 141.9, 125.9, 1.128
[19:52:37] 142.1, 125.9, 1.130
[19:52:38] 142.3, 125.9, 1.137
[19:52:39] 142.6, 125.9, 1.161
