<<<[08:39:22] 142.5, 125.5, 1.127
[08:39:23] 142.4, 125.5, 1.109
[08:39:24] 142.2, 125.5, 1.116
[08:39:25] 142.3, 125.4, 1.134
[08:39:26] 148.4, 125.5, 1.118
[08:39:27] 141.9, 125.5, 1.117
[08:39:28] 141.7, 125.5, 1.117
[08:39:29] 141.7, 125.4, 1.124
[08:39:30] 141.8, 125.4, 1.566
[08:39:31] 169.6, 125.5, 1.112
[08:39:32] 141.2, 125.5, 1.111
[08:39:33] 141.2, 125.5, 1.114
[08:39:34] 141.2, 125.5, 1.110
[08:39:35] 141.2, 125.5, 1.552
[08:39:36] 168.2, 125.6, 1.130
[08:39:37] 142.3, 125.6, 1.128
[08:39:38] 142.3, 125.6, 1.124
[08:39:39] 142.4, 125.5, 1.106
[08:39:40] 142.2, 125.5, 1.554
[08:39:41] 167.6, 125.6, 1.105
[08:39:42] 141.0, 125.6, 1.115
[08:39:43] 140.9, 125.6, 1.110
[08:39:44] 141.0, 125.6, 1.116
[08:39:45] 141.1, 125.5, 1.564
[08:39:46] 168.0, 125.6, 1.106
[08:39:47] 140.7, 125.7, 1.105
[08:39:48] 140.6, 125.6, 1.111
[08:39:49] 140.6, 125.6, 1.109
[08:39:50] 140.6, 125.6, 1.602
[08:39:51] 167.1, 125.6, 1.108
[08:39:52] 140.5, 125.7, 1.113
[08:39:53] 140.4, 125.6, 1.114
[08:39:54] 140.4, 125.6, 1.112
[08:39:55] 140.4, 125.5, 1.570
[08:39:56] 166.7, 125.5, 1.101
[08:39:57] 139.9, 125.5, 1.102
[08:39:58] 139.8, 125.5, 1.110
[08:39:59] 139.8, 125.5, 1.108
[08:40:00] 139.9, 125.5, 1.569
[08:40:01] 166.5, 125.5, 1.110
[08:40:02] 139.9, 125.5, 1.108
[08:40:03] 139.9, 125.5, 1.103
[08:40:04] 139.9, 125.5, 1.099
[08:40:05] 139.9, 125.4, 1.575
[08:40:06] 165.6, 125.5, 1.104
[08:40:07] 140.1, 125.5, 1.098
[08:40:08] 140.0, 125.5, 1.094
[08:40:09] 139.9, 125.6, 1.100
[08:40:10] 139.9, 125.5, 1.536
[08:40:11] 175.4, 125.6, 1.034
[08:40:12] 131.6, 125.6, 1.106
[08:40:13] 139.8, 125.7, 1.101
[08:40:14] 139.8, 125.7, 1.100
[08:40:15] 139.8, 125.6, 1.714
[08:40:16] 187.5, 125.7, 1.040
[08:40:17] 132.0, 125.7, 1.101
[08:40:18] 139.0, 125.6, 1.103
[08:40:19] 139.1, 125.6, 1.094
[08:40:20] 139.1, 125.6, 2.583
[08:40:21] 184.1, 125.6, 1.033
[08:40:22] 145.6, 125.6, 1.103
[08:40:23] 138.1, 125.6, 1.100
[08:40:24] 138.3, 125.6, 1.096
[08:40:25] 138.5, 125.6, 1.102
[08:40:26] 170.5, 125.6, 1.007
[08:40:27] 179.8, 125.5, 1.097
[08:40:28] 136.3, 125.5, 1.100
[08:40:29] 136.7, 125.5, 1.106
[08:40:30] 137.1, 125.6, 1.104
[08:40:31] 137.4, 125.5, 1.865
[08:40:32] 219.0, 125.6, 1.064
[08:40:33] 166.5, 125.6, 1.104
[08:40:34] 139.9, 125.6, 1.099
[08:40:35] 139.9, 125.6, 1.105
[08:40:36] 139.8, 125.6, 1.099
[08:40:37] 139.7, 125.6, 1.842
[08:40:38] 228.1, 125.6, 1.856
[08:40:39] 228.6, 125.7, 1.093
[08:40:40] 152.8, 125.6, 1.093
[08:40:41] 139.4, 125.7, 1.106
[08:40:42] 139.4, 125.6, 1.109
[08:40:43] 139.4, 125.6, 1.104
[08:40:44] 145.9, 125.5, 1.831
[08:40:45] 242.6, 125.4, 1.898
[08:40:46] 234.4, 125.5, 1.894
[08:40:47] 234.9, 125.6, 1.614
[08:40:48] 211.8, 125.6, 1.106
[08:40:49] 139.8, 125.6, 1.099
[08:40:50] 139.7, 125.5, 1.097
[08:40:51] 139.7, 125.6, 1.096
[08:40:52] 139.7, 125.5, 1.942
[08:40:53] 197.1, 125.5, 1.830
[08:40:54] 231.4, 125.5, 1.894
[08:40:55] 237.9, 125.5, 1.893
[08:40:56] 238.0, 125.5, 1.893
[08:40:57] 238.1, 125.5, 1.893
[08:40:58] 238.2, 125.5, 1.894
[08:40:59] 238.3, 125.6, 1.660
[08:41:00] 228.6, 125.7, 1.103
[08:41:01] 140.7, 125.7, 1.103
[08:41:02] 140.5, 125.6, 1.102
[08:41:03] 140.5, 125.7, 1.097
[08:41:04] 140.4, 125.6, 2.862
[08:41:05] 185.9, 125.6, 1.828
[08:41:06] 231.5, 125.6, 1.891
[08:41:07] 236.6, 125.5, 1.894
[08:41:08] 236.9, 125.6, 1.895
[08:41:09] 237.1, 125.6, 1.897
[08:41:10] 237.4, 125.6, 1.897
[08:41:11] 237.7, 125.6, 1.898
[08:41:12] 237.9, 125.6, 1.899
[08:41:13] 238.1, 125.6, 1.897
[08:41:14] 238.3, 125.6, 1.896
[08:41:15] 238.5, 125.5, 1.899
[08:41:16] 238.6, 125.6, 1.894
[08:41:17] 238.7, 125.5, 1.896
[08:41:18] 238.8, 125.6, 1.896
[08:41:19] 232.8, 125.7, 1.104
[08:41:20] 137.8, 125.7, 1.111
[08:41:21] 138.0, 125.7, 1.122
[08:41:22] 138.5, 125.7, 1.112
[08:41:23] 138.8, 125.7, 1.109
