<<<[14:47:18] 145.0, 125.2, 1.126
[14:47:19] 144.6, 125.2, 1.132
[14:47:20] 144.4, 125.2, 1.143
[14:47:21] 144.3, 125.2, 1.262
[14:47:22] 151.0, 125.2, 1.262
[14:47:23] 158.9, 125.2, 1.261
[14:47:24] 158.9, 125.2, 1.266
[14:47:25] 158.8, 125.3, 1.255
[14:47:26] 158.9, 125.2, 1.246
[14:47:27] 158.8, 125.2, 1.247
[14:47:28] 158.6, 125.2, 1.243
[14:47:29] 158.4, 125.2, 1.246
[14:47:30] 158.3, 125.3, 1.241
[14:47:31] 158.2, 125.2, 1.239
[14:47:32] 158.0, 125.3, 1.250
[14:47:33] 158.0, 125.3, 1.245
[14:47:34] 157.8, 125.3, 1.242
[14:47:35] 157.7, 125.2, 1.255
[14:47:36] 158.0, 125.3, 1.247
[14:47:37] 157.8, 125.3, 1.175
[14:47:38] 151.2, 125.3, 1.181
[14:47:39] 150.8, 125.3, 1.181
[14:47:40] 150.6, 125.2, 1.180
[14:47:41] 150.5, 125.2, 1.180
[14:47:42] 150.3, 125.2, 1.062
[14:47:43] 180.3, 125.2, 1.063
[14:47:44] 134.1, 125.2, 1.135
[14:47:45] 141.6, 125.2, 1.137
[14:47:46] 141.6, 125.3, 1.115
[14:47:47] 141.6, 125.3, 1.086
[14:47:48] 177.6, 125.3, 1.040
[14:47:49] 134.1, 125.2, 1.122
[14:47:50] 141.4, 125.3, 1.109
[14:47:51] 141.4, 125.3, 1.109
[14:47:52] 141.3, 125.2, 1.616
[14:47:53] 191.5, 125.3, 1.046
[14:47:54] 132.0, 125.2, 1.108
[14:47:55] 141.4, 125.3, 1.123
[14:47:56] 141.4, 125.3, 1.131
[14:47:57] 141.4, 125.2, 1.847
[14:47:58] 199.3, 125.3, 1.057
[14:47:59] 136.3, 125.3, 1.105
[14:48:00] 136.7, 125.2, 1.126
[14:48:01] 137.3, 125.3, 1.111
[14:48:02] 137.8, 125.0, 3.397
[14:48:03] 183.2, 125.2, 1.075
[14:48:04] 189.0, 125.2, 1.108
[14:48:05] 138.3, 125.2, 1.102
[14:48:06] 138.6, 125.1, 1.104
[14:48:07] 138.9, 125.2, 1.105
[14:48:08] 139.2, 125.1, 1.992
[14:48:09] 228.8, 125.3, 1.083
[14:48:10] 195.7, 125.3, 1.112
[14:48:11] 141.2, 125.3, 1.108
[14:48:12] 141.1, 125.2, 1.132
[14:48:13] 141.1, 125.2, 1.112
[14:48:14] 141.2, 125.1, 1.951
[14:48:15] 219.9, 125.1, 1.958
[14:48:16] 246.0, 125.2, 1.617
[14:48:17] 226.5, 125.3, 1.104
[14:48:18] 139.9, 125.3, 1.104
[14:48:19] 140.0, 125.3, 1.104
[14:48:20] 140.2, 125.2, 1.138
[14:48:21] 140.4, 125.1, 2.462
[14:48:22] 199.0, 125.1, 1.956
[14:48:23] 246.9, 125.1, 2.022
[14:48:24] 252.5, 125.1, 2.023
[14:48:25] 252.7, 125.0, 2.024
[14:48:26] 252.8, 125.2, 1.120
[14:48:27] 157.1, 125.2, 1.136
[14:48:28] 141.6, 125.2, 1.102
[14:48:29] 141.5, 125.2, 1.102
[14:48:30] 141.5, 125.2, 1.105
[14:48:31] 148.8, 125.1, 1.959
[14:48:32] 258.1, 125.1, 2.025
[14:48:33] 249.8, 125.1, 2.022
[14:48:34] 250.3, 125.1, 2.020
[14:48:35] 250.8, 125.1, 2.021
[14:48:36] 251.2, 125.1, 2.022
[14:48:37] 251.6, 125.1, 2.022
[14:48:38] 251.9, 125.2, 2.023
[14:48:39] 252.2, 125.2, 1.794
[14:48:40] 240.6, 125.3, 1.110
[14:48:41] 145.6, 125.3, 1.105
[14:48:42] 145.0, 125.3, 1.109
[14:48:43] 144.6, 125.2, 1.109
[14:48:44] 144.1, 125.0, 3.344
[14:48:45] 187.0, 125.1, 1.958
[14:48:46] 246.0, 125.1, 2.022
[14:48:47] 252.0, 125.1, 2.024
[14:48:48] 252.2, 125.1, 2.025
[14:48:49] 252.5, 125.1, 2.024
[14:48:50] 252.7, 125.1, 2.026
[14:48:51] 252.9, 125.1, 2.026
[14:48:52] 253.2, 125.1, 2.025
[14:48:53] 253.3, 125.1, 2.027
[14:48:54] 253.5, 125.1, 2.028
[14:48:55] 253.7, 125.1, 2.028
[14:48:56] 253.9, 125.1, 2.029
[14:48:57] 254.0, 125.1, 2.029
[14:48:58] 254.1, 125.1, 2.031
[14:48:59] 254.2, 125.1, 2.031
[14:49:00] 254.3, 125.1, 2.030
[14:49:01] 254.5, 125.1, 2.030
[14:49:02] 254.5, 125.2, 1.131
[14:49:03] 168.5, 125.2, 1.132
[14:49:04] 141.8, 125.2, 1.119
[14:49:05] 141.7, 125.2, 1.124
