<<<[19:00:53] 140.4, 125.8, 1.131
[19:00:54] 140.7, 125.8, 1.129
[19:00:55] 141.0, 125.8, 1.134
[19:00:56] 141.2, 125.8, 1.233
[19:00:57] 152.4, 125.8, 1.271
[19:00:58] 159.5, 125.8, 1.269
[19:00:59] 159.7, 125.9, 1.279
[19:01:00] 159.8, 125.9, 1.273
[19:01:01] 159.9, 125.9, 1.265
[19:01:02] 159.8, 125.9, 1.243
[19:01:03] 159.8, 125.9, 1.241
[19:01:04] 159.6, 125.9, 1.252
[19:01:05] 159.4, 125.9, 1.238
[19:01:06] 159.0, 125.9, 1.226
[19:01:07] 158.9, 125.9, 1.234
[19:01:08] 158.7, 125.8, 1.240
[19:01:09] 158.5, 125.8, 1.272
[19:01:10] 158.5, 125.8, 1.238
[19:01:11] 158.4, 125.8, 1.239
[19:01:12] 158.3, 125.7, 1.238
[19:01:13] 158.2, 125.8, 1.240
[19:01:14] 158.1, 125.7, 1.239
[19:01:15] 158.0, 125.8, 1.235
[19:01:16] 157.9, 125.8, 1.238
[19:01:17] 157.8, 125.9, 1.239
[19:01:18] 157.7, 125.9, 1.258
[19:01:19] 158.1, 125.9, 1.245
[19:01:20] 158.1, 125.9, 1.154
[19:01:21] 144.5, 125.8, 1.172
[19:01:22] 144.9, 125.7, 1.180
[19:01:23] 145.4, 125.7, 1.173
[19:01:24] 145.8, 125.8, 1.176
[19:01:25] 171.4, 125.8, 1.061
[19:01:26] 152.2, 125.8, 1.096
[19:01:27] 136.3, 125.8, 1.107
[19:01:28] 136.7, 125.8, 1.109
[19:01:29] 137.1, 125.7, 1.103
[19:01:30] 161.1, 125.8, 1.054
[19:01:31] 155.3, 125.8, 1.099
[19:01:32] 135.8, 125.7, 1.101
[19:01:33] 136.3, 125.7, 1.102
[19:01:34] 136.7, 125.7, 1.099
[19:01:35] 142.7, 125.8, 1.053
[19:01:36] 174.3, 125.8, 1.093
[19:01:37] 135.2, 125.8, 1.106
[19:01:38] 140.3, 125.8, 1.100
[19:01:39] 140.2, 125.9, 1.103
[19:01:40] 140.2, 125.9, 1.009
[19:01:41] 193.7, 125.9, 1.104
[19:01:42] 134.7, 125.8, 1.099
[19:01:43] 139.9, 125.8, 1.089
[19:01:44] 139.8, 125.8, 1.094
[19:01:45] 139.8, 125.8, 1.519
[19:01:46] 229.9, 125.9, 1.044
[19:01:47] 131.3, 125.9, 1.094
[19:01:48] 139.9, 125.9, 1.098
[19:01:49] 139.8, 125.9, 1.097
[19:01:50] 139.8, 125.8, 2.437
[19:01:51] 226.3, 125.9, 0.997
[19:01:52] 185.4, 125.9, 1.105
[19:01:53] 138.5, 125.9, 1.104
[19:01:54] 138.6, 125.9, 1.108
[19:01:55] 138.8, 125.9, 1.094
[19:01:56] 138.9, 125.8, 2.354
[19:01:57] 284.4, 125.9, 1.397
[19:01:58] 225.6, 125.9, 1.095
[19:01:59] 140.3, 125.9, 1.098
[19:02:00] 140.2, 125.9, 1.093
[19:02:01] 140.2, 125.9, 1.092
[19:02:02] 140.1, 125.8, 2.327
[19:02:03] 244.7, 125.8, 2.354
[19:02:04] 296.9, 125.8, 2.418
[19:02:05] 297.5, 126.0, 1.120
[19:02:06] 161.1, 125.9, 1.106
[19:02:07] 140.7, 125.9, 1.099
[19:02:08] 140.5, 125.9, 1.096
[19:02:09] 140.4, 125.9, 1.105
[19:02:10] 161.5, 125.8, 2.358
[19:02:11] 299.2, 125.8, 2.422
[19:02:12] 299.4, 125.8, 2.419
[19:02:13] 305.7, 125.9, 2.415
[19:02:14] 305.7, 125.8, 2.416
[19:02:15] 305.4, 126.0, 1.115
[19:02:16] 161.7, 125.9, 1.104
[19:02:17] 140.1, 126.0, 1.097
[19:02:18] 140.1, 126.0, 1.114
[19:02:19] 140.1, 126.0, 1.097
[19:02:20] 155.3, 125.8, 2.355
[19:02:21] 303.6, 125.8, 2.425
[19:02:22] 303.3, 125.8, 2.418
[19:02:23] 303.6, 125.8, 2.413
[19:02:24] 303.9, 125.8, 2.417
[19:02:25] 304.1, 125.9, 2.417
[19:02:26] 304.3, 125.9, 2.418
[19:02:27] 304.4, 125.8, 2.412
[19:02:28] 304.5, 125.8, 2.423
[19:02:29] 304.6, 125.8, 2.416
[19:02:30] 304.6, 126.0, 1.112
[19:02:31] 139.9, 126.0, 1.097
[19:02:32] 139.9, 126.0, 1.098
[19:02:33] 139.9, 126.0, 1.110
