<<<[13:40:10] 142.3, 125.5, 1.111
[13:40:11] 142.1, 125.5, 1.119
[13:40:12] 142.0, 125.5, 1.118
[13:40:13] 141.9, 125.5, 1.246
[13:40:14] 149.4, 125.4, 1.260
[13:40:15] 157.5, 125.5, 1.250
[13:40:16] 157.5, 125.5, 1.233
[13:40:17] 157.5, 125.5, 1.240
[13:40:18] 157.4, 125.4, 1.136
[13:40:19] 146.1, 125.5, 1.136
[13:40:20] 145.8, 125.5, 1.130
[13:40:21] 145.4, 125.4, 1.135
[13:40:22] 145.0, 125.5, 1.109
[13:40:23] 144.6, 125.5, 1.108
[13:40:24] 167.1, 125.4, 1.112
[13:40:25] 139.9, 125.4, 1.116
[13:40:26] 139.9, 125.4, 1.098
[13:40:27] 140.0, 125.5, 1.099
[13:40:28] 140.0, 125.4, 1.108
[13:40:29] 166.9, 125.4, 1.114
[13:40:30] 139.9, 125.5, 1.098
[13:40:31] 139.9, 125.4, 1.109
[13:40:32] 139.9, 125.4, 1.103
[13:40:33] 139.9, 125.4, 1.115
[13:40:34] 166.9, 125.4, 1.108
[13:40:35] 140.3, 125.4, 1.123
[13:40:36] 140.2, 125.4, 1.113
[13:40:37] 140.2, 125.4, 1.111
[13:40:38] 140.2, 125.4, 1.038
[13:40:39] 175.1, 125.4, 1.108
[13:40:40] 134.5, 125.4, 1.113
[13:40:41] 139.8, 125.5, 1.103
[13:40:42] 139.8, 125.5, 1.106
[13:40:43] 139.9, 125.5, 1.046
[13:40:44] 175.4, 125.5, 1.094
[13:40:45] 134.5, 125.5, 1.105
[13:40:46] 139.8, 125.5, 1.108
[13:40:47] 139.8, 125.5, 1.116
[13:40:48] 139.8, 125.5, 1.057
[13:40:49] 176.5, 125.4, 1.073
[13:40:50] 134.3, 125.5, 1.104
[13:40:51] 139.8, 125.5, 1.101
[13:40:52] 139.8, 125.5, 1.105
[13:40:53] 139.8, 125.5, 1.185
[13:40:54] 190.8, 125.5, 1.043
[13:40:55] 134.0, 125.4, 1.105
[13:40:56] 140.3, 125.5, 1.104
[13:40:57] 140.3, 125.4, 1.103
[13:40:58] 140.1, 125.4, 1.895
[13:40:59] 214.0, 125.5, 1.053
[13:41:00] 137.9, 125.5, 1.118
[13:41:01] 138.1, 125.6, 1.105
[13:41:02] 138.4, 125.5, 1.101
[13:41:03] 138.6, 125.3, 3.391
[13:41:04] 190.8, 125.6, 1.164
[13:41:05] 205.8, 125.5, 1.107
[13:41:06] 138.1, 125.5, 1.118
[13:41:07] 138.3, 125.5, 1.110
[13:41:08] 138.6, 125.5, 1.097
[13:41:09] 138.8, 125.3, 2.168
[13:41:10] 235.5, 125.4, 1.769
[13:41:11] 251.1, 125.5, 1.112
[13:41:12] 146.1, 125.5, 1.102
[13:41:13] 140.3, 125.5, 1.104
[13:41:14] 140.2, 125.5, 1.109
[13:41:15] 140.2, 125.2, 3.294
[13:41:16] 194.4, 125.4, 2.168
[13:41:17] 273.2, 125.3, 2.224
[13:41:18] 278.8, 125.5, 1.226
[13:41:19] 210.0, 125.5, 1.103
[13:41:20] 140.1, 125.5, 1.101
[13:41:21] 140.1, 125.5, 1.107
[13:41:22] 140.1, 125.5, 1.103
[13:41:23] 140.0, 125.3, 2.191
[13:41:24] 244.7, 125.4, 2.170
[13:41:25] 274.4, 125.4, 2.228
[13:41:26] 281.5, 125.4, 2.238
[13:41:27] 281.5, 125.4, 2.238
[13:41:28] 281.6, 125.5, 1.598
[13:41:29] 243.8, 125.5, 1.104
[13:41:30] 138.5, 125.5, 1.113
[13:41:31] 138.7, 125.5, 1.108
[13:41:32] 138.9, 125.5, 1.101
[13:41:33] 139.0, 125.4, 2.373
[13:41:34] 212.3, 125.4, 2.174
[13:41:35] 274.6, 125.4, 2.228
[13:41:36] 280.0, 125.4, 2.239
[13:41:37] 280.2, 125.3, 2.239
[13:41:38] 280.4, 125.4, 2.235
[13:41:39] 280.6, 125.3, 2.215
[13:41:40] 280.6, 125.3, 2.235
[13:41:41] 280.8, 125.3, 2.228
[13:41:42] 280.9, 125.3, 2.235
[13:41:43] 281.0, 125.3, 2.228
[13:41:44] 281.1, 125.5, 1.108
[13:41:45] 149.4, 125.4, 1.109
[13:41:46] 140.5, 125.5, 1.115
[13:41:47] 140.5, 125.4, 1.112
