<<<[03:14:06] 141.6, 126.3, 1.111
[03:14:07] 141.5, 126.3, 1.112
[03:14:08] 141.5, 126.3, 1.113
[03:14:09] 141.6, 126.3, 1.276
[03:14:10] 154.2, 126.3, 1.124
[03:14:11] 153.6, 126.3, 1.104
[03:14:12] 141.8, 126.3, 1.119
[03:14:13] 141.8, 126.3, 1.119
[03:14:14] 141.8, 126.3, 1.121
[03:14:15] 142.0, 126.3, 1.674
[03:14:16] 172.7, 126.3, 1.114
[03:14:17] 139.9, 126.4, 1.108
[03:14:18] 140.0, 126.3, 1.108
[03:14:19] 140.1, 126.3, 1.104
[03:14:20] 140.3, 126.3, 1.682
[03:14:21] 171.3, 126.3, 1.117
[03:14:22] 139.9, 126.3, 1.118
[03:14:23] 140.1, 126.3, 1.112
[03:14:24] 140.3, 126.3, 1.102
[03:14:25] 140.4, 126.3, 1.673
[03:14:26] 170.4, 126.3, 1.109
[03:14:27] 139.2, 126.3, 1.102
[03:14:28] 139.4, 126.3, 1.104
[03:14:29] 139.5, 126.3, 1.105
[03:14:30] 139.7, 126.2, 1.669
[03:14:31] 170.4, 126.3, 1.103
[03:14:32] 138.5, 126.4, 1.103
[03:14:33] 138.7, 126.4, 1.101
[03:14:34] 139.0, 126.3, 1.097
[03:14:35] 139.2, 126.3, 1.672
[03:14:36] 170.0, 126.4, 1.107
[03:14:37] 138.5, 126.3, 1.104
[03:14:38] 138.7, 126.3, 1.099
[03:14:39] 138.9, 126.4, 1.095
[03:14:40] 139.0, 126.4, 1.669
[03:14:41] 169.4, 126.4, 1.100
[03:14:42] 138.3, 126.4, 1.098
[03:14:43] 138.5, 126.4, 1.100
[03:14:44] 138.7, 126.3, 1.095
[03:14:45] 138.9, 126.2, 1.672
[03:14:46] 169.3, 126.2, 1.098
[03:14:47] 137.8, 126.3, 1.096
[03:14:48] 138.0, 126.3, 1.095
[03:14:49] 138.2, 126.3, 1.102
[03:14:50] 138.5, 126.3, 1.676
[03:14:51] 168.9, 126.3, 1.100
[03:14:52] 137.9, 126.3, 1.104
[03:14:53] 138.1, 126.3, 1.096
[03:14:54] 138.4, 126.3, 1.100
[03:14:55] 138.6, 126.3, 1.830
[03:14:56] 179.8, 126.3, 1.035
[03:14:57] 130.0, 126.3, 1.095
[03:14:58] 138.5, 126.4, 1.092
[03:14:59] 138.6, 126.4, 1.096
[03:15:00] 138.7, 126.2, 2.112
[03:15:01] 177.6, 126.3, 1.039
[03:15:02] 130.3, 126.3, 1.101
[03:15:03] 139.2, 126.4, 1.103
[03:15:04] 139.2, 126.4, 1.097
[03:15:05] 139.2, 126.2, 2.873
[03:15:06] 180.3, 126.3, 1.034
[03:15:07] 139.6, 126.4, 1.094
[03:15:08] 139.3, 126.4, 1.103
[03:15:09] 139.4, 126.3, 1.092
[03:15:10] 139.5, 126.4, 1.093
[03:15:11] 172.7, 126.4, 1.012
[03:15:12] 172.5, 126.4, 1.094
[03:15:13] 136.3, 126.4, 1.093
[03:15:14] 136.7, 126.4, 1.097
[03:15:15] 137.1, 126.4, 1.093
[03:15:16] 137.4, 126.3, 1.889
[03:15:17] 230.6, 126.4, 1.061
[03:15:18] 140.8, 126.4, 1.094
[03:15:19] 140.6, 126.3, 1.089
[03:15:20] 140.4, 126.3, 1.095
[03:15:21] 140.3, 126.4, 1.095
[03:15:22] 170.7, 126.2, 1.880
[03:15:23] 235.5, 126.4, 1.089
[03:15:24] 179.6, 126.4, 1.101
[03:15:25] 139.6, 126.4, 1.097
[03:15:26] 139.6, 126.3, 1.098
[03:15:27] 139.6, 126.3, 1.103
[03:15:28] 139.7, 126.2, 1.901
[03:15:29] 231.7, 126.3, 1.881
[03:15:30] 240.0, 126.2, 1.942
[03:15:31] 240.5, 126.3, 1.099
[03:15:32] 146.3, 126.4, 1.099
[03:15:33] 140.5, 126.4, 1.102
[03:15:34] 140.4, 126.4, 1.091
[03:15:35] 140.4, 126.4, 1.095
[03:15:36] 164.4, 126.2, 1.882
[03:15:37] 236.6, 126.2, 1.939
[03:15:38] 242.6, 126.2, 1.940
[03:15:39] 243.0, 126.3, 1.940
[03:15:40] 243.4, 126.3, 1.940
[03:15:41] 243.8, 126.4, 1.092
[03:15:42] 186.5, 126.4, 1.106
[03:15:43] 140.1, 126.4, 1.097
[03:15:44] 140.1, 126.4, 1.102
[03:15:45] 140.1, 126.4, 1.099
[03:15:46] 140.0, 126.3, 1.918
[03:15:47] 224.3, 126.3, 1.873
[03:15:48] 238.8, 126.2, 1.938
[03:15:49] 246.2, 126.3, 1.939
[03:15:50] 246.1, 126.3, 1.939
[03:15:51] 246.1, 126.3, 1.939
[03:15:52] 246.2, 126.3, 1.941
[03:15:53] 246.2, 126.3, 1.942
[03:15:54] 246.2, 126.3, 1.944
[03:15:55] 246.3, 126.3, 1.944
[03:15:56] 246.3, 126.3, 1.945
[03:15:57] 246.4, 126.4, 1.099
[03:15:58] 146.8, 126.4, 1.097
[03:15:59] 140.3, 126.3, 1.097
[03:16:00] 140.3, 126.4, 1.104
<<<[03:18:10] 140.4, 126.4, 1.098
[03:18:11] 140.5, 126.4, 1.103
[03:18:12] 140.6, 126.4, 1.110
[03:18:13] 140.7, 126.4, 1.261
[03:18:14] 151.5, 126.4, 1.202
[03:18:15] 157.3, 126.4, 1.139
[03:18:16] 145.2, 126.4, 1.142
[03:18:17] 145.2, 126.4, 1.145
[03:18:18] 145.2, 126.4, 1.123
[03:18:19] 145.0, 126.3, 1.591
[03:18:20] 165.3, 126.4, 1.102
[03:18:21] 146.6, 126.4, 1.117
[03:18:22] 141.0, 126.4, 1.104
[03:18:23] 141.0, 126.4, 1.103
[03:18:24] 141.0, 126.3, 1.569
[03:18:25] 163.1, 126.4, 1.111
[03:18:26] 146.8, 126.4, 1.112
[03:18:27] 146.1, 126.4, 1.107
[03:18:28] 145.6, 126.4, 1.106
[03:18:29] 145.0, 126.3, 1.568
[03:18:30] 162.0, 126.4, 1.106
[03:18:31] 146.1, 126.4, 1.104
[03:18:32] 140.5, 126.3, 1.112
[03:18:33] 140.5, 126.4, 1.107
[03:18:34] 140.5, 126.3, 1.569
[03:18:35] 162.9, 126.4, 1.106
[03:18:36] 146.1, 126.4, 1.099
[03:18:37] 140.3, 126.4, 1.105
[03:18:38] 140.3, 126.4, 1.100
[03:18:39] 140.3, 126.3, 1.562
[03:18:40] 161.8, 126.4, 1.103
[03:18:41] 146.1, 126.4, 1.096
[03:18:42] 139.8, 126.4, 1.106
[03:18:43] 139.8, 126.4, 1.108
[03:18:44] 139.9, 126.3, 1.552
[03:18:45] 162.0, 126.4, 1.103
[03:18:46] 145.9, 126.4, 1.096
[03:18:47] 139.8, 126.4, 1.100
[03:18:48] 139.8, 126.4, 1.093
[03:18:49] 139.8, 126.3, 1.549
[03:18:50] 161.3, 126.4, 1.098
[03:18:51] 146.3, 126.4, 1.106
[03:18:52] 139.8, 126.4, 1.099
[03:18:53] 139.8, 126.4, 1.104
[03:18:54] 139.9, 126.3, 1.531
[03:18:55] 161.3, 126.3, 1.095
[03:18:56] 145.4, 126.3, 1.097
[03:18:57] 139.4, 126.3, 1.090
[03:18:58] 139.3, 126.3, 1.094
[03:18:59] 139.4, 126.2, 3.246
[03:19:00] 174.0, 126.4, 1.024
[03:19:01] 137.0, 126.4, 1.090
[03:19:02] 137.0, 126.4, 1.088
[03:19:03] 137.3, 126.4, 1.102
[03:19:04] 137.7, 126.1, 3.006
[03:19:05] 174.5, 126.4, 1.036
[03:19:06] 135.6, 126.4, 1.094
[03:19:07] 135.8, 126.4, 1.092
[03:19:08] 136.2, 126.4, 1.093
[03:19:09] 136.7, 126.4, 1.093
[03:19:10] 170.4, 126.4, 1.036
[03:19:11] 150.1, 126.4, 1.089
[03:19:12] 136.1, 126.4, 1.088
[03:19:13] 136.5, 126.4, 1.100
[03:19:14] 137.0, 126.5, 1.095
[03:19:15] 137.4, 126.4, 1.196
[03:19:16] 205.3, 126.4, 1.107
[03:19:17] 135.2, 126.4, 1.096
[03:19:18] 135.7, 126.4, 1.094
[03:19:19] 136.2, 126.4, 1.098
[03:19:20] 136.6, 126.3, 1.889
[03:19:21] 217.8, 126.4, 1.036
[03:19:22] 153.2, 126.4, 1.098
[03:19:23] 140.3, 126.4, 1.097
[03:19:24] 140.2, 126.4, 1.090
[03:19:25] 140.2, 126.4, 1.090
[03:19:26] 140.1, 126.3, 1.875
[03:19:27] 249.8, 126.4, 1.248
[03:19:28] 196.2, 126.3, 1.094
[03:19:29] 139.8, 126.4, 1.089
[03:19:30] 139.7, 126.3, 1.092
[03:19:31] 139.7, 126.4, 1.096
[03:19:32] 139.7, 126.2, 1.887
[03:19:33] 214.9, 126.3, 1.877
[03:19:34] 238.6, 126.2, 1.942
[03:19:35] 246.7, 126.3, 1.101
[03:19:36] 162.6, 126.3, 1.092
[03:19:37] 139.8, 126.3, 1.101
[03:19:38] 139.8, 126.4, 1.100
[03:19:39] 139.8, 126.4, 1.099
[03:19:40] 139.8, 126.3, 1.874
[03:19:41] 246.6, 126.2, 1.939
[03:19:42] 241.3, 126.3, 1.939
[03:19:43] 241.8, 126.3, 1.943
[03:19:44] 242.5, 126.3, 1.939
[03:19:45] 242.9, 126.3, 1.241
[03:19:46] 203.8, 126.4, 1.099
[03:19:47] 140.3, 126.3, 1.093
[03:19:48] 140.2, 126.4, 1.103
[03:19:49] 140.2, 126.4, 1.094
[03:19:50] 140.1, 126.3, 1.859
[03:19:51] 210.0, 126.2, 1.876
[03:19:52] 238.4, 126.2, 1.941
[03:19:53] 246.2, 126.2, 1.941
[03:19:54] 246.2, 126.3, 1.941
[03:19:55] 246.2, 126.3, 1.942
[03:19:56] 246.3, 126.3, 1.943
[03:19:57] 246.3, 126.3, 1.942
[03:19:58] 246.4, 126.3, 1.944
[03:19:59] 246.4, 126.3, 1.943
[03:20:00] 246.5, 126.3, 1.943
[03:20:01] 246.5, 126.4, 1.098
[03:20:02] 159.9, 126.4, 1.105
[03:20:03] 140.8, 126.3, 1.102
[03:20:04] 140.7, 126.3, 1.100
