<<<[01:01:01] 141.1, 126.7, 1.116
[01:01:02] 141.2, 126.6, 1.121
[01:01:03] 141.4, 126.7, 1.126
[01:01:04] 141.7, 126.6, 1.169
[01:01:05] 148.1, 126.7, 1.271
[01:01:06] 159.9, 126.7, 1.263
[01:01:07] 160.0, 126.7, 1.267
[01:01:08] 160.2, 126.7, 1.243
[01:01:09] 160.1, 126.7, 1.243
[01:01:10] 160.0, 126.7, 1.240
[01:01:11] 160.0, 126.7, 1.234
[01:01:12] 159.9, 126.6, 1.301
[01:01:13] 160.0, 126.7, 1.174
[01:01:14] 152.6, 126.7, 1.174
[01:01:15] 152.2, 126.7, 1.162
[01:01:16] 151.8, 126.6, 1.171
[01:01:17] 151.4, 126.7, 1.172
[01:01:18] 151.2, 126.6, 1.393
[01:01:19] 170.7, 126.7, 1.102
[01:01:20] 140.5, 126.6, 1.099
[01:01:21] 140.4, 126.7, 1.098
[01:01:22] 140.3, 126.7, 1.101
[01:01:23] 140.3, 126.7, 1.384
[01:01:24] 166.9, 126.7, 1.099
[01:01:25] 140.1, 126.7, 1.103
[01:01:26] 140.1, 126.7, 1.098
[01:01:27] 140.1, 126.7, 1.099
[01:01:28] 140.1, 126.6, 1.375
[01:01:29] 175.8, 126.7, 1.034
[01:01:30] 133.4, 126.7, 1.098
[01:01:31] 140.3, 126.7, 1.103
[01:01:32] 140.3, 126.7, 1.096
[01:01:33] 140.2, 126.7, 1.355
[01:01:34] 177.8, 126.7, 1.034
[01:01:35] 132.9, 126.7, 1.094
[01:01:36] 140.1, 126.7, 1.094
[01:01:37] 140.0, 126.6, 1.101
[01:01:38] 140.0, 126.6, 1.337
[01:01:39] 179.0, 126.7, 1.035
[01:01:40] 132.9, 126.7, 1.101
[01:01:41] 140.1, 126.6, 1.099
[01:01:42] 140.0, 126.7, 1.099
[01:01:43] 140.0, 126.6, 1.840
[01:01:44] 198.2, 126.7, 1.036
[01:01:45] 130.0, 126.7, 1.097
[01:01:46] 139.4, 126.7, 1.099
[01:01:47] 139.4, 126.7, 1.101
[01:01:48] 139.5, 126.5, 2.963
[01:01:49] 204.7, 126.7, 1.052
[01:01:50] 156.1, 126.7, 1.102
[01:01:51] 138.3, 126.7, 1.102
[01:01:52] 138.5, 126.7, 1.100
[01:01:53] 138.7, 126.7, 1.103
[01:01:54] 138.8, 126.6, 1.759
[01:01:55] 274.1, 126.7, 1.103
[01:01:56] 134.0, 126.7, 1.100
[01:01:57] 140.1, 126.7, 1.100
[01:01:58] 140.0, 126.7, 1.096
[01:01:59] 140.0, 126.5, 3.227
[01:02:00] 201.5, 126.4, 2.303
[01:02:01] 293.1, 126.6, 1.111
[01:02:02] 165.5, 126.6, 1.101
[01:02:03] 140.1, 126.6, 1.097
[01:02:04] 140.0, 126.6, 1.100
[01:02:05] 140.0, 126.6, 1.102
[01:02:06] 140.0, 126.5, 2.302
[01:02:07] 299.6, 126.4, 2.369
[01:02:08] 299.0, 126.5, 2.181
[01:02:09] 279.0, 126.6, 1.100
[01:02:10] 149.2, 126.6, 1.101
[01:02:11] 139.9, 126.6, 1.099
[01:02:12] 139.9, 126.6, 1.099
[01:02:13] 139.9, 126.4, 3.520
[01:02:14] 192.3, 126.5, 2.302
[01:02:15] 291.4, 126.5, 2.362
[01:02:16] 297.8, 126.5, 2.368
[01:02:17] 298.1, 126.5, 2.367
[01:02:18] 298.5, 126.4, 2.367
[01:02:19] 298.7, 126.6, 1.077
[01:02:20] 195.9, 126.6, 1.102
[01:02:21] 140.1, 126.6, 1.097
[01:02:22] 140.1, 126.6, 1.094
[01:02:23] 140.1, 126.6, 1.096
[01:02:24] 140.0, 126.5, 2.315
[01:02:25] 276.2, 126.5, 2.333
[01:02:26] 295.1, 126.4, 2.370
[01:02:27] 301.0, 126.4, 2.369
[01:02:28] 300.9, 126.4, 2.368
[01:02:29] 300.9, 126.5, 2.373
[01:02:30] 301.0, 126.5, 2.373
[01:02:31] 301.0, 126.5, 2.375
[01:02:32] 301.1, 126.5, 2.376
[01:02:33] 301.2, 126.5, 2.376
[01:02:34] 301.3, 126.5, 2.373
[01:02:35] 301.4, 126.6, 1.103
[01:02:36] 153.5, 126.7, 1.101
[01:02:37] 140.3, 126.7, 1.105
[01:02:38] 140.3, 126.7, 1.099
