<<<[23:37:23] 140.3, 126.0, 1.102
[23:37:24] 140.4, 126.0, 1.122
[23:37:25] 140.7, 126.0, 1.129
[23:37:26] 141.1, 126.0, 1.270
[23:37:27] 157.1, 125.9, 1.236
[23:37:28] 157.2, 126.0, 1.180
[23:37:29] 148.3, 125.9, 1.101
[23:37:30] 142.3, 126.0, 1.114
[23:37:31] 142.1, 126.0, 1.122
[23:37:32] 142.3, 126.0, 1.146
[23:37:33] 142.7, 126.0, 1.122
[23:37:34] 167.6, 126.0, 1.107
[23:37:35] 140.7, 126.0, 1.112
[23:37:36] 140.6, 125.9, 1.114
[23:37:37] 140.7, 126.0, 1.120
[23:37:38] 140.9, 126.0, 1.117
[23:37:39] 167.3, 125.9, 1.105
[23:37:40] 140.5, 126.0, 1.113
[23:37:41] 140.6, 126.0, 1.113
[23:37:42] 140.7, 126.0, 1.104
[23:37:43] 140.7, 126.1, 1.118
[23:37:44] 166.7, 126.0, 1.102
[23:37:45] 140.1, 126.0, 1.108
[23:37:46] 140.1, 126.1, 1.109
[23:37:47] 140.3, 126.0, 1.104
[23:37:48] 140.3, 126.1, 1.116
[23:37:49] 166.9, 126.0, 1.102
[23:37:50] 139.9, 126.1, 1.104
[23:37:51] 139.9, 126.1, 1.102
[23:37:52] 140.0, 126.0, 1.106
[23:37:53] 140.0, 126.1, 1.122
[23:37:54] 167.3, 126.0, 1.108
[23:37:55] 140.1, 126.0, 1.105
[23:37:56] 140.0, 126.0, 1.110
[23:37:57] 140.1, 126.0, 1.105
[23:37:58] 140.1, 126.1, 1.113
[23:37:59] 166.7, 126.1, 1.096
[23:38:00] 139.9, 126.1, 1.097
[23:38:01] 139.8, 126.1, 1.101
[23:38:02] 139.9, 126.1, 1.106
[23:38:03] 139.8, 126.1, 1.110
[23:38:04] 166.7, 126.1, 1.093
[23:38:05] 139.4, 126.1, 1.095
[23:38:06] 139.4, 126.1, 1.097
[23:38:07] 139.4, 126.1, 1.098
[23:38:08] 139.4, 126.1, 1.114
[23:38:09] 165.8, 126.1, 1.093
[23:38:10] 139.4, 126.1, 1.096
[23:38:11] 139.4, 126.1, 1.092
[23:38:12] 139.4, 126.1, 1.100
[23:38:13] 139.6, 126.0, 1.048
[23:38:14] 174.3, 126.1, 1.090
[23:38:15] 134.0, 126.0, 1.093
[23:38:16] 139.2, 126.0, 1.101
[23:38:17] 139.2, 126.0, 1.097
[23:38:18] 139.2, 126.1, 1.047
[23:38:19] 172.3, 126.1, 1.083
[23:38:20] 134.0, 126.1, 1.095
[23:38:21] 134.6, 126.1, 1.100
[23:38:22] 140.1, 126.1, 1.096
[23:38:23] 140.0, 126.1, 1.082
[23:38:24] 184.5, 126.1, 1.036
[23:38:25] 133.1, 126.1, 1.092
[23:38:26] 139.4, 126.1, 1.105
[23:38:27] 139.4, 126.0, 1.094
[23:38:28] 139.4, 126.0, 1.717
[23:38:29] 205.8, 126.1, 1.028
[23:38:30] 135.4, 126.1, 1.095
[23:38:31] 135.9, 126.1, 1.099
[23:38:32] 136.4, 126.1, 1.099
[23:38:33] 136.8, 125.9, 3.296
[23:38:34] 183.7, 126.1, 1.075
[23:38:35] 191.5, 126.1, 1.100
[23:38:36] 137.6, 126.1, 1.095
[23:38:37] 137.8, 126.1, 1.095
[23:38:38] 138.0, 126.1, 1.096
[23:38:39] 138.1, 126.0, 1.926
[23:38:40] 217.4, 126.0, 1.735
[23:38:41] 230.4, 126.1, 1.097
[23:38:42] 144.3, 126.0, 1.095
[23:38:43] 143.6, 126.1, 1.096
[23:38:44] 143.1, 126.1, 1.094
[23:38:45] 142.6, 125.8, 3.307
[23:38:46] 182.3, 126.0, 1.911
[23:38:47] 242.0, 125.9, 1.980
[23:38:48] 248.4, 126.1, 1.158
[23:38:49] 201.8, 126.1, 1.098
[23:38:50] 140.1, 126.0, 1.095
[23:38:51] 140.0, 126.1, 1.098
[23:38:52] 140.0, 126.1, 1.097
[23:38:53] 140.0, 125.9, 1.899
[23:38:54] 216.1, 125.9, 1.919
[23:38:55] 242.8, 125.9, 1.984
[23:38:56] 250.9, 125.9, 1.980
[23:38:57] 250.9, 125.9, 1.985
[23:38:58] 250.9, 125.9, 1.881
[23:38:59] 240.2, 126.1, 1.095
[23:39:00] 144.5, 126.0, 1.096
[23:39:01] 143.9, 126.0, 1.104
[23:39:02] 143.4, 126.0, 1.100
[23:39:03] 143.0, 125.8, 3.324
[23:39:04] 180.7, 125.9, 1.922
[23:39:05] 241.7, 125.9, 1.983
[23:39:06] 248.5, 125.9, 1.980
[23:39:07] 248.8, 125.9, 1.980
[23:39:08] 249.0, 125.9, 1.983
[23:39:09] 249.2, 125.9, 1.981
[23:39:10] 249.4, 125.9, 1.984
[23:39:11] 249.6, 125.8, 1.984
[23:39:12] 249.8, 125.9, 1.983
[23:39:13] 249.9, 125.9, 1.986
[23:39:14] 250.1, 126.0, 1.116
[23:39:15] 191.7, 126.1, 1.104
[23:39:16] 139.9, 126.0, 1.100
[23:39:17] 139.8, 126.1, 1.099
[23:39:18] 139.9, 126.1, 1.104
