<<<[02:58:32] 140.4, 126.7, 1.095
[02:58:33] 140.4, 126.6, 1.103
[02:58:34] 140.5, 126.7, 1.114
[02:58:35] 140.7, 126.7, 1.305
[02:58:36] 153.9, 126.7, 1.272
[02:58:37] 163.5, 126.7, 1.223
[02:58:38] 158.0, 126.6, 1.247
[02:58:39] 158.1, 126.7, 1.229
[02:58:40] 158.0, 126.6, 1.235
[02:58:41] 158.0, 126.7, 1.228
[02:58:42] 158.0, 126.6, 1.276
[02:58:43] 158.1, 126.7, 1.122
[02:58:44] 147.4, 126.7, 1.115
[02:58:45] 142.3, 126.7, 1.107
[02:58:46] 142.2, 126.7, 1.108
[02:58:47] 142.0, 126.7, 1.093
[02:58:48] 141.9, 126.7, 1.184
[02:58:49] 167.5, 126.7, 1.093
[02:58:50] 140.1, 126.6, 1.089
[02:58:51] 140.1, 126.7, 1.089
[02:58:52] 140.0, 126.7, 1.089
[02:58:53] 140.0, 126.7, 1.192
[02:58:54] 167.5, 126.7, 1.092
[02:58:55] 140.3, 126.7, 1.091
[02:58:56] 140.2, 126.7, 1.095
[02:58:57] 140.2, 126.7, 1.093
[02:58:58] 140.1, 126.7, 1.178
[02:58:59] 177.2, 126.7, 1.028
[02:59:00] 133.2, 126.7, 1.091
[02:59:01] 139.8, 126.7, 1.097
[02:59:02] 139.8, 126.6, 1.093
[02:59:03] 139.8, 126.7, 1.173
[02:59:04] 177.8, 126.7, 1.032
[02:59:05] 133.2, 126.7, 1.092
[02:59:06] 140.3, 126.7, 1.100
[02:59:07] 140.2, 126.7, 1.093
[02:59:08] 140.2, 126.7, 1.157
[02:59:09] 179.0, 126.7, 1.033
[02:59:10] 132.9, 126.7, 1.093
[02:59:11] 139.9, 126.7, 1.091
[02:59:12] 139.8, 126.7, 1.090
[02:59:13] 139.8, 126.7, 1.691
[02:59:14] 197.1, 126.7, 1.032
[02:59:15] 130.5, 126.7, 1.085
[02:59:16] 139.8, 126.8, 1.094
[02:59:17] 139.7, 126.7, 1.094
[02:59:18] 139.8, 126.6, 3.011
[02:59:19] 204.9, 126.8, 1.033
[02:59:20] 156.4, 126.8, 1.091
[02:59:21] 138.1, 126.8, 1.093
[02:59:22] 138.3, 126.8, 1.087
[02:59:23] 138.5, 126.8, 1.091
[02:59:24] 138.6, 126.6, 2.264
[02:59:25] 282.2, 126.8, 1.099
[02:59:26] 140.5, 126.8, 1.099
[02:59:27] 140.4, 126.8, 1.091
[02:59:28] 140.3, 126.7, 1.091
[02:59:29] 140.2, 126.6, 2.184
[02:59:30] 184.8, 126.6, 2.289
[02:59:31] 288.4, 126.7, 1.244
[02:59:32] 215.2, 126.7, 1.097
[02:59:33] 140.5, 126.8, 1.095
[02:59:34] 140.4, 126.7, 1.090
[02:59:35] 140.3, 126.7, 1.091
[02:59:36] 140.3, 126.5, 2.249
[02:59:37] 250.2, 126.5, 2.288
[02:59:38] 291.1, 126.5, 2.356
[02:59:39] 299.2, 126.7, 1.258
[02:59:40] 227.2, 126.7, 1.092
[02:59:41] 140.5, 126.7, 1.092
[02:59:42] 140.4, 126.7, 1.087
[02:59:43] 140.3, 126.7, 1.092
[02:59:44] 140.3, 126.6, 2.263
[02:59:45] 238.8, 126.5, 2.290
[02:59:46] 290.9, 126.6, 2.318
[02:59:47] 298.5, 126.6, 2.354
[02:59:48] 298.6, 126.5, 2.355
[02:59:49] 298.6, 126.5, 2.356
[02:59:50] 298.7, 126.7, 1.589
[02:59:51] 256.7, 126.7, 1.091
[02:59:52] 138.1, 126.7, 1.089
[02:59:53] 138.3, 126.7, 1.099
[02:59:54] 138.5, 126.7, 1.097
[02:59:55] 138.7, 126.6, 2.464
[02:59:56] 217.2, 126.5, 2.262
[02:59:57] 291.1, 126.6, 2.353
[02:59:58] 297.8, 126.6, 2.358
[02:59:59] 297.9, 126.6, 2.353
[03:00:00] 298.1, 126.5, 2.355
[03:00:01] 298.2, 126.5, 2.350
[03:00:02] 298.3, 126.5, 2.354
[03:00:03] 298.4, 126.5, 2.357
[03:00:04] 298.5, 126.5, 2.357
[03:00:05] 298.6, 126.5, 2.358
[03:00:06] 298.7, 126.5, 2.348
[03:00:07] 298.8, 126.5, 2.358
[03:00:08] 285.1, 126.7, 1.094
[03:00:09] 137.8, 126.7, 1.101
[03:00:10] 138.1, 126.7, 1.092
[03:00:11] 138.4, 126.7, 1.091
