<<<[23:55:32] 140.2, 126.3, 1.117
[23:55:33] 140.3, 126.4, 1.124
[23:55:34] 140.5, 126.3, 1.125
[23:55:35] 140.9, 126.3, 1.237
[23:55:36] 154.2, 126.3, 1.247
[23:55:37] 154.7, 126.2, 1.226
[23:55:38] 155.1, 126.3, 1.250
[23:55:39] 155.4, 126.3, 1.153
[23:55:40] 149.2, 126.3, 1.160
[23:55:41] 148.9, 126.3, 1.170
[23:55:42] 148.9, 126.2, 1.173
[23:55:43] 148.9, 126.3, 1.170
[23:55:44] 148.9, 126.3, 1.078
[23:55:45] 171.3, 126.3, 1.104
[23:55:46] 141.6, 126.3, 1.134
[23:55:47] 141.6, 126.3, 1.098
[23:55:48] 141.6, 126.3, 1.107
[23:55:49] 141.6, 126.3, 1.097
[23:55:50] 169.8, 126.3, 1.098
[23:55:51] 141.8, 126.3, 1.119
[23:55:52] 141.8, 126.3, 1.105
[23:55:53] 141.7, 126.3, 1.103
[23:55:54] 141.7, 126.3, 1.008
[23:55:55] 178.5, 126.3, 1.087
[23:55:56] 135.4, 126.3, 1.092
[23:55:57] 141.9, 126.3, 1.117
[23:55:58] 141.8, 126.4, 1.110
[23:55:59] 141.9, 126.4, 1.013
[23:56:00] 178.5, 126.4, 1.075
[23:56:01] 135.4, 126.3, 1.122
[23:56:02] 141.9, 126.3, 1.103
[23:56:03] 141.8, 126.3, 1.107
[23:56:04] 141.8, 126.3, 1.032
[23:56:05] 180.5, 126.2, 1.039
[23:56:06] 134.5, 126.2, 1.106
[23:56:07] 142.1, 126.3, 1.099
[23:56:08] 141.9, 126.3, 1.106
[23:56:09] 141.9, 126.2, 1.541
[23:56:10] 196.6, 126.3, 1.034
[23:56:11] 134.0, 126.3, 1.128
[23:56:12] 141.8, 126.3, 1.103
[23:56:13] 141.7, 126.2, 1.108
[23:56:14] 141.7, 126.1, 2.479
[23:56:15] 217.2, 126.2, 1.037
[23:56:16] 146.5, 126.2, 1.100
[23:56:17] 139.6, 126.3, 1.111
[23:56:18] 139.8, 126.1, 1.110
[23:56:19] 140.1, 126.3, 1.107
[23:56:20] 155.3, 126.2, 1.934
[23:56:21] 272.6, 126.3, 1.102
[23:56:22] 138.9, 126.3, 1.109
[23:56:23] 139.3, 126.3, 1.117
[23:56:24] 139.5, 126.3, 1.111
[23:56:25] 139.7, 126.1, 3.528
[23:56:26] 197.5, 126.2, 2.303
[23:56:27] 291.3, 126.3, 1.105
[23:56:28] 203.7, 126.3, 1.095
[23:56:29] 141.4, 126.2, 1.118
[23:56:30] 141.4, 126.3, 1.122
[23:56:31] 141.4, 126.2, 1.106
[23:56:32] 141.5, 126.1, 2.325
[23:56:33] 269.0, 126.1, 2.306
[23:56:34] 293.3, 126.1, 2.369
[23:56:35] 299.6, 126.3, 1.100
[23:56:36] 209.6, 126.2, 1.107
[23:56:37] 141.6, 126.2, 1.121
[23:56:38] 141.6, 126.3, 1.115
[23:56:39] 141.6, 126.2, 1.108
[23:56:40] 141.6, 126.1, 2.337
[23:56:41] 264.3, 126.1, 2.301
[23:56:42] 292.7, 126.1, 2.368
[23:56:43] 299.6, 126.1, 2.364
[23:56:44] 299.6, 126.1, 2.368
[23:56:45] 299.6, 126.1, 2.367
[23:56:46] 299.7, 126.2, 1.122
[23:56:47] 215.6, 126.3, 1.117
[23:56:48] 142.5, 126.3, 1.110
[23:56:49] 142.3, 126.3, 1.115
[23:56:50] 142.3, 126.3, 1.118
[23:56:51] 142.2, 126.1, 2.331
[23:56:52] 255.1, 126.1, 2.304
[23:56:53] 292.2, 126.1, 2.364
[23:56:54] 299.8, 126.1, 2.368
[23:56:55] 299.8, 126.1, 2.365
[23:56:56] 299.8, 126.1, 2.372
[23:56:57] 299.8, 126.1, 2.368
[23:56:58] 299.8, 126.1, 2.372
[23:56:59] 299.9, 126.1, 2.367
[23:57:00] 299.9, 126.1, 2.374
[23:57:01] 300.0, 126.1, 2.368
[23:57:02] 300.0, 126.2, 2.373
[23:57:03] 300.1, 126.3, 1.161
[23:57:04] 216.0, 126.3, 1.109
[23:57:05] 141.9, 126.3, 1.106
[23:57:06] 141.9, 126.3, 1.121
[23:57:07] 141.9, 126.3, 1.104
