<<<[00:53:16] 142.3, 126.5, 1.119
[00:53:17] 142.4, 126.6, 1.130
[00:53:18] 142.6, 126.6, 1.131
[00:53:19] 142.9, 126.5, 1.280
[00:53:20] 160.0, 126.5, 1.269
[00:53:21] 160.1, 126.5, 1.242
[00:53:22] 160.1, 126.5, 1.245
[00:53:23] 160.0, 126.5, 1.244
[00:53:24] 160.0, 126.5, 1.252
[00:53:25] 159.8, 126.5, 1.201
[00:53:26] 159.6, 126.5, 1.173
[00:53:27] 149.7, 126.5, 1.168
[00:53:28] 149.5, 126.5, 1.177
[00:53:29] 149.5, 126.5, 1.178
[00:53:30] 149.5, 126.5, 1.519
[00:53:31] 167.3, 126.5, 1.097
[00:53:32] 147.0, 126.5, 1.098
[00:53:33] 139.9, 126.5, 1.096
[00:53:34] 139.9, 126.5, 1.093
[00:53:35] 139.8, 126.4, 1.484
[00:53:36] 160.0, 126.4, 1.097
[00:53:37] 147.4, 126.5, 1.099
[00:53:38] 140.3, 126.5, 1.095
[00:53:39] 140.2, 126.5, 1.095
[00:53:40] 140.2, 126.3, 3.212
[00:53:41] 173.6, 126.5, 1.036
[00:53:42] 139.4, 126.5, 1.097
[00:53:43] 139.1, 126.5, 1.096
[00:53:44] 139.2, 126.5, 1.097
[00:53:45] 139.2, 126.3, 3.494
[00:53:46] 174.7, 126.5, 1.029
[00:53:47] 138.9, 126.5, 1.101
[00:53:48] 138.6, 126.5, 1.096
[00:53:49] 138.8, 126.5, 1.101
[00:53:50] 138.9, 126.2, 2.954
[00:53:51] 175.6, 126.5, 1.035
[00:53:52] 137.9, 126.5, 1.096
[00:53:53] 137.8, 126.5, 1.103
[00:53:54] 138.1, 126.5, 1.098
[00:53:55] 138.3, 126.5, 1.097
[00:53:56] 175.8, 126.5, 1.047
[00:53:57] 153.9, 126.5, 1.094
[00:53:58] 136.5, 126.5, 1.098
[00:53:59] 136.9, 126.5, 1.097
[00:54:00] 137.2, 126.5, 1.097
[00:54:01] 137.6, 126.5, 1.013
[00:54:02] 207.1, 126.5, 1.098
[00:54:03] 134.7, 126.5, 1.088
[00:54:04] 135.3, 126.5, 1.094
[00:54:05] 135.8, 126.5, 1.097
[00:54:06] 136.4, 126.4, 2.265
[00:54:07] 247.8, 126.5, 1.027
[00:54:08] 139.0, 126.5, 1.089
[00:54:09] 139.1, 126.5, 1.095
[00:54:10] 139.2, 126.5, 1.095
[00:54:11] 139.3, 126.5, 1.098
[00:54:12] 166.0, 126.4, 2.231
[00:54:13] 282.0, 126.4, 1.106
[00:54:14] 169.6, 126.5, 1.094
[00:54:15] 139.9, 126.5, 1.096
[00:54:16] 139.8, 126.5, 1.097
[00:54:17] 139.9, 126.5, 1.101
[00:54:18] 139.9, 126.4, 2.229
[00:54:19] 280.0, 126.4, 2.282
[00:54:20] 285.3, 126.5, 1.386
[00:54:21] 233.0, 126.6, 1.096
[00:54:22] 140.7, 126.5, 1.097
[00:54:23] 140.6, 126.5, 1.099
[00:54:24] 140.5, 126.6, 1.097
[00:54:25] 140.4, 126.4, 2.248
[00:54:26] 222.8, 126.4, 2.228
[00:54:27] 282.8, 126.3, 2.293
[00:54:28] 290.0, 126.3, 2.296
[00:54:29] 290.1, 126.3, 2.296
[00:54:30] 290.2, 126.5, 1.072
[00:54:31] 203.3, 126.5, 1.099
[00:54:32] 139.6, 126.5, 1.099
[00:54:33] 139.6, 126.5, 1.099
[00:54:34] 139.6, 126.5, 1.097
[00:54:35] 139.7, 126.4, 2.264
[00:54:36] 253.4, 126.3, 2.236
[00:54:37] 282.9, 126.3, 2.296
[00:54:38] 291.3, 126.3, 2.298
[00:54:39] 291.2, 126.3, 2.296
[00:54:40] 291.3, 126.3, 2.299
[00:54:41] 291.3, 126.3, 2.296
[00:54:42] 291.3, 126.3, 2.300
[00:54:43] 291.4, 126.3, 2.298
[00:54:44] 291.4, 126.3, 2.300
[00:54:45] 285.5, 126.4, 1.103
[00:54:46] 149.0, 126.4, 1.100
[00:54:47] 140.3, 126.4, 1.098
[00:54:48] 140.3, 126.5, 1.100
[00:54:49] 140.3, 126.5, 1.099
[00:54:50] 172.7, 126.3, 2.236
[00:54:51] 281.0, 126.3, 2.297
[00:54:52] 287.6, 126.3, 2.300
[00:54:53] 288.1, 126.3, 2.300
[00:54:54] 288.5, 126.3, 2.303
[00:54:55] 288.9, 126.3, 2.300
[00:54:56] 289.4, 126.4, 2.303
[00:54:57] 289.7, 126.3, 2.299
[00:54:58] 290.0, 126.3, 2.300
[00:54:59] 290.2, 126.3, 2.300
[00:55:00] 290.4, 126.3, 2.302
[00:55:01] 290.6, 126.3, 2.303
[00:55:02] 290.8, 126.3, 2.303
[00:55:03] 290.9, 126.3, 2.304
[00:55:04] 291.1, 126.3, 2.302
[00:55:05] 291.3, 126.3, 2.302
[00:55:06] 291.4, 126.3, 2.303
[00:55:07] 291.4, 126.4, 2.302
[00:55:08] 291.5, 126.4, 2.303
[00:55:09] 291.6, 126.5, 1.104
[00:55:10] 149.2, 126.5, 1.097
[00:55:11] 140.1, 126.5, 1.101
[00:55:12] 140.1, 126.6, 1.105
[00:55:13] 140.1, 126.5, 1.106
