<<<[20:10:57] 140.7, 125.9, 1.129
[20:10:58] 140.9, 125.8, 1.141
[20:10:59] 141.3, 125.8, 1.150
[20:11:00] 141.7, 125.8, 1.254
[20:11:01] 155.3, 125.9, 1.175
[20:11:02] 148.8, 125.8, 1.175
[20:11:03] 148.8, 125.9, 1.174
[20:11:04] 148.9, 125.9, 1.172
[20:11:05] 148.9, 125.9, 1.172
[20:11:06] 149.2, 125.9, 1.140
[20:11:07] 167.1, 125.9, 1.146
[20:11:08] 144.6, 125.9, 1.130
[20:11:09] 144.5, 125.9, 1.129
[20:11:10] 144.4, 125.9, 1.129
[20:11:11] 144.6, 125.9, 1.133
[20:11:12] 167.8, 125.9, 1.122
[20:11:13] 142.3, 125.9, 1.119
[20:11:14] 142.2, 125.9, 1.115
[20:11:15] 142.1, 125.9, 1.117
[20:11:16] 142.3, 125.8, 1.125
[20:11:17] 166.7, 125.9, 1.110
[20:11:18] 141.6, 125.9, 1.111
[20:11:19] 141.6, 125.9, 1.116
[20:11:20] 141.5, 125.9, 1.116
[20:11:21] 141.8, 125.8, 1.123
[20:11:22] 167.3, 125.9, 1.109
[20:11:23] 140.7, 125.9, 1.107
[20:11:24] 140.6, 125.9, 1.111
[20:11:25] 140.7, 125.9, 1.112
[20:11:26] 141.0, 125.9, 1.121
[20:11:27] 166.9, 125.9, 1.106
[20:11:28] 140.3, 125.9, 1.104
[20:11:29] 140.3, 125.9, 1.109
[20:11:30] 140.3, 125.9, 1.106
[20:11:31] 140.6, 125.9, 1.114
[20:11:32] 167.1, 125.9, 1.109
[20:11:33] 140.7, 125.9, 1.100
[20:11:34] 140.6, 125.9, 1.101
[20:11:35] 140.5, 125.9, 1.093
[20:11:36] 140.6, 125.9, 1.110
[20:11:37] 166.7, 125.9, 1.101
[20:11:38] 139.9, 125.9, 1.104
[20:11:39] 139.8, 125.9, 1.101
[20:11:40] 139.8, 125.9, 1.104
[20:11:41] 140.0, 125.8, 1.118
[20:11:42] 166.4, 125.9, 1.104
[20:11:43] 140.3, 125.9, 1.095
[20:11:44] 140.2, 125.9, 1.102
[20:11:45] 140.1, 125.9, 1.099
[20:11:46] 140.1, 125.9, 1.056
[20:11:47] 174.0, 125.9, 1.100
[20:11:48] 135.2, 125.8, 1.105
[20:11:49] 135.7, 125.9, 1.098
[20:11:50] 0.0, 125.8, 1.106
[20:11:51] 139.6, 125.8, 1.050
[20:11:52] 172.5, 125.8, 1.113
[20:11:53] 135.8, 125.8, 1.101
[20:11:54] 136.3, 125.8, 1.102
[20:11:55] 136.7, 125.8, 1.096
[20:11:56] 137.0, 125.8, 0.986
[20:11:57] 187.0, 125.9, 1.095
[20:11:58] 134.5, 125.9, 1.096
[20:11:59] 135.0, 125.9, 1.092
[20:12:00] 135.6, 125.9, 1.104
[20:12:01] 136.1, 125.9, 1.454
[20:12:02] 196.6, 125.9, 1.068
[20:12:03] 134.5, 125.9, 1.102
[20:12:04] 139.8, 125.9, 1.104
[20:12:05] 139.7, 125.9, 1.100
[20:12:06] 139.8, 125.8, 1.891
[20:12:07] 210.2, 125.9, 1.027
[20:12:08] 141.4, 125.9, 1.102
[20:12:09] 141.1, 125.9, 1.101
[20:12:10] 140.9, 125.9, 1.102
[20:12:11] 140.8, 125.9, 1.099
[20:12:12] 167.6, 125.8, 1.912
[20:12:13] 233.5, 125.9, 1.098
[20:12:14] 146.3, 125.8, 1.099
[20:12:15] 139.4, 125.9, 1.099
[20:12:16] 139.4, 125.9, 1.103
[20:12:17] 139.4, 125.9, 1.098
[20:12:18] 172.9, 125.8, 1.909
[20:12:19] 238.6, 125.9, 1.809
[20:12:20] 237.9, 125.9, 1.099
[20:12:21] 137.9, 126.0, 1.098
[20:12:22] 138.1, 126.0, 1.101
[20:12:23] 138.4, 125.9, 1.103
[20:12:24] 138.5, 125.7, 3.416
[20:12:25] 183.4, 125.8, 1.909
[20:12:26] 240.8, 125.8, 1.970
[20:12:27] 246.6, 125.8, 1.969
[20:12:28] 246.9, 125.9, 1.482
[20:12:29] 212.3, 126.0, 1.107
[20:12:30] 140.8, 126.0, 1.106
[20:12:31] 140.6, 126.0, 1.105
[20:12:32] 140.6, 126.0, 1.100
[20:12:33] 140.5, 125.9, 1.981
[20:12:34] 204.7, 125.9, 1.908
[20:12:35] 241.5, 125.9, 1.967
[20:12:36] 248.5, 125.9, 1.967
[20:12:37] 248.5, 125.8, 1.967
[20:12:38] 248.5, 125.9, 1.969
[20:12:39] 248.6, 125.9, 1.970
[20:12:40] 248.7, 125.9, 1.969
[20:12:41] 248.8, 125.9, 1.122
[20:12:42] 167.8, 125.9, 1.101
[20:12:43] 140.3, 125.9, 1.102
[20:12:44] 140.3, 125.9, 1.102
[20:12:45] 140.2, 125.9, 1.098
[20:12:46] 140.2, 125.8, 1.904
[20:12:47] 250.7, 125.8, 1.968
[20:12:48] 243.8, 125.8, 1.970
[20:12:49] 249.3, 125.7, 1.973
[20:12:50] 249.3, 125.8, 1.971
[20:12:51] 249.3, 125.9, 1.973
[20:12:52] 249.3, 125.9, 1.973
[20:12:53] 249.4, 125.9, 1.975
[20:12:54] 249.4, 125.8, 1.975
[20:12:55] 249.5, 125.8, 1.978
[20:12:56] 249.5, 125.8, 1.975
[20:12:57] 249.6, 125.8, 1.975
[20:12:58] 249.6, 125.8, 1.976
[20:12:59] 249.7, 125.8, 1.976
[20:13:00] 249.7, 125.8, 1.976
[20:13:01] 249.7, 125.9, 1.106
[20:13:02] 160.4, 125.9, 1.106
[20:13:03] 140.7, 125.9, 1.105
[20:13:04] 140.6, 125.9, 1.097
[20:13:05] 140.6, 125.9, 1.105
