<<<[21:30:58] 140.9, 125.5, 1.132
[21:30:59] 141.2, 125.5, 1.137
[21:31:00] 141.6, 125.5, 1.145
[21:31:01] 142.1, 125.4, 1.274
[21:31:02] 155.3, 125.5, 1.131
[21:31:03] 154.8, 125.5, 1.150
[21:31:04] 145.7, 125.5, 1.162
[21:31:05] 145.8, 125.5, 1.183
[21:31:06] 146.2, 125.5, 1.174
[21:31:07] 146.6, 125.4, 1.664
[21:31:08] 174.0, 125.4, 1.105
[21:31:09] 138.9, 125.4, 1.122
[21:31:10] 139.2, 125.5, 1.121
[21:31:11] 139.5, 125.5, 1.119
[21:31:12] 139.8, 125.4, 1.679
[21:31:13] 170.2, 125.5, 1.113
[21:31:14] 138.5, 125.5, 1.110
[21:31:15] 138.7, 125.5, 1.116
[21:31:16] 139.0, 125.5, 1.109
[21:31:17] 139.2, 125.4, 1.676
[21:31:18] 169.8, 125.5, 1.105
[21:31:19] 138.3, 125.4, 1.114
[21:31:20] 138.6, 125.4, 1.111
[21:31:21] 138.9, 125.4, 1.115
[21:31:22] 139.1, 125.3, 1.687
[21:31:23] 169.1, 125.5, 1.111
[21:31:24] 138.3, 125.5, 1.107
[21:31:25] 138.5, 125.5, 1.109
[21:31:26] 138.7, 125.4, 1.102
[21:31:27] 138.9, 125.4, 1.691
[21:31:28] 169.3, 125.4, 1.103
[21:31:29] 137.9, 125.5, 1.110
[21:31:30] 138.2, 125.5, 1.109
[21:31:31] 138.5, 125.5, 1.108
[21:31:32] 138.7, 125.4, 1.700
[21:31:33] 169.1, 125.5, 1.104
[21:31:34] 137.9, 125.5, 1.104
[21:31:35] 138.1, 125.5, 1.103
[21:31:36] 138.4, 125.5, 1.099
[21:31:37] 138.5, 125.4, 1.700
[21:31:38] 168.5, 125.5, 1.098
[21:31:39] 137.8, 125.5, 1.100
[21:31:40] 138.0, 125.5, 1.102
[21:31:41] 138.2, 125.5, 1.113
[21:31:42] 138.5, 125.5, 1.995
[21:31:43] 179.2, 125.5, 1.038
[21:31:44] 130.0, 125.5, 1.103
[21:31:45] 138.3, 125.5, 1.108
[21:31:46] 138.4, 125.4, 1.103
[21:31:47] 138.6, 125.4, 2.167
[21:31:48] 179.0, 125.5, 1.038
[21:31:49] 130.2, 125.4, 1.106
[21:31:50] 138.5, 125.4, 1.100
[21:31:51] 138.6, 125.4, 1.109
[21:31:52] 138.8, 125.3, 2.637
[21:31:53] 179.2, 125.4, 1.036
[21:31:54] 142.3, 125.4, 1.096
[21:31:55] 141.7, 125.4, 1.097
[21:31:56] 141.4, 125.4, 1.104
[21:31:57] 141.2, 125.2, 3.333
[21:31:58] 180.3, 125.4, 1.056
[21:31:59] 153.2, 125.3, 1.103
[21:32:00] 136.5, 125.3, 1.103
[21:32:01] 136.9, 125.4, 1.106
[21:32:02] 137.3, 125.4, 1.110
[21:32:03] 137.7, 125.4, 1.438
[21:32:04] 216.1, 125.4, 1.104
[21:32:05] 135.6, 125.4, 1.105
[21:32:06] 136.1, 125.4, 1.102
[21:32:07] 136.5, 125.5, 1.105
[21:32:08] 137.0, 125.3, 1.916
[21:32:09] 215.2, 125.5, 1.002
[21:32:10] 180.7, 125.4, 1.111
[21:32:11] 140.3, 125.4, 1.106
[21:32:12] 140.2, 125.4, 1.098
[21:32:13] 140.2, 125.4, 1.104
[21:32:14] 140.1, 125.3, 1.956
[21:32:15] 229.7, 125.3, 1.925
[21:32:16] 243.5, 125.4, 1.105
[21:32:17] 149.5, 125.4, 1.103
[21:32:18] 139.9, 125.5, 1.109
[21:32:19] 139.8, 125.4, 1.104
[21:32:20] 139.8, 125.4, 1.104
[21:32:21] 149.5, 125.3, 1.925
[21:32:22] 250.9, 125.3, 1.990
[21:32:23] 250.2, 125.3, 1.986
[21:32:24] 250.2, 125.4, 1.072
[21:32:25] 194.1, 125.5, 1.105
[21:32:26] 139.8, 125.4, 1.107
[21:32:27] 139.8, 125.4, 1.104
[21:32:28] 139.7, 125.4, 1.105
[21:32:29] 139.8, 125.3, 1.938
[21:32:30] 220.5, 125.4, 1.921
[21:32:31] 242.6, 125.4, 1.986
[21:32:32] 250.4, 125.4, 1.984
[21:32:33] 250.4, 125.4, 1.984
[21:32:34] 250.3, 125.4, 1.984
[21:32:35] 250.3, 125.4, 1.985
[21:32:36] 250.3, 125.5, 1.106
[21:32:37] 172.2, 125.6, 1.106
[21:32:38] 139.9, 125.5, 1.106
[21:32:39] 139.8, 125.5, 1.106
[21:32:40] 139.8, 125.5, 1.112
[21:32:41] 139.9, 125.5, 1.930
[21:32:42] 241.3, 125.4, 1.946
[21:32:43] 241.6, 125.4, 1.983
[21:32:44] 249.8, 125.4, 1.985
[21:32:45] 249.8, 125.3, 1.987
[21:32:46] 249.9, 125.4, 1.987
[21:32:47] 249.9, 125.4, 1.988
[21:32:48] 250.0, 125.3, 1.989
[21:32:49] 250.1, 125.4, 1.988
[21:32:50] 250.2, 125.4, 1.990
[21:32:51] 250.2, 125.4, 1.989
[21:32:52] 250.3, 125.4, 1.990
[21:32:53] 250.4, 125.5, 1.986
[21:32:54] 250.5, 125.5, 1.720
[21:32:55] 223.7, 125.5, 1.107
[21:32:56] 140.8, 125.5, 1.108
[21:32:57] 140.7, 125.5, 1.108
[21:32:58] 140.6, 125.5, 1.099
