<<<[02:37:59] 141.7, 126.6, 1.103
[02:38:00] 141.6, 126.6, 1.104
[02:38:01] 141.4, 126.6, 1.105
[02:38:02] 141.6, 126.6, 1.218
[02:38:03] 158.8, 126.5, 1.133
[02:38:04] 151.7, 126.6, 1.108
[02:38:05] 141.2, 126.6, 1.118
[02:38:06] 141.2, 126.5, 1.122
[02:38:07] 141.4, 126.5, 1.122
[02:38:08] 141.6, 126.5, 1.569
[02:38:09] 164.4, 126.5, 1.111
[02:38:10] 148.1, 126.6, 1.116
[02:38:11] 142.5, 126.6, 1.112
[02:38:12] 142.5, 126.6, 1.112
[02:38:13] 142.4, 126.5, 1.523
[02:38:14] 162.4, 126.6, 1.097
[02:38:15] 146.1, 126.6, 1.098
[02:38:16] 139.8, 126.6, 1.093
[02:38:17] 139.7, 126.6, 1.101
[02:38:18] 139.7, 126.5, 1.512
[02:38:19] 160.6, 126.6, 1.097
[02:38:20] 146.1, 126.6, 1.099
[02:38:21] 139.9, 126.6, 1.098
[02:38:22] 139.8, 126.5, 1.101
[02:38:23] 139.8, 126.4, 1.504
[02:38:24] 160.6, 126.5, 1.104
[02:38:25] 146.1, 126.5, 1.095
[02:38:26] 139.6, 126.6, 1.096
[02:38:27] 139.6, 126.5, 1.098
[02:38:28] 139.6, 126.5, 1.496
[02:38:29] 160.2, 126.5, 1.101
[02:38:30] 146.5, 126.6, 1.100
[02:38:31] 139.8, 126.5, 1.096
[02:38:32] 139.7, 126.5, 1.092
[02:38:33] 139.7, 126.5, 1.451
[02:38:34] 159.5, 126.5, 1.102
[02:38:35] 146.5, 126.5, 1.102
[02:38:36] 139.8, 126.6, 1.096
[02:38:37] 139.8, 126.5, 1.100
[02:38:38] 139.8, 126.3, 3.226
[02:38:39] 173.1, 126.5, 1.030
[02:38:40] 137.9, 126.5, 1.093
[02:38:41] 137.7, 126.6, 1.093
[02:38:42] 137.9, 126.6, 1.096
[02:38:43] 138.1, 126.3, 3.107
[02:38:44] 172.3, 126.6, 1.032
[02:38:45] 136.5, 126.6, 1.094
[02:38:46] 136.5, 126.6, 1.095
[02:38:47] 136.8, 126.6, 1.093
[02:38:48] 137.2, 126.6, 1.105
[02:38:49] 172.0, 126.6, 1.042
[02:38:50] 150.1, 126.6, 1.092
[02:38:51] 136.5, 126.6, 1.094
[02:38:52] 136.8, 126.6, 1.095
[02:38:53] 137.1, 126.6, 1.092
[02:38:54] 153.7, 126.5, 1.017
[02:38:55] 179.8, 126.5, 1.094
[02:38:56] 135.1, 126.5, 1.091
[02:38:57] 135.6, 126.5, 1.090
[02:38:58] 136.1, 126.5, 1.096
[02:38:59] 136.5, 126.5, 1.594
[02:39:00] 217.8, 126.5, 1.061
[02:39:01] 131.8, 126.5, 1.087
[02:39:02] 139.2, 126.6, 1.095
[02:39:03] 139.2, 126.5, 1.091
[02:39:04] 139.2, 126.4, 2.748
[02:39:05] 189.0, 126.5, 1.542
[02:39:06] 218.5, 126.6, 1.091
[02:39:07] 135.8, 126.6, 1.093
[02:39:08] 136.2, 126.6, 1.089
[02:39:09] 136.7, 126.6, 1.086
[02:39:10] 137.0, 126.5, 2.117
[02:39:11] 195.9, 126.5, 1.874
[02:39:12] 239.0, 126.5, 1.305
[02:39:13] 202.2, 126.6, 1.095
[02:39:14] 140.1, 126.5, 1.096
[02:39:15] 140.0, 126.5, 1.091
[02:39:16] 139.9, 126.6, 1.096
[02:39:17] 139.9, 126.5, 1.856
[02:39:18] 212.2, 126.5, 1.865
[02:39:19] 238.1, 126.5, 1.939
[02:39:20] 246.4, 126.5, 1.939
[02:39:21] 246.4, 126.6, 1.087
[02:39:22] 179.4, 126.6, 1.097
[02:39:23] 139.6, 126.6, 1.088
[02:39:24] 139.5, 126.6, 1.096
[02:39:25] 139.5, 126.6, 1.090
[02:39:26] 139.5, 126.5, 1.874
[02:39:27] 241.1, 126.4, 1.928
[02:39:28] 241.0, 126.4, 1.922
[02:39:29] 246.4, 126.4, 1.943
[02:39:30] 246.4, 126.4, 1.932
[02:39:31] 246.4, 126.4, 1.939
[02:39:32] 246.4, 126.4, 1.940
[02:39:33] 246.5, 126.5, 1.616
[02:39:34] 225.2, 126.6, 1.097
[02:39:35] 137.8, 126.5, 1.092
[02:39:36] 138.0, 126.5, 1.096
[02:39:37] 138.1, 126.5, 1.099
[02:39:38] 138.3, 126.4, 1.990
[02:39:39] 200.6, 126.4, 1.878
[02:39:40] 239.1, 126.4, 1.933
[02:39:41] 245.5, 126.4, 1.941
[02:39:42] 245.6, 126.4, 1.939
[02:39:43] 245.7, 126.4, 1.942
[02:39:44] 245.8, 126.4, 1.930
[02:39:45] 245.9, 126.4, 1.941
[02:39:46] 246.0, 126.4, 1.933
[02:39:47] 246.1, 126.5, 1.933
[02:39:48] 246.1, 126.5, 1.942
[02:39:49] 246.2, 126.5, 1.944
[02:39:50] 246.3, 126.5, 1.934
[02:39:51] 246.4, 126.5, 1.945
[02:39:52] 246.5, 126.5, 1.946
[02:39:53] 246.6, 126.6, 1.127
[02:39:54] 177.4, 126.6, 1.100
[02:39:55] 140.5, 126.6, 1.098
[02:39:56] 140.4, 126.6, 1.100
