<<<[20:39:37] 141.1, 125.7, 1.127
[20:39:38] 141.3, 125.7, 1.141
[20:39:39] 141.6, 125.7, 1.138
[20:39:40] 142.0, 125.7, 1.219
[20:39:41] 157.9, 125.8, 1.228
[20:39:42] 158.0, 125.8, 1.225
[20:39:43] 158.2, 125.8, 1.248
[20:39:44] 158.1, 125.8, 1.234
[20:39:45] 158.0, 125.7, 1.250
[20:39:46] 158.1, 125.7, 1.248
[20:39:47] 158.0, 125.7, 1.231
[20:39:48] 158.0, 125.7, 1.235
[20:39:49] 157.9, 125.7, 1.245
[20:39:50] 158.0, 125.7, 1.177
[20:39:51] 149.0, 125.7, 1.180
[20:39:52] 149.0, 125.7, 1.168
[20:39:53] 149.0, 125.8, 1.179
[20:39:54] 149.1, 125.8, 1.177
[20:39:55] 149.5, 125.8, 1.111
[20:39:56] 164.0, 125.8, 1.104
[20:39:57] 139.9, 125.7, 1.106
[20:39:58] 139.9, 125.8, 1.100
[20:39:59] 139.9, 125.8, 1.109
[20:40:00] 153.9, 125.8, 1.057
[20:40:01] 160.4, 125.7, 1.108
[20:40:02] 135.4, 125.8, 1.107
[20:40:03] 135.9, 125.8, 1.099
[20:40:04] 136.5, 125.8, 1.097
[20:40:05] 153.7, 125.8, 1.058
[20:40:06] 161.5, 125.8, 1.104
[20:40:07] 135.6, 125.8, 1.106
[20:40:08] 136.1, 125.9, 1.101
[20:40:09] 136.6, 125.8, 1.104
[20:40:10] 137.0, 125.8, 1.058
[20:40:11] 175.1, 125.8, 1.107
[20:40:12] 135.6, 125.8, 1.101
[20:40:13] 136.1, 125.8, 1.105
[20:40:14] 136.6, 125.8, 1.105
[20:40:15] 137.0, 125.8, 0.991
[20:40:16] 190.6, 125.8, 1.109
[20:40:17] 134.7, 125.7, 1.108
[20:40:18] 140.1, 125.8, 1.105
[20:40:19] 140.1, 125.8, 1.103
[20:40:20] 140.0, 125.8, 1.419
[20:40:21] 206.6, 125.8, 1.070
[20:40:22] 134.7, 125.8, 1.102
[20:40:23] 139.9, 125.8, 1.099
[20:40:24] 139.8, 125.8, 1.099
[20:40:25] 139.8, 125.7, 2.212
[20:40:26] 230.6, 125.8, 1.055
[20:40:27] 155.7, 125.7, 1.098
[20:40:28] 139.6, 125.8, 1.099
[20:40:29] 139.5, 125.8, 1.097
[20:40:30] 139.6, 125.7, 1.094
[20:40:31] 139.6, 125.6, 2.245
[20:40:32] 296.3, 125.7, 1.121
[20:40:33] 165.1, 125.8, 1.103
[20:40:34] 140.1, 125.8, 1.101
[20:40:35] 140.0, 125.8, 1.093
[20:40:36] 140.0, 125.7, 1.102
[20:40:37] 139.9, 125.6, 2.243
[20:40:38] 288.4, 125.6, 2.312
[20:40:39] 288.1, 125.8, 1.060
[20:40:40] 193.3, 125.8, 1.103
[20:40:41] 139.8, 125.7, 1.101
[20:40:42] 139.8, 125.7, 1.103
[20:40:43] 139.8, 125.7, 1.107
[20:40:44] 139.9, 125.5, 2.251
[20:40:45] 272.4, 125.6, 2.272
[20:40:46] 284.9, 125.5, 2.301
[20:40:47] 291.1, 125.5, 2.315
[20:40:48] 291.0, 125.7, 1.576
[20:40:49] 226.3, 125.7, 1.109
[20:40:50] 140.8, 125.7, 1.111
[20:40:51] 140.7, 125.7, 1.106
[20:40:52] 140.6, 125.7, 1.106
[20:40:53] 140.6, 125.5, 2.246
[20:40:54] 239.7, 125.5, 2.236
[20:40:55] 283.1, 125.5, 2.310
[20:40:56] 291.4, 125.5, 2.305
[20:40:57] 291.3, 125.5, 2.308
[20:40:58] 291.3, 125.5, 2.310
[20:40:59] 291.3, 125.5, 2.312
[20:41:00] 291.3, 125.5, 2.314
[20:41:01] 291.3, 125.5, 2.310
[20:41:02] 278.6, 125.7, 1.106
[20:41:03] 153.0, 125.7, 1.112
[20:41:04] 140.7, 125.7, 1.107
[20:41:05] 140.6, 125.7, 1.108
[20:41:06] 140.6, 125.7, 1.111
[20:41:07] 181.0, 125.6, 2.244
[20:41:08] 280.8, 125.6, 2.305
[20:41:09] 287.8, 125.6, 2.308
[20:41:10] 288.2, 125.5, 2.313
[20:41:11] 288.6, 125.5, 2.312
[20:41:12] 289.0, 125.5, 2.313
[20:41:13] 289.4, 125.5, 2.317
[20:41:14] 289.6, 125.5, 2.315
[20:41:15] 289.9, 125.5, 2.317
[20:41:16] 290.2, 125.5, 2.309
[20:41:17] 290.3, 125.5, 2.320
[20:41:18] 290.6, 125.5, 2.318
[20:41:19] 290.8, 125.5, 2.321
[20:41:20] 291.0, 125.5, 2.316
[20:41:21] 291.2, 125.5, 2.321
[20:41:22] 291.2, 125.5, 2.315
[20:41:23] 291.3, 125.7, 1.655
[20:41:24] 248.9, 125.7, 1.110
[20:41:25] 141.0, 125.7, 1.108
[20:41:26] 140.9, 125.7, 1.109
[20:41:27] 140.9, 125.6, 1.108
