<<<[18:14:24] 144.8, 125.4, 1.119
[18:14:25] 144.3, 125.4, 1.128
[18:14:26] 144.1, 125.3, 1.131
[18:14:27] 144.0, 125.4, 1.237
[18:14:28] 150.4, 125.4, 1.238
[18:14:29] 157.7, 125.4, 1.157
[18:14:30] 146.6, 125.4, 1.165
[18:14:31] 146.6, 125.4, 1.173
[18:14:32] 146.8, 125.4, 1.174
[18:14:33] 147.1, 125.4, 1.174
[18:14:34] 147.3, 125.4, 1.108
[18:14:35] 165.1, 125.4, 1.117
[18:14:36] 139.0, 125.4, 1.118
[18:14:37] 139.3, 125.5, 1.134
[18:14:38] 139.6, 125.5, 1.125
[18:14:39] 140.0, 125.5, 1.128
[18:14:40] 166.7, 125.5, 1.109
[18:14:41] 140.7, 125.5, 1.111
[18:14:42] 140.6, 125.5, 1.109
[18:14:43] 140.6, 125.5, 1.123
[18:14:44] 140.7, 125.4, 1.119
[18:14:45] 166.7, 125.5, 1.105
[18:14:46] 140.3, 125.4, 1.106
[18:14:47] 140.2, 125.5, 1.108
[18:14:48] 140.2, 125.5, 1.105
[18:14:49] 140.3, 125.5, 1.119
[18:14:50] 166.5, 125.4, 1.115
[18:14:51] 140.7, 125.4, 1.109
[18:14:52] 140.7, 125.5, 1.104
[18:14:53] 140.6, 125.5, 1.113
[18:14:54] 140.6, 125.5, 1.119
[18:14:55] 166.4, 125.5, 1.105
[18:14:56] 140.1, 125.5, 1.109
[18:14:57] 140.1, 125.5, 1.116
[18:14:58] 140.1, 125.5, 1.118
[18:14:59] 140.3, 125.5, 1.069
[18:15:00] 173.2, 125.5, 1.112
[18:15:01] 135.4, 125.5, 1.109
[18:15:02] 135.9, 125.5, 1.114
[18:15:03] 136.4, 125.5, 1.104
[18:15:04] 136.9, 125.5, 1.063
[18:15:05] 170.9, 125.5, 1.095
[18:15:06] 134.3, 125.5, 1.105
[18:15:07] 139.9, 125.4, 1.107
[18:15:08] 139.8, 125.4, 1.108
[18:15:09] 139.9, 125.5, 1.009
[18:15:10] 180.5, 125.5, 1.075
[18:15:11] 134.3, 125.5, 1.099
[18:15:12] 139.6, 125.5, 1.102
[18:15:13] 139.5, 125.5, 1.103
[18:15:14] 139.6, 125.4, 1.656
[18:15:15] 200.6, 125.5, 1.044
[18:15:16] 131.3, 125.5, 1.101
[18:15:17] 139.8, 125.5, 1.104
[18:15:18] 139.7, 125.5, 1.104
[18:15:19] 139.7, 125.3, 3.341
[18:15:20] 178.9, 125.4, 1.552
[18:15:21] 192.8, 125.4, 1.104
[18:15:22] 137.2, 125.4, 1.108
[18:15:23] 137.5, 125.4, 1.099
[18:15:24] 137.7, 125.4, 1.108
[18:15:25] 138.0, 125.4, 1.710
[18:15:26] 199.9, 125.4, 1.722
[18:15:27] 214.7, 125.4, 1.106
[18:15:28] 153.3, 125.4, 1.095
[18:15:29] 139.2, 125.4, 1.100
[18:15:30] 139.2, 125.4, 1.100
[18:15:31] 139.3, 125.4, 1.103
[18:15:32] 170.0, 125.3, 1.729
[18:15:33] 214.7, 125.3, 1.789
[18:15:34] 221.8, 125.4, 1.679
[18:15:35] 221.5, 125.4, 1.102
[18:15:36] 139.9, 125.4, 1.102
[18:15:37] 139.8, 125.5, 1.101
[18:15:38] 139.8, 125.5, 1.102
[18:15:39] 139.8, 125.3, 3.047
[18:15:40] 179.0, 125.4, 1.725
[18:15:41] 217.2, 125.4, 1.789
[18:15:42] 223.4, 125.3, 1.786
[18:15:43] 223.6, 125.4, 1.788
[18:15:44] 223.8, 125.4, 1.790
[18:15:45] 224.0, 125.5, 1.075
[18:15:46] 188.3, 125.5, 1.112
[18:15:47] 139.9, 125.5, 1.100
[18:15:48] 139.8, 125.5, 1.102
[18:15:49] 139.8, 125.5, 1.100
[18:15:50] 139.8, 125.4, 1.723
[18:15:51] 204.0, 125.4, 1.727
[18:15:52] 217.6, 125.3, 1.791
[18:15:53] 225.7, 125.3, 1.790
[18:15:54] 225.6, 125.4, 1.789
[18:15:55] 225.6, 125.3, 1.791
[18:15:56] 225.6, 125.3, 1.791
[18:15:57] 225.6, 125.3, 1.787
[18:15:58] 225.6, 125.3, 1.791
[18:15:59] 225.6, 125.3, 1.790
[18:16:00] 225.6, 125.4, 1.790
[18:16:01] 225.6, 125.3, 1.591
[18:16:02] 205.3, 125.4, 1.111
[18:16:03] 141.0, 125.4, 1.098
[18:16:04] 140.8, 125.4, 1.108
[18:16:05] 140.7, 125.4, 1.107
<<<[18:16:18] 142.3, 125.4, 1.119
[18:16:19] 142.3, 125.4, 1.133
[18:16:20] 142.4, 125.4, 1.144
[18:16:21] 142.7, 125.4, 1.264
[18:16:22] 158.2, 125.4, 1.165
[18:16:23] 150.8, 125.4, 1.160
[18:16:24] 150.3, 125.4, 1.170
[18:16:25] 150.0, 125.4, 1.171
[18:16:26] 149.8, 125.4, 1.174
[18:16:27] 149.6, 125.3, 1.495
[18:16:28] 169.6, 125.4, 1.115
[18:16:29] 141.2, 125.4, 1.114
[18:16:30] 141.2, 125.4, 1.126
[18:16:31] 141.3, 125.4, 1.118
[18:16:32] 141.4, 125.3, 1.504
[18:16:33] 166.7, 125.3, 1.110
[18:16:34] 140.8, 125.3, 1.106
[18:16:35] 140.7, 125.4, 1.109
[18:16:36] 140.7, 125.4, 1.116
[18:16:37] 140.8, 125.4, 1.518
[18:16:38] 166.5, 125.4, 1.106
[18:16:39] 140.5, 125.4, 1.115
[18:16:40] 140.5, 125.4, 1.112
[18:16:41] 140.5, 125.5, 1.111
[18:16:42] 140.5, 125.4, 1.515
[18:16:43] 165.8, 125.5, 1.109
[18:16:44] 140.3, 125.5, 1.107
[18:16:45] 140.2, 125.5, 1.110
[18:16:46] 140.2, 125.5, 1.118
[18:16:47] 140.3, 125.5, 1.533
[18:16:48] 165.6, 125.5, 1.106
[18:16:49] 140.5, 125.6, 1.113
[18:16:50] 140.5, 125.5, 1.101
[18:16:51] 140.4, 125.5, 1.109
[18:16:52] 140.4, 125.4, 1.501
[18:16:53] 175.2, 125.4, 1.045
[18:16:54] 132.5, 125.4, 1.104
[18:16:55] 139.8, 125.4, 1.096
[18:16:56] 139.7, 125.5, 1.096
[18:16:57] 139.7, 125.5, 1.588
[18:16:58] 173.4, 125.5, 1.035
[18:16:59] 132.0, 125.4, 1.107
[18:17:00] 139.4, 125.4, 1.105
[18:17:01] 139.4, 125.4, 1.176
[18:17:02] 139.8, 125.4, 2.069
[18:17:03] 185.2, 125.5, 1.080
[18:17:04] 137.8, 125.5, 1.148
[18:17:05] 144.5, 125.5, 1.116
[18:17:06] 144.3, 125.5, 1.109
[18:17:07] 144.0, 125.2, 3.230
[18:17:08] 177.6, 125.4, 1.072
[18:17:09] 160.4, 125.4, 1.111
[18:17:10] 137.6, 125.4, 1.106
[18:17:11] 137.9, 125.4, 1.111
[18:17:12] 138.3, 125.4, 1.116
[18:17:13] 138.6, 125.3, 1.715
[18:17:14] 221.4, 125.4, 1.098
[18:17:15] 147.9, 125.4, 1.106
[18:17:16] 139.8, 125.4, 1.109
[18:17:17] 139.8, 125.4, 1.105
[18:17:18] 139.9, 125.4, 1.124
[18:17:19] 172.3, 125.3, 1.726
[18:17:20] 214.7, 125.4, 1.075
[18:17:21] 182.7, 125.5, 1.107
[18:17:22] 140.3, 125.5, 1.108
[18:17:23] 140.2, 125.5, 1.105
[18:17:24] 140.2, 125.5, 1.107
[18:17:25] 140.2, 125.4, 1.756
[18:17:26] 213.6, 125.4, 1.728
[18:17:27] 218.9, 125.3, 1.791
[18:17:28] 225.7, 125.5, 1.131
[18:17:29] 169.6, 125.5, 1.115
[18:17:30] 140.8, 125.4, 1.108
[18:17:31] 140.6, 125.4, 1.114
[18:17:32] 140.5, 125.5, 1.106
[18:17:33] 140.5, 125.4, 1.724
[18:17:34] 225.2, 125.4, 1.782
[18:17:35] 224.5, 125.5, 1.786
[18:17:36] 224.7, 125.4, 1.790
[18:17:37] 224.8, 125.5, 1.790
[18:17:38] 225.0, 125.5, 1.779
[18:17:39] 224.6, 125.5, 1.106
[18:17:40] 140.1, 125.5, 1.103
[18:17:41] 140.0, 125.5, 1.103
[18:17:42] 140.0, 125.5, 1.099
[18:17:43] 140.0, 125.5, 1.166
[18:17:44] 173.2, 125.4, 1.729
[18:17:45] 215.1, 125.4, 1.789
[18:17:46] 222.5, 125.4, 1.788
[18:17:47] 222.9, 125.4, 1.790
[18:17:48] 223.2, 125.4, 1.792
[18:17:49] 223.5, 125.4, 1.790
[18:17:50] 223.8, 125.5, 1.790
[18:17:51] 224.0, 125.4, 1.792
[18:17:52] 224.3, 125.5, 1.793
[18:17:53] 224.5, 125.4, 1.793
[18:17:54] 224.6, 125.4, 1.793
[18:17:55] 224.8, 125.5, 1.098
[18:17:56] 156.4, 125.5, 1.106
[18:17:57] 139.9, 125.4, 1.105
[18:17:58] 139.9, 125.4, 1.117
[18:17:59] 139.9, 125.5, 1.111
