<<<[19:34:28] 143.8, 126.0, 1.116
[19:34:29] 143.6, 126.0, 1.121
[19:34:30] 143.4, 126.0, 1.121
[19:34:31] 143.4, 126.0, 1.119
[19:34:32] 143.5, 126.0, 1.122
[19:34:33] 143.4, 126.0, 1.131
[19:34:34] 143.4, 126.0, 1.132
[19:34:35] 143.4, 126.0, 1.135
<<<[19:56:51] 140.6, 125.9, 1.119
[19:56:52] 140.8, 125.9, 1.125
[19:56:53] 141.1, 125.9, 1.140
[19:56:54] 141.5, 125.9, 1.180
[19:56:55] 142.0, 125.8, 1.128
[19:56:56] 142.0, 125.9, 1.128
[19:56:57] 142.2, 125.9, 1.135
[19:56:58] 142.4, 125.9, 1.141
