<<<[01:17:15] 142.6, 126.7, 1.120
[01:17:16] 142.7, 126.7, 1.120
[01:17:17] 142.7, 126.8, 1.139
[01:17:18] 143.0, 126.7, 1.238
[01:17:19] 155.7, 126.7, 1.237
[01:17:20] 156.0, 126.7, 1.108
[01:17:21] 146.8, 126.7, 1.149
[01:17:22] 146.6, 126.8, 1.162
[01:17:23] 146.8, 126.7, 1.150
[01:17:24] 146.9, 126.7, 1.143
[01:17:25] 146.8, 126.7, 1.278
[01:17:26] 168.5, 126.7, 1.100
[01:17:27] 141.0, 126.7, 1.097
[01:17:28] 141.0, 126.7, 1.099
[01:17:29] 141.0, 126.7, 1.110
[01:17:30] 141.1, 126.7, 1.289
[01:17:31] 167.5, 126.7, 1.102
[01:17:32] 141.6, 126.7, 1.098
[01:17:33] 141.4, 126.7, 1.096
[01:17:34] 141.3, 126.8, 1.095
[01:17:35] 141.3, 126.7, 1.290
[01:17:36] 166.9, 126.7, 1.101
[01:17:37] 140.8, 126.7, 1.105
[01:17:38] 140.8, 126.7, 1.093
[01:17:39] 140.6, 126.7, 1.101
[01:17:40] 140.7, 126.7, 1.290
[01:17:41] 166.4, 126.7, 1.101
[01:17:42] 141.0, 126.7, 1.101
[01:17:43] 140.9, 126.7, 1.099
[01:17:44] 140.8, 126.7, 1.100
[01:17:45] 140.7, 126.7, 1.299
[01:17:46] 166.7, 126.7, 1.104
[01:17:47] 140.7, 126.7, 1.098
[01:17:48] 140.6, 126.7, 1.092
[01:17:49] 140.5, 126.8, 1.098
[01:17:50] 140.5, 126.8, 1.297
[01:17:51] 166.7, 126.8, 1.097
[01:17:52] 141.2, 126.8, 1.094
[01:17:53] 141.0, 126.8, 1.092
[01:17:54] 140.9, 126.8, 1.088
[01:17:55] 140.8, 126.8, 1.300
[01:17:56] 166.0, 126.8, 1.089
[01:17:57] 140.1, 126.8, 1.096
[01:17:58] 140.0, 126.8, 1.091
[01:17:59] 140.0, 126.8, 1.092
[01:18:00] 139.9, 126.7, 1.315
[01:18:01] 165.6, 126.7, 1.097
[01:18:02] 140.5, 126.7, 1.089
[01:18:03] 140.4, 126.8, 1.091
[01:18:04] 140.3, 126.8, 1.096
[01:18:05] 140.2, 126.7, 1.284
[01:18:06] 175.6, 126.7, 1.025
[01:18:07] 132.2, 126.7, 1.089
[01:18:08] 139.6, 126.7, 1.087
[01:18:09] 139.5, 126.7, 1.094
[01:18:10] 139.6, 126.7, 1.284
[01:18:11] 173.8, 126.7, 1.034
[01:18:12] 132.3, 126.7, 1.090
[01:18:13] 139.9, 126.7, 1.095
[01:18:14] 139.8, 126.7, 1.089
[01:18:15] 139.8, 126.6, 1.704
[01:18:16] 188.6, 126.7, 1.034
[01:18:17] 129.8, 126.7, 1.088
[01:18:18] 138.9, 126.7, 1.090
[01:18:19] 138.9, 126.7, 1.091
[01:18:20] 139.0, 126.5, 2.992
[01:18:21] 186.5, 126.7, 1.046
[01:18:22] 156.2, 126.7, 1.096
[01:18:23] 137.2, 126.7, 1.091
[01:18:24] 137.4, 126.7, 1.096
[01:18:25] 137.7, 126.7, 1.098
[01:18:26] 137.9, 126.6, 1.866
[01:18:27] 242.2, 126.7, 1.094
[01:18:28] 143.0, 126.7, 1.093
[01:18:29] 142.5, 126.7, 1.095
[01:18:30] 142.2, 126.7, 1.092
[01:18:31] 141.9, 126.5, 2.287
[01:18:32] 178.3, 126.6, 1.903
[01:18:33] 239.5, 126.7, 1.073
[01:18:34] 183.4, 126.8, 1.094
[01:18:35] 139.2, 126.8, 1.092
[01:18:36] 139.2, 126.8, 1.091
[01:18:37] 139.3, 126.8, 1.092
[01:18:38] 139.3, 126.6, 1.928
[01:18:39] 230.4, 126.7, 1.903
[01:18:40] 243.7, 126.7, 1.966
[01:18:41] 250.2, 126.7, 1.082
[01:18:42] 184.1, 126.7, 1.094
[01:18:43] 139.9, 126.8, 1.087
[01:18:44] 139.8, 126.7, 1.087
[01:18:45] 139.8, 126.7, 1.092
[01:18:46] 139.9, 126.6, 1.910
[01:18:47] 238.2, 126.6, 1.930
[01:18:48] 244.4, 126.6, 1.961
[01:18:49] 250.0, 126.6, 1.962
[01:18:50] 249.9, 126.6, 1.959
[01:18:51] 249.8, 126.6, 1.963
[01:18:52] 249.8, 126.7, 1.107
[01:18:53] 163.3, 126.6, 1.093
[01:18:54] 140.1, 126.7, 1.098
[01:18:55] 140.0, 126.7, 1.091
[01:18:56] 140.0, 126.7, 1.097
[01:18:57] 140.0, 126.6, 1.904
[01:18:58] 255.6, 126.6, 1.968
[01:18:59] 244.7, 126.6, 1.962
[01:19:00] 245.3, 126.6, 1.961
[01:19:01] 245.8, 126.6, 1.964
[01:19:02] 246.3, 126.6, 1.965
[01:19:03] 246.8, 126.6, 1.967
[01:19:04] 247.2, 126.6, 1.966
[01:19:05] 247.6, 126.6, 1.966
[01:19:06] 247.9, 126.6, 1.968
[01:19:07] 248.2, 126.5, 1.968
[01:19:08] 248.5, 126.6, 1.447
[01:19:09] 218.9, 126.7, 1.105
[01:19:10] 140.8, 126.7, 1.099
[01:19:11] 140.7, 126.7, 1.099
[01:19:12] 140.6, 126.7, 1.097
