<<<[03:47:28] 142.4, 126.4, 1.107
[03:47:29] 142.2, 126.5, 1.112
[03:47:30] 142.1, 126.5, 1.108
[03:47:31] 142.0, 126.4, 1.265
[03:47:32] 156.4, 126.5, 1.252
[03:47:33] 156.8, 126.5, 1.117
[03:47:34] 144.1, 126.5, 1.114
[03:47:35] 143.8, 126.5, 1.125
[03:47:36] 143.6, 126.4, 1.131
[03:47:37] 143.7, 126.4, 1.128
[03:47:38] 143.6, 126.5, 1.113
[03:47:39] 168.7, 126.4, 1.114
[03:47:40] 141.4, 126.5, 1.110
[03:47:41] 141.4, 126.5, 1.114
[03:47:42] 141.4, 126.4, 1.112
[03:47:43] 141.4, 126.4, 1.111
[03:47:44] 167.5, 126.5, 1.102
[03:47:45] 140.7, 126.5, 1.104
[03:47:46] 140.7, 126.5, 1.104
[03:47:47] 140.6, 126.5, 1.106
[03:47:48] 140.6, 126.5, 1.111
[03:47:49] 167.3, 126.5, 1.109
[03:47:50] 141.0, 126.5, 1.100
[03:47:51] 140.9, 126.5, 1.104
[03:47:52] 140.8, 126.5, 1.102
[03:47:53] 140.8, 126.5, 1.115
[03:47:54] 167.3, 126.5, 1.105
[03:47:55] 140.3, 126.5, 1.096
[03:47:56] 140.2, 126.5, 1.100
[03:47:57] 140.2, 126.5, 1.096
[03:47:58] 140.1, 126.5, 1.111
[03:47:59] 167.1, 126.5, 1.116
[03:48:00] 141.4, 126.5, 1.105
[03:48:01] 141.3, 126.5, 1.104
[03:48:02] 141.2, 126.5, 1.098
[03:48:03] 141.1, 126.5, 1.103
[03:48:04] 166.0, 126.5, 1.096
[03:48:05] 140.3, 126.5, 1.105
[03:48:06] 140.3, 126.5, 1.095
[03:48:07] 140.3, 126.5, 1.097
[03:48:08] 140.3, 126.5, 1.041
[03:48:09] 174.5, 126.5, 1.079
[03:48:10] 135.1, 126.5, 1.103
[03:48:11] 140.5, 126.5, 1.098
[03:48:12] 140.4, 126.5, 1.094
[03:48:13] 140.3, 126.5, 1.044
[03:48:14] 172.7, 126.5, 1.058
[03:48:15] 133.6, 126.5, 1.094
[03:48:16] 140.1, 126.5, 1.090
[03:48:17] 140.0, 126.5, 1.095
[03:48:18] 139.9, 126.5, 1.190
[03:48:19] 183.6, 126.5, 1.047
[03:48:20] 134.3, 126.5, 1.099
[03:48:21] 139.8, 126.5, 1.096
[03:48:22] 139.8, 126.5, 1.093
[03:48:23] 139.8, 126.5, 1.623
[03:48:24] 195.7, 126.5, 1.038
[03:48:25] 130.0, 126.5, 1.098
[03:48:26] 139.9, 126.5, 1.090
[03:48:27] 139.9, 126.5, 1.090
[03:48:28] 139.8, 126.4, 2.808
[03:48:29] 185.2, 126.5, 1.044
[03:48:30] 174.2, 126.5, 1.095
[03:48:31] 137.8, 126.5, 1.095
[03:48:32] 138.0, 126.5, 1.095
[03:48:33] 138.2, 126.5, 1.098
[03:48:34] 138.4, 126.4, 1.865
[03:48:35] 225.7, 126.5, 1.154
[03:48:36] 192.6, 126.4, 1.103
[03:48:37] 139.9, 126.4, 1.096
[03:48:38] 139.9, 126.5, 1.099
[03:48:39] 139.9, 126.5, 1.098
[03:48:40] 139.8, 126.4, 1.847
[03:48:41] 212.2, 126.4, 1.835
[03:48:42] 233.7, 126.4, 1.677
[03:48:43] 224.5, 126.5, 1.091
[03:48:44] 138.3, 126.5, 1.097
[03:48:45] 138.4, 126.5, 1.104
[03:48:46] 138.7, 126.5, 1.090
[03:48:47] 138.8, 126.4, 2.876
[03:48:48] 184.5, 126.4, 1.835
[03:48:49] 234.1, 126.4, 1.901
[03:48:50] 239.7, 126.4, 1.902
[03:48:51] 239.9, 126.4, 1.904
[03:48:52] 240.2, 126.5, 1.099
[03:48:53] 181.2, 126.5, 1.098
[03:48:54] 140.1, 126.5, 1.096
[03:48:55] 140.0, 126.6, 1.092
[03:48:56] 140.0, 126.6, 1.094
[03:48:57] 140.0, 126.4, 1.867
[03:48:58] 224.7, 126.4, 1.840
[03:48:59] 235.3, 126.4, 1.904
[03:49:00] 241.9, 126.4, 1.901
[03:49:01] 241.9, 126.4, 1.904
[03:49:02] 241.9, 126.4, 1.907
[03:49:03] 242.0, 126.4, 1.905
[03:49:04] 242.0, 126.4, 1.907
[03:49:05] 242.0, 126.4, 1.909
[03:49:06] 242.1, 126.5, 1.198
[03:49:07] 200.2, 126.5, 1.102
[03:49:08] 140.1, 126.6, 1.092
[03:49:09] 140.0, 126.5, 1.103
[03:49:10] 140.1, 126.6, 1.096
[03:49:11] 140.1, 126.4, 1.825
[03:49:12] 211.4, 126.5, 1.843
[03:49:13] 234.1, 126.4, 1.906
[03:49:14] 242.2, 126.4, 1.907
[03:49:15] 242.2, 126.4, 1.909
[03:49:16] 242.3, 126.5, 1.907
[03:49:17] 242.3, 126.4, 1.907
[03:49:18] 242.4, 126.4, 1.909
[03:49:19] 242.4, 126.4, 1.910
[03:49:20] 242.4, 126.4, 1.908
[03:49:21] 242.4, 126.4, 1.905
[03:49:22] 242.4, 126.4, 1.907
[03:49:23] 242.4, 126.4, 1.908
[03:49:24] 242.5, 126.4, 1.908
[03:49:25] 242.4, 126.4, 1.907
[03:49:26] 242.5, 126.4, 1.907
[03:49:27] 242.4, 126.4, 1.909
[03:49:28] 242.5, 126.4, 1.909
[03:49:29] 242.5, 126.5, 1.597
[03:49:30] 216.5, 126.5, 1.095
[03:49:31] 141.0, 126.5, 1.101
[03:49:32] 140.9, 126.5, 1.101
[03:49:33] 140.8, 126.4, 1.104
