<<<[13:54:30] 141.7, 125.3, 1.112
[13:54:31] 141.6, 125.3, 1.117
[13:54:32] 141.5, 125.3, 1.112
[13:54:33] 141.4, 125.3, 1.283
[13:54:34] 156.1, 125.3, 1.282
[13:54:35] 162.2, 125.4, 1.282
[13:54:36] 161.9, 125.4, 1.284
[13:54:37] 161.9, 125.4, 1.284
[13:54:38] 161.8, 125.4, 1.271
[13:54:39] 161.8, 125.4, 1.283
[13:54:40] 161.8, 125.4, 1.282
[13:54:41] 161.8, 125.3, 1.281
[13:54:42] 161.8, 125.2, 1.282
[13:54:43] 161.9, 125.2, 1.281
[13:54:44] 161.8, 125.2, 1.291
[13:54:45] 161.5, 125.2, 1.287
[13:54:46] 161.6, 125.2, 1.279
[13:54:47] 161.6, 125.3, 1.281
[13:54:48] 161.6, 125.3, 1.284
[13:54:49] 161.7, 125.2, 1.283
[13:54:50] 161.7, 125.2, 1.283
[13:54:51] 161.7, 125.2, 1.283
[13:54:52] 161.7, 125.2, 1.227
[13:54:53] 161.2, 125.2, 1.278
[13:54:54] 161.3, 125.2, 1.283
[13:54:55] 161.4, 125.2, 1.268
[13:54:56] 161.3, 125.2, 1.274
[13:54:57] 161.4, 125.2, 1.250
[13:54:58] 161.2, 125.3, 1.248
[13:54:59] 160.8, 125.3, 1.259
[13:55:00] 160.7, 125.3, 1.280
[13:55:01] 160.5, 125.3, 1.252
[13:55:02] 160.3, 125.3, 1.258
[13:55:03] 160.5, 125.4, 1.269
[13:55:04] 160.3, 125.4, 1.247
[13:55:05] 160.1, 125.3, 1.270
[13:55:06] 160.0, 125.4, 1.258
[13:55:07] 159.9, 125.3, 1.333
[13:55:08] 160.2, 125.3, 1.235
[13:55:09] 160.4, 125.3, 1.249
[13:55:10] 160.1, 125.3, 1.272
[13:55:11] 160.0, 125.3, 1.242
[13:55:12] 159.9, 125.3, 1.255
[13:55:13] 159.7, 125.2, 1.250
[13:55:14] 159.6, 125.2, 1.328
[13:55:15] 159.9, 125.2, 1.264
[13:55:16] 159.7, 125.3, 1.251
[13:55:17] 159.6, 125.2, 1.244
[13:55:18] 159.5, 125.2, 1.269
[13:55:19] 159.4, 125.3, 1.235
[13:55:20] 159.3, 125.3, 1.246
[13:55:21] 159.1, 125.3, 1.317
[13:55:22] 166.7, 125.3, 1.116
[13:55:23] 147.4, 125.3, 1.107
[13:55:24] 139.6, 125.4, 1.105
[13:55:25] 139.6, 125.4, 1.110
[13:55:26] 139.6, 125.3, 1.103
[13:55:27] 139.6, 125.4, 1.302
[13:55:28] 177.0, 125.4, 1.038
[13:55:29] 132.9, 125.4, 1.102
[13:55:30] 140.1, 125.4, 1.101
[13:55:31] 140.0, 125.4, 1.101
[13:55:32] 139.9, 125.4, 1.293
[13:55:33] 177.2, 125.3, 1.042
[13:55:34] 133.4, 125.4, 1.101
[13:55:35] 139.2, 125.4, 1.099
[13:55:36] 139.2, 125.3, 1.107
[13:55:37] 139.2, 125.3, 1.292
[13:55:38] 178.3, 125.3, 1.043
[13:55:39] 132.5, 125.3, 1.104
[13:55:40] 139.8, 125.3, 1.102
[13:55:41] 139.6, 125.3, 1.104
[13:55:42] 139.7, 125.2, 1.567
[13:55:43] 197.3, 125.3, 1.043
[13:55:44] 128.9, 125.3, 1.101
[13:55:45] 139.4, 125.3, 1.105
[13:55:46] 139.4, 125.3, 1.103
[13:55:47] 139.4, 125.3, 2.103
[13:55:48] 202.9, 125.4, 1.032
[13:55:49] 139.6, 125.3, 1.104
[13:55:50] 139.5, 125.4, 1.098
[13:55:51] 139.4, 125.3, 1.103
[13:55:52] 139.5, 125.0, 3.660
[13:55:53] 195.3, 125.3, 1.016
[13:55:54] 184.1, 125.3, 1.101
[13:55:55] 136.3, 125.3, 1.101
[13:55:56] 136.6, 125.3, 1.102
[13:55:57] 137.0, 125.2, 1.107
[13:55:58] 137.3, 125.1, 2.350
[13:55:59] 279.5, 125.3, 1.077
[13:56:00] 162.6, 125.3, 1.102
[13:56:01] 139.2, 125.3, 1.107
[13:56:02] 139.2, 125.3, 1.099
[13:56:03] 139.3, 125.3, 1.106
[13:56:04] 139.2, 125.2, 2.334
[13:56:05] 297.1, 125.1, 2.405
[13:56:06] 286.2, 125.4, 1.101
[13:56:07] 145.6, 125.3, 1.103
[13:56:08] 139.6, 125.3, 1.100
[13:56:09] 139.5, 125.4, 1.109
[13:56:10] 139.6, 125.3, 1.105
[13:56:11] 178.1, 125.1, 2.341
[13:56:12] 291.6, 125.1, 2.405
[13:56:13] 299.4, 125.1, 2.407
[13:56:14] 299.7, 125.3, 1.341
[13:56:15] 229.4, 125.2, 1.103
[13:56:16] 140.1, 125.3, 1.107
[13:56:17] 140.0, 125.2, 1.108
[13:56:18] 140.0, 125.3, 1.103
[13:56:19] 139.9, 125.1, 2.320
[13:56:20] 242.4, 125.1, 2.338
[13:56:21] 294.2, 125.1, 2.409
[13:56:22] 302.5, 125.1, 2.404
[13:56:23] 302.5, 125.1, 2.412
[13:56:24] 302.5, 125.1, 2.413
[13:56:25] 302.6, 125.1, 2.417
[13:56:26] 302.6, 125.2, 1.608
[13:56:27] 259.8, 125.3, 1.105
[13:56:28] 137.6, 125.3, 1.106
[13:56:29] 137.8, 125.3, 1.104
[13:56:30] 138.1, 125.3, 1.110
[13:56:31] 138.3, 125.2, 2.565
[13:56:32] 219.4, 125.2, 2.342
[13:56:33] 295.6, 125.2, 2.414
[13:56:34] 301.6, 125.1, 2.413
[13:56:35] 301.8, 125.1, 2.418
[13:56:36] 301.9, 125.1, 2.404
[13:56:37] 302.1, 125.1, 2.416
[13:56:38] 302.3, 125.1, 2.415
[13:56:39] 302.5, 125.1, 2.413
[13:56:40] 302.6, 125.2, 2.413
[13:56:41] 302.8, 125.1, 2.416
[13:56:42] 302.9, 125.2, 2.411
[13:56:43] 302.9, 125.2, 2.412
[13:56:44] 303.0, 125.2, 2.415
[13:56:45] 303.0, 125.2, 2.413
[13:56:46] 283.7, 125.3, 1.107
[13:56:47] 138.1, 125.4, 1.104
[13:56:48] 138.3, 125.4, 1.102
[13:56:49] 138.5, 125.4, 1.107
