<<<[09:38:54] 140.5, 125.8, 1.120
[09:38:55] 140.7, 125.8, 1.139
[09:38:56] 141.1, 125.8, 1.161
[09:38:57] 146.3, 125.8, 1.163
[09:38:58] 146.7, 125.8, 1.260
[09:38:59] 158.9, 125.8, 1.264
[09:39:00] 158.9, 125.8, 1.278
[09:39:01] 159.2, 125.8, 1.256
[09:39:02] 159.3, 125.8, 1.249
[09:39:03] 159.1, 125.8, 1.248
[09:39:04] 159.1, 125.8, 1.252
[09:39:05] 159.1, 125.8, 1.131
[09:39:06] 146.3, 125.8, 1.118
[09:39:07] 145.9, 125.7, 1.162
[09:39:08] 146.0, 125.8, 1.165
[09:39:09] 146.3, 125.8, 1.168
[09:39:10] 146.4, 125.8, 1.096
[09:39:11] 169.4, 125.7, 1.116
[09:39:12] 141.2, 125.7, 1.117
[09:39:13] 141.2, 125.7, 1.128
[09:39:14] 141.2, 125.7, 1.111
[09:39:15] 141.2, 125.7, 1.099
[09:39:16] 167.6, 125.7, 1.113
[09:39:17] 140.3, 125.6, 1.114
[09:39:18] 140.3, 125.6, 1.118
[09:39:19] 140.3, 125.6, 1.102
[09:39:20] 140.3, 125.7, 1.101
[09:39:21] 167.3, 125.7, 1.103
[09:39:22] 140.5, 125.7, 1.104
[09:39:23] 140.4, 125.8, 1.110
[09:39:24] 140.4, 125.8, 1.109
[09:39:25] 140.4, 125.8, 1.100
[09:39:26] 167.6, 125.7, 1.104
[09:39:27] 140.3, 125.7, 1.108
[09:39:28] 140.3, 125.7, 1.120
[09:39:29] 140.3, 125.7, 1.119
[09:39:30] 140.3, 125.8, 1.072
[09:39:31] 177.2, 125.7, 1.045
[09:39:32] 134.0, 125.7, 1.103
[09:39:33] 139.8, 125.7, 1.105
[09:39:34] 139.8, 125.8, 1.101
[09:39:35] 139.9, 125.8, 1.075
[09:39:36] 177.8, 125.8, 1.049
[09:39:37] 133.8, 125.8, 1.106
[09:39:38] 140.5, 125.8, 1.104
[09:39:39] 140.4, 125.8, 1.109
[09:39:40] 140.4, 125.7, 1.595
[09:39:41] 195.3, 125.6, 1.048
[09:39:42] 131.4, 125.8, 1.111
[09:39:43] 140.5, 125.8, 1.101
[09:39:44] 140.4, 125.8, 1.110
[09:39:45] 140.4, 125.6, 1.731
[09:39:46] 207.5, 125.8, 1.044
[09:39:47] 135.6, 125.7, 1.104
[09:39:48] 136.1, 125.7, 1.106
[09:39:49] 136.5, 125.7, 1.107
[09:39:50] 137.0, 125.5, 3.238
[09:39:51] 205.5, 125.7, 1.060
[09:39:52] 174.0, 125.7, 1.114
[09:39:53] 137.8, 125.6, 1.113
[09:39:54] 138.0, 125.6, 1.106
[09:39:55] 138.3, 125.6, 1.105
[09:39:56] 138.5, 125.5, 2.348
[09:39:57] 292.2, 125.7, 1.100
[09:39:58] 151.3, 125.7, 1.111
[09:39:59] 139.9, 125.7, 1.105
[09:40:00] 139.9, 125.8, 1.099
[09:40:01] 140.0, 125.8, 1.101
[09:40:02] 140.0, 125.5, 2.351
[09:40:03] 311.4, 125.6, 2.135
[09:40:04] 275.3, 125.7, 1.104
[09:40:05] 143.7, 125.7, 1.112
[09:40:06] 143.2, 125.7, 1.102
[09:40:07] 142.9, 125.7, 1.109
[09:40:08] 142.5, 125.5, 3.495
[09:40:09] 195.1, 125.6, 2.347
[09:40:10] 295.6, 125.5, 2.412
[09:40:11] 301.8, 125.6, 2.405
[09:40:12] 302.0, 125.8, 1.136
[09:40:13] 209.3, 125.8, 1.102
[09:40:14] 140.1, 125.8, 1.106
[09:40:15] 140.1, 125.8, 1.102
[09:40:16] 140.2, 125.7, 1.118
[09:40:17] 140.2, 125.6, 2.375
[09:40:18] 270.5, 125.6, 2.352
[09:40:19] 298.1, 125.5, 2.416
[09:40:20] 304.5, 125.5, 2.415
[09:40:21] 304.5, 125.5, 2.415
[09:40:22] 304.4, 125.4, 2.419
[09:40:23] 304.4, 125.5, 2.416
[09:40:24] 304.5, 125.7, 1.146
[09:40:25] 210.4, 125.7, 1.106
[09:40:26] 140.7, 125.7, 1.103
[09:40:27] 140.6, 125.7, 1.105
[09:40:28] 140.6, 125.7, 1.113
[09:40:29] 140.6, 125.5, 2.377
[09:40:30] 270.5, 125.6, 2.350
[09:40:31] 298.1, 125.6, 2.414
[09:40:32] 304.5, 125.6, 2.416
[09:40:33] 304.5, 125.6, 2.416
[09:40:34] 304.5, 125.6, 2.419
[09:40:35] 304.6, 125.6, 2.410
[09:40:36] 304.6, 125.7, 2.416
[09:40:37] 304.6, 125.6, 2.422
[09:40:38] 304.7, 125.6, 2.414
[09:40:39] 304.8, 125.6, 2.420
[09:40:40] 304.9, 125.7, 2.415
[09:40:41] 304.9, 125.6, 2.409
[09:40:42] 304.9, 125.6, 2.420
[09:40:43] 304.9, 125.8, 1.112
[09:40:44] 187.7, 125.7, 1.107
[09:40:45] 140.3, 125.7, 1.115
[09:40:46] 140.3, 125.7, 1.120
