<<<[00:55:16] 140.6, 126.6, 1.112
[00:55:17] 140.8, 126.6, 1.136
[00:55:18] 141.2, 126.6, 1.139
[00:55:19] 141.6, 126.6, 1.266
[00:55:20] 157.1, 126.6, 1.269
[00:55:21] 157.4, 126.6, 1.245
[00:55:22] 157.7, 126.6, 1.246
[00:55:23] 157.8, 126.6, 1.278
[00:55:24] 158.1, 126.6, 1.161
[00:55:25] 148.6, 126.6, 1.167
[00:55:26] 148.4, 126.6, 1.148
[00:55:27] 148.4, 126.5, 1.154
[00:55:28] 148.4, 126.6, 1.147
[00:55:29] 148.9, 126.6, 1.117
[00:55:30] 163.3, 126.6, 1.119
[00:55:31] 142.3, 126.6, 1.106
[00:55:32] 142.3, 126.5, 1.105
[00:55:33] 142.2, 126.5, 1.117
[00:55:34] 142.7, 126.6, 1.112
[00:55:35] 163.8, 126.6, 1.121
[00:55:36] 141.9, 126.6, 1.099
[00:55:37] 141.8, 126.6, 1.115
[00:55:38] 141.9, 126.6, 1.103
[00:55:39] 164.0, 126.6, 1.057
[00:55:40] 153.3, 126.6, 1.120
[00:55:41] 138.1, 126.6, 1.114
[00:55:42] 138.5, 126.6, 1.108
[00:55:43] 138.9, 126.6, 1.110
[00:55:44] 164.4, 126.6, 1.060
[00:55:45] 153.5, 126.6, 1.106
[00:55:46] 138.1, 126.6, 1.101
[00:55:47] 138.4, 126.6, 1.120
[00:55:48] 138.8, 126.6, 1.103
[00:55:49] 156.2, 126.6, 1.052
[00:55:50] 163.3, 126.6, 1.112
[00:55:51] 137.0, 126.6, 1.115
[00:55:52] 137.5, 126.5, 1.106
[00:55:53] 138.1, 126.6, 1.102
[00:55:54] 138.5, 126.6, 1.021
[00:55:55] 193.2, 126.6, 1.113
[00:55:56] 136.7, 126.6, 1.115
[00:55:57] 137.2, 126.5, 1.111
[00:55:58] 137.8, 126.6, 1.111
[00:55:59] 138.3, 126.6, 1.301
[00:56:00] 210.4, 126.6, 1.101
[00:56:01] 137.0, 126.6, 1.107
[00:56:02] 137.6, 126.6, 1.114
[00:56:03] 138.0, 126.6, 1.101
[00:56:04] 138.5, 126.4, 2.371
[00:56:05] 240.4, 126.6, 1.059
[00:56:06] 141.4, 126.6, 1.110
[00:56:07] 141.4, 126.6, 1.112
[00:56:08] 141.4, 126.6, 1.114
[00:56:09] 141.5, 126.5, 1.715
[00:56:10] 187.2, 126.5, 1.986
[00:56:11] 270.6, 126.6, 1.121
[00:56:12] 147.0, 126.6, 1.101
[00:56:13] 141.6, 126.6, 1.112
[00:56:14] 141.6, 126.6, 1.104
[00:56:15] 141.5, 126.4, 3.548
[00:56:16] 199.1, 126.5, 2.368
[00:56:17] 300.1, 126.5, 1.612
[00:56:18] 258.7, 126.6, 1.115
[00:56:19] 139.2, 126.6, 1.112
[00:56:20] 139.5, 126.7, 1.102
[00:56:21] 139.7, 126.7, 1.107
[00:56:22] 140.0, 126.5, 2.410
[00:56:23] 226.5, 126.5, 2.365
[00:56:24] 300.5, 126.5, 2.430
[00:56:25] 308.1, 126.5, 2.432
[00:56:26] 308.1, 126.6, 1.086
[00:56:27] 196.4, 126.6, 1.108
[00:56:28] 141.9, 126.6, 1.115
[00:56:29] 141.8, 126.6, 1.108
[00:56:30] 141.8, 126.6, 1.099
[00:56:31] 141.7, 126.5, 2.375
[00:56:32] 285.5, 126.5, 2.394
[00:56:33] 302.9, 126.4, 2.433
[00:56:34] 308.6, 126.5, 2.436
[00:56:35] 308.7, 126.5, 2.435
[00:56:36] 308.7, 126.4, 2.441
[00:56:37] 308.7, 126.5, 2.435
[00:56:38] 308.7, 126.6, 1.407
[00:56:39] 237.1, 126.6, 1.107
[00:56:40] 141.9, 126.6, 1.126
[00:56:41] 141.8, 126.6, 1.114
[00:56:42] 141.8, 126.6, 1.101
[00:56:43] 141.8, 126.5, 2.334
[00:56:44] 242.9, 126.5, 2.371
[00:56:45] 301.0, 126.4, 2.436
[00:56:46] 309.0, 126.5, 2.437
[00:56:47] 309.0, 126.5, 2.432
[00:56:48] 309.0, 126.5, 2.432
[00:56:49] 309.0, 126.5, 2.433
[00:56:50] 308.9, 126.4, 2.436
[00:56:51] 308.9, 126.4, 2.436
[00:56:52] 309.0, 126.5, 2.437
[00:56:53] 309.0, 126.5, 2.434
[00:56:54] 309.0, 126.4, 2.436
[00:56:55] 309.1, 126.4, 2.437
[00:56:56] 309.1, 126.4, 2.439
[00:56:57] 309.1, 126.4, 2.440
[00:56:58] 309.1, 126.6, 1.105
[00:56:59] 141.8, 126.6, 1.106
[00:57:00] 141.8, 126.6, 1.109
[00:57:01] 141.8, 126.6, 1.109
