<<<[09:14:43] 143.4, 125.8, 1.137
[09:14:44] 143.4, 125.8, 1.152
[09:14:45] 143.8, 125.8, 1.156
[09:14:46] 144.2, 125.8, 1.257
[09:14:47] 158.2, 125.8, 1.234
[09:14:48] 157.8, 125.8, 1.168
[09:14:49] 146.5, 125.8, 1.163
[09:14:50] 146.6, 125.8, 1.175
[09:14:51] 146.9, 125.8, 1.176
[09:14:52] 147.2, 125.8, 1.206
[09:14:53] 160.6, 125.8, 1.123
[09:14:54] 160.0, 125.8, 1.119
[09:14:55] 142.8, 125.8, 1.111
[09:14:56] 142.7, 125.7, 1.122
[09:14:57] 142.8, 125.8, 1.177
[09:14:58] 157.1, 125.8, 1.102
[09:14:59] 156.9, 125.7, 1.102
[09:15:00] 140.8, 125.6, 1.114
[09:15:01] 140.8, 125.7, 1.109
[09:15:02] 140.8, 125.6, 1.146
[09:15:03] 154.4, 125.7, 1.105
[09:15:04] 154.5, 125.7, 1.101
[09:15:05] 140.5, 125.6, 1.116
[09:15:06] 140.6, 125.7, 1.113
[09:15:07] 140.7, 125.7, 1.137
[09:15:08] 154.2, 125.7, 1.107
[09:15:09] 154.3, 125.7, 1.105
[09:15:10] 140.8, 125.8, 1.107
[09:15:11] 140.7, 125.7, 1.111
[09:15:12] 140.8, 125.8, 1.125
[09:15:13] 153.0, 125.8, 1.111
[09:15:14] 153.2, 125.7, 1.107
[09:15:15] 141.0, 125.7, 1.107
[09:15:16] 141.0, 125.7, 1.110
[09:15:17] 140.9, 125.8, 1.115
[09:15:18] 151.9, 125.7, 1.109
[09:15:19] 152.3, 125.8, 1.109
[09:15:20] 140.5, 125.7, 1.104
[09:15:21] 140.5, 125.7, 1.120
[09:15:22] 140.5, 125.7, 1.114
[09:15:23] 166.4, 125.7, 1.039
[09:15:24] 144.6, 125.7, 1.100
[09:15:25] 136.1, 125.7, 1.102
[09:15:26] 136.6, 125.8, 1.109
[09:15:27] 137.1, 125.7, 1.126
[09:15:28] 143.0, 125.7, 1.066
[09:15:29] 179.6, 125.7, 1.109
[09:15:30] 136.3, 125.8, 1.112
[09:15:31] 136.8, 125.7, 1.099
[09:15:32] 137.3, 125.7, 1.106
[09:15:33] 137.7, 125.6, 1.567
[09:15:34] 202.6, 125.8, 1.068
[09:15:35] 134.3, 125.7, 1.098
[09:15:36] 139.8, 125.8, 1.107
[09:15:37] 139.8, 125.8, 1.119
[09:15:38] 140.0, 125.7, 1.729
[09:15:39] 202.4, 125.7, 1.062
[09:15:40] 160.8, 125.7, 1.105
[09:15:41] 140.7, 125.8, 1.103
[09:15:42] 140.6, 125.7, 1.101
[09:15:43] 140.6, 125.8, 1.103
[09:15:44] 140.6, 125.8, 1.737
[09:15:45] 232.4, 125.8, 1.072
[09:15:46] 182.3, 125.8, 1.105
[09:15:47] 140.7, 125.8, 1.115
[09:15:48] 140.7, 125.8, 1.117
[09:15:49] 140.7, 125.7, 1.119
[09:15:50] 140.8, 125.7, 1.781
[09:15:51] 214.3, 125.6, 1.743
[09:15:52] 221.2, 125.6, 1.731
[09:15:53] 221.4, 125.7, 1.111
[09:15:54] 141.6, 125.8, 1.110
[09:15:55] 141.5, 125.7, 1.101
[09:15:56] 141.4, 125.8, 1.104
[09:15:57] 141.2, 125.5, 3.397
[09:15:58] 179.8, 125.6, 1.742
[09:15:59] 218.9, 125.7, 1.805
[09:16:00] 225.6, 125.6, 1.810
[09:16:01] 225.9, 125.6, 1.810
[09:16:02] 226.3, 125.6, 1.657
[09:16:03] 225.7, 125.8, 1.106
[09:16:04] 141.6, 125.7, 1.108
[09:16:05] 141.4, 125.7, 1.108
[09:16:06] 141.3, 125.8, 1.113
[09:16:07] 141.2, 125.6, 2.779
[09:16:08] 183.2, 125.7, 1.744
[09:16:09] 221.0, 125.7, 1.810
[09:16:10] 226.5, 125.6, 1.811
[09:16:11] 226.8, 125.6, 1.811
[09:16:12] 227.0, 125.6, 1.812
[09:16:13] 227.2, 125.6, 1.813
[09:16:14] 227.5, 125.6, 1.812
[09:16:15] 227.7, 125.6, 1.812
[09:16:16] 227.8, 125.7, 1.811
[09:16:17] 228.0, 125.7, 1.619
[09:16:18] 205.8, 125.7, 1.109
[09:16:19] 141.0, 125.7, 1.112
[09:16:20] 141.0, 125.6, 1.113
[09:16:21] 141.1, 125.7, 1.103
[09:16:22] 141.0, 125.6, 1.835
[09:16:23] 196.2, 125.7, 1.749
[09:16:24] 221.2, 125.7, 1.811
[09:16:25] 228.5, 125.7, 1.810
[09:16:26] 228.5, 125.7, 1.811
[09:16:27] 228.5, 125.6, 1.813
[09:16:28] 228.6, 125.5, 1.813
[09:16:29] 228.6, 125.6, 1.810
[09:16:30] 228.6, 125.6, 1.812
[09:16:31] 228.7, 125.6, 1.812
[09:16:32] 228.8, 125.6, 1.812
[09:16:33] 228.8, 125.6, 1.814
[09:16:34] 228.8, 125.6, 1.813
[09:16:35] 228.8, 125.6, 1.813
[09:16:36] 228.9, 125.6, 1.813
[09:16:37] 228.9, 125.6, 1.813
[09:16:38] 228.9, 125.6, 1.814
[09:16:39] 228.9, 125.6, 1.815
[09:16:40] 229.0, 125.7, 1.811
[09:16:41] 229.0, 125.7, 1.815
[09:16:42] 229.1, 125.8, 1.102
[09:16:43] 161.3, 125.7, 1.113
[09:16:44] 141.2, 125.8, 1.111
[09:16:45] 164.0, 125.8, 1.111
[09:16:46] 142.1, 125.7, 1.135
