<<<[22:00:08] 140.1, 125.6, 1.132
[22:00:09] 140.5, 125.6, 1.135
[22:00:10] 141.0, 125.6, 1.142
[22:00:11] 141.4, 125.6, 1.267
[22:00:12] 156.8, 125.6, 1.177
[22:00:13] 149.4, 125.7, 1.180
[22:00:14] 149.3, 125.7, 1.179
[22:00:15] 149.4, 125.6, 1.184
[22:00:16] 149.4, 125.7, 1.172
[22:00:17] 149.4, 125.7, 1.167
[22:00:18] 172.7, 125.7, 1.145
[22:00:19] 146.6, 125.7, 1.150
[22:00:20] 146.4, 125.6, 1.136
[22:00:21] 146.2, 125.7, 1.132
[22:00:22] 145.8, 125.7, 1.159
[22:00:23] 169.4, 125.7, 1.125
[22:00:24] 142.8, 125.7, 1.128
[22:00:25] 142.7, 125.7, 1.115
[22:00:26] 142.6, 125.7, 1.109
[22:00:27] 142.5, 125.7, 1.163
[22:00:28] 168.5, 125.7, 1.111
[22:00:29] 141.0, 125.7, 1.114
[22:00:30] 140.9, 125.6, 1.115
[22:00:31] 141.0, 125.6, 1.117
[22:00:32] 141.0, 125.7, 1.181
[22:00:33] 168.7, 125.6, 1.114
[22:00:34] 141.2, 125.6, 1.114
[22:00:35] 141.1, 125.7, 1.110
[22:00:36] 141.1, 125.7, 1.106
[22:00:37] 141.0, 125.7, 1.197
[22:00:38] 168.2, 125.6, 1.110
[22:00:39] 141.0, 125.6, 1.108
[22:00:40] 140.9, 125.7, 1.105
[22:00:41] 140.8, 125.6, 1.111
[22:00:42] 140.8, 125.6, 1.219
[22:00:43] 167.8, 125.6, 1.109
[22:00:44] 141.2, 125.6, 1.107
[22:00:45] 141.0, 125.6, 1.106
[22:00:46] 140.9, 125.6, 1.103
[22:00:47] 140.8, 125.6, 1.233
[22:00:48] 167.6, 125.6, 1.099
[22:00:49] 139.9, 125.6, 1.100
[22:00:50] 139.8, 125.6, 1.104
[22:00:51] 139.8, 125.6, 1.104
[22:00:52] 139.9, 125.6, 1.238
[22:00:53] 176.5, 125.6, 1.039
[22:00:54] 132.9, 125.6, 1.097
[22:00:55] 139.8, 125.6, 1.103
[22:00:56] 139.8, 125.6, 1.101
[22:00:57] 139.7, 125.6, 1.246
[22:00:58] 175.4, 125.6, 1.042
[22:00:59] 132.7, 125.7, 1.099
[22:01:00] 139.6, 125.6, 1.097
[22:01:01] 139.6, 125.6, 1.106
[22:01:02] 139.6, 125.5, 1.606
[22:01:03] 190.8, 125.6, 1.039
[22:01:04] 129.3, 125.6, 1.100
[22:01:05] 139.4, 125.6, 1.101
[22:01:06] 139.4, 125.6, 1.101
[22:01:07] 139.4, 125.6, 2.057
[22:01:08] 189.2, 125.6, 1.036
[22:01:09] 140.1, 125.7, 1.096
[22:01:10] 139.8, 125.7, 1.102
[22:01:11] 139.8, 125.7, 1.104
[22:01:12] 139.8, 125.6, 1.687
[22:01:13] 175.4, 125.7, 1.010
[22:01:14] 175.3, 125.6, 1.100
[22:01:15] 136.3, 125.7, 1.097
[22:01:16] 136.6, 125.6, 1.100
[22:01:17] 137.0, 125.7, 1.102
[22:01:18] 137.3, 125.6, 1.883
[22:01:19] 221.0, 125.7, 1.007
[22:01:20] 177.6, 125.8, 1.103
[22:01:21] 139.8, 125.7, 1.108
[22:01:22] 139.8, 125.6, 1.113
[22:01:23] 139.9, 125.7, 1.102
[22:01:24] 139.9, 125.6, 1.884
[22:01:25] 223.9, 125.6, 1.848
[22:01:26] 234.2, 125.7, 1.074
[22:01:27] 183.9, 125.7, 1.103
[22:01:28] 139.4, 125.7, 1.101
[22:01:29] 139.4, 125.7, 1.106
[22:01:30] 139.4, 125.7, 1.099
[22:01:31] 139.5, 125.6, 1.866
[22:01:32] 229.5, 125.6, 1.853
[22:01:33] 235.0, 125.6, 1.907
[22:01:34] 240.9, 125.7, 1.909
[22:01:35] 240.9, 125.7, 1.111
[22:01:36] 165.6, 125.7, 1.099
[22:01:37] 139.6, 125.7, 1.107
[22:01:38] 139.6, 125.7, 1.101
[22:01:39] 139.6, 125.6, 1.105
[22:01:40] 139.6, 125.6, 1.846
[22:01:41] 241.3, 125.6, 1.909
[22:01:42] 235.9, 125.6, 1.910
[22:01:43] 241.1, 125.6, 1.910
[22:01:44] 241.0, 125.5, 1.912
[22:01:45] 241.0, 125.6, 1.910
[22:01:46] 241.0, 125.6, 1.911
[22:01:47] 241.0, 125.6, 1.906
[22:01:48] 235.2, 125.7, 1.107
[22:01:49] 150.8, 125.6, 1.102
[22:01:50] 139.6, 125.7, 1.106
[22:01:51] 139.6, 125.7, 1.102
[22:01:52] 139.6, 125.7, 1.117
[22:01:53] 173.8, 125.6, 1.848
[22:01:54] 230.4, 125.6, 1.907
[22:01:55] 237.5, 125.6, 1.910
[22:01:56] 237.9, 125.6, 1.912
[22:01:57] 238.3, 125.6, 1.913
[22:01:58] 238.7, 125.6, 1.914
[22:01:59] 239.0, 125.6, 1.915
[22:02:00] 239.3, 125.6, 1.914
[22:02:01] 239.6, 125.6, 1.916
[22:02:02] 239.9, 125.6, 1.916
[22:02:03] 240.1, 125.6, 1.918
[22:02:04] 240.4, 125.6, 1.917
[22:02:05] 240.5, 125.6, 1.916
[22:02:06] 240.7, 125.6, 1.914
[22:02:07] 240.8, 125.6, 1.918
[22:02:08] 241.0, 125.7, 1.106
[22:02:09] 170.7, 125.7, 1.105
[22:02:10] 139.9, 125.6, 1.110
[22:02:11] 139.9, 125.7, 1.104
[22:02:12] 139.9, 125.7, 1.102
