<<<[01:02:51] 145.0, 126.7, 1.116
[01:02:52] 144.6, 126.6, 1.115
[01:02:53] 144.4, 126.7, 1.130
[01:02:54] 144.3, 126.6, 1.228
[01:02:55] 155.0, 126.6, 1.260
[01:02:56] 160.4, 126.7, 1.240
[01:02:57] 160.3, 126.7, 1.238
[01:02:58] 160.1, 126.7, 1.240
[01:02:59] 159.9, 126.7, 1.255
[01:03:00] 159.8, 126.7, 1.168
[01:03:01] 149.5, 126.6, 1.166
[01:03:02] 149.4, 126.7, 1.168
[01:03:03] 149.5, 126.6, 1.177
[01:03:04] 149.5, 126.7, 1.155
[01:03:05] 149.3, 126.7, 1.115
[01:03:06] 166.9, 126.7, 1.099
[01:03:07] 140.5, 126.7, 1.101
[01:03:08] 140.4, 126.6, 1.100
[01:03:09] 140.4, 126.7, 1.101
[01:03:10] 140.5, 126.7, 1.107
[01:03:11] 166.9, 126.7, 1.095
[01:03:12] 140.1, 126.7, 1.098
[01:03:13] 140.1, 126.7, 1.104
[01:03:14] 140.2, 126.7, 1.103
[01:03:15] 140.2, 126.7, 1.118
[01:03:16] 167.1, 126.7, 1.098
[01:03:17] 140.1, 126.7, 1.101
[01:03:18] 140.1, 126.7, 1.102
[01:03:19] 140.1, 126.6, 1.107
[01:03:20] 140.2, 126.7, 1.057
[01:03:21] 174.3, 126.7, 1.104
[01:03:22] 136.1, 126.7, 1.099
[01:03:23] 136.6, 126.7, 1.093
[01:03:24] 137.0, 126.7, 1.093
[01:03:25] 137.5, 126.7, 1.063
[01:03:26] 176.5, 126.6, 1.105
[01:03:27] 135.8, 126.7, 1.104
[01:03:28] 136.3, 126.7, 1.099
[01:03:29] 136.8, 126.7, 1.096
[01:03:30] 137.2, 126.7, 0.983
[01:03:31] 191.3, 126.7, 1.103
[01:03:32] 135.2, 126.7, 1.101
[01:03:33] 135.8, 126.7, 1.096
[01:03:34] 136.3, 126.7, 1.088
[01:03:35] 136.8, 126.7, 1.507
[01:03:36] 208.4, 126.7, 1.062
[01:03:37] 134.9, 126.7, 1.107
[01:03:38] 140.3, 126.7, 1.095
[01:03:39] 140.2, 126.7, 1.099
[01:03:40] 140.2, 126.5, 2.291
[01:03:41] 233.3, 126.7, 1.032
[01:03:42] 142.1, 126.7, 1.104
[01:03:43] 141.8, 126.7, 1.100
[01:03:44] 141.6, 126.7, 1.100
[01:03:45] 141.4, 126.7, 1.105
[01:03:46] 179.6, 126.7, 2.052
[01:03:47] 264.8, 126.7, 1.094
[01:03:48] 136.7, 126.8, 1.096
[01:03:49] 137.1, 126.7, 1.093
[01:03:50] 137.4, 126.7, 1.089
[01:03:51] 137.8, 126.5, 3.405
[01:03:52] 192.8, 126.6, 2.300
[01:03:53] 291.8, 126.7, 1.501
[01:03:54] 238.8, 126.7, 1.096
[01:03:55] 140.7, 126.7, 1.105
[01:03:56] 140.6, 126.7, 1.096
[01:03:57] 140.5, 126.7, 1.099
[01:03:58] 140.5, 126.6, 2.319
[01:03:59] 227.6, 126.5, 2.296
[01:04:00] 292.9, 126.6, 2.364
[01:04:01] 300.0, 126.5, 2.359
[01:04:02] 300.0, 126.7, 1.116
[01:04:03] 171.6, 126.7, 1.096
[01:04:04] 140.1, 126.7, 1.093
[01:04:05] 140.1, 126.7, 1.103
[01:04:06] 140.1, 126.7, 1.100
[01:04:07] 140.1, 126.5, 2.297
[01:04:08] 298.0, 126.5, 2.368
[01:04:09] 297.7, 126.6, 2.355
[01:04:10] 298.0, 126.6, 2.365
[01:04:11] 298.3, 126.5, 2.360
[01:04:12] 298.6, 126.5, 2.364
[01:04:13] 298.8, 126.6, 2.359
[01:04:14] 299.1, 126.7, 1.121
[01:04:15] 179.0, 126.7, 1.103
[01:04:16] 140.8, 126.7, 1.100
[01:04:17] 140.7, 126.7, 1.104
[01:04:18] 140.7, 126.7, 1.104
[01:04:19] 140.6, 126.6, 2.294
[01:04:20] 286.2, 126.5, 2.357
[01:04:21] 295.1, 126.6, 2.359
[01:04:22] 300.3, 126.6, 2.366
[01:04:23] 300.3, 126.5, 2.363
[01:04:24] 300.4, 126.6, 2.368
[01:04:25] 300.5, 126.6, 2.364
[01:04:26] 300.6, 126.6, 2.370
[01:04:27] 300.7, 126.5, 2.367
[01:04:28] 300.8, 126.6, 2.371
[01:04:29] 300.9, 126.6, 2.366
[01:04:30] 301.0, 126.5, 2.373
[01:04:31] 301.1, 126.6, 2.371
[01:04:32] 301.1, 126.5, 2.373
[01:04:33] 301.2, 126.7, 1.111
[01:04:34] 190.3, 126.7, 1.099
[01:04:35] 140.8, 126.7, 1.098
[01:04:36] 140.7, 126.7, 1.100
[01:04:37] 140.8, 126.7, 1.103
