<<<[20:23:07] 142.2, 125.8, 1.116
[20:23:08] 142.2, 125.8, 1.130
[20:23:09] 142.2, 125.8, 1.131
[20:23:10] 142.4, 125.8, 1.272
[20:23:11] 155.5, 125.8, 1.242
[20:23:12] 155.8, 125.8, 1.263
[20:23:13] 156.1, 125.8, 1.180
[20:23:14] 148.6, 125.8, 1.161
[20:23:15] 148.6, 125.8, 1.179
[20:23:16] 148.7, 125.8, 1.178
[20:23:17] 148.8, 125.8, 1.177
[20:23:18] 149.1, 125.8, 1.116
[20:23:19] 165.1, 125.8, 1.102
[20:23:20] 140.1, 125.8, 1.101
[20:23:21] 140.1, 125.7, 1.113
[20:23:22] 140.1, 125.8, 1.101
[20:23:23] 140.4, 125.8, 1.111
[20:23:24] 164.4, 125.7, 1.102
[20:23:25] 139.9, 125.7, 1.104
[20:23:26] 139.9, 125.7, 1.101
[20:23:27] 139.8, 125.7, 1.098
[20:23:28] 140.1, 125.6, 1.112
[20:23:29] 165.1, 125.7, 1.101
[20:23:30] 139.9, 125.8, 1.100
[20:23:31] 139.8, 125.7, 1.097
[20:23:32] 139.8, 125.7, 1.104
[20:23:33] 146.8, 125.8, 1.056
[20:23:34] 166.9, 125.8, 1.104
[20:23:35] 135.4, 125.8, 1.098
[20:23:36] 135.9, 125.8, 1.104
[20:23:37] 136.3, 125.8, 1.100
[20:23:38] 146.8, 125.8, 1.060
[20:23:39] 167.8, 125.8, 1.101
[20:23:40] 135.4, 125.8, 1.103
[20:23:41] 135.9, 125.8, 1.100
[20:23:42] 136.4, 125.8, 1.099
[20:23:43] 136.8, 125.9, 1.055
[20:23:44] 175.6, 125.8, 1.108
[20:23:45] 134.9, 125.8, 1.101
[20:23:46] 135.5, 125.8, 1.099
[20:23:47] 136.0, 125.8, 1.103
[20:23:48] 136.4, 125.8, 0.989
[20:23:49] 190.1, 125.7, 1.107
[20:23:50] 134.9, 125.7, 1.099
[20:23:51] 135.4, 125.7, 1.099
[20:23:52] 136.0, 125.8, 1.103
[20:23:53] 136.4, 125.8, 1.434
[20:23:54] 207.5, 125.8, 1.050
[20:23:55] 133.6, 125.8, 1.096
[20:23:56] 139.2, 125.7, 1.104
[20:23:57] 139.2, 125.8, 1.103
[20:23:58] 139.2, 125.6, 2.234
[20:23:59] 231.4, 125.8, 1.059
[20:24:00] 156.2, 125.7, 1.102
[20:24:01] 138.7, 125.7, 1.101
[20:24:02] 138.8, 125.7, 1.102
[20:24:03] 138.9, 125.7, 1.097
[20:24:04] 139.0, 125.6, 2.266
[20:24:05] 301.2, 125.8, 1.123
[20:24:06] 163.1, 125.8, 1.099
[20:24:07] 139.6, 125.8, 1.098
[20:24:08] 139.5, 125.8, 1.103
[20:24:09] 139.5, 125.8, 1.103
[20:24:10] 139.6, 125.6, 2.266
[20:24:11] 295.8, 125.6, 2.337
[20:24:12] 289.1, 125.8, 1.113
[20:24:13] 173.8, 125.8, 1.102
[20:24:14] 140.1, 125.8, 1.098
[20:24:15] 140.0, 125.8, 1.095
[20:24:16] 139.9, 125.8, 1.103
[20:24:17] 139.9, 125.6, 2.265
[20:24:18] 285.7, 125.6, 2.323
[20:24:19] 286.0, 125.6, 2.329
[20:24:20] 294.0, 125.6, 2.329
[20:24:21] 293.9, 125.8, 1.058
[20:24:22] 200.6, 125.8, 1.099
[20:24:23] 139.6, 125.8, 1.099
[20:24:24] 139.6, 125.8, 1.103
[20:24:25] 139.6, 125.8, 1.102
[20:24:26] 139.6, 125.7, 2.293
[20:24:27] 263.0, 125.6, 2.267
[20:24:28] 287.6, 125.6, 2.330
[20:24:29] 294.0, 125.6, 2.330
[20:24:30] 293.9, 125.6, 2.333
[20:24:31] 294.0, 125.6, 2.332
[20:24:32] 294.0, 125.6, 2.335
[20:24:33] 294.0, 125.6, 2.334
[20:24:34] 294.1, 125.7, 1.526
[20:24:35] 240.4, 125.8, 1.110
[20:24:36] 140.1, 125.8, 1.106
[20:24:37] 140.0, 125.8, 1.108
[20:24:38] 140.0, 125.8, 1.103
[20:24:39] 140.0, 125.6, 2.340
[20:24:40] 220.7, 125.6, 2.267
[20:24:41] 286.6, 125.6, 2.331
[20:24:42] 292.5, 125.6, 2.335
[20:24:43] 292.7, 125.6, 2.336
[20:24:44] 292.9, 125.6, 2.334
[20:24:45] 293.2, 125.6, 2.336
[20:24:46] 293.3, 125.6, 2.333
[20:24:47] 293.4, 125.6, 2.334
[20:24:48] 293.6, 125.6, 2.338
[20:24:49] 293.8, 125.6, 2.336
[20:24:50] 293.9, 125.6, 2.334
[20:24:51] 294.0, 125.6, 2.335
[20:24:52] 294.1, 125.5, 2.341
[20:24:53] 294.2, 125.5, 2.337
[20:24:54] 294.3, 125.5, 2.342
[20:24:55] 294.4, 125.5, 2.337
[20:24:56] 294.5, 125.7, 1.103
[20:24:57] 162.7, 125.7, 1.106
[20:24:58] 140.3, 125.8, 1.105
[20:24:59] 140.2, 125.7, 1.101
