<<<[09:29:46] 142.1, 125.9, 1.126
[09:29:47] 142.3, 125.8, 1.157
[09:29:48] 142.7, 125.9, 1.166
[09:29:49] 143.3, 125.9, 1.231
[09:29:50] 156.1, 125.9, 1.216
[09:29:51] 156.5, 125.9, 1.241
[09:29:52] 156.6, 125.8, 1.241
[09:29:53] 156.7, 125.9, 1.242
[09:29:54] 156.8, 125.9, 1.240
[09:29:55] 156.9, 125.9, 1.165
[09:29:56] 156.7, 125.9, 1.170
[09:29:57] 148.4, 125.9, 1.178
[09:29:58] 148.5, 125.9, 1.170
[09:29:59] 148.6, 126.0, 1.174
[09:30:00] 148.7, 125.9, 2.259
[09:30:01] 186.3, 125.9, 1.073
[09:30:02] 135.8, 125.9, 1.150
[09:30:03] 143.9, 125.9, 1.158
[09:30:04] 144.2, 125.8, 1.161
[09:30:05] 144.5, 125.8, 2.914
[09:30:06] 182.3, 125.9, 1.065
[09:30:07] 146.8, 125.9, 1.142
[09:30:08] 146.3, 125.9, 1.137
[09:30:09] 146.0, 125.9, 1.152
[09:30:10] 145.9, 125.9, 1.210
[09:30:11] 178.1, 125.9, 1.073
[09:30:12] 157.7, 125.9, 1.151
[09:30:13] 140.8, 125.9, 1.130
[09:30:14] 141.4, 125.9, 1.135
[09:30:15] 141.8, 125.9, 1.118
[09:30:16] 141.9, 125.9, 1.572
[09:30:17] 221.9, 125.9, 1.129
[09:30:18] 138.5, 125.9, 1.177
[09:30:19] 145.2, 125.9, 1.164
[09:30:20] 145.1, 125.9, 1.130
[09:30:21] 145.0, 125.7, 2.506
[09:30:22] 189.4, 125.8, 1.602
[09:30:23] 213.3, 125.8, 1.145
[09:30:24] 141.4, 125.8, 1.172
[09:30:25] 141.9, 125.8, 1.122
[09:30:26] 142.2, 125.8, 1.123
[09:30:27] 142.6, 125.6, 3.090
[09:30:28] 183.7, 125.8, 1.730
[09:30:29] 218.7, 125.8, 1.791
[09:30:30] 219.0, 125.9, 1.158
[09:30:31] 156.6, 125.8, 1.171
[09:30:32] 145.9, 125.9, 1.120
[09:30:33] 145.7, 125.9, 1.120
[09:30:34] 145.6, 125.9, 1.155
[09:30:35] 175.2, 125.8, 1.729
[09:30:36] 215.8, 125.8, 1.790
[09:30:37] 223.6, 125.8, 1.794
[09:30:38] 224.0, 125.8, 1.795
[09:30:39] 224.3, 125.9, 1.140
[09:30:40] 171.3, 125.8, 1.156
[09:30:41] 144.6, 125.8, 1.122
[09:30:42] 144.7, 125.8, 1.173
[09:30:43] 144.7, 125.8, 1.153
[09:30:44] 144.7, 125.6, 1.728
[09:30:45] 225.2, 125.7, 1.765
[09:30:46] 224.7, 125.7, 1.794
[09:30:47] 224.9, 125.8, 1.794
[09:30:48] 225.2, 125.8, 1.794
[09:30:49] 225.4, 125.8, 1.793
[09:30:50] 225.6, 125.8, 1.795
[09:30:51] 225.7, 125.8, 1.795
[09:30:52] 225.9, 125.7, 1.682
[09:30:53] 225.3, 125.8, 1.138
[09:30:54] 144.1, 125.8, 1.157
[09:30:55] 144.3, 125.8, 1.172
[09:30:56] 144.4, 125.8, 1.152
[09:30:57] 144.4, 125.6, 3.187
[09:30:58] 182.8, 125.7, 1.731
[09:30:59] 218.9, 125.7, 1.794
[09:31:00] 224.5, 125.8, 1.794
[09:31:01] 224.8, 125.8, 1.794
[09:31:02] 225.0, 125.8, 1.792
[09:31:03] 225.2, 125.7, 1.793
[09:31:04] 225.4, 125.8, 1.793
[09:31:05] 225.6, 125.8, 1.794
[09:31:06] 225.8, 125.8, 1.789
[09:31:07] 225.9, 125.7, 1.795
[09:31:08] 226.0, 125.8, 1.794
[09:31:09] 226.2, 125.8, 1.795
[09:31:10] 226.3, 125.8, 1.796
[09:31:11] 226.4, 125.7, 1.796
[09:31:12] 226.5, 125.8, 1.796
[09:31:13] 226.6, 125.8, 1.796
[09:31:14] 226.7, 125.7, 1.797
[09:31:15] 214.7, 125.9, 1.131
[09:31:16] 145.7, 125.9, 1.120
[09:31:17] 145.7, 125.9, 1.167
[09:31:18] 145.6, 125.9, 1.140
