<<<[15:47:07] 142.8, 125.0, 1.149
[15:47:08] 143.1, 125.0, 1.171
[15:47:09] 143.5, 124.9, 1.179
[15:47:10] 144.0, 125.0, 1.220
[15:47:11] 154.2, 125.0, 1.180
[15:47:12] 147.5, 125.0, 1.174
[15:47:13] 147.6, 125.0, 1.183
[15:47:14] 147.7, 125.1, 1.177
[15:47:15] 147.8, 125.1, 1.179
[15:47:16] 147.9, 125.1, 1.141
[15:47:17] 167.6, 125.0, 1.114
[15:47:18] 140.8, 125.1, 1.112
[15:47:19] 140.8, 125.1, 1.121
[15:47:20] 140.8, 125.1, 1.117
[15:47:21] 140.9, 125.1, 1.142
[15:47:22] 167.5, 125.1, 1.118
[15:47:23] 141.0, 125.1, 1.112
[15:47:24] 140.9, 125.0, 1.111
[15:47:25] 140.9, 125.0, 1.118
[15:47:26] 140.9, 125.0, 1.130
[15:47:27] 166.4, 125.0, 1.117
[15:47:28] 140.1, 125.0, 1.109
[15:47:29] 140.0, 125.0, 1.121
[15:47:30] 140.1, 125.0, 1.118
[15:47:31] 140.2, 125.0, 1.132
[15:47:32] 166.7, 125.0, 1.109
[15:47:33] 140.3, 125.0, 1.113
[15:47:34] 140.3, 125.0, 1.113
[15:47:35] 140.3, 125.0, 1.114
[15:47:36] 140.3, 125.0, 1.130
[15:47:37] 166.4, 125.0, 1.114
[15:47:38] 140.5, 125.0, 1.107
[15:47:39] 140.4, 125.1, 1.110
[15:47:40] 140.3, 125.1, 1.108
[15:47:41] 140.4, 125.0, 1.133
[15:47:42] 166.7, 125.0, 1.107
[15:47:43] 139.9, 125.0, 1.114
[15:47:44] 139.9, 125.1, 1.108
[15:47:45] 139.8, 125.1, 1.108
[15:47:46] 139.9, 125.1, 1.126
[15:47:47] 165.6, 125.1, 1.105
[15:47:48] 139.6, 125.1, 1.102
[15:47:49] 139.5, 125.1, 1.112
[15:47:50] 139.6, 125.1, 1.106
[15:47:51] 139.6, 125.0, 1.061
[15:47:52] 172.7, 125.1, 1.106
[15:47:53] 134.9, 125.1, 1.109
[15:47:54] 135.5, 125.1, 1.102
[15:47:55] 136.0, 125.1, 1.107
[15:47:56] 136.4, 125.1, 1.071
[15:47:57] 172.5, 125.0, 1.102
[15:47:58] 134.1, 125.0, 1.102
[15:47:59] 139.4, 125.0, 1.107
[15:48:00] 139.4, 125.0, 1.107
[15:48:01] 139.4, 124.9, 1.034
[15:48:02] 185.0, 124.8, 1.075
[15:48:03] 134.3, 124.9, 1.104
[15:48:04] 139.4, 124.9, 1.106
[15:48:05] 139.4, 124.9, 1.106
[15:48:06] 139.4, 124.8, 1.607
[15:48:07] 195.7, 124.9, 1.047
[15:48:08] 132.0, 124.9, 1.113
[15:48:09] 139.4, 124.9, 1.105
[15:48:10] 139.4, 124.9, 1.106
[15:48:11] 139.4, 124.8, 1.993
[15:48:12] 199.1, 125.0, 1.035
[15:48:13] 148.1, 125.0, 1.104
[15:48:14] 138.7, 125.0, 1.106
[15:48:15] 138.7, 124.9, 1.101
[15:48:16] 138.8, 125.0, 1.105
[15:48:17] 138.9, 124.9, 1.855
[15:48:18] 246.2, 125.0, 1.109
[15:48:19] 150.4, 125.0, 1.111
[15:48:20] 139.0, 124.9, 1.117
[15:48:21] 139.1, 124.9, 1.108
[15:48:22] 139.1, 124.9, 1.114
[15:48:23] 139.2, 124.9, 1.857
[15:48:24] 247.5, 124.8, 1.928
[15:48:25] 236.2, 125.0, 1.109
[15:48:26] 155.0, 125.0, 1.115
[15:48:27] 139.9, 125.0, 1.108
[15:48:28] 139.8, 125.0, 1.106
[15:48:29] 139.8, 125.0, 1.110
[15:48:30] 139.9, 124.9, 1.855
[15:48:31] 250.0, 124.9, 1.918
[15:48:32] 236.8, 124.9, 1.924
[15:48:33] 237.4, 124.9, 1.924
[15:48:34] 237.6, 125.0, 1.108
[15:48:35] 155.0, 125.0, 1.113
[15:48:36] 139.8, 125.0, 1.108
[15:48:37] 139.8, 125.0, 1.111
[15:48:38] 139.7, 125.0, 1.107
[15:48:39] 164.6, 124.9, 1.852
[15:48:40] 232.3, 124.9, 1.924
[15:48:41] 237.7, 124.9, 1.924
[15:48:42] 238.2, 124.9, 1.924
[15:48:43] 238.6, 124.9, 1.915
[15:48:44] 239.0, 124.9, 1.926
[15:48:45] 239.3, 124.9, 1.924
[15:48:46] 239.6, 124.9, 1.874
[15:48:47] 234.2, 125.0, 1.113
[15:48:48] 143.2, 125.0, 1.107
[15:48:49] 142.7, 125.0, 1.116
[15:48:50] 142.4, 125.0, 1.107
[15:48:51] 142.1, 124.7, 2.953
[15:48:52] 177.8, 124.9, 1.864
[15:48:53] 232.1, 124.9, 1.923
[15:48:54] 238.8, 124.9, 1.924
[15:48:55] 239.1, 124.9, 1.923
[15:48:56] 239.3, 124.9, 1.921
[15:48:57] 239.6, 124.9, 1.924
[15:48:58] 239.8, 124.8, 1.925
[15:48:59] 240.1, 124.9, 1.917
[15:49:00] 240.2, 124.8, 1.927
[15:49:01] 240.4, 124.8, 1.926
[15:49:02] 240.6, 124.9, 1.927
[15:49:03] 240.8, 124.9, 1.929
[15:49:04] 241.0, 124.9, 1.927
[15:49:05] 241.1, 124.8, 1.921
[15:49:06] 241.2, 124.9, 1.930
[15:49:07] 241.3, 125.0, 1.131
[15:49:08] 194.4, 125.0, 1.109
[15:49:09] 139.8, 125.0, 1.117
[15:49:10] 139.8, 125.0, 1.113
[15:49:11] 139.9, 125.0, 1.119
