<<<[15:36:19] 145.2, 125.2, 1.133
[15:36:20] 144.8, 125.1, 1.139
[15:36:21] 144.7, 125.1, 1.147
[15:36:22] 144.6, 125.1, 1.262
[15:36:23] 152.6, 125.1, 1.270
[15:36:24] 158.8, 125.1, 1.247
[15:36:25] 158.7, 125.1, 1.254
[15:36:26] 158.6, 125.1, 1.134
[15:36:27] 143.9, 125.1, 1.120
[15:36:28] 143.8, 125.1, 1.142
[15:36:29] 144.0, 125.1, 1.165
[15:36:30] 144.5, 125.1, 1.168
[15:36:31] 144.9, 125.1, 1.126
[15:36:32] 168.0, 125.1, 1.115
[15:36:33] 140.8, 125.1, 1.115
[15:36:34] 140.8, 125.2, 1.116
[15:36:35] 140.9, 125.2, 1.112
[15:36:36] 140.9, 125.2, 1.126
[15:36:37] 167.3, 125.1, 1.118
[15:36:38] 140.8, 125.1, 1.106
[15:36:39] 140.7, 125.2, 1.111
[15:36:40] 140.7, 125.2, 1.119
[15:36:41] 140.7, 125.2, 1.127
[15:36:42] 167.1, 125.2, 1.113
[15:36:43] 140.7, 125.1, 1.111
[15:36:44] 140.6, 125.2, 1.110
[15:36:45] 140.6, 125.2, 1.114
[15:36:46] 140.6, 125.2, 1.120
[15:36:47] 167.3, 125.2, 1.111
[15:36:48] 140.3, 125.2, 1.112
[15:36:49] 140.3, 125.1, 1.115
[15:36:50] 140.3, 125.1, 1.113
[15:36:51] 140.4, 125.2, 1.122
[15:36:52] 167.3, 125.1, 1.108
[15:36:53] 140.3, 125.1, 1.112
[15:36:54] 140.3, 125.1, 1.111
[15:36:55] 140.3, 125.1, 1.117
[15:36:56] 140.3, 125.0, 1.116
[15:36:57] 167.1, 125.1, 1.113
[15:36:58] 140.5, 125.0, 1.116
[15:36:59] 140.5, 125.1, 1.106
[15:37:00] 140.4, 125.1, 1.110
[15:37:01] 140.4, 125.1, 1.117
[15:37:02] 167.1, 125.1, 1.111
[15:37:03] 140.1, 125.1, 1.107
[15:37:04] 140.0, 125.1, 1.105
[15:37:05] 140.0, 125.1, 1.114
[15:37:06] 140.1, 125.2, 1.038
[15:37:07] 174.2, 125.2, 1.081
[15:37:08] 134.1, 125.2, 1.109
[15:37:09] 139.6, 125.2, 1.111
[15:37:10] 139.7, 125.2, 1.106
[15:37:11] 139.7, 125.2, 1.044
[15:37:12] 173.2, 125.1, 1.072
[15:37:13] 133.8, 125.1, 1.106
[15:37:14] 140.1, 125.1, 1.111
[15:37:15] 140.0, 125.2, 1.104
[15:37:16] 140.0, 125.2, 1.256
[15:37:17] 185.0, 125.2, 1.045
[15:37:18] 133.6, 125.1, 1.105
[15:37:19] 140.1, 125.1, 1.110
[15:37:20] 140.1, 125.2, 1.117
[15:37:21] 140.2, 125.1, 1.880
[15:37:22] 202.6, 125.1, 1.032
[15:37:23] 138.9, 125.2, 1.107
[15:37:24] 138.9, 125.2, 1.102
[15:37:25] 139.0, 125.1, 1.108
[15:37:26] 139.1, 125.1, 1.120
[15:37:27] 175.2, 125.1, 1.561
[15:37:28] 214.3, 125.1, 1.108
[15:37:29] 134.5, 125.1, 1.115
[15:37:30] 140.8, 125.1, 1.111
[15:37:31] 140.7, 125.2, 1.105
[15:37:32] 140.6, 125.1, 2.104
[15:37:33] 199.9, 125.0, 1.902
[15:37:34] 239.1, 125.1, 1.112
[15:37:35] 159.3, 125.1, 1.100
[15:37:36] 139.8, 125.1, 1.105
[15:37:37] 139.8, 125.1, 1.111
[15:37:38] 139.8, 125.2, 1.106
[15:37:39] 146.1, 125.1, 1.902
[15:37:40] 250.4, 125.1, 1.967
[15:37:41] 242.8, 125.1, 1.952
[15:37:42] 242.4, 125.2, 1.109
[15:37:43] 148.1, 125.2, 1.106
[15:37:44] 139.9, 125.3, 1.104
[15:37:45] 139.8, 125.3, 1.106
[15:37:46] 139.9, 125.2, 1.127
[15:37:47] 175.1, 125.1, 1.904
[15:37:48] 236.2, 125.1, 1.958
[15:37:49] 243.7, 125.1, 1.959
[15:37:50] 244.0, 125.1, 1.960
[15:37:51] 244.3, 125.0, 1.963
[15:37:52] 244.6, 125.2, 1.366
[15:37:53] 209.3, 125.2, 1.108
[15:37:54] 140.7, 125.2, 1.108
[15:37:55] 140.6, 125.2, 1.106
[15:37:56] 140.5, 125.2, 1.101
[15:37:57] 140.4, 125.1, 1.981
[15:37:58] 201.1, 125.1, 1.895
[15:37:59] 239.1, 125.1, 1.962
[15:38:00] 245.8, 125.0, 1.962
[15:38:01] 245.9, 125.1, 1.968
[15:38:02] 245.9, 125.0, 1.965
[15:38:03] 246.0, 125.0, 1.968
[15:38:04] 246.2, 125.0, 1.968
[15:38:05] 246.3, 125.0, 1.972
[15:38:06] 246.4, 125.0, 1.966
[15:38:07] 246.6, 124.9, 1.972
[15:38:08] 246.7, 125.0, 1.971
[15:38:09] 246.3, 125.0, 1.119
[15:38:10] 138.9, 125.1, 1.119
[15:38:11] 139.1, 125.1, 1.116
[15:38:12] 139.2, 125.1, 1.119
