<<<[12:42:17] 140.6, 125.7, 1.109
[12:42:18] 140.6, 125.7, 1.118
[12:42:19] 140.7, 125.7, 1.126
[12:42:20] 140.8, 125.7, 1.180
[12:42:21] 146.6, 125.7, 1.230
[12:42:22] 158.2, 125.7, 1.259
[12:42:23] 158.3, 125.7, 1.244
[12:42:24] 158.6, 125.6, 1.278
[12:42:25] 158.8, 125.6, 1.265
[12:42:26] 159.1, 125.7, 1.255
[12:42:27] 159.3, 125.6, 1.283
[12:42:28] 159.4, 125.6, 1.240
[12:42:29] 159.2, 125.7, 1.247
[12:42:30] 159.0, 125.6, 1.240
[12:42:31] 158.9, 125.7, 1.278
[12:42:32] 158.9, 125.7, 1.241
[12:42:33] 158.7, 125.7, 1.240
[12:42:34] 158.6, 125.6, 1.287
[12:42:35] 158.6, 125.6, 1.238
[12:42:36] 158.4, 125.6, 1.240
[12:42:37] 158.3, 125.7, 1.283
[12:42:38] 158.4, 125.7, 1.250
[12:42:39] 158.7, 125.7, 1.134
[12:42:40] 149.5, 125.6, 1.113
[12:42:41] 141.0, 125.7, 1.116
[12:42:42] 141.0, 125.7, 1.104
[12:42:43] 140.9, 125.7, 1.105
[12:42:44] 140.8, 125.7, 1.556
[12:42:45] 180.8, 125.7, 1.056
[12:42:46] 133.4, 125.7, 1.118
[12:42:47] 141.4, 125.7, 1.102
[12:42:48] 141.4, 125.7, 1.111
[12:42:49] 141.4, 125.7, 1.532
[12:42:50] 181.9, 125.6, 1.036
[12:42:51] 132.5, 125.6, 1.127
[12:42:52] 140.5, 125.6, 1.125
[12:42:53] 140.5, 125.6, 1.118
[12:42:54] 140.7, 125.5, 1.856
[12:42:55] 195.9, 125.6, 1.046
[12:42:56] 133.6, 125.6, 1.114
[12:42:57] 140.1, 125.6, 1.136
[12:42:58] 140.2, 125.6, 1.122
[12:42:59] 140.4, 125.5, 3.181
[12:43:00] 195.7, 125.6, 1.059
[12:43:01] 162.0, 125.6, 1.108
[12:43:02] 138.7, 125.7, 1.108
[12:43:03] 138.9, 125.6, 1.128
[12:43:04] 139.3, 125.6, 1.113
[12:43:05] 139.4, 125.6, 1.769
[12:43:06] 260.0, 125.6, 1.116
[12:43:07] 136.7, 125.7, 1.103
[12:43:08] 137.1, 125.6, 1.112
[12:43:09] 137.6, 125.7, 1.128
[12:43:10] 138.1, 125.5, 3.269
[12:43:11] 194.2, 125.5, 2.139
[12:43:12] 269.9, 125.6, 1.124
[12:43:13] 168.9, 125.6, 1.101
[12:43:14] 141.0, 125.6, 1.100
[12:43:15] 141.0, 125.6, 1.102
[12:43:16] 140.9, 125.6, 1.120
[12:43:17] 141.0, 125.5, 2.130
[12:43:18] 279.5, 125.4, 2.210
[12:43:19] 272.8, 125.5, 1.908
[12:43:20] 258.3, 125.6, 1.123
[12:43:21] 141.8, 125.5, 1.119
[12:43:22] 141.7, 125.6, 1.131
[12:43:23] 141.6, 125.6, 1.117
[12:43:24] 141.6, 125.4, 3.448
[12:43:25] 192.4, 125.4, 2.141
[12:43:26] 269.4, 125.4, 2.205
[12:43:27] 275.5, 125.4, 2.206
[12:43:28] 275.7, 125.4, 2.207
[12:43:29] 276.0, 125.4, 2.207
[12:43:30] 276.3, 125.5, 1.138
[12:43:31] 175.6, 125.6, 1.113
[12:43:32] 140.5, 125.6, 1.116
[12:43:33] 140.5, 125.5, 1.126
[12:43:34] 140.6, 125.6, 1.123
[12:43:35] 140.8, 125.5, 2.138
[12:43:36] 273.7, 125.4, 2.199
[12:43:37] 273.5, 125.4, 2.207
[12:43:38] 274.1, 125.4, 2.209
[12:43:39] 274.6, 125.5, 2.208
[12:43:40] 275.0, 125.5, 2.210
[12:43:41] 275.4, 125.4, 2.207
[12:43:42] 275.8, 125.4, 2.210
[12:43:43] 276.1, 125.5, 2.211
[12:43:44] 276.4, 125.5, 2.211
[12:43:45] 276.7, 125.4, 2.189
[12:43:46] 255.2, 125.6, 1.127
[12:43:47] 141.6, 125.6, 1.129
[12:43:48] 141.6, 125.6, 1.114
[12:43:49] 141.5, 125.6, 1.127
