<<<[12:46:08] 140.9, 125.6, 1.108
[12:46:09] 140.9, 125.6, 1.119
[12:46:10] 141.0, 125.5, 1.119
[12:46:11] 141.1, 125.6, 1.251
[12:46:12] 148.8, 125.5, 1.245
[12:46:13] 159.3, 125.5, 1.255
[12:46:14] 158.9, 125.6, 1.121
[12:46:15] 143.7, 125.6, 1.128
[12:46:16] 143.5, 125.6, 1.133
[12:46:17] 143.6, 125.6, 1.140
[12:46:18] 143.7, 125.6, 1.130
[12:46:19] 144.3, 125.6, 1.115
[12:46:20] 163.3, 125.6, 1.118
[12:46:21] 141.6, 125.6, 1.110
[12:46:22] 141.5, 125.6, 1.109
[12:46:23] 141.5, 125.6, 1.104
[12:46:24] 142.0, 125.6, 1.123
[12:46:25] 164.0, 125.6, 1.119
[12:46:26] 141.0, 125.6, 1.115
[12:46:27] 141.0, 125.6, 1.126
[12:46:28] 141.0, 125.6, 1.108
[12:46:29] 141.5, 125.7, 1.123
[12:46:30] 163.8, 125.6, 1.119
[12:46:31] 141.4, 125.6, 1.118
[12:46:32] 141.3, 125.6, 1.106
[12:46:33] 141.3, 125.6, 1.111
[12:46:34] 156.2, 125.7, 1.057
[12:46:35] 156.6, 125.7, 1.114
[12:46:36] 136.5, 125.6, 1.112
[12:46:37] 137.0, 125.7, 1.118
[12:46:38] 137.5, 125.6, 1.111
[12:46:39] 157.9, 125.6, 1.068
[12:46:40] 157.8, 125.6, 1.112
[12:46:41] 137.0, 125.6, 1.120
[12:46:42] 137.5, 125.5, 1.122
[12:46:43] 137.9, 125.5, 1.122
[12:46:44] 143.6, 125.5, 1.052
[12:46:45] 171.6, 125.6, 1.121
[12:46:46] 136.5, 125.6, 1.115
[12:46:47] 137.0, 125.5, 1.105
[12:46:48] 137.5, 125.5, 1.120
[12:46:49] 138.0, 125.5, 1.025
[12:46:50] 188.5, 125.5, 1.113
[12:46:51] 136.0, 125.5, 1.104
[12:46:52] 136.5, 125.5, 1.110
[12:46:53] 137.0, 125.5, 1.122
[12:46:54] 137.5, 125.5, 1.292
[12:46:55] 201.3, 125.5, 1.077
[12:46:56] 135.1, 125.5, 1.109
[12:46:57] 140.8, 125.5, 1.112
[12:46:58] 140.8, 125.6, 1.107
[12:46:59] 140.8, 125.4, 2.067
[12:47:00] 218.7, 125.6, 1.048
[12:47:01] 157.1, 125.6, 1.116
[12:47:02] 140.5, 125.5, 1.108
[12:47:03] 140.5, 125.5, 1.110
[12:47:04] 140.6, 125.6, 1.112
[12:47:05] 140.6, 125.4, 2.078
[12:47:06] 271.0, 125.5, 1.102
[12:47:07] 182.5, 125.6, 1.116
[12:47:08] 141.0, 125.6, 1.117
[12:47:09] 140.9, 125.5, 1.116
[12:47:10] 140.9, 125.6, 1.107
[12:47:11] 141.0, 125.5, 2.091
[12:47:12] 254.7, 125.4, 2.112
[12:47:13] 264.7, 125.6, 1.375
[12:47:14] 216.7, 125.6, 1.110
[12:47:15] 141.6, 125.6, 1.104
[12:47:16] 141.5, 125.6, 1.110
[12:47:17] 141.4, 125.6, 1.118
[12:47:18] 141.3, 125.5, 2.058
[12:47:19] 224.5, 125.4, 2.079
[12:47:20] 262.3, 125.4, 2.145
[12:47:21] 270.1, 125.4, 2.145
[12:47:22] 270.1, 125.5, 2.146
[12:47:23] 270.0, 125.6, 1.122
[12:47:24] 161.3, 125.6, 1.104
[12:47:25] 140.8, 125.7, 1.122
[12:47:26] 140.8, 125.6, 1.107
[12:47:27] 140.8, 125.5, 1.113
[12:47:28] 157.7, 125.4, 2.086
[12:47:29] 266.8, 125.4, 2.148
[12:47:30] 266.6, 125.4, 2.146
[12:47:31] 267.1, 125.4, 2.146
[12:47:32] 267.5, 125.4, 2.151
[12:47:33] 267.9, 125.4, 2.149
[12:47:34] 268.3, 125.5, 2.150
[12:47:35] 268.6, 125.4, 2.153
[12:47:36] 268.9, 125.4, 2.153
[12:47:37] 269.1, 125.6, 1.128
[12:47:38] 162.7, 125.6, 1.109
[12:47:39] 141.6, 125.6, 1.116
[12:47:40] 141.5, 125.6, 1.107
[12:47:41] 141.5, 125.6, 1.115
[12:47:42] 147.9, 125.4, 2.082
[12:47:43] 274.1, 125.4, 2.152
[12:47:44] 266.1, 125.4, 2.150
[12:47:45] 266.6, 125.4, 2.152
[12:47:46] 267.2, 125.3, 2.154
[12:47:47] 267.7, 125.4, 2.150
[12:47:48] 268.1, 125.4, 2.154
[12:47:49] 268.5, 125.4, 2.152
[12:47:50] 268.7, 125.3, 2.152
[12:47:51] 269.1, 125.4, 2.152
[12:47:52] 269.3, 125.4, 2.154
[12:47:53] 269.5, 125.4, 2.153
[12:47:54] 269.7, 125.4, 2.152
[12:47:55] 270.0, 125.4, 2.154
[12:47:56] 270.1, 125.4, 2.153
[12:47:57] 270.3, 125.4, 2.155
[12:47:58] 270.4, 125.4, 2.155
[12:47:59] 270.5, 125.4, 2.155
[12:48:00] 270.6, 125.6, 1.120
[12:48:01] 147.9, 125.5, 1.118
[12:48:02] 141.4, 125.6, 1.107
[12:48:03] 141.4, 125.6, 1.105
