<<<[23:17:09] 140.4, 125.8, 1.114
[23:17:10] 140.6, 125.8, 1.119
[23:17:11] 140.7, 125.8, 1.116
[23:17:12] 140.9, 125.8, 1.102
[23:17:13] 141.0, 125.8, 1.116
[23:17:14] 141.0, 125.9, 1.114
[23:17:15] 141.2, 125.8, 1.134
[23:17:16] 141.4, 125.8, 1.123
[23:17:17] 141.8, 125.8, 1.107
[23:17:18] 168.7, 125.8, 1.119
[23:17:19] 141.2, 125.8, 1.108
[23:17:20] 141.2, 125.8, 1.118
[23:17:21] 141.2, 125.8, 1.113
[23:17:22] 141.1, 125.8, 1.121
[23:17:23] 168.4, 125.9, 1.110
[23:17:24] 141.6, 125.9, 1.121
[23:17:25] 141.6, 125.9, 1.116
[23:17:26] 141.7, 125.8, 1.109
[23:17:27] 141.5, 125.8, 1.111
[23:17:28] 168.2, 125.8, 1.107
[23:17:29] 140.1, 125.9, 1.110
[23:17:30] 140.1, 125.8, 1.108
[23:17:31] 140.2, 125.8, 1.115
[23:17:32] 140.2, 125.8, 1.114
[23:17:33] 168.0, 125.8, 1.108
[23:17:34] 140.7, 125.8, 1.107
[23:17:35] 140.7, 125.8, 1.109
[23:17:36] 140.6, 125.8, 1.106
[23:17:37] 140.6, 125.9, 1.105
[23:17:38] 167.8, 125.9, 1.104
[23:17:39] 140.1, 125.9, 1.103
[23:17:40] 140.1, 125.9, 1.107
[23:17:41] 140.0, 125.9, 1.106
[23:17:42] 140.0, 125.9, 1.106
[23:17:43] 167.8, 125.9, 1.107
[23:17:44] 139.9, 125.8, 1.106
[23:17:45] 139.9, 125.8, 1.103
[23:17:46] 139.9, 125.9, 1.103
[23:17:47] 139.9, 125.9, 1.094
[23:17:48] 166.9, 125.8, 1.101
[23:17:49] 139.4, 125.8, 1.101
[23:17:50] 139.4, 125.8, 1.098
[23:17:51] 139.4, 125.8, 1.100
[23:17:52] 139.4, 125.8, 1.111
[23:17:53] 167.5, 125.7, 1.108
[23:17:54] 139.9, 125.8, 1.112
[23:17:55] 139.9, 125.8, 1.102
[23:17:56] 139.9, 125.7, 1.103
[23:17:57] 139.8, 125.8, 1.101
[23:17:58] 167.3, 125.9, 1.099
[23:17:59] 139.4, 125.9, 1.098
[23:18:00] 139.4, 125.9, 1.097
[23:18:01] 139.4, 125.8, 1.095
[23:18:02] 139.4, 125.9, 1.098
[23:18:03] 167.3, 125.8, 1.104
[23:18:04] 139.6, 125.8, 1.105
[23:18:05] 139.6, 125.8, 1.103
[23:18:06] 139.7, 125.8, 1.098
[23:18:07] 139.6, 125.9, 1.096
[23:18:08] 166.7, 125.9, 1.103
[23:18:09] 139.6, 125.8, 1.107
[23:18:10] 139.6, 125.8, 1.097
[23:18:11] 139.5, 125.9, 1.101
[23:18:12] 139.5, 125.9, 1.093
[23:18:13] 165.8, 125.8, 1.104
[23:18:14] 139.6, 125.9, 1.109
[23:18:15] 139.6, 125.9, 1.098
[23:18:16] 139.6, 125.8, 1.095
[23:18:17] 139.6, 125.9, 1.026
[23:18:18] 172.9, 125.9, 1.061
[23:18:19] 133.2, 126.0, 1.096
[23:18:20] 139.0, 125.9, 1.105
[23:18:21] 139.0, 125.9, 1.106
[23:18:22] 139.1, 125.9, 1.283
[23:18:23] 183.7, 125.9, 1.042
[23:18:24] 133.8, 125.9, 1.102
[23:18:25] 139.8, 125.9, 1.101
[23:18:26] 139.7, 125.9, 1.093
[23:18:27] 139.6, 125.9, 1.590
[23:18:28] 195.3, 125.9, 1.035
[23:18:29] 129.1, 126.0, 1.101
[23:18:30] 139.6, 125.9, 1.094
[23:18:31] 139.5, 125.9, 1.098
[23:18:32] 139.5, 125.9, 1.899
[23:18:33] 189.4, 125.9, 1.051
[23:18:34] 154.1, 125.9, 1.105
[23:18:35] 138.5, 125.9, 1.097
[23:18:36] 138.5, 125.9, 1.097
[23:18:37] 138.7, 125.9, 1.099
[23:18:38] 138.8, 125.8, 1.702
[23:18:39] 230.1, 125.8, 1.098
[23:18:40] 142.3, 125.9, 1.101
[23:18:41] 141.8, 125.8, 1.097
[23:18:42] 141.6, 125.8, 1.095
[23:18:43] 141.3, 125.9, 1.102
[23:18:44] 166.7, 125.8, 1.710
[23:18:45] 213.6, 125.8, 1.635
[23:18:46] 213.2, 125.9, 1.106
[23:18:47] 137.4, 125.9, 1.104
[23:18:48] 137.6, 125.9, 1.095
[23:18:49] 137.8, 125.9, 1.104
[23:18:50] 138.0, 125.7, 2.735
[23:18:51] 180.5, 125.8, 1.703
[23:18:52] 216.1, 125.7, 1.768
[23:18:53] 221.4, 125.8, 1.768
[23:18:54] 221.6, 125.8, 1.110
[23:18:55] 164.0, 125.8, 1.101
[23:18:56] 139.6, 125.9, 1.096
[23:18:57] 139.5, 125.9, 1.099
[23:18:58] 139.5, 125.8, 1.100
[23:18:59] 139.5, 125.8, 1.707
[23:19:00] 222.3, 125.8, 1.735
[23:19:01] 221.7, 125.8, 1.770
[23:19:02] 222.0, 125.8, 1.769
[23:19:03] 222.2, 125.8, 1.771
[23:19:04] 222.4, 125.8, 1.768
[23:19:05] 222.6, 125.7, 1.773
[23:19:06] 222.7, 125.8, 1.073
[23:19:07] 178.9, 125.9, 1.098
[23:19:08] 139.8, 125.9, 1.102
[23:19:09] 139.7, 125.9, 1.097
[23:19:10] 139.7, 125.9, 1.103
[23:19:11] 139.6, 125.8, 1.715
[23:19:12] 220.1, 125.7, 1.734
[23:19:13] 219.8, 125.8, 1.770
[23:19:14] 220.3, 125.8, 1.770
[23:19:15] 220.8, 125.8, 1.771
[23:19:16] 221.2, 125.8, 1.774
[23:19:17] 221.5, 125.8, 1.775
[23:19:18] 221.9, 125.8, 1.771
[23:19:19] 222.2, 125.8, 1.773
[23:19:20] 222.4, 125.9, 1.776
[23:19:21] 222.7, 125.9, 1.770
[23:19:22] 222.9, 125.8, 1.771
[23:19:23] 223.1, 125.8, 1.774
[23:19:24] 223.2, 125.8, 1.771
[23:19:25] 223.3, 125.9, 1.098
[23:19:26] 153.7, 125.9, 1.100
[23:19:27] 139.8, 125.9, 1.104
[23:19:28] 139.8, 125.9, 1.104
[23:19:29] 139.8, 125.9, 1.104
