<<<[21:03:00] 140.7, 125.3, 1.129
[21:03:01] 140.8, 125.3, 1.133
[21:03:02] 141.1, 125.3, 1.144
[21:03:03] 141.5, 125.3, 1.267
[21:03:04] 157.3, 125.3, 1.185
[21:03:05] 149.7, 125.3, 1.184
[21:03:06] 149.6, 125.3, 1.175
[21:03:07] 149.6, 125.3, 1.177
[21:03:08] 149.5, 125.2, 1.185
[21:03:09] 149.5, 125.2, 1.179
[21:03:10] 172.0, 125.2, 1.157
[21:03:11] 146.1, 125.2, 1.149
[21:03:12] 146.0, 125.2, 1.158
[21:03:13] 145.8, 125.3, 1.139
[21:03:14] 145.5, 125.2, 1.145
[21:03:15] 169.6, 125.2, 1.124
[21:03:16] 143.0, 125.2, 1.120
[21:03:17] 143.0, 125.2, 1.120
[21:03:18] 142.9, 125.3, 1.123
[21:03:19] 142.8, 125.2, 1.124
[21:03:20] 167.6, 125.3, 1.119
[21:03:21] 141.4, 125.2, 1.121
[21:03:22] 141.3, 125.3, 1.126
[21:03:23] 141.3, 125.2, 1.121
[21:03:24] 141.3, 125.3, 1.119
[21:03:25] 168.2, 125.2, 1.114
[21:03:26] 140.5, 125.2, 1.111
[21:03:27] 140.5, 125.2, 1.119
[21:03:28] 140.5, 125.2, 1.115
[21:03:29] 140.6, 125.2, 1.118
[21:03:30] 167.6, 125.2, 1.104
[21:03:31] 140.3, 125.2, 1.114
[21:03:32] 140.3, 125.2, 1.116
[21:03:33] 140.4, 125.2, 1.115
[21:03:34] 140.4, 125.2, 1.114
[21:03:35] 167.5, 125.2, 1.106
[21:03:36] 139.8, 125.2, 1.108
[21:03:37] 139.8, 125.2, 1.109
[21:03:38] 139.9, 125.2, 1.102
[21:03:39] 139.9, 125.2, 1.113
[21:03:40] 167.5, 125.2, 1.108
[21:03:41] 139.8, 125.2, 1.113
[21:03:42] 139.8, 125.2, 1.111
[21:03:43] 139.8, 125.2, 1.113
[21:03:44] 139.9, 125.2, 1.110
[21:03:45] 166.7, 125.2, 1.108
[21:03:46] 139.6, 125.1, 1.108
[21:03:47] 139.6, 125.2, 1.108
[21:03:48] 139.6, 125.1, 1.107
[21:03:49] 139.6, 125.2, 1.032
[21:03:50] 174.2, 125.1, 1.070
[21:03:51] 133.6, 125.2, 1.109
[21:03:52] 139.9, 125.1, 1.109
[21:03:53] 139.9, 125.1, 1.114
[21:03:54] 139.9, 125.2, 1.035
[21:03:55] 172.9, 125.1, 1.046
[21:03:56] 133.1, 125.2, 1.106
[21:03:57] 139.8, 125.2, 1.108
[21:03:58] 139.8, 125.2, 1.106
[21:03:59] 139.7, 125.1, 1.317
[21:04:00] 183.9, 125.1, 1.043
[21:04:01] 133.1, 125.1, 1.107
[21:04:02] 139.9, 125.2, 1.109
[21:04:03] 139.9, 125.1, 1.107
[21:04:04] 139.9, 125.1, 1.706
[21:04:05] 199.3, 125.2, 1.045
[21:04:06] 140.1, 125.2, 1.107
[21:04:07] 139.9, 125.2, 1.106
[21:04:08] 139.9, 125.2, 1.110
[21:04:09] 139.9, 125.0, 3.347
[21:04:10] 180.3, 125.1, 1.326
[21:04:11] 190.4, 125.2, 1.106
[21:04:12] 137.4, 125.2, 1.103
[21:04:13] 137.7, 125.2, 1.107
[21:04:14] 137.9, 125.1, 1.101
[21:04:15] 138.1, 124.9, 1.870
[21:04:16] 216.3, 125.1, 1.326
[21:04:17] 197.7, 125.1, 1.107
[21:04:18] 140.1, 125.1, 1.107
[21:04:19] 139.9, 125.1, 1.114
[21:04:20] 139.9, 125.1, 1.107
[21:04:21] 139.9, 125.0, 1.973
[21:04:22] 198.0, 125.1, 1.835
[21:04:23] 231.2, 125.1, 1.899
[21:04:24] 231.7, 125.2, 1.108
[21:04:25] 148.4, 125.2, 1.104
[21:04:26] 139.6, 125.2, 1.102
[21:04:27] 139.6, 125.2, 1.108
[21:04:28] 139.6, 125.2, 1.104
[21:04:29] 165.8, 125.1, 1.838
[21:04:30] 228.8, 125.1, 1.899
[21:04:31] 234.8, 125.1, 1.898
[21:04:32] 235.2, 125.1, 1.900
[21:04:33] 235.7, 125.2, 1.665
[21:04:34] 226.8, 125.3, 1.112
[21:04:35] 137.9, 125.3, 1.109
[21:04:36] 138.1, 125.2, 1.111
[21:04:37] 138.3, 125.2, 1.108
[21:04:38] 138.5, 125.1, 2.670
[21:04:39] 185.6, 125.0, 1.834
[21:04:40] 231.5, 125.1, 1.900
[21:04:41] 237.0, 125.1, 1.900
[21:04:42] 237.2, 125.1, 1.900
[21:04:43] 237.4, 125.1, 1.898
[21:04:44] 237.6, 125.0, 1.902
[21:04:45] 237.7, 125.1, 1.902
[21:04:46] 237.9, 125.0, 1.901
[21:04:47] 238.0, 125.0, 1.903
[21:04:48] 238.1, 125.1, 1.121
[21:04:49] 168.7, 125.1, 1.112
[21:04:50] 139.9, 125.1, 1.112
[21:04:51] 139.9, 125.2, 1.114
[21:04:52] 139.8, 125.0, 1.117
[21:04:53] 139.9, 125.0, 1.844
[21:04:54] 233.0, 125.0, 1.868
[21:04:55] 233.0, 125.0, 1.900
[21:04:56] 239.0, 125.0, 1.903
[21:04:57] 238.9, 125.1, 1.903
[21:04:58] 239.0, 125.1, 1.905
[21:04:59] 239.0, 125.1, 1.905
[21:05:00] 239.1, 125.1, 1.904
[21:05:01] 239.1, 125.1, 1.904
[21:05:02] 239.1, 125.0, 1.906
[21:05:03] 239.2, 125.0, 1.906
[21:05:04] 239.2, 125.0, 1.905
[21:05:05] 239.2, 125.1, 1.905
[21:05:06] 239.3, 125.0, 1.904
[21:05:07] 239.2, 125.0, 1.904
[21:05:08] 239.3, 125.1, 1.905
[21:05:09] 239.3, 125.0, 1.905
[21:05:10] 239.3, 125.0, 1.907
[21:05:11] 239.4, 125.1, 1.906
[21:05:12] 239.4, 125.2, 1.113
[21:05:13] 155.9, 125.1, 1.122
[21:05:14] 140.7, 125.1, 1.111
[21:05:15] 140.6, 125.1, 1.113
