<<<[09:34:45] 144.8, 125.8, 1.130
[09:34:46] 144.6, 125.8, 1.136
[09:34:47] 144.7, 125.8, 1.166
[09:34:48] 144.9, 125.8, 1.276
[09:34:49] 155.9, 125.8, 1.249
[09:34:50] 156.2, 125.8, 1.177
[09:34:51] 155.7, 125.8, 1.121
[09:34:52] 145.7, 125.8, 1.140
[09:34:53] 145.4, 125.8, 1.144
[09:34:54] 145.1, 125.8, 1.152
[09:34:55] 145.0, 125.8, 1.656
[09:34:56] 171.3, 125.8, 1.104
[09:34:57] 138.1, 125.8, 1.108
[09:34:58] 138.4, 125.8, 1.113
[09:34:59] 138.7, 125.8, 1.121
[09:35:00] 139.1, 125.7, 1.670
[09:35:01] 169.8, 125.8, 1.112
[09:35:02] 139.0, 125.8, 1.108
[09:35:03] 139.2, 125.8, 1.113
[09:35:04] 139.4, 125.7, 1.105
[09:35:05] 139.5, 125.7, 1.664
[09:35:06] 169.3, 125.8, 1.107
[09:35:07] 138.3, 125.8, 1.106
[09:35:08] 138.5, 125.8, 1.111
[09:35:09] 138.8, 125.7, 1.107
[09:35:10] 139.0, 125.7, 1.673
[09:35:11] 169.1, 125.8, 1.110
[09:35:12] 138.5, 125.7, 1.106
[09:35:13] 138.7, 125.8, 1.107
[09:35:14] 138.9, 125.8, 1.109
[09:35:15] 139.1, 125.7, 1.664
[09:35:16] 168.7, 125.7, 1.104
[09:35:17] 137.9, 125.7, 1.110
[09:35:18] 138.2, 125.7, 1.119
[09:35:19] 138.4, 125.8, 1.102
[09:35:20] 138.6, 125.7, 1.678
[09:35:21] 168.7, 125.7, 1.117
[09:35:22] 138.5, 125.7, 1.102
[09:35:23] 138.7, 125.7, 1.107
[09:35:24] 138.8, 125.7, 1.102
[09:35:25] 138.9, 125.7, 1.669
[09:35:26] 167.8, 125.8, 1.099
[09:35:27] 137.8, 125.8, 1.098
[09:35:28] 138.0, 125.8, 1.105
[09:35:29] 138.1, 125.7, 1.102
[09:35:30] 138.3, 125.7, 1.797
[09:35:31] 179.4, 125.7, 1.041
[09:35:32] 130.2, 125.7, 1.098
[09:35:33] 138.7, 125.7, 1.107
[09:35:34] 138.8, 125.8, 1.098
[09:35:35] 138.8, 125.7, 2.032
[09:35:36] 178.1, 125.8, 1.036
[09:35:37] 129.8, 125.7, 1.102
[09:35:38] 138.1, 125.8, 1.101
[09:35:39] 138.2, 125.7, 1.103
[09:35:40] 138.4, 125.6, 2.708
[09:35:41] 180.1, 125.6, 1.040
[09:35:42] 141.0, 125.6, 1.106
[09:35:43] 140.6, 125.7, 1.102
[09:35:44] 140.4, 125.8, 1.101
[09:35:45] 140.2, 125.5, 3.249
[09:35:46] 179.6, 125.7, 1.054
[09:35:47] 152.1, 125.7, 1.101
[09:35:48] 136.7, 125.7, 1.103
[09:35:49] 137.0, 125.7, 1.102
[09:35:50] 137.3, 125.7, 1.098
[09:35:51] 137.5, 125.7, 1.309
[09:35:52] 215.4, 125.7, 1.104
[09:35:53] 135.2, 125.7, 1.102
[09:35:54] 135.7, 125.7, 1.102
[09:35:55] 136.2, 125.8, 1.100
[09:35:56] 136.6, 125.6, 1.939
[09:35:57] 205.5, 125.7, 1.332
[09:35:58] 200.0, 125.7, 1.099
[09:35:59] 139.4, 125.7, 1.103
[09:36:00] 139.3, 125.7, 1.099
[09:36:01] 139.3, 125.7, 1.108
[09:36:02] 139.4, 125.6, 1.888
[09:36:03] 209.3, 125.5, 1.905
[09:36:04] 240.0, 125.8, 1.413
[09:36:05] 205.3, 125.8, 1.097
[09:36:06] 139.9, 125.7, 1.101
[09:36:07] 139.8, 125.7, 1.105
[09:36:08] 139.8, 125.7, 1.102
[09:36:09] 139.7, 125.7, 1.898
[09:36:10] 215.4, 125.6, 1.906
[09:36:11] 240.6, 125.6, 1.972
[09:36:12] 248.9, 125.6, 1.973
[09:36:13] 248.9, 125.8, 1.069
[09:36:14] 187.4, 125.8, 1.100
[09:36:15] 139.6, 125.7, 1.102
[09:36:16] 139.6, 125.7, 1.099
[09:36:17] 139.6, 125.8, 1.107
[09:36:18] 139.5, 125.6, 1.938
[09:36:19] 228.8, 125.7, 1.910
[09:36:20] 242.4, 125.6, 1.973
[09:36:21] 249.3, 125.6, 1.975
[09:36:22] 249.3, 125.6, 1.976
[09:36:23] 249.3, 125.6, 1.977
[09:36:24] 249.3, 125.7, 1.974
[09:36:25] 249.4, 125.6, 1.975
[09:36:26] 249.3, 125.6, 1.117
[09:36:27] 162.7, 125.7, 1.105
[09:36:28] 139.8, 125.7, 1.102
[09:36:29] 139.7, 125.7, 1.099
[09:36:30] 139.7, 125.7, 1.108
[09:36:31] 139.8, 125.6, 1.912
[09:36:32] 257.4, 125.6, 1.981
[09:36:33] 245.3, 125.6, 1.978
[09:36:34] 245.8, 125.6, 1.974
[09:36:35] 246.3, 125.6, 1.974
[09:36:36] 246.7, 125.6, 1.975
[09:36:37] 247.0, 125.6, 1.974
[09:36:38] 247.3, 125.6, 1.974
[09:36:39] 247.5, 125.6, 1.974
[09:36:40] 247.8, 125.6, 1.975
[09:36:41] 248.0, 125.6, 1.976
[09:36:42] 248.2, 125.7, 1.976
[09:36:43] 248.3, 125.6, 1.979
[09:36:44] 248.5, 125.6, 1.978
[09:36:45] 248.7, 125.6, 1.977
[09:36:46] 248.8, 125.8, 1.126
[09:36:47] 187.0, 125.8, 1.105
[09:36:48] 140.3, 125.7, 1.108
[09:36:49] 140.2, 125.7, 1.118
[09:36:50] 140.3, 125.7, 1.108
