<<<[17:41:49] 141.0, 125.2, 1.123
[17:41:50] 141.1, 125.2, 1.128
[17:41:51] 141.2, 125.2, 1.134
[17:41:52] 141.5, 125.1, 1.243
[17:41:53] 149.2, 125.2, 1.177
[17:41:54] 149.5, 125.2, 1.176
[17:41:55] 149.5, 125.2, 1.186
[17:41:56] 149.5, 125.2, 1.180
[17:41:57] 149.5, 125.2, 1.181
[17:41:58] 149.4, 125.2, 1.383
[17:41:59] 170.4, 125.2, 1.123
[17:42:00] 143.7, 125.2, 1.130
[17:42:01] 143.8, 125.2, 1.142
[17:42:02] 144.0, 125.2, 1.149
[17:42:03] 144.0, 125.2, 1.389
[17:42:04] 168.9, 125.2, 1.128
[17:42:05] 143.0, 125.2, 1.126
[17:42:06] 142.9, 125.2, 1.127
[17:42:07] 142.8, 125.2, 1.128
[17:42:08] 142.8, 125.2, 1.395
[17:42:09] 167.8, 125.2, 1.115
[17:42:10] 141.6, 125.2, 1.118
[17:42:11] 141.5, 125.2, 1.117
[17:42:12] 141.5, 125.2, 1.126
[17:42:13] 141.4, 125.2, 1.404
[17:42:14] 168.0, 125.2, 1.117
[17:42:15] 141.6, 125.2, 1.111
[17:42:16] 141.4, 125.2, 1.121
[17:42:17] 141.4, 125.2, 1.114
[17:42:18] 141.4, 125.2, 1.412
[17:42:19] 166.9, 125.2, 1.117
[17:42:20] 141.2, 125.1, 1.120
[17:42:21] 141.1, 125.2, 1.111
[17:42:22] 141.1, 125.2, 1.114
[17:42:23] 141.0, 125.2, 1.422
[17:42:24] 166.4, 125.2, 1.110
[17:42:25] 141.2, 125.2, 1.107
[17:42:26] 141.1, 125.3, 1.114
[17:42:27] 141.0, 125.2, 1.102
[17:42:28] 140.9, 125.2, 1.387
[17:42:29] 175.6, 125.1, 1.037
[17:42:30] 132.3, 125.2, 1.111
[17:42:31] 140.1, 125.2, 1.101
[17:42:32] 140.0, 125.2, 1.113
[17:42:33] 140.0, 125.2, 1.607
[17:42:34] 189.9, 125.2, 1.050
[17:42:35] 130.0, 125.2, 1.108
[17:42:36] 139.4, 125.2, 1.107
[17:42:37] 139.4, 125.2, 1.106
[17:42:38] 139.5, 125.1, 1.982
[17:42:39] 185.6, 125.3, 1.031
[17:42:40] 142.8, 125.2, 1.096
[17:42:41] 142.2, 125.2, 1.100
[17:42:42] 141.9, 125.2, 1.117
[17:42:43] 141.7, 125.0, 2.971
[17:42:44] 175.8, 125.3, 0.999
[17:42:45] 175.2, 125.3, 1.106
[17:42:46] 136.9, 125.3, 1.103
[17:42:47] 137.2, 125.3, 1.105
[17:42:48] 137.5, 125.3, 1.112
[17:42:49] 137.8, 125.1, 1.728
[17:42:50] 218.0, 125.1, 1.091
[17:42:51] 158.9, 125.2, 1.105
[17:42:52] 139.4, 125.1, 1.103
[17:42:53] 139.4, 125.1, 1.107
[17:42:54] 139.5, 125.2, 1.109
[17:42:55] 139.6, 125.1, 1.712
[17:42:56] 232.1, 125.1, 1.671
[17:42:57] 213.1, 125.2, 1.105
[17:42:58] 137.8, 125.2, 1.106
[17:42:59] 138.0, 125.1, 1.103
[17:43:00] 138.2, 125.1, 1.106
[17:43:01] 138.4, 125.0, 2.467
[17:43:02] 182.7, 125.1, 1.715
[17:43:03] 216.7, 125.1, 1.780
[17:43:04] 222.3, 125.1, 1.781
[17:43:05] 222.3, 125.2, 1.108
[17:43:06] 151.3, 125.2, 1.107
[17:43:07] 139.9, 125.2, 1.109
[17:43:08] 139.8, 125.2, 1.102
[17:43:09] 139.8, 125.2, 1.109
[17:43:10] 163.7, 125.1, 1.720
[17:43:11] 214.9, 125.1, 1.781
[17:43:12] 220.1, 125.1, 1.782
[17:43:13] 220.6, 125.1, 1.780
[17:43:14] 221.0, 125.1, 1.781
[17:43:15] 221.4, 125.1, 1.783
[17:43:16] 221.7, 125.1, 1.559
[17:43:17] 199.9, 125.2, 1.105
[17:43:18] 140.1, 125.2, 1.105
[17:43:19] 140.0, 125.2, 1.110
[17:43:20] 140.0, 125.2, 1.111
[17:43:21] 140.0, 125.1, 1.712
[17:43:22] 198.4, 125.1, 1.716
[17:43:23] 216.1, 125.1, 1.780
[17:43:24] 223.4, 125.1, 1.783
[17:43:25] 223.4, 125.1, 1.783
[17:43:26] 223.5, 125.1, 1.784
[17:43:27] 223.6, 125.1, 1.784
[17:43:28] 223.7, 125.1, 1.780
[17:43:29] 223.8, 125.0, 1.784
[17:43:30] 223.9, 125.1, 1.782
[17:43:31] 223.9, 125.1, 1.784
[17:43:32] 224.0, 125.1, 1.784
[17:43:33] 224.1, 125.1, 1.786
[17:43:34] 224.1, 125.2, 1.112
[17:43:35] 184.8, 125.2, 1.103
[17:43:36] 139.8, 125.2, 1.105
[17:43:37] 139.8, 125.2, 1.107
[17:43:38] 139.8, 125.2, 1.119
