<<<[07:57:21] 141.4, 125.8, 1.113
[07:57:22] 141.3, 125.7, 1.102
[07:57:23] 141.2, 125.7, 1.107
[07:57:24] 141.1, 125.7, 1.244
[07:57:25] 151.0, 125.7, 1.249
[07:57:26] 158.4, 125.7, 1.262
[07:57:27] 158.4, 125.7, 1.272
[07:57:28] 158.3, 125.7, 1.271
[07:57:29] 158.5, 125.7, 1.246
[07:57:30] 158.6, 125.7, 1.265
[07:57:31] 158.7, 125.7, 1.227
[07:57:32] 158.7, 125.7, 1.278
[07:57:33] 158.7, 125.7, 1.256
[07:57:34] 158.9, 125.7, 1.257
[07:57:35] 158.4, 125.7, 1.225
[07:57:36] 158.3, 125.7, 1.236
[07:57:37] 158.4, 125.7, 1.261
[07:57:38] 158.5, 125.8, 1.269
[07:57:39] 158.6, 125.8, 1.236
[07:57:40] 158.6, 125.8, 1.268
[07:57:41] 158.6, 125.8, 1.266
[07:57:42] 158.6, 125.8, 1.245
[07:57:43] 158.7, 125.8, 1.276
[07:57:44] 158.7, 125.8, 1.211
[07:57:45] 158.6, 125.8, 1.270
[07:57:46] 158.8, 125.8, 1.211
[07:57:47] 158.6, 125.8, 1.230
[07:57:48] 158.4, 125.7, 1.262
[07:57:49] 158.4, 125.7, 1.277
[07:57:50] 158.4, 125.7, 1.266
[07:57:51] 158.5, 125.8, 1.263
[07:57:52] 158.5, 125.8, 1.277
[07:57:53] 158.4, 125.8, 1.273
[07:57:54] 158.5, 125.7, 1.267
[07:57:55] 158.5, 125.8, 1.271
[07:57:56] 158.4, 125.7, 1.243
[07:57:57] 158.2, 125.7, 1.220
[07:57:58] 158.2, 125.7, 1.265
[07:57:59] 158.2, 125.7, 1.273
[07:58:00] 158.3, 125.7, 1.232
[07:58:01] 158.3, 125.7, 1.260
[07:58:02] 158.4, 125.7, 1.262
[07:58:03] 158.3, 125.7, 1.274
[07:58:04] 158.4, 125.7, 1.255
[07:58:05] 158.5, 125.7, 1.278
[07:58:06] 158.4, 125.7, 1.211
[07:58:07] 158.0, 125.6, 1.258
[07:58:08] 158.2, 125.5, 1.269
[07:58:09] 158.2, 125.6, 1.267
[07:58:10] 158.3, 125.7, 1.267
[07:58:11] 158.0, 125.7, 1.268
[07:58:12] 158.3, 125.7, 1.271
[07:58:13] 158.1, 125.7, 1.220
[07:58:14] 158.3, 125.7, 1.257
[07:58:15] 158.3, 125.7, 1.248
[07:58:16] 158.3, 125.7, 1.241
[07:58:17] 158.2, 125.6, 1.233
[07:58:18] 158.4, 125.7, 1.259
[07:58:19] 158.5, 125.7, 1.231
[07:58:20] 158.2, 125.7, 1.237
[07:58:21] 158.4, 125.7, 1.262
[07:58:22] 158.5, 125.6, 1.265
[07:58:23] 158.5, 125.6, 1.237
[07:58:24] 158.5, 125.7, 1.216
[07:58:25] 158.3, 125.6, 1.242
[07:58:26] 158.3, 125.6, 1.245
[07:58:27] 158.2, 125.6, 1.219
[07:58:28] 158.1, 125.6, 1.219
[07:58:29] 158.0, 125.6, 1.269
[07:58:30] 158.1, 125.6, 1.268
[07:58:31] 158.1, 125.7, 1.229
[07:58:32] 158.0, 125.6, 1.265
[07:58:33] 158.2, 125.6, 1.223
[07:58:34] 158.1, 125.6, 1.258
[07:58:35] 158.1, 125.6, 1.278
[07:58:36] 158.2, 125.5, 1.244
[07:58:37] 158.4, 125.6, 1.245
[07:58:38] 158.3, 125.6, 1.276
[07:58:39] 158.3, 125.5, 1.249
[07:58:40] 158.5, 125.6, 1.243
[07:58:41] 158.3, 125.7, 1.235
[07:58:42] 158.6, 125.6, 1.279
[07:58:43] 158.6, 125.7, 1.271
[07:58:44] 158.5, 125.6, 1.273
[07:58:45] 158.4, 125.7, 1.227
[07:58:46] 158.4, 125.6, 1.255
[07:58:47] 158.7, 125.7, 1.260
[07:58:48] 158.7, 125.6, 1.208
[07:58:49] 158.7, 125.7, 1.200
[07:58:50] 158.1, 125.7, 1.225
[07:58:51] 158.2, 125.6, 1.301
[07:58:52] 158.5, 125.7, 1.241
[07:58:53] 158.5, 125.7, 1.234
[07:58:54] 158.3, 125.7, 1.231
[07:58:55] 158.2, 125.6, 1.242
[07:58:56] 158.0, 125.5, 1.279
[07:58:57] 158.0, 125.6, 1.238
[07:58:58] 157.9, 125.6, 1.241
[07:58:59] 157.7, 125.6, 1.235
[07:59:00] 157.7, 125.6, 1.233
[07:59:01] 157.6, 125.6, 1.280
[07:59:02] 157.8, 125.7, 1.240
[07:59:03] 157.8, 125.6, 1.237
[07:59:04] 157.6, 125.6, 1.234
[07:59:05] 157.6, 125.6, 1.233
[07:59:06] 157.5, 125.6, 1.289
[07:59:07] 157.6, 125.6, 1.236
[07:59:08] 157.5, 125.6, 1.234
[07:59:09] 157.4, 125.6, 1.242
[07:59:10] 157.3, 125.6, 1.236
[07:59:11] 157.2, 125.6, 1.287
[07:59:12] 157.6, 125.6, 1.284
[07:59:13] 158.0, 125.6, 1.235
[07:59:14] 157.8, 125.6, 1.234
[07:59:15] 157.6, 125.6, 1.242
[07:59:16] 157.6, 125.6, 1.240
[07:59:17] 157.5, 125.6, 1.234
[07:59:18] 157.6, 125.6, 1.250
[07:59:19] 157.5, 125.6, 1.268
[07:59:20] 157.4, 125.6, 1.235
[07:59:21] 157.3, 125.6, 1.234
[07:59:22] 157.2, 125.7, 1.257
[07:59:23] 157.6, 125.6, 1.258
[07:59:24] 157.6, 125.7, 1.233
[07:59:25] 157.5, 125.8, 1.233
[07:59:26] 157.3, 125.8, 1.233
[07:59:27] 157.3, 125.7, 1.228
[07:59:28] 157.4, 125.7, 1.229
[07:59:29] 157.3, 125.8, 1.259
[07:59:30] 157.3, 125.7, 1.252
[07:59:31] 157.3, 125.7, 1.232
[07:59:32] 157.2, 125.7, 1.281
[07:59:33] 157.9, 125.7, 1.269
[07:59:34] 158.3, 125.7, 1.287
[07:59:35] 158.7, 125.7, 1.238
[07:59:36] 158.4, 125.7, 1.237
[07:59:37] 158.2, 125.7, 1.237
[07:59:38] 158.1, 125.7, 1.232
[07:59:39] 157.9, 125.7, 1.258
[07:59:40] 157.9, 125.7, 1.246
[07:59:41] 157.8, 125.7, 1.234
[07:59:42] 157.7, 125.7, 1.229
[07:59:43] 157.5, 125.7, 1.237
[07:59:44] 179.8, 125.7, 1.233
[07:59:45] 160.8, 125.7, 1.232
[07:59:46] 160.2, 125.7, 1.229
[07:59:47] 159.7, 125.7, 1.238
[07:59:48] 159.4, 125.6, 1.240
[07:59:49] 159.0, 125.6, 1.230
[07:59:50] 158.9, 125.6, 1.240
[07:59:51] 158.7, 125.6, 1.275
[07:59:52] 158.5, 125.6, 1.232
[07:59:53] 158.2, 125.7, 1.230
[07:59:54] 157.9, 125.7, 1.281
[07:59:55] 158.5, 125.6, 1.232
[07:59:56] 158.6, 125.7, 1.228
[07:59:57] 158.3, 125.7, 1.259
[07:59:58] 158.2, 125.7, 1.250
[07:59:59] 158.0, 125.6, 1.231
[08:00:00] 157.9, 125.7, 1.241
[08:00:01] 157.8, 125.6, 1.238
[08:00:02] 157.6, 125.6, 1.235
[08:00:03] 157.6, 125.7, 1.233
[08:00:04] 157.4, 125.6, 1.286
[08:00:05] 157.6, 125.7, 1.235
[08:00:06] 157.7, 125.7, 1.232
[08:00:07] 157.6, 125.7, 1.230
[08:00:08] 157.5, 125.7, 1.237
[08:00:09] 157.4, 125.7, 1.282
[08:00:10] 157.5, 125.6, 1.234
[08:00:11] 157.3, 125.6, 1.239
[08:00:12] 157.2, 125.7, 1.236
[08:00:13] 157.2, 125.8, 1.233
[08:00:14] 157.1, 125.7, 1.279
[08:00:15] 157.5, 125.8, 1.282
[08:00:16] 158.1, 125.7, 1.278
[08:00:17] 158.6, 125.7, 1.281
[08:00:18] 159.0, 125.7, 1.262
[08:00:19] 159.2, 125.7, 1.273
[08:00:20] 159.4, 125.8, 1.287
[08:00:21] 159.7, 125.7, 1.231
[08:00:22] 159.3, 125.8, 1.233
[08:00:23] 158.9, 125.7, 1.233
[08:00:24] 158.7, 125.8, 1.230
[08:00:25] 158.4, 125.7, 1.252
[08:00:26] 158.3, 125.6, 1.236
[08:00:27] 158.1, 125.7, 1.231
[08:00:28] 157.9, 125.7, 1.238
[08:00:29] 157.8, 125.7, 1.237
[08:00:30] 157.6, 125.6, 1.233
[08:00:31] 157.4, 125.6, 1.274
[08:00:32] 157.9, 125.7, 1.227
[08:00:33] 157.6, 125.6, 1.240
[08:00:34] 157.5, 125.6, 1.237
[08:00:35] 157.5, 125.7, 1.231
[08:00:36] 157.4, 125.7, 1.251
[08:00:37] 157.5, 125.7, 1.240
[08:00:38] 157.4, 125.7, 1.228
[08:00:39] 157.3, 125.8, 1.239
[08:00:40] 157.2, 125.7, 1.241
[08:00:41] 157.2, 125.7, 1.226
[08:00:42] 157.0, 125.7, 1.271
[08:00:43] 157.6, 125.7, 1.250
[08:00:44] 158.0, 125.6, 1.235
[08:00:45] 157.7, 125.6, 1.230
[08:00:46] 157.5, 125.7, 1.229
[08:00:47] 157.5, 125.7, 1.229
[08:00:48] 157.3, 125.6, 1.282
[08:00:49] 157.5, 125.7, 1.231
[08:00:50] 157.3, 125.7, 1.232
[08:00:51] 157.2, 125.7, 1.228
[08:00:52] 157.1, 125.7, 1.256
[08:00:53] 157.1, 125.6, 1.233
[08:00:54] 157.0, 125.6, 1.252
[08:00:55] 157.5, 125.7, 1.230
[08:00:56] 157.3, 125.7, 1.227
[08:00:57] 157.2, 125.8, 1.234
[08:00:58] 157.2, 125.8, 1.230
[08:00:59] 157.1, 125.7, 1.284
[08:01:00] 157.2, 125.8, 1.231
[08:01:01] 157.1, 125.7, 1.238
[08:01:02] 157.0, 125.7, 1.228
[08:01:03] 157.0, 125.7, 1.235
[08:01:04] 156.9, 125.7, 1.241
[08:01:05] 156.9, 125.6, 1.281
[08:01:06] 162.2, 125.7, 1.279
[08:01:07] 162.1, 125.7, 1.274
[08:01:08] 162.0, 125.7, 1.226
[08:01:09] 161.4, 125.7, 1.236
[08:01:10] 160.9, 125.7, 1.278
[08:01:11] 160.4, 125.7, 1.227
[08:01:12] 159.8, 125.7, 1.231
[08:01:13] 159.4, 125.7, 1.233
[08:01:14] 159.3, 125.7, 1.258
[08:01:15] 158.9, 125.7, 1.233
[08:01:16] 158.6, 125.8, 1.236
[08:01:17] 158.4, 125.7, 1.236
[08:01:18] 158.1, 125.8, 1.276
[08:01:19] 158.4, 125.8, 1.239
[08:01:20] 158.2, 125.7, 1.226
[08:01:21] 157.9, 125.8, 1.232
[08:01:22] 157.8, 125.7, 1.250
[08:01:23] 157.7, 125.7, 1.234
[08:01:24] 157.6, 125.8, 1.240
[08:01:25] 157.6, 125.8, 1.227
[08:01:26] 157.4, 125.8, 1.225
[08:01:27] 157.3, 125.7, 1.260
[08:01:28] 157.2, 125.8, 1.232
[08:01:29] 157.2, 125.7, 1.278
[08:01:30] 157.8, 125.7, 1.228
[08:01:31] 157.9, 125.7, 1.240
[08:01:32] 157.8, 125.7, 1.247
[08:01:33] 157.7, 125.7, 1.239
[08:01:34] 157.5, 125.7, 1.236
[08:01:35] 157.4, 125.7, 1.227
[08:01:36] 157.4, 125.7, 1.255
[08:01:37] 157.3, 125.7, 1.231
[08:01:38] 157.3, 125.8, 1.234
[08:01:39] 157.1, 125.7, 1.233
[08:01:40] 157.0, 125.7, 1.274
[08:01:41] 157.3, 125.7, 1.235
[08:01:42] 157.3, 125.7, 1.231
[08:01:43] 157.2, 125.7, 1.244
[08:01:44] 157.2, 125.7, 1.234
[08:01:45] 157.2, 125.7, 1.230
[08:01:46] 157.0, 125.7, 1.232
[08:01:47] 157.1, 125.7, 1.230
[08:01:48] 157.1, 125.7, 1.259
[08:01:49] 157.1, 125.7, 1.227
[08:01:50] 157.0, 125.7, 1.244
[08:01:51] 156.9, 125.7, 1.283
[08:01:52] 157.4, 125.7, 1.273
[08:01:53] 158.0, 125.7, 1.273
[08:01:54] 158.4, 125.7, 1.280
[08:01:55] 158.9, 125.8, 1.281
[08:01:56] 159.2, 125.8, 1.277
[08:01:57] 159.6, 125.8, 1.273
[08:01:58] 159.8, 125.7, 1.283
[08:01:59] 160.0, 125.7, 1.106
[08:02:00] 150.3, 125.8, 1.089
[08:02:01] 138.7, 125.8, 1.093
[08:02:02] 138.7, 125.8, 1.102
[08:02:03] 138.7, 125.7, 1.095
[08:02:04] 138.7, 125.6, 1.587
[08:02:05] 202.4, 125.7, 1.028
[08:02:06] 130.2, 125.8, 1.099
[08:02:07] 140.5, 125.8, 1.112
[08:02:08] 140.5, 125.8, 1.115
[08:02:09] 140.4, 125.6, 2.034
[08:02:10] 206.2, 125.8, 1.044
[08:02:11] 151.3, 125.7, 1.133
[08:02:12] 139.6, 125.8, 1.129
[08:02:13] 139.7, 125.7, 1.096
[08:02:14] 139.7, 125.7, 1.101
[08:02:15] 147.5, 125.6, 1.985
[08:02:16] 253.4, 125.7, 1.094
[08:02:17] 142.3, 125.7, 1.113
[08:02:18] 142.0, 125.7, 1.097
[08:02:19] 141.9, 125.7, 1.114
[08:02:20] 141.6, 125.7, 1.112
[08:02:21] 173.4, 125.6, 1.986
[08:02:22] 246.6, 125.6, 1.608
[08:02:23] 231.4, 125.7, 1.106
[08:02:24] 137.9, 125.7, 1.119
[08:02:25] 138.2, 125.6, 1.114
[08:02:26] 138.5, 125.7, 1.111
[08:02:27] 138.7, 125.5, 2.628
[08:02:28] 194.1, 125.6, 1.981
[08:02:29] 250.4, 125.5, 2.047
[08:02:30] 255.6, 125.6, 2.044
[08:02:31] 255.8, 125.7, 1.077
[08:02:32] 183.4, 125.7, 1.108
[08:02:33] 140.3, 125.7, 1.100
[08:02:34] 140.2, 125.7, 1.106
[08:02:35] 140.3, 125.7, 1.096
[08:02:36] 140.2, 125.5, 1.985
[08:02:37] 246.2, 125.6, 2.004
[08:02:38] 251.6, 125.5, 2.040
[08:02:39] 257.6, 125.5, 2.032
[08:02:40] 257.5, 125.5, 2.034
[08:02:41] 257.5, 125.5, 2.031
[08:02:42] 257.5, 125.5, 2.035
[08:02:43] 257.5, 125.6, 1.074
[08:02:44] 187.9, 125.6, 1.095
[08:02:45] 140.3, 125.6, 1.103
[08:02:46] 140.4, 125.6, 1.118
[08:02:47] 140.4, 125.6, 1.097
[08:02:48] 140.3, 125.5, 2.004
[08:02:49] 237.3, 125.5, 1.979
[08:02:50] 251.4, 125.5, 2.039
[08:02:51] 257.8, 125.6, 2.042
[08:02:52] 257.7, 125.6, 2.045
[08:02:53] 257.7, 125.6, 2.050
[08:02:54] 257.7, 125.7, 2.052
[08:02:55] 257.7, 125.7, 2.053
[08:02:56] 257.8, 125.6, 2.053
[08:02:57] 257.8, 125.6, 2.053
[08:02:58] 257.8, 125.6, 2.054
[08:02:59] 257.9, 125.6, 2.052
[08:03:00] 257.9, 125.7, 2.050
[08:03:01] 258.0, 125.7, 2.044
[08:03:02] 258.0, 125.8, 1.136
[08:03:03] 187.5, 125.8, 1.128
[08:03:04] 140.5, 125.8, 1.087
[08:03:05] 140.5, 125.7, 1.100
