<<<[06:22:06] 142.3, 126.2, 1.107
[06:22:07] 142.2, 126.1, 1.098
[06:22:08] 142.0, 126.1, 1.110
[06:22:09] 141.8, 126.1, 1.262
[06:22:10] 159.3, 126.2, 1.247
[06:22:11] 159.5, 126.2, 1.127
[06:22:12] 145.0, 126.2, 1.126
[06:22:13] 144.7, 126.2, 1.125
[06:22:14] 144.6, 126.2, 1.123
[06:22:15] 144.4, 126.1, 1.125
[06:22:16] 144.3, 126.2, 1.113
[06:22:17] 169.6, 126.2, 1.114
[06:22:18] 141.2, 126.2, 1.113
[06:22:19] 141.2, 126.2, 1.123
[06:22:20] 141.4, 126.2, 1.128
[06:22:21] 141.7, 126.2, 1.105
[06:22:22] 168.7, 126.2, 1.106
[06:22:23] 140.7, 126.2, 1.099
[06:22:24] 140.6, 126.2, 1.100
[06:22:25] 140.6, 126.1, 1.110
[06:22:26] 140.6, 126.1, 1.101
[06:22:27] 168.4, 126.1, 1.101
[06:22:28] 140.7, 126.1, 1.102
[06:22:29] 140.6, 126.1, 1.101
[06:22:30] 140.5, 126.1, 1.103
[06:22:31] 140.6, 126.2, 1.105
[06:22:32] 168.0, 126.2, 1.097
[06:22:33] 139.8, 126.1, 1.100
[06:22:34] 139.8, 126.1, 1.099
[06:22:35] 139.9, 126.1, 1.099
[06:22:36] 139.9, 126.1, 1.100
[06:22:37] 167.5, 126.1, 1.096
[06:22:38] 140.1, 126.1, 1.095
[06:22:39] 140.0, 126.1, 1.099
[06:22:40] 140.1, 126.2, 1.111
[06:22:41] 140.2, 126.1, 1.102
[06:22:42] 167.8, 126.1, 1.101
[06:22:43] 140.3, 126.1, 1.099
[06:22:44] 140.2, 126.1, 1.096
[06:22:45] 140.2, 126.1, 1.104
[06:22:46] 140.2, 126.1, 1.029
[06:22:47] 174.2, 126.1, 1.095
[06:22:48] 134.7, 126.1, 1.098
[06:22:49] 139.9, 126.1, 1.102
[06:22:50] 139.8, 126.1, 1.098
[06:22:51] 139.9, 126.2, 1.032
[06:22:52] 173.1, 126.1, 1.057
[06:22:53] 133.4, 126.1, 1.100
[06:22:54] 139.8, 126.1, 1.099
[06:22:55] 139.7, 126.2, 1.092
[06:22:56] 139.7, 126.2, 1.203
[06:22:57] 185.2, 126.1, 1.035
[06:22:58] 133.6, 126.2, 1.092
[06:22:59] 139.4, 126.1, 1.098
[06:23:00] 139.4, 126.1, 1.094
[06:23:01] 139.4, 126.0, 1.606
[06:23:02] 196.2, 126.2, 1.031
[06:23:03] 130.2, 126.2, 1.090
[06:23:04] 139.8, 126.2, 1.100
[06:23:05] 139.7, 126.2, 1.099
[06:23:06] 139.7, 126.0, 2.893
[06:23:07] 187.2, 126.1, 1.028
[06:23:08] 173.4, 126.1, 1.099
[06:23:09] 137.6, 126.1, 1.099
[06:23:10] 137.8, 126.1, 1.100
[06:23:11] 138.1, 126.1, 1.092
[06:23:12] 138.3, 126.0, 1.873
[06:23:13] 227.7, 126.1, 1.160
[06:23:14] 192.6, 126.1, 1.096
[06:23:15] 139.8, 126.1, 1.091
[06:23:16] 139.8, 126.1, 1.095
[06:23:17] 139.8, 126.1, 1.102
[06:23:18] 139.7, 126.0, 1.854
[06:23:19] 214.0, 126.0, 1.844
[06:23:20] 234.1, 126.0, 1.679
[06:23:21] 224.8, 126.1, 1.093
[06:23:22] 138.5, 126.1, 1.096
[06:23:23] 138.6, 126.1, 1.095
[06:23:24] 138.8, 126.2, 1.091
[06:23:25] 138.9, 126.0, 2.890
[06:23:26] 184.8, 126.0, 1.845
[06:23:27] 234.4, 125.9, 1.910
[06:23:28] 239.9, 126.0, 1.911
[06:23:29] 240.1, 126.0, 1.912
[06:23:30] 240.3, 126.1, 1.111
[06:23:31] 182.7, 126.1, 1.094
[06:23:32] 139.8, 126.1, 1.098
[06:23:33] 139.8, 126.2, 1.097
[06:23:34] 139.8, 126.2, 1.093
[06:23:35] 139.8, 126.1, 1.884
[06:23:36] 223.2, 126.1, 1.846
[06:23:37] 234.6, 126.1, 1.908
[06:23:38] 242.2, 126.1, 1.907
[06:23:39] 242.1, 126.1, 1.908
[06:23:40] 242.1, 126.1, 1.912
[06:23:41] 242.1, 126.1, 1.913
[06:23:42] 242.2, 126.1, 1.911
[06:23:43] 242.2, 126.1, 1.912
[06:23:44] 242.2, 126.1, 1.635
[06:23:45] 218.9, 126.1, 1.096
[06:23:46] 138.5, 126.1, 1.100
[06:23:47] 138.7, 126.1, 1.102
[06:23:48] 138.8, 126.1, 1.101
[06:23:49] 138.9, 125.9, 1.886
[06:23:50] 202.9, 126.1, 1.848
[06:23:51] 234.2, 126.1, 1.913
[06:23:52] 241.7, 126.0, 1.913
[06:23:53] 241.8, 126.1, 1.914
[06:23:54] 241.9, 126.1, 1.913
[06:23:55] 242.0, 126.1, 1.914
[06:23:56] 242.1, 126.1, 1.917
[06:23:57] 242.2, 126.1, 1.915
[06:23:58] 242.2, 126.1, 1.918
[06:23:59] 242.3, 126.1, 1.916
[06:24:00] 242.4, 126.1, 1.915
[06:24:01] 242.4, 126.1, 1.913
[06:24:02] 242.5, 126.1, 1.915
[06:24:03] 242.5, 126.1, 1.917
[06:24:04] 242.5, 126.1, 1.915
[06:24:05] 242.6, 126.1, 1.920
[06:24:06] 242.6, 126.1, 1.916
[06:24:07] 242.6, 126.1, 1.919
[06:24:08] 242.1, 126.2, 1.102
[06:24:09] 138.7, 126.3, 1.100
[06:24:10] 138.9, 126.2, 1.100
[06:24:11] 139.1, 126.2, 1.102
[06:24:12] 139.3, 126.2, 1.101
