<<<[04:49:13] 141.7, 126.3, 1.110
[04:49:14] 141.6, 126.3, 1.107
[04:49:15] 141.6, 126.3, 1.104
[04:49:16] 141.5, 126.3, 1.182
[04:49:17] 142.0, 126.3, 1.265
[04:49:18] 159.1, 126.3, 1.255
[04:49:19] 158.9, 126.3, 1.125
[04:49:20] 141.8, 126.3, 1.134
[04:49:21] 141.8, 126.3, 1.120
[04:49:22] 142.0, 126.3, 1.125
[04:49:23] 142.2, 126.3, 1.119
[04:49:24] 142.6, 126.3, 1.114
[04:49:25] 165.8, 126.3, 1.103
[04:49:26] 141.2, 126.2, 1.113
[04:49:27] 141.2, 126.3, 1.117
[04:49:28] 141.3, 126.2, 1.126
[04:49:29] 141.6, 126.2, 1.113
[04:49:30] 165.5, 126.2, 1.111
[04:49:31] 141.2, 126.2, 1.107
[04:49:32] 141.1, 126.2, 1.109
[04:49:33] 141.0, 126.2, 1.105
[04:49:34] 141.1, 126.2, 1.112
[04:49:35] 166.0, 126.2, 1.100
[04:49:36] 140.5, 126.2, 1.103
[04:49:37] 140.4, 126.2, 1.104
[04:49:38] 140.4, 126.2, 1.103
[04:49:39] 140.5, 126.2, 1.109
[04:49:40] 165.5, 126.3, 1.103
[04:49:41] 140.5, 126.3, 1.107
[04:49:42] 140.4, 126.3, 1.101
[04:49:43] 140.4, 126.3, 1.100
[04:49:44] 140.5, 126.2, 1.106
[04:49:45] 165.8, 126.2, 1.103
[04:49:46] 139.9, 126.2, 1.102
[04:49:47] 139.9, 126.2, 1.101
[04:49:48] 139.9, 126.2, 1.104
[04:49:49] 139.9, 126.2, 1.116
[04:49:50] 165.5, 126.2, 1.104
[04:49:51] 140.5, 126.2, 1.095
[04:49:52] 140.4, 126.2, 1.097
[04:49:53] 140.4, 126.2, 1.100
[04:49:54] 140.3, 126.2, 1.059
[04:49:55] 172.0, 126.2, 1.105
[04:49:56] 135.1, 126.3, 1.100
[04:49:57] 135.6, 126.3, 1.100
[04:49:58] 136.2, 126.2, 1.097
[04:49:59] 136.6, 126.3, 0.979
[04:50:00] 182.8, 126.3, 1.091
[04:50:01] 134.5, 126.3, 1.100
[04:50:02] 139.8, 126.3, 1.092
[04:50:03] 139.7, 126.2, 1.092
[04:50:04] 139.7, 126.2, 1.477
[04:50:05] 191.7, 126.2, 1.033
[04:50:06] 133.4, 126.3, 1.100
[04:50:07] 140.1, 126.3, 1.094
[04:50:08] 140.0, 126.2, 1.096
[04:50:09] 140.0, 126.2, 1.737
[04:50:10] 199.1, 126.3, 1.036
[04:50:11] 142.8, 126.2, 1.103
[04:50:12] 142.4, 126.2, 1.098
[04:50:13] 142.1, 126.2, 1.098
[04:50:14] 141.7, 126.2, 1.099
[04:50:15] 163.7, 126.2, 1.750
[04:50:16] 217.4, 126.2, 1.087
[04:50:17] 147.5, 126.2, 1.098
[04:50:18] 139.8, 126.2, 1.099
[04:50:19] 139.8, 126.2, 1.103
[04:50:20] 139.7, 126.2, 1.102
[04:50:21] 170.9, 126.1, 1.750
[04:50:22] 218.9, 126.1, 1.675
[04:50:23] 218.9, 126.2, 1.098
[04:50:24] 138.5, 126.3, 1.100
[04:50:25] 138.7, 126.2, 1.101
[04:50:26] 138.8, 126.2, 1.099
[04:50:27] 138.9, 126.1, 3.140
[04:50:28] 179.0, 126.1, 1.749
[04:50:29] 221.6, 126.2, 1.809
[04:50:30] 227.6, 126.3, 1.810
[04:50:31] 227.8, 126.2, 1.562
[04:50:32] 201.7, 126.3, 1.097
[04:50:33] 139.9, 126.3, 1.099
[04:50:34] 139.8, 126.3, 1.096
[04:50:35] 139.8, 126.3, 1.097
[04:50:36] 139.8, 126.2, 1.733
[04:50:37] 203.8, 126.2, 1.748
[04:50:38] 221.4, 126.2, 1.811
[04:50:39] 229.4, 126.2, 1.810
[04:50:40] 229.4, 126.1, 1.812
[04:50:41] 229.5, 126.1, 1.814
[04:50:42] 229.5, 126.2, 1.813
[04:50:43] 229.6, 126.2, 1.814
[04:50:44] 229.2, 126.3, 1.090
[04:50:45] 152.6, 126.3, 1.097
[04:50:46] 139.6, 126.3, 1.097
[04:50:47] 139.6, 126.3, 1.097
[04:50:48] 139.6, 126.3, 1.104
[04:50:49] 171.1, 126.2, 1.750
[04:50:50] 219.2, 126.2, 1.810
[04:50:51] 226.5, 126.2, 1.814
[04:50:52] 226.9, 126.2, 1.814
[04:50:53] 227.3, 126.1, 1.813
[04:50:54] 227.7, 126.1, 1.815
[04:50:55] 228.0, 126.2, 1.817
[04:50:56] 228.3, 126.1, 1.816
[04:50:57] 228.5, 126.1, 1.817
[04:50:58] 228.7, 126.1, 1.813
[04:50:59] 228.9, 126.1, 1.818
[04:51:00] 229.1, 126.2, 1.817
[04:51:01] 229.3, 126.1, 1.820
[04:51:02] 229.5, 126.2, 1.819
[04:51:03] 229.6, 126.3, 1.355
[04:51:04] 204.0, 126.3, 1.096
[04:51:05] 140.7, 126.3, 1.099
[04:51:06] 140.6, 126.3, 1.103
[04:51:07] 140.5, 126.3, 1.103
