<<<[03:08:27] 140.9, 126.3, 1.107
[03:08:28] 140.9, 126.2, 1.106
[03:08:29] 141.0, 126.2, 1.110
[03:08:30] 141.0, 126.3, 1.259
[03:08:31] 149.7, 126.3, 1.113
[03:08:32] 144.3, 126.2, 1.112
[03:08:33] 144.0, 126.3, 1.118
[03:08:34] 143.8, 126.3, 1.123
[03:08:35] 143.7, 126.3, 1.123
[03:08:36] 143.6, 126.2, 1.098
[03:08:37] 170.5, 126.3, 1.110
[03:08:38] 142.1, 126.2, 1.113
[03:08:39] 141.9, 126.3, 1.110
[03:08:40] 141.8, 126.3, 1.106
[03:08:41] 141.8, 126.2, 1.084
[03:08:42] 168.2, 126.3, 1.116
[03:08:43] 142.1, 126.3, 1.112
[03:08:44] 142.1, 126.3, 1.114
[03:08:45] 142.2, 126.3, 1.109
[03:08:46] 142.1, 126.3, 1.078
[03:08:47] 167.5, 126.3, 1.099
[03:08:48] 140.8, 126.3, 1.109
[03:08:49] 140.8, 126.3, 1.102
[03:08:50] 140.8, 126.3, 1.104
[03:08:51] 140.9, 126.3, 1.077
[03:08:52] 167.5, 126.3, 1.101
[03:08:53] 140.3, 126.3, 1.100
[03:08:54] 140.3, 126.3, 1.113
[03:08:55] 140.3, 126.3, 1.103
[03:08:56] 140.4, 126.2, 1.076
[03:08:57] 167.3, 126.3, 1.097
[03:08:58] 140.1, 126.3, 1.099
[03:08:59] 140.1, 126.3, 1.098
[03:09:00] 140.1, 126.2, 1.105
[03:09:01] 140.2, 126.3, 1.077
[03:09:02] 166.7, 126.3, 1.098
[03:09:03] 139.8, 126.2, 1.099
[03:09:04] 139.7, 126.2, 1.102
[03:09:05] 139.8, 126.3, 1.094
[03:09:06] 139.8, 126.2, 1.076
[03:09:07] 166.9, 126.2, 1.098
[03:09:08] 139.8, 126.3, 1.096
[03:09:09] 139.8, 126.2, 1.093
[03:09:10] 139.7, 126.3, 1.093
[03:09:11] 139.8, 126.2, 1.065
[03:09:12] 166.2, 126.2, 1.090
[03:09:13] 139.6, 126.2, 1.099
[03:09:14] 139.6, 126.3, 1.098
[03:09:15] 139.7, 126.3, 1.096
[03:09:16] 139.8, 126.3, 0.993
[03:09:17] 173.8, 126.3, 1.038
[03:09:18] 133.2, 126.3, 1.097
[03:09:19] 139.6, 126.2, 1.093
[03:09:20] 139.6, 126.2, 1.094
[03:09:21] 139.6, 126.2, 1.012
[03:09:22] 173.1, 126.2, 1.036
[03:09:23] 132.9, 126.3, 1.093
[03:09:24] 139.9, 126.3, 1.093
[03:09:25] 139.9, 126.3, 1.092
[03:09:26] 139.8, 126.3, 1.406
[03:09:27] 184.3, 126.3, 1.030
[03:09:28] 132.3, 126.3, 1.098
[03:09:29] 139.6, 126.3, 1.089
[03:09:30] 139.6, 126.3, 1.100
[03:09:31] 139.6, 126.2, 1.883
[03:09:32] 197.1, 126.3, 1.025
[03:09:33] 141.9, 126.3, 1.093
[03:09:34] 141.5, 126.3, 1.098
[03:09:35] 141.3, 126.3, 1.097
[03:09:36] 141.1, 126.2, 1.098
[03:09:37] 173.4, 126.3, 1.389
[03:09:38] 198.0, 126.2, 1.090
[03:09:39] 136.7, 126.2, 1.091
[03:09:40] 137.0, 126.3, 1.091
[03:09:41] 137.3, 126.2, 1.094
[03:09:42] 137.6, 126.1, 1.881
[03:09:43] 202.4, 126.2, 1.854
[03:09:44] 230.4, 126.3, 1.100
[03:09:45] 149.0, 126.2, 1.098
[03:09:46] 139.8, 126.2, 1.098
[03:09:47] 139.7, 126.3, 1.092
[03:09:48] 139.7, 126.3, 1.105
[03:09:49] 172.9, 126.1, 1.859
[03:09:50] 232.8, 126.1, 1.917
[03:09:51] 240.0, 126.2, 1.442
[03:09:52] 208.5, 126.3, 1.094
[03:09:53] 140.3, 126.3, 1.093
[03:09:54] 140.2, 126.3, 1.101
[03:09:55] 140.2, 126.2, 1.093
[03:09:56] 140.2, 126.1, 1.904
[03:09:57] 201.5, 126.1, 1.857
[03:09:58] 235.7, 126.1, 1.921
[03:09:59] 242.9, 126.1, 1.923
[03:10:00] 243.0, 126.1, 1.923
[03:10:01] 243.1, 126.1, 1.926
[03:10:02] 242.6, 126.2, 1.092
[03:10:03] 149.9, 126.3, 1.097
[03:10:04] 140.1, 126.3, 1.096
[03:10:05] 140.1, 126.2, 1.090
[03:10:06] 140.1, 126.3, 1.096
[03:10:07] 172.2, 126.2, 1.859
[03:10:08] 232.8, 126.2, 1.918
[03:10:09] 240.4, 126.2, 1.924
[03:10:10] 240.8, 126.2, 1.925
[03:10:11] 241.2, 126.2, 1.927
[03:10:12] 241.6, 126.2, 1.927
[03:10:13] 242.0, 126.2, 1.928
[03:10:14] 242.3, 126.2, 1.928
[03:10:15] 242.6, 126.2, 1.929
[03:10:16] 242.8, 126.2, 1.927
[03:10:17] 243.0, 126.3, 1.084
[03:10:18] 197.7, 126.3, 1.093
[03:10:19] 140.1, 126.3, 1.094
[03:10:20] 140.0, 126.2, 1.096
[03:10:21] 140.0, 126.3, 1.098
