<<<[06:14:12] 139.4, 126.1, 1.104
[06:14:13] 139.6, 126.2, 1.115
[06:14:14] 139.7, 126.2, 1.113
[06:14:15] 140.0, 126.1, 1.262
[06:14:16] 155.9, 126.1, 1.275
[06:14:17] 156.4, 126.1, 1.281
[06:14:18] 156.8, 126.1, 1.240
[06:14:19] 157.0, 126.1, 1.265
[06:14:20] 157.2, 126.1, 1.240
[06:14:21] 157.3, 126.2, 1.238
[06:14:22] 157.4, 126.1, 1.246
[06:14:23] 157.5, 126.1, 1.237
[06:14:24] 157.4, 126.1, 1.248
[06:14:25] 157.8, 126.2, 1.114
[06:14:26] 145.4, 126.1, 1.109
[06:14:27] 144.9, 126.2, 1.108
[06:14:28] 144.4, 126.2, 1.114
[06:14:29] 144.0, 126.2, 1.112
[06:14:30] 143.6, 126.2, 1.039
[06:14:31] 179.0, 126.2, 1.117
[06:14:32] 136.1, 126.2, 1.128
[06:14:33] 141.6, 126.1, 1.126
[06:14:34] 141.6, 126.1, 1.107
[06:14:35] 141.6, 126.2, 1.027
[06:14:36] 178.0, 126.2, 1.106
[06:14:37] 136.3, 126.2, 1.107
[06:14:38] 141.4, 126.2, 1.121
[06:14:39] 141.4, 126.2, 1.110
[06:14:40] 141.4, 126.2, 1.038
[06:14:41] 179.2, 126.2, 1.085
[06:14:42] 135.8, 126.2, 1.124
[06:14:43] 141.8, 126.1, 1.120
[06:14:44] 141.7, 126.1, 1.121
[06:14:45] 141.7, 126.2, 1.285
[06:14:46] 193.7, 126.1, 1.043
[06:14:47] 134.9, 126.1, 1.103
[06:14:48] 141.4, 126.1, 1.104
[06:14:49] 141.3, 126.1, 1.114
[06:14:50] 141.4, 126.0, 2.111
[06:14:51] 216.0, 126.1, 1.048
[06:14:52] 139.6, 126.1, 1.107
[06:14:53] 139.8, 126.1, 1.111
[06:14:54] 140.0, 126.1, 1.101
[06:14:55] 140.1, 126.2, 1.118
[06:14:56] 177.6, 126.1, 1.566
[06:14:57] 237.7, 126.1, 1.127
[06:14:58] 136.7, 126.2, 1.131
[06:14:59] 141.8, 126.2, 1.097
[06:15:00] 141.7, 126.2, 1.106
[06:15:01] 141.6, 126.0, 2.560
[06:15:02] 203.7, 126.0, 2.134
[06:15:03] 271.5, 126.1, 1.107
[06:15:04] 186.1, 126.2, 1.108
[06:15:05] 141.6, 126.1, 1.102
[06:15:06] 141.6, 126.1, 1.106
[06:15:07] 141.6, 126.2, 1.125
[06:15:08] 141.5, 126.0, 2.145
[06:15:09] 265.9, 126.0, 2.165
[06:15:10] 273.0, 126.0, 2.200
[06:15:11] 278.6, 126.2, 1.099
[06:15:12] 192.4, 126.2, 1.101
[06:15:13] 141.4, 126.2, 1.109
[06:15:14] 141.4, 126.2, 1.110
[06:15:15] 141.4, 126.2, 1.098
[06:15:16] 141.5, 126.0, 2.160
[06:15:17] 257.4, 126.0, 2.142
[06:15:18] 272.4, 126.0, 2.203
[06:15:19] 279.1, 126.0, 2.203
[06:15:20] 279.0, 126.0, 2.204
[06:15:21] 279.1, 126.0, 2.203
[06:15:22] 279.0, 126.2, 1.341
[06:15:23] 215.1, 126.2, 1.115
[06:15:24] 142.5, 126.2, 1.123
[06:15:25] 142.4, 126.1, 1.121
[06:15:26] 142.3, 126.2, 1.113
[06:15:27] 165.1, 126.2, 1.106
[06:15:28] 240.6, 126.0, 2.140
[06:15:29] 271.2, 126.0, 2.199
[06:15:30] 279.1, 126.1, 2.204
[06:15:31] 279.1, 126.1, 2.195
[06:15:32] 279.0, 126.1, 2.204
[06:15:33] 279.0, 126.1, 2.201
[06:15:34] 279.1, 126.1, 2.204
[06:15:35] 279.1, 126.0, 2.203
[06:15:36] 279.1, 126.0, 2.205
[06:15:37] 279.1, 126.0, 2.206
[06:15:38] 279.2, 126.1, 2.206
[06:15:39] 279.2, 126.2, 1.234
[06:15:40] 230.4, 126.2, 1.111
[06:15:41] 142.3, 126.2, 1.104
[06:15:42] 142.2, 126.1, 1.103
[06:15:43] 142.1, 126.1, 1.107
