<<<[16:18:43] 140.2, 125.1, 1.135
[16:18:44] 140.5, 125.1, 1.151
[16:18:45] 140.9, 125.2, 1.152
[16:18:46] 141.4, 125.1, 1.258
[16:18:47] 154.8, 125.1, 1.246
[16:18:48] 155.0, 125.2, 1.168
[16:18:49] 154.6, 125.1, 1.184
[16:18:50] 149.5, 125.1, 1.179
[16:18:51] 149.4, 125.1, 1.187
[16:18:52] 149.3, 125.0, 1.185
[16:18:53] 149.3, 125.0, 1.484
[16:18:54] 172.9, 125.1, 1.145
[16:18:55] 144.1, 125.0, 1.145
[16:18:56] 144.0, 125.0, 1.127
[16:18:57] 143.9, 125.0, 1.130
[16:18:58] 143.7, 125.0, 1.477
[16:18:59] 168.0, 125.0, 1.129
[16:19:00] 144.1, 125.1, 1.144
[16:19:01] 144.0, 125.1, 1.139
[16:19:02] 144.0, 125.1, 1.132
[16:19:03] 143.8, 125.0, 1.464
[16:19:04] 179.2, 125.1, 1.066
[16:19:05] 136.1, 125.1, 1.131
[16:19:06] 143.6, 125.1, 1.131
[16:19:07] 143.5, 125.0, 1.132
[16:19:08] 143.4, 125.0, 1.478
[16:19:09] 178.0, 125.0, 1.076
[16:19:10] 136.5, 125.1, 1.134
[16:19:11] 143.9, 125.0, 1.148
[16:19:12] 143.7, 125.0, 1.143
[16:19:13] 143.7, 124.9, 1.478
[16:19:14] 179.4, 125.0, 1.086
[16:19:15] 136.1, 125.0, 1.133
[16:19:16] 143.9, 125.0, 1.132
[16:19:17] 143.8, 125.0, 1.130
[16:19:18] 143.6, 125.0, 1.726
[16:19:19] 195.7, 125.0, 1.071
[16:19:20] 134.1, 125.0, 1.143
[16:19:21] 142.8, 125.0, 1.133
[16:19:22] 142.8, 125.1, 1.134
[16:19:23] 142.8, 124.9, 2.798
[16:19:24] 199.9, 125.1, 1.053
[16:19:25] 145.9, 125.0, 1.148
[16:19:26] 145.3, 125.0, 1.152
[16:19:27] 145.1, 125.0, 1.134
[16:19:28] 144.9, 125.0, 1.130
[16:19:29] 179.2, 125.0, 1.046
[16:19:30] 197.9, 125.0, 1.127
[16:19:31] 139.8, 125.0, 1.148
[16:19:32] 140.3, 125.1, 1.138
[16:19:33] 140.6, 125.0, 1.127
[16:19:34] 140.9, 124.9, 2.257
[16:19:35] 248.7, 125.0, 1.031
[16:19:36] 197.0, 125.0, 1.143
[16:19:37] 143.7, 125.0, 1.146
[16:19:38] 143.7, 125.1, 1.129
[16:19:39] 143.6, 125.1, 1.136
[16:19:40] 143.5, 125.0, 2.264
[16:19:41] 255.1, 125.0, 2.230
[16:19:42] 280.0, 125.0, 1.089
[16:19:43] 197.7, 125.1, 1.139
[16:19:44] 143.6, 125.1, 1.137
[16:19:45] 143.6, 125.1, 1.132
[16:19:46] 143.5, 125.1, 1.123
[16:19:47] 143.3, 124.9, 2.242
[16:19:48] 268.3, 124.9, 2.258
[16:19:49] 281.7, 124.9, 2.299
[16:19:50] 287.8, 124.9, 2.297
[16:19:51] 287.7, 125.0, 1.130
[16:19:52] 155.5, 125.0, 1.135
[16:19:53] 143.2, 124.9, 1.142
[16:19:54] 143.2, 125.0, 1.145
[16:19:55] 143.2, 125.0, 1.122
[16:19:56] 148.6, 124.9, 2.227
[16:19:57] 290.7, 124.9, 2.300
[16:19:58] 283.5, 124.9, 2.295
[16:19:59] 284.0, 124.8, 2.297
[16:20:00] 284.5, 124.8, 2.302
[16:20:01] 285.0, 124.8, 2.299
[16:20:02] 285.5, 124.8, 2.304
[16:20:03] 285.9, 125.0, 1.597
[16:20:04] 241.7, 125.0, 1.138
[16:20:05] 143.9, 125.0, 1.145
[16:20:06] 143.9, 125.0, 1.138
[16:20:07] 143.8, 125.0, 1.130
[16:20:08] 143.7, 124.9, 2.430
[16:20:09] 216.1, 124.9, 2.234
[16:20:10] 280.8, 124.9, 2.302
[16:20:11] 287.1, 124.8, 2.302
[16:20:12] 287.2, 124.8, 2.302
[16:20:13] 287.4, 124.8, 2.304
[16:20:14] 287.6, 124.8, 2.304
[16:20:15] 287.7, 124.8, 2.305
[16:20:16] 287.9, 124.8, 2.305
[16:20:17] 287.9, 124.8, 2.306
[16:20:18] 288.1, 124.8, 2.306
[16:20:19] 288.2, 124.8, 2.306
[16:20:20] 288.3, 124.8, 2.307
[16:20:21] 288.4, 124.9, 2.307
[16:20:22] 288.5, 124.8, 2.307
[16:20:23] 288.5, 124.9, 1.799
[16:20:24] 250.7, 125.0, 1.144
[16:20:25] 144.3, 125.0, 1.153
[16:20:26] 144.2, 125.0, 1.136
[16:20:27] 144.1, 124.9, 1.131
