<<<[20:06:52] 140.5, 125.8, 1.122
[20:06:53] 140.6, 125.8, 1.129
[20:06:54] 140.8, 125.8, 1.131
[20:06:55] 141.1, 125.8, 1.249
[20:06:56] 151.9, 125.8, 1.185
[20:06:57] 151.7, 125.9, 1.176
[20:06:58] 151.5, 125.9, 1.170
[20:06:59] 151.1, 125.9, 1.167
[20:07:00] 150.8, 125.9, 1.160
[20:07:01] 150.3, 126.0, 1.142
[20:07:02] 169.6, 126.0, 1.127
[20:07:03] 143.9, 125.9, 1.133
[20:07:04] 143.8, 126.0, 1.122
[20:07:05] 143.8, 126.0, 1.121
[20:07:06] 143.7, 126.0, 1.148
[20:07:07] 170.4, 126.0, 1.129
[20:07:08] 142.8, 126.0, 1.117
[20:07:09] 142.6, 126.0, 1.110
[20:07:10] 142.5, 126.0, 1.112
[20:07:11] 142.3, 126.0, 1.133
[20:07:12] 169.1, 126.0, 1.109
[20:07:13] 141.2, 126.0, 1.115
[20:07:14] 141.2, 126.0, 1.110
[20:07:15] 141.2, 126.0, 1.116
[20:07:16] 141.2, 126.0, 1.134
[20:07:17] 169.4, 126.0, 1.109
[20:07:18] 140.7, 126.0, 1.103
[20:07:19] 140.7, 126.0, 1.104
[20:07:20] 140.6, 126.0, 1.108
[20:07:21] 140.7, 126.0, 1.130
[20:07:22] 168.9, 125.9, 1.106
[20:07:23] 140.7, 125.9, 1.101
[20:07:24] 140.7, 125.9, 1.108
[20:07:25] 140.6, 125.9, 1.105
[20:07:26] 140.6, 125.9, 1.125
[20:07:27] 168.5, 125.9, 1.101
[20:07:28] 140.1, 125.9, 1.099
[20:07:29] 140.1, 125.9, 1.110
[20:07:30] 140.1, 125.9, 1.101
[20:07:31] 140.1, 125.9, 1.113
[20:07:32] 167.8, 125.9, 1.105
[20:07:33] 140.3, 125.9, 1.104
[20:07:34] 140.2, 125.9, 1.111
[20:07:35] 140.3, 125.9, 1.099
[20:07:36] 140.2, 125.9, 1.121
[20:07:37] 168.0, 125.9, 1.100
[20:07:38] 139.8, 125.9, 1.099
[20:07:39] 139.8, 125.9, 1.098
[20:07:40] 139.8, 125.9, 1.102
[20:07:41] 139.7, 126.0, 1.058
[20:07:42] 175.2, 125.9, 1.099
[20:07:43] 134.7, 125.9, 1.103
[20:07:44] 139.9, 125.9, 1.110
[20:07:45] 139.9, 126.0, 1.105
[20:07:46] 139.8, 126.0, 1.062
[20:07:47] 174.7, 125.9, 1.092
[20:07:48] 134.0, 125.9, 1.094
[20:07:49] 134.6, 125.9, 1.108
[20:07:50] 139.8, 126.0, 1.101
[20:07:51] 139.7, 126.0, 1.030
[20:07:52] 187.0, 126.0, 1.072
[20:07:53] 134.1, 125.9, 1.104
[20:07:54] 139.8, 125.9, 1.099
[20:07:55] 139.8, 125.9, 1.097
[20:07:56] 139.8, 125.8, 1.632
[20:07:57] 199.0, 125.9, 1.037
[20:07:58] 132.3, 125.9, 1.103
[20:07:59] 139.9, 125.9, 1.095
[20:08:00] 139.8, 125.9, 1.097
[20:08:01] 139.7, 125.8, 1.872
[20:08:02] 204.9, 125.9, 1.036
[20:08:03] 147.7, 125.9, 1.094
[20:08:04] 139.2, 125.9, 1.097
[20:08:05] 139.2, 125.9, 1.101
[20:08:06] 139.3, 125.9, 1.101
[20:08:07] 172.7, 125.8, 1.614
[20:08:08] 223.4, 125.9, 1.095
[20:08:09] 139.2, 125.9, 1.100
[20:08:10] 139.2, 125.9, 1.095
[20:08:11] 139.3, 125.9, 1.098
[20:08:12] 139.3, 125.8, 2.916
[20:08:13] 188.1, 125.8, 1.890
[20:08:14] 239.7, 125.9, 1.110
[20:08:15] 192.8, 125.9, 1.100
[20:08:16] 139.8, 125.8, 1.094
[20:08:17] 139.7, 125.8, 1.104
[20:08:18] 139.7, 125.8, 1.095
[20:08:19] 139.7, 125.7, 1.929
[20:08:20] 225.7, 125.7, 1.894
[20:08:21] 240.0, 125.8, 1.955
[20:08:22] 247.3, 125.8, 1.629
[20:08:23] 219.2, 125.9, 1.101
[20:08:24] 139.2, 125.9, 1.103
[20:08:25] 139.2, 125.9, 1.098
[20:08:26] 139.3, 125.9, 1.099
[20:08:27] 139.3, 125.8, 1.991
[20:08:28] 200.4, 125.8, 1.893
[20:08:29] 239.7, 125.7, 1.956
[20:08:30] 246.2, 125.8, 1.954
[20:08:31] 246.3, 125.8, 1.954
[20:08:32] 246.4, 125.8, 1.954
[20:08:33] 246.4, 125.8, 1.953
[20:08:34] 246.5, 125.9, 1.107
[20:08:35] 158.0, 125.9, 1.104
[20:08:36] 140.5, 125.9, 1.097
[20:08:37] 140.4, 125.8, 1.095
[20:08:38] 140.3, 125.9, 1.102
[20:08:39] 140.2, 125.8, 1.889
[20:08:40] 253.3, 125.7, 1.960
[20:08:41] 242.4, 125.7, 1.955
[20:08:42] 242.9, 125.7, 1.956
[20:08:43] 243.4, 125.7, 1.956
[20:08:44] 243.9, 125.7, 1.956
[20:08:45] 244.3, 125.8, 1.957
[20:08:46] 244.7, 125.8, 1.956
[20:08:47] 245.1, 125.8, 1.958
[20:08:48] 245.4, 125.8, 1.959
[20:08:49] 245.7, 125.8, 1.959
[20:08:50] 245.9, 125.8, 1.958
[20:08:51] 246.2, 125.8, 1.957
[20:08:52] 246.3, 126.0, 1.104
[20:08:53] 139.6, 126.0, 1.105
[20:08:54] 139.6, 126.0, 1.104
[20:08:55] 139.7, 125.9, 1.102
