<<<[13:38:18] 141.7, 125.4, 1.110
[13:38:19] 141.5, 125.4, 1.107
[13:38:20] 141.3, 125.4, 1.111
[13:38:21] 141.2, 125.4, 1.138
[13:38:22] 141.6, 125.4, 1.243
[13:38:23] 155.5, 125.4, 1.261
[13:38:24] 156.0, 125.4, 1.254
[13:38:25] 156.2, 125.4, 1.237
[13:38:26] 156.2, 125.4, 1.132
[13:38:27] 147.7, 125.4, 1.128
[13:38:28] 147.2, 125.4, 1.137
[13:38:29] 146.7, 125.4, 1.122
[13:38:30] 146.1, 125.4, 1.115
[13:38:31] 145.5, 125.4, 1.146
[13:38:32] 168.4, 125.4, 1.114
[13:38:33] 142.1, 125.4, 1.126
[13:38:34] 142.0, 125.4, 1.128
[13:38:35] 142.0, 125.4, 1.114
[13:38:36] 142.0, 125.4, 1.155
[13:38:37] 167.6, 125.4, 1.122
[13:38:38] 142.5, 125.4, 1.111
[13:38:39] 142.3, 125.4, 1.123
[13:38:40] 142.3, 125.4, 1.122
[13:38:41] 142.2, 125.4, 1.159
[13:38:42] 167.3, 125.5, 1.121
[13:38:43] 142.1, 125.5, 1.119
[13:38:44] 141.9, 125.5, 1.117
[13:38:45] 142.0, 125.5, 1.115
[13:38:46] 141.9, 125.5, 1.138
[13:38:47] 177.0, 125.4, 1.055
[13:38:48] 135.2, 125.5, 1.118
[13:38:49] 141.8, 125.4, 1.124
[13:38:50] 141.8, 125.5, 1.114
[13:38:51] 141.7, 125.5, 1.148
[13:38:52] 176.3, 125.5, 1.054
[13:38:53] 134.7, 125.5, 1.128
[13:38:54] 141.9, 125.5, 1.111
[13:38:55] 141.8, 125.4, 1.121
[13:38:56] 141.7, 125.5, 1.135
[13:38:57] 177.6, 125.5, 1.056
[13:38:58] 134.1, 125.5, 1.128
[13:38:59] 141.8, 125.4, 1.125
[13:39:00] 141.7, 125.4, 1.123
[13:39:01] 141.7, 125.4, 1.587
[13:39:02] 193.2, 125.5, 1.049
[13:39:03] 132.5, 125.4, 1.126
[13:39:04] 141.4, 125.4, 1.119
[13:39:05] 141.4, 125.4, 1.125
[13:39:06] 141.4, 125.3, 2.605
[13:39:07] 202.6, 125.5, 1.051
[13:39:08] 150.4, 125.5, 1.117
[13:39:09] 139.9, 125.5, 1.118
[13:39:10] 140.1, 125.4, 1.114
[13:39:11] 140.3, 125.4, 1.131
[13:39:12] 156.6, 125.4, 1.572
[13:39:13] 241.5, 125.4, 1.117
[13:39:14] 135.8, 125.4, 1.115
[13:39:15] 141.4, 125.5, 1.118
[13:39:16] 141.4, 125.4, 1.113
[13:39:17] 141.4, 125.3, 2.730
[13:39:18] 201.1, 125.3, 2.124
[13:39:19] 268.1, 125.5, 1.120
[13:39:20] 157.1, 125.5, 1.122
[13:39:21] 141.6, 125.5, 1.111
[13:39:22] 141.5, 125.5, 1.114
[13:39:23] 141.5, 125.4, 1.124
[13:39:24] 141.6, 125.4, 2.123
[13:39:25] 283.5, 125.3, 2.188
[13:39:26] 271.0, 125.4, 1.772
[13:39:27] 254.7, 125.4, 1.115
[13:39:28] 147.0, 125.5, 1.114
[13:39:29] 141.6, 125.5, 1.125
[13:39:30] 141.6, 125.5, 1.126
[13:39:31] 141.6, 125.3, 3.258
[13:39:32] 196.1, 125.3, 2.127
[13:39:33] 267.7, 125.3, 2.186
[13:39:34] 273.3, 125.3, 2.192
[13:39:35] 273.6, 125.3, 2.193
[13:39:36] 273.9, 125.2, 2.192
[13:39:37] 274.1, 125.4, 1.122
[13:39:38] 179.8, 125.5, 1.119
[13:39:39] 141.8, 125.4, 1.117
[13:39:40] 141.7, 125.4, 1.113
[13:39:41] 141.7, 125.4, 1.124
[13:39:42] 141.7, 125.2, 2.125
[13:39:43] 271.9, 125.3, 2.185
[13:39:44] 271.7, 125.2, 2.193
[13:39:45] 272.2, 125.3, 2.190
[13:39:46] 272.6, 125.2, 2.195
[13:39:47] 273.0, 125.2, 2.188
[13:39:48] 273.4, 125.2, 2.195
[13:39:49] 273.7, 125.3, 2.186
[13:39:50] 273.9, 125.2, 2.193
[13:39:51] 274.2, 125.2, 2.193
[13:39:52] 274.5, 125.2, 2.195
[13:39:53] 263.2, 125.4, 1.128
[13:39:54] 140.3, 125.4, 1.125
[13:39:55] 140.4, 125.4, 1.119
[13:39:56] 140.6, 125.4, 1.118
