<<<[01:21:00] 142.0, 126.7, 1.104
[01:21:01] 142.0, 126.7, 1.113
[01:21:02] 142.0, 126.7, 1.121
[01:21:03] 142.2, 126.6, 1.213
[01:21:04] 149.9, 126.6, 1.146
[01:21:05] 149.5, 126.6, 1.149
[01:21:06] 149.2, 126.6, 1.152
[01:21:07] 148.9, 126.7, 1.165
[01:21:08] 148.8, 126.6, 1.160
[01:21:09] 155.3, 126.7, 1.114
[01:21:10] 162.4, 126.6, 1.127
[01:21:11] 144.5, 126.7, 1.126
[01:21:12] 144.3, 126.7, 1.121
[01:21:13] 144.1, 126.6, 1.118
[01:21:14] 150.6, 126.7, 1.111
[01:21:15] 161.8, 126.7, 1.114
[01:21:16] 141.9, 126.7, 1.116
[01:21:17] 141.9, 126.6, 1.119
[01:21:18] 142.0, 126.6, 1.128
[01:21:19] 151.3, 126.7, 1.103
[01:21:20] 161.8, 126.7, 1.108
[01:21:21] 141.9, 126.6, 1.103
[01:21:22] 141.8, 126.7, 1.103
[01:21:23] 141.8, 126.7, 1.109
[01:21:24] 149.2, 126.7, 1.102
[01:21:25] 160.8, 126.7, 1.103
[01:21:26] 141.0, 126.6, 1.105
[01:21:27] 141.0, 126.7, 1.105
[01:21:28] 141.0, 126.6, 1.105
[01:21:29] 148.6, 126.6, 1.102
[01:21:30] 160.6, 126.7, 1.102
[01:21:31] 140.8, 126.7, 1.095
[01:21:32] 140.7, 126.6, 1.094
[01:21:33] 140.7, 126.7, 1.109
[01:21:34] 148.3, 126.7, 1.102
[01:21:35] 161.5, 126.7, 1.100
[01:21:36] 140.5, 126.7, 1.095
[01:21:37] 140.4, 126.7, 1.099
[01:21:38] 140.4, 126.7, 1.101
[01:21:39] 147.2, 126.7, 1.095
[01:21:40] 160.4, 126.7, 1.094
[01:21:41] 139.9, 126.7, 1.094
[01:21:42] 139.8, 126.7, 1.095
[01:21:43] 139.9, 126.7, 1.098
[01:21:44] 146.8, 126.7, 1.088
[01:21:45] 160.9, 126.7, 1.086
[01:21:46] 139.8, 126.7, 1.092
[01:21:47] 139.7, 126.7, 1.094
[01:21:48] 139.7, 126.7, 1.089
[01:21:49] 162.2, 126.7, 1.040
[01:21:50] 150.3, 126.7, 1.090
[01:21:51] 136.0, 126.7, 1.091
[01:21:52] 136.4, 126.7, 1.094
[01:21:53] 136.8, 126.7, 1.104
[01:21:54] 147.2, 126.7, 1.034
[01:21:55] 164.6, 126.6, 1.097
[01:21:56] 135.4, 126.7, 1.086
[01:21:57] 135.9, 126.6, 1.094
[01:21:58] 136.3, 126.7, 1.094
[01:21:59] 136.8, 126.7, 1.029
[01:22:00] 181.4, 126.7, 1.099
[01:22:01] 134.3, 126.7, 1.096
[01:22:02] 139.6, 126.6, 1.091
[01:22:03] 139.6, 126.7, 1.100
[01:22:04] 139.7, 126.7, 1.591
[01:22:05] 205.8, 126.7, 1.033
[01:22:06] 131.1, 126.7, 1.088
[01:22:07] 139.6, 126.8, 1.089
[01:22:08] 139.8, 126.7, 1.089
[01:22:09] 139.8, 126.6, 2.292
[01:22:10] 190.8, 126.7, 1.152
[01:22:11] 190.4, 126.7, 1.096
[01:22:12] 138.7, 126.7, 1.101
[01:22:13] 138.9, 126.7, 1.110
[01:22:14] 139.1, 126.7, 1.095
[01:22:15] 139.2, 126.6, 1.831
[01:22:16] 216.3, 126.6, 1.678
[01:22:17] 221.8, 126.7, 1.095
[01:22:18] 145.4, 126.7, 1.098
[01:22:19] 140.1, 126.7, 1.093
[01:22:20] 140.0, 126.7, 1.092
[01:22:21] 139.9, 126.5, 3.264
[01:22:22] 179.8, 126.6, 1.802
[01:22:23] 228.3, 126.6, 1.861
[01:22:24] 234.4, 126.6, 1.613
[01:22:25] 219.2, 126.8, 1.084
[01:22:26] 137.9, 126.8, 1.090
[01:22:27] 138.1, 126.8, 1.092
[01:22:28] 138.3, 126.7, 1.089
[01:22:29] 138.4, 126.6, 2.206
[01:22:30] 190.3, 126.7, 1.799
[01:22:31] 229.9, 126.6, 1.861
[01:22:32] 236.1, 126.6, 1.861
[01:22:33] 236.2, 126.6, 1.858
[01:22:34] 236.2, 126.6, 1.859
[01:22:35] 236.3, 126.7, 1.225
[01:22:36] 194.8, 126.7, 1.089
[01:22:37] 140.3, 126.7, 1.093
[01:22:38] 140.2, 126.7, 1.089
[01:22:39] 140.2, 126.7, 1.087
[01:22:40] 140.1, 126.6, 1.837
[01:22:41] 218.5, 126.6, 1.801
[01:22:42] 230.3, 126.6, 1.861
[01:22:43] 237.0, 126.6, 1.861
[01:22:44] 237.0, 126.6, 1.861
[01:22:45] 237.0, 126.7, 1.861
[01:22:46] 237.0, 126.7, 1.862
[01:22:47] 237.0, 126.7, 1.862
[01:22:48] 237.0, 126.7, 1.862
[01:22:49] 237.0, 126.7, 1.863
[01:22:50] 237.1, 126.7, 1.865
[01:22:51] 237.1, 126.7, 1.381
[01:22:52] 208.9, 126.7, 1.098
[01:22:53] 141.2, 126.8, 1.099
[01:22:54] 141.0, 126.8, 1.095
[01:22:55] 140.9, 126.8, 1.091
