<<<[08:31:00] 141.2, 125.5, 1.118
[08:31:01] 141.2, 125.5, 1.121
[08:31:02] 141.3, 125.5, 1.127
[08:31:03] 141.4, 125.5, 1.177
[08:31:04] 147.5, 125.5, 1.161
[08:31:05] 148.0, 125.6, 1.118
[08:31:06] 147.5, 125.6, 1.120
[08:31:07] 141.9, 125.6, 1.121
[08:31:08] 141.9, 125.6, 1.132
[08:31:09] 142.0, 125.6, 1.131
[08:31:10] 142.1, 125.6, 1.086
[08:31:11] 168.4, 125.6, 1.115
[08:31:12] 140.8, 125.5, 1.121
[08:31:13] 140.9, 125.6, 1.127
[08:31:14] 141.1, 125.6, 1.132
[08:31:15] 141.4, 125.6, 1.084
[08:31:16] 167.5, 125.6, 1.108
[08:31:17] 140.1, 125.6, 1.110
[08:31:18] 140.1, 125.6, 1.104
[08:31:19] 140.2, 125.6, 1.109
[08:31:20] 140.3, 125.5, 1.079
[08:31:21] 167.1, 125.5, 1.106
[08:31:22] 139.6, 125.6, 1.112
[08:31:23] 139.6, 125.5, 1.116
[08:31:24] 139.7, 125.5, 1.103
[08:31:25] 139.8, 125.5, 1.073
[08:31:26] 166.7, 125.5, 1.111
[08:31:27] 139.9, 125.5, 1.111
[08:31:28] 139.9, 125.5, 1.106
[08:31:29] 139.9, 125.5, 1.100
[08:31:30] 139.9, 125.5, 1.072
[08:31:31] 166.7, 125.5, 1.103
[08:31:32] 139.4, 125.5, 1.113
[08:31:33] 139.5, 125.5, 1.115
[08:31:34] 139.5, 125.6, 1.114
[08:31:35] 139.6, 125.7, 1.073
[08:31:36] 166.0, 125.7, 1.102
[08:31:37] 139.0, 125.7, 1.103
[08:31:38] 139.0, 125.7, 1.110
[08:31:39] 139.1, 125.6, 1.100
[08:31:40] 139.2, 125.7, 1.002
[08:31:41] 173.8, 125.6, 1.065
[08:31:42] 133.4, 125.5, 1.098
[08:31:43] 139.6, 125.6, 1.097
[08:31:44] 139.6, 125.5, 1.097
[08:31:45] 139.6, 125.5, 1.001
[08:31:46] 173.1, 125.5, 1.044
[08:31:47] 133.1, 125.6, 1.108
[08:31:48] 139.6, 125.6, 1.102
[08:31:49] 139.5, 125.6, 1.102
[08:31:50] 139.5, 125.5, 1.436
[08:31:51] 184.5, 125.5, 1.034
[08:31:52] 133.1, 125.6, 1.108
[08:31:53] 139.6, 125.6, 1.088
[08:31:54] 139.5, 125.6, 1.098
[08:31:55] 139.6, 125.5, 1.655
[08:31:56] 196.6, 125.5, 1.037
[08:31:57] 129.4, 125.5, 1.105
[08:31:58] 139.8, 125.5, 1.110
[08:31:59] 139.8, 125.6, 1.104
[08:32:00] 139.7, 125.4, 3.312
[08:32:01] 182.5, 125.6, 0.989
[08:32:02] 176.5, 125.6, 1.100
[08:32:03] 137.6, 125.6, 1.111
[08:32:04] 137.9, 125.6, 1.109
[08:32:05] 138.1, 125.6, 1.096
[08:32:06] 138.3, 125.5, 1.874
[08:32:07] 223.0, 125.6, 1.403
[08:32:08] 195.5, 125.6, 1.092
[08:32:09] 139.9, 125.6, 1.111
[08:32:10] 139.8, 125.6, 1.107
[08:32:11] 139.8, 125.6, 1.107
[08:32:12] 139.9, 125.4, 1.847
[08:32:13] 212.9, 125.5, 1.837
[08:32:14] 231.9, 125.5, 1.624
[08:32:15] 225.9, 125.5, 1.103
[08:32:16] 137.4, 125.6, 1.112
[08:32:17] 137.7, 125.6, 1.105
[08:32:18] 137.9, 125.5, 1.106
[08:32:19] 138.2, 125.4, 2.314
[08:32:20] 191.3, 125.3, 1.839
[08:32:21] 233.0, 125.4, 1.904
[08:32:22] 238.4, 125.3, 1.907
[08:32:23] 238.6, 125.4, 1.907
[08:32:24] 238.8, 125.5, 1.120
[08:32:25] 165.3, 125.5, 1.103
[08:32:26] 139.8, 125.5, 1.114
[08:32:27] 139.8, 125.6, 1.111
[08:32:28] 139.9, 125.6, 1.106
[08:32:29] 139.8, 125.5, 1.836
[08:32:30] 243.3, 125.5, 1.909
[08:32:31] 235.3, 125.4, 1.906
[08:32:32] 240.4, 125.4, 1.907
[08:32:33] 240.3, 125.5, 1.906
[08:32:34] 240.4, 125.4, 1.907
[08:32:35] 240.4, 125.5, 1.905
[08:32:36] 240.4, 125.4, 1.906
[08:32:37] 240.4, 125.5, 1.905
[08:32:38] 240.3, 125.6, 1.107
[08:32:39] 149.5, 125.5, 1.110
[08:32:40] 140.3, 125.5, 1.110
[08:32:41] 140.3, 125.6, 1.112
[08:32:42] 140.3, 125.6, 1.107
[08:32:43] 153.5, 125.5, 1.847
[08:32:44] 238.8, 125.5, 1.909
[08:32:45] 238.4, 125.5, 1.907
[08:32:46] 238.7, 125.5, 1.908
[08:32:47] 238.9, 125.5, 1.902
[08:32:48] 239.2, 125.5, 1.912
[08:32:49] 239.4, 125.4, 1.911
[08:32:50] 239.6, 125.4, 1.912
[08:32:51] 239.8, 125.4, 1.913
[08:32:52] 239.9, 125.5, 1.912
[08:32:53] 240.1, 125.5, 1.909
[08:32:54] 240.2, 125.4, 1.912
[08:32:55] 240.3, 125.4, 1.910
[08:32:56] 240.3, 125.5, 1.910
[08:32:57] 240.4, 125.5, 1.909
[08:32:58] 240.5, 125.5, 1.911
[08:32:59] 240.6, 125.5, 1.910
[08:33:00] 240.7, 125.6, 1.586
[08:33:01] 215.4, 125.6, 1.104
[08:33:02] 140.8, 125.6, 1.117
[08:33:03] 140.7, 125.6, 1.117
[08:33:04] 140.7, 125.5, 1.120
