<<<[19:39:19] 144.6, 126.0, 1.119
[19:39:20] 144.4, 125.9, 1.127
[19:39:21] 144.3, 126.0, 1.142
[19:39:22] 144.4, 126.0, 1.202
[19:39:23] 152.2, 126.0, 1.166
[19:39:24] 151.6, 126.0, 1.157
[19:39:25] 151.1, 126.0, 1.176
[19:39:26] 150.7, 125.9, 1.176
[19:39:27] 150.5, 125.9, 1.216
[19:39:28] 160.8, 125.9, 1.106
[19:39:29] 153.9, 125.9, 1.099
[19:39:30] 140.5, 125.9, 1.108
[19:39:31] 140.4, 125.9, 1.114
[19:39:32] 140.4, 125.9, 1.136
[19:39:33] 153.5, 126.0, 1.116
[19:39:34] 153.7, 126.0, 1.102
[19:39:35] 140.7, 126.0, 1.105
[19:39:36] 140.6, 126.0, 1.107
[19:39:37] 140.5, 126.0, 1.128
[19:39:38] 153.0, 126.0, 1.100
[19:39:39] 153.0, 126.0, 1.106
[19:39:40] 139.9, 126.0, 1.104
[19:39:41] 139.9, 126.0, 1.109
[19:39:42] 140.0, 126.0, 1.121
[19:39:43] 152.1, 126.0, 1.102
[19:39:44] 152.3, 126.0, 1.103
[19:39:45] 139.8, 126.0, 1.108
[19:39:46] 139.8, 126.1, 1.109
[19:39:47] 139.9, 126.0, 1.124
[19:39:48] 151.7, 126.0, 1.095
[19:39:49] 152.0, 126.1, 1.103
[19:39:50] 139.4, 126.0, 1.101
[19:39:51] 139.4, 126.0, 1.113
[19:39:52] 139.5, 126.0, 1.109
[19:39:53] 151.7, 126.1, 1.100
[19:39:54] 152.1, 126.0, 1.106
[19:39:55] 139.8, 126.0, 1.103
[19:39:56] 139.7, 125.9, 1.101
[19:39:57] 139.7, 126.0, 1.110
[19:39:58] 150.4, 126.0, 1.090
[19:39:59] 150.9, 126.0, 1.103
[19:40:00] 139.2, 126.0, 1.095
[19:40:01] 139.2, 126.0, 1.105
[19:40:02] 139.2, 126.0, 1.103
[19:40:03] 149.7, 126.1, 1.095
[19:40:04] 155.0, 126.0, 1.093
[19:40:05] 139.0, 126.0, 1.095
[19:40:06] 139.0, 126.1, 1.094
[19:40:07] 139.0, 126.0, 1.096
[19:40:08] 166.2, 126.0, 1.028
[19:40:09] 144.1, 126.0, 1.095
[19:40:10] 135.4, 126.0, 1.091
[19:40:11] 135.9, 126.0, 1.103
[19:40:12] 136.3, 126.0, 1.097
[19:40:13] 161.3, 126.0, 1.034
[19:40:14] 147.7, 126.0, 1.096
[19:40:15] 135.2, 126.1, 1.099
[19:40:16] 135.7, 126.1, 1.096
[19:40:17] 136.1, 126.1, 1.100
[19:40:18] 136.5, 126.1, 1.044
[19:40:19] 181.8, 126.1, 1.103
[19:40:20] 134.0, 126.1, 1.096
[19:40:21] 134.6, 126.1, 1.104
[19:40:22] 135.2, 126.0, 1.100
[19:40:23] 135.8, 126.0, 1.592
[19:40:24] 206.6, 126.0, 1.060
[19:40:25] 132.0, 126.0, 1.092
[19:40:26] 139.0, 126.0, 1.100
[19:40:27] 139.0, 126.0, 1.101
[19:40:28] 139.0, 125.9, 1.848
[19:40:29] 204.7, 126.0, 1.048
[19:40:30] 164.7, 126.0, 1.091
[19:40:31] 138.5, 126.0, 1.098
[19:40:32] 138.5, 126.0, 1.099
[19:40:33] 138.7, 126.0, 1.096
[19:40:34] 138.7, 125.9, 1.856
[19:40:35] 241.7, 126.0, 1.124
[19:40:36] 189.9, 126.0, 1.099
[19:40:37] 139.2, 126.0, 1.102
[19:40:38] 139.2, 126.0, 1.095
[19:40:39] 139.2, 126.0, 1.092
[19:40:40] 139.1, 125.8, 1.891
[19:40:41] 219.4, 125.9, 1.862
[19:40:42] 235.7, 125.9, 1.894
[19:40:43] 235.7, 126.0, 1.100
[19:40:44] 143.9, 126.0, 1.106
[19:40:45] 143.3, 126.1, 1.097
[19:40:46] 142.8, 126.1, 1.099
[19:40:47] 142.3, 125.8, 2.277
[19:40:48] 176.7, 125.9, 1.862
[19:40:49] 233.2, 125.9, 1.922
[19:40:50] 240.4, 125.9, 1.928
[19:40:51] 240.8, 125.9, 1.930
[19:40:52] 241.2, 125.9, 1.771
[19:40:53] 233.9, 126.0, 1.098
[19:40:54] 144.5, 126.0, 1.101
[19:40:55] 143.9, 126.0, 1.098
[19:40:56] 143.3, 126.0, 1.099
[19:40:57] 142.7, 125.8, 3.420
[19:40:58] 182.3, 125.9, 1.863
[19:40:59] 235.2, 125.9, 1.927
[19:41:00] 241.3, 125.9, 1.929
[19:41:01] 241.6, 125.9, 1.932
[19:41:02] 242.0, 125.9, 1.932
[19:41:03] 242.3, 125.9, 1.932
[19:41:04] 242.6, 125.9, 1.930
[19:41:05] 242.8, 125.9, 1.927
[19:41:06] 242.9, 125.9, 1.925
[19:41:07] 243.0, 126.0, 1.603
[19:41:08] 221.8, 126.0, 1.103
[19:41:09] 137.9, 126.0, 1.099
[19:41:10] 138.1, 126.1, 1.095
[19:41:11] 138.3, 126.1, 1.106
[19:41:12] 138.6, 126.0, 2.283
[19:41:13] 193.3, 126.0, 1.865
[19:41:14] 237.3, 125.9, 1.929
[19:41:15] 242.9, 125.9, 1.925
[19:41:16] 243.0, 125.9, 1.925
[19:41:17] 243.1, 125.9, 1.926
[19:41:18] 243.2, 125.9, 1.928
[19:41:19] 243.3, 125.9, 1.930
[19:41:20] 243.4, 125.9, 1.930
[19:41:21] 243.5, 125.9, 1.930
[19:41:22] 243.7, 125.9, 1.931
[19:41:23] 243.7, 125.9, 1.924
[19:41:24] 243.8, 125.9, 1.933
[19:41:25] 243.9, 125.9, 1.934
[19:41:26] 244.0, 125.9, 1.930
[19:41:27] 244.1, 125.9, 1.934
[19:41:28] 244.2, 125.9, 1.934
[19:41:29] 244.3, 125.9, 1.936
[19:41:30] 244.4, 125.9, 1.936
[19:41:31] 244.5, 126.0, 1.935
[19:41:32] 244.5, 126.1, 1.114
[19:41:33] 173.1, 126.1, 1.099
[19:41:34] 140.1, 126.1, 1.097
[19:41:35] 140.1, 126.1, 1.101
[19:41:36] 140.0, 126.1, 1.103
<<<[21:49:24] 141.3, 125.4, 1.127
[21:49:25] 141.4, 125.4, 1.125
[21:49:26] 141.6, 125.5, 1.134
[21:49:27] 141.8, 125.4, 1.172
[21:49:28] 147.0, 125.4, 1.246
[21:49:29] 157.1, 125.5, 1.179
[21:49:30] 148.8, 125.5, 1.170
[21:49:31] 148.7, 125.4, 1.174
[21:49:32] 148.7, 125.5, 1.173
[21:49:33] 148.7, 125.4, 1.184
[21:49:34] 157.7, 125.4, 1.123
[21:49:35] 157.9, 125.4, 1.128
[21:49:36] 141.9, 125.4, 1.122
[21:49:37] 141.8, 125.5, 1.130
[21:49:38] 141.9, 125.4, 1.151
[21:49:39] 151.5, 125.4, 1.113
[21:49:40] 158.9, 125.4, 1.114
[21:49:41] 140.8, 125.5, 1.118
[21:49:42] 140.8, 125.5, 1.119
[21:49:43] 140.9, 125.5, 1.115
[21:49:44] 149.0, 125.5, 1.107
[21:49:45] 158.8, 125.5, 1.110
[21:49:46] 140.3, 125.4, 1.107
[21:49:47] 140.3, 125.5, 1.111
[21:49:48] 140.3, 125.5, 1.109
[21:49:49] 148.4, 125.5, 1.106
[21:49:50] 159.1, 125.5, 1.106
[21:49:51] 140.1, 125.4, 1.115
[21:49:52] 140.1, 125.4, 1.114
[21:49:53] 140.2, 125.4, 1.114
[21:49:54] 148.4, 125.4, 1.107
[21:49:55] 159.3, 125.4, 1.110
[21:49:56] 139.9, 125.5, 1.106
[21:49:57] 139.9, 125.4, 1.112
[21:49:58] 140.0, 125.4, 1.113
[21:49:59] 148.1, 125.5, 1.103
[21:50:00] 159.9, 125.4, 1.111
[21:50:01] 140.7, 125.4, 1.106
[21:50:02] 140.6, 125.4, 1.106
[21:50:03] 140.5, 125.4, 1.114
[21:50:04] 147.2, 125.4, 1.104
[21:50:05] 159.7, 125.4, 1.112
[21:50:06] 139.8, 125.4, 1.103
[21:50:07] 139.8, 125.4, 1.104
[21:50:08] 139.7, 125.4, 1.113
[21:50:09] 146.5, 125.4, 1.108
[21:50:10] 160.2, 125.3, 1.106
[21:50:11] 139.9, 125.4, 1.113
[21:50:12] 139.9, 125.5, 1.102
[21:50:13] 139.9, 125.5, 1.108
[21:50:14] 162.4, 125.5, 1.042
[21:50:15] 149.7, 125.4, 1.104
[21:50:16] 135.6, 125.5, 1.107
[21:50:17] 136.1, 125.4, 1.108
[21:50:18] 136.5, 125.4, 1.108
[21:50:19] 147.0, 125.4, 1.040
[21:50:20] 164.2, 125.4, 1.108
[21:50:21] 135.4, 125.4, 1.109
[21:50:22] 135.9, 125.4, 1.106
[21:50:23] 136.4, 125.4, 1.104
[21:50:24] 136.8, 125.4, 1.043
[21:50:25] 184.3, 125.3, 1.107
[21:50:26] 134.5, 125.4, 1.105
[21:50:27] 139.6, 125.4, 1.103
[21:50:28] 139.5, 125.4, 1.104
[21:50:29] 139.5, 125.3, 1.597
[21:50:30] 210.2, 125.4, 1.045
[21:50:31] 131.4, 125.4, 1.105
[21:50:32] 139.4, 125.4, 1.101
[21:50:33] 139.4, 125.4, 1.111
[21:50:34] 139.5, 125.4, 1.982
[21:50:35] 203.8, 125.4, 1.038
[21:50:36] 171.4, 125.4, 1.105
[21:50:37] 139.2, 125.4, 1.107
[21:50:38] 139.2, 125.4, 1.103
[21:50:39] 139.3, 125.4, 1.103
[21:50:40] 139.3, 125.3, 1.923
[21:50:41] 242.2, 125.4, 1.219
[21:50:42] 197.7, 125.4, 1.105
[21:50:43] 141.4, 125.4, 1.108
[21:50:44] 141.2, 125.4, 1.101
[21:50:45] 141.0, 125.5, 1.109
[21:50:46] 140.8, 125.3, 1.929
[21:50:47] 217.1, 125.4, 1.921
[21:50:48] 242.2, 125.4, 1.986
[21:50:49] 242.7, 125.5, 1.106
[21:50:50] 145.0, 125.5, 1.109
[21:50:51] 139.8, 125.5, 1.110
[21:50:52] 139.8, 125.4, 1.109
[21:50:53] 139.8, 125.5, 1.112
[21:50:54] 168.9, 125.3, 1.927
[21:50:55] 239.7, 125.3, 1.987
[21:50:56] 246.6, 125.4, 1.983
[21:50:57] 247.0, 125.4, 1.981
[21:50:58] 247.3, 125.4, 1.984
[21:50:59] 247.1, 125.5, 1.111
[21:51:00] 145.6, 125.5, 1.107
[21:51:01] 139.9, 125.5, 1.113
[21:51:02] 139.9, 125.4, 1.107
[21:51:03] 139.9, 125.5, 1.103
[21:51:04] 169.1, 125.3, 1.927
[21:51:05] 239.9, 125.3, 1.987
[21:51:06] 246.6, 125.3, 1.986
[21:51:07] 247.0, 125.4, 1.984
[21:51:08] 247.4, 125.3, 1.985
[21:51:09] 247.7, 125.3, 1.976
[21:51:10] 248.0, 125.3, 1.986
[21:51:11] 248.2, 125.3, 1.987
[21:51:12] 248.5, 125.3, 1.989
[21:51:13] 248.7, 125.3, 1.990
[21:51:14] 248.4, 125.4, 1.111
[21:51:15] 146.5, 125.4, 1.108
[21:51:16] 140.1, 125.4, 1.106
[21:51:17] 140.0, 125.4, 1.104
[21:51:18] 140.0, 125.4, 1.112
[21:51:19] 172.0, 125.3, 1.923
[21:51:20] 239.5, 125.3, 1.984
[21:51:21] 246.6, 125.4, 1.987
[21:51:22] 247.0, 125.4, 1.989
[21:51:23] 247.4, 125.4, 1.990
[21:51:24] 247.9, 125.4, 1.989
[21:51:25] 248.2, 125.4, 1.989
[21:51:26] 248.5, 125.4, 1.992
[21:51:27] 248.8, 125.3, 1.982
[21:51:28] 249.0, 125.3, 1.991
[21:51:29] 249.3, 125.3, 1.983
[21:51:30] 249.4, 125.3, 1.991
[21:51:31] 249.6, 125.3, 1.992
[21:51:32] 249.7, 125.3, 1.992
[21:51:33] 249.9, 125.3, 1.984
[21:51:34] 250.0, 125.3, 1.993
[21:51:35] 250.1, 125.3, 1.994
[21:51:36] 250.2, 125.2, 1.995
[21:51:37] 250.3, 125.3, 1.989
[21:51:38] 250.4, 125.3, 1.993
[21:51:39] 236.2, 125.4, 1.117
[21:51:40] 139.6, 125.4, 1.111
[21:51:41] 139.7, 125.4, 1.119
[21:51:42] 139.8, 125.4, 1.113
