<<<[05:44:46] 140.2, 126.2, 1.106
[05:44:47] 140.3, 126.1, 1.103
[05:44:48] 140.4, 126.1, 1.105
[05:44:49] 140.5, 126.1, 1.244
[05:44:50] 149.9, 126.1, 1.119
[05:44:51] 149.6, 126.1, 1.112
[05:44:52] 141.8, 126.1, 1.114
[05:44:53] 141.8, 126.1, 1.124
[05:44:54] 141.9, 126.1, 1.135
[05:44:55] 142.1, 126.1, 1.648
[05:44:56] 171.3, 126.2, 1.112
[05:44:57] 139.6, 126.2, 1.114
[05:44:58] 139.8, 126.1, 1.136
[05:44:59] 140.3, 126.1, 1.151
[05:45:00] 140.9, 126.1, 1.659
[05:45:01] 171.1, 126.2, 1.106
[05:45:02] 139.9, 126.1, 1.104
[05:45:03] 140.0, 126.1, 1.111
[05:45:04] 140.1, 126.1, 1.121
[05:45:05] 140.4, 126.0, 1.648
[05:45:06] 169.3, 126.2, 1.105
[05:45:07] 139.6, 126.1, 1.107
[05:45:08] 139.7, 126.2, 1.109
[05:45:09] 139.9, 126.2, 1.120
[05:45:10] 140.2, 126.1, 1.660
[05:45:11] 169.1, 126.2, 1.103
[05:45:12] 139.6, 126.2, 1.097
[05:45:13] 139.6, 126.2, 1.104
[05:45:14] 139.8, 126.2, 1.109
[05:45:15] 140.0, 126.1, 1.654
[05:45:16] 168.0, 126.1, 1.100
[05:45:17] 139.0, 126.2, 1.102
[05:45:18] 139.2, 126.1, 1.111
[05:45:19] 139.4, 126.1, 1.113
[05:45:20] 139.6, 126.0, 1.662
[05:45:21] 168.2, 126.1, 1.108
[05:45:22] 139.9, 126.1, 1.102
[05:45:23] 139.9, 126.1, 1.110
[05:45:24] 140.0, 126.1, 1.110
[05:45:25] 140.0, 126.1, 1.725
[05:45:26] 178.3, 126.1, 1.035
[05:45:27] 130.9, 126.1, 1.101
[05:45:28] 139.4, 126.1, 1.110
[05:45:29] 139.4, 126.1, 1.110
[05:45:30] 139.6, 126.1, 1.935
[05:45:31] 176.9, 126.1, 1.038
[05:45:32] 131.3, 126.1, 1.103
[05:45:33] 138.5, 126.1, 1.100
[05:45:34] 138.7, 126.1, 1.106
[05:45:35] 138.9, 126.0, 2.475
[05:45:36] 181.2, 126.2, 1.032
[05:45:37] 137.0, 126.1, 1.098
[05:45:38] 137.1, 126.1, 1.097
[05:45:39] 137.5, 126.1, 1.102
[05:45:40] 137.8, 125.9, 2.973
[05:45:41] 177.4, 126.2, 1.034
[05:45:42] 149.9, 126.1, 1.103
[05:45:43] 137.2, 126.1, 1.098
[05:45:44] 137.5, 126.1, 1.103
[05:45:45] 137.8, 126.1, 1.111
[05:45:46] 138.1, 126.0, 1.572
[05:45:47] 219.2, 126.1, 1.096
[05:45:48] 133.2, 126.1, 1.093
[05:45:49] 139.8, 126.2, 1.105
[05:45:50] 139.8, 126.1, 1.103
[05:45:51] 139.9, 126.0, 2.496
[05:45:52] 186.5, 126.0, 1.749
[05:45:53] 220.5, 126.1, 1.099
[05:45:54] 143.0, 126.1, 1.107
[05:45:55] 142.6, 126.1, 1.095
[05:45:56] 142.3, 126.1, 1.107
[05:45:57] 142.0, 125.9, 2.284
[05:45:58] 176.5, 126.0, 1.777
[05:45:59] 223.0, 126.0, 1.837
[05:46:00] 229.9, 126.1, 1.128
[05:46:01] 174.9, 126.1, 1.100
[05:46:02] 140.7, 126.1, 1.101
[05:46:03] 140.6, 126.1, 1.099
[05:46:04] 140.5, 126.1, 1.096
[05:46:05] 140.5, 125.9, 1.776
[05:46:06] 232.8, 126.0, 1.831
[05:46:07] 232.1, 125.9, 1.841
[05:46:08] 232.3, 126.0, 1.841
[05:46:09] 232.4, 126.0, 1.718
[05:46:10] 226.1, 126.0, 1.111
[05:46:11] 145.4, 126.0, 1.103
[05:46:12] 144.8, 126.0, 1.100
[05:46:13] 144.2, 126.1, 1.100
[05:46:14] 143.7, 125.9, 3.175
[05:46:15] 180.3, 125.9, 1.777
[05:46:16] 225.2, 126.0, 1.840
[05:46:17] 231.2, 126.0, 1.843
[05:46:18] 231.4, 126.0, 1.843
[05:46:19] 231.7, 126.0, 1.845
[05:46:20] 232.0, 126.0, 1.845
[05:46:21] 232.2, 126.0, 1.847
[05:46:22] 232.5, 125.9, 1.847
[05:46:23] 232.7, 125.9, 1.850
[05:46:24] 232.7, 126.0, 1.099
[05:46:25] 157.1, 126.1, 1.096
[05:46:26] 140.1, 126.1, 1.101
[05:46:27] 140.1, 126.0, 1.097
[05:46:28] 140.1, 126.0, 1.111
[05:46:29] 155.7, 125.9, 1.783
[05:46:30] 231.5, 125.9, 1.848
[05:46:31] 231.2, 125.9, 1.848
[05:46:32] 231.6, 126.0, 1.846
[05:46:33] 231.9, 126.0, 1.848
[05:46:34] 232.2, 126.0, 1.847
[05:46:35] 232.4, 126.0, 1.850
[05:46:36] 232.7, 126.0, 1.846
[05:46:37] 232.8, 126.0, 1.850
[05:46:38] 233.0, 126.0, 1.849
[05:46:39] 233.2, 126.0, 1.848
[05:46:40] 233.3, 125.9, 1.848
[05:46:41] 233.4, 126.0, 1.848
[05:46:42] 233.6, 126.0, 1.848
[05:46:43] 233.7, 125.9, 1.852
[05:46:44] 233.7, 125.9, 1.849
[05:46:45] 233.8, 125.9, 1.849
[05:46:46] 233.9, 125.9, 1.849
[05:46:47] 234.0, 126.1, 1.126
[05:46:48] 178.1, 126.0, 1.106
[05:46:49] 140.7, 126.1, 1.108
[05:46:50] 140.7, 126.1, 1.112
[05:46:51] 140.8, 126.1, 1.114
