<<<[13:47:32] 140.7, 125.4, 1.112
[13:47:33] 140.8, 125.4, 1.115
[13:47:34] 140.8, 125.3, 1.118
[13:47:35] 140.8, 125.3, 1.259
[13:47:36] 153.5, 125.3, 1.293
[13:47:37] 159.5, 125.4, 1.256
[13:47:38] 159.4, 125.4, 1.245
[13:47:39] 159.2, 125.3, 1.241
[13:47:40] 159.1, 125.4, 1.255
[13:47:41] 158.9, 125.4, 1.261
[13:47:42] 158.8, 125.4, 1.131
[13:47:43] 143.9, 125.4, 1.136
[13:47:44] 143.7, 125.3, 1.119
[13:47:45] 143.5, 125.4, 1.114
[13:47:46] 143.3, 125.4, 1.112
[13:47:47] 143.1, 125.3, 1.129
[13:47:48] 167.5, 125.4, 1.118
[13:47:49] 141.0, 125.4, 1.114
[13:47:50] 141.1, 125.4, 1.114
[13:47:51] 141.1, 125.3, 1.114
[13:47:52] 141.2, 125.3, 1.130
[13:47:53] 168.2, 125.3, 1.121
[13:47:54] 141.2, 125.3, 1.114
[13:47:55] 141.2, 125.4, 1.109
[13:47:56] 141.2, 125.3, 1.124
[13:47:57] 141.3, 125.3, 1.080
[13:47:58] 176.0, 125.3, 1.118
[13:47:59] 136.3, 125.3, 1.124
[13:48:00] 136.9, 125.3, 1.111
[13:48:01] 137.4, 125.2, 1.122
[13:48:02] 138.0, 125.3, 1.083
[13:48:03] 177.0, 125.3, 1.115
[13:48:04] 136.5, 125.3, 1.117
[13:48:05] 137.0, 125.3, 1.117
[13:48:06] 137.6, 125.3, 1.108
[13:48:07] 138.0, 125.3, 1.085
[13:48:08] 177.4, 125.2, 1.123
[13:48:09] 136.1, 125.3, 1.125
[13:48:10] 141.8, 125.3, 1.123
[13:48:11] 141.7, 125.3, 1.131
[13:48:12] 141.6, 125.3, 1.003
[13:48:13] 192.8, 125.3, 1.106
[13:48:14] 135.4, 125.3, 1.119
[13:48:15] 141.0, 125.3, 1.129
[13:48:16] 141.0, 125.3, 1.121
[13:48:17] 141.1, 125.2, 1.510
[13:48:18] 209.6, 125.3, 1.054
[13:48:19] 134.9, 125.2, 1.120
[13:48:20] 140.8, 125.3, 1.105
[13:48:21] 140.8, 125.3, 1.122
[13:48:22] 140.9, 125.1, 2.267
[13:48:23] 228.1, 125.2, 1.075
[13:48:24] 162.0, 125.3, 1.111
[13:48:25] 140.1, 125.3, 1.118
[13:48:26] 140.2, 125.3, 1.121
[13:48:27] 140.3, 125.3, 1.129
[13:48:28] 140.5, 125.1, 2.281
[13:48:29] 298.1, 125.3, 1.148
[13:48:30] 170.0, 125.3, 1.110
[13:48:31] 141.0, 125.3, 1.110
[13:48:32] 141.0, 125.3, 1.107
[13:48:33] 141.0, 125.3, 1.131
[13:48:34] 141.1, 125.1, 2.279
[13:48:35] 290.7, 125.2, 2.345
[13:48:36] 290.6, 125.4, 1.123
[13:48:37] 183.0, 125.4, 1.119
[13:48:38] 141.0, 125.4, 1.123
[13:48:39] 141.0, 125.3, 1.129
[13:48:40] 141.0, 125.2, 1.128
[13:48:41] 141.1, 125.2, 2.265
[13:48:42] 276.2, 125.2, 2.313
[13:48:43] 289.1, 125.2, 2.345
[13:48:44] 295.4, 125.2, 2.349
[13:48:45] 295.4, 125.3, 1.106
[13:48:46] 214.3, 125.3, 1.121
[13:48:47] 141.4, 125.4, 1.124
[13:48:48] 141.4, 125.4, 1.117
[13:48:49] 141.4, 125.3, 1.129
[13:48:50] 141.4, 125.2, 2.299
[13:48:51] 247.5, 125.2, 2.256
[13:48:52] 286.9, 125.2, 2.349
[13:48:53] 295.4, 125.2, 2.347
[13:48:54] 295.4, 125.1, 2.351
[13:48:55] 295.4, 125.2, 2.344
[13:48:56] 295.4, 125.1, 2.345
[13:48:57] 295.3, 125.1, 2.326
[13:48:58] 295.3, 125.2, 2.236
[13:48:59] 277.0, 125.3, 1.125
[13:49:00] 141.6, 125.3, 1.116
[13:49:01] 141.5, 125.3, 1.120
[13:49:02] 141.5, 125.3, 1.122
[13:49:03] 141.5, 125.1, 3.384
[13:49:04] 190.8, 125.2, 2.287
[13:49:05] 286.0, 125.2, 2.324
[13:49:06] 292.4, 125.2, 2.346
[13:49:07] 292.7, 125.2, 2.330
[13:49:08] 293.1, 125.2, 2.348
[13:49:09] 293.5, 125.2, 2.354
[13:49:10] 293.8, 125.2, 2.349
[13:49:11] 294.1, 125.2, 2.356
[13:49:12] 294.4, 125.2, 2.350
[13:49:13] 294.6, 125.2, 2.331
[13:49:14] 294.7, 125.2, 2.352
[13:49:15] 294.9, 125.1, 2.357
[13:49:16] 295.1, 125.2, 2.350
[13:49:17] 295.2, 125.2, 2.355
[13:49:18] 295.3, 125.2, 2.356
[13:49:19] 295.5, 125.2, 2.330
[13:49:20] 295.6, 125.4, 1.114
[13:49:21] 230.8, 125.4, 1.120
[13:49:22] 141.8, 125.4, 1.120
[13:49:23] 141.8, 125.4, 1.118
[13:49:24] 141.8, 125.3, 1.109
