<<<[17:03:42] 140.8, 125.2, 1.125
[17:03:43] 141.0, 125.2, 1.140
[17:03:44] 141.2, 125.2, 1.144
[17:03:45] 141.5, 125.2, 1.229
[17:03:46] 149.0, 125.1, 1.268
[17:03:47] 160.9, 125.1, 1.273
[17:03:48] 160.8, 125.2, 1.275
[17:03:49] 160.8, 125.2, 1.275
[17:03:50] 160.7, 125.2, 1.273
[17:03:51] 160.7, 125.2, 1.272
[17:03:52] 160.6, 125.2, 1.273
[17:03:53] 160.5, 125.3, 1.274
[17:03:54] 160.5, 125.3, 1.276
[17:03:55] 160.6, 125.3, 1.263
[17:03:56] 160.5, 125.3, 1.242
[17:03:57] 160.5, 125.2, 1.269
[17:03:58] 160.3, 125.2, 1.259
[17:03:59] 160.0, 125.2, 1.234
[17:04:00] 159.9, 125.2, 1.274
[17:04:01] 160.0, 125.2, 1.230
[17:04:02] 159.9, 125.2, 1.274
[17:04:03] 159.8, 125.2, 1.257
[17:04:04] 159.9, 125.2, 1.271
[17:04:05] 160.0, 125.2, 1.226
[17:04:06] 159.8, 125.2, 1.271
[17:04:07] 159.8, 125.2, 1.228
[17:04:08] 159.6, 125.2, 1.272
[17:04:09] 159.7, 125.2, 1.271
[17:04:10] 159.7, 125.2, 1.235
[17:04:11] 159.7, 125.2, 1.256
[17:04:12] 159.6, 125.2, 1.262
[17:04:13] 159.7, 125.2, 1.267
[17:04:14] 159.7, 125.2, 1.272
[17:04:15] 159.7, 125.2, 1.269
[17:04:16] 159.8, 125.2, 1.273
[17:04:17] 159.9, 125.2, 1.271
[17:04:18] 159.8, 125.2, 1.273
[17:04:19] 159.8, 125.2, 1.274
[17:04:20] 159.8, 125.1, 1.253
[17:04:21] 159.7, 125.1, 1.275
[17:04:22] 159.8, 125.1, 1.272
[17:04:23] 159.9, 125.1, 1.275
[17:04:24] 159.8, 125.1, 1.272
[17:04:25] 159.8, 125.1, 1.271
[17:04:26] 159.8, 125.2, 1.277
[17:04:27] 159.9, 125.1, 1.277
[17:04:28] 159.8, 125.1, 1.274
[17:04:29] 159.9, 125.1, 1.275
[17:04:30] 159.9, 125.2, 1.274
[17:04:31] 160.0, 125.1, 1.273
[17:04:32] 160.1, 125.2, 1.216
[17:04:33] 159.8, 125.1, 1.275
[17:04:34] 159.9, 125.2, 1.270
[17:04:35] 159.9, 125.2, 1.268
[17:04:36] 159.9, 125.1, 1.273
[17:04:37] 160.0, 125.2, 1.274
[17:04:38] 160.1, 125.1, 1.272
[17:04:39] 160.1, 125.1, 1.273
[17:04:40] 160.2, 125.2, 1.278
[17:04:41] 160.2, 125.1, 1.277
[17:04:42] 160.2, 125.2, 1.272
[17:04:43] 160.2, 125.1, 1.274
[17:04:44] 160.1, 125.1, 1.265
[17:04:45] 160.0, 125.1, 1.274
[17:04:46] 160.1, 125.1, 1.272
[17:04:47] 160.1, 125.2, 1.270
[17:04:48] 160.0, 125.1, 1.274
[17:04:49] 160.0, 125.1, 1.275
[17:04:50] 160.0, 125.2, 1.270
[17:04:51] 160.0, 125.1, 1.273
[17:04:52] 160.1, 125.2, 1.276
[17:04:53] 160.1, 125.2, 1.248
[17:04:54] 160.0, 125.2, 1.260
[17:04:55] 159.9, 125.1, 1.272
[17:04:56] 159.9, 125.2, 1.232
[17:04:57] 159.9, 125.1, 1.270
[17:04:58] 160.0, 125.1, 1.240
[17:04:59] 160.2, 125.1, 1.248
[17:05:00] 160.0, 125.2, 1.249
[17:05:01] 159.7, 125.2, 1.251
[17:05:02] 159.7, 125.2, 1.258
[17:05:03] 159.6, 125.2, 1.245
[17:05:04] 159.4, 125.1, 1.265
[17:05:05] 159.7, 125.1, 1.254
[17:05:06] 159.5, 125.2, 1.287
[17:05:07] 159.4, 125.1, 1.240
[17:05:08] 159.6, 125.1, 1.245
[17:05:09] 159.5, 125.1, 1.250
[17:05:10] 159.3, 125.2, 1.312
[17:05:11] 159.8, 125.2, 1.251
[17:05:12] 159.8, 125.1, 1.267
[17:05:13] 159.7, 125.2, 1.254
[17:05:14] 159.5, 125.2, 1.248
[17:05:15] 159.5, 125.2, 1.237
[17:05:16] 159.4, 125.1, 1.246
[17:05:17] 159.3, 125.2, 1.251
[17:05:18] 159.5, 125.2, 1.286
[17:05:19] 159.4, 125.1, 1.258
[17:05:20] 159.2, 125.1, 1.245
[17:05:21] 159.3, 125.2, 1.246
[17:05:22] 159.2, 125.1, 1.245
[17:05:23] 159.1, 125.1, 1.307
[17:05:24] 166.5, 125.1, 1.326
[17:05:25] 166.3, 125.1, 1.252
[17:05:26] 157.5, 125.2, 1.255
[17:05:27] 157.6, 125.1, 1.322
[17:05:28] 157.9, 125.2, 1.242
[17:05:29] 157.9, 125.2, 1.248
[17:05:30] 158.0, 125.2, 1.336
[17:05:31] 158.4, 125.1, 1.265
[17:05:32] 158.4, 125.2, 1.258
[17:05:33] 158.4, 125.2, 1.313
[17:05:34] 158.6, 125.2, 1.243
[17:05:35] 158.5, 125.2, 1.249
[17:05:36] 158.5, 125.2, 1.330
[17:05:37] 158.9, 125.2, 1.239
[17:05:38] 159.3, 125.2, 1.246
[17:05:39] 159.2, 125.1, 1.251
[17:05:40] 159.0, 125.1, 1.254
[17:05:41] 159.1, 125.1, 1.271
[17:05:42] 159.1, 125.1, 1.256
[17:05:43] 159.0, 125.2, 1.243
[17:05:44] 159.3, 125.1, 1.249
[17:05:45] 159.2, 125.2, 1.259
[17:05:46] 159.1, 125.2, 1.244
[17:05:47] 159.1, 125.1, 1.252
[17:05:48] 159.1, 125.2, 1.253
[17:05:49] 159.0, 125.1, 1.328
[17:05:50] 164.6, 125.1, 1.304
[17:05:51] 164.8, 125.1, 1.313
[17:05:52] 164.8, 125.0, 1.308
[17:05:53] 164.7, 125.2, 1.258
[17:05:54] 164.2, 125.1, 1.256
[17:05:55] 159.1, 125.1, 1.260
[17:05:56] 158.8, 125.2, 1.239
[17:05:57] 158.9, 125.2, 1.258
[17:05:58] 158.8, 125.1, 1.244
[17:05:59] 158.8, 125.1, 1.318
[17:06:00] 158.9, 125.1, 1.252
[17:06:01] 159.0, 125.1, 1.290
[17:06:02] 158.9, 125.1, 1.243
[17:06:03] 158.7, 125.1, 1.259
[17:06:04] 158.8, 125.1, 1.243
[17:06:05] 158.8, 124.9, 1.275
[17:06:06] 158.6, 125.1, 1.332
[17:06:07] 159.1, 125.1, 1.244
[17:06:08] 159.4, 125.1, 1.247
[17:06:09] 159.2, 125.2, 1.263
[17:06:10] 159.1, 125.1, 1.301
[17:06:11] 159.1, 125.1, 1.244
[17:06:12] 159.0, 125.1, 1.258
[17:06:13] 158.8, 125.1, 1.255
[17:06:14] 158.9, 125.1, 1.246
[17:06:15] 159.1, 125.1, 1.276
[17:06:16] 159.0, 125.1, 1.246
[17:06:17] 158.8, 125.1, 1.238
[17:06:18] 158.9, 125.2, 1.260
[17:06:19] 158.8, 125.2, 1.243
[17:06:20] 158.8, 125.2, 1.324
[17:06:21] 159.0, 125.1, 1.323
[17:06:22] 166.5, 125.1, 1.238
[17:06:23] 165.9, 125.0, 1.258
[17:06:24] 157.7, 125.1, 1.250
[17:06:25] 157.8, 125.1, 1.319
[17:06:26] 158.0, 125.1, 1.252
[17:06:27] 157.9, 125.1, 1.246
[17:06:28] 158.0, 125.1, 1.243
[17:06:29] 157.9, 125.0, 1.257
[17:06:30] 158.4, 125.0, 1.251
[17:06:31] 158.4, 125.0, 1.274
[17:06:32] 158.4, 125.0, 1.269
[17:06:33] 158.5, 125.1, 1.248
[17:06:34] 158.4, 125.1, 1.248
[17:06:35] 158.4, 125.2, 1.278
[17:06:36] 158.6, 125.1, 1.296
[17:06:37] 163.7, 125.2, 1.241
[17:06:38] 158.0, 125.1, 1.253
[17:06:39] 158.0, 125.2, 1.254
[17:06:40] 158.1, 125.2, 1.268
[17:06:41] 158.1, 125.2, 1.235
[17:06:42] 158.1, 125.2, 1.256
[17:06:43] 158.1, 125.2, 1.239
[17:06:44] 158.5, 125.3, 1.253
[17:06:45] 158.4, 125.2, 1.242
[17:06:46] 158.5, 125.2, 1.322
[17:06:47] 158.5, 125.2, 1.242
[17:06:48] 158.4, 125.2, 1.258
[17:06:49] 158.4, 125.2, 1.310
[17:06:50] 158.7, 125.2, 1.327
[17:06:51] 167.1, 125.1, 1.334
[17:06:52] 166.9, 125.2, 1.320
[17:06:53] 166.8, 125.2, 1.329
[17:06:54] 166.6, 125.1, 1.277
[17:06:55] 160.0, 125.1, 1.278
[17:06:56] 160.0, 125.2, 1.277
[17:06:57] 160.1, 125.1, 1.292
[17:06:58] 160.5, 125.2, 1.290
[17:06:59] 160.8, 125.2, 1.292
[17:07:00] 161.1, 125.2, 1.263
[17:07:01] 161.0, 125.2, 1.256
[17:07:02] 160.7, 125.2, 1.255
[17:07:03] 160.4, 125.1, 1.256
[17:07:04] 160.2, 125.2, 1.256
[17:07:05] 159.9, 125.2, 1.257
[17:07:06] 159.8, 125.1, 1.264
[17:07:07] 159.6, 125.1, 1.257
[17:07:08] 159.5, 125.1, 1.255
[17:07:09] 159.3, 125.1, 1.183
[17:07:10] 148.4, 125.2, 1.182
[17:07:11] 148.4, 125.2, 1.179
[17:07:12] 148.4, 125.2, 1.171
[17:07:13] 148.5, 125.2, 1.185
[17:07:14] 168.7, 125.2, 1.067
[17:07:15] 168.4, 125.2, 1.110
[17:07:16] 135.6, 125.2, 1.114
[17:07:17] 136.1, 125.2, 1.105
[17:07:18] 136.6, 125.2, 1.106
[17:07:19] 137.1, 125.3, 1.020
[17:07:20] 205.1, 125.2, 1.106
[17:07:21] 134.5, 125.1, 1.111
[17:07:22] 139.6, 125.1, 1.114
[17:07:23] 139.6, 125.1, 1.108
[17:07:24] 139.7, 124.9, 2.388
[17:07:25] 246.0, 125.0, 1.051
[17:07:26] 141.4, 125.0, 1.113
[17:07:27] 141.2, 125.0, 1.117
[17:07:28] 141.1, 125.1, 1.120
[17:07:29] 141.0, 125.1, 1.113
[17:07:30] 177.8, 124.9, 2.362
[17:07:31] 287.1, 125.1, 1.103
[17:07:32] 145.2, 125.1, 1.106
[17:07:33] 139.8, 125.1, 1.113
[17:07:34] 139.8, 125.1, 1.131
[17:07:35] 139.8, 125.0, 1.113
[17:07:36] 171.3, 124.9, 2.365
[17:07:37] 294.0, 124.9, 2.426
[17:07:38] 299.8, 125.1, 1.132
[17:07:39] 163.8, 125.2, 1.110
[17:07:40] 140.1, 125.2, 1.114
[17:07:41] 140.0, 125.2, 1.122
[17:07:42] 140.1, 125.2, 1.110
[17:07:43] 140.4, 125.0, 2.360
[17:07:44] 309.9, 125.0, 2.426
[17:07:45] 299.8, 125.0, 2.426
[17:07:46] 300.3, 125.0, 2.428
[17:07:47] 300.9, 125.2, 1.127
[17:07:48] 179.6, 125.1, 1.119
[17:07:49] 140.3, 125.1, 1.107
[17:07:50] 140.3, 125.1, 1.116
[17:07:51] 140.3, 125.1, 1.117
[17:07:52] 140.3, 124.9, 2.364
[17:07:53] 289.3, 125.0, 2.400
[17:07:54] 298.9, 125.0, 2.429
[17:07:55] 304.7, 125.0, 2.425
[17:07:56] 304.7, 125.0, 2.426
[17:07:57] 304.6, 125.0, 2.432
[17:07:58] 304.6, 125.0, 2.429
[17:07:59] 304.6, 125.0, 2.431
[17:08:00] 304.7, 125.1, 1.588
[17:08:01] 236.1, 125.2, 1.109
[17:08:02] 140.7, 125.1, 1.126
[17:08:03] 140.6, 125.1, 1.120
[17:08:04] 140.5, 125.1, 1.126
[17:08:05] 140.6, 125.0, 2.335
[17:08:06] 241.9, 125.0, 2.361
[17:08:07] 296.3, 125.0, 2.427
[17:08:08] 304.7, 125.0, 2.428
[17:08:09] 304.7, 125.0, 2.430
[17:08:10] 304.7, 125.0, 2.431
[17:08:11] 304.8, 125.0, 2.433
[17:08:12] 304.9, 124.9, 2.436
[17:08:13] 304.9, 125.0, 2.435
[17:08:14] 305.0, 124.9, 2.433
[17:08:15] 305.0, 125.0, 2.437
[17:08:16] 305.1, 125.0, 2.437
[17:08:17] 305.2, 125.0, 2.436
[17:08:18] 305.2, 125.0, 2.436
[17:08:19] 305.3, 125.0, 2.433
[17:08:20] 305.3, 125.0, 2.432
[17:08:21] 305.3, 125.0, 2.436
[17:08:22] 305.3, 125.2, 1.120
[17:08:23] 150.6, 125.2, 1.110
[17:08:24] 140.7, 125.2, 1.118
[17:08:25] 140.7, 125.2, 1.105
