<<<[01:34:36] 140.3, 126.7, 1.097
[01:34:37] 140.5, 126.7, 1.125
[01:34:38] 140.9, 126.7, 1.133
[01:34:39] 141.4, 126.7, 1.238
[01:34:40] 152.2, 126.7, 1.235
[01:34:41] 152.6, 126.7, 1.143
[01:34:42] 146.1, 126.7, 1.163
[01:34:43] 146.4, 126.7, 1.168
[01:34:44] 146.7, 126.7, 1.172
[01:34:45] 147.0, 126.7, 1.192
[01:34:46] 160.6, 126.7, 1.095
[01:34:47] 154.8, 126.6, 1.099
[01:34:48] 140.8, 126.6, 1.102
[01:34:49] 140.8, 126.6, 1.113
[01:34:50] 141.0, 126.5, 1.138
[01:34:51] 154.6, 126.6, 1.094
[01:34:52] 154.6, 126.5, 1.097
[01:34:53] 140.3, 126.5, 1.099
[01:34:54] 140.3, 126.6, 1.104
[01:34:55] 140.4, 126.5, 1.123
[01:34:56] 153.3, 126.6, 1.097
[01:34:57] 153.4, 126.6, 1.099
[01:34:58] 140.7, 126.6, 1.099
[01:34:59] 140.7, 126.6, 1.099
[01:35:00] 140.7, 126.5, 1.131
[01:35:01] 153.5, 126.6, 1.098
[01:35:02] 153.6, 126.6, 1.108
[01:35:03] 141.0, 126.6, 1.099
[01:35:04] 140.8, 126.6, 1.099
[01:35:05] 140.8, 126.6, 1.121
[01:35:06] 153.0, 126.5, 1.099
[01:35:07] 153.2, 126.6, 1.095
[01:35:08] 140.3, 126.6, 1.100
[01:35:09] 140.2, 126.6, 1.100
[01:35:10] 140.2, 126.6, 1.118
[01:35:11] 153.0, 126.5, 1.098
[01:35:12] 153.2, 126.6, 1.105
[01:35:13] 140.8, 126.6, 1.087
[01:35:14] 140.7, 126.6, 1.094
[01:35:15] 140.6, 126.6, 1.096
[01:35:16] 151.5, 126.6, 1.087
[01:35:17] 151.8, 126.6, 1.092
[01:35:18] 139.9, 126.6, 1.107
[01:35:19] 139.9, 126.6, 1.093
[01:35:20] 139.9, 126.6, 1.096
[01:35:21] 167.5, 126.6, 1.029
[01:35:22] 144.3, 126.7, 1.093
[01:35:23] 136.5, 126.6, 1.091
[01:35:24] 136.9, 126.7, 1.094
[01:35:25] 137.2, 126.7, 1.097
[01:35:26] 164.7, 126.6, 1.026
[01:35:27] 145.2, 126.6, 1.089
[01:35:28] 136.0, 126.6, 1.088
[01:35:29] 136.4, 126.6, 1.092
[01:35:30] 136.8, 126.6, 1.094
[01:35:31] 137.2, 126.6, 1.051
[01:35:32] 181.8, 126.6, 1.100
[01:35:33] 134.9, 126.6, 1.098
[01:35:34] 135.4, 126.6, 1.095
[01:35:35] 136.0, 126.5, 1.090
[01:35:36] 136.5, 126.5, 1.554
[01:35:37] 204.0, 126.6, 1.057
[01:35:38] 133.6, 126.6, 1.093
[01:35:39] 139.4, 126.5, 1.090
[01:35:40] 139.4, 126.5, 1.094
[01:35:41] 139.4, 126.5, 1.955
[01:35:42] 199.0, 126.6, 1.010
[01:35:43] 182.3, 126.6, 1.097
[01:35:44] 138.9, 126.5, 1.095
[01:35:45] 139.0, 126.6, 1.096
[01:35:46] 139.1, 126.6, 1.090
[01:35:47] 139.2, 126.4, 1.855
[01:35:48] 226.3, 126.5, 1.560
[01:35:49] 225.7, 126.6, 1.095
[01:35:50] 140.8, 126.6, 1.100
[01:35:51] 140.7, 126.5, 1.091
[01:35:52] 140.6, 126.5, 1.094
[01:35:53] 140.5, 126.4, 2.545
[01:35:54] 188.6, 126.4, 1.828
[01:35:55] 233.5, 126.5, 1.893
[01:35:56] 239.0, 126.4, 1.635
[01:35:57] 210.0, 126.6, 1.092
[01:35:58] 139.6, 126.6, 1.095
[01:35:59] 139.6, 126.6, 1.098
[01:36:00] 139.6, 126.6, 1.095
[01:36:01] 139.7, 126.5, 1.813
[01:36:02] 208.5, 126.5, 1.828
[01:36:03] 232.6, 126.5, 1.888
[01:36:04] 239.9, 126.5, 1.886
[01:36:05] 239.9, 126.5, 1.887
[01:36:06] 239.9, 126.5, 1.889
[01:36:07] 240.0, 126.6, 1.118
[01:36:08] 170.0, 126.6, 1.096
[01:36:09] 139.8, 126.6, 1.092
[01:36:10] 139.7, 126.6, 1.100
[01:36:11] 139.8, 126.6, 1.099
[01:36:12] 139.9, 126.5, 1.820
[01:36:13] 244.6, 126.5, 1.892
[01:36:14] 235.2, 126.5, 1.889
[01:36:15] 235.8, 126.5, 1.889
[01:36:16] 236.3, 126.4, 1.891
[01:36:17] 236.8, 126.5, 1.891
[01:36:18] 237.3, 126.5, 1.894
[01:36:19] 237.7, 126.4, 1.893
[01:36:20] 238.1, 126.5, 1.894
[01:36:21] 238.5, 126.5, 1.895
[01:36:22] 238.8, 126.5, 1.894
[01:36:23] 239.1, 126.6, 1.087
[01:36:24] 166.2, 126.6, 1.100
[01:36:25] 140.3, 126.6, 1.097
[01:36:26] 140.3, 126.6, 1.098
