<<<[02:50:42] 141.2, 126.7, 1.101
[02:50:43] 141.1, 126.7, 1.103
[02:50:44] 141.1, 126.7, 1.110
[02:50:45] 141.1, 126.6, 1.259
[02:50:46] 157.0, 126.7, 1.125
[02:50:47] 156.4, 126.6, 1.104
[02:50:48] 142.1, 126.6, 1.117
[02:50:49] 142.1, 126.7, 1.129
[02:50:50] 142.2, 126.6, 1.125
[02:50:51] 142.4, 126.6, 1.713
[02:50:52] 169.4, 126.7, 1.099
[02:50:53] 142.3, 126.7, 1.103
[02:50:54] 142.1, 126.7, 1.102
[02:50:55] 142.0, 126.7, 1.111
[02:50:56] 142.0, 126.6, 1.716
[02:50:57] 168.4, 126.7, 1.100
[02:50:58] 142.7, 126.7, 1.103
[02:50:59] 142.4, 126.7, 1.099
[02:51:00] 142.2, 126.7, 1.097
[02:51:01] 142.1, 126.6, 1.711
[02:51:02] 167.1, 126.6, 1.097
[02:51:03] 141.8, 126.7, 1.092
[02:51:04] 141.5, 126.7, 1.097
[02:51:05] 141.3, 126.7, 1.096
[02:51:06] 141.2, 126.6, 1.705
[02:51:07] 166.2, 126.7, 1.097
[02:51:08] 141.6, 126.7, 1.096
[02:51:09] 141.3, 126.7, 1.100
[02:51:10] 141.3, 126.7, 1.098
[02:51:11] 141.1, 126.6, 1.698
[02:51:12] 165.8, 126.7, 1.102
[02:51:13] 141.8, 126.7, 1.096
[02:51:14] 141.5, 126.7, 1.095
[02:51:15] 141.4, 126.7, 1.097
[02:51:16] 141.2, 126.7, 1.676
[02:51:17] 164.7, 126.7, 1.096
[02:51:18] 141.4, 126.7, 1.092
[02:51:19] 141.1, 126.7, 1.093
[02:51:20] 141.0, 126.7, 1.090
[02:51:21] 140.8, 126.6, 2.985
[02:51:22] 176.1, 126.8, 1.032
[02:51:23] 133.4, 126.7, 1.097
[02:51:24] 133.9, 126.7, 1.088
[02:51:25] 139.4, 126.8, 1.094
[02:51:26] 139.4, 126.5, 3.269
[02:51:27] 174.5, 126.7, 1.021
[02:51:28] 145.6, 126.7, 1.089
[02:51:29] 136.5, 126.7, 1.091
[02:51:30] 136.8, 126.7, 1.084
[02:51:31] 137.2, 126.7, 1.094
[02:51:32] 169.6, 126.8, 1.050
[02:51:33] 159.7, 126.7, 1.089
[02:51:34] 135.8, 126.7, 1.094
[02:51:35] 136.2, 126.7, 1.093
[02:51:36] 136.6, 126.7, 1.096
[02:51:37] 136.9, 126.6, 1.569
[02:51:38] 208.2, 126.7, 1.091
[02:51:39] 134.0, 126.7, 1.094
[02:51:40] 139.2, 126.7, 1.092
[02:51:41] 139.2, 126.7, 1.093
[02:51:42] 139.3, 126.7, 1.746
[02:51:43] 195.1, 126.7, 1.022
[02:51:44] 180.3, 126.7, 1.088
[02:51:45] 139.2, 126.7, 1.090
[02:51:46] 139.2, 126.7, 1.094
[02:51:47] 139.3, 126.7, 1.087
[02:51:48] 139.3, 126.6, 1.733
[02:51:49] 207.5, 126.6, 1.701
[02:51:50] 217.1, 126.7, 1.086
[02:51:51] 156.2, 126.7, 1.099
[02:51:52] 139.9, 126.6, 1.087
[02:51:53] 139.8, 126.7, 1.090
[02:51:54] 139.8, 126.7, 1.088
[02:51:55] 139.8, 126.5, 1.696
[02:51:56] 232.4, 126.6, 1.770
[02:51:57] 219.8, 126.6, 1.763
[02:51:58] 220.4, 126.6, 1.088
[02:51:59] 189.4, 126.7, 1.098
[02:52:00] 139.8, 126.7, 1.100
[02:52:01] 139.8, 126.7, 1.090
[02:52:02] 139.8, 126.7, 1.101
[02:52:03] 139.9, 126.6, 1.722
[02:52:04] 204.7, 126.6, 1.702
[02:52:05] 216.9, 126.6, 1.767
[02:52:06] 225.4, 126.6, 1.766
[02:52:07] 225.3, 126.6, 1.765
[02:52:08] 225.3, 126.6, 1.765
[02:52:09] 225.3, 126.6, 1.768
[02:52:10] 225.3, 126.7, 1.113
[02:52:11] 171.1, 126.7, 1.099
[02:52:12] 140.1, 126.7, 1.091
[02:52:13] 140.0, 126.7, 1.092
[02:52:14] 140.0, 126.7, 1.091
[02:52:15] 140.0, 126.7, 1.700
[02:52:16] 227.0, 126.6, 1.761
[02:52:17] 219.8, 126.6, 1.769
[02:52:18] 225.4, 126.6, 1.770
[02:52:19] 225.4, 126.6, 1.762
[02:52:20] 225.3, 126.6, 1.768
[02:52:21] 225.3, 126.6, 1.769
[02:52:22] 225.4, 126.6, 1.770
[02:52:23] 225.4, 126.6, 1.771
[02:52:24] 225.4, 126.6, 1.771
[02:52:25] 225.4, 126.6, 1.771
[02:52:26] 225.4, 126.6, 1.769
[02:52:27] 225.4, 126.6, 1.770
[02:52:28] 225.4, 126.7, 1.129
[02:52:29] 182.5, 126.7, 1.094
[02:52:30] 140.3, 126.7, 1.099
[02:52:31] 140.3, 126.7, 1.093
[02:52:32] 140.2, 126.7, 1.090
