<<<[02:31:31] 141.8, 126.5, 1.103
[02:31:32] 141.6, 126.5, 1.098
[02:31:33] 141.5, 126.5, 1.107
[02:31:34] 141.4, 126.5, 1.220
[02:31:35] 154.4, 126.5, 1.123
[02:31:36] 144.3, 126.5, 1.108
[02:31:37] 143.9, 126.5, 1.110
[02:31:38] 143.7, 126.5, 1.119
[02:31:39] 143.6, 126.4, 1.126
[02:31:40] 143.5, 126.5, 1.067
[02:31:41] 169.3, 126.6, 1.104
[02:31:42] 141.2, 126.5, 1.098
[02:31:43] 141.1, 126.6, 1.098
[02:31:44] 141.0, 126.5, 1.102
[02:31:45] 141.0, 126.6, 1.068
[02:31:46] 167.5, 126.5, 1.105
[02:31:47] 141.2, 126.5, 1.109
[02:31:48] 141.2, 126.5, 1.104
[02:31:49] 141.2, 126.5, 1.102
[02:31:50] 141.1, 126.5, 1.066
[02:31:51] 167.5, 126.5, 1.093
[02:31:52] 139.6, 126.5, 1.093
[02:31:53] 139.6, 126.6, 1.103
[02:31:54] 139.7, 126.6, 1.101
[02:31:55] 139.8, 126.6, 1.069
[02:31:56] 167.1, 126.6, 1.090
[02:31:57] 139.4, 126.6, 1.087
[02:31:58] 139.4, 126.6, 1.084
[02:31:59] 139.4, 126.6, 1.095
[02:32:00] 139.4, 126.6, 1.067
[02:32:01] 166.5, 126.6, 1.099
[02:32:02] 139.2, 126.6, 1.096
[02:32:03] 139.2, 126.6, 1.096
[02:32:04] 139.3, 126.6, 1.098
[02:32:05] 139.4, 126.6, 1.069
[02:32:06] 166.0, 126.6, 1.098
[02:32:07] 139.8, 126.6, 1.088
[02:32:08] 139.7, 126.6, 1.092
[02:32:09] 139.6, 126.6, 1.094
[02:32:10] 139.7, 126.6, 1.027
[02:32:11] 173.8, 126.6, 1.033
[02:32:12] 132.7, 126.5, 1.099
[02:32:13] 139.8, 126.6, 1.103
[02:32:14] 139.8, 126.5, 1.094
[02:32:15] 139.7, 126.5, 1.592
[02:32:16] 185.6, 126.6, 1.030
[02:32:17] 131.3, 126.6, 1.095
[02:32:18] 139.4, 126.6, 1.087
[02:32:19] 139.3, 126.6, 1.096
[02:32:20] 139.3, 126.5, 1.606
[02:32:21] 192.6, 126.6, 1.027
[02:32:22] 132.5, 126.6, 1.086
[02:32:23] 138.9, 126.6, 1.095
[02:32:24] 138.9, 126.6, 1.093
[02:32:25] 139.0, 126.5, 3.033
[02:32:26] 179.2, 126.7, 1.048
[02:32:27] 163.3, 126.5, 1.086
[02:32:28] 137.0, 126.5, 1.092
[02:32:29] 137.2, 126.5, 1.096
[02:32:30] 137.5, 126.6, 1.096
[02:32:31] 137.8, 126.4, 1.726
[02:32:32] 220.7, 126.6, 1.078
[02:32:33] 164.6, 126.6, 1.087
[02:32:34] 139.6, 126.5, 1.091
[02:32:35] 139.6, 126.6, 1.090
[02:32:36] 139.5, 126.6, 1.093
[02:32:37] 139.5, 126.5, 1.714
[02:32:38] 224.7, 126.5, 1.755
[02:32:39] 224.2, 126.6, 1.094
[02:32:40] 154.4, 126.5, 1.095
[02:32:41] 139.4, 126.6, 1.094
[02:32:42] 139.3, 126.6, 1.093
[02:32:43] 139.4, 126.6, 1.098
[02:32:44] 139.4, 126.5, 1.716
[02:32:45] 233.7, 126.5, 1.786
[02:32:46] 221.6, 126.5, 1.782
[02:32:47] 222.2, 126.5, 1.758
[02:32:48] 222.3, 126.6, 1.088
[02:32:49] 140.7, 126.6, 1.092
[02:32:50] 140.5, 126.6, 1.091
[02:32:51] 140.3, 126.6, 1.090
[02:32:52] 140.2, 126.3, 2.268
[02:32:53] 174.7, 126.5, 1.715
[02:32:54] 216.0, 126.5, 1.780
[02:32:55] 223.7, 126.5, 1.784
[02:32:56] 224.0, 126.5, 1.784
[02:32:57] 224.4, 126.5, 1.785
[02:32:58] 224.7, 126.5, 1.785
[02:32:59] 225.0, 126.5, 1.782
[02:33:00] 225.3, 126.6, 1.076
[02:33:01] 188.8, 126.6, 1.095
[02:33:02] 139.4, 126.5, 1.093
[02:33:03] 139.4, 126.5, 1.094
[02:33:04] 139.4, 126.5, 1.090
[02:33:05] 139.5, 126.4, 1.748
[02:33:06] 208.0, 126.4, 1.722
[02:33:07] 219.0, 126.4, 1.785
[02:33:08] 227.2, 126.4, 1.785
[02:33:09] 227.1, 126.5, 1.785
[02:33:10] 227.1, 126.5, 1.784
[02:33:11] 227.1, 126.4, 1.785
[02:33:12] 227.1, 126.4, 1.782
[02:33:13] 227.1, 126.4, 1.786
[02:33:14] 227.1, 126.4, 1.785
[02:33:15] 227.1, 126.5, 1.782
[02:33:16] 227.1, 126.5, 1.787
[02:33:17] 227.1, 126.4, 1.783
[02:33:18] 227.1, 126.4, 1.787
[02:33:19] 227.1, 126.5, 1.787
[02:33:20] 227.1, 126.5, 1.130
[02:33:21] 179.4, 126.5, 1.097
[02:33:22] 140.5, 126.6, 1.094
[02:33:23] 140.5, 126.5, 1.101
[02:33:24] 140.5, 126.6, 1.093
