<<<[20:02:59] 140.3, 125.9, 1.108
[20:03:00] 140.4, 125.9, 1.122
[20:03:01] 140.7, 125.9, 1.133
[20:03:02] 141.1, 125.9, 1.266
[20:03:03] 153.0, 125.9, 1.252
[20:03:04] 158.8, 125.9, 1.261
[20:03:05] 158.7, 125.9, 1.172
[20:03:06] 148.6, 125.9, 1.167
[20:03:07] 148.5, 125.9, 1.182
[20:03:08] 148.6, 125.9, 1.181
[20:03:09] 148.9, 125.9, 1.168
[20:03:10] 149.0, 125.9, 1.149
[20:03:11] 169.3, 125.9, 1.126
[20:03:12] 142.8, 125.9, 1.121
[20:03:13] 142.8, 125.9, 1.125
[20:03:14] 142.8, 126.0, 1.124
[20:03:15] 142.8, 125.9, 1.129
[20:03:16] 168.2, 126.0, 1.110
[20:03:17] 142.5, 125.9, 1.114
[20:03:18] 142.4, 125.9, 1.126
[20:03:19] 142.4, 125.9, 1.115
[20:03:20] 142.4, 125.9, 1.122
[20:03:21] 167.8, 126.0, 1.115
[20:03:22] 142.5, 126.0, 1.113
[20:03:23] 142.4, 126.0, 1.130
[20:03:24] 142.4, 126.0, 1.121
[20:03:25] 142.4, 126.0, 1.129
[20:03:26] 167.8, 126.0, 1.133
[20:03:27] 142.1, 126.0, 1.119
[20:03:28] 165.5, 126.0, 1.112
[20:03:29] 141.8, 126.0, 1.124
[20:03:30] 141.8, 126.1, 1.128
[20:03:31] 166.7, 126.0, 1.119
[20:03:32] 142.3, 126.0, 1.124
[20:03:33] 142.2, 126.0, 1.120
[20:03:34] 142.2, 126.0, 1.115
[20:03:35] 142.2, 126.0, 1.080
[20:03:36] 173.2, 126.0, 1.123
[20:03:37] 136.7, 126.0, 1.132
[20:03:38] 142.7, 126.0, 1.119
[20:03:39] 142.6, 125.9, 1.118
[20:03:40] 142.4, 126.0, 0.995
[20:03:41] 184.7, 126.0, 1.114
[20:03:42] 136.3, 126.0, 1.112
[20:03:43] 142.1, 126.0, 1.112
[20:03:44] 142.1, 126.0, 1.104
[20:03:45] 142.1, 126.0, 1.510
[20:03:46] 192.4, 126.0, 1.056
[20:03:47] 135.8, 126.0, 1.115
[20:03:48] 141.9, 126.0, 1.121
[20:03:49] 141.8, 126.0, 1.128
[20:03:50] 141.9, 126.0, 1.849
[20:03:51] 197.9, 126.0, 1.063
[20:03:52] 160.0, 126.0, 1.119
[20:03:53] 141.6, 126.0, 1.121
[20:03:54] 141.6, 126.0, 1.124
[20:03:55] 141.7, 126.0, 1.111
[20:03:56] 141.7, 125.9, 1.768
[20:03:57] 236.8, 126.0, 1.140
[20:03:58] 164.7, 126.0, 1.119
[20:03:59] 142.3, 126.1, 1.120
[20:04:00] 142.2, 126.0, 1.116
[20:04:01] 142.2, 126.0, 1.120
[20:04:02] 142.2, 126.0, 1.771
[20:04:03] 232.4, 125.9, 1.828
[20:04:04] 227.2, 126.0, 1.072
[20:04:05] 185.6, 126.0, 1.121
[20:04:06] 141.9, 126.0, 1.121
[20:04:07] 141.9, 126.1, 1.116
[20:04:08] 141.9, 126.1, 1.106
[20:04:09] 141.9, 125.9, 1.794
[20:04:10] 224.5, 125.9, 1.779
[20:04:11] 224.7, 125.9, 1.834
[20:04:12] 232.4, 125.9, 1.836
[20:04:13] 232.4, 125.9, 1.599
[20:04:14] 204.2, 125.9, 1.123
[20:04:15] 142.3, 126.0, 1.116
[20:04:16] 142.2, 126.0, 1.123
[20:04:17] 142.2, 126.0, 1.123
[20:04:18] 142.2, 125.9, 1.760
[20:04:19] 207.6, 125.9, 1.775
[20:04:20] 224.7, 125.9, 1.838
[20:04:21] 232.3, 125.9, 1.838
[20:04:22] 232.3, 125.9, 1.834
[20:04:23] 232.4, 125.9, 1.837
[20:04:24] 232.4, 125.9, 1.838
[20:04:25] 232.4, 125.9, 1.839
[20:04:26] 232.5, 125.9, 1.825
[20:04:27] 232.0, 126.0, 1.110
[20:04:28] 154.6, 125.9, 1.114
[20:04:29] 142.5, 126.0, 1.118
[20:04:30] 142.3, 125.9, 1.124
[20:04:31] 142.3, 126.0, 1.204
[20:04:32] 177.4, 125.9, 1.776
[20:04:33] 222.1, 125.9, 1.832
[20:04:34] 229.4, 125.9, 1.840
[20:04:35] 229.8, 125.9, 1.840
[20:04:36] 230.2, 125.9, 1.841
[20:04:37] 230.5, 125.9, 1.840
[20:04:38] 230.9, 125.9, 1.842
[20:04:39] 231.2, 125.9, 1.843
[20:04:40] 231.4, 125.9, 1.842
[20:04:41] 231.7, 126.0, 1.842
[20:04:42] 231.9, 125.9, 1.844
[20:04:43] 232.1, 125.9, 1.843
[20:04:44] 232.2, 125.9, 1.840
[20:04:45] 232.4, 126.0, 1.843
[20:04:46] 232.5, 126.0, 1.844
[20:04:47] 232.7, 126.0, 1.843
[20:04:48] 232.8, 126.1, 1.090
[20:04:49] 197.7, 126.0, 1.126
[20:04:50] 142.3, 126.1, 1.122
[20:04:51] 142.3, 126.1, 1.115
[20:04:52] 142.3, 126.0, 1.110
