<<<[23:59:06] 141.7, 126.3, 1.125
[23:59:07] 141.7, 126.3, 1.129
[23:59:08] 141.9, 126.3, 1.138
[23:59:09] 142.3, 126.3, 1.253
[23:59:10] 153.2, 126.2, 1.242
[23:59:11] 153.8, 126.3, 1.171
[23:59:12] 153.8, 126.3, 1.175
[23:59:13] 153.3, 126.3, 1.175
[23:59:14] 152.7, 126.3, 1.170
[23:59:15] 152.3, 126.2, 1.170
[23:59:16] 151.9, 126.1, 1.691
[23:59:17] 175.6, 126.2, 1.111
[23:59:18] 140.5, 126.3, 1.131
[23:59:19] 140.7, 126.3, 1.114
[23:59:20] 141.0, 126.2, 1.117
[23:59:21] 141.2, 126.2, 1.693
[23:59:22] 171.8, 126.3, 1.114
[23:59:23] 140.1, 126.3, 1.115
[23:59:24] 140.3, 126.3, 1.114
[23:59:25] 140.6, 126.3, 1.127
[23:59:26] 140.8, 126.2, 1.705
[23:59:27] 171.8, 126.3, 1.113
[23:59:28] 140.1, 126.3, 1.124
[23:59:29] 140.3, 126.3, 1.117
[23:59:30] 140.6, 126.2, 1.121
[23:59:31] 140.8, 126.2, 1.871
[23:59:32] 182.8, 126.3, 1.046
[23:59:33] 132.3, 126.2, 1.114
[23:59:34] 140.5, 126.3, 1.123
[23:59:35] 140.7, 126.2, 1.124
[23:59:36] 140.9, 126.2, 2.077
[23:59:37] 183.7, 126.3, 1.055
[23:59:38] 132.9, 126.2, 1.121
[23:59:39] 141.6, 126.2, 1.111
[23:59:40] 141.6, 126.2, 1.118
[23:59:41] 141.8, 126.1, 2.746
[23:59:42] 184.3, 126.3, 1.054
[23:59:43] 132.7, 126.3, 1.118
[23:59:44] 141.0, 126.3, 1.115
[23:59:45] 141.1, 126.3, 1.110
[23:59:46] 141.2, 126.1, 3.535
[23:59:47] 191.5, 126.3, 1.051
[23:59:48] 142.1, 126.3, 1.114
[23:59:49] 141.7, 126.3, 1.121
[23:59:50] 141.7, 126.3, 1.120
[23:59:51] 141.8, 126.3, 1.115
[23:59:52] 159.3, 126.3, 1.029
[23:59:53] 206.6, 126.3, 1.120
[23:59:54] 137.2, 126.3, 1.121
[23:59:55] 142.5, 126.3, 1.112
[23:59:56] 142.5, 126.3, 1.117
[23:59:57] 142.5, 126.1, 2.294
[23:59:58] 249.3, 126.3, 1.064
[23:59:59] 172.7, 126.3, 1.102
[00:00:00] 141.8, 126.3, 1.117
[00:00:01] 141.8, 126.3, 1.130
[00:00:02] 141.9, 126.2, 1.124
[00:00:03] 142.0, 126.1, 2.268
[00:00:04] 279.0, 126.2, 2.027
[00:00:05] 265.7, 126.3, 1.118
[00:00:06] 140.8, 126.3, 1.112
[00:00:07] 140.9, 126.2, 1.117
[00:00:08] 141.1, 126.3, 1.124
[00:00:09] 141.3, 126.0, 3.554
[00:00:10] 195.1, 126.1, 2.257
[00:00:11] 285.5, 126.1, 2.327
[00:00:12] 292.2, 126.1, 2.319
[00:00:13] 292.0, 126.2, 1.107
[00:00:14] 151.9, 126.2, 1.117
[00:00:15] 141.9, 126.1, 1.128
[00:00:16] 141.8, 126.2, 1.117
[00:00:17] 142.0, 126.2, 1.120
[00:00:18] 166.4, 126.0, 2.268
[00:00:19] 286.4, 126.0, 2.328
[00:00:20] 286.9, 126.0, 2.329
[00:00:21] 294.0, 126.1, 2.330
[00:00:22] 294.1, 126.0, 2.331
[00:00:23] 294.2, 126.0, 2.334
[00:00:24] 294.3, 126.2, 1.086
[00:00:25] 207.8, 126.2, 1.104
[00:00:26] 142.3, 126.2, 1.120
[00:00:27] 142.2, 126.1, 1.124
[00:00:28] 142.3, 126.1, 1.119
[00:00:29] 142.3, 126.0, 2.302
[00:00:30] 257.2, 126.0, 2.266
[00:00:31] 287.6, 126.1, 2.332
[00:00:32] 295.3, 126.0, 2.335
[00:00:33] 295.3, 126.0, 2.332
[00:00:34] 295.3, 126.0, 2.335
[00:00:35] 295.3, 126.0, 2.335
[00:00:36] 295.3, 126.0, 2.337
[00:00:37] 295.4, 126.0, 2.335
[00:00:38] 295.4, 126.0, 2.337
[00:00:39] 295.3, 125.9, 2.336
[00:00:40] 295.4, 126.0, 2.336
[00:00:41] 295.4, 126.0, 2.335
[00:00:42] 295.4, 126.2, 1.126
[00:00:43] 148.3, 126.1, 1.119
[00:00:44] 142.7, 126.1, 1.134
[00:00:45] 142.7, 126.1, 1.129
