<<<[17:45:56] 145.0, 125.1, 1.129
[17:45:57] 144.7, 125.0, 1.133
[17:45:58] 144.5, 125.0, 1.144
[17:45:59] 144.5, 125.0, 1.143
[17:46:00] 152.8, 125.1, 1.178
[17:46:01] 152.2, 125.1, 1.180
[17:46:02] 151.9, 125.1, 1.186
[17:46:03] 151.5, 125.0, 1.185
[17:46:04] 151.3, 125.0, 1.712
[17:46:05] 175.8, 125.1, 1.164
[17:46:06] 144.8, 125.1, 1.152
[17:46:07] 144.9, 125.2, 1.140
[17:46:08] 144.9, 125.1, 1.142
[17:46:09] 144.7, 125.1, 1.740
[17:46:10] 173.1, 125.1, 1.133
[17:46:11] 141.0, 125.1, 1.133
[17:46:12] 141.2, 125.1, 1.129
[17:46:13] 141.3, 125.1, 1.122
[17:46:14] 141.4, 125.0, 1.732
[17:46:15] 171.4, 125.1, 1.121
[17:46:16] 139.0, 125.0, 1.118
[17:46:17] 139.2, 125.1, 1.119
[17:46:18] 139.5, 125.1, 1.116
[17:46:19] 139.7, 125.0, 1.741
[17:46:20] 171.3, 125.1, 1.114
[17:46:21] 138.9, 125.1, 1.115
[17:46:22] 139.1, 125.1, 1.113
[17:46:23] 139.4, 125.1, 1.115
[17:46:24] 139.6, 125.0, 1.742
[17:46:25] 171.1, 125.1, 1.112
[17:46:26] 138.3, 125.1, 1.112
[17:46:27] 138.5, 125.0, 1.106
[17:46:28] 138.7, 125.0, 1.117
[17:46:29] 138.9, 125.0, 1.749
[17:46:30] 170.5, 125.1, 1.108
[17:46:31] 137.9, 125.1, 1.117
[17:46:32] 138.2, 125.1, 1.107
[17:46:33] 138.4, 125.1, 1.109
[17:46:34] 138.6, 125.0, 1.757
[17:46:35] 169.1, 125.1, 1.103
[17:46:36] 137.8, 125.1, 1.103
[17:46:37] 138.0, 125.1, 1.103
[17:46:38] 138.2, 125.1, 1.105
[17:46:39] 138.4, 125.0, 2.294
[17:46:40] 179.6, 125.1, 1.048
[17:46:41] 130.5, 125.1, 1.109
[17:46:42] 138.3, 125.1, 1.109
[17:46:43] 138.4, 125.1, 1.106
[17:46:44] 138.6, 125.0, 2.665
[17:46:45] 176.5, 125.1, 1.050
[17:46:46] 130.5, 125.1, 1.105
[17:46:47] 137.4, 125.1, 1.103
[17:46:48] 137.7, 125.1, 1.099
[17:46:49] 137.9, 124.9, 3.373
[17:46:50] 176.9, 125.1, 1.030
[17:46:51] 141.6, 125.1, 1.103
[17:46:52] 140.9, 125.1, 1.111
[17:46:53] 140.8, 125.1, 1.105
[17:46:54] 140.7, 125.2, 1.107
[17:46:55] 160.2, 125.1, 0.986
[17:46:56] 178.9, 125.1, 1.112
[17:46:57] 135.4, 125.1, 1.100
[17:46:58] 135.9, 125.1, 1.100
[17:46:59] 136.3, 125.1, 1.098
[17:47:00] 136.7, 125.1, 1.805
[17:47:01] 214.7, 125.2, 1.056
[17:47:02] 158.6, 125.2, 1.110
[17:47:03] 140.1, 125.1, 1.107
[17:47:04] 140.0, 125.1, 1.102
[17:47:05] 140.0, 125.1, 1.107
[17:47:06] 140.0, 125.0, 1.765
[17:47:07] 238.8, 125.0, 1.574
[17:47:08] 196.4, 125.1, 1.107
[17:47:09] 139.8, 125.1, 1.109
[17:47:10] 139.8, 125.1, 1.099
[17:47:11] 139.7, 125.1, 1.108
[17:47:12] 139.6, 125.0, 1.752
[17:47:13] 204.6, 125.1, 1.765
[17:47:14] 221.9, 125.0, 1.831
[17:47:15] 230.1, 125.1, 1.065
[17:47:16] 184.8, 125.1, 1.105
[17:47:17] 139.4, 125.1, 1.103
[17:47:18] 139.4, 125.1, 1.101
[17:47:19] 139.4, 125.0, 1.104
[17:47:20] 139.4, 125.0, 1.798
[17:47:21] 216.7, 125.0, 1.769
[17:47:22] 223.7, 125.0, 1.834
[17:47:23] 230.4, 125.0, 1.834
[17:47:24] 230.4, 125.0, 1.836
[17:47:25] 230.4, 125.0, 1.837
[17:47:26] 230.3, 125.0, 1.103
[17:47:27] 151.5, 125.0, 1.107
[17:47:28] 139.8, 125.0, 1.106
[17:47:29] 139.8, 125.0, 1.102
[17:47:30] 139.8, 125.0, 1.109
[17:47:31] 164.6, 125.0, 1.773
[17:47:32] 221.4, 125.0, 1.831
[17:47:33] 226.6, 125.0, 1.836
[17:47:34] 227.1, 125.0, 1.838
[17:47:35] 227.6, 125.0, 1.838
[17:47:36] 228.0, 125.0, 1.839
[17:47:37] 228.4, 125.0, 1.840
[17:47:38] 228.7, 125.0, 1.840
[17:47:39] 229.1, 124.9, 1.841
[17:47:40] 229.4, 125.0, 1.842
[17:47:41] 229.6, 125.0, 1.840
[17:47:42] 229.8, 125.1, 1.103
[17:47:43] 159.9, 125.1, 1.104
[17:47:44] 140.1, 125.1, 1.100
[17:47:45] 140.0, 125.2, 1.107
[17:47:46] 140.1, 125.2, 1.108
<<<[17:48:00] 142.3, 125.1, 1.118
[17:48:01] 142.2, 125.1, 1.126
[17:48:02] 142.2, 125.0, 1.138
[17:48:03] 142.3, 125.1, 1.250
[17:48:04] 151.2, 125.1, 1.170
[17:48:05] 150.7, 125.1, 1.185
[17:48:06] 150.5, 125.1, 1.184
[17:48:07] 150.4, 125.1, 1.183
[17:48:08] 150.3, 125.1, 1.180
[17:48:09] 150.1, 125.2, 1.119
[17:48:10] 172.0, 125.1, 1.152
[17:48:11] 145.9, 125.1, 1.146
[17:48:12] 145.7, 125.2, 1.139
[17:48:13] 145.5, 125.2, 1.130
[17:48:14] 145.3, 125.1, 1.107
[17:48:15] 170.0, 125.2, 1.128
[17:48:16] 143.0, 125.1, 1.128
[17:48:17] 142.9, 125.2, 1.124
[17:48:18] 142.8, 125.1, 1.122
[17:48:19] 142.7, 125.2, 1.098
[17:48:20] 169.3, 125.2, 1.114
[17:48:21] 141.2, 125.2, 1.116
[17:48:22] 141.2, 125.2, 1.125
[17:48:23] 141.3, 125.2, 1.121
[17:48:24] 141.3, 125.2, 1.081
[17:48:25] 168.7, 125.2, 1.106
[17:48:26] 140.1, 125.1, 1.114
[17:48:27] 140.2, 125.1, 1.117
[17:48:28] 140.2, 125.0, 1.119
[17:48:29] 140.3, 125.1, 1.085
[17:48:30] 168.4, 125.1, 1.109
[17:48:31] 140.3, 125.1, 1.112
[17:48:32] 140.2, 125.1, 1.105
[17:48:33] 140.2, 125.1, 1.112
[17:48:34] 140.3, 125.1, 1.075
[17:48:35] 167.8, 125.1, 1.110
[17:48:36] 140.1, 125.1, 1.110
[17:48:37] 140.0, 125.1, 1.107
[17:48:38] 140.0, 125.1, 1.111
[17:48:39] 140.0, 125.1, 1.073
[17:48:40] 167.3, 125.1, 1.107
[17:48:41] 139.4, 125.1, 1.110
[17:48:42] 139.4, 125.1, 1.106
[17:48:43] 139.5, 125.1, 1.117
[17:48:44] 139.6, 125.1, 1.009
[17:48:45] 174.0, 125.1, 1.069
[17:48:46] 133.2, 125.1, 1.112
[17:48:47] 139.4, 125.1, 1.098
[17:48:48] 139.4, 125.0, 1.104
[17:48:49] 139.4, 125.1, 1.013
[17:48:50] 172.5, 125.2, 1.043
[17:48:51] 133.1, 125.1, 1.108
[17:48:52] 139.6, 125.2, 1.108
[17:48:53] 139.6, 125.1, 1.114
[17:48:54] 139.6, 125.1, 1.487
[17:48:55] 183.2, 125.2, 1.037
[17:48:56] 132.0, 125.2, 1.102
[17:48:57] 139.4, 125.2, 1.106
[17:48:58] 139.4, 125.2, 1.104
[17:48:59] 139.4, 125.1, 1.863
[17:49:00] 191.7, 125.2, 1.033
[17:49:01] 143.0, 125.2, 1.095
[17:49:02] 142.4, 125.2, 1.099
[17:49:03] 142.1, 125.1, 1.101
[17:49:04] 141.8, 125.2, 1.106
[17:49:05] 168.2, 125.1, 1.602
[17:49:06] 211.1, 125.1, 1.109
[17:49:07] 134.0, 125.1, 1.101
[17:49:08] 139.2, 125.1, 1.114
[17:49:09] 139.2, 125.1, 1.098
[17:49:10] 139.2, 125.0, 2.290
[17:49:11] 188.8, 125.0, 1.765
[17:49:12] 223.0, 125.0, 1.125
[17:49:13] 164.2, 125.0, 1.102
[17:49:14] 139.8, 125.1, 1.105
[17:49:15] 139.8, 125.1, 1.100
[17:49:16] 139.7, 125.1, 1.101
[17:49:17] 139.6, 125.0, 1.764
[17:49:18] 237.7, 125.0, 1.837
[17:49:19] 225.0, 124.9, 1.828
[17:49:20] 225.2, 125.1, 1.105
[17:49:21] 151.5, 125.1, 1.102
[17:49:22] 139.4, 125.1, 1.107
[17:49:23] 139.4, 125.1, 1.103
[17:49:24] 139.4, 125.1, 1.112
[17:49:25] 170.9, 125.1, 1.769
[17:49:26] 219.8, 125.0, 1.827
[17:49:27] 226.8, 125.1, 1.832
[17:49:28] 227.2, 125.0, 1.834
[17:49:29] 227.6, 125.0, 1.835
[17:49:30] 228.0, 125.1, 1.562
[17:49:31] 204.0, 125.2, 1.100
[17:49:32] 139.9, 125.1, 1.104
[17:49:33] 139.8, 125.1, 1.109
[17:49:34] 139.9, 125.1, 1.114
[17:49:35] 139.9, 125.0, 1.808
[17:49:36] 197.0, 125.0, 1.770
[17:49:37] 222.7, 125.0, 1.835
[17:49:38] 229.9, 125.0, 1.836
[17:49:39] 230.0, 125.0, 1.837
[17:49:40] 230.1, 125.0, 1.839
[17:49:41] 230.2, 125.0, 1.837
[17:49:42] 230.3, 125.0, 1.840
[17:49:43] 230.4, 125.0, 1.839
[17:49:44] 230.6, 125.1, 1.838
[17:49:45] 230.6, 125.2, 1.837
[17:49:46] 230.7, 125.2, 1.807
[17:49:47] 214.0, 125.2, 1.104
[17:49:48] 140.5, 125.2, 1.108
[17:49:49] 140.4, 125.2, 1.104
[17:49:50] 140.3, 125.2, 1.101
