<<<[03:20:18] 141.9, 126.4, 1.099
[03:20:19] 141.8, 126.4, 1.106
[03:20:20] 141.6, 126.4, 1.102
[03:20:21] 141.4, 126.4, 1.240
[03:20:22] 152.4, 126.4, 1.216
[03:20:23] 158.0, 126.4, 1.139
[03:20:24] 145.9, 126.4, 1.106
[03:20:25] 145.3, 126.5, 1.116
[03:20:26] 144.8, 126.4, 1.109
[03:20:27] 144.5, 126.4, 1.528
[03:20:28] 163.3, 126.4, 1.099
[03:20:29] 147.2, 126.4, 1.098
[03:20:30] 140.7, 126.4, 1.098
[03:20:31] 140.6, 126.4, 1.103
[03:20:32] 140.6, 126.3, 1.517
[03:20:33] 161.7, 126.4, 1.107
[03:20:34] 148.6, 126.4, 1.118
[03:20:35] 142.5, 126.4, 1.116
[03:20:36] 142.4, 126.4, 1.104
[03:20:37] 142.3, 126.4, 1.512
[03:20:38] 161.8, 126.4, 1.103
[03:20:39] 147.2, 126.4, 1.099
[03:20:40] 140.3, 126.4, 1.100
[03:20:41] 140.3, 126.4, 1.102
[03:20:42] 140.3, 126.3, 1.505
[03:20:43] 161.7, 126.4, 1.102
[03:20:44] 147.4, 126.4, 1.094
[03:20:45] 140.3, 126.4, 1.101
[03:20:46] 140.2, 126.4, 1.102
[03:20:47] 140.2, 126.3, 1.504
[03:20:48] 161.3, 126.4, 1.093
[03:20:49] 146.6, 126.4, 1.096
[03:20:50] 139.6, 126.4, 1.093
[03:20:51] 139.6, 126.4, 1.097
[03:20:52] 139.6, 126.4, 1.495
[03:20:53] 160.8, 126.4, 1.109
[03:20:54] 147.4, 126.4, 1.099
[03:20:55] 140.5, 126.4, 1.093
[03:20:56] 140.3, 126.5, 1.096
[03:20:57] 140.2, 126.4, 1.488
[03:20:58] 160.4, 126.4, 1.098
[03:20:59] 146.6, 126.5, 1.097
[03:21:00] 139.4, 126.5, 1.094
[03:21:01] 139.4, 126.5, 1.095
[03:21:02] 139.5, 126.4, 1.465
[03:21:03] 160.4, 126.4, 1.100
[03:21:04] 146.6, 126.4, 1.091
[03:21:05] 139.6, 126.5, 1.098
[03:21:06] 139.6, 126.4, 1.095
[03:21:07] 139.6, 126.3, 3.257
[03:21:08] 172.9, 126.5, 1.026
[03:21:09] 137.4, 126.4, 1.099
[03:21:10] 137.3, 126.5, 1.096
[03:21:11] 137.6, 126.4, 1.095
[03:21:12] 137.8, 126.2, 2.196
[03:21:13] 173.1, 126.4, 1.030
[03:21:14] 137.2, 126.4, 1.095
[03:21:15] 137.1, 126.4, 1.093
[03:21:16] 137.4, 126.4, 1.088
[03:21:17] 137.6, 126.5, 1.097
[03:21:18] 167.1, 126.4, 1.038
[03:21:19] 154.4, 126.4, 1.096
[03:21:20] 135.6, 126.4, 1.085
[03:21:21] 136.0, 126.4, 1.099
[03:21:22] 136.5, 126.4, 1.109
[03:21:23] 137.0, 126.4, 1.253
[03:21:24] 204.9, 126.4, 1.086
[03:21:25] 135.1, 126.4, 1.096
[03:21:26] 135.6, 126.4, 1.093
[03:21:27] 136.1, 126.4, 1.101
[03:21:28] 136.6, 126.3, 1.858
[03:21:29] 207.8, 126.4, 1.009
[03:21:30] 175.2, 126.5, 1.093
[03:21:31] 139.0, 126.5, 1.088
[03:21:32] 139.0, 126.4, 1.098
[03:21:33] 139.1, 126.4, 1.095
[03:21:34] 139.2, 126.4, 1.897
[03:21:35] 231.7, 126.3, 1.721
[03:21:36] 231.4, 126.4, 1.089
[03:21:37] 147.4, 126.4, 1.097
[03:21:38] 139.8, 126.5, 1.097
[03:21:39] 139.7, 126.4, 1.093
[03:21:40] 139.7, 126.2, 3.263
[03:21:41] 181.2, 126.4, 1.876
[03:21:42] 238.1, 126.3, 1.943
[03:21:43] 244.6, 126.3, 1.796
[03:21:44] 236.2, 126.5, 1.095
[03:21:45] 147.7, 126.4, 1.098
[03:21:46] 139.6, 126.4, 1.094
[03:21:47] 139.6, 126.5, 1.096
[03:21:48] 139.6, 126.2, 3.364
[03:21:49] 182.7, 126.3, 1.879
[03:21:50] 237.7, 126.3, 1.938
[03:21:51] 243.8, 126.3, 1.943
[03:21:52] 244.1, 126.3, 1.940
[03:21:53] 244.4, 126.3, 1.943
[03:21:54] 244.7, 126.4, 1.879
[03:21:55] 237.9, 126.5, 1.093
[03:21:56] 147.9, 126.4, 1.092
[03:21:57] 139.6, 126.4, 1.092
[03:21:58] 139.6, 126.5, 1.094
[03:21:59] 139.7, 126.2, 3.080
[03:22:00] 178.1, 126.4, 1.878
[03:22:01] 236.8, 126.3, 1.940
[03:22:02] 243.8, 126.3, 1.939
[03:22:03] 244.1, 126.3, 1.941
[03:22:04] 244.4, 126.3, 1.941
[03:22:05] 244.7, 126.3, 1.942
[03:22:06] 244.9, 126.3, 1.942
[03:22:07] 245.1, 126.3, 1.943
[03:22:08] 245.3, 126.3, 1.944
[03:22:09] 245.5, 126.3, 1.943
[03:22:10] 245.7, 126.3, 1.947
[03:22:11] 245.8, 126.3, 1.946
[03:22:12] 233.3, 126.4, 1.125
[03:22:13] 142.5, 126.4, 1.135
[03:22:14] 142.7, 126.4, 1.116
[03:22:15] 142.9, 126.5, 1.112
<<<[03:24:19] 140.5, 126.5, 1.096
[03:24:20] 140.5, 126.5, 1.100
[03:24:21] 140.6, 126.4, 1.112
[03:24:22] 140.7, 126.4, 1.265
[03:24:23] 153.0, 126.4, 1.211
[03:24:24] 153.2, 126.4, 1.112
[03:24:25] 142.7, 126.4, 1.105
[03:24:26] 142.6, 126.4, 1.124
[03:24:27] 142.6, 126.4, 1.122
[03:24:28] 142.7, 126.4, 1.242
[03:24:29] 159.3, 126.4, 1.103
[03:24:30] 153.3, 126.4, 1.105
[03:24:31] 141.4, 126.4, 1.110
[03:24:32] 141.4, 126.4, 1.111
[03:24:33] 141.4, 126.4, 1.216
[03:24:34] 157.0, 126.4, 1.116
[03:24:35] 156.6, 126.4, 1.111
[03:24:36] 142.3, 126.4, 1.117
[03:24:37] 142.3, 126.4, 1.106
[03:24:38] 142.2, 126.4, 1.212
[03:24:39] 156.6, 126.4, 1.095
[03:24:40] 156.1, 126.4, 1.103
[03:24:41] 140.7, 126.4, 1.103
[03:24:42] 140.7, 126.4, 1.111
[03:24:43] 140.8, 126.4, 1.212
[03:24:44] 157.0, 126.4, 1.095
[03:24:45] 156.4, 126.4, 1.103
[03:24:46] 140.7, 126.4, 1.101
[03:24:47] 140.6, 126.5, 1.106
[03:24:48] 140.7, 126.4, 1.207
[03:24:49] 155.9, 126.4, 1.102
[03:24:50] 155.4, 126.4, 1.097
[03:24:51] 140.3, 126.5, 1.101
[03:24:52] 140.2, 126.4, 1.108
[03:24:53] 140.2, 126.4, 1.187
[03:24:54] 155.9, 126.4, 1.098
[03:24:55] 155.5, 126.4, 1.096
[03:24:56] 139.8, 126.4, 1.097
[03:24:57] 139.8, 126.4, 1.095
[03:24:58] 139.8, 126.4, 1.180
[03:24:59] 155.5, 126.4, 1.091
[03:25:00] 155.1, 126.5, 1.092
[03:25:01] 139.8, 126.4, 1.092
[03:25:02] 139.8, 126.5, 1.101
[03:25:03] 139.8, 126.4, 1.153
[03:25:04] 155.1, 126.5, 1.092
[03:25:05] 154.7, 126.4, 1.097
[03:25:06] 139.6, 126.4, 1.101
[03:25:07] 139.6, 126.4, 1.093
[03:25:08] 139.7, 126.4, 1.101
[03:25:09] 170.4, 126.4, 1.024
[03:25:10] 141.6, 126.4, 1.092
[03:25:11] 136.3, 126.4, 1.093
[03:25:12] 136.6, 126.4, 1.099
[03:25:13] 137.1, 126.4, 1.102
[03:25:14] 169.4, 126.4, 1.028
[03:25:15] 142.5, 126.4, 1.086
[03:25:16] 135.8, 126.4, 1.093
[03:25:17] 136.2, 126.4, 1.095
[03:25:18] 136.7, 126.4, 1.098
[03:25:19] 142.5, 126.5, 1.058
[03:25:20] 178.9, 126.4, 1.100
[03:25:21] 135.6, 126.4, 1.089
[03:25:22] 136.0, 126.5, 1.099
[03:25:23] 136.5, 126.4, 1.097
[03:25:24] 137.0, 126.4, 1.499
[03:25:25] 205.6, 126.4, 1.060
[03:25:26] 134.1, 126.5, 1.093
[03:25:27] 139.4, 126.4, 1.089
[03:25:28] 139.4, 126.4, 1.092
[03:25:29] 139.4, 126.4, 2.077
[03:25:30] 199.7, 126.5, 0.987
[03:25:31] 184.5, 126.5, 1.097
[03:25:32] 138.3, 126.5, 1.098
[03:25:33] 138.5, 126.4, 1.097
[03:25:34] 138.7, 126.4, 1.098
[03:25:35] 138.8, 126.3, 1.917
[03:25:36] 222.7, 126.3, 1.876
[03:25:37] 233.2, 126.4, 1.088
[03:25:38] 153.2, 126.5, 1.095
[03:25:39] 139.8, 126.5, 1.096
[03:25:40] 139.7, 126.5, 1.092
[03:25:41] 139.7, 126.4, 1.105
[03:25:42] 174.7, 126.4, 1.881
[03:25:43] 236.2, 126.3, 1.941
[03:25:44] 243.7, 126.3, 1.943
[03:25:45] 243.4, 126.5, 1.092
[03:25:46] 152.6, 126.4, 1.096
[03:25:47] 140.1, 126.4, 1.093
[03:25:48] 140.0, 126.4, 1.098
[03:25:49] 140.0, 126.4, 1.092
[03:25:50] 172.3, 126.3, 1.883
[03:25:51] 236.1, 126.3, 1.941
[03:25:52] 243.5, 126.3, 1.941
[03:25:53] 243.9, 126.4, 1.942
[03:25:54] 244.2, 126.3, 1.942
[03:25:55] 244.5, 126.3, 1.943
[03:25:56] 244.4, 126.5, 1.089
[03:25:57] 152.2, 126.4, 1.095
[03:25:58] 139.8, 126.4, 1.100
[03:25:59] 139.8, 126.5, 1.094
[03:26:00] 139.8, 126.4, 1.093
[03:26:01] 166.9, 126.3, 1.883
[03:26:02] 237.0, 126.4, 1.939
[03:26:03] 242.4, 126.3, 1.943
[03:26:04] 242.9, 126.4, 1.944
[03:26:05] 243.4, 126.3, 1.941
[03:26:06] 243.8, 126.3, 1.946
[03:26:07] 244.2, 126.3, 1.947
[03:26:08] 244.6, 126.3, 1.949
[03:26:09] 244.9, 126.3, 1.948
[03:26:10] 245.2, 126.3, 1.950
[03:26:11] 245.5, 126.3, 1.950
[03:26:12] 245.7, 126.3, 1.950
[03:26:13] 246.0, 126.4, 1.101
[03:26:14] 143.0, 126.4, 1.100
[03:26:15] 142.6, 126.4, 1.101
[03:26:16] 142.3, 126.4, 1.094
