<<<[20:32:37] 140.7, 125.9, 1.115
[20:32:38] 140.9, 125.9, 1.120
[20:32:39] 141.2, 125.9, 1.128
[20:32:40] 141.6, 125.9, 1.257
[20:32:41] 152.6, 125.8, 1.248
[20:32:42] 160.2, 125.8, 1.275
[20:32:43] 160.2, 125.8, 1.278
[20:32:44] 160.1, 125.8, 1.280
[20:32:45] 160.2, 125.8, 1.260
[20:32:46] 160.0, 125.8, 1.277
[20:32:47] 160.2, 125.8, 1.258
[20:32:48] 160.3, 125.8, 1.235
[20:32:49] 160.1, 125.8, 1.262
[20:32:50] 160.2, 125.8, 1.282
[20:32:51] 160.3, 125.8, 1.269
[20:32:52] 160.1, 125.8, 1.272
[20:32:53] 160.1, 125.8, 1.279
[20:32:54] 160.1, 125.8, 1.272
[20:32:55] 160.1, 125.8, 1.276
[20:32:56] 160.1, 125.8, 1.287
[20:32:57] 160.3, 125.8, 1.234
[20:32:58] 160.1, 125.8, 1.260
[20:32:59] 160.2, 125.8, 1.258
[20:33:00] 160.2, 125.9, 1.251
[20:33:01] 160.0, 125.8, 1.245
[20:33:02] 160.0, 125.9, 1.246
[20:33:03] 160.0, 125.9, 1.244
[20:33:04] 159.9, 125.8, 1.246
[20:33:05] 159.9, 125.8, 1.247
[20:33:06] 159.8, 125.8, 1.298
[20:33:07] 160.0, 125.8, 1.252
[20:33:08] 160.1, 125.8, 1.247
[20:33:09] 159.9, 125.8, 1.234
[20:33:10] 159.8, 125.8, 1.247
[20:33:11] 159.7, 125.8, 1.326
[20:33:12] 160.0, 125.8, 1.249
[20:33:13] 159.8, 125.7, 1.250
[20:33:14] 159.7, 125.7, 1.257
[20:33:15] 159.7, 125.8, 1.247
[20:33:16] 159.6, 125.8, 1.270
[20:33:17] 160.1, 125.8, 1.178
[20:33:18] 146.6, 125.8, 1.178
[20:33:19] 146.8, 125.8, 1.169
[20:33:20] 147.1, 125.8, 1.181
[20:33:21] 147.4, 125.8, 1.178
[20:33:22] 168.4, 125.8, 1.063
[20:33:23] 155.3, 125.8, 1.119
[20:33:24] 136.3, 125.8, 1.115
[20:33:25] 136.8, 125.8, 1.131
[20:33:26] 137.4, 125.8, 1.106
[20:33:27] 157.1, 125.8, 1.050
[20:33:28] 157.6, 125.8, 1.125
[20:33:29] 136.9, 125.7, 1.110
[20:33:30] 137.4, 125.7, 1.133
[20:33:31] 137.9, 125.7, 1.110
[20:33:32] 138.4, 125.7, 1.065
[20:33:33] 177.4, 125.8, 1.114
[20:33:34] 136.9, 125.8, 1.123
[20:33:35] 137.4, 125.8, 1.110
[20:33:36] 138.0, 125.8, 1.114
[20:33:37] 138.5, 125.9, 1.008
[20:33:38] 193.3, 125.8, 1.111
[20:33:39] 135.4, 125.8, 1.117
[20:33:40] 141.2, 125.8, 1.131
[20:33:41] 141.2, 125.8, 1.125
[20:33:42] 141.3, 125.8, 1.545
[20:33:43] 226.8, 125.8, 1.037
[20:33:44] 132.3, 125.7, 1.107
[20:33:45] 141.8, 125.7, 1.115
[20:33:46] 141.7, 125.7, 1.112
[20:33:47] 141.7, 125.6, 2.491
[20:33:48] 216.9, 125.7, 1.004
[20:33:49] 190.1, 125.8, 1.115
[20:33:50] 140.1, 125.8, 1.115
[20:33:51] 140.2, 125.8, 1.102
[20:33:52] 140.3, 125.8, 1.128
[20:33:53] 140.5, 125.7, 2.271
[20:33:54] 266.8, 125.8, 1.423
[20:33:55] 228.1, 125.8, 1.103
[20:33:56] 141.4, 125.8, 1.103
[20:33:57] 141.4, 125.8, 1.109
[20:33:58] 141.4, 125.8, 1.103
[20:33:59] 141.5, 125.7, 2.264
[20:34:00] 226.3, 125.7, 2.247
[20:34:01] 283.8, 125.7, 2.310
[20:34:02] 291.1, 125.8, 1.120
[20:34:03] 172.5, 125.8, 1.129
[20:34:04] 141.2, 125.8, 1.119
[20:34:05] 141.2, 125.8, 1.124
[20:34:06] 141.2, 125.8, 1.124
[20:34:07] 141.3, 125.7, 2.244
[20:34:08] 286.7, 125.7, 2.310
[20:34:09] 286.6, 125.6, 2.314
[20:34:10] 292.0, 125.6, 2.316
[20:34:11] 292.0, 125.7, 2.315
[20:34:12] 292.0, 125.8, 1.086
[20:34:13] 200.2, 125.8, 1.120
[20:34:14] 141.2, 125.8, 1.119
[20:34:15] 141.1, 125.8, 1.135
[20:34:16] 141.2, 125.8, 1.119
[20:34:17] 141.2, 125.7, 2.273
[20:34:18] 265.2, 125.6, 2.253
[20:34:19] 285.7, 125.6, 2.318
[20:34:20] 292.2, 125.6, 2.319
[20:34:21] 292.2, 125.6, 2.316
[20:34:22] 292.2, 125.6, 2.320
[20:34:23] 292.3, 125.5, 2.319
[20:34:24] 292.4, 125.6, 2.323
[20:34:25] 292.4, 125.6, 2.320
[20:34:26] 292.4, 125.6, 2.322
[20:34:27] 292.5, 125.7, 1.110
[20:34:28] 223.2, 125.7, 1.117
[20:34:29] 141.2, 125.8, 1.120
[20:34:30] 141.2, 125.7, 1.117
[20:34:31] 141.3, 125.8, 1.131
