<<<[16:54:29] 144.4, 125.1, 1.120
[16:54:30] 144.1, 125.1, 1.131
[16:54:31] 143.9, 125.1, 1.134
[16:54:32] 143.9, 125.0, 1.168
[16:54:33] 144.2, 125.1, 1.253
[16:54:34] 159.5, 125.1, 1.274
[16:54:35] 159.1, 125.1, 1.177
[16:54:36] 148.6, 125.1, 1.191
[16:54:37] 148.7, 125.1, 1.186
[16:54:38] 148.8, 125.1, 1.177
[16:54:39] 148.9, 125.1, 1.187
[16:54:40] 158.8, 125.1, 1.103
[16:54:41] 158.3, 125.1, 1.121
[16:54:42] 140.7, 125.0, 1.125
[16:54:43] 140.8, 125.1, 1.120
[16:54:44] 140.9, 125.1, 1.127
[16:54:45] 153.0, 125.1, 1.107
[16:54:46] 153.3, 125.1, 1.116
[16:54:47] 140.7, 125.1, 1.114
[16:54:48] 140.7, 125.0, 1.123
[16:54:49] 140.7, 125.1, 1.136
[16:54:50] 152.2, 125.1, 1.112
[16:54:51] 152.7, 125.1, 1.115
[16:54:52] 140.7, 125.1, 1.115
[16:54:53] 140.6, 125.0, 1.116
[16:54:54] 140.7, 125.0, 1.127
[16:54:55] 151.7, 125.1, 1.110
[16:54:56] 152.2, 125.1, 1.114
[16:54:57] 140.3, 125.1, 1.109
[16:54:58] 140.3, 125.1, 1.111
[16:54:59] 140.3, 125.1, 1.112
[16:55:00] 151.9, 125.1, 1.109
[16:55:01] 152.5, 125.1, 1.118
[16:55:02] 140.5, 125.0, 1.127
[16:55:03] 140.5, 125.0, 1.118
[16:55:04] 140.5, 125.0, 1.125
[16:55:05] 151.2, 125.0, 1.107
[16:55:06] 157.0, 125.0, 1.116
[16:55:07] 140.5, 125.1, 1.110
[16:55:08] 140.5, 125.1, 1.114
[16:55:09] 140.4, 125.1, 1.107
[16:55:10] 167.6, 125.1, 1.048
[16:55:11] 145.6, 125.1, 1.099
[16:55:12] 136.1, 125.0, 1.108
[16:55:13] 136.6, 125.0, 1.113
[16:55:14] 137.0, 125.1, 1.113
[16:55:15] 166.5, 125.1, 1.044
[16:55:16] 145.7, 125.1, 1.111
[16:55:17] 136.5, 125.0, 1.109
[16:55:18] 136.9, 125.0, 1.123
[16:55:19] 137.3, 125.0, 1.112
[16:55:20] 147.9, 125.0, 1.067
[16:55:21] 176.9, 125.1, 1.105
[16:55:22] 135.4, 125.1, 1.111
[16:55:23] 136.0, 125.1, 1.107
[16:55:24] 136.4, 125.1, 1.109
[16:55:25] 136.9, 125.2, 1.050
[16:55:26] 195.3, 125.1, 1.104
[16:55:27] 134.7, 125.1, 1.113
[16:55:28] 140.5, 125.1, 1.109
[16:55:29] 140.4, 125.1, 1.115
[16:55:30] 140.3, 125.0, 1.929
[16:55:31] 215.2, 125.1, 1.045
[16:55:32] 134.3, 125.1, 1.115
[16:55:33] 140.3, 125.1, 1.106
[16:55:34] 140.2, 125.2, 1.105
[16:55:35] 140.2, 125.2, 1.121
[16:55:36] 174.2, 125.1, 1.897
[16:55:37] 230.1, 125.1, 1.112
[16:55:38] 139.4, 125.0, 1.114
[16:55:39] 139.5, 125.0, 1.107
[16:55:40] 139.5, 125.1, 1.109
[16:55:41] 139.6, 125.1, 1.115
[16:55:42] 174.9, 124.9, 1.905
[16:55:43] 236.2, 124.9, 1.959
[16:55:44] 236.3, 125.0, 1.120
[16:55:45] 142.8, 125.1, 1.123
[16:55:46] 142.5, 125.1, 1.105
[16:55:47] 142.2, 125.0, 1.105
[16:55:48] 142.0, 125.1, 1.129
[16:55:49] 176.0, 124.9, 1.907
[16:55:50] 236.4, 124.9, 1.965
[16:55:51] 243.8, 125.0, 1.966
[16:55:52] 244.2, 124.9, 1.939
[16:55:53] 239.0, 125.0, 1.113
[16:55:54] 143.2, 125.1, 1.112
[16:55:55] 142.8, 125.0, 1.121
[16:55:56] 142.6, 125.1, 1.111
[16:55:57] 142.2, 124.9, 2.306
[16:55:58] 178.1, 125.0, 1.906
[16:55:59] 237.0, 125.0, 1.964
[16:56:00] 244.2, 125.0, 1.963
[16:56:01] 244.5, 125.0, 1.963
[16:56:02] 244.8, 125.0, 1.965
[16:56:03] 245.0, 124.9, 1.962
[16:56:04] 245.3, 124.9, 1.969
[16:56:05] 245.5, 125.0, 1.840
[16:56:06] 236.8, 125.1, 1.116
[16:56:07] 143.7, 125.1, 1.118
[16:56:08] 143.3, 125.1, 1.117
[16:56:09] 142.9, 125.0, 1.118
[16:56:10] 142.6, 124.9, 3.504
[16:56:11] 183.6, 125.0, 1.900
[16:56:12] 237.9, 125.0, 1.963
[16:56:13] 244.2, 124.9, 1.965
[16:56:14] 244.5, 125.0, 1.967
[16:56:15] 244.8, 125.0, 1.970
[16:56:16] 245.2, 124.9, 1.970
[16:56:17] 245.4, 125.0, 1.972
[16:56:18] 245.7, 125.0, 1.971
[16:56:19] 245.9, 125.0, 1.974
[16:56:20] 246.2, 125.0, 1.971
[16:56:21] 246.4, 124.9, 1.975
[16:56:22] 246.6, 124.9, 1.973
[16:56:23] 246.8, 124.9, 1.977
[16:56:24] 246.9, 124.9, 1.973
[16:56:25] 247.0, 124.9, 1.974
[16:56:26] 247.1, 125.0, 1.277
[16:56:27] 212.7, 125.0, 1.112
[16:56:28] 141.6, 125.0, 1.109
[16:56:29] 141.4, 125.0, 1.106
[16:56:30] 141.3, 125.0, 1.115
