<<<[17:35:41] 141.1, 125.1, 1.129
[17:35:42] 141.2, 125.1, 1.124
[17:35:43] 141.3, 125.1, 1.133
[17:35:44] 141.5, 125.1, 1.221
[17:35:45] 149.2, 125.0, 1.286
[17:35:46] 160.9, 125.1, 1.282
[17:35:47] 160.7, 125.1, 1.275
[17:35:48] 160.8, 125.1, 1.274
[17:35:49] 160.6, 125.1, 1.292
[17:35:50] 160.6, 125.2, 1.255
[17:35:51] 160.5, 125.1, 1.276
[17:35:52] 160.4, 125.1, 1.262
[17:35:53] 160.4, 125.1, 1.247
[17:35:54] 160.2, 125.1, 1.263
[17:35:55] 159.9, 125.1, 1.266
[17:35:56] 159.8, 125.1, 1.247
[17:35:57] 159.8, 125.1, 1.240
[17:35:58] 159.6, 125.1, 1.244
[17:35:59] 159.5, 125.1, 1.258
[17:36:00] 159.7, 125.1, 1.245
[17:36:01] 159.6, 125.1, 1.270
[17:36:02] 159.3, 125.1, 1.247
[17:36:03] 159.3, 125.2, 1.256
[17:36:04] 159.2, 125.2, 1.245
[17:36:05] 159.1, 125.1, 1.309
[17:36:06] 159.2, 125.1, 1.309
[17:36:07] 159.6, 125.1, 1.261
[17:36:08] 159.3, 125.2, 1.182
[17:36:09] 149.2, 125.2, 1.174
[17:36:10] 149.0, 125.2, 1.169
[17:36:11] 149.0, 125.1, 1.175
[17:36:12] 148.8, 125.2, 1.184
[17:36:13] 176.7, 125.1, 1.046
[17:36:14] 145.0, 125.1, 1.106
[17:36:15] 136.7, 125.1, 1.110
[17:36:16] 137.1, 125.1, 1.103
[17:36:17] 137.4, 125.1, 1.111
[17:36:18] 168.9, 125.1, 1.050
[17:36:19] 145.2, 125.1, 1.104
[17:36:20] 136.7, 125.1, 1.109
[17:36:21] 137.0, 125.1, 1.116
[17:36:22] 137.5, 125.1, 1.113
[17:36:23] 169.6, 125.2, 1.043
[17:36:24] 145.9, 125.2, 1.106
[17:36:25] 135.8, 125.2, 1.113
[17:36:26] 136.3, 125.2, 1.108
[17:36:27] 136.7, 125.2, 1.106
[17:36:28] 154.1, 125.2, 1.062
[17:36:29] 177.0, 125.2, 1.113
[17:36:30] 135.6, 125.3, 1.110
[17:36:31] 136.1, 125.2, 1.108
[17:36:32] 136.6, 125.2, 1.105
[17:36:33] 137.0, 125.3, 1.094
[17:36:34] 209.4, 125.2, 1.102
[17:36:35] 134.9, 125.2, 1.104
[17:36:36] 135.4, 125.2, 1.111
[17:36:37] 136.0, 125.2, 1.113
[17:36:38] 136.5, 125.0, 2.389
[17:36:39] 244.2, 125.3, 1.038
[17:36:40] 147.2, 125.2, 1.104
[17:36:41] 139.9, 125.2, 1.108
[17:36:42] 139.9, 125.2, 1.103
[17:36:43] 139.9, 125.2, 1.116
[17:36:44] 179.4, 125.0, 2.368
[17:36:45] 283.7, 125.2, 1.104
[17:36:46] 152.1, 125.2, 1.104
[17:36:47] 140.3, 125.2, 1.110
[17:36:48] 140.2, 125.3, 1.111
[17:36:49] 140.2, 125.2, 1.109
[17:36:50] 176.3, 125.1, 2.365
[17:36:51] 294.2, 125.1, 2.427
[17:36:52] 294.2, 125.2, 1.103
[17:36:53] 155.1, 125.2, 1.105
[17:36:54] 139.8, 125.2, 1.107
[17:36:55] 139.8, 125.2, 1.112
[17:36:56] 139.9, 125.2, 1.105
[17:36:57] 172.5, 125.0, 2.370
[17:36:58] 294.7, 125.0, 2.427
[17:36:59] 301.0, 125.0, 2.428
[17:37:00] 301.5, 125.0, 2.430
[17:37:01] 301.6, 125.2, 1.110
[17:37:02] 155.7, 125.2, 1.109
[17:37:03] 139.9, 125.2, 1.109
[17:37:04] 139.8, 125.3, 1.112
[17:37:05] 139.9, 125.2, 1.108
[17:37:06] 160.0, 125.1, 2.367
[17:37:07] 300.0, 125.1, 2.431
[17:37:08] 300.0, 125.0, 2.430
[17:37:09] 305.2, 125.0, 2.435
[17:37:10] 305.2, 124.9, 2.435
[17:37:11] 305.2, 124.9, 2.437
[17:37:12] 305.3, 125.0, 2.438
[17:37:13] 305.3, 124.9, 2.437
[17:37:14] 305.4, 125.1, 1.115
[17:37:15] 164.0, 125.1, 1.111
[17:37:16] 140.1, 125.1, 1.107
[17:37:17] 140.0, 125.1, 1.116
[17:37:18] 140.1, 125.1, 1.115
[17:37:19] 140.1, 124.9, 2.369
[17:37:20] 302.9, 124.9, 2.443
[17:37:21] 302.6, 124.9, 2.435
[17:37:22] 302.9, 124.9, 2.434
[17:37:23] 303.2, 124.9, 2.435
[17:37:24] 303.5, 125.0, 2.435
[17:37:25] 303.8, 125.0, 2.438
[17:37:26] 304.0, 125.0, 2.436
[17:37:27] 304.3, 125.0, 2.438
[17:37:28] 304.3, 125.0, 2.438
[17:37:29] 304.6, 125.0, 2.436
[17:37:30] 304.7, 125.0, 2.435
[17:37:31] 304.8, 125.1, 2.436
[17:37:32] 305.0, 125.1, 2.437
[17:37:33] 305.1, 125.0, 2.438
[17:37:34] 305.2, 125.0, 2.439
[17:37:35] 305.3, 125.2, 1.119
[17:37:36] 186.3, 125.2, 1.115
[17:37:37] 140.5, 125.2, 1.119
[17:37:38] 140.5, 125.2, 1.111
