<<<[01:19:16] 140.7, 126.8, 1.107
[01:19:17] 140.8, 126.7, 1.116
[01:19:18] 141.0, 126.7, 1.130
[01:19:19] 141.4, 126.7, 1.158
[01:19:20] 147.4, 126.7, 1.263
[01:19:21] 160.4, 126.7, 1.261
[01:19:22] 160.2, 126.7, 1.264
[01:19:23] 160.2, 126.7, 1.262
[01:19:24] 160.4, 126.7, 1.255
[01:19:25] 160.4, 126.7, 1.230
[01:19:26] 160.3, 126.7, 1.233
[01:19:27] 160.0, 126.7, 1.243
[01:19:28] 159.9, 126.7, 1.234
[01:19:29] 159.7, 126.7, 1.253
[01:19:30] 159.8, 126.7, 1.174
[01:19:31] 151.9, 126.7, 1.173
[01:19:32] 151.6, 126.7, 1.175
[01:19:33] 151.4, 126.7, 1.162
[01:19:34] 151.0, 126.6, 1.171
[01:19:35] 150.7, 126.6, 1.451
[01:19:36] 169.4, 126.7, 1.093
[01:19:37] 140.1, 126.7, 1.094
[01:19:38] 140.0, 126.7, 1.100
[01:19:39] 140.0, 126.7, 1.094
[01:19:40] 140.0, 126.7, 1.451
[01:19:41] 167.1, 126.7, 1.093
[01:19:42] 140.3, 126.7, 1.099
[01:19:43] 140.2, 126.7, 1.095
[01:19:44] 140.2, 126.7, 1.097
[01:19:45] 140.1, 126.7, 1.425
[01:19:46] 177.6, 126.7, 1.035
[01:19:47] 132.7, 126.7, 1.096
[01:19:48] 139.9, 126.7, 1.094
[01:19:49] 139.8, 126.7, 1.088
[01:19:50] 139.8, 126.7, 1.419
[01:19:51] 178.0, 126.7, 1.029
[01:19:52] 132.5, 126.7, 1.096
[01:19:53] 139.9, 126.7, 1.098
[01:19:54] 139.8, 126.7, 1.099
[01:19:55] 139.8, 126.7, 1.424
[01:19:56] 180.1, 126.7, 1.033
[01:19:57] 131.8, 126.7, 1.094
[01:19:58] 139.6, 126.7, 1.101
[01:19:59] 139.6, 126.7, 1.093
[01:20:00] 139.6, 126.7, 1.967
[01:20:01] 197.5, 126.7, 1.029
[01:20:02] 130.9, 126.7, 1.098
[01:20:03] 139.2, 126.6, 1.097
[01:20:04] 139.2, 126.7, 1.093
[01:20:05] 139.3, 126.5, 3.348
[01:20:06] 198.2, 126.7, 1.052
[01:20:07] 163.8, 126.7, 1.094
[01:20:08] 137.6, 126.7, 1.090
[01:20:09] 137.8, 126.7, 1.091
[01:20:10] 138.0, 126.7, 1.094
[01:20:11] 138.2, 126.5, 2.252
[01:20:12] 279.3, 126.7, 1.093
[01:20:13] 145.6, 126.8, 1.089
[01:20:14] 139.6, 126.7, 1.092
[01:20:15] 139.6, 126.7, 1.091
[01:20:16] 139.6, 126.4, 3.085
[01:20:17] 188.5, 126.6, 2.325
[01:20:18] 292.9, 126.7, 1.054
[01:20:19] 198.4, 126.7, 1.097
[01:20:20] 139.9, 126.7, 1.097
[01:20:21] 139.8, 126.7, 1.096
[01:20:22] 139.8, 126.7, 1.093
[01:20:23] 139.8, 126.5, 2.346
[01:20:24] 272.8, 126.5, 2.327
[01:20:25] 297.2, 126.5, 2.390
[01:20:26] 303.6, 126.7, 1.118
[01:20:27] 176.0, 126.6, 1.097
[01:20:28] 140.3, 126.6, 1.096
[01:20:29] 140.2, 126.6, 1.093
[01:20:30] 140.1, 126.6, 1.098
[01:20:31] 140.1, 126.5, 2.324
[01:20:32] 293.1, 126.4, 2.379
[01:20:33] 298.3, 126.5, 2.389
[01:20:34] 298.9, 126.4, 2.384
[01:20:35] 299.4, 126.5, 2.389
[01:20:36] 300.0, 126.5, 2.387
[01:20:37] 291.8, 126.7, 1.091
[01:20:38] 150.3, 126.7, 1.097
[01:20:39] 140.1, 126.7, 1.097
[01:20:40] 140.0, 126.7, 1.092
[01:20:41] 140.0, 126.7, 1.096
[01:20:42] 179.2, 126.5, 2.327
[01:20:43] 293.1, 126.5, 2.385
[01:20:44] 300.3, 126.5, 2.389
[01:20:45] 300.7, 126.5, 2.390
[01:20:46] 301.1, 126.5, 2.391
[01:20:47] 301.4, 126.5, 2.392
[01:20:48] 301.7, 126.5, 2.393
[01:20:49] 302.0, 126.5, 2.394
[01:20:50] 302.3, 126.5, 2.395
[01:20:51] 302.6, 126.5, 2.394
[01:20:52] 302.8, 126.5, 2.398
[01:20:53] 303.0, 126.7, 1.124
[01:20:54] 200.9, 126.6, 1.094
[01:20:55] 143.4, 126.6, 1.094
[01:20:56] 142.9, 126.6, 1.098
