<<<[08:37:24] 142.9, 125.6, 1.110
[08:37:25] 142.6, 125.7, 1.104
[08:37:26] 142.4, 125.7, 1.118
[08:37:27] 142.3, 125.6, 1.217
[08:37:28] 157.3, 125.6, 1.274
[08:37:29] 157.7, 125.6, 1.249
[08:37:30] 157.9, 125.6, 1.254
[08:37:31] 158.0, 125.6, 1.244
[08:37:32] 158.1, 125.6, 1.137
[08:37:33] 145.0, 125.6, 1.139
[08:37:34] 144.8, 125.6, 1.126
[08:37:35] 144.5, 125.6, 1.115
[08:37:36] 144.1, 125.7, 1.111
[08:37:37] 143.7, 125.6, 1.161
[08:37:38] 170.0, 125.7, 1.134
[08:37:39] 142.1, 125.7, 1.112
[08:37:40] 142.0, 125.7, 1.111
[08:37:41] 141.9, 125.7, 1.119
[08:37:42] 141.9, 125.7, 1.159
[08:37:43] 168.7, 125.7, 1.107
[08:37:44] 141.8, 125.7, 1.110
[08:37:45] 141.7, 125.7, 1.120
[08:37:46] 141.8, 125.7, 1.114
[08:37:47] 141.8, 125.7, 1.058
[08:37:48] 176.9, 125.7, 1.128
[08:37:49] 136.0, 125.6, 1.117
[08:37:50] 141.6, 125.6, 1.117
[08:37:51] 141.6, 125.6, 1.125
[08:37:52] 141.6, 125.7, 1.056
[08:37:53] 176.9, 125.6, 1.118
[08:37:54] 136.0, 125.6, 1.120
[08:37:55] 141.2, 125.6, 1.118
[08:37:56] 141.2, 125.6, 1.118
[08:37:57] 141.3, 125.6, 1.062
[08:37:58] 176.7, 125.6, 1.111
[08:37:59] 136.5, 125.6, 1.116
[08:38:00] 137.0, 125.6, 1.122
[08:38:01] 137.6, 125.6, 1.128
[08:38:02] 138.2, 125.6, 1.116
[08:38:03] 188.8, 125.6, 1.074
[08:38:04] 136.1, 125.6, 1.109
[08:38:05] 136.7, 125.6, 1.116
[08:38:06] 137.3, 125.6, 1.132
[08:38:07] 137.9, 125.6, 1.627
[08:38:08] 204.4, 125.6, 1.065
[08:38:09] 132.7, 125.6, 1.108
[08:38:10] 141.6, 125.6, 1.121
[08:38:11] 141.5, 125.6, 1.115
[08:38:12] 141.5, 125.5, 2.719
[08:38:13] 198.8, 125.6, 1.048
[08:38:14] 179.6, 125.6, 1.123
[08:38:15] 139.4, 125.6, 1.106
[08:38:16] 139.6, 125.6, 1.111
[08:38:17] 139.8, 125.7, 1.132
[08:38:18] 140.1, 125.5, 2.082
[08:38:19] 248.5, 125.7, 1.139
[08:38:20] 202.9, 125.6, 1.130
[08:38:21] 141.4, 125.6, 1.118
[08:38:22] 141.4, 125.6, 1.112
[08:38:23] 141.4, 125.7, 1.112
[08:38:24] 141.4, 125.6, 2.055
[08:38:25] 228.5, 125.5, 2.055
[08:38:26] 260.0, 125.6, 1.884
[08:38:27] 251.8, 125.6, 1.110
[08:38:28] 146.8, 125.7, 1.114
[08:38:29] 141.4, 125.7, 1.114
[08:38:30] 141.4, 125.7, 1.119
[08:38:31] 141.4, 125.5, 3.302
[08:38:32] 188.6, 125.5, 2.059
[08:38:33] 259.6, 125.6, 2.123
[08:38:34] 265.7, 125.5, 2.124
[08:38:35] 265.9, 125.5, 2.127
[08:38:36] 266.2, 125.7, 1.203
[08:38:37] 210.4, 125.6, 1.126
[08:38:38] 142.7, 125.6, 1.121
[08:38:39] 142.5, 125.6, 1.120
[08:38:40] 142.4, 125.6, 1.116
[08:38:41] 142.4, 125.5, 2.064
[08:38:42] 226.8, 125.4, 2.061
[08:38:43] 260.3, 125.4, 2.124
[08:38:44] 268.1, 125.4, 2.126
[08:38:45] 268.1, 125.4, 2.130
[08:38:46] 268.1, 125.4, 2.120
[08:38:47] 268.1, 125.4, 2.133
[08:38:48] 268.1, 125.5, 2.132
[08:38:49] 268.1, 125.5, 2.131
[08:38:50] 268.1, 125.4, 1.981
[08:38:51] 254.0, 125.7, 1.109
[08:38:52] 147.5, 125.6, 1.114
[08:38:53] 141.8, 125.6, 1.119
[08:38:54] 141.8, 125.6, 1.123
[08:38:55] 141.7, 125.4, 3.519
[08:38:56] 188.3, 125.5, 2.061
[08:38:57] 258.9, 125.5, 2.131
[08:38:58] 265.0, 125.5, 2.128
[08:38:59] 265.4, 125.6, 2.130
[08:39:00] 265.8, 125.5, 2.127
[08:39:01] 266.1, 125.5, 2.132
[08:39:02] 266.4, 125.5, 2.129
[08:39:03] 266.6, 125.5, 2.134
[08:39:04] 266.9, 125.5, 2.132
[08:39:05] 267.1, 125.5, 2.132
[08:39:06] 267.3, 125.5, 2.122
[08:39:07] 267.5, 125.5, 2.133
[08:39:08] 267.6, 125.4, 2.133
[08:39:09] 267.8, 125.4, 2.136
[08:39:10] 268.0, 125.4, 2.137
[08:39:11] 268.1, 125.4, 2.137
[08:39:12] 268.2, 125.4, 2.136
[08:39:13] 268.4, 125.4, 2.140
[08:39:14] 268.5, 125.5, 1.144
[08:39:15] 200.8, 125.5, 1.112
[08:39:16] 142.5, 125.5, 1.131
[08:39:17] 142.4, 125.6, 1.118
[08:39:18] 142.5, 125.6, 1.130
