<<<[00:30:56] 144.9, 126.4, 1.117
[00:30:57] 144.6, 126.4, 1.121
[00:30:58] 144.4, 126.4, 1.121
[00:30:59] 144.4, 126.4, 1.265
[00:31:00] 157.7, 126.3, 1.271
[00:31:01] 158.2, 126.3, 1.264
[00:31:02] 158.5, 126.3, 1.236
[00:31:03] 158.5, 126.3, 1.265
[00:31:04] 158.9, 126.4, 1.213
[00:31:05] 158.8, 126.3, 1.271
[00:31:06] 159.0, 126.3, 1.264
[00:31:07] 159.0, 126.3, 1.267
[00:31:08] 159.2, 126.3, 1.267
[00:31:09] 159.4, 126.3, 1.266
[00:31:10] 159.5, 126.3, 1.263
[00:31:11] 159.7, 126.3, 1.253
[00:31:12] 159.7, 126.3, 1.269
[00:31:13] 159.7, 126.3, 1.259
[00:31:14] 159.7, 126.3, 1.266
[00:31:15] 159.9, 126.3, 1.266
[00:31:16] 160.0, 126.3, 1.218
[00:31:17] 159.7, 126.3, 1.269
[00:31:18] 159.6, 126.3, 1.268
[00:31:19] 159.8, 126.3, 1.266
[00:31:20] 160.0, 126.3, 1.264
[00:31:21] 160.1, 126.3, 1.266
[00:31:22] 160.1, 126.2, 1.269
[00:31:23] 160.2, 126.4, 1.221
[00:31:24] 160.2, 126.3, 1.258
[00:31:25] 160.2, 126.3, 1.297
[00:31:26] 160.3, 126.3, 1.246
[00:31:27] 160.2, 126.3, 1.238
[00:31:28] 160.0, 126.3, 1.253
[00:31:29] 160.0, 126.3, 1.244
[00:31:30] 159.9, 126.3, 1.300
[00:31:31] 160.1, 126.3, 1.243
[00:31:32] 159.9, 126.3, 1.242
[00:31:33] 159.8, 126.3, 1.239
[00:31:34] 159.8, 126.3, 1.240
[00:31:35] 159.7, 126.3, 1.321
[00:31:36] 160.0, 126.3, 1.250
[00:31:37] 160.2, 126.3, 1.283
[00:31:38] 160.0, 126.4, 1.239
[00:31:39] 159.8, 126.3, 1.236
[00:31:40] 159.8, 126.3, 1.247
[00:31:41] 159.6, 126.4, 1.238
[00:31:42] 159.5, 126.3, 1.242
[00:31:43] 159.7, 126.3, 1.275
[00:31:44] 159.5, 126.3, 1.242
[00:31:45] 159.3, 126.3, 1.237
[00:31:46] 159.4, 126.3, 1.230
[00:31:47] 159.3, 126.3, 1.238
[00:31:48] 159.3, 126.3, 1.288
[00:31:49] 165.1, 126.3, 1.265
[00:31:50] 164.5, 126.2, 1.249
[00:31:51] 159.1, 126.2, 1.249
[00:31:52] 159.0, 126.3, 1.170
[00:31:53] 148.3, 126.2, 1.171
[00:31:54] 148.3, 126.3, 1.168
[00:31:55] 148.3, 126.3, 1.144
[00:31:56] 148.1, 126.3, 1.171
[00:31:57] 154.6, 126.3, 1.057
[00:31:58] 170.0, 126.3, 1.103
[00:31:59] 135.6, 126.4, 1.095
[00:32:00] 136.1, 126.4, 1.096
[00:32:01] 136.6, 126.4, 1.096
[00:32:02] 137.1, 126.3, 1.061
[00:32:03] 177.8, 126.3, 1.103
[00:32:04] 135.4, 126.3, 1.099
[00:32:05] 135.9, 126.3, 1.101
[00:32:06] 136.5, 126.2, 1.092
[00:32:07] 137.0, 126.3, 0.977
[00:32:08] 191.9, 126.3, 1.103
[00:32:09] 135.1, 126.3, 1.105
[00:32:10] 135.7, 126.3, 1.102
[00:32:11] 136.2, 126.3, 1.103
[00:32:12] 136.7, 126.3, 1.544
[00:32:13] 209.1, 126.3, 1.062
[00:32:14] 134.9, 126.3, 1.099
[00:32:15] 135.5, 126.3, 1.101
[00:32:16] 136.1, 126.3, 1.104
[00:32:17] 136.6, 126.2, 2.239
[00:32:18] 233.0, 126.4, 1.030
[00:32:19] 141.9, 126.3, 1.098
[00:32:20] 141.6, 126.3, 1.097
[00:32:21] 141.4, 126.3, 1.097
[00:32:22] 141.2, 126.3, 1.102
[00:32:23] 171.4, 126.2, 2.268
[00:32:24] 272.1, 126.3, 1.091
[00:32:25] 147.9, 126.3, 1.102
[00:32:26] 140.3, 126.3, 1.094
[00:32:27] 140.2, 126.3, 1.095
[00:32:28] 140.2, 126.3, 1.099
[00:32:29] 180.8, 126.2, 2.268
[00:32:30] 284.2, 126.3, 1.969
[00:32:31] 267.4, 126.3, 1.096
[00:32:32] 140.7, 126.3, 1.099
[00:32:33] 140.6, 126.3, 1.100
[00:32:34] 140.6, 126.3, 1.101
[00:32:35] 140.5, 126.0, 3.530
[00:32:36] 195.3, 126.1, 2.264
[00:32:37] 286.7, 126.1, 2.328
[00:32:38] 292.7, 126.1, 2.327
[00:32:39] 292.9, 126.3, 1.581
[00:32:40] 237.5, 126.3, 1.100
[00:32:41] 140.3, 126.3, 1.100
[00:32:42] 140.3, 126.3, 1.098
[00:32:43] 140.3, 126.3, 1.093
[00:32:44] 140.2, 126.1, 2.243
[00:32:45] 229.5, 126.2, 2.266
[00:32:46] 287.6, 126.2, 2.330
[00:32:47] 294.2, 126.1, 2.328
[00:32:48] 294.3, 126.2, 2.329
[00:32:49] 294.4, 126.1, 2.331
[00:32:50] 294.5, 126.2, 2.331
[00:32:51] 294.6, 126.2, 2.332
[00:32:52] 294.7, 126.3, 1.126
[00:32:53] 169.6, 126.3, 1.102
[00:32:54] 140.7, 126.3, 1.096
[00:32:55] 140.6, 126.3, 1.098
[00:32:56] 140.6, 126.3, 1.102
[00:32:57] 140.5, 126.2, 2.266
[00:32:58] 299.1, 126.1, 2.333
[00:32:59] 290.2, 126.2, 2.332
[00:33:00] 295.3, 126.2, 2.333
[00:33:01] 295.3, 126.1, 2.335
[00:33:02] 295.3, 126.2, 2.334
[00:33:03] 295.4, 126.3, 2.333
[00:33:04] 295.4, 126.2, 2.335
[00:33:05] 295.5, 126.2, 2.334
[00:33:06] 295.6, 126.2, 2.336
[00:33:07] 295.7, 126.2, 2.337
[00:33:08] 295.7, 126.2, 2.337
[00:33:09] 295.8, 126.2, 2.336
[00:33:10] 295.8, 126.2, 2.337
[00:33:11] 295.8, 126.2, 2.334
[00:33:12] 295.8, 126.4, 1.104
[00:33:13] 151.9, 126.4, 1.102
[00:33:14] 141.0, 126.4, 1.102
[00:33:15] 140.9, 126.4, 1.101
[00:33:16] 140.8, 126.4, 1.098
