<<<[06:17:52] 142.1, 126.2, 1.106
[06:17:53] 142.0, 126.1, 1.115
[06:17:54] 141.9, 126.2, 1.104
[06:17:55] 141.8, 126.2, 1.244
[06:17:56] 147.9, 126.2, 1.103
[06:17:57] 142.8, 126.2, 1.113
[06:17:58] 142.6, 126.2, 1.116
[06:17:59] 142.5, 126.1, 1.115
[06:18:00] 142.4, 126.2, 1.118
[06:18:01] 142.5, 126.2, 1.100
[06:18:02] 170.0, 126.2, 1.104
[06:18:03] 141.0, 126.2, 1.114
[06:18:04] 141.0, 126.2, 1.107
[06:18:05] 140.9, 126.1, 1.112
[06:18:06] 141.0, 126.1, 1.097
[06:18:07] 169.1, 126.1, 1.122
[06:18:08] 142.3, 126.1, 1.121
[06:18:09] 142.2, 126.1, 1.110
[06:18:10] 142.2, 126.1, 1.104
[06:18:11] 142.0, 126.1, 1.085
[06:18:12] 168.7, 126.1, 1.102
[06:18:13] 140.7, 126.2, 1.110
[06:18:14] 140.7, 126.1, 1.101
[06:18:15] 140.6, 126.2, 1.106
[06:18:16] 140.6, 126.2, 1.079
[06:18:17] 167.8, 126.1, 1.105
[06:18:18] 139.8, 126.2, 1.103
[06:18:19] 139.8, 126.1, 1.099
[06:18:20] 139.9, 126.2, 1.104
[06:18:21] 139.9, 126.2, 1.075
[06:18:22] 167.8, 126.2, 1.097
[06:18:23] 140.1, 126.2, 1.107
[06:18:24] 140.1, 126.1, 1.103
[06:18:25] 140.1, 126.2, 1.104
[06:18:26] 140.1, 126.3, 1.072
[06:18:27] 167.3, 126.2, 1.105
[06:18:28] 139.8, 126.2, 1.102
[06:18:29] 139.8, 126.2, 1.105
[06:18:30] 139.8, 126.2, 1.097
[06:18:31] 139.8, 126.2, 1.073
[06:18:32] 167.1, 126.2, 1.091
[06:18:33] 139.8, 126.2, 1.103
[06:18:34] 139.8, 126.1, 1.100
[06:18:35] 139.8, 126.2, 1.103
[06:18:36] 139.9, 126.2, 1.076
[06:18:37] 166.4, 126.2, 1.100
[06:18:38] 139.8, 126.2, 1.095
[06:18:39] 139.7, 126.2, 1.095
[06:18:40] 139.7, 126.2, 1.095
[06:18:41] 139.7, 126.1, 1.008
[06:18:42] 174.7, 126.2, 1.061
[06:18:43] 134.0, 126.1, 1.098
[06:18:44] 139.6, 126.1, 1.097
[06:18:45] 139.5, 126.1, 1.092
[06:18:46] 139.5, 126.1, 1.017
[06:18:47] 173.8, 126.1, 1.039
[06:18:48] 133.1, 126.1, 1.088
[06:18:49] 139.2, 126.1, 1.098
[06:18:50] 139.2, 126.1, 1.099
[06:18:51] 139.3, 126.1, 1.374
[06:18:52] 183.7, 126.1, 1.037
[06:18:53] 133.6, 126.1, 1.102
[06:18:54] 139.9, 126.1, 1.093
[06:18:55] 139.8, 126.1, 1.093
[06:18:56] 139.8, 126.1, 1.786
[06:18:57] 199.0, 126.2, 1.032
[06:18:58] 140.5, 126.2, 1.095
[06:18:59] 140.3, 126.2, 1.101
[06:19:00] 140.2, 126.2, 1.093
[06:19:01] 140.2, 126.0, 2.981
[06:19:02] 178.1, 126.1, 1.340
[06:19:03] 194.2, 126.1, 1.095
[06:19:04] 137.6, 126.2, 1.088
[06:19:05] 137.8, 126.2, 1.102
[06:19:06] 138.0, 126.2, 1.106
[06:19:07] 138.2, 126.1, 1.836
[06:19:08] 210.2, 126.1, 1.679
[06:19:09] 222.1, 126.2, 1.100
[06:19:10] 137.6, 126.2, 1.086
[06:19:11] 137.8, 126.1, 1.106
[06:19:12] 138.0, 126.2, 1.095
[06:19:13] 138.3, 126.0, 3.299
[06:19:14] 183.0, 126.1, 1.857
[06:19:15] 234.8, 126.1, 1.919
[06:19:16] 241.3, 126.2, 1.078
[06:19:17] 186.5, 126.2, 1.098
[06:19:18] 139.8, 126.2, 1.106
[06:19:19] 139.8, 126.2, 1.095
[06:19:20] 139.7, 126.2, 1.096
[06:19:21] 139.7, 126.1, 1.892
[06:19:22] 223.0, 126.1, 1.858
[06:19:23] 236.4, 126.0, 1.922
[06:19:24] 243.8, 126.1, 1.920
[06:19:25] 243.7, 126.0, 1.924
[06:19:26] 243.7, 126.1, 1.373
[06:19:27] 204.7, 126.1, 1.088
[06:19:28] 140.1, 126.2, 1.096
[06:19:29] 140.0, 126.1, 1.093
[06:19:30] 140.0, 126.2, 1.099
[06:19:31] 140.0, 126.1, 1.841
[06:19:32] 207.8, 126.1, 1.858
[06:19:33] 235.5, 126.0, 1.920
[06:19:34] 243.8, 126.1, 1.919
[06:19:35] 243.7, 126.0, 1.922
[06:19:36] 243.7, 125.9, 1.923
[06:19:37] 243.8, 126.1, 1.924
[06:19:38] 243.7, 126.0, 1.921
[06:19:39] 243.8, 126.1, 1.922
[06:19:40] 243.7, 126.1, 1.920
[06:19:41] 243.7, 126.1, 1.770
[06:19:42] 220.9, 126.2, 1.102
[06:19:43] 141.4, 126.2, 1.107
[06:19:44] 141.2, 126.1, 1.095
[06:19:45] 141.0, 126.1, 1.109
<<<[06:21:46] 141.9, 126.1, 1.107
[06:21:47] 141.8, 126.1, 1.109
[06:21:48] 141.8, 126.1, 1.117
[06:21:49] 141.8, 126.1, 1.117
[06:21:50] 141.9, 126.2, 1.109
[06:21:51] 141.9, 126.2, 1.119
[06:21:52] 141.9, 126.2, 1.123
[06:21:53] 141.9, 126.2, 1.137
