<<<[03:04:23] 141.9, 126.6, 1.101
[03:04:24] 141.8, 126.6, 1.108
[03:04:25] 141.7, 126.6, 1.114
[03:04:26] 141.8, 126.6, 1.242
[03:04:27] 160.2, 126.5, 1.264
[03:04:28] 160.2, 126.6, 1.258
[03:04:29] 160.3, 126.6, 1.267
[03:04:30] 160.6, 126.6, 1.267
[03:04:31] 160.7, 126.5, 1.267
[03:04:32] 160.6, 126.6, 1.269
[03:04:33] 160.6, 126.6, 1.270
[03:04:34] 160.7, 126.6, 1.267
[03:04:35] 160.9, 126.6, 1.241
[03:04:36] 160.5, 126.6, 1.247
[03:04:37] 160.3, 126.6, 1.251
[03:04:38] 160.1, 126.7, 1.239
[03:04:39] 160.0, 126.6, 1.239
[03:04:40] 159.9, 126.6, 1.285
[03:04:41] 160.0, 126.6, 1.239
[03:04:42] 159.8, 126.6, 1.237
[03:04:43] 159.6, 126.6, 1.238
[03:04:44] 159.6, 126.6, 1.231
[03:04:45] 159.5, 126.6, 1.249
[03:04:46] 159.6, 126.6, 1.240
[03:04:47] 159.9, 126.7, 1.126
[03:04:48] 150.1, 126.7, 1.107
[03:04:49] 141.8, 126.7, 1.108
[03:04:50] 141.8, 126.7, 1.088
[03:04:51] 141.6, 126.7, 1.088
[03:04:52] 141.3, 126.6, 1.539
[03:04:53] 178.3, 126.7, 1.041
[03:04:54] 132.7, 126.7, 1.094
[03:04:55] 140.5, 126.7, 1.100
[03:04:56] 140.5, 126.7, 1.095
[03:04:57] 140.4, 126.6, 1.529
[03:04:58] 178.0, 126.7, 1.034
[03:04:59] 132.5, 126.7, 1.093
[03:05:00] 140.5, 126.7, 1.095
[03:05:01] 140.4, 126.7, 1.108
[03:05:02] 140.4, 126.6, 1.523
[03:05:03] 180.3, 126.5, 1.036
[03:05:04] 132.0, 126.6, 1.096
[03:05:05] 139.9, 126.5, 1.096
[03:05:06] 139.9, 126.5, 1.104
[03:05:07] 140.0, 126.4, 1.664
[03:05:08] 195.3, 126.5, 1.034
[03:05:09] 132.5, 126.5, 1.039
[03:05:10] 139.4, 126.5, 1.102
[03:05:11] 139.5, 126.6, 1.103
[03:05:12] 139.6, 126.4, 2.671
[03:05:13] 198.8, 126.6, 1.034
[03:05:14] 146.5, 126.6, 1.098
[03:05:15] 139.0, 126.6, 1.095
[03:05:16] 139.1, 126.6, 1.103
[03:05:17] 139.2, 126.3, 2.734
[03:05:18] 188.3, 126.6, 0.985
[03:05:19] 188.8, 126.6, 1.091
[03:05:20] 137.0, 126.6, 1.093
[03:05:21] 137.4, 126.6, 1.095
[03:05:22] 137.7, 126.6, 1.094
[03:05:23] 138.0, 126.4, 2.404
[03:05:24] 284.0, 126.6, 1.090
[03:05:25] 163.1, 126.6, 1.091
[03:05:26] 140.3, 126.5, 1.093
[03:05:27] 140.3, 126.6, 1.102
[03:05:28] 140.3, 126.6, 1.086
[03:05:29] 140.2, 126.4, 2.397
[03:05:30] 316.8, 126.5, 1.643
[03:05:31] 268.6, 126.6, 1.104
[03:05:32] 141.2, 126.6, 1.101
[03:05:33] 141.0, 126.6, 1.092
[03:05:34] 141.0, 126.6, 1.093
[03:05:35] 140.9, 126.5, 2.762
[03:05:36] 214.5, 126.4, 2.396
[03:05:37] 304.8, 126.5, 2.457
[03:05:38] 311.0, 126.5, 2.459
[03:05:39] 297.4, 126.6, 1.087
[03:05:40] 153.3, 126.6, 1.095
[03:05:41] 140.3, 126.6, 1.093
[03:05:42] 140.3, 126.6, 1.098
[03:05:43] 140.3, 126.6, 1.098
[03:05:44] 183.6, 126.5, 2.401
[03:05:45] 301.8, 126.4, 2.457
[03:05:46] 309.2, 126.4, 2.458
[03:05:47] 309.5, 126.4, 2.462
[03:05:48] 309.9, 126.4, 2.462
[03:05:49] 310.2, 126.4, 2.461
[03:05:50] 310.5, 126.6, 1.072
[03:05:51] 211.3, 126.6, 1.097
[03:05:52] 140.5, 126.6, 1.103
[03:05:53] 140.5, 126.6, 1.097
[03:05:54] 140.5, 126.6, 1.099
[03:05:55] 140.5, 126.4, 2.435
[03:05:56] 273.7, 126.4, 2.391
[03:05:57] 304.8, 126.4, 2.460
[03:05:58] 312.4, 126.4, 2.460
[03:05:59] 312.3, 126.4, 2.462
[03:06:00] 312.4, 126.4, 2.463
[03:06:01] 312.4, 126.5, 2.473
[03:06:02] 312.4, 126.4, 2.463
[03:06:03] 312.4, 126.4, 2.469
[03:06:04] 312.5, 126.4, 2.461
[03:06:05] 312.6, 126.5, 2.464
[03:06:06] 312.6, 126.4, 2.467
[03:06:07] 312.7, 126.5, 2.467
[03:06:08] 312.7, 126.6, 1.092
[03:06:09] 171.4, 126.6, 1.105
[03:06:10] 140.7, 126.7, 1.095
[03:06:11] 140.7, 126.6, 1.090
[03:06:12] 140.7, 126.6, 1.101
