<<<[20:18:55] 139.3, 125.7, 1.110
[20:18:56] 139.6, 125.8, 1.134
[20:18:57] 140.0, 125.8, 1.137
[20:18:58] 140.5, 125.8, 1.269
[20:18:59] 156.8, 125.8, 1.257
[20:19:00] 157.1, 125.8, 1.242
[20:19:01] 157.4, 125.9, 1.164
[20:19:02] 147.0, 125.8, 1.172
[20:19:03] 147.2, 125.8, 1.173
[20:19:04] 147.4, 125.9, 1.176
[20:19:05] 147.6, 125.8, 1.182
[20:19:06] 147.9, 125.8, 1.106
[20:19:07] 168.9, 125.8, 1.107
[20:19:08] 140.3, 125.8, 1.105
[20:19:09] 140.3, 125.8, 1.113
[20:19:10] 140.3, 125.9, 1.110
[20:19:11] 140.4, 125.9, 1.111
[20:19:12] 166.7, 125.9, 1.107
[20:19:13] 139.9, 125.9, 1.104
[20:19:14] 139.9, 125.9, 1.102
[20:19:15] 139.9, 125.9, 1.101
[20:19:16] 139.9, 125.9, 1.105
[20:19:17] 166.5, 125.9, 1.109
[20:19:18] 139.9, 125.9, 1.098
[20:19:19] 139.9, 125.9, 1.101
[20:19:20] 139.9, 125.9, 1.104
[20:19:21] 139.9, 125.9, 1.097
[20:19:22] 166.4, 125.9, 1.099
[20:19:23] 139.9, 125.8, 1.105
[20:19:24] 139.9, 125.8, 1.103
[20:19:25] 139.9, 125.9, 1.103
[20:19:26] 139.9, 125.8, 1.109
[20:19:27] 166.4, 125.9, 1.098
[20:19:28] 139.6, 125.9, 1.112
[20:19:29] 139.7, 125.9, 1.107
[20:19:30] 139.7, 125.9, 1.102
[20:19:31] 139.7, 125.8, 1.026
[20:19:32] 174.7, 125.9, 1.067
[20:19:33] 134.1, 125.9, 1.102
[20:19:34] 139.6, 125.9, 1.099
[20:19:35] 139.6, 125.9, 1.104
[20:19:36] 139.7, 125.8, 1.030
[20:19:37] 174.2, 125.9, 1.065
[20:19:38] 133.8, 125.9, 1.097
[20:19:39] 139.8, 125.9, 1.099
[20:19:40] 139.7, 125.8, 1.101
[20:19:41] 139.7, 125.8, 1.042
[20:19:42] 174.3, 125.9, 1.045
[20:19:43] 133.6, 125.9, 1.097
[20:19:44] 139.6, 125.9, 1.099
[20:19:45] 139.6, 125.8, 1.098
[20:19:46] 139.6, 125.8, 1.292
[20:19:47] 186.5, 125.8, 1.036
[20:19:48] 133.1, 125.8, 1.107
[20:19:49] 139.8, 125.8, 1.099
[20:19:50] 139.8, 125.8, 1.101
[20:19:51] 139.7, 125.7, 1.857
[20:19:52] 203.7, 125.8, 1.036
[20:19:53] 140.1, 125.8, 1.106
[20:19:54] 140.0, 125.8, 1.101
[20:19:55] 139.9, 125.8, 1.105
[20:19:56] 139.9, 125.5, 3.400
[20:19:57] 182.3, 125.7, 1.298
[20:19:58] 198.8, 125.7, 1.096
[20:19:59] 137.6, 125.8, 1.101
[20:20:00] 137.8, 125.7, 1.107
[20:20:01] 138.1, 125.7, 1.103
[20:20:02] 138.3, 125.6, 1.988
[20:20:03] 220.9, 125.7, 1.622
[20:20:04] 230.4, 125.7, 1.105
[20:20:05] 137.9, 125.8, 1.103
[20:20:06] 138.1, 125.8, 1.110
[20:20:07] 138.3, 125.8, 1.103
[20:20:08] 138.5, 125.6, 2.998
[20:20:09] 191.5, 125.7, 1.983
[20:20:10] 251.4, 125.7, 2.048
[20:20:11] 256.5, 125.8, 1.076
[20:20:12] 185.4, 125.8, 1.106
[20:20:13] 139.9, 125.8, 1.102
[20:20:14] 139.8, 125.8, 1.098
[20:20:15] 139.8, 125.8, 1.101
[20:20:16] 139.8, 125.7, 1.995
[20:20:17] 244.0, 125.7, 2.010
[20:20:18] 252.5, 125.7, 2.048
[20:20:19] 258.7, 125.7, 2.047
[20:20:20] 258.6, 125.8, 2.044
[20:20:21] 258.6, 125.9, 1.077
[20:20:22] 189.2, 125.9, 1.103
[20:20:23] 139.6, 125.9, 1.102
[20:20:24] 139.6, 125.9, 1.102
[20:20:25] 139.6, 125.9, 1.097
[20:20:26] 139.7, 125.8, 2.016
[20:20:27] 238.2, 125.7, 1.985
[20:20:28] 252.4, 125.8, 2.043
[20:20:29] 258.5, 125.7, 2.045
[20:20:30] 258.4, 125.7, 2.046
[20:20:31] 258.4, 125.8, 2.048
[20:20:32] 258.4, 125.8, 2.049
[20:20:33] 258.5, 125.7, 2.050
[20:20:34] 258.5, 125.7, 2.050
[20:20:35] 258.6, 125.7, 2.051
[20:20:36] 258.7, 125.8, 1.139
[20:20:37] 183.7, 125.8, 1.102
[20:20:38] 140.5, 125.8, 1.101
[20:20:39] 140.4, 125.8, 1.099
[20:20:40] 140.3, 125.8, 1.103
