<<<[05:07:01] 140.2, 126.1, 1.110
[05:07:02] 140.3, 126.1, 1.113
[05:07:03] 140.4, 126.1, 1.113
[05:07:04] 140.5, 126.1, 1.182
[05:07:05] 141.1, 126.1, 1.231
[05:07:06] 158.8, 126.0, 1.274
[05:07:07] 159.1, 126.1, 1.256
[05:07:08] 159.1, 126.1, 1.239
[05:07:09] 159.1, 126.1, 1.137
[05:07:10] 150.1, 126.1, 1.138
[05:07:11] 144.1, 126.1, 1.121
[05:07:12] 144.0, 126.2, 1.119
[05:07:13] 143.9, 126.1, 1.112
[05:07:14] 143.6, 126.0, 1.502
[05:07:15] 168.7, 126.1, 1.120
[05:07:16] 142.1, 126.1, 1.121
[05:07:17] 142.1, 126.1, 1.114
[05:07:18] 142.1, 126.1, 1.127
[05:07:19] 142.2, 126.1, 1.486
[05:07:20] 167.8, 126.1, 1.099
[05:07:21] 140.5, 126.1, 1.097
[05:07:22] 140.3, 126.0, 1.103
[05:07:23] 140.3, 126.1, 1.099
[05:07:24] 140.3, 126.1, 1.496
[05:07:25] 166.5, 126.1, 1.102
[05:07:26] 140.5, 126.1, 1.103
[05:07:27] 140.4, 126.1, 1.111
[05:07:28] 140.3, 126.0, 1.103
[05:07:29] 140.3, 126.0, 1.452
[05:07:30] 176.5, 126.1, 1.038
[05:07:31] 132.9, 126.1, 1.098
[05:07:32] 139.9, 126.1, 1.098
[05:07:33] 139.8, 126.1, 1.099
[05:07:34] 139.8, 126.1, 1.463
[05:07:35] 176.3, 126.1, 1.034
[05:07:36] 132.3, 126.1, 1.095
[05:07:37] 139.4, 126.1, 1.100
[05:07:38] 139.4, 126.1, 1.100
[05:07:39] 139.5, 126.0, 1.686
[05:07:40] 190.3, 126.1, 1.036
[05:07:41] 130.5, 126.0, 1.097
[05:07:42] 138.9, 126.1, 1.099
[05:07:43] 139.0, 126.1, 1.095
[05:07:44] 139.1, 126.0, 2.594
[05:07:45] 188.5, 126.1, 1.029
[05:07:46] 142.7, 126.1, 1.099
[05:07:47] 142.1, 126.1, 1.097
[05:07:48] 141.8, 126.1, 1.097
[05:07:49] 141.5, 126.1, 1.098
[05:07:50] 166.0, 126.1, 1.480
[05:07:51] 200.6, 126.1, 1.099
[05:07:52] 136.3, 126.1, 1.094
[05:07:53] 136.6, 126.1, 1.095
[05:07:54] 137.0, 126.1, 1.097
[05:07:55] 137.3, 125.9, 1.882
[05:07:56] 210.7, 126.1, 1.443
[05:07:57] 205.6, 126.1, 1.104
[05:07:58] 139.8, 126.0, 1.099
[05:07:59] 139.8, 126.1, 1.096
[05:08:00] 139.7, 126.1, 1.096
[05:08:01] 139.6, 126.0, 2.023
[05:08:02] 202.2, 126.0, 1.901
[05:08:03] 240.9, 126.0, 1.723
[05:08:04] 234.8, 126.1, 1.101
[05:08:05] 138.7, 126.0, 1.099
[05:08:06] 138.7, 126.0, 1.100
[05:08:07] 138.9, 126.0, 1.099
[05:08:08] 138.9, 125.9, 3.082
[05:08:09] 185.2, 126.0, 1.902
[05:08:10] 240.9, 125.9, 1.965
[05:08:11] 246.6, 125.9, 1.962
[05:08:12] 246.8, 125.9, 1.965
[05:08:13] 247.1, 126.1, 1.120
[05:08:14] 166.2, 126.1, 1.100
[05:08:15] 139.9, 126.0, 1.099
[05:08:16] 139.8, 126.1, 1.097
[05:08:17] 139.8, 126.1, 1.100
[05:08:18] 139.8, 125.9, 1.898
[05:08:19] 254.3, 126.0, 1.972
[05:08:20] 243.8, 125.9, 1.966
[05:08:21] 244.4, 126.0, 1.966
[05:08:22] 244.9, 126.0, 1.963
[05:08:23] 245.4, 126.0, 1.966
[05:08:24] 245.8, 126.0, 1.966
[05:08:25] 246.2, 126.0, 1.967
[05:08:26] 246.6, 126.0, 1.669
[05:08:27] 235.0, 126.1, 1.100
[05:08:28] 139.4, 126.0, 1.096
[05:08:29] 139.4, 126.0, 1.102
[05:08:30] 139.4, 126.1, 1.099
[05:08:31] 139.5, 125.9, 2.913
[05:08:32] 188.5, 125.9, 1.902
[05:08:33] 241.5, 125.9, 1.962
[05:08:34] 246.6, 125.9, 1.968
[05:08:35] 246.9, 125.9, 1.967
[05:08:36] 247.1, 125.9, 1.968
[05:08:37] 247.4, 125.9, 1.966
[05:08:38] 247.6, 125.9, 1.971
[05:08:39] 247.8, 126.0, 1.968
[05:08:40] 248.0, 125.9, 1.969
[05:08:41] 248.1, 126.0, 1.970
[05:08:42] 248.3, 126.0, 1.971
[05:08:43] 248.4, 126.0, 1.970
[05:08:44] 248.6, 126.0, 1.965
[05:08:45] 248.7, 126.0, 1.971
[05:08:46] 248.8, 125.9, 1.972
[05:08:47] 248.9, 125.9, 1.972
[05:08:48] 249.0, 125.9, 1.972
[05:08:49] 249.0, 126.1, 1.105
[05:08:50] 138.7, 126.1, 1.102
[05:08:51] 138.9, 126.1, 1.102
[05:08:52] 139.0, 126.0, 1.103
<<<[05:17:55] 140.0, 126.1, 1.110
[05:17:56] 140.1, 126.1, 1.116
[05:17:57] 140.2, 126.1, 1.121
[05:17:58] 140.5, 126.0, 1.268
[05:17:59] 154.8, 126.0, 1.274
[05:18:00] 161.7, 126.0, 1.266
[05:18:01] 161.4, 126.0, 1.273
[05:18:02] 161.0, 126.0, 1.264
[05:18:03] 160.8, 126.1, 1.138
[05:18:04] 145.4, 126.0, 1.130
[05:18:05] 145.2, 126.0, 1.124
[05:18:06] 145.1, 126.0, 1.114
[05:18:07] 144.8, 126.1, 1.107
[05:18:08] 144.3, 126.0, 1.140
[05:18:09] 169.8, 126.1, 1.126
[05:18:10] 143.9, 126.0, 1.130
[05:18:11] 143.9, 126.0, 1.138
[05:18:12] 143.9, 126.1, 1.138
[05:18:13] 143.9, 126.1, 1.122
[05:18:14] 167.8, 126.1, 1.098
[05:18:15] 139.9, 126.1, 1.096
[05:18:16] 139.9, 126.1, 1.100
[05:18:17] 139.9, 126.1, 1.105
[05:18:18] 140.0, 126.1, 1.116
[05:18:19] 167.1, 126.1, 1.093
[05:18:20] 139.9, 126.1, 1.097
[05:18:21] 139.8, 126.1, 1.100
[05:18:22] 139.9, 126.1, 1.097
[05:18:23] 139.9, 126.0, 1.057
[05:18:24] 174.3, 126.1, 1.040
[05:18:25] 134.7, 126.1, 1.096
[05:18:26] 139.9, 126.0, 1.099
[05:18:27] 139.9, 126.0, 1.099
[05:18:28] 139.8, 125.9, 1.062
[05:18:29] 174.2, 126.1, 1.099
[05:18:30] 135.1, 126.0, 1.096
[05:18:31] 135.6, 126.1, 1.101
[05:18:32] 136.1, 126.0, 1.105
[05:18:33] 136.6, 126.1, 1.006
[05:18:34] 186.3, 126.0, 1.072
[05:18:35] 134.0, 126.0, 1.093
[05:18:36] 139.6, 126.0, 1.094
[05:18:37] 139.6, 126.0, 1.102
[05:18:38] 139.6, 126.0, 1.565
[05:18:39] 197.1, 126.0, 1.038
[05:18:40] 132.9, 126.1, 1.101
[05:18:41] 139.9, 126.1, 1.102
[05:18:42] 139.8, 126.1, 1.098
[05:18:43] 139.8, 126.0, 2.102
[05:18:44] 200.4, 126.1, 1.058
[05:18:45] 164.4, 126.1, 1.099
[05:18:46] 138.9, 126.1, 1.095
[05:18:47] 138.9, 126.1, 1.097
[05:18:48] 139.1, 126.2, 1.099
[05:18:49] 139.1, 126.0, 1.896
[05:18:50] 247.1, 126.2, 1.109
[05:18:51] 169.4, 126.1, 1.092
[05:18:52] 139.6, 126.1, 1.097
[05:18:53] 139.6, 126.0, 1.099
[05:18:54] 139.6, 126.0, 1.096
[05:18:55] 139.6, 125.9, 1.911
[05:18:56] 238.8, 125.9, 1.933
[05:18:57] 239.3, 126.0, 1.079
[05:18:58] 195.9, 126.1, 1.095
[05:18:59] 139.8, 126.1, 1.093
[05:19:00] 139.7, 126.0, 1.101
[05:19:01] 139.7, 126.0, 1.095
[05:19:02] 139.7, 125.9, 1.936
[05:19:03] 222.5, 125.9, 1.903
[05:19:04] 241.3, 125.9, 1.966
[05:19:05] 249.1, 125.9, 1.969
[05:19:06] 249.0, 125.9, 1.680
[05:19:07] 235.5, 126.0, 1.098
[05:19:08] 141.4, 126.0, 1.102
[05:19:09] 141.2, 126.0, 1.098
[05:19:10] 141.0, 126.0, 1.101
[05:19:11] 140.8, 125.9, 2.904
[05:19:12] 188.6, 125.9, 1.902
[05:19:13] 241.7, 125.9, 1.967
[05:19:14] 242.3, 126.0, 1.967
[05:19:15] 248.9, 126.0, 1.966
[05:19:16] 248.9, 126.0, 1.969
[05:19:17] 248.9, 126.0, 1.967
[05:19:18] 248.9, 126.0, 1.968
[05:19:19] 249.0, 126.0, 1.970
[05:19:20] 249.0, 126.1, 1.077
[05:19:21] 195.7, 126.1, 1.097
[05:19:22] 140.3, 126.2, 1.097
[05:19:23] 140.2, 126.2, 1.098
[05:19:24] 140.1, 126.2, 1.096
[05:19:25] 140.1, 126.0, 1.934
[05:19:26] 223.2, 126.0, 1.903
[05:19:27] 241.5, 126.0, 1.969
[05:19:28] 249.1, 126.0, 1.968
[05:19:29] 249.1, 126.0, 1.972
[05:19:30] 249.1, 126.0, 1.970
[05:19:31] 249.2, 126.0, 1.966
[05:19:32] 249.2, 126.0, 1.969
[05:19:33] 249.2, 126.0, 1.970
[05:19:34] 249.3, 125.9, 1.973
[05:19:35] 249.4, 125.9, 1.972
[05:19:36] 249.4, 126.0, 1.974
[05:19:37] 249.5, 125.9, 1.973
[05:19:38] 249.5, 125.9, 1.975
[05:19:39] 249.6, 126.0, 1.974
[05:19:40] 249.6, 126.0, 1.974
[05:19:41] 249.6, 126.0, 1.975
[05:19:42] 249.7, 126.1, 1.207
[05:19:43] 212.5, 126.1, 1.100
[05:19:44] 140.5, 126.1, 1.098
[05:19:45] 140.4, 126.1, 1.104
[05:19:46] 140.4, 126.1, 1.100
