<<<[04:27:25] 140.1, 126.5, 1.096
[04:27:26] 140.1, 126.4, 1.101
[04:27:27] 140.1, 126.4, 1.104
[04:27:28] 140.3, 126.5, 1.166
[04:27:29] 150.8, 126.5, 1.112
[04:27:30] 141.8, 126.5, 1.110
[04:27:31] 141.7, 126.5, 1.110
[04:27:32] 141.7, 126.5, 1.123
[04:27:33] 141.8, 126.5, 1.175
[04:27:34] 158.4, 126.5, 1.098
[04:27:35] 153.2, 126.5, 1.105
[04:27:36] 140.8, 126.5, 1.109
[04:27:37] 140.8, 126.5, 1.112
[04:27:38] 140.8, 126.4, 1.170
[04:27:39] 155.5, 126.4, 1.101
[04:27:40] 155.2, 126.4, 1.106
[04:27:41] 140.5, 126.4, 1.101
[04:27:42] 140.5, 126.5, 1.102
[04:27:43] 140.5, 126.4, 1.157
[04:27:44] 154.8, 126.4, 1.096
[04:27:45] 154.6, 126.4, 1.097
[04:27:46] 140.1, 126.4, 1.091
[04:27:47] 140.0, 126.4, 1.105
[04:27:48] 140.0, 126.4, 1.142
[04:27:49] 154.4, 126.4, 1.090
[04:27:50] 154.3, 126.4, 1.100
[04:27:51] 140.1, 126.4, 1.100
[04:27:52] 140.1, 126.4, 1.101
[04:27:53] 140.1, 126.4, 1.127
[04:27:54] 153.3, 126.4, 1.095
[04:27:55] 153.3, 126.4, 1.094
[04:27:56] 139.8, 126.4, 1.093
[04:27:57] 139.8, 126.4, 1.098
[04:27:58] 139.8, 126.4, 1.111
[04:27:59] 152.1, 126.4, 1.092
[04:28:00] 152.3, 126.4, 1.100
[04:28:01] 140.1, 126.3, 1.100
[04:28:02] 140.0, 126.4, 1.100
[04:28:03] 140.0, 126.4, 1.096
[04:28:04] 151.2, 126.3, 1.094
[04:28:05] 151.5, 126.4, 1.094
[04:28:06] 139.8, 126.4, 1.100
[04:28:07] 139.7, 126.4, 1.095
[04:28:08] 139.7, 126.3, 1.093
[04:28:09] 166.7, 126.4, 1.024
[04:28:10] 143.6, 126.4, 1.101
[04:28:11] 136.0, 126.3, 1.091
[04:28:12] 136.4, 126.4, 1.096
[04:28:13] 136.9, 126.4, 1.094
[04:28:14] 159.1, 126.4, 1.065
[04:28:15] 159.6, 126.4, 1.101
[04:28:16] 135.4, 126.4, 1.093
[04:28:17] 135.9, 126.4, 1.097
[04:28:18] 136.4, 126.3, 1.097
[04:28:19] 136.7, 126.4, 1.006
[04:28:20] 193.2, 126.3, 1.108
[04:28:21] 135.1, 126.4, 1.088
[04:28:22] 135.6, 126.4, 1.099
[04:28:23] 136.2, 126.4, 1.098
[04:28:24] 136.6, 126.3, 1.734
[04:28:25] 211.8, 126.4, 1.035
[04:28:26] 134.7, 126.3, 1.100
[04:28:27] 139.9, 126.4, 1.092
[04:28:28] 139.8, 126.4, 1.093
[04:28:29] 139.7, 126.2, 3.292
[04:28:30] 179.9, 126.3, 1.573
[04:28:31] 218.5, 126.4, 1.091
[04:28:32] 138.9, 126.4, 1.091
[04:28:33] 139.0, 126.4, 1.089
[04:28:34] 139.1, 126.3, 1.091
[04:28:35] 139.1, 126.2, 2.609
[04:28:36] 185.9, 126.3, 1.813
[04:28:37] 231.2, 126.3, 1.643
[04:28:38] 208.9, 126.4, 1.097
[04:28:39] 139.0, 126.4, 1.091
[04:28:40] 139.0, 126.4, 1.101
[04:28:41] 139.1, 126.4, 1.095
[04:28:42] 139.2, 126.3, 1.796
[04:28:43] 205.5, 126.3, 1.814
[04:28:44] 230.1, 126.3, 1.877
[04:28:45] 238.4, 126.3, 1.879
[04:28:46] 238.4, 126.4, 1.113
[04:28:47] 171.3, 126.4, 1.095
[04:28:48] 139.4, 126.4, 1.098
[04:28:49] 139.4, 126.4, 1.096
[04:28:50] 139.4, 126.4, 1.099
[04:28:51] 139.5, 126.3, 1.811
[04:28:52] 240.9, 126.2, 1.876
[04:28:53] 233.2, 126.3, 1.877
[04:28:54] 238.6, 126.3, 1.877
[04:28:55] 238.5, 126.3, 1.878
[04:28:56] 238.5, 126.3, 1.878
[04:28:57] 238.5, 126.2, 1.879
[04:28:58] 238.5, 126.4, 1.111
[04:28:59] 191.7, 126.4, 1.100
[04:29:00] 139.9, 126.4, 1.100
[04:29:01] 139.8, 126.4, 1.099
[04:29:02] 139.9, 126.3, 1.097
[04:29:03] 139.9, 126.3, 1.852
[04:29:04] 222.1, 126.3, 1.813
[04:29:05] 231.5, 126.3, 1.878
[04:29:06] 238.4, 126.3, 1.876
[04:29:07] 238.4, 126.3, 1.877
[04:29:08] 238.4, 126.3, 1.875
[04:29:09] 238.4, 126.4, 1.878
[04:29:10] 238.4, 126.4, 1.877
[04:29:11] 238.4, 126.3, 1.879
[04:29:12] 238.5, 126.4, 1.879
[04:29:13] 238.5, 126.4, 1.882
[04:29:14] 238.6, 126.3, 1.880
[04:29:15] 238.6, 126.3, 1.881
[04:29:16] 238.7, 126.4, 1.880
[04:29:17] 238.7, 126.5, 1.288
[04:29:18] 207.8, 126.5, 1.103
[04:29:19] 140.8, 126.5, 1.106
[04:29:20] 140.6, 126.5, 1.101
[04:29:21] 140.6, 126.5, 1.102
