<<<[08:05:22] 139.8, 125.7, 1.105
[08:05:23] 139.8, 125.7, 1.105
[08:05:24] 139.9, 125.6, 1.105
[08:05:25] 140.0, 125.6, 1.224
[08:05:26] 147.4, 125.6, 1.282
[08:05:27] 158.2, 125.7, 1.256
[08:05:28] 158.2, 125.6, 1.270
[08:05:29] 158.2, 125.7, 1.140
[08:05:30] 157.7, 125.7, 1.135
[08:05:31] 144.1, 125.7, 1.123
[08:05:32] 143.9, 125.7, 1.129
[08:05:33] 143.8, 125.8, 1.119
[08:05:34] 143.7, 125.7, 1.703
[08:05:35] 168.0, 125.7, 1.110
[08:05:36] 143.2, 125.7, 1.116
[08:05:37] 142.9, 125.8, 1.113
[08:05:38] 142.7, 125.7, 1.114
[08:05:39] 142.6, 125.7, 1.688
[08:05:40] 165.8, 125.7, 1.106
[08:05:41] 143.2, 125.7, 1.104
[08:05:42] 142.8, 125.7, 1.103
[08:05:43] 142.4, 125.8, 1.101
[08:05:44] 142.1, 125.6, 1.678
[08:05:45] 164.6, 125.8, 1.105
[08:05:46] 142.8, 125.8, 1.107
[08:05:47] 142.4, 125.8, 1.098
[08:05:48] 142.1, 125.7, 1.096
[08:05:49] 141.8, 125.7, 1.674
[08:05:50] 164.2, 125.8, 1.111
[08:05:51] 143.4, 125.7, 1.101
[08:05:52] 142.9, 125.7, 1.100
[08:05:53] 142.5, 125.7, 1.097
[08:05:54] 142.2, 125.6, 1.668
[08:05:55] 163.8, 125.7, 1.096
[08:05:56] 143.4, 125.8, 1.105
[08:05:57] 142.9, 125.8, 1.101
[08:05:58] 142.5, 125.8, 1.107
[08:05:59] 142.2, 125.6, 1.655
[08:06:00] 162.9, 125.7, 1.109
[08:06:01] 143.6, 125.8, 1.104
[08:06:02] 143.1, 125.8, 1.096
[08:06:03] 142.7, 125.8, 1.100
[08:06:04] 142.3, 125.7, 1.631
[08:06:05] 162.0, 125.8, 1.100
[08:06:06] 143.4, 125.8, 1.105
[08:06:07] 142.9, 125.8, 1.094
[08:06:08] 142.5, 125.8, 1.097
[08:06:09] 142.1, 125.6, 3.228
[08:06:10] 174.7, 125.8, 1.035
[08:06:11] 135.1, 125.7, 1.097
[08:06:12] 135.3, 125.8, 1.095
[08:06:13] 135.8, 125.8, 1.100
[08:06:14] 136.2, 125.5, 3.283
[08:06:15] 175.1, 125.7, 1.039
[08:06:16] 147.4, 125.7, 1.099
[08:06:17] 136.5, 125.7, 1.099
[08:06:18] 136.8, 125.7, 1.100
[08:06:19] 137.2, 125.7, 1.102
[08:06:20] 170.4, 125.7, 1.052
[08:06:21] 163.7, 125.7, 1.103
[08:06:22] 136.0, 125.8, 1.102
[08:06:23] 136.4, 125.7, 1.096
[08:06:24] 136.7, 125.7, 1.100
[08:06:25] 137.1, 125.6, 1.575
[08:06:26] 218.9, 125.7, 1.097
[08:06:27] 132.9, 125.7, 1.099
[08:06:28] 139.4, 125.7, 1.099
[08:06:29] 139.3, 125.7, 1.096
[08:06:30] 139.3, 125.7, 1.891
[08:06:31] 206.6, 125.8, 1.117
[08:06:32] 188.3, 125.6, 1.099
[08:06:33] 139.2, 125.7, 1.097
[08:06:34] 139.2, 125.7, 1.102
[08:06:35] 139.3, 125.7, 1.098
[08:06:36] 139.3, 125.7, 1.928
[08:06:37] 225.0, 125.6, 1.892
[08:06:38] 237.3, 125.7, 1.094
[08:06:39] 157.0, 125.7, 1.097
[08:06:40] 139.9, 125.7, 1.108
[08:06:41] 139.9, 125.7, 1.101
[08:06:42] 139.9, 125.6, 1.099
[08:06:43] 164.9, 125.6, 1.893
[08:06:44] 237.1, 125.6, 1.955
[08:06:45] 242.9, 125.5, 1.957
[08:06:46] 243.4, 125.6, 1.119
[08:06:47] 178.0, 125.7, 1.098
[08:06:48] 139.4, 125.7, 1.097
[08:06:49] 139.4, 125.6, 1.104
[08:06:50] 139.4, 125.7, 1.102
[08:06:51] 139.4, 125.7, 1.892
[08:06:52] 239.5, 125.7, 1.927
[08:06:53] 239.7, 125.7, 1.957
[08:06:54] 247.1, 125.7, 1.957
[08:06:55] 247.1, 125.7, 1.958
[08:06:56] 247.1, 125.6, 1.957
[08:06:57] 247.1, 125.7, 1.614
[08:06:58] 225.0, 125.7, 1.109
[08:06:59] 138.9, 125.7, 1.103
[08:07:00] 138.9, 125.8, 1.103
[08:07:01] 139.1, 125.8, 1.102
[08:07:02] 139.2, 125.6, 2.506
[08:07:03] 193.0, 125.6, 1.895
[08:07:04] 240.2, 125.6, 1.959
[08:07:05] 245.5, 125.6, 1.958
[08:07:06] 245.7, 125.6, 1.959
[08:07:07] 245.9, 125.6, 1.958
[08:07:08] 246.0, 125.7, 1.959
[08:07:09] 246.2, 125.7, 1.959
[08:07:10] 246.4, 125.7, 1.960
[08:07:11] 246.5, 125.7, 1.961
[08:07:12] 246.7, 125.7, 1.962
[08:07:13] 246.8, 125.6, 1.963
[08:07:14] 247.0, 125.6, 1.962
[08:07:15] 247.1, 125.8, 1.098
[08:07:16] 199.3, 125.7, 1.101
[08:07:17] 139.6, 125.8, 1.100
[08:07:18] 139.6, 125.7, 1.103
[08:07:19] 139.7, 125.7, 1.101
