<<<[06:24:15] 139.9, 126.2, 1.106
[06:24:16] 140.0, 126.2, 1.104
[06:24:17] 140.1, 126.2, 1.112
[06:24:18] 140.3, 126.2, 1.260
[06:24:19] 155.9, 126.2, 1.214
[06:24:20] 156.3, 126.2, 1.273
[06:24:21] 156.8, 126.2, 1.228
[06:24:22] 157.3, 126.3, 1.245
[06:24:23] 157.7, 126.2, 1.232
[06:24:24] 158.0, 126.1, 1.228
[06:24:25] 158.3, 126.2, 1.265
[06:24:26] 158.5, 126.2, 1.282
[06:24:27] 158.7, 126.2, 1.265
[06:24:28] 158.7, 126.1, 1.272
[06:24:29] 158.7, 126.2, 1.264
[06:24:30] 159.0, 126.1, 1.253
[06:24:31] 159.0, 126.1, 1.237
[06:24:32] 158.8, 126.1, 1.241
[06:24:33] 158.8, 126.1, 1.241
[06:24:34] 158.7, 126.1, 1.241
[06:24:35] 158.7, 126.1, 1.259
[06:24:36] 158.6, 126.1, 1.258
[06:24:37] 158.6, 126.1, 1.235
[06:24:38] 158.4, 126.1, 1.233
[06:24:39] 158.3, 126.1, 1.264
[06:24:40] 158.7, 126.1, 1.234
[06:24:41] 158.5, 126.1, 1.232
[06:24:42] 158.3, 126.1, 1.232
[06:24:43] 158.2, 126.1, 1.234
[06:24:44] 158.1, 126.1, 1.242
[06:24:45] 158.0, 126.0, 1.271
[06:24:46] 158.1, 126.1, 1.230
[06:24:47] 158.0, 126.1, 1.227
[06:24:48] 157.9, 126.1, 1.243
[06:24:49] 157.9, 126.1, 1.232
[06:24:50] 157.7, 126.1, 1.239
[06:24:51] 157.7, 126.1, 1.277
[06:24:52] 158.1, 126.0, 1.287
[06:24:53] 158.5, 126.1, 1.257
[06:24:54] 158.7, 126.2, 1.245
[06:24:55] 158.7, 126.1, 1.289
[06:24:56] 158.5, 126.1, 1.096
[06:24:57] 140.3, 126.0, 1.093
[06:24:58] 140.2, 126.1, 1.093
[06:24:59] 140.1, 126.1, 1.093
[06:25:00] 140.0, 126.2, 1.093
[06:25:01] 173.6, 126.1, 1.047
[06:25:02] 147.5, 126.1, 1.196
[06:25:03] 147.2, 126.2, 1.119
[06:25:04] 146.9, 126.2, 1.097
[06:25:05] 141.8, 126.1, 1.098
[06:25:06] 156.2, 126.1, 1.059
[06:25:07] 181.6, 126.2, 1.114
[06:25:08] 136.0, 126.2, 1.100
[06:25:09] 136.5, 126.1, 1.119
[06:25:10] 137.0, 126.2, 1.104
[06:25:11] 137.6, 126.1, 1.527
[06:25:12] 225.6, 126.1, 1.066
[06:25:13] 133.8, 126.2, 1.108
[06:25:14] 140.5, 126.2, 1.107
[06:25:15] 140.4, 126.2, 1.108
[06:25:16] 140.4, 126.0, 2.389
[06:25:17] 208.7, 126.1, 1.104
[06:25:18] 208.5, 126.1, 1.112
[06:25:19] 139.8, 126.1, 1.095
[06:25:20] 139.8, 126.1, 1.111
[06:25:21] 140.0, 126.1, 1.111
[06:25:22] 140.1, 126.0, 2.120
[06:25:23] 231.2, 126.0, 2.139
[06:25:24] 270.8, 126.1, 1.129
[06:25:25] 179.0, 126.2, 1.096
[06:25:26] 140.7, 126.2, 1.103
[06:25:27] 140.6, 126.1, 1.115
[06:25:28] 140.6, 126.2, 1.116
[06:25:29] 140.7, 126.0, 2.135
[06:25:30] 272.1, 125.9, 2.198
[06:25:31] 272.2, 126.0, 2.204
[06:25:32] 279.0, 126.0, 1.661
[06:25:33] 232.4, 126.1, 1.110
[06:25:34] 139.9, 126.2, 1.097
[06:25:35] 139.9, 126.1, 1.097
[06:25:36] 140.0, 126.1, 1.104
[06:25:37] 140.2, 126.0, 2.119
[06:25:38] 227.4, 126.0, 2.135
[06:25:39] 270.8, 126.0, 2.200
[06:25:40] 278.6, 126.0, 2.202
[06:25:41] 278.6, 126.0, 2.202
[06:25:42] 278.7, 126.0, 2.205
[06:25:43] 278.7, 126.0, 2.205
[06:25:44] 278.7, 126.2, 1.120
[06:25:45] 184.1, 126.1, 1.114
[06:25:46] 140.3, 126.2, 1.099
[06:25:47] 140.3, 126.2, 1.103
[06:25:48] 140.4, 126.1, 1.108
[06:25:49] 140.6, 126.0, 2.143
[06:25:50] 264.8, 126.0, 2.167
[06:25:51] 273.2, 126.0, 2.205
[06:25:52] 279.0, 126.0, 2.204
[06:25:53] 279.0, 126.0, 2.205
[06:25:54] 279.0, 126.0, 2.207
[06:25:55] 279.0, 126.0, 2.210
[06:25:56] 279.1, 126.0, 2.207
[06:25:57] 279.2, 126.0, 2.206
[06:25:58] 279.2, 126.0, 2.209
[06:25:59] 279.3, 126.1, 2.209
[06:26:00] 279.3, 126.1, 2.208
[06:26:01] 279.3, 126.0, 2.210
[06:26:02] 279.4, 126.2, 1.104
[06:26:03] 221.9, 126.2, 1.101
[06:26:04] 140.8, 126.2, 1.114
[06:26:05] 140.8, 126.2, 1.102
[06:26:06] 140.8, 126.2, 1.099
