<<<[20:08:58] 140.4, 126.0, 1.116
[20:08:59] 140.7, 125.9, 1.133
[20:09:00] 141.1, 125.9, 1.141
[20:09:01] 141.6, 125.9, 1.248
[20:09:02] 156.8, 125.9, 1.204
[20:09:03] 156.5, 125.8, 1.179
[20:09:04] 149.0, 125.8, 1.187
[20:09:05] 149.0, 125.8, 1.180
[20:09:06] 149.0, 125.9, 1.179
[20:09:07] 172.9, 125.9, 1.179
[20:09:08] 167.3, 125.9, 1.121
[20:09:09] 148.4, 125.8, 1.110
[20:09:10] 141.4, 125.9, 1.101
[20:09:11] 141.2, 126.0, 1.107
[20:09:12] 141.1, 125.9, 1.466
[20:09:13] 160.0, 125.9, 1.102
[20:09:14] 147.0, 125.9, 1.103
[20:09:15] 139.8, 125.9, 1.101
[20:09:16] 139.8, 125.9, 1.105
[20:09:17] 139.9, 125.9, 1.463
[20:09:18] 160.4, 125.9, 1.107
[20:09:19] 147.5, 125.9, 1.100
[20:09:20] 140.1, 126.0, 1.098
[20:09:21] 140.0, 125.9, 1.102
[20:09:22] 140.1, 125.9, 1.453
[20:09:23] 159.9, 125.9, 1.104
[20:09:24] 147.7, 125.9, 1.105
[20:09:25] 140.1, 125.9, 1.101
[20:09:26] 140.0, 125.9, 1.098
[20:09:27] 140.0, 125.9, 1.444
[20:09:28] 160.0, 125.9, 1.106
[20:09:29] 147.0, 125.9, 1.102
[20:09:30] 140.1, 125.9, 1.105
[20:09:31] 140.1, 125.9, 1.103
[20:09:32] 140.1, 125.9, 1.427
[20:09:33] 159.1, 125.9, 1.105
[20:09:34] 147.4, 126.0, 1.100
[20:09:35] 139.9, 126.0, 1.100
[20:09:36] 139.8, 125.9, 1.104
[20:09:37] 139.8, 125.9, 1.391
[20:09:38] 159.5, 125.9, 1.106
[20:09:39] 147.2, 125.9, 1.102
[20:09:40] 139.8, 125.9, 1.101
[20:09:41] 139.8, 125.9, 1.100
[20:09:42] 139.8, 125.7, 2.988
[20:09:43] 172.9, 125.9, 1.035
[20:09:44] 137.6, 125.9, 1.097
[20:09:45] 137.5, 125.9, 1.102
[20:09:46] 137.8, 125.9, 1.103
[20:09:47] 138.0, 125.9, 1.107
[20:09:48] 172.3, 125.9, 1.051
[20:09:49] 151.0, 125.9, 1.098
[20:09:50] 136.7, 125.9, 1.100
[20:09:51] 137.0, 125.9, 1.094
[20:09:52] 137.3, 125.8, 1.104
[20:09:53] 156.8, 125.9, 1.010
[20:09:54] 177.0, 125.9, 1.101
[20:09:55] 135.2, 125.9, 1.096
[20:09:56] 135.7, 125.9, 1.102
[20:09:57] 136.2, 125.9, 1.104
[20:09:58] 136.7, 125.8, 1.548
[20:09:59] 218.5, 125.9, 1.067
[20:10:00] 131.4, 125.9, 1.100
[20:10:01] 139.2, 125.9, 1.101
[20:10:02] 139.2, 125.9, 1.101
[20:10:03] 139.3, 125.8, 2.217
[20:10:04] 194.4, 125.9, 1.296
[20:10:05] 194.7, 125.9, 1.097
[20:10:06] 139.4, 125.9, 1.097
[20:10:07] 139.4, 125.9, 1.092
[20:10:08] 139.4, 125.9, 1.097
[20:10:09] 139.4, 125.8, 1.845
[20:10:10] 208.5, 125.8, 1.864
[20:10:11] 235.7, 125.9, 1.081
[20:10:12] 180.7, 125.9, 1.105
[20:10:13] 139.6, 125.9, 1.098
[20:10:14] 139.6, 125.9, 1.098
[20:10:15] 139.6, 125.8, 1.098
[20:10:16] 139.6, 125.8, 1.869
[20:10:17] 236.8, 125.7, 1.892
[20:10:18] 236.9, 125.7, 1.926
[20:10:19] 243.7, 125.8, 1.611
[20:10:20] 225.6, 125.8, 1.104
[20:10:21] 137.6, 125.8, 1.103
[20:10:22] 137.8, 125.9, 1.097
[20:10:23] 138.1, 125.9, 1.101
[20:10:24] 138.2, 125.8, 2.177
[20:10:25] 194.8, 125.8, 1.863
[20:10:26] 236.8, 125.8, 1.924
[20:10:27] 242.2, 125.7, 1.925
[20:10:28] 242.3, 125.7, 1.927
[20:10:29] 242.5, 125.8, 1.925
[20:10:30] 242.6, 125.7, 1.928
[20:10:31] 242.7, 125.8, 1.394
[20:10:32] 204.2, 125.8, 1.101
[20:10:33] 140.3, 125.8, 1.101
[20:10:34] 140.2, 125.8, 1.102
[20:10:35] 140.1, 125.8, 1.106
[20:10:36] 140.1, 125.8, 1.850
[20:10:37] 210.7, 125.8, 1.864
[20:10:38] 235.5, 125.8, 1.925
[20:10:39] 243.7, 125.8, 1.926
[20:10:40] 243.7, 125.8, 1.927
[20:10:41] 243.7, 125.8, 1.928
[20:10:42] 243.7, 125.8, 1.929
[20:10:43] 243.7, 125.8, 1.930
[20:10:44] 243.7, 125.8, 1.931
[20:10:45] 243.8, 125.8, 1.933
[20:10:46] 243.9, 125.7, 1.933
[20:10:47] 243.9, 125.7, 1.935
[20:10:48] 244.0, 125.7, 1.933
[20:10:49] 244.1, 125.7, 1.933
[20:10:50] 244.1, 125.8, 1.110
[20:10:51] 152.4, 125.9, 1.097
[20:10:52] 140.1, 125.8, 1.106
[20:10:53] 140.1, 125.9, 1.102
[20:10:54] 140.1, 125.8, 1.109
