<<<[02:25:15] 140.9, 126.6, 1.102
[02:25:16] 140.8, 126.5, 1.095
[02:25:17] 140.7, 126.5, 1.106
[02:25:18] 140.7, 126.5, 1.249
[02:25:19] 155.7, 126.5, 1.263
[02:25:20] 156.0, 126.5, 1.234
[02:25:21] 156.3, 126.5, 1.131
[02:25:22] 149.7, 126.5, 1.108
[02:25:23] 141.6, 126.5, 1.114
[02:25:24] 141.6, 126.5, 1.126
[02:25:25] 141.8, 126.5, 1.125
[02:25:26] 142.1, 126.5, 1.622
[02:25:27] 170.0, 126.5, 1.118
[02:25:28] 142.7, 126.5, 1.111
[02:25:29] 142.7, 126.5, 1.123
[02:25:30] 142.8, 126.5, 1.120
[02:25:31] 142.8, 126.4, 1.621
[02:25:32] 169.1, 126.5, 1.103
[02:25:33] 139.9, 126.5, 1.098
[02:25:34] 139.9, 126.5, 1.091
[02:25:35] 139.8, 126.5, 1.095
[02:25:36] 139.8, 126.5, 1.607
[02:25:37] 167.5, 126.5, 1.095
[02:25:38] 139.4, 126.5, 1.094
[02:25:39] 139.4, 126.5, 1.095
[02:25:40] 139.5, 126.5, 1.093
[02:25:41] 139.5, 126.4, 1.610
[02:25:42] 167.3, 126.6, 1.089
[02:25:43] 139.6, 126.5, 1.092
[02:25:44] 139.6, 126.6, 1.098
[02:25:45] 139.5, 126.6, 1.095
[02:25:46] 139.6, 126.5, 1.605
[02:25:47] 167.1, 126.5, 1.095
[02:25:48] 139.6, 126.5, 1.089
[02:25:49] 139.6, 126.6, 1.097
[02:25:50] 139.6, 126.5, 1.092
[02:25:51] 139.7, 126.5, 1.605
[02:25:52] 166.5, 126.6, 1.092
[02:25:53] 139.6, 126.5, 1.106
[02:25:54] 139.6, 126.5, 1.092
[02:25:55] 139.6, 126.5, 1.094
[02:25:56] 139.6, 126.5, 1.570
[02:25:57] 177.4, 126.6, 1.030
[02:25:58] 130.9, 126.6, 1.094
[02:25:59] 139.2, 126.6, 1.092
[02:26:00] 139.2, 126.6, 1.098
[02:26:01] 139.3, 126.5, 1.691
[02:26:02] 176.1, 126.6, 1.028
[02:26:03] 131.4, 126.5, 1.089
[02:26:04] 138.7, 126.6, 1.088
[02:26:05] 138.7, 126.5, 1.096
[02:26:06] 138.9, 126.5, 2.284
[02:26:07] 185.2, 126.6, 1.033
[02:26:08] 134.7, 126.5, 1.098
[02:26:09] 135.1, 126.5, 1.098
[02:26:10] 135.6, 126.5, 1.093
[02:26:11] 136.2, 126.3, 3.293
[02:26:12] 180.3, 126.5, 1.051
[02:26:13] 163.1, 126.5, 1.092
[02:26:14] 136.5, 126.5, 1.093
[02:26:15] 136.8, 126.5, 1.094
[02:26:16] 137.2, 126.5, 1.092
[02:26:17] 137.5, 126.4, 1.699
[02:26:18] 234.4, 126.6, 1.090
[02:26:19] 137.2, 126.6, 1.091
[02:26:20] 137.4, 126.5, 1.094
[02:26:21] 137.7, 126.5, 1.095
[02:26:22] 137.9, 126.4, 3.237
[02:26:23] 182.7, 126.4, 1.873
[02:26:24] 237.7, 126.5, 1.089
[02:26:25] 153.5, 126.5, 1.097
[02:26:26] 139.4, 126.5, 1.092
[02:26:27] 139.4, 126.5, 1.103
[02:26:28] 139.4, 126.5, 1.088
[02:26:29] 139.4, 126.4, 1.872
[02:26:30] 254.0, 126.4, 1.943
[02:26:31] 241.3, 126.5, 1.616
[02:26:32] 218.5, 126.5, 1.098
[02:26:33] 139.0, 126.6, 1.092
[02:26:34] 139.1, 126.5, 1.098
[02:26:35] 139.1, 126.6, 1.090
[02:26:36] 139.1, 126.5, 2.019
[02:26:37] 199.0, 126.4, 1.875
[02:26:38] 238.8, 126.4, 1.936
[02:26:39] 245.1, 126.5, 1.938
[02:26:40] 245.2, 126.4, 1.937
[02:26:41] 245.3, 126.4, 1.639
[02:26:42] 223.0, 126.6, 1.093
[02:26:43] 139.2, 126.6, 1.093
[02:26:44] 139.2, 126.5, 1.095
[02:26:45] 139.2, 126.5, 1.092
[02:26:46] 139.3, 126.4, 2.648
[02:26:47] 189.2, 126.4, 1.877
[02:26:48] 239.3, 126.4, 1.939
[02:26:49] 244.6, 126.4, 1.940
[02:26:50] 244.8, 126.4, 1.940
[02:26:51] 245.0, 126.4, 1.941
[02:26:52] 245.2, 126.4, 1.943
[02:26:53] 245.5, 126.4, 1.944
[02:26:54] 245.7, 126.4, 1.945
[02:26:55] 245.8, 126.4, 1.943
[02:26:56] 245.9, 126.4, 1.934
[02:26:57] 230.1, 126.6, 1.096
[02:26:58] 139.4, 126.6, 1.098
[02:26:59] 139.4, 126.6, 1.095
[02:27:00] 139.4, 126.6, 1.092
