<<<[00:18:01] 141.5, 126.2, 1.122
[00:18:02] 141.6, 126.2, 1.136
[00:18:03] 141.8, 126.1, 1.136
[00:18:04] 142.0, 126.1, 1.275
[00:18:05] 156.1, 126.1, 1.264
[00:18:06] 161.3, 126.1, 1.263
[00:18:07] 161.0, 126.1, 1.251
[00:18:08] 160.5, 126.1, 1.182
[00:18:09] 149.2, 126.2, 1.182
[00:18:10] 149.3, 126.2, 1.166
[00:18:11] 149.3, 126.2, 1.176
[00:18:12] 149.3, 126.2, 1.201
[00:18:13] 160.9, 126.1, 1.121
[00:18:14] 155.5, 126.2, 1.115
[00:18:15] 141.8, 126.2, 1.122
[00:18:16] 141.7, 126.2, 1.120
[00:18:17] 141.7, 126.2, 1.132
[00:18:18] 154.4, 126.2, 1.092
[00:18:19] 154.4, 126.2, 1.101
[00:18:20] 140.7, 126.2, 1.099
[00:18:21] 140.6, 126.2, 1.103
[00:18:22] 140.6, 126.2, 1.122
[00:18:23] 153.0, 126.2, 1.098
[00:18:24] 153.2, 126.2, 1.097
[00:18:25] 140.3, 126.2, 1.104
[00:18:26] 140.3, 126.2, 1.111
[00:18:27] 140.3, 126.2, 1.116
[00:18:28] 153.3, 126.2, 1.097
[00:18:29] 153.5, 126.2, 1.099
[00:18:30] 139.8, 126.2, 1.102
[00:18:31] 139.8, 126.2, 1.098
[00:18:32] 139.9, 126.2, 1.094
[00:18:33] 169.8, 126.2, 1.037
[00:18:34] 144.5, 126.2, 1.098
[00:18:35] 137.2, 126.2, 1.097
[00:18:36] 137.5, 126.2, 1.095
[00:18:37] 137.8, 126.2, 1.099
[00:18:38] 169.8, 126.1, 1.040
[00:18:39] 144.3, 126.2, 1.096
[00:18:40] 136.9, 126.2, 1.099
[00:18:41] 137.2, 126.1, 1.108
[00:18:42] 137.6, 126.2, 1.101
[00:18:43] 168.0, 126.2, 1.060
[00:18:44] 162.2, 126.2, 1.098
[00:18:45] 136.5, 126.2, 1.100
[00:18:46] 136.9, 126.2, 1.096
[00:18:47] 137.4, 126.2, 1.097
[00:18:48] 137.7, 126.2, 1.048
[00:18:49] 193.2, 126.2, 1.102
[00:18:50] 135.1, 126.1, 1.103
[00:18:51] 140.3, 126.2, 1.105
[00:18:52] 140.2, 126.2, 1.098
[00:18:53] 140.2, 126.1, 1.579
[00:18:54] 226.8, 126.1, 1.042
[00:18:55] 133.2, 126.1, 1.103
[00:18:56] 139.9, 126.1, 1.107
[00:18:57] 139.9, 126.1, 1.098
[00:18:58] 139.9, 125.9, 2.821
[00:18:59] 211.3, 126.1, 1.052
[00:19:00] 211.6, 126.1, 1.096
[00:19:01] 138.5, 126.2, 1.096
[00:19:02] 138.7, 126.1, 1.105
[00:19:03] 138.9, 126.1, 1.101
[00:19:04] 139.0, 126.0, 2.291
[00:19:05] 242.2, 126.0, 2.295
[00:19:06] 290.7, 126.2, 1.102
[00:19:07] 157.1, 126.2, 1.102
[00:19:08] 140.3, 126.2, 1.103
[00:19:09] 140.2, 126.3, 1.097
[00:19:10] 140.2, 126.3, 1.100
[00:19:11] 140.3, 126.1, 2.296
[00:19:12] 304.7, 126.0, 2.362
[00:19:13] 294.2, 126.0, 2.362
[00:19:14] 294.7, 126.2, 1.118
[00:19:15] 186.1, 126.2, 1.101
[00:19:16] 140.5, 126.2, 1.099
[00:19:17] 140.4, 126.2, 1.103
[00:19:18] 140.4, 126.2, 1.098
[00:19:19] 140.4, 126.0, 2.301
[00:19:20] 280.0, 126.0, 2.326
[00:19:21] 292.7, 126.0, 2.362
[00:19:22] 298.9, 126.0, 2.362
[00:19:23] 298.9, 126.0, 2.365
[00:19:24] 298.9, 126.0, 2.365
[00:19:25] 299.0, 126.1, 1.644
[00:19:26] 244.2, 126.2, 1.098
[00:19:27] 139.6, 126.2, 1.102
[00:19:28] 139.7, 126.1, 1.095
[00:19:29] 139.7, 126.2, 1.099
[00:19:30] 139.8, 126.0, 2.268
[00:19:31] 232.1, 126.0, 2.299
[00:19:32] 290.9, 126.0, 2.364
[00:19:33] 298.7, 126.0, 2.365
[00:19:34] 298.7, 126.0, 2.369
[00:19:35] 298.9, 126.0, 2.369
[00:19:36] 299.0, 126.0, 2.368
[00:19:37] 298.9, 126.0, 2.370
[00:19:38] 299.0, 126.0, 2.368
[00:19:39] 299.1, 125.9, 2.370
[00:19:40] 299.2, 126.0, 2.369
[00:19:41] 299.3, 126.0, 2.370
[00:19:42] 299.3, 126.0, 2.366
[00:19:43] 299.4, 126.2, 1.106
[00:19:44] 164.2, 126.2, 1.111
[00:19:45] 140.8, 126.2, 1.105
[00:19:46] 140.8, 126.2, 1.108
[00:19:47] 140.7, 126.2, 1.096
<<<[00:23:57] 143.1, 126.2, 1.137
[00:23:58] 143.3, 126.2, 1.161
[00:23:59] 143.7, 126.3, 1.158
[00:24:00] 144.2, 126.2, 1.237
[00:24:01] 155.7, 126.2, 1.252
[00:24:02] 156.0, 126.3, 1.178
[00:24:03] 155.9, 126.2, 1.165
[00:24:04] 148.4, 126.3, 1.168
[00:24:05] 148.5, 126.2, 1.179
[00:24:06] 148.5, 126.3, 1.174
[00:24:07] 148.7, 126.2, 1.663
[00:24:08] 170.5, 126.3, 1.112
[00:24:09] 143.7, 126.3, 1.106
[00:24:10] 143.4, 126.3, 1.108
[00:24:11] 143.1, 126.2, 1.115
[00:24:12] 142.9, 126.2, 1.638
[00:24:13] 163.5, 126.2, 1.106
[00:24:14] 144.6, 126.2, 1.108
[00:24:15] 144.0, 126.2, 1.106
[00:24:16] 143.5, 126.2, 1.101
[00:24:17] 143.1, 126.1, 1.622
[00:24:18] 162.7, 126.2, 1.105
[00:24:19] 144.5, 126.2, 1.101
[00:24:20] 143.9, 126.1, 1.099
[00:24:21] 143.4, 126.2, 1.104
[00:24:22] 143.0, 126.1, 1.619
[00:24:24] 162.4, 126.2, 1.098
[00:24:25] 144.6, 126.2, 1.100
[00:24:25] 144.0, 126.2, 1.099
[00:24:26] 143.4, 126.2, 1.099
[00:24:28] 143.0, 126.1, 2.935
[00:24:29] 174.5, 126.2, 1.034
[00:24:29] 137.4, 126.2, 1.103
[00:24:30] 137.4, 126.2, 1.097
[00:24:31] 137.7, 126.2, 1.101
[00:24:33] 138.0, 126.1, 3.253
[00:24:34] 175.4, 126.2, 1.039
[00:24:34] 137.2, 126.3, 1.099
[00:24:35] 137.2, 126.2, 1.099
[00:24:36] 137.6, 126.2, 1.096
[00:24:37] 137.8, 126.0, 3.323
[00:24:38] 178.5, 126.2, 1.033
[00:24:39] 135.6, 126.1, 1.094
[00:24:40] 135.7, 126.2, 1.099
[00:24:41] 136.2, 126.2, 1.103
[00:24:42] 136.7, 126.2, 1.098
[00:24:43] 176.1, 126.2, 1.040
[00:24:44] 153.7, 126.2, 1.099
[00:24:45] 136.1, 126.2, 1.101
[00:24:46] 136.5, 126.3, 1.100
[00:24:47] 137.0, 126.3, 1.097
[00:24:48] 137.3, 126.3, 1.244
[00:24:49] 220.5, 126.3, 0.992
[00:24:50] 135.6, 126.3, 1.098
[00:24:51] 136.1, 126.3, 1.095
[00:24:53] 136.5, 126.3, 1.103
[00:24:54] 136.9, 126.1, 2.245
[00:24:55] 239.9, 126.3, 1.021
[00:24:56] 177.0, 126.3, 1.098
[00:24:57] 139.4, 126.3, 1.104
[00:24:58] 139.4, 126.3, 1.104
[00:24:59] 139.5, 126.3, 1.099
[00:25:00] 139.5, 126.2, 2.250
[00:25:01] 280.8, 126.3, 1.585
[00:25:02] 246.2, 126.3, 1.098
[00:25:03] 137.4, 126.4, 1.100
[00:25:04] 137.7, 126.4, 1.096
[00:25:05] 137.9, 126.3, 1.097
[00:25:06] 138.1, 126.2, 2.399
[00:25:07] 218.5, 126.2, 2.240
[00:25:08] 284.9, 126.2, 2.310
[00:25:09] 291.4, 126.3, 1.379
[00:25:10] 223.0, 126.3, 1.099
[00:25:11] 140.5, 126.3, 1.095
[00:25:12] 140.4, 126.3, 1.097
[00:25:13] 140.3, 126.3, 1.103
[00:25:14] 140.2, 126.1, 2.241
[00:25:15] 240.9, 126.1, 2.245
[00:25:16] 284.6, 126.1, 2.311
[00:25:17] 292.9, 126.1, 2.311
[00:25:18] 292.8, 126.1, 2.313
[00:25:19] 292.8, 126.1, 2.315
[00:25:20] 292.8, 126.2, 1.108
[00:25:21] 171.1, 126.2, 1.101
[00:25:22] 139.9, 126.2, 1.098
[00:25:23] 139.8, 126.2, 1.097
[00:25:24] 139.9, 126.3, 1.096
[00:25:25] 139.8, 126.1, 2.243
[00:25:26] 284.9, 126.1, 2.304
[00:25:27] 285.1, 126.2, 2.311
[00:25:28] 292.4, 126.1, 2.315
[00:25:29] 292.5, 126.1, 2.316
[00:25:30] 292.6, 126.1, 2.315
[00:25:31] 292.6, 126.1, 2.319
[00:25:32] 292.8, 126.1, 2.318
[00:25:33] 292.9, 126.1, 2.319
[00:25:34] 293.0, 126.1, 2.316
[00:25:35] 293.1, 126.1, 2.320
[00:25:36] 293.1, 126.3, 1.107
[00:25:37] 216.7, 126.3, 1.102
[00:25:38] 140.1, 126.3, 1.104
[00:25:39] 140.1, 126.3, 1.097
[00:25:40] 140.0, 126.3, 1.103
