<<<[05:48:57] 140.1, 126.1, 1.102
[05:48:58] 140.2, 126.1, 1.111
[05:48:59] 140.2, 126.1, 1.114
[05:49:00] 140.4, 126.1, 1.263
[05:49:01] 152.1, 126.1, 1.125
[05:49:02] 151.5, 126.1, 1.111
[05:49:03] 141.9, 126.1, 1.116
[05:49:04] 141.9, 126.1, 1.127
[05:49:05] 142.0, 126.1, 1.136
[05:49:06] 142.2, 126.1, 1.273
[05:49:07] 169.3, 126.1, 1.115
[05:49:08] 141.6, 126.1, 1.107
[05:49:09] 141.6, 126.1, 1.130
[05:49:10] 141.8, 126.0, 1.136
[05:49:11] 142.2, 126.1, 1.280
[05:49:12] 169.6, 126.1, 1.112
[05:49:13] 141.2, 126.0, 1.118
[05:49:14] 141.2, 126.1, 1.113
[05:49:15] 141.2, 126.0, 1.128
[05:49:16] 141.3, 126.0, 1.267
[05:49:17] 168.7, 126.1, 1.107
[05:49:18] 141.2, 126.1, 1.119
[05:49:19] 141.1, 126.1, 1.116
[05:49:20] 141.2, 126.1, 1.117
[05:49:21] 141.3, 126.1, 1.268
[05:49:22] 168.0, 126.1, 1.102
[05:49:23] 140.8, 126.1, 1.100
[05:49:24] 140.7, 126.1, 1.108
[05:49:25] 140.7, 126.1, 1.116
[05:49:26] 140.8, 126.1, 1.255
[05:49:27] 167.6, 126.1, 1.098
[05:49:28] 140.3, 126.1, 1.106
[05:49:29] 140.3, 126.1, 1.103
[05:49:30] 140.3, 126.1, 1.107
[05:49:31] 140.5, 126.0, 1.256
[05:49:32] 166.9, 126.0, 1.110
[05:49:33] 140.7, 126.1, 1.104
[05:49:34] 140.6, 126.0, 1.111
[05:49:35] 140.6, 126.0, 1.114
[05:49:36] 140.6, 126.0, 1.230
[05:49:37] 176.0, 125.9, 1.039
[05:49:38] 132.9, 126.1, 1.101
[05:49:39] 140.3, 126.0, 1.106
[05:49:40] 140.3, 126.0, 1.115
[05:49:41] 140.4, 126.1, 1.208
[05:49:42] 173.8, 126.1, 1.035
[05:49:43] 132.5, 126.1, 1.104
[05:49:44] 140.1, 126.0, 1.101
[05:49:45] 140.0, 126.1, 1.104
[05:49:46] 140.1, 126.0, 1.570
[05:49:47] 187.5, 126.1, 1.039
[05:49:48] 129.8, 126.0, 1.107
[05:49:49] 139.9, 126.0, 1.106
[05:49:50] 139.9, 126.1, 1.105
[05:49:51] 140.0, 126.0, 2.155
[05:49:52] 188.1, 126.1, 1.039
[05:49:53] 138.5, 126.1, 1.096
[05:49:54] 138.5, 126.0, 1.103
[05:49:55] 138.7, 126.1, 1.101
[05:49:56] 138.9, 126.1, 1.107
[05:49:57] 170.4, 126.2, 1.195
[05:49:58] 187.0, 126.1, 1.097
[05:49:59] 136.5, 126.1, 1.105
[05:50:00] 136.9, 126.1, 1.104
[05:50:01] 137.3, 126.1, 1.104
[05:50:02] 137.7, 126.0, 1.759
[05:50:03] 203.8, 126.0, 1.553
[05:50:04] 204.3, 126.1, 1.097
[05:50:05] 137.6, 126.0, 1.106
[05:50:06] 137.9, 126.1, 1.107
[05:50:07] 138.2, 126.1, 1.108
[05:50:08] 138.4, 126.0, 2.175
[05:50:09] 191.7, 126.0, 1.776
[05:50:10] 226.3, 126.0, 1.839
[05:50:11] 226.6, 126.1, 1.102
[05:50:12] 145.6, 126.1, 1.100
[05:50:13] 140.1, 126.1, 1.108
[05:50:14] 140.1, 126.1, 1.101
[05:50:15] 140.1, 126.1, 1.096
[05:50:16] 170.9, 125.9, 1.780
[05:50:17] 222.7, 126.0, 1.838
[05:50:18] 230.1, 126.0, 1.841
[05:50:19] 230.5, 126.0, 1.843
[05:50:20] 230.9, 126.1, 1.237
[05:50:21] 197.0, 126.1, 1.101
[05:50:22] 140.8, 126.1, 1.109
[05:50:23] 140.7, 126.2, 1.101
[05:50:24] 140.7, 126.2, 1.102
[05:50:25] 140.6, 126.1, 1.765
[05:50:26] 206.7, 126.0, 1.775
[05:50:27] 224.8, 126.0, 1.841
[05:50:28] 233.5, 126.0, 1.844
[05:50:29] 233.5, 126.0, 1.839
[05:50:30] 233.5, 126.0, 1.846
[05:50:31] 233.6, 126.0, 1.846
[05:50:32] 233.6, 126.0, 1.847
[05:50:33] 233.7, 126.0, 1.841
[05:50:34] 233.7, 126.0, 1.645
[05:50:35] 215.6, 126.1, 1.102
[05:50:36] 138.3, 126.1, 1.104
[05:50:37] 138.6, 126.0, 1.102
[05:50:38] 138.7, 126.0, 1.104
[05:50:39] 139.0, 126.0, 1.914
[05:50:40] 197.0, 126.0, 1.781
[05:50:41] 226.3, 126.0, 1.846
[05:50:42] 232.8, 126.0, 1.846
[05:50:43] 232.9, 126.0, 1.841
[05:50:44] 233.1, 126.0, 1.847
[05:50:45] 233.2, 126.0, 1.847
[05:50:46] 233.3, 126.0, 1.849
[05:50:47] 233.5, 126.0, 1.847
[05:50:48] 233.6, 126.1, 1.849
[05:50:49] 233.7, 126.1, 1.846
[05:50:50] 233.8, 126.1, 1.850
[05:50:51] 233.9, 126.0, 1.849
[05:50:52] 233.9, 126.1, 1.849
[05:50:53] 234.0, 126.1, 1.847
[05:50:54] 234.1, 126.1, 1.847
[05:50:55] 234.1, 126.1, 1.845
[05:50:56] 234.1, 126.1, 1.848
[05:50:57] 234.1, 126.1, 1.595
[05:50:58] 210.9, 126.2, 1.108
[05:50:59] 141.8, 126.1, 1.112
[05:51:00] 141.7, 126.2, 1.106
[05:51:01] 141.6, 126.2, 1.112
