<<<[03:06:15] 140.8, 126.5, 1.096
[03:06:16] 140.7, 126.6, 1.100
[03:06:17] 140.8, 126.6, 1.115
[03:06:18] 141.0, 126.6, 1.269
[03:06:19] 154.4, 126.6, 1.110
[03:06:20] 143.9, 126.6, 1.117
[03:06:21] 143.7, 126.6, 1.126
[03:06:22] 143.7, 126.7, 1.120
[03:06:23] 143.6, 126.6, 1.128
[03:06:24] 143.6, 126.6, 1.099
[03:06:25] 169.3, 126.6, 1.108
[03:06:26] 141.2, 126.6, 1.104
[03:06:27] 141.2, 126.6, 1.104
[03:06:28] 141.2, 126.6, 1.116
[03:06:29] 141.3, 126.5, 1.103
[03:06:30] 169.4, 126.6, 1.103
[03:06:31] 141.8, 126.6, 1.104
[03:06:32] 141.7, 126.6, 1.102
[03:06:33] 141.6, 126.7, 1.101
[03:06:34] 141.6, 126.6, 1.099
[03:06:35] 167.8, 126.7, 1.101
[03:06:36] 140.8, 126.7, 1.100
[03:06:37] 140.8, 126.6, 1.107
[03:06:38] 140.8, 126.6, 1.104
[03:06:39] 140.8, 126.7, 1.091
[03:06:40] 168.2, 126.6, 1.104
[03:06:41] 140.3, 126.6, 1.099
[03:06:42] 140.3, 126.6, 1.106
[03:06:43] 140.4, 126.6, 1.098
[03:06:44] 140.4, 126.6, 1.090
[03:06:45] 167.6, 126.6, 1.098
[03:06:46] 140.1, 126.7, 1.099
[03:06:47] 140.1, 126.6, 1.096
[03:06:48] 140.1, 126.7, 1.100
[03:06:49] 140.2, 126.7, 1.092
[03:06:50] 167.6, 126.6, 1.093
[03:06:51] 140.1, 126.6, 1.090
[03:06:52] 140.1, 126.6, 1.093
[03:06:53] 140.1, 126.6, 1.096
[03:06:54] 140.1, 126.6, 1.088
[03:06:55] 167.1, 126.6, 1.089
[03:06:56] 139.4, 126.6, 1.098
[03:06:57] 139.4, 126.6, 1.093
[03:06:58] 139.4, 126.6, 1.096
[03:06:59] 139.5, 126.6, 1.012
[03:07:00] 174.7, 126.5, 1.059
[03:07:01] 133.6, 126.5, 1.103
[03:07:02] 140.3, 126.5, 1.094
[03:07:03] 140.2, 126.5, 1.089
[03:07:04] 140.1, 126.6, 1.013
[03:07:05] 173.2, 126.6, 1.057
[03:07:06] 133.6, 126.5, 1.096
[03:07:07] 139.9, 126.5, 1.086
[03:07:08] 139.8, 126.5, 1.095
[03:07:09] 139.8, 126.5, 1.272
[03:07:10] 185.0, 126.6, 1.036
[03:07:11] 133.6, 126.6, 1.091
[03:07:12] 139.9, 126.5, 1.096
[03:07:13] 139.9, 126.5, 1.091
[03:07:14] 139.8, 126.5, 1.603
[03:07:15] 197.5, 126.5, 1.028
[03:07:16] 129.6, 126.5, 1.088
[03:07:17] 139.9, 126.5, 1.095
[03:07:18] 139.8, 126.5, 1.088
[03:07:19] 139.8, 126.4, 2.742
[03:07:20] 185.6, 126.5, 1.012
[03:07:21] 174.3, 126.5, 1.097
[03:07:22] 138.3, 126.5, 1.099
[03:07:23] 138.5, 126.6, 1.093
[03:07:24] 138.7, 126.5, 1.092
[03:07:25] 138.8, 126.5, 1.863
[03:07:26] 229.7, 126.5, 1.230
[03:07:27] 192.1, 126.5, 1.089
[03:07:28] 139.9, 126.4, 1.091
[03:07:29] 139.8, 126.5, 1.094
[03:07:30] 139.8, 126.4, 1.097
[03:07:31] 139.8, 126.3, 1.875
[03:07:32] 219.6, 126.4, 1.838
[03:07:33] 234.4, 126.4, 1.621
[03:07:34] 221.4, 126.4, 1.088
[03:07:35] 137.6, 126.5, 1.093
[03:07:36] 137.8, 126.5, 1.090
[03:07:37] 138.0, 126.5, 1.093
[03:07:38] 138.2, 126.4, 1.932
[03:07:39] 199.1, 126.4, 1.840
[03:07:40] 234.4, 126.4, 1.902
[03:07:41] 241.1, 126.4, 1.903
[03:07:42] 241.2, 126.4, 1.903
[03:07:43] 241.1, 126.5, 1.093
[03:07:44] 159.3, 126.4, 1.092
[03:07:45] 139.8, 126.5, 1.100
[03:07:46] 139.8, 126.4, 1.098
[03:07:47] 139.8, 126.3, 1.092
[03:07:48] 156.1, 126.3, 1.845
[03:07:49] 238.1, 126.3, 1.907
[03:07:50] 238.0, 126.3, 1.907
[03:07:51] 238.5, 126.3, 1.907
[03:07:52] 239.0, 126.1, 1.911
[03:07:53] 239.4, 126.2, 1.910
[03:07:54] 239.7, 126.3, 1.910
[03:07:55] 240.1, 126.3, 1.910
[03:07:56] 240.4, 126.3, 1.878
[03:07:57] 235.3, 126.3, 1.101
[03:07:58] 147.4, 126.4, 1.091
[03:07:59] 140.1, 126.3, 1.092
[03:08:00] 140.0, 126.3, 1.096
[03:08:01] 140.0, 126.2, 2.666
[03:08:02] 177.0, 126.2, 1.846
[03:08:03] 231.9, 126.3, 1.908
[03:08:04] 239.5, 126.2, 1.912
[03:08:05] 239.8, 126.2, 1.914
[03:08:06] 240.2, 126.3, 1.914
[03:08:07] 240.5, 126.2, 1.914
[03:08:08] 240.8, 126.3, 1.913
[03:08:09] 241.1, 126.3, 1.914
[03:08:10] 241.3, 126.2, 1.915
[03:08:11] 241.5, 126.3, 1.914
[03:08:12] 241.7, 126.2, 1.916
[03:08:13] 241.9, 126.3, 1.914
[03:08:14] 242.1, 126.2, 1.916
[03:08:15] 242.2, 126.2, 1.916
[03:08:16] 242.3, 126.2, 1.919
[03:08:17] 242.4, 126.2, 1.915
[03:08:18] 242.4, 126.2, 1.913
[03:08:19] 242.5, 126.3, 1.106
[03:08:20] 191.9, 126.3, 1.101
[03:08:21] 140.7, 126.3, 1.103
[03:08:22] 140.7, 126.4, 1.098
[03:08:23] 140.6, 126.3, 1.098
