<<<[22:30:51] 164.7, 125.9, 1.115
[22:30:52] 142.3, 125.9, 1.127
[22:30:53] 142.4, 125.9, 1.136
[22:30:54] 142.6, 125.8, 1.265
[22:30:55] 153.5, 125.8, 1.240
[22:30:56] 158.6, 125.8, 1.185
[22:30:57] 151.3, 125.9, 1.182
[22:30:58] 151.0, 125.8, 1.181
[22:30:59] 150.9, 125.9, 1.175
[22:31:00] 150.7, 125.9, 1.178
[22:31:01] 150.6, 125.9, 1.101
[22:31:02] 170.5, 125.9, 1.107
[22:31:03] 142.3, 125.9, 1.102
[22:31:04] 142.1, 125.8, 1.109
[22:31:05] 141.8, 125.9, 1.102
[22:31:06] 141.6, 125.8, 1.113
[22:31:07] 167.5, 125.9, 1.102
[22:31:08] 140.5, 125.8, 1.108
[22:31:09] 140.4, 125.8, 1.101
[22:31:10] 140.4, 125.8, 1.101
[22:31:11] 140.5, 125.8, 1.120
[22:31:12] 167.1, 125.8, 1.104
[22:31:13] 140.7, 125.8, 1.100
[22:31:14] 140.6, 125.8, 1.103
[22:31:15] 140.5, 125.8, 1.112
[22:31:16] 140.6, 125.8, 1.125
[22:31:17] 166.9, 125.8, 1.102
[22:31:18] 140.1, 125.9, 1.102
[22:31:19] 140.1, 125.8, 1.108
[22:31:20] 140.1, 125.8, 1.103
[22:31:21] 140.0, 125.9, 1.135
[22:31:22] 166.9, 125.9, 1.102
[22:31:23] 140.3, 125.8, 1.103
[22:31:24] 140.2, 125.9, 1.096
[22:31:25] 140.2, 125.9, 1.103
[22:31:26] 140.2, 125.9, 1.141
[22:31:27] 166.4, 125.9, 1.099
[22:31:28] 140.5, 125.9, 1.102
[22:31:29] 140.4, 125.9, 1.102
[22:31:30] 140.3, 125.9, 1.100
[22:31:31] 140.3, 125.9, 1.128
[22:31:32] 175.4, 125.8, 1.034
[22:31:33] 133.6, 125.8, 1.100
[22:31:34] 140.1, 125.8, 1.099
[22:31:35] 140.0, 125.8, 1.098
[22:31:36] 140.0, 125.9, 1.136
[22:31:37] 175.1, 125.8, 1.032
[22:31:38] 132.3, 125.8, 1.103
[22:31:39] 140.3, 125.8, 1.100
[22:31:40] 140.2, 125.8, 1.100
[22:31:41] 140.2, 125.7, 1.586
[22:31:42] 188.8, 125.8, 1.039
[22:31:43] 130.9, 125.8, 1.100
[22:31:44] 140.3, 125.8, 1.097
[22:31:45] 140.2, 125.8, 1.105
[22:31:46] 140.2, 125.7, 1.804
[22:31:47] 192.3, 125.7, 1.041
[22:31:48] 137.9, 125.7, 1.096
[22:31:49] 138.0, 125.7, 1.102
[22:31:50] 138.2, 125.8, 1.102
[22:31:51] 138.5, 125.6, 3.339
[22:31:52] 181.8, 125.8, 1.036
[22:31:53] 170.9, 125.9, 1.097
[22:31:54] 137.2, 125.9, 1.095
[22:31:55] 137.5, 125.8, 1.098
[22:31:56] 137.8, 125.9, 1.097
[22:31:57] 138.0, 125.7, 1.880
[22:31:58] 233.0, 125.8, 1.078
[22:31:59] 171.1, 125.9, 1.102
[22:32:00] 139.6, 125.9, 1.100
[22:32:01] 139.6, 125.8, 1.101
[22:32:02] 139.6, 125.8, 1.103
[22:32:03] 139.6, 125.7, 1.865
[22:32:04] 242.6, 125.7, 1.921
[22:32:05] 235.7, 125.8, 1.105
[22:32:06] 158.8, 125.8, 1.101
[22:32:07] 139.8, 125.8, 1.101
[22:32:08] 139.8, 125.8, 1.103
[22:32:09] 139.8, 125.9, 1.100
[22:32:10] 166.7, 125.8, 1.871
[22:32:11] 233.9, 125.8, 1.927
[22:32:12] 240.0, 125.7, 1.930
[22:32:13] 240.4, 125.8, 1.644
[22:32:14] 221.8, 125.8, 1.100
[22:32:15] 138.1, 125.8, 1.105
[22:32:16] 138.3, 125.9, 1.097
[22:32:17] 138.5, 125.8, 1.103
[22:32:18] 138.7, 125.8, 1.926
[22:32:19] 200.8, 125.8, 1.865
[22:32:20] 236.1, 125.7, 1.930
[22:32:21] 243.3, 125.8, 1.932
[22:32:22] 243.3, 125.8, 1.933
[22:32:23] 243.5, 125.8, 1.931
[22:32:24] 243.6, 125.8, 1.934
[22:32:25] 243.7, 125.8, 1.819
[22:32:26] 235.2, 125.9, 1.103
[22:32:27] 147.5, 125.9, 1.104
[22:32:28] 139.9, 125.8, 1.097
[22:32:29] 139.8, 125.8, 1.103
[22:32:30] 139.8, 125.7, 3.431
[22:32:31] 181.6, 125.8, 1.868
[22:32:32] 234.8, 125.8, 1.930
[22:32:33] 241.5, 125.7, 1.934
[22:32:34] 241.8, 125.7, 1.937
[22:32:35] 242.2, 125.7, 1.936
[22:32:36] 242.5, 125.7, 1.936
[22:32:37] 242.8, 125.7, 1.935
[22:32:38] 243.0, 125.7, 1.936
[22:32:39] 243.2, 125.7, 1.935
[22:32:40] 243.4, 125.7, 1.937
[22:32:41] 243.6, 125.7, 1.936
[22:32:42] 243.7, 125.7, 1.937
[22:32:43] 243.8, 125.7, 1.935
[22:32:44] 243.9, 125.7, 1.936
[22:32:45] 244.0, 125.8, 1.103
[22:32:46] 161.8, 125.9, 1.100
[22:32:47] 139.9, 125.9, 1.102
[22:32:48] 139.9, 125.8, 1.102
