<<<[03:26:30] 142.1, 126.4, 1.103
[03:26:31] 142.0, 126.4, 1.096
[03:26:32] 141.8, 126.4, 1.106
[03:26:33] 141.7, 126.4, 1.254
[03:26:34] 151.7, 126.4, 1.253
[03:26:35] 160.0, 126.4, 1.099
[03:26:36] 141.4, 126.4, 1.104
[03:26:37] 141.3, 126.4, 1.121
[03:26:38] 141.5, 126.4, 1.122
[03:26:39] 141.8, 126.4, 1.123
[03:26:40] 142.0, 126.4, 1.119
[03:26:41] 168.4, 126.4, 1.110
[03:26:42] 141.4, 126.4, 1.110
[03:26:43] 141.4, 126.4, 1.112
[03:26:44] 141.4, 126.4, 1.105
[03:26:45] 141.6, 126.4, 1.121
[03:26:46] 168.0, 126.4, 1.115
[03:26:47] 141.8, 126.4, 1.104
[03:26:48] 141.8, 126.4, 1.112
[03:26:49] 141.7, 126.4, 1.101
[03:26:50] 141.6, 126.4, 1.113
[03:26:51] 167.3, 126.4, 1.099
[03:26:52] 140.5, 126.4, 1.096
[03:26:53] 140.5, 126.4, 1.105
[03:26:54] 140.5, 126.4, 1.101
[03:26:55] 140.6, 126.4, 1.112
[03:26:56] 167.1, 126.4, 1.098
[03:26:57] 139.8, 126.4, 1.097
[03:26:58] 139.8, 126.4, 1.101
[03:26:59] 139.8, 126.4, 1.100
[03:27:00] 139.9, 126.4, 1.110
[03:27:01] 166.4, 126.5, 1.093
[03:27:02] 140.3, 126.4, 1.094
[03:27:03] 140.2, 126.4, 1.100
[03:27:04] 140.2, 126.4, 1.095
[03:27:05] 140.2, 126.4, 1.113
[03:27:06] 167.1, 126.4, 1.100
[03:27:07] 140.1, 126.4, 1.097
[03:27:08] 140.0, 126.4, 1.099
[03:27:09] 140.0, 126.4, 1.099
[03:27:10] 140.0, 126.4, 1.110
[03:27:11] 166.9, 126.4, 1.098
[03:27:12] 139.8, 126.4, 1.096
[03:27:13] 139.8, 126.4, 1.093
[03:27:14] 139.8, 126.4, 1.098
[03:27:15] 139.8, 126.4, 1.053
[03:27:16] 174.0, 126.4, 1.102
[03:27:17] 134.7, 126.3, 1.097
[03:27:18] 135.3, 126.4, 1.091
[03:27:19] 135.8, 126.4, 1.093
[03:27:20] 136.3, 126.4, 1.047
[03:27:21] 173.4, 126.4, 1.101
[03:27:22] 134.7, 126.3, 1.101
[03:27:23] 139.9, 126.4, 1.102
[03:27:24] 139.9, 126.4, 1.093
[03:27:25] 139.8, 126.4, 0.974
[03:27:26] 186.1, 126.4, 1.085
[03:27:27] 134.1, 126.4, 1.089
[03:27:28] 139.2, 126.3, 1.095
[03:27:29] 139.2, 126.3, 1.091
[03:27:30] 139.3, 126.3, 1.528
[03:27:31] 195.9, 126.3, 1.054
[03:27:32] 134.1, 126.3, 1.095
[03:27:33] 139.8, 126.4, 1.099
[03:27:34] 139.8, 126.4, 1.093
[03:27:35] 139.8, 126.3, 1.870
[03:27:36] 207.6, 126.4, 1.023
[03:27:37] 143.7, 126.4, 1.082
[03:27:38] 143.1, 126.4, 1.098
[03:27:39] 142.7, 126.3, 1.098
[03:27:40] 142.2, 126.4, 1.108
[03:27:41] 174.0, 126.4, 1.605
[03:27:42] 222.8, 126.4, 1.098
[03:27:43] 136.3, 126.4, 1.094
[03:27:44] 136.7, 126.3, 1.090
[03:27:45] 137.0, 126.3, 1.094
[03:27:46] 137.3, 126.1, 2.854
[03:27:47] 187.0, 126.2, 1.878
[03:27:48] 239.1, 126.4, 1.054
[03:27:49] 191.3, 126.3, 1.095
[03:27:50] 139.4, 126.4, 1.096
[03:27:51] 139.4, 126.3, 1.092
[03:27:52] 139.4, 126.4, 1.098
[03:27:53] 139.5, 126.3, 1.904
[03:27:54] 219.6, 126.3, 1.879
[03:27:55] 238.8, 126.3, 1.944
[03:27:56] 246.9, 126.3, 1.758
[03:27:57] 235.0, 126.4, 1.088
[03:27:58] 139.8, 126.4, 1.092
[03:27:59] 139.7, 126.4, 1.087
[03:28:00] 139.7, 126.4, 1.095
[03:28:01] 139.7, 126.2, 3.285
[03:28:02] 183.0, 126.3, 1.878
[03:28:03] 238.2, 126.3, 1.942
[03:28:04] 244.6, 126.3, 1.942
[03:28:05] 244.8, 126.3, 1.942
[03:28:06] 245.0, 126.4, 1.939
[03:28:07] 245.2, 126.3, 1.940
[03:28:08] 245.4, 126.4, 1.597
[03:28:09] 210.2, 126.5, 1.100
[03:28:10] 139.9, 126.4, 1.093
[03:28:11] 139.9, 126.4, 1.100
[03:28:12] 139.9, 126.4, 1.098
[03:28:13] 139.9, 126.3, 1.863
[03:28:14] 211.6, 126.3, 1.878
[03:28:15] 238.6, 126.3, 1.939
[03:28:16] 246.2, 126.3, 1.942
[03:28:17] 246.2, 126.2, 1.940
[03:28:18] 246.2, 126.3, 1.943
[03:28:19] 246.3, 126.3, 1.942
[03:28:20] 246.3, 126.3, 1.943
[03:28:21] 246.4, 126.3, 1.944
[03:28:22] 246.4, 126.3, 1.946
[03:28:23] 246.5, 126.3, 1.948
[03:28:24] 246.6, 126.3, 1.946
[03:28:25] 246.6, 126.3, 1.949
[03:28:26] 246.7, 126.2, 1.944
[03:28:27] 235.2, 126.3, 1.102
[03:28:28] 138.7, 126.3, 1.101
[03:28:29] 138.8, 126.4, 1.100
[03:28:30] 139.0, 126.4, 1.101
<<<[03:28:43] 141.6, 126.4, 1.104
[03:28:44] 141.5, 126.5, 1.102
[03:28:45] 141.5, 126.5, 1.105
[03:28:46] 141.4, 126.4, 1.265
[03:28:47] 157.0, 126.4, 1.136
[03:28:48] 156.5, 126.4, 1.117
[03:28:49] 142.3, 126.5, 1.112
[03:28:50] 142.3, 126.5, 1.118
[03:28:51] 142.3, 126.5, 1.126
[03:28:52] 142.4, 126.4, 1.684
[03:28:53] 167.1, 126.4, 1.101
[03:28:54] 144.3, 126.4, 1.098
[03:28:55] 143.8, 126.5, 1.101
[03:28:56] 143.4, 126.4, 1.102
[03:28:57] 143.1, 126.3, 1.675
[03:28:58] 165.6, 126.4, 1.105
[03:28:59] 144.5, 126.4, 1.111
[03:29:00] 144.1, 126.4, 1.108
[03:29:01] 143.7, 126.4, 1.104
[03:29:02] 143.3, 126.3, 1.670
[03:29:03] 165.1, 126.4, 1.105
[03:29:04] 144.1, 126.4, 1.104
[03:29:05] 143.7, 126.4, 1.103
[03:29:06] 143.3, 126.4, 1.096
[03:29:07] 142.9, 126.4, 1.658
[03:29:08] 164.0, 126.4, 1.100
[03:29:09] 143.6, 126.4, 1.097
[03:29:10] 143.1, 126.4, 1.098
[03:29:11] 142.7, 126.4, 1.098
[03:29:12] 142.4, 126.3, 1.654
[03:29:13] 164.4, 126.4, 1.100
[03:29:14] 143.6, 126.4, 1.091
[03:29:15] 143.1, 126.4, 1.092
[03:29:16] 142.6, 126.4, 1.092
[03:29:17] 142.3, 126.3, 1.648
[03:29:18] 163.8, 126.4, 1.092
[03:29:19] 143.2, 126.4, 1.101
[03:29:20] 142.7, 126.4, 1.102
[03:29:21] 142.4, 126.4, 1.099
[03:29:22] 142.2, 126.3, 1.643
[03:29:23] 163.5, 126.4, 1.091
[03:29:24] 143.2, 126.4, 1.096
[03:29:25] 142.7, 126.4, 1.099
[03:29:26] 142.4, 126.4, 1.093
[03:29:27] 142.0, 126.2, 2.962
[03:29:28] 175.1, 126.4, 1.028
[03:29:29] 135.8, 126.4, 1.095
[03:29:30] 135.9, 126.4, 1.092
[03:29:31] 136.4, 126.4, 1.098
[03:29:32] 136.8, 126.3, 3.186
[03:29:33] 175.2, 126.5, 1.033
[03:29:34] 135.8, 126.4, 1.089
[03:29:35] 135.9, 126.4, 1.095
[03:29:36] 136.3, 126.4, 1.094
[03:29:37] 136.8, 126.1, 3.200
[03:29:38] 174.7, 126.4, 1.034
[03:29:39] 148.3, 126.4, 1.087
[03:29:40] 136.7, 126.4, 1.096
[03:29:41] 137.0, 126.4, 1.095
[03:29:42] 137.4, 126.4, 1.093
[03:29:43] 169.3, 126.4, 1.046
[03:29:44] 168.7, 126.4, 1.088
[03:29:45] 135.6, 126.4, 1.096
[03:29:46] 136.1, 126.5, 1.093
[03:29:47] 136.5, 126.5, 1.088
[03:29:48] 136.8, 126.4, 1.552
[03:29:49] 218.1, 126.4, 1.089
[03:29:50] 132.3, 126.4, 1.091
[03:29:51] 139.4, 126.4, 1.098
[03:29:52] 139.4, 126.4, 1.097
[03:29:53] 139.5, 126.3, 1.930
[03:29:54] 201.3, 126.4, 1.122
[03:29:55] 191.5, 126.4, 1.092
[03:29:56] 139.0, 126.4, 1.089
[03:29:57] 139.0, 126.3, 1.089
[03:29:58] 139.0, 126.3, 1.088
[03:30:00] 139.1, 126.3, 1.892
[03:30:01] 217.6, 126.3, 1.879
[03:30:02] 238.8, 126.4, 1.098
[03:30:03] 160.8, 126.4, 1.098
[03:30:04] 139.6, 126.4, 1.091
[03:30:05] 139.5, 126.3, 1.092
[03:30:06] 139.5, 126.4, 1.099
[03:30:07] 139.5, 126.3, 1.875
[03:30:08] 248.9, 126.3, 1.949
[03:30:09] 241.7, 126.2, 1.943
[03:30:10] 246.9, 126.4, 1.195
[03:30:11] 201.8, 126.4, 1.089
[03:30:12] 139.9, 126.4, 1.094
[03:30:13] 139.8, 126.4, 1.103
[03:30:14] 139.9, 126.3, 1.093
[03:30:15] 139.9, 126.3, 1.864
[03:30:16] 212.9, 126.1, 1.882
[03:30:17] 238.8, 126.3, 1.943
[03:30:18] 246.7, 126.2, 1.944
[03:30:19] 246.7, 126.2, 1.942
[03:30:20] 246.6, 126.3, 1.944
[03:30:21] 246.6, 126.3, 1.941
[03:30:22] 246.6, 126.4, 1.104
[03:30:23] 178.3, 126.3, 1.101
[03:30:24] 140.1, 126.3, 1.092
[03:30:25] 140.0, 126.3, 1.102
[03:30:26] 140.1, 126.2, 1.096
[03:30:27] 140.0, 126.3, 1.884
[03:30:28] 239.7, 126.2, 1.913
[03:30:29] 239.8, 126.3, 1.942
[03:30:30] 246.4, 126.3, 1.941
[03:30:31] 246.4, 126.3, 1.942
[03:30:32] 246.4, 126.3, 1.943
[03:30:33] 246.4, 126.3, 1.945
[03:30:34] 246.5, 126.3, 1.944
[03:30:35] 246.5, 126.3, 1.946
[03:30:36] 246.6, 126.3, 1.945
[03:30:37] 246.7, 126.3, 1.948
[03:30:38] 246.7, 126.3, 1.946
[03:30:39] 246.8, 126.3, 1.951
[03:30:40] 246.9, 126.4, 1.099
[03:30:41] 204.2, 126.4, 1.098
[03:30:42] 140.1, 126.4, 1.105
[03:30:43] 140.1, 126.4, 1.092
[03:30:44] 140.2, 126.4, 1.094
