<<<[04:45:41] 142.5, 126.3, 1.106
[04:45:42] 142.4, 126.2, 1.110
[04:45:43] 142.2, 126.2, 1.112
[04:45:44] 142.2, 126.2, 1.243
[04:45:45] 155.3, 126.2, 1.236
[04:45:46] 160.8, 126.2, 1.258
[04:45:47] 160.7, 126.1, 1.261
[04:45:48] 160.4, 126.1, 1.244
[04:45:49] 160.1, 126.1, 1.245
[04:45:50] 159.9, 126.1, 1.137
[04:45:51] 147.4, 126.2, 1.120
[04:45:52] 146.8, 126.2, 1.108
[04:45:53] 146.2, 126.2, 1.111
[04:45:54] 145.7, 126.1, 1.111
[04:45:55] 145.1, 126.2, 1.070
[04:45:56] 168.2, 126.2, 1.102
[04:45:57] 139.9, 126.1, 1.103
[04:45:58] 139.9, 126.1, 1.101
[04:45:59] 139.9, 126.1, 1.101
[04:46:00] 139.9, 126.1, 1.071
[04:46:01] 166.0, 126.1, 1.102
[04:46:02] 140.1, 126.1, 1.099
[04:46:03] 140.0, 126.2, 1.097
[04:46:04] 140.0, 126.2, 1.094
[04:46:05] 140.0, 126.2, 1.033
[04:46:06] 174.9, 126.2, 1.033
[04:46:07] 133.1, 126.2, 1.099
[04:46:08] 139.8, 126.3, 1.098
[04:46:09] 139.8, 126.2, 1.098
[04:46:10] 139.8, 126.2, 1.583
[04:46:11] 186.8, 126.2, 1.034
[04:46:12] 132.7, 126.2, 1.095
[04:46:13] 139.9, 126.2, 1.096
[04:46:14] 139.8, 126.2, 1.098
[04:46:15] 139.9, 126.2, 1.572
[04:46:16] 197.7, 126.2, 1.038
[04:46:17] 133.2, 126.2, 1.096
[04:46:18] 139.9, 126.2, 1.095
[04:46:19] 139.8, 126.2, 1.098
[04:46:20] 139.9, 126.1, 2.743
[04:46:21] 188.8, 126.2, 1.055
[04:46:22] 163.8, 126.2, 1.095
[04:46:23] 137.9, 126.2, 1.097
[04:46:24] 138.1, 126.2, 1.100
[04:46:25] 138.3, 126.2, 1.098
[04:46:26] 138.6, 126.1, 1.877
[04:46:27] 244.9, 126.2, 1.088
[04:46:28] 147.9, 126.2, 1.098
[04:46:29] 139.4, 126.2, 1.100
[04:46:30] 139.4, 126.2, 1.100
[04:46:31] 139.5, 126.2, 1.098
[04:46:32] 154.2, 126.1, 1.875
[04:46:33] 244.2, 126.2, 1.665
[04:46:34] 228.8, 126.2, 1.097
[04:46:35] 141.2, 126.2, 1.092
[04:46:36] 141.0, 126.3, 1.094
[04:46:37] 140.8, 126.3, 1.098
[04:46:38] 140.7, 126.1, 2.859
[04:46:39] 186.8, 126.1, 1.874
[04:46:40] 238.6, 126.1, 1.939
[04:46:41] 243.8, 126.1, 1.943
[04:46:42] 244.1, 126.2, 1.120
[04:46:43] 172.5, 126.2, 1.096
[04:46:44] 139.8, 126.2, 1.098
[04:46:45] 139.7, 126.2, 1.102
[04:46:46] 139.8, 126.2, 1.097
[04:46:47] 139.8, 126.2, 1.876
[04:46:48] 241.9, 126.2, 1.935
[04:46:49] 241.7, 126.1, 1.943
[04:46:50] 242.2, 126.2, 1.943
[04:46:51] 242.8, 126.1, 1.944
[04:46:52] 243.2, 126.1, 1.945
[04:46:53] 243.6, 126.1, 1.944
[04:46:54] 243.9, 126.2, 1.097
[04:46:55] 155.7, 126.2, 1.098
[04:46:56] 139.9, 126.3, 1.099
[04:46:57] 139.8, 126.2, 1.094
[04:46:58] 139.8, 126.2, 1.101
[04:46:59] 139.8, 126.1, 1.878
[04:47:00] 253.4, 126.1, 1.948
[04:47:01] 241.3, 126.1, 1.943
[04:47:02] 241.9, 126.1, 1.947
[04:47:03] 242.5, 126.1, 1.945
[04:47:04] 243.0, 126.1, 1.947
[04:47:05] 243.4, 126.1, 1.943
[04:47:06] 243.8, 126.1, 1.947
[04:47:07] 244.2, 126.1, 1.948
[04:47:08] 244.5, 126.1, 1.947
[04:47:09] 244.8, 126.1, 1.949
[04:47:10] 245.1, 126.1, 1.948
[04:47:11] 245.3, 126.1, 1.950
[04:47:12] 245.6, 126.2, 1.699
[04:47:13] 221.8, 126.2, 1.101
[04:47:14] 140.8, 126.2, 1.100
[04:47:15] 140.6, 126.3, 1.098
[04:47:16] 140.6, 126.3, 1.103
