<<<[14:45:23] 140.6, 125.1, 1.108
[14:45:24] 140.7, 125.2, 1.133
[14:45:25] 140.9, 125.2, 1.151
[14:45:26] 141.2, 125.1, 1.242
[14:45:27] 154.1, 125.1, 1.255
[14:45:28] 154.6, 125.2, 1.261
[14:45:29] 155.1, 125.2, 1.279
[14:45:30] 155.5, 125.2, 1.287
[14:45:31] 155.7, 125.3, 1.220
[14:45:32] 155.3, 125.3, 1.135
[14:45:33] 145.0, 125.3, 1.146
[14:45:34] 144.9, 125.3, 1.139
[14:45:35] 145.1, 125.2, 1.153
[14:45:36] 157.3, 125.3, 1.090
[14:45:37] 156.9, 125.3, 1.115
[14:45:38] 140.7, 125.3, 1.112
[14:45:39] 140.7, 125.3, 1.107
[14:45:40] 140.7, 125.2, 1.129
[14:45:41] 153.3, 125.3, 1.112
[14:45:42] 153.6, 125.3, 1.118
[14:45:43] 140.7, 125.3, 1.106
[14:45:44] 140.6, 125.3, 1.110
[14:45:45] 140.6, 125.3, 1.122
[14:45:46] 152.2, 125.3, 1.111
[14:45:47] 152.6, 125.3, 1.108
[14:45:48] 140.5, 125.3, 1.113
[14:45:49] 140.5, 125.2, 1.112
[14:45:50] 140.5, 125.2, 1.116
[14:45:51] 152.4, 125.2, 1.118
[14:45:52] 152.8, 125.2, 1.113
[14:45:53] 140.3, 125.3, 1.106
[14:45:54] 140.3, 125.2, 1.116
[14:45:55] 140.4, 125.2, 1.115
[14:45:56] 168.9, 125.2, 1.041
[14:45:57] 145.2, 125.2, 1.102
[14:45:58] 137.0, 125.2, 1.116
[14:45:59] 137.4, 125.2, 1.108
[14:46:00] 137.8, 125.2, 1.115
[14:46:01] 169.4, 125.3, 1.048
[14:46:02] 146.1, 125.3, 1.098
[14:46:03] 136.7, 125.2, 1.107
[14:46:04] 137.1, 125.3, 1.105
[14:46:05] 137.5, 125.2, 1.110
[14:46:06] 166.9, 125.2, 1.048
[14:46:07] 148.1, 125.2, 1.109
[14:46:08] 136.3, 125.2, 1.106
[14:46:09] 136.8, 125.2, 1.113
[14:46:10] 137.2, 125.2, 1.118
[14:46:11] 137.7, 125.1, 1.064
[14:46:12] 188.6, 125.2, 1.113
[14:46:13] 135.8, 125.2, 1.112
[14:46:14] 136.4, 125.2, 1.111
[14:46:15] 136.9, 125.2, 1.108
[14:46:16] 137.3, 125.2, 1.575
[14:46:17] 219.9, 125.2, 1.072
[14:46:18] 133.6, 125.2, 1.106
[14:46:19] 139.9, 125.2, 1.109
[14:46:20] 140.0, 125.2, 1.108
[14:46:21] 140.0, 125.1, 2.147
[14:46:22] 225.0, 125.3, 1.054
[14:46:23] 171.6, 125.2, 1.108
[14:46:24] 139.8, 125.3, 1.110
[14:46:25] 139.9, 125.3, 1.112
[14:46:26] 140.0, 125.3, 1.105
[14:46:27] 140.0, 125.1, 2.179
[14:46:28] 272.8, 125.3, 1.141
[14:46:29] 208.2, 125.3, 1.107
[14:46:30] 140.3, 125.2, 1.109
[14:46:31] 140.3, 125.3, 1.105
[14:46:32] 140.2, 125.3, 1.106
[14:46:33] 140.2, 125.2, 2.188
[14:46:34] 236.4, 125.2, 2.182
[14:46:35] 274.3, 125.2, 2.247
[14:46:36] 280.8, 125.4, 1.112
[14:46:37] 155.3, 125.3, 1.111
[14:46:38] 140.5, 125.4, 1.102
[14:46:39] 140.5, 125.4, 1.113
[14:46:40] 140.4, 125.4, 1.122
[14:46:41] 162.2, 125.2, 2.185
[14:46:42] 276.4, 125.2, 2.252
[14:46:43] 276.6, 125.2, 2.247
[14:46:44] 282.4, 125.2, 2.244
[14:46:45] 282.3, 125.1, 2.245
[14:46:46] 282.3, 125.3, 1.101
[14:46:47] 160.4, 125.3, 1.108
[14:46:48] 140.5, 125.3, 1.105
[14:46:49] 140.4, 125.3, 1.106
[14:46:50] 140.5, 125.3, 1.112
[14:46:51] 140.5, 125.1, 2.185
[14:46:52] 285.8, 125.1, 2.252
[14:46:53] 277.3, 125.1, 2.245
[14:46:54] 277.9, 125.1, 2.246
[14:46:55] 278.4, 125.1, 2.248
[14:46:56] 278.8, 125.1, 2.249
[14:46:57] 279.3, 125.1, 2.251
[14:46:58] 279.7, 125.2, 2.249
[14:46:59] 280.1, 125.2, 2.251
[14:47:00] 280.4, 125.1, 2.251
[14:47:01] 280.7, 125.3, 1.112
[14:47:02] 173.1, 125.3, 1.109
[14:47:03] 140.7, 125.2, 1.111
[14:47:04] 140.6, 125.3, 1.113
