<<<[00:38:49] 140.7, 126.3, 1.107
[00:38:50] 140.8, 126.3, 1.116
[00:38:51] 141.1, 126.4, 1.129
[00:38:52] 141.4, 126.3, 1.236
[00:38:53] 150.8, 126.3, 1.256
[00:38:54] 158.8, 126.3, 1.102
[00:38:55] 151.9, 126.3, 1.143
[00:38:56] 144.8, 126.3, 1.167
[00:38:57] 145.1, 126.3, 1.129
[00:38:58] 145.3, 126.3, 1.118
[00:38:59] 145.0, 126.2, 1.679
[00:39:00] 170.9, 126.3, 1.107
[00:39:01] 139.2, 126.3, 1.103
[00:39:02] 139.4, 126.3, 1.110
[00:39:03] 139.6, 126.3, 1.106
[00:39:04] 139.8, 126.3, 1.691
[00:39:05] 170.7, 126.4, 1.103
[00:39:06] 139.8, 126.4, 1.104
[00:39:07] 139.9, 126.4, 1.101
[00:39:08] 140.1, 126.4, 1.103
[00:39:09] 140.2, 126.3, 1.683
[00:39:10] 169.8, 126.4, 1.097
[00:39:11] 138.9, 126.4, 1.101
[00:39:12] 139.1, 126.4, 1.107
[00:39:13] 139.3, 126.4, 1.100
[00:39:14] 139.5, 126.3, 1.693
[00:39:15] 168.9, 126.4, 1.103
[00:39:16] 138.9, 126.4, 1.099
[00:39:17] 139.0, 126.4, 1.099
[00:39:18] 139.2, 126.3, 1.104
[00:39:19] 139.4, 126.3, 1.689
[00:39:20] 169.1, 126.4, 1.100
[00:39:21] 138.5, 126.4, 1.102
[00:39:22] 138.7, 126.4, 1.106
[00:39:23] 139.0, 126.4, 1.100
[00:39:24] 139.2, 126.3, 1.694
[00:39:25] 168.7, 126.4, 1.092
[00:39:26] 138.3, 126.4, 1.100
[00:39:27] 138.5, 126.4, 1.096
[00:39:28] 138.7, 126.3, 1.102
[00:39:29] 138.9, 126.3, 2.102
[00:39:30] 179.6, 126.4, 1.042
[00:39:31] 130.9, 126.4, 1.096
[00:39:32] 138.5, 126.4, 1.102
[00:39:33] 138.6, 126.4, 1.096
[00:39:34] 138.8, 126.3, 2.437
[00:39:35] 178.1, 126.4, 1.024
[00:39:36] 130.5, 126.4, 1.094
[00:39:37] 138.1, 126.4, 1.099
[00:39:38] 138.3, 126.4, 1.103
[00:39:39] 138.6, 126.3, 3.141
[00:39:40] 179.0, 126.4, 1.030
[00:39:41] 142.1, 126.4, 1.104
[00:39:42] 141.5, 126.4, 1.097
[00:39:43] 141.4, 126.4, 1.095
[00:39:44] 141.2, 126.4, 1.129
[00:39:45] 174.9, 126.3, 1.059
[00:39:46] 156.2, 126.4, 1.098
[00:39:47] 136.5, 126.4, 1.096
[00:39:48] 136.9, 126.4, 1.102
[00:39:49] 137.3, 126.4, 1.100
[00:39:50] 137.6, 126.3, 1.544
[00:39:51] 225.7, 126.4, 1.096
[00:39:52] 132.9, 126.4, 1.100
[00:39:53] 140.1, 126.4, 1.097
[00:39:54] 140.0, 126.4, 1.107
[00:39:55] 140.1, 126.3, 2.188
[00:39:56] 192.6, 126.4, 1.549
[00:39:57] 217.6, 126.4, 1.089
[00:39:58] 136.9, 126.4, 1.094
[00:39:59] 137.2, 126.4, 1.106
[00:40:00] 137.6, 126.4, 1.098
[00:40:01] 137.9, 126.3, 2.160
[00:40:02] 191.9, 126.4, 1.809
[00:40:03] 230.6, 126.4, 1.616
[00:40:04] 224.3, 126.4, 1.097
[00:40:05] 138.5, 126.4, 1.097
[00:40:06] 138.6, 126.4, 1.098
[00:40:07] 138.8, 126.4, 1.093
[00:40:08] 139.0, 126.3, 2.284
[00:40:09] 191.0, 126.3, 1.811
[00:40:10] 231.0, 126.3, 1.877
[00:40:11] 236.4, 126.3, 1.876
[00:40:12] 236.6, 126.3, 1.614
[00:40:13] 225.9, 126.3, 1.100
[00:40:14] 138.9, 126.4, 1.100
[00:40:15] 139.0, 126.3, 1.094
[00:40:16] 139.1, 126.3, 1.096
[00:40:17] 139.2, 126.2, 2.561
[00:40:18] 188.5, 126.2, 1.811
[00:40:19] 231.2, 126.2, 1.875
[00:40:20] 231.8, 126.2, 1.877
[00:40:21] 238.2, 126.3, 1.878
[00:40:22] 238.2, 126.3, 1.878
[00:40:23] 238.2, 126.3, 1.877
[00:40:24] 238.2, 126.3, 1.878
[00:40:25] 238.3, 126.4, 1.665
[00:40:26] 228.1, 126.4, 1.104
[00:40:27] 139.2, 126.3, 1.098
[00:40:28] 139.2, 126.3, 1.102
[00:40:29] 139.3, 126.3, 1.099
[00:40:30] 139.4, 126.2, 2.870
[00:40:31] 183.9, 126.2, 1.813
[00:40:32] 231.0, 126.3, 1.879
[00:40:33] 236.2, 126.3, 1.879
[00:40:34] 236.4, 126.3, 1.878
[00:40:35] 236.7, 126.3, 1.878
[00:40:36] 236.9, 126.3, 1.877
[00:40:37] 237.1, 126.3, 1.879
[00:40:38] 237.2, 126.3, 1.877
[00:40:39] 237.3, 126.3, 1.880
[00:40:40] 237.5, 126.3, 1.880
[00:40:41] 237.7, 126.2, 1.881
[00:40:42] 237.9, 126.3, 1.882
[00:40:43] 238.0, 126.3, 1.881
[00:40:44] 238.1, 126.3, 1.884
[00:40:45] 238.2, 126.3, 1.881
[00:40:46] 238.3, 126.3, 1.745
[00:40:47] 217.1, 126.4, 1.096
[00:40:48] 140.8, 126.4, 1.100
[00:40:49] 140.7, 126.3, 1.102
[00:40:50] 140.6, 126.4, 1.103
