<<<[03:53:17] 140.4, 126.6, 1.097
[03:53:18] 140.4, 126.5, 1.099
[03:53:19] 140.5, 126.5, 1.107
[03:53:20] 140.5, 126.5, 1.237
[03:53:21] 149.4, 126.5, 1.264
[03:53:22] 160.2, 126.5, 1.247
[03:53:23] 160.1, 126.5, 1.272
[03:53:24] 160.2, 126.5, 1.270
[03:53:25] 160.4, 126.5, 1.272
[03:53:26] 160.6, 126.4, 1.271
[03:53:27] 160.7, 126.4, 1.236
[03:53:28] 160.5, 126.5, 1.283
[03:53:29] 160.5, 126.5, 1.254
[03:53:30] 160.6, 126.5, 1.246
[03:53:31] 160.4, 126.5, 1.301
[03:53:32] 160.3, 126.5, 1.248
[03:53:33] 160.1, 126.4, 1.282
[03:53:34] 160.1, 126.5, 1.273
[03:53:35] 160.0, 126.5, 1.296
[03:53:36] 159.9, 126.5, 1.258
[03:53:37] 159.7, 126.5, 1.255
[03:53:38] 159.8, 126.6, 1.246
[03:53:39] 159.9, 126.5, 1.105
[03:53:40] 149.9, 126.5, 1.100
[03:53:41] 139.9, 126.5, 1.107
[03:53:42] 140.0, 126.5, 1.101
[03:53:43] 139.9, 126.5, 1.099
[03:53:44] 140.0, 126.4, 1.631
[03:53:45] 170.2, 126.6, 1.107
[03:53:46] 138.9, 126.5, 1.100
[03:53:47] 139.0, 126.5, 1.101
[03:53:48] 139.1, 126.5, 1.098
[03:53:49] 139.3, 126.5, 1.591
[03:53:50] 181.2, 126.6, 1.035
[03:53:51] 130.2, 126.5, 1.102
[03:53:52] 139.2, 126.5, 1.105
[03:53:53] 139.2, 126.6, 1.106
[03:53:54] 139.4, 126.5, 1.650
[03:53:55] 181.8, 126.5, 1.038
[03:53:56] 130.3, 126.6, 1.102
[03:53:57] 139.6, 126.5, 1.099
[03:53:58] 139.6, 126.6, 1.090
[03:53:59] 139.6, 126.5, 1.935
[03:54:00] 182.8, 126.6, 1.034
[03:54:01] 130.7, 126.5, 1.097
[03:54:02] 138.9, 126.5, 1.090
[03:54:03] 139.0, 126.6, 1.094
[03:54:04] 139.1, 126.4, 2.754
[03:54:05] 190.6, 126.6, 1.032
[03:54:06] 138.7, 126.6, 1.097
[03:54:07] 138.7, 126.6, 1.091
[03:54:08] 138.7, 126.5, 1.093
[03:54:09] 138.9, 126.3, 2.958
[03:54:10] 187.4, 126.6, 1.026
[03:54:11] 174.5, 126.5, 1.096
[03:54:12] 136.9, 126.5, 1.095
[03:54:13] 137.2, 126.5, 1.094
[03:54:14] 137.6, 126.5, 1.098
[03:54:15] 137.8, 126.4, 2.026
[03:54:16] 265.6, 126.5, 1.091
[03:54:17] 142.3, 126.5, 1.100
[03:54:18] 142.0, 126.4, 1.096
[03:54:19] 141.7, 126.5, 1.099
[03:54:20] 141.5, 126.3, 3.605
[03:54:21] 195.0, 126.4, 2.306
[03:54:22] 291.8, 126.5, 1.099
[03:54:23] 158.0, 126.5, 1.096
[03:54:24] 139.9, 126.6, 1.098
[03:54:25] 139.9, 126.5, 1.098
[03:54:26] 139.9, 126.5, 1.099
[03:54:27] 139.9, 126.4, 2.305
[03:54:28] 306.8, 126.4, 2.372
[03:54:29] 296.2, 126.4, 1.618
[03:54:30] 251.6, 126.5, 1.100
[03:54:31] 138.1, 126.5, 1.096
[03:54:32] 138.3, 126.6, 1.097
[03:54:33] 138.5, 126.5, 1.101
[03:54:34] 138.6, 126.4, 2.301
[03:54:35] 228.8, 126.3, 2.308
[03:54:36] 292.9, 126.3, 2.356
[03:54:37] 299.6, 126.3, 2.370
[03:54:38] 299.7, 126.4, 2.372
[03:54:39] 299.8, 126.5, 1.604
[03:54:40] 255.2, 126.5, 1.098
[03:54:41] 138.1, 126.6, 1.100
[03:54:42] 138.3, 126.5, 1.093
[03:54:43] 138.5, 126.5, 1.104
[03:54:44] 138.7, 126.4, 2.376
[03:54:45] 223.7, 126.4, 2.258
[03:54:46] 292.5, 126.4, 2.370
[03:54:47] 299.6, 126.4, 2.337
[03:54:48] 299.7, 126.4, 2.371
[03:54:49] 299.8, 126.4, 2.373
[03:54:50] 300.0, 126.4, 2.373
[03:54:51] 300.2, 126.4, 2.374
[03:54:52] 300.3, 126.4, 2.373
[03:54:53] 300.4, 126.4, 2.374
[03:54:54] 300.6, 126.6, 1.198
[03:54:55] 240.2, 126.6, 1.101
[03:54:56] 140.1, 126.6, 1.088
[03:54:57] 140.1, 126.6, 1.104
[03:54:58] 140.1, 126.5, 1.097
