<<<[16:12:30] 141.1, 125.1, 1.135
[16:12:31] 141.4, 125.1, 1.136
[16:12:32] 141.7, 125.1, 1.138
[16:12:33] 142.1, 125.1, 1.234
[16:12:34] 150.4, 125.1, 1.248
[16:12:35] 158.2, 125.1, 1.183
[16:12:36] 152.8, 125.0, 1.180
[16:12:37] 152.3, 125.1, 1.182
[16:12:38] 151.9, 125.1, 1.180
[16:12:39] 151.6, 125.0, 1.188
[16:12:40] 151.3, 125.0, 1.634
[16:12:41] 171.6, 125.0, 1.127
[16:12:42] 140.8, 125.1, 1.127
[16:12:43] 140.8, 125.0, 1.124
[16:12:44] 141.0, 125.0, 1.121
[16:12:45] 141.1, 125.0, 1.624
[16:12:46] 166.7, 125.0, 1.115
[16:12:47] 140.5, 125.0, 1.112
[16:12:48] 140.5, 125.0, 1.113
[16:12:49] 140.5, 125.0, 1.120
[16:12:50] 140.5, 124.9, 1.633
[16:12:51] 166.9, 125.1, 1.111
[16:12:52] 139.8, 125.0, 1.114
[16:12:53] 139.8, 125.0, 1.119
[16:12:54] 139.9, 125.0, 1.122
[16:12:55] 140.0, 125.0, 1.633
[16:12:56] 166.5, 125.0, 1.106
[16:12:57] 139.6, 125.1, 1.115
[16:12:58] 139.7, 125.1, 1.113
[16:12:59] 139.8, 125.1, 1.113
[16:13:00] 139.9, 125.0, 1.647
[16:13:01] 166.5, 125.0, 1.107
[16:13:02] 139.6, 125.0, 1.115
[16:13:03] 139.7, 125.0, 1.107
[16:13:04] 139.8, 125.0, 1.107
[16:13:05] 139.8, 124.9, 1.654
[16:13:06] 166.7, 125.0, 1.115
[16:13:07] 139.8, 124.9, 1.108
[16:13:08] 139.8, 125.0, 1.102
[16:13:09] 139.8, 125.0, 1.111
[16:13:10] 139.8, 125.0, 1.642
[16:13:11] 177.6, 125.0, 1.045
[16:13:12] 131.1, 125.0, 1.103
[16:13:13] 139.2, 125.0, 1.105
[16:13:14] 139.2, 124.9, 1.107
[16:13:15] 139.3, 124.9, 1.672
[16:13:16] 176.1, 124.9, 1.040
[16:13:17] 131.1, 124.9, 1.108
[16:13:18] 139.2, 124.9, 1.107
[16:13:19] 139.3, 124.9, 1.108
[16:13:20] 139.3, 124.9, 1.928
[16:13:21] 184.3, 125.0, 1.044
[16:13:22] 135.8, 125.0, 1.101
[16:13:23] 136.1, 125.0, 1.102
[16:13:24] 136.6, 125.0, 1.102
[16:13:25] 136.9, 124.9, 2.726
[16:13:26] 182.7, 125.0, 1.039
[16:13:27] 135.4, 125.0, 1.101
[16:13:28] 135.7, 125.0, 1.105
[16:13:29] 136.1, 125.1, 1.109
[16:13:30] 136.6, 125.0, 1.111
[16:13:31] 173.2, 125.0, 1.057
[16:13:32] 172.6, 125.1, 1.108
[16:13:33] 136.3, 125.0, 1.107
[16:13:34] 136.7, 124.9, 1.106
[16:13:35] 137.0, 125.0, 1.106
[16:13:36] 137.4, 124.9, 1.921
[16:13:37] 231.2, 124.9, 1.042
[16:13:38] 150.4, 125.0, 1.110
[16:13:39] 139.9, 125.0, 1.108
[16:13:40] 139.9, 125.0, 1.109
[16:13:41] 139.9, 125.0, 1.107
[16:13:42] 140.1, 124.9, 1.899
[16:13:43] 252.7, 125.0, 1.659
[16:13:44] 213.8, 125.0, 1.108
[16:13:45] 138.5, 125.0, 1.108
[16:13:46] 138.6, 125.0, 1.108
[16:13:47] 138.8, 125.0, 1.100
[16:13:48] 138.9, 125.0, 1.891
[16:13:49] 205.8, 125.0, 1.898
[16:13:50] 238.4, 125.0, 1.959
[16:13:51] 245.7, 125.0, 1.648
[16:13:52] 218.9, 125.1, 1.102
[16:13:53] 138.1, 125.1, 1.104
[16:13:54] 138.2, 125.1, 1.108
[16:13:55] 138.4, 125.1, 1.101
[16:13:56] 138.6, 125.0, 1.907
[16:13:57] 204.6, 125.0, 1.900
[16:13:58] 238.4, 125.0, 1.960
[16:13:59] 245.7, 125.0, 1.959
[16:14:00] 245.7, 125.0, 1.959
[16:14:01] 245.7, 124.9, 1.960
[16:14:02] 245.8, 125.0, 1.642
[16:14:03] 220.3, 125.0, 1.109
[16:14:04] 138.5, 125.0, 1.105
[16:14:05] 138.6, 125.0, 1.110
[16:14:06] 138.8, 125.0, 1.113
[16:14:07] 138.9, 124.9, 1.946
[16:14:08] 202.8, 125.0, 1.896
[16:14:09] 238.6, 124.9, 1.958
[16:14:10] 245.3, 125.0, 1.961
[16:14:11] 245.3, 125.0, 1.961
[16:14:12] 245.5, 125.0, 1.962
[16:14:13] 245.6, 125.0, 1.962
[16:14:14] 245.7, 124.9, 1.963
[16:14:15] 245.8, 124.9, 1.965
[16:14:16] 245.9, 124.9, 1.965
[16:14:17] 246.0, 124.9, 1.967
[16:14:18] 246.1, 124.9, 1.968
[16:14:19] 246.2, 125.1, 1.104
[16:14:20] 199.1, 125.0, 1.106
[16:14:21] 139.9, 125.1, 1.112
[16:14:22] 139.9, 125.0, 1.111
[16:14:23] 139.9, 125.1, 1.112
