<<<[06:15:46] 142.1, 126.2, 1.104
[06:15:47] 141.9, 126.2, 1.111
[06:15:48] 141.8, 126.2, 1.112
[06:15:49] 141.7, 126.1, 1.153
[06:15:50] 142.2, 126.2, 1.265
[06:15:51] 161.1, 126.1, 1.169
[06:15:52] 149.9, 126.2, 1.144
[06:15:53] 149.2, 126.1, 1.124
[06:15:54] 142.7, 126.2, 1.117
[06:15:55] 142.6, 126.2, 1.129
[06:15:56] 142.6, 126.1, 1.420
[06:15:57] 169.3, 126.2, 1.125
[06:15:58] 143.4, 126.1, 1.136
[06:15:59] 143.4, 126.2, 1.124
[06:16:00] 143.4, 126.1, 1.125
[06:16:01] 143.5, 126.0, 1.404
[06:16:02] 168.2, 126.1, 1.107
[06:16:03] 141.0, 126.1, 1.102
[06:16:04] 140.9, 126.1, 1.101
[06:16:05] 140.8, 126.1, 1.108
[06:16:06] 140.8, 126.1, 1.402
[06:16:07] 167.3, 126.1, 1.104
[06:16:08] 140.7, 126.1, 1.103
[06:16:09] 140.6, 126.1, 1.110
[06:16:10] 140.7, 126.1, 1.107
[06:16:11] 140.7, 126.1, 1.397
[06:16:12] 167.1, 126.2, 1.103
[06:16:13] 140.7, 126.2, 1.110
[06:16:14] 140.6, 126.1, 1.101
[06:16:15] 140.6, 126.1, 1.103
[06:16:16] 140.5, 126.1, 1.403
[06:16:17] 167.1, 126.1, 1.110
[06:16:18] 140.8, 126.2, 1.104
[06:16:19] 140.7, 126.2, 1.105
[06:16:20] 140.6, 126.3, 1.098
[06:16:21] 140.6, 126.2, 1.387
[06:16:22] 166.9, 126.2, 1.105
[06:16:23] 140.5, 126.2, 1.102
[06:16:24] 140.4, 126.2, 1.102
[06:16:25] 140.3, 126.2, 1.107
[06:16:26] 140.3, 126.2, 1.401
[06:16:27] 166.5, 126.1, 1.104
[06:16:28] 140.3, 126.1, 1.103
[06:16:29] 140.2, 126.1, 1.106
[06:16:30] 140.2, 126.2, 1.101
[06:16:31] 140.3, 126.1, 1.373
[06:16:32] 175.4, 126.2, 1.035
[06:16:33] 132.9, 126.2, 1.097
[06:16:34] 140.1, 126.1, 1.098
[06:16:35] 140.0, 126.2, 1.098
[06:16:36] 140.0, 126.2, 1.372
[06:16:37] 174.9, 126.2, 1.034
[06:16:38] 132.2, 126.1, 1.101
[06:16:39] 139.8, 126.1, 1.103
[06:16:40] 139.8, 126.1, 1.101
[06:16:41] 139.9, 126.1, 1.808
[06:16:42] 187.9, 126.2, 1.045
[06:16:43] 130.2, 126.1, 1.096
[06:16:44] 138.7, 126.1, 1.100
[06:16:45] 138.7, 126.2, 1.099
[06:16:46] 138.9, 126.0, 3.179
[06:16:47] 182.7, 126.1, 1.056
[06:16:48] 158.4, 126.1, 1.095
[06:16:49] 137.8, 126.1, 1.103
[06:16:50] 138.0, 126.2, 1.100
[06:16:51] 138.4, 126.2, 1.100
[06:16:52] 138.5, 126.1, 1.864
[06:16:53] 238.1, 126.2, 1.093
[06:16:54] 143.9, 126.2, 1.100
[06:16:55] 143.3, 126.2, 1.097
[06:16:56] 142.9, 126.2, 1.108
[06:16:57] 142.5, 126.2, 1.109
[06:16:58] 174.3, 126.1, 1.871
[06:16:59] 234.4, 126.2, 1.076
[06:17:00] 185.6, 126.2, 1.101
[06:17:01] 139.8, 126.2, 1.099
[06:17:02] 139.8, 126.2, 1.122
[06:17:03] 140.1, 126.1, 1.102
[06:17:04] 140.2, 126.1, 1.905
[06:17:05] 221.2, 126.1, 1.874
[06:17:06] 238.2, 126.1, 1.920
[06:17:07] 245.1, 126.2, 1.086
[06:17:08] 189.5, 126.1, 1.109
[06:17:09] 140.3, 126.2, 1.100
[06:17:10] 140.2, 126.2, 1.099
[06:17:11] 140.2, 126.2, 1.098
[06:17:12] 140.2, 126.1, 1.904
[06:17:13] 221.9, 126.1, 1.873
[06:17:14] 238.2, 126.1, 1.932
[06:17:15] 245.3, 126.1, 1.935
[06:17:16] 245.3, 126.1, 1.925
[06:17:17] 245.2, 126.0, 1.931
[06:17:18] 245.2, 126.2, 1.086
[06:17:19] 188.3, 126.1, 1.103
[06:17:20] 140.5, 126.2, 1.097
[06:17:21] 140.4, 126.2, 1.103
[06:17:22] 140.4, 126.1, 1.100
[06:17:23] 140.4, 126.1, 1.911
[06:17:24] 225.9, 126.1, 1.871
[06:17:25] 238.1, 126.0, 1.932
[06:17:26] 245.3, 126.1, 1.920
[06:17:27] 245.2, 126.0, 1.928
[06:17:28] 245.2, 126.0, 1.936
[06:17:29] 245.2, 126.0, 1.935
[06:17:30] 245.2, 126.1, 1.937
[06:17:31] 245.3, 126.1, 1.935
[06:17:32] 245.3, 126.1, 1.937
[06:17:33] 245.4, 126.1, 1.934
[06:17:34] 245.4, 126.1, 1.940
[06:17:35] 245.5, 126.2, 1.102
[06:17:36] 164.2, 126.2, 1.107
[06:17:37] 140.3, 126.1, 1.108
[06:17:38] 140.3, 126.2, 1.098
