<<<[19:24:53] 139.7, 126.0, 1.119
[19:24:54] 140.0, 126.0, 1.130
[19:24:55] 140.4, 126.0, 1.138
[19:24:56] 140.9, 126.0, 1.124
[19:24:57] 141.4, 126.0, 1.128
[19:24:58] 141.6, 126.0, 1.130
[19:24:59] 142.0, 126.0, 1.139
[19:25:00] 142.4, 126.0, 1.158
<<<[19:26:54] 140.6, 126.0, 1.120
[19:26:55] 140.7, 126.0, 1.113
[19:26:56] 140.8, 125.9, 1.136
[19:26:57] 141.2, 125.9, 1.149
[19:26:58] 141.7, 125.9, 1.133
[19:26:59] 141.9, 125.9, 1.135
[19:27:00] 142.1, 125.9, 1.137
[19:27:01] 142.4, 126.0, 1.140
<<<[19:29:07] 142.7, 126.0, 1.122
[19:29:08] 142.7, 126.0, 1.134
[19:29:09] 142.7, 126.0, 1.134
[19:29:10] 142.9, 126.0, 1.170
[19:29:11] 143.3, 126.0, 1.138
[19:29:12] 143.3, 126.0, 1.127
[19:29:13] 143.4, 126.0, 1.140
[19:29:14] 143.4, 126.0, 1.154
<<<[19:29:27] 144.6, 126.0, 1.114
[19:29:29] 144.1, 125.9, 1.131
wattsup: [error] Reading final time stamp: Bad address
<<<[19:29:47] 144.4, 125.9, 1.136
[19:29:48] 144.2, 125.9, 1.126
[19:29:49] 144.2, 125.9, 1.138
[19:29:50] 144.2, 125.9, 1.126
[19:29:51] 144.2, 125.9, 1.122
[19:29:52] 144.1, 125.9, 1.129
[19:29:53] 144.0, 125.9, 1.136
[19:29:54] 144.1, 125.9, 1.140
<<<[19:30:07] 144.4, 126.0, 1.118
[19:30:08] 144.1, 126.0, 1.127
[19:30:09] 144.0, 126.0, 1.134
[19:30:10] 143.9, 126.0, 1.123
[19:30:11] 144.0, 126.0, 1.129
[19:30:12] 143.8, 125.9, 1.125
[19:30:13] 143.7, 126.0, 1.138
[19:30:14] 143.7, 125.9, 1.136
<<<[19:30:28] 144.5, 125.9, 1.118
[19:30:29] 144.1, 125.9, 1.129
[19:30:30] 143.9, 125.9, 1.124
[19:30:31] 143.9, 125.9, 1.157
[19:30:32] 144.0, 125.9, 1.120
[19:30:33] 143.7, 125.9, 1.133
[19:30:34] 143.6, 125.9, 1.131
[19:30:35] 143.6, 125.9, 1.139
<<<[19:30:49] 143.9, 125.8, 1.115
[19:30:50] 143.7, 125.7, 1.130
[19:30:51] 143.6, 125.7, 1.137
[19:30:52] 143.7, 125.8, 1.127
[19:30:53] 143.6, 125.8, 1.123
[19:30:54] 143.5, 125.8, 1.143
[19:30:55] 143.5, 125.8, 1.139
<<<[19:31:08] 144.1, 125.8, 1.125
[19:31:09] 143.8, 125.8, 1.123
[19:31:10] 143.7, 125.8, 1.137
[19:31:11] 143.8, 125.8, 1.116
[19:31:12] 143.7, 125.9, 1.124
[19:31:13] 143.5, 125.9, 1.130
[19:31:14] 143.5, 125.9, 1.134
[19:31:15] 143.5, 125.9, 1.148
<<<[19:31:28] 144.1, 125.9, 1.113
[19:31:29] 143.7, 125.8, 1.130
[19:31:30] 143.5, 125.9, 1.131
[19:31:31] 143.5, 125.8, 1.109
[19:31:32] 143.5, 125.8, 1.122
[19:31:33] 143.3, 125.8, 1.130
[19:31:34] 143.3, 125.8, 1.132
[19:31:35] 143.3, 125.9, 1.141
<<<[19:34:48] 144.1, 126.0, 1.116
[19:34:49] 143.9, 126.0, 1.132
[19:34:50] 143.7, 126.0, 1.134
[19:34:51] 143.7, 126.0, 1.136
[19:34:52] 143.8, 126.0, 1.124
[19:34:53] 143.7, 126.0, 1.126
[19:34:54] 143.6, 125.9, 1.133
[19:34:55] 143.6, 126.0, 1.132
<<<[19:36:40] 139.6, 126.0, 1.111
[19:36:41] 139.8, 126.0, 1.116
[19:36:42] 140.1, 126.0, 1.133
[19:36:43] 140.5, 126.0, 1.118
[19:36:44] 140.9, 126.0, 1.125
[19:36:45] 141.1, 126.0, 1.125
[19:36:46] 141.3, 126.0, 1.153
[19:36:47] 141.7, 126.0, 1.155
<<<[19:37:00] 143.9, 126.0, 1.114
[19:37:01] 143.6, 125.9, 1.128
[19:37:02] 143.4, 125.9, 1.124
[19:37:03] 143.4, 125.9, 1.118
[19:37:04] 143.4, 126.0, 1.128
[19:37:05] 143.3, 125.9, 1.130
[19:37:06] 143.3, 126.0, 1.138
[19:37:07] 143.3, 126.0, 1.145
<<<[19:37:20] 144.0, 126.0, 1.111
[19:37:21] 143.7, 126.0, 1.119
[19:37:22] 143.5, 126.0, 1.132
[19:37:23] 143.4, 126.0, 1.117
[19:37:24] 143.5, 126.0, 1.120
[19:37:25] 143.3, 126.0, 1.122
[19:37:26] 143.3, 126.0, 1.133
[19:37:27] 143.3, 126.0, 1.147
<<<[19:39:09] 139.4, 126.0, 1.123
[19:39:10] 139.9, 126.1, 1.130
[19:39:11] 145.6, 126.0, 1.152
[19:39:12] 145.7, 126.0, 1.123
[19:39:13] 145.5, 126.1, 1.128
[19:39:14] 145.3, 126.1, 1.133
[19:39:15] 145.2, 126.0, 1.142
[19:39:16] 145.0, 126.0, 1.147
<<<[19:41:39] 140.6, 126.1, 1.128
[19:41:40] 140.9, 126.1, 1.119
[19:41:41] 141.1, 126.1, 1.135
[19:41:42] 141.4, 126.0, 1.134
[19:41:43] 141.9, 126.0, 1.128
[19:41:44] 142.0, 126.0, 1.127
[19:41:45] 142.2, 126.0, 1.130
[19:41:46] 142.3, 126.0, 1.143
<<<[19:44:00] 140.7, 126.0, 1.129
[19:44:01] 140.9, 126.0, 1.128
[19:44:02] 141.2, 126.1, 1.126
[19:44:03] 141.5, 126.0, 1.134
[19:44:04] 142.0, 126.0, 1.120
[19:44:05] 142.1, 126.0, 1.134
[19:44:06] 142.3, 126.0, 1.132
[19:44:07] 142.6, 125.9, 1.140
<<<[19:46:15] 140.4, 126.0, 1.110
[19:46:16] 140.5, 126.0, 1.124
[19:46:17] 140.8, 126.0, 1.131
[19:46:18] 141.1, 126.0, 1.159
[19:46:19] 141.7, 126.0, 1.127
[19:46:20] 141.8, 126.0, 1.125
[19:46:21] 142.0, 126.1, 1.140
[19:46:22] 142.3, 126.0, 1.135
<<<[19:48:22] 140.7, 126.0, 1.110
[19:48:23] 140.8, 126.1, 1.121
[19:48:24] 140.9, 126.0, 1.131
[19:48:25] 141.2, 126.0, 1.139
[19:48:26] 141.8, 126.0, 1.122
[19:48:27] 141.9, 126.0, 1.133
[19:48:28] 142.1, 126.0, 1.133
[19:48:29] 142.4, 126.0, 1.139
<<<[19:50:24] 140.6, 126.0, 1.125
[19:50:25] 140.9, 126.0, 1.131
[19:50:26] 141.3, 126.0, 1.134
[19:50:27] 141.6, 126.0, 1.119
[19:50:28] 142.1, 126.0, 1.122
[19:50:29] 142.2, 126.0, 1.124
[19:50:30] 142.3, 126.0, 1.134
[19:50:31] 142.5, 125.9, 1.137
