<<<[16:39:31] 140.4, 124.9, 1.129
[16:39:32] 140.5, 124.9, 1.123
[16:39:33] 140.7, 124.9, 1.140
[16:39:34] 141.0, 124.9, 1.172
[16:39:35] 147.4, 124.9, 1.250
[16:39:36] 158.2, 124.9, 1.189
[16:39:37] 157.7, 124.9, 1.191
[16:39:38] 148.8, 124.9, 1.183
[16:39:39] 148.9, 124.9, 1.186
[16:39:40] 148.9, 124.9, 1.188
[16:39:41] 149.0, 124.8, 1.521
[16:39:42] 166.5, 124.8, 1.114
[16:39:43] 148.1, 124.9, 1.118
[16:39:44] 141.0, 124.9, 1.129
[16:39:45] 141.1, 124.9, 1.129
[16:39:46] 141.2, 124.8, 1.479
[16:39:47] 161.5, 124.9, 1.117
[16:39:48] 147.7, 124.9, 1.113
[16:39:49] 140.8, 124.8, 1.119
[16:39:50] 140.7, 124.8, 1.115
[16:39:51] 140.7, 124.7, 1.453
[16:39:52] 159.9, 124.8, 1.113
[16:39:53] 147.5, 124.9, 1.115
[16:39:54] 140.7, 124.8, 1.118
[16:39:55] 140.6, 124.9, 1.119
[16:39:56] 140.6, 124.8, 1.345
[16:39:57] 159.1, 124.9, 1.120
[16:39:58] 148.1, 124.9, 1.116
[16:39:59] 140.5, 124.9, 1.114
[16:40:00] 140.4, 124.9, 1.121
[16:40:01] 140.5, 124.7, 3.201
[16:40:02] 172.7, 124.9, 1.055
[16:40:03] 139.4, 124.9, 1.112
[16:40:04] 139.1, 124.9, 1.116
[16:40:05] 139.3, 124.9, 1.110
[16:40:06] 139.3, 124.9, 1.137
[16:40:07] 173.1, 125.0, 1.049
[16:40:08] 138.7, 125.0, 1.110
[16:40:09] 138.4, 124.9, 1.114
[16:40:10] 138.7, 124.9, 1.111
[16:40:11] 138.8, 125.0, 1.112
[16:40:12] 164.0, 124.9, 1.063
[16:40:13] 158.2, 124.9, 1.113
[16:40:14] 136.1, 124.9, 1.115
[16:40:15] 136.6, 124.9, 1.113
[16:40:16] 137.0, 124.8, 1.109
[16:40:17] 137.4, 124.8, 1.359
[16:40:18] 205.1, 124.8, 1.108
[16:40:19] 135.2, 124.8, 1.114
[16:40:20] 135.7, 124.8, 1.112
[16:40:21] 136.2, 124.8, 1.116
[16:40:22] 136.7, 124.8, 1.914
[16:40:23] 207.1, 124.9, 1.006
[16:40:24] 179.0, 124.9, 1.105
[16:40:25] 139.0, 124.9, 1.113
[16:40:26] 139.1, 124.9, 1.115
[16:40:27] 139.2, 124.9, 1.118
[16:40:28] 139.3, 124.8, 1.953
[16:40:29] 230.4, 124.8, 1.807
[16:40:30] 230.6, 125.0, 1.112
[16:40:31] 150.6, 124.8, 1.115
[16:40:32] 139.8, 124.9, 1.116
[16:40:33] 139.8, 125.0, 1.105
[16:40:34] 139.7, 124.7, 3.379
[16:40:35] 181.4, 124.9, 1.920
[16:40:36] 239.7, 124.9, 1.978
[16:40:37] 245.8, 124.9, 1.888
[16:40:38] 238.8, 125.0, 1.111
[16:40:39] 151.0, 125.0, 1.113
[16:40:40] 139.6, 125.0, 1.120
[16:40:41] 139.6, 125.0, 1.109
[16:40:42] 139.7, 124.8, 3.377
[16:40:43] 181.2, 124.9, 1.921
[16:40:44] 239.3, 124.9, 1.981
[16:40:45] 246.4, 124.9, 1.980
[16:40:46] 246.7, 124.8, 1.986
[16:40:47] 246.9, 124.9, 1.985
[16:40:48] 247.1, 124.9, 1.941
[16:40:49] 240.2, 125.0, 1.113
[16:40:50] 151.3, 125.0, 1.117
[16:40:51] 140.3, 125.0, 1.110
[16:40:52] 140.2, 125.0, 1.114
[16:40:53] 140.2, 124.7, 2.874
[16:40:54] 177.8, 124.9, 1.919
[16:40:55] 239.0, 124.9, 1.982
[16:40:56] 246.2, 124.9, 1.981
[16:40:57] 246.5, 124.9, 1.988
[16:40:58] 246.8, 124.8, 1.984
[16:40:59] 247.1, 124.8, 1.988
[16:41:00] 247.4, 124.8, 1.987
[16:41:01] 247.7, 124.8, 1.987
[16:41:02] 247.9, 124.8, 1.992
[16:41:03] 248.1, 124.8, 1.990
[16:41:04] 248.3, 124.8, 1.992
[16:41:05] 248.4, 124.8, 1.974
[16:41:06] 230.8, 124.8, 1.108
[16:41:07] 139.9, 124.9, 1.117
[16:41:08] 139.9, 124.8, 1.110
[16:41:09] 140.0, 124.8, 1.109
