<<<[12:25:53] 141.3, 125.8, 1.109
[12:25:54] 141.2, 125.8, 1.116
[12:25:55] 141.2, 125.8, 1.114
[12:25:56] 141.2, 125.7, 1.234
[12:25:57] 148.8, 125.7, 1.258
[12:25:58] 160.6, 125.6, 1.284
[12:25:59] 160.6, 125.7, 1.287
[12:26:00] 160.7, 125.7, 1.277
[12:26:01] 160.8, 125.7, 1.239
[12:26:02] 160.8, 125.7, 1.279
[12:26:03] 160.8, 125.7, 1.263
[12:26:04] 160.9, 125.7, 1.235
[12:26:05] 160.6, 125.8, 1.269
[12:26:06] 160.2, 125.7, 1.277
[12:26:07] 160.4, 125.7, 1.277
[12:26:08] 160.3, 125.7, 1.259
[12:26:09] 160.2, 125.8, 1.278
[12:26:10] 160.4, 125.8, 1.269
[12:26:11] 160.2, 125.8, 1.266
[12:26:12] 160.2, 125.8, 1.261
[12:26:13] 159.9, 125.7, 1.278
[12:26:14] 159.9, 125.8, 1.253
[12:26:15] 159.9, 125.8, 1.264
[12:26:16] 159.6, 125.8, 1.285
[12:26:17] 159.5, 125.8, 1.241
[12:26:18] 159.7, 125.8, 1.277
[12:26:19] 159.7, 125.8, 1.263
[12:26:20] 160.0, 125.8, 1.269
[12:26:21] 159.9, 125.8, 1.282
[12:26:22] 159.8, 125.8, 1.220
[12:26:23] 159.5, 125.8, 1.278
[12:26:24] 159.7, 125.8, 1.263
[12:26:25] 159.9, 125.7, 1.271
[12:26:26] 159.9, 125.8, 1.262
[12:26:27] 159.8, 125.7, 1.270
[12:26:28] 160.0, 125.8, 1.277
[12:26:29] 160.0, 125.7, 1.282
[12:26:30] 160.1, 125.8, 1.268
[12:26:31] 160.2, 125.7, 1.308
[12:26:32] 160.2, 125.8, 1.248
[12:26:33] 159.8, 125.7, 1.276
[12:26:34] 159.6, 125.7, 1.246
[12:26:35] 159.3, 125.7, 1.269
[12:26:36] 159.2, 125.7, 1.239
[12:26:37] 158.9, 125.7, 1.242
[12:26:38] 158.8, 125.7, 1.235
[12:26:39] 158.6, 125.7, 1.280
[12:26:40] 158.9, 125.7, 1.253
[12:26:41] 158.6, 125.7, 1.254
[12:26:42] 158.5, 125.7, 1.235
[12:26:43] 158.3, 125.7, 1.243
[12:26:44] 158.4, 125.8, 1.233
[12:26:45] 158.2, 125.8, 1.232
[12:26:46] 158.1, 125.8, 1.235
[12:26:47] 158.0, 125.8, 1.287
[12:26:48] 158.5, 125.7, 1.235
[12:26:49] 158.6, 125.7, 1.243
[12:26:50] 158.4, 125.8, 1.241
[12:26:51] 158.3, 125.7, 1.236
[12:26:52] 158.2, 125.7, 1.241
[12:26:53] 158.2, 125.7, 1.233
[12:26:54] 158.1, 125.7, 1.237
[12:26:55] 158.0, 125.7, 1.273
[12:26:56] 158.1, 125.8, 1.240
[12:26:57] 158.2, 125.7, 1.240
[12:26:58] 158.1, 125.7, 1.236
[12:26:59] 158.0, 125.7, 1.233
[12:27:00] 158.0, 125.8, 1.237
[12:27:01] 158.0, 125.7, 1.239
[12:27:02] 158.0, 125.8, 1.252
[12:27:03] 157.8, 125.7, 1.291
[12:27:04] 158.0, 125.7, 1.288
[12:27:05] 158.6, 125.7, 1.281
[12:27:06] 159.0, 125.7, 1.240
[12:27:07] 158.9, 125.8, 1.233
[12:27:08] 158.6, 125.8, 1.236
[12:27:09] 158.5, 125.8, 1.233
[12:27:10] 158.3, 125.8, 1.263
[12:27:11] 158.3, 125.8, 1.237
[12:27:12] 158.1, 125.8, 1.235
[12:27:13] 158.0, 125.8, 1.238
[12:27:14] 157.9, 125.8, 1.238
[12:27:15] 157.7, 125.8, 1.273
[12:27:16] 158.1, 125.8, 1.237
[12:27:17] 157.9, 125.7, 1.234
[12:27:18] 157.7, 125.7, 1.234
[12:27:19] 157.6, 125.8, 1.224
[12:27:20] 157.5, 125.7, 1.253
[12:27:21] 157.6, 125.8, 1.233
[12:27:22] 157.5, 125.7, 1.233
[12:27:23] 157.4, 125.7, 1.239
[12:27:24] 157.3, 125.8, 1.233
[12:27:25] 157.3, 125.8, 1.284
[12:27:26] 157.7, 125.8, 1.270
[12:27:27] 158.0, 125.8, 1.233
[12:27:28] 157.9, 125.8, 1.232
[12:27:29] 157.7, 125.8, 1.240
[12:27:30] 157.7, 125.7, 1.227
[12:27:31] 157.5, 125.7, 1.249
[12:27:32] 157.6, 125.7, 1.248
[12:27:33] 157.5, 125.8, 1.231
[12:27:34] 157.4, 125.7, 1.236
[12:27:35] 157.3, 125.7, 1.239
[12:27:36] 157.2, 125.7, 1.277
[12:27:37] 157.7, 125.7, 1.232
[12:27:38] 157.5, 125.7, 1.236
[12:27:39] 157.3, 125.7, 1.229
[12:27:40] 157.3, 125.7, 1.230
[12:27:41] 157.1, 125.7, 1.276
[12:27:42] 157.2, 125.8, 1.228
[12:27:43] 157.1, 125.7, 1.237
[12:27:44] 157.0, 125.7, 1.237
[12:27:45] 157.0, 125.7, 1.231
[12:27:46] 156.9, 125.7, 1.284
[12:27:47] 157.3, 125.7, 1.279
[12:27:48] 157.9, 125.7, 1.275
[12:27:49] 158.5, 125.7, 1.326
[12:27:50] 158.5, 125.7, 1.097
[12:27:51] 140.1, 125.7, 1.095
[12:27:52] 139.9, 125.7, 1.099
[12:27:53] 139.8, 125.6, 1.095
[12:27:54] 139.7, 125.5, 3.273
[12:27:55] 178.1, 125.7, 1.040
[12:27:56] 142.5, 125.7, 1.110
[12:27:57] 137.4, 125.7, 1.114
[12:27:58] 137.8, 125.7, 1.121
[12:27:59] 138.1, 125.7, 1.102
[12:28:00] 161.7, 125.7, 0.984
[12:28:01] 182.7, 125.7, 1.105
[12:28:02] 136.7, 125.7, 1.104
[12:28:03] 137.1, 125.7, 1.117
[12:28:04] 137.5, 125.7, 1.094
[12:28:05] 137.9, 125.6, 2.001
[12:28:06] 230.6, 125.7, 1.033
[12:28:07] 145.9, 125.7, 1.096
[12:28:08] 140.3, 125.7, 1.115
[12:28:09] 140.2, 125.7, 1.110
[12:28:10] 140.3, 125.7, 1.099
[12:28:11] 174.5, 125.5, 1.972
[12:28:12] 246.2, 125.7, 1.124
[12:28:13] 165.5, 125.8, 1.110
[12:28:14] 140.3, 125.7, 1.115
[12:28:15] 140.2, 125.7, 1.101
[12:28:16] 140.2, 125.7, 1.097
[12:28:17] 140.3, 125.6, 1.966
[12:28:18] 257.2, 125.5, 2.040
[12:28:19] 252.0, 125.6, 1.574
[12:28:20] 216.9, 125.7, 1.123
[12:28:21] 140.7, 125.7, 1.104
[12:28:22] 140.6, 125.7, 1.109
[12:28:23] 140.6, 125.7, 1.110
[12:28:24] 140.6, 125.6, 1.978
[12:28:25] 211.3, 125.5, 1.973
[12:28:26] 248.9, 125.5, 2.038
[12:28:27] 256.3, 125.5, 2.036
[12:28:28] 256.4, 125.5, 2.037
[12:28:29] 256.5, 125.7, 1.067
[12:28:30] 197.0, 125.7, 1.100
[12:28:31] 140.5, 125.7, 1.102
[12:28:32] 140.5, 125.7, 1.104
[12:28:33] 140.4, 125.7, 1.121
[12:28:34] 140.4, 125.5, 2.002
[12:28:35] 227.9, 125.6, 1.977
[12:28:36] 249.3, 125.6, 2.034
[12:28:37] 257.2, 125.6, 2.037
[12:28:38] 257.2, 125.6, 2.035
[12:28:39] 257.2, 125.6, 2.040
[12:28:40] 257.2, 125.6, 2.041
[12:28:41] 257.3, 125.7, 2.043
[12:28:42] 257.3, 125.7, 2.038
[12:28:43] 257.3, 125.7, 2.038
[12:28:44] 257.4, 125.8, 1.142
[12:28:45] 170.0, 125.7, 1.106
[12:28:46] 141.0, 125.8, 1.100
[12:28:47] 140.9, 125.8, 1.116
[12:28:48] 140.8, 125.7, 1.107
[12:28:49] 140.8, 125.6, 1.973
[12:28:50] 259.6, 125.6, 2.047
[12:28:51] 252.5, 125.6, 2.042
[12:28:52] 257.6, 125.6, 2.044
[12:28:53] 257.6, 125.6, 2.040
[12:28:54] 257.6, 125.6, 2.042
[12:28:55] 257.6, 125.7, 2.046
[12:28:56] 257.7, 125.7, 2.047
[12:28:57] 257.7, 125.7, 2.046
[12:28:58] 257.8, 125.7, 2.038
[12:28:59] 257.8, 125.6, 2.042
[12:29:00] 257.8, 125.6, 2.045
[12:29:01] 257.9, 125.7, 2.046
[12:29:02] 257.9, 125.7, 2.046
[12:29:03] 257.9, 125.7, 2.042
[12:29:04] 257.9, 125.7, 2.041
[12:29:05] 257.9, 125.7, 2.042
[12:29:06] 257.9, 125.7, 2.045
[12:29:07] 257.9, 125.7, 2.045
[12:29:08] 258.0, 125.8, 1.134
[12:29:09] 195.3, 125.8, 1.109
[12:29:10] 141.2, 125.7, 1.115
[12:29:11] 141.1, 125.7, 1.097
