<<<[15:11:01] 140.1, 125.1, 1.127
[15:11:02] 140.3, 125.1, 1.146
[15:11:03] 140.7, 125.1, 1.142
[15:11:04] 141.1, 125.1, 1.266
[15:11:05] 157.3, 125.0, 1.278
[15:11:06] 157.6, 125.0, 1.238
[15:11:07] 157.8, 125.0, 1.252
[15:11:08] 157.9, 125.0, 1.302
[15:11:09] 157.9, 125.0, 1.250
[15:11:10] 158.0, 125.0, 1.145
[15:11:11] 157.5, 125.0, 1.171
[15:11:12] 146.8, 124.9, 1.153
[15:11:13] 146.6, 125.0, 1.156
[15:11:14] 146.4, 124.9, 1.143
[15:11:15] 146.2, 124.9, 1.623
[15:11:16] 164.0, 124.9, 1.112
[15:11:17] 145.2, 124.9, 1.112
[15:11:18] 139.9, 125.0, 1.112
[15:11:19] 139.9, 125.0, 1.112
[15:11:20] 139.9, 124.9, 1.591
[15:11:21] 161.7, 125.0, 1.114
[15:11:22] 145.4, 125.0, 1.112
[15:11:23] 140.1, 125.1, 1.109
[15:11:24] 140.0, 125.0, 1.109
[15:11:25] 139.9, 124.9, 1.587
[15:11:26] 161.7, 125.0, 1.108
[15:11:27] 145.4, 125.0, 1.111
[15:11:28] 139.8, 125.0, 1.110
[15:11:29] 139.8, 125.0, 1.105
[15:11:30] 139.8, 124.8, 3.142
[15:11:31] 174.3, 124.9, 1.045
[15:11:32] 137.2, 124.9, 1.109
[15:11:33] 137.2, 124.9, 1.110
[15:11:34] 137.5, 125.0, 1.110
[15:11:35] 137.9, 124.9, 3.237
[15:11:36] 174.2, 125.0, 1.047
[15:11:37] 137.8, 125.0, 1.108
[15:11:38] 137.7, 125.0, 1.113
[15:11:39] 138.0, 125.1, 1.107
[15:11:40] 138.3, 124.9, 3.487
[15:11:41] 176.7, 125.1, 1.045
[15:11:42] 136.7, 125.1, 1.112
[15:11:43] 136.7, 125.1, 1.108
[15:11:44] 137.1, 125.1, 1.110
[15:11:45] 137.4, 125.1, 1.121
[15:11:46] 179.0, 125.1, 1.053
[15:11:47] 149.5, 125.0, 1.103
[15:11:48] 136.3, 125.0, 1.107
[15:11:49] 136.7, 125.1, 1.113
[15:11:50] 137.1, 125.1, 1.108
[15:11:51] 153.5, 125.1, 1.022
[15:11:52] 191.0, 125.0, 1.110
[15:11:53] 135.4, 125.0, 1.111
[15:11:54] 135.9, 125.1, 1.107
[15:11:55] 136.4, 125.1, 1.105
[15:11:56] 136.8, 125.0, 2.094
[15:11:57] 243.8, 125.1, 1.051
[15:11:58] 141.0, 125.0, 1.106
[15:11:59] 140.8, 125.0, 1.107
[15:12:00] 140.7, 125.0, 1.107
[15:12:01] 140.5, 124.8, 3.516
[15:12:02] 189.9, 124.9, 2.228
[15:12:03] 265.7, 125.1, 1.108
[15:12:04] 143.9, 125.0, 1.113
[15:12:05] 143.4, 125.1, 1.111
[15:12:06] 142.9, 125.1, 1.107
[15:12:07] 142.5, 124.9, 2.170
[15:12:08] 182.3, 125.0, 2.246
[15:12:09] 279.5, 124.9, 2.308
[15:12:10] 279.9, 125.1, 1.112
[15:12:11] 158.6, 125.1, 1.106
[15:12:12] 139.6, 125.1, 1.110
[15:12:13] 139.6, 125.1, 1.103
[15:12:14] 139.6, 125.1, 1.108
[15:12:15] 166.7, 124.9, 2.250
[15:12:16] 280.4, 124.9, 2.314
[15:12:17] 281.0, 124.8, 2.307
[15:12:18] 289.1, 124.8, 2.309
[15:12:19] 289.1, 125.0, 1.094
[15:12:20] 187.2, 125.0, 1.104
[15:12:21] 139.6, 125.0, 1.108
[15:12:22] 139.6, 125.0, 1.112
[15:12:23] 139.7, 125.0, 1.106
[15:12:24] 139.7, 124.9, 2.248
[15:12:25] 277.3, 124.9, 2.276
[15:12:26] 284.0, 124.9, 2.310
[15:12:27] 289.3, 124.9, 2.309
[15:12:28] 289.3, 124.9, 2.307
[15:12:29] 289.4, 124.9, 2.308
[15:12:30] 289.4, 124.9, 2.313
[15:12:31] 289.5, 124.9, 2.310
[15:12:32] 289.6, 125.0, 1.610
[15:12:33] 251.4, 125.1, 1.112
[15:12:34] 138.1, 125.0, 1.111
[15:12:35] 138.3, 125.0, 1.110
[15:12:36] 138.5, 125.0, 1.105
[15:12:37] 138.7, 124.9, 2.388
[15:12:38] 216.5, 124.8, 2.247
[15:12:39] 282.6, 124.9, 2.312
[15:12:40] 288.7, 124.8, 2.315
[15:12:41] 288.8, 124.8, 2.313
[15:12:42] 289.0, 124.9, 2.317
[15:12:43] 289.2, 124.9, 2.313
[15:12:44] 289.4, 124.9, 2.316
[15:12:45] 289.5, 124.9, 2.314
[15:12:46] 289.7, 124.9, 2.320
[15:12:47] 289.8, 124.9, 2.317
[15:12:48] 289.9, 124.8, 2.318
[15:12:49] 290.0, 124.8, 2.315
[15:12:50] 290.1, 124.8, 2.319
[15:12:51] 290.1, 124.8, 2.315
[15:12:52] 290.1, 124.8, 2.318
[15:12:53] 290.2, 124.8, 2.317
[15:12:54] 290.3, 125.0, 1.143
[15:12:55] 200.0, 125.0, 1.115
[15:12:56] 140.3, 125.0, 1.110
[15:12:57] 140.3, 125.0, 1.114
[15:12:58] 140.3, 125.0, 1.110
<<<[15:13:12] 145.2, 124.9, 1.131
[15:13:13] 144.8, 125.0, 1.136
[15:13:14] 144.5, 125.0, 1.146
[15:13:15] 144.5, 125.0, 1.211
[15:13:16] 144.9, 125.0, 1.275
[15:13:17] 160.8, 124.9, 1.272
[15:13:18] 160.7, 125.0, 1.259
[15:13:19] 160.4, 125.0, 1.290
[15:13:20] 160.3, 125.0, 1.275
[15:13:21] 160.0, 124.9, 1.252
[15:13:22] 159.5, 125.0, 1.148
[15:13:23] 145.0, 125.0, 1.172
[15:13:24] 145.3, 125.0, 1.161
[15:13:25] 145.5, 125.0, 1.137
[15:13:26] 145.6, 125.0, 1.341
[15:13:27] 160.4, 125.1, 1.116
[15:13:28] 149.9, 125.1, 1.116
[15:13:29] 140.5, 125.0, 1.113
[15:13:30] 140.4, 125.0, 1.118
[15:13:31] 140.4, 125.0, 1.304
[15:13:32] 157.0, 125.0, 1.110
[15:13:33] 150.1, 125.0, 1.117
[15:13:34] 140.1, 125.0, 1.113
[15:13:35] 140.0, 125.0, 1.113
[15:13:36] 140.0, 124.9, 1.290
[15:13:37] 156.4, 125.0, 1.109
[15:13:38] 150.6, 125.0, 1.117
[15:13:39] 140.3, 125.0, 1.114
[15:13:40] 140.2, 125.0, 1.110
[15:13:41] 140.2, 124.8, 2.860
[15:13:42] 171.1, 125.0, 1.043
[15:13:43] 141.2, 125.1, 1.108
[15:13:44] 140.6, 125.1, 1.115
[15:13:45] 140.5, 125.0, 1.114
[15:13:46] 140.5, 124.8, 2.728
[15:13:47] 171.3, 125.0, 1.039
[15:13:48] 141.0, 125.0, 1.114
[15:13:49] 140.4, 125.0, 1.106
[15:13:50] 140.4, 124.9, 1.111
[15:13:51] 140.3, 125.0, 1.116
[15:13:52] 172.5, 125.1, 1.048
[15:13:53] 140.7, 125.0, 1.113
[15:13:54] 140.2, 125.0, 1.112
[15:13:55] 140.1, 125.0, 1.108
[15:13:56] 140.1, 125.0, 1.114
[15:13:57] 170.2, 125.1, 1.071
[15:13:58] 159.1, 125.1, 1.110
[15:13:59] 136.0, 125.0, 1.112
[15:14:00] 136.4, 125.0, 1.112
[15:14:01] 136.8, 125.0, 1.110
[15:14:02] 137.2, 125.0, 1.005
[15:14:03] 205.6, 125.1, 1.117
[15:14:04] 135.1, 125.1, 1.108
[15:14:05] 135.6, 125.1, 1.109
[15:14:06] 136.1, 125.1, 1.112
[15:14:07] 136.6, 124.9, 2.280
[15:14:08] 240.6, 125.1, 1.046
[15:14:09] 144.3, 125.0, 1.110
[15:14:10] 143.7, 125.0, 1.115
[15:14:11] 143.2, 125.0, 1.111
[15:14:12] 142.8, 125.0, 1.113
[15:14:13] 179.9, 124.9, 2.248
[15:14:14] 272.6, 125.0, 1.109
[15:14:15] 147.2, 125.1, 1.111
[15:14:16] 139.6, 125.1, 1.115
[15:14:17] 139.6, 125.1, 1.110
[15:14:18] 139.7, 125.1, 1.115
[15:14:19] 172.0, 124.9, 2.250
[15:14:20] 279.3, 124.8, 2.301
[15:14:21] 285.7, 125.0, 1.133
[15:14:22] 167.1, 125.0, 1.111
[15:14:23] 140.1, 125.0, 1.117
[15:14:24] 140.0, 125.0, 1.109
[15:14:25] 140.0, 125.0, 1.108
[15:14:26] 140.0, 124.9, 2.237
[15:14:27] 294.9, 124.9, 2.314
[15:14:28] 285.1, 124.9, 2.301
[15:14:29] 285.6, 124.9, 2.307
[15:14:30] 286.0, 125.0, 1.072
[15:14:31] 199.1, 125.1, 1.111
[15:14:32] 139.8, 125.1, 1.111
[15:14:33] 139.8, 125.1, 1.112
[15:14:34] 139.7, 125.0, 1.110
[15:14:35] 139.8, 124.9, 2.261
[15:14:36] 264.5, 125.0, 2.245
[15:14:37] 283.1, 124.9, 2.312
[15:14:38] 288.7, 124.9, 2.304
[15:14:39] 288.8, 125.0, 2.310
[15:14:40] 288.9, 125.0, 2.305
[15:14:41] 289.0, 125.0, 2.310
[15:14:42] 289.1, 125.0, 2.308
[15:14:43] 289.2, 125.1, 1.720
[15:14:44] 262.1, 125.1, 1.117
[15:14:45] 141.2, 125.1, 1.110
[15:14:46] 141.0, 125.1, 1.109
[15:14:47] 140.9, 125.1, 1.109
[15:14:48] 140.8, 124.9, 2.973
[15:14:49] 202.0, 124.9, 2.246
[15:14:50] 282.4, 124.9, 2.306
[15:14:51] 287.6, 124.9, 2.314
[15:14:52] 287.9, 124.9, 2.309
[15:14:53] 288.2, 124.9, 2.315
[15:14:54] 288.4, 124.9, 2.313
[15:14:55] 288.7, 124.9, 2.317
[15:14:56] 288.9, 124.9, 2.315
[15:14:57] 289.1, 124.9, 2.321
[15:14:58] 289.3, 124.9, 2.316
[15:14:59] 289.5, 124.9, 2.315
[15:15:00] 289.6, 124.9, 2.315
[15:15:01] 289.7, 124.9, 2.315
[15:15:02] 289.8, 124.9, 2.317
[15:15:03] 289.9, 124.9, 2.314
[15:15:04] 290.0, 124.9, 2.316
[15:15:05] 290.1, 125.1, 1.124
[15:15:06] 220.7, 125.1, 1.115
[15:15:07] 140.5, 125.1, 1.111
[15:15:08] 140.4, 125.1, 1.113
<<<[15:15:22] 145.4, 125.0, 1.131
[15:15:23] 145.1, 125.0, 1.136
[15:15:24] 144.8, 125.0, 1.144
[15:15:25] 144.6, 125.0, 1.175
[15:15:26] 145.0, 125.0, 1.246
[15:15:27] 158.2, 125.0, 1.274
[15:15:28] 158.5, 125.0, 1.268
[15:15:29] 158.5, 125.0, 1.257
[15:15:30] 158.5, 125.0, 1.256
[15:15:31] 158.5, 125.0, 1.247
[15:15:32] 158.5, 125.0, 1.115
[15:15:33] 146.1, 124.9, 1.157
[15:15:34] 146.0, 124.9, 1.166
[15:15:35] 146.1, 125.0, 1.154
[15:15:36] 146.0, 125.0, 1.144
[15:15:37] 145.6, 125.0, 1.084
[15:15:38] 169.1, 125.0, 1.122
[15:15:39] 141.0, 125.0, 1.126
[15:15:40] 140.9, 125.0, 1.119
[15:15:41] 140.9, 125.0, 1.120
[15:15:42] 140.8, 125.0, 1.076
[15:15:43] 167.6, 125.0, 1.116
[15:15:44] 140.1, 125.1, 1.109
[15:15:45] 140.0, 125.1, 1.111
[15:15:46] 140.0, 125.1, 1.111
[15:15:47] 140.0, 125.0, 1.076
[15:15:48] 167.5, 125.0, 1.112
[15:15:49] 139.9, 125.1, 1.114
[15:15:50] 139.9, 125.1, 1.108
[15:15:51] 139.9, 125.1, 1.108
[15:15:52] 139.9, 125.0, 1.004
[15:15:53] 176.0, 125.0, 1.080
[15:15:54] 134.1, 125.0, 1.112
[15:15:55] 139.9, 125.0, 1.109
[15:15:56] 139.9, 125.0, 1.110
[15:15:57] 139.9, 125.0, 1.009
[15:15:58] 175.8, 125.0, 1.078
[15:15:59] 134.3, 125.0, 1.112
[15:16:00] 139.8, 125.0, 1.108
[15:16:01] 139.8, 125.0, 1.112
[15:16:02] 139.8, 125.0, 1.017
[15:16:03] 176.9, 125.0, 1.049
[15:16:04] 133.4, 125.1, 1.107
[15:16:05] 139.6, 125.1, 1.113
[15:16:06] 139.6, 125.0, 1.114
[15:16:07] 139.7, 125.0, 1.517
[15:16:08] 191.5, 125.0, 1.045
[15:16:09] 133.1, 125.0, 1.111
[15:16:10] 139.8, 125.0, 1.112
[15:16:11] 139.8, 125.1, 1.107
[15:16:12] 139.8, 124.9, 1.794
[15:16:13] 208.9, 125.0, 1.051
[15:16:14] 131.4, 125.0, 1.107
[15:16:15] 139.9, 125.0, 1.112
[15:16:16] 139.8, 124.9, 1.111
[15:16:17] 139.8, 124.8, 3.373
[15:16:18] 197.0, 125.0, 0.998
[15:16:19] 190.3, 124.9, 1.109
[15:16:20] 137.6, 124.9, 1.113
[15:16:21] 137.8, 124.9, 1.114
[15:16:22] 138.1, 124.9, 1.113
[15:16:23] 138.3, 124.7, 2.271
[15:16:24] 264.8, 124.9, 1.006
[15:16:25] 196.1, 124.9, 1.111
[15:16:26] 139.8, 124.9, 1.114
[15:16:27] 139.8, 124.9, 1.113
[15:16:28] 139.8, 124.9, 1.115
[15:16:29] 139.8, 124.8, 2.283
[15:16:30] 258.0, 124.8, 2.252
[15:16:31] 283.3, 125.0, 1.084
[15:16:32] 210.4, 125.0, 1.109
[15:16:33] 139.6, 125.0, 1.113
[15:16:34] 139.6, 125.0, 1.109
[15:16:35] 139.6, 125.0, 1.111
[15:16:36] 139.6, 124.9, 2.269
[15:16:37] 243.5, 124.9, 2.245
[15:16:38] 282.0, 124.9, 2.312
[15:16:39] 290.0, 124.9, 2.309
[15:16:40] 290.0, 125.0, 1.547
[15:16:41] 240.4, 125.0, 1.111
[15:16:42] 140.1, 125.0, 1.115
[15:16:43] 140.1, 125.0, 1.115
[15:16:44] 140.1, 125.0, 1.111
[15:16:45] 140.0, 124.9, 2.440
[15:16:46] 215.4, 124.8, 2.251
[15:16:47] 282.8, 124.8, 2.316
[15:16:48] 288.2, 124.8, 2.317
[15:16:49] 288.4, 124.8, 2.312
[15:16:50] 288.6, 124.8, 2.317
[15:16:51] 288.8, 124.8, 2.314
[15:16:52] 289.0, 124.8, 2.320
[15:16:53] 289.3, 124.8, 2.316
[15:16:54] 289.3, 125.0, 1.112
[15:16:55] 151.9, 125.0, 1.110
[15:16:56] 140.3, 125.0, 1.111
[15:16:57] 140.2, 125.0, 1.113
[15:16:58] 140.2, 125.0, 1.113
[15:16:59] 157.7, 124.9, 2.248
[15:17:00] 286.6, 124.9, 2.318
[15:17:01] 286.5, 124.9, 2.313
[15:17:02] 287.0, 124.9, 2.320
[15:17:03] 287.4, 124.8, 2.325
[15:17:04] 287.5, 124.8, 2.322
[15:17:05] 287.9, 124.9, 2.319
[15:17:06] 288.3, 124.9, 2.324
[15:17:07] 288.7, 124.8, 2.320
[15:17:08] 289.0, 124.9, 2.321
[15:17:09] 289.2, 124.9, 2.317
[15:17:10] 289.4, 124.9, 2.320
[15:17:11] 289.6, 124.9, 2.314
[15:17:12] 289.7, 124.9, 2.320
[15:17:13] 289.9, 124.9, 2.314
[15:17:14] 290.1, 124.9, 2.322
[15:17:15] 290.2, 125.0, 1.927
[15:17:16] 254.9, 125.1, 1.114
[15:17:17] 140.8, 125.1, 1.114
[15:17:18] 140.7, 125.1, 1.110
[15:17:19] 140.7, 125.2, 1.111
<<<[15:31:52] 140.8, 125.1, 1.130
[15:31:53] 141.0, 125.1, 1.140
[15:31:54] 141.3, 125.1, 1.158
[15:31:55] 141.8, 125.1, 1.275
[15:31:56] 158.9, 125.1, 1.274
[15:31:57] 159.2, 125.1, 1.266
[15:31:58] 159.2, 125.1, 1.257
[15:31:59] 159.2, 125.1, 1.261
[15:32:00] 159.2, 125.1, 1.263
[15:32:01] 159.1, 125.2, 1.167
[15:32:02] 152.1, 125.2, 1.163
[15:32:03] 151.4, 125.2, 1.161
[15:32:04] 150.9, 125.2, 1.179
[15:32:05] 150.5, 125.2, 1.148
[15:32:06] 144.6, 125.2, 1.323
[15:32:07] 169.3, 125.2, 1.113
[15:32:08] 141.2, 125.2, 1.111
[15:32:09] 141.0, 125.1, 1.110
[15:32:10] 140.9, 125.2, 1.111
[15:32:11] 140.8, 125.1, 1.325
[15:32:12] 166.4, 125.1, 1.113
[15:32:13] 140.5, 125.1, 1.108
[15:32:14] 140.4, 125.2, 1.110
[15:32:15] 140.4, 125.1, 1.109
[15:32:16] 140.3, 125.1, 1.338
[15:32:17] 166.5, 125.1, 1.113
[15:32:18] 140.8, 125.2, 1.110
[15:32:19] 140.7, 125.2, 1.108
[15:32:20] 140.6, 125.1, 1.112
[15:32:21] 140.5, 125.2, 1.330
[15:32:22] 176.9, 125.2, 1.052
[15:32:23] 133.1, 125.2, 1.111
[15:32:24] 140.3, 125.1, 1.114
[15:32:25] 140.2, 125.1, 1.111
[15:32:26] 140.2, 125.1, 1.335
[15:32:27] 176.5, 125.2, 1.045
[15:32:28] 132.7, 125.2, 1.107
[15:32:29] 140.3, 125.1, 1.110
[15:32:30] 140.3, 125.2, 1.113
[15:32:31] 140.2, 125.2, 1.331
[15:32:32] 177.0, 125.2, 1.050
[15:32:33] 132.5, 125.2, 1.108
[15:32:34] 140.3, 125.1, 1.112
[15:32:35] 140.2, 125.1, 1.111
[15:32:36] 140.2, 125.1, 1.626
[15:32:37] 194.4, 125.2, 1.050
[15:32:38] 130.0, 125.1, 1.111
[15:32:39] 139.8, 125.1, 1.111
[15:32:40] 139.8, 125.2, 1.111
[15:32:41] 139.8, 125.0, 2.653
[15:32:42] 201.8, 125.1, 1.045
[15:32:43] 139.6, 125.2, 1.108
[15:32:44] 139.4, 125.2, 1.114
[15:32:45] 139.4, 125.2, 1.108
[15:32:46] 139.5, 125.2, 1.107
[15:32:47] 175.4, 125.1, 1.378
[15:32:48] 211.8, 125.2, 1.112
[15:32:49] 136.9, 125.2, 1.110
[15:32:50] 137.3, 125.2, 1.111
[15:32:51] 137.6, 125.2, 1.108
[15:32:52] 137.8, 125.1, 2.248
[15:32:53] 238.8, 125.2, 1.373
[15:32:54] 219.6, 125.1, 1.108
[15:32:55] 140.7, 125.1, 1.101
[15:32:56] 140.6, 125.2, 1.107
[15:32:57] 140.5, 125.2, 1.108
[15:32:58] 140.5, 125.0, 2.220
[15:32:59] 231.7, 125.0, 2.249
[15:33:00] 281.7, 125.1, 1.611
[15:33:01] 253.3, 125.2, 1.109
[15:33:02] 137.9, 125.1, 1.111
[15:33:03] 138.1, 125.1, 1.107
[15:33:04] 138.3, 125.1, 1.110
[15:33:05] 138.5, 125.0, 2.452
[15:33:06] 216.1, 125.0, 2.251
[15:33:07] 282.4, 125.0, 2.317
[15:33:08] 288.7, 125.0, 2.315
[15:33:09] 288.9, 125.0, 2.234
[15:33:10] 271.5, 125.1, 1.107
[15:33:11] 151.0, 125.2, 1.107
[15:33:12] 140.1, 125.1, 1.112
[15:33:13] 140.0, 125.1, 1.112
[15:33:14] 140.0, 124.8, 3.519
[15:33:15] 188.8, 124.9, 2.253
[15:33:16] 280.8, 124.9, 2.314
[15:33:17] 287.6, 124.9, 2.322
[15:33:18] 288.0, 124.9, 2.318
[15:33:19] 288.4, 124.9, 2.325
[15:33:20] 288.7, 125.0, 2.319
[15:33:21] 289.0, 125.0, 2.321
[15:33:22] 289.3, 125.0, 2.317
[15:33:23] 289.6, 125.2, 1.121
[15:33:24] 178.7, 125.2, 1.116
[15:33:25] 140.1, 125.1, 1.114
[15:33:26] 140.1, 125.2, 1.116
[15:33:27] 140.1, 125.2, 1.113
[15:33:28] 140.2, 125.0, 2.251
[15:33:29] 274.6, 125.0, 2.284
[15:33:30] 284.9, 125.0, 2.318
[15:33:31] 291.3, 125.0, 2.320
[15:33:32] 291.3, 125.0, 2.315
[15:33:33] 291.3, 125.0, 2.319
[15:33:34] 291.2, 125.0, 2.315
[15:33:35] 291.1, 125.0, 2.319
[15:33:36] 291.1, 125.0, 2.318
[15:33:37] 291.1, 125.0, 2.324
[15:33:38] 291.0, 125.0, 2.317
[15:33:39] 291.1, 125.0, 2.323
[15:33:40] 291.1, 125.0, 2.318
[15:33:41] 291.2, 125.0, 2.323
[15:33:42] 291.2, 125.0, 2.318
[15:33:43] 291.2, 125.0, 2.322
[15:33:44] 291.2, 125.0, 2.319
[15:33:45] 290.8, 125.2, 1.110
[15:33:46] 138.5, 125.3, 1.112
[15:33:47] 138.7, 125.2, 1.111
[15:33:48] 138.9, 125.2, 1.113
[15:33:49] 139.1, 125.2, 1.113
