<<<[18:42:46] 141.1, 125.8, 1.116
[18:42:47] 141.1, 125.7, 1.128
[18:42:48] 141.3, 125.8, 1.137
[18:42:49] 141.6, 125.7, 1.153
[18:42:50] 147.0, 125.7, 1.160
[18:42:51] 153.2, 125.7, 1.173
[18:42:52] 171.3, 125.7, 1.165
[18:42:53] 149.2, 125.7, 1.182
[18:42:54] 149.2, 125.7, 1.182
[18:42:55] 149.2, 125.6, 1.642
[18:42:56] 169.4, 125.7, 1.119
[18:42:57] 146.5, 125.7, 1.115
[18:42:58] 145.9, 125.7, 1.122
[18:42:59] 145.3, 125.6, 1.126
[18:43:00] 144.8, 125.5, 1.634
[18:43:01] 164.0, 125.6, 1.127
[18:43:02] 146.1, 125.6, 1.123
[18:43:03] 145.5, 125.6, 1.116
[18:43:04] 145.0, 125.6, 1.118
[18:43:05] 144.5, 125.6, 1.608
[18:43:06] 163.1, 125.7, 1.113
[18:43:07] 145.4, 125.7, 1.118
[18:43:08] 144.8, 125.7, 1.109
[18:43:09] 144.3, 125.7, 1.109
[18:43:10] 143.8, 125.6, 1.589
[18:43:11] 162.6, 125.7, 1.104
[18:43:12] 145.2, 125.7, 1.110
[18:43:13] 144.6, 125.7, 1.106
[18:43:14] 144.1, 125.7, 1.112
[18:43:15] 143.6, 125.6, 1.551
[18:43:16] 161.8, 125.7, 1.111
[18:43:17] 145.7, 125.7, 1.106
[18:43:18] 139.9, 125.7, 1.113
[18:43:19] 140.0, 125.7, 1.113
[18:43:20] 140.0, 125.4, 3.294
[18:43:21] 174.3, 125.6, 1.048
[18:43:22] 137.2, 125.7, 1.108
[18:43:23] 137.2, 125.7, 1.103
[18:43:24] 137.6, 125.7, 1.104
[18:43:25] 137.9, 125.5, 2.278
[18:43:26] 172.5, 125.7, 1.042
[18:43:27] 135.6, 125.7, 1.108
[18:43:28] 135.7, 125.7, 1.102
[18:43:29] 136.2, 125.7, 1.108
[18:43:30] 136.7, 125.8, 1.105
[18:43:31] 166.9, 125.8, 1.047
[18:43:32] 151.3, 125.8, 1.106
[18:43:33] 136.1, 125.7, 1.108
[18:43:34] 136.5, 125.7, 1.108
[18:43:35] 137.0, 125.7, 1.111
[18:43:36] 137.4, 125.7, 1.220
[18:43:37] 197.5, 125.7, 1.100
[18:43:38] 134.9, 125.7, 1.102
[18:43:39] 135.4, 125.6, 1.113
[18:43:40] 136.0, 125.7, 1.110
[18:43:41] 136.5, 125.6, 1.743
[18:43:42] 198.0, 125.7, 1.027
[18:43:43] 171.4, 125.6, 1.109
[18:43:44] 139.2, 125.7, 1.109
[18:43:45] 139.3, 125.6, 1.105
[18:43:46] 139.4, 125.6, 1.110
[18:43:47] 139.5, 125.5, 1.773
[18:43:48] 216.9, 125.6, 1.681
[18:43:49] 216.8, 125.6, 1.104
[18:43:50] 147.9, 125.7, 1.110
[18:43:51] 139.8, 125.6, 1.106
[18:43:52] 139.8, 125.7, 1.107
[18:43:53] 139.9, 125.5, 3.243
[18:43:54] 176.9, 125.7, 1.737
[18:43:55] 218.3, 125.6, 1.802
[18:43:56] 224.8, 125.6, 1.790
[18:43:57] 224.7, 125.7, 1.109
[18:43:58] 148.4, 125.7, 1.104
[18:43:59] 139.9, 125.7, 1.103
[18:44:00] 139.8, 125.7, 1.100
[18:44:01] 139.8, 125.7, 1.176
[18:44:02] 174.5, 125.6, 1.739
[18:44:03] 217.4, 125.6, 1.801
[18:44:04] 224.7, 125.6, 1.805
[18:44:05] 225.1, 125.6, 1.806
[18:44:06] 225.4, 125.6, 1.806
[18:44:07] 225.7, 125.6, 1.803
[18:44:08] 225.9, 125.7, 1.107
[18:44:09] 148.8, 125.8, 1.106
[18:44:10] 139.9, 125.8, 1.102
[18:44:11] 139.8, 125.7, 1.108
[18:44:12] 139.8, 125.8, 1.107
[18:44:13] 165.8, 125.7, 1.745
[18:44:14] 218.3, 125.7, 1.803
[18:44:15] 224.3, 125.7, 1.806
[18:44:16] 224.7, 125.7, 1.806
[18:44:17] 225.2, 125.7, 1.804
[18:44:18] 225.5, 125.7, 1.802
[18:44:19] 225.9, 125.7, 1.808
[18:44:20] 226.2, 125.8, 1.807
[18:44:21] 226.5, 125.7, 1.806
[18:44:22] 226.7, 125.7, 1.809
[18:44:23] 227.0, 125.7, 1.808
[18:44:24] 227.2, 125.8, 1.810
[18:44:25] 227.4, 125.8, 1.107
[18:44:26] 144.8, 125.8, 1.107
[18:44:27] 144.2, 125.8, 1.103
[18:44:28] 143.7, 125.8, 1.107
