<<<[04:15:05] 140.5, 126.3, 1.108
[04:15:06] 140.5, 126.4, 1.101
[04:15:07] 140.5, 126.4, 1.113
[04:15:08] 140.7, 126.4, 1.252
[04:15:09] 155.1, 126.4, 1.269
[04:15:10] 162.4, 126.4, 1.272
[04:15:11] 162.3, 126.4, 1.258
[04:15:12] 162.0, 126.4, 1.275
[04:15:13] 161.6, 126.4, 1.275
[04:15:14] 161.6, 126.4, 1.271
[04:15:15] 161.5, 126.4, 1.212
[04:15:16] 161.3, 126.5, 1.286
[04:15:17] 161.2, 126.5, 1.233
[04:15:18] 160.9, 126.5, 1.252
[04:15:19] 160.7, 126.4, 1.235
[04:15:20] 160.5, 126.4, 1.237
[04:15:21] 160.5, 126.4, 1.241
[04:15:22] 160.4, 126.4, 1.262
[04:15:23] 160.1, 126.4, 1.319
[04:15:24] 160.2, 126.4, 1.113
[04:15:25] 143.0, 126.4, 1.106
[04:15:26] 142.8, 126.4, 1.104
[04:15:27] 142.6, 126.4, 1.113
[04:15:28] 142.3, 126.4, 1.105
[04:15:29] 142.1, 126.3, 1.112
[04:15:30] 167.1, 126.4, 1.095
[04:15:31] 139.8, 126.4, 1.091
[04:15:32] 139.8, 126.4, 1.096
[04:15:33] 139.7, 126.4, 1.095
[04:15:34] 139.7, 126.4, 1.113
[04:15:35] 166.4, 126.5, 1.096
[04:15:36] 139.8, 126.5, 1.096
[04:15:37] 139.8, 126.4, 1.091
[04:15:38] 139.8, 126.4, 1.097
[04:15:39] 139.8, 126.5, 1.040
[04:15:40] 174.7, 126.4, 1.093
[04:15:41] 134.1, 126.4, 1.098
[04:15:42] 139.9, 126.4, 1.097
[04:15:43] 139.8, 126.4, 1.093
[04:15:44] 139.9, 126.4, 1.048
[04:15:45] 174.5, 126.4, 1.088
[04:15:46] 134.3, 126.4, 1.100
[04:15:47] 139.6, 126.4, 1.094
[04:15:48] 139.6, 126.4, 1.098
[04:15:49] 139.6, 126.5, 1.048
[04:15:50] 176.5, 126.4, 1.073
[04:15:51] 134.1, 126.5, 1.094
[04:15:52] 139.4, 126.5, 1.100
[04:15:53] 139.4, 126.5, 1.096
[04:15:54] 139.4, 126.5, 1.133
[04:15:55] 192.1, 126.4, 1.034
[04:15:56] 133.4, 126.5, 1.099
[04:15:57] 140.1, 126.4, 1.095
[04:15:58] 140.0, 126.5, 1.097
[04:15:59] 140.0, 126.4, 1.786
[04:16:00] 217.6, 126.5, 1.034
[04:16:01] 136.9, 126.4, 1.091
[04:16:02] 137.2, 126.4, 1.093
[04:16:03] 137.6, 126.5, 1.087
[04:16:04] 137.8, 126.3, 3.237
[04:16:05] 198.8, 126.5, 1.145
[04:16:06] 205.5, 126.5, 1.096
[04:16:07] 137.9, 126.4, 1.090
[04:16:08] 138.1, 126.5, 1.095
[04:16:09] 138.3, 126.5, 1.094
[04:16:10] 138.5, 126.3, 2.298
[04:16:11] 255.2, 126.4, 1.523
[04:16:12] 242.8, 126.5, 1.095
[04:16:13] 138.5, 126.5, 1.092
[04:16:14] 138.7, 126.5, 1.095
[04:16:15] 138.8, 126.4, 1.092
[04:16:16] 139.0, 126.3, 2.364
[04:16:17] 219.6, 126.3, 2.266
[04:16:18] 287.6, 126.3, 2.332
[04:16:19] 294.7, 126.5, 1.098
[04:16:20] 161.5, 126.5, 1.091
[04:16:21] 139.9, 126.5, 1.092
[04:16:22] 139.9, 126.4, 1.092
[04:16:23] 139.9, 126.4, 1.095
[04:16:24] 139.9, 126.3, 2.265
[04:16:25] 299.1, 126.2, 2.339
[04:16:26] 290.9, 126.2, 2.334
[04:16:27] 291.4, 126.2, 2.331
[04:16:28] 291.9, 126.3, 2.335
[04:16:29] 292.3, 126.4, 1.101
[04:16:30] 158.2, 126.4, 1.095
[04:16:31] 140.3, 126.4, 1.098
[04:16:32] 140.2, 126.5, 1.098
[04:16:33] 140.1, 126.5, 1.097
[04:16:34] 154.1, 126.3, 2.271
[04:16:35] 294.2, 126.3, 2.334
[04:16:36] 293.8, 126.2, 2.334
[04:16:37] 294.0, 126.3, 2.333
[04:16:38] 294.2, 126.2, 2.337
[04:16:39] 294.4, 126.2, 2.336
[04:16:40] 294.7, 126.2, 2.339
[04:16:41] 294.9, 126.3, 2.338
[04:16:42] 295.1, 126.2, 2.340
[04:16:43] 295.3, 126.2, 2.334
[04:16:44] 282.6, 126.4, 1.098
[04:16:45] 147.0, 126.4, 1.097
[04:16:46] 140.1, 126.4, 1.107
[04:16:47] 140.1, 126.4, 1.101
[04:16:48] 140.1, 126.4, 1.099
[04:16:49] 181.8, 126.3, 2.273
[04:16:50] 285.1, 126.2, 2.337
[04:16:51] 293.1, 126.3, 2.338
[04:16:52] 293.5, 126.3, 2.337
[04:16:53] 293.9, 126.3, 2.336
[04:16:54] 294.3, 126.3, 2.339
[04:16:55] 294.6, 126.3, 2.336
[04:16:56] 294.8, 126.3, 2.339
[04:16:57] 295.0, 126.3, 2.335
[04:16:58] 295.2, 126.2, 2.342
[04:16:59] 295.4, 126.2, 2.339
[04:17:00] 295.6, 126.3, 2.341
[04:17:01] 295.8, 126.2, 2.342
[04:17:02] 295.9, 126.3, 2.345
[04:17:03] 295.8, 126.2, 2.339
[04:17:04] 296.0, 126.2, 2.344
[04:17:05] 296.1, 126.3, 2.341
[04:17:06] 296.2, 126.3, 2.345
[04:17:07] 296.3, 126.3, 2.338
[04:17:08] 296.4, 126.4, 1.127
[04:17:09] 233.2, 126.4, 1.102
[04:17:10] 140.3, 126.4, 1.097
[04:17:11] 140.3, 126.4, 1.099
[04:17:12] 140.2, 126.5, 1.101
