<<<[09:27:10] 145.0, 125.8, 1.142
[09:27:11] 144.8, 125.8, 1.154
[09:27:12] 144.8, 125.8, 1.153
[09:27:13] 144.9, 125.8, 1.193
[09:27:14] 145.5, 125.8, 1.250
[09:27:15] 159.1, 125.8, 1.271
[09:27:16] 159.3, 125.8, 1.258
[09:27:17] 159.4, 125.8, 1.274
[09:27:18] 159.3, 125.8, 1.228
[09:27:19] 159.3, 125.8, 1.279
[09:27:20] 159.2, 125.8, 1.266
[09:27:21] 159.1, 125.8, 1.269
[09:27:22] 159.3, 125.7, 1.270
[09:27:23] 159.2, 125.7, 1.234
[09:27:24] 159.4, 125.7, 1.280
[09:27:25] 159.5, 125.7, 1.220
[09:27:26] 159.4, 125.7, 1.264
[09:27:27] 159.4, 125.7, 1.274
[09:27:28] 159.4, 125.6, 1.219
[09:27:29] 159.3, 125.8, 1.219
[09:27:30] 159.1, 125.7, 1.243
[09:27:31] 159.2, 125.7, 1.270
[09:27:32] 159.1, 125.7, 1.251
[09:27:33] 158.9, 125.7, 1.271
[09:27:34] 158.7, 125.7, 1.251
[09:27:35] 158.5, 125.8, 1.257
[09:27:36] 158.5, 125.7, 1.241
[09:27:37] 158.3, 125.8, 1.243
[09:27:38] 158.2, 125.7, 1.240
[09:27:39] 158.1, 125.7, 1.241
[09:27:40] 158.0, 125.7, 1.276
[09:27:41] 158.3, 125.7, 1.256
[09:27:42] 158.2, 125.7, 1.262
[09:27:43] 158.1, 125.7, 1.241
[09:27:44] 158.0, 125.8, 1.241
[09:27:45] 158.0, 125.8, 1.239
[09:27:46] 157.9, 125.7, 1.240
[09:27:47] 157.8, 125.8, 1.234
[09:27:48] 157.8, 125.8, 1.241
[09:27:49] 157.7, 125.8, 1.278
[09:27:50] 158.2, 125.8, 1.229
[09:27:51] 158.3, 125.7, 1.239
[09:27:52] 158.2, 125.9, 1.233
[09:27:53] 157.9, 125.8, 1.234
[09:27:54] 157.9, 125.8, 1.223
[09:27:55] 157.8, 125.8, 1.273
[09:27:56] 157.8, 125.8, 1.241
[09:27:57] 157.7, 125.8, 1.230
[09:27:58] 157.5, 125.8, 1.271
[09:27:59] 157.6, 125.8, 1.235
[09:28:00] 157.4, 125.8, 1.234
[09:28:01] 157.3, 125.8, 1.277
[09:28:02] 157.5, 125.8, 1.233
[09:28:03] 157.6, 125.8, 1.251
[09:28:04] 157.6, 125.8, 1.235
[09:28:05] 157.4, 125.8, 1.235
[09:28:06] 157.4, 125.8, 1.252
[09:28:07] 157.4, 125.8, 1.242
[09:28:08] 157.3, 125.9, 1.231
[09:28:09] 157.4, 125.8, 1.235
[09:28:10] 157.3, 125.8, 1.237
[09:28:11] 157.2, 125.7, 1.233
[09:28:12] 157.3, 125.8, 1.237
[09:28:13] 157.2, 125.8, 1.247
[09:28:14] 157.1, 125.8, 1.268
[09:28:15] 157.5, 125.7, 1.268
[09:28:16] 158.0, 125.7, 1.187
[09:28:17] 157.5, 125.8, 1.172
[09:28:18] 148.8, 125.8, 1.176
[09:28:19] 148.8, 125.8, 1.174
[09:28:20] 148.8, 125.7, 1.177
[09:28:21] 148.9, 125.7, 1.468
[09:28:22] 184.7, 125.8, 1.040
[09:28:23] 132.3, 125.7, 1.104
[09:28:24] 139.8, 125.7, 1.102
[09:28:25] 139.8, 125.7, 1.098
[09:28:26] 139.8, 125.7, 1.790
[09:28:27] 194.8, 125.7, 1.043
[09:28:28] 130.9, 125.8, 1.111
[09:28:29] 139.4, 125.8, 1.105
[09:28:30] 139.4, 125.7, 1.116
[09:28:31] 139.5, 125.6, 3.450
[09:28:32] 182.1, 125.9, 0.994
[09:28:33] 181.8, 125.8, 1.110
[09:28:34] 137.2, 125.8, 1.101
[09:28:35] 137.5, 125.9, 1.100
[09:28:36] 137.8, 125.8, 1.095
[09:28:37] 138.0, 125.7, 1.942
[09:28:38] 229.7, 125.8, 1.004
[09:28:39] 184.1, 125.8, 1.106
[09:28:40] 139.6, 125.8, 1.109
[09:28:41] 139.6, 125.9, 1.106
[09:28:42] 139.6, 125.9, 1.119
[09:28:43] 139.7, 125.8, 1.943
[09:28:44] 227.0, 125.7, 1.908
[09:28:45] 242.6, 125.9, 1.061
[09:28:46] 192.3, 125.8, 1.104
[09:28:47] 139.9, 125.9, 1.101
[09:28:48] 139.8, 125.8, 1.103
[09:28:49] 139.9, 125.8, 1.100
[09:28:50] 139.9, 125.7, 1.944
[09:28:51] 224.1, 125.7, 1.913
[09:28:52] 242.2, 125.7, 1.975
[09:28:53] 249.6, 125.7, 1.976
[09:28:54] 249.6, 125.7, 1.571
[09:28:55] 208.9, 125.7, 1.108
[09:28:56] 140.5, 125.8, 1.110
[09:28:57] 140.4, 125.8, 1.100
[09:28:58] 140.4, 125.7, 1.116
[09:28:59] 140.3, 125.6, 1.923
[09:29:00] 216.5, 125.5, 1.916
[09:29:01] 241.7, 125.5, 1.982
[09:29:02] 250.0, 125.5, 1.977
[09:29:03] 249.9, 125.6, 1.979
[09:29:04] 249.9, 125.6, 1.980
[09:29:05] 249.9, 125.6, 1.979
[09:29:06] 249.9, 125.6, 1.978
[09:29:07] 249.8, 125.7, 1.554
[09:29:08] 215.1, 125.8, 1.110
[09:29:09] 140.5, 125.8, 1.113
[09:29:10] 140.4, 125.8, 1.108
[09:29:11] 140.4, 125.8, 1.105
[09:29:12] 140.3, 125.6, 2.050
[09:29:13] 202.2, 125.7, 1.917
[09:29:14] 242.0, 125.7, 1.977
[09:29:15] 249.3, 125.8, 1.977
[09:29:16] 249.3, 125.8, 1.980
[09:29:17] 249.4, 125.8, 1.978
[09:29:18] 249.5, 125.8, 1.976
[09:29:19] 249.6, 125.8, 1.976
[09:29:20] 249.7, 125.8, 1.980
[09:29:21] 249.8, 125.8, 1.982
[09:29:22] 249.9, 125.8, 1.981
[09:29:23] 249.9, 125.8, 1.979
[09:29:24] 250.0, 125.8, 1.980
[09:29:25] 250.1, 125.8, 1.982
[09:29:26] 250.1, 125.8, 1.981
[09:29:27] 250.1, 125.8, 1.981
[09:29:28] 250.1, 125.7, 1.832
[09:29:29] 227.0, 125.9, 1.108
[09:29:30] 140.8, 125.9, 1.109
[09:29:31] 140.7, 125.8, 1.116
[09:29:32] 140.7, 125.8, 1.109
