<<<[00:33:29] 142.3, 126.4, 1.114
[00:33:30] 142.3, 126.4, 1.120
[00:33:31] 142.3, 126.4, 1.128
[00:33:32] 142.5, 126.4, 1.252
[00:33:33] 154.1, 126.4, 1.232
[00:33:34] 160.0, 126.4, 1.267
[00:33:35] 160.1, 126.4, 1.263
[00:33:36] 160.2, 126.4, 1.263
[00:33:37] 160.4, 126.3, 1.267
[00:33:38] 160.4, 126.3, 1.231
[00:33:39] 160.4, 126.3, 1.268
[00:33:40] 160.4, 126.3, 1.269
[00:33:41] 160.6, 126.3, 1.259
[00:33:42] 160.5, 126.3, 1.261
[00:33:43] 160.5, 126.3, 1.264
[00:33:44] 160.7, 126.3, 1.271
[00:33:45] 160.6, 126.4, 1.267
[00:33:46] 160.7, 126.3, 1.265
[00:33:47] 160.8, 126.3, 1.248
[00:33:48] 160.8, 126.3, 1.267
[00:33:49] 160.8, 126.3, 1.272
[00:33:50] 160.6, 126.3, 1.263
[00:33:51] 160.6, 126.3, 1.267
[00:33:52] 160.6, 126.3, 1.261
[00:33:53] 160.5, 126.3, 1.267
[00:33:54] 160.5, 126.3, 1.265
[00:33:55] 160.4, 126.3, 1.269
[00:33:56] 160.6, 126.3, 1.219
[00:33:57] 160.3, 126.4, 1.251
[00:33:58] 160.3, 126.3, 1.270
[00:33:59] 160.4, 126.3, 1.221
[00:34:00] 160.3, 126.3, 1.266
[00:34:01] 160.4, 126.3, 1.269
[00:34:02] 160.4, 126.3, 1.267
[00:34:03] 160.5, 126.3, 1.267
[00:34:04] 160.5, 126.3, 1.266
[00:34:05] 160.5, 126.3, 1.257
[00:34:06] 160.5, 126.3, 1.266
[00:34:07] 160.6, 126.3, 1.214
[00:34:08] 160.5, 126.3, 1.268
[00:34:09] 160.6, 126.3, 1.261
[00:34:10] 160.4, 126.3, 1.265
[00:34:11] 160.4, 126.3, 1.271
[00:34:12] 160.4, 126.3, 1.267
[00:34:13] 160.4, 126.3, 1.258
[00:34:14] 160.3, 126.4, 1.266
[00:34:15] 160.4, 126.3, 1.267
[00:34:16] 160.5, 126.3, 1.269
[00:34:17] 160.6, 126.3, 1.225
[00:34:18] 160.5, 126.3, 1.266
[00:34:19] 160.5, 126.3, 1.231
[00:34:20] 160.5, 126.3, 1.261
[00:34:21] 160.3, 126.3, 1.299
[00:34:22] 160.2, 126.3, 1.241
[00:34:23] 160.0, 126.3, 1.239
[00:34:24] 159.9, 126.4, 1.252
[00:34:25] 159.9, 126.4, 1.251
[00:34:26] 159.7, 126.4, 1.243
[00:34:27] 159.6, 126.3, 1.236
[00:34:28] 159.5, 126.3, 1.309
[00:34:29] 159.9, 126.4, 1.249
[00:34:30] 159.8, 126.4, 1.250
[00:34:31] 159.7, 126.4, 1.240
[00:34:32] 159.6, 126.4, 1.235
[00:34:33] 159.5, 126.3, 1.297
[00:34:34] 159.6, 126.3, 1.263
[00:34:35] 159.5, 126.3, 1.245
[00:34:36] 159.5, 126.3, 1.239
[00:34:37] 159.3, 126.4, 1.238
[00:34:38] 159.2, 126.3, 1.314
[00:34:39] 166.4, 126.3, 1.224
[00:34:40] 165.8, 126.4, 1.277
[00:34:41] 158.0, 126.3, 1.237
[00:34:42] 158.0, 126.4, 1.244
[00:34:43] 158.1, 126.3, 1.235
[00:34:44] 158.1, 126.4, 1.302
[00:34:45] 158.4, 126.4, 1.232
[00:34:46] 158.2, 126.3, 1.246
[00:34:47] 158.2, 126.3, 1.241
[00:34:48] 158.4, 126.4, 1.245
[00:34:49] 158.3, 126.3, 1.235
[00:34:50] 158.4, 126.3, 1.235
[00:34:51] 159.0, 126.3, 1.244
[00:34:52] 158.9, 126.3, 1.239
[00:34:53] 158.7, 126.3, 1.246
[00:34:54] 158.8, 126.4, 1.238
[00:34:55] 158.7, 126.3, 1.313
[00:34:56] 158.9, 126.4, 1.233
[00:34:57] 158.8, 126.3, 1.238
[00:34:58] 158.7, 126.4, 1.222
[00:34:59] 158.7, 126.4, 1.272
[00:35:00] 158.7, 126.4, 1.240
[00:35:01] 158.5, 126.3, 1.299
[00:35:02] 166.7, 126.3, 1.257
[00:35:03] 166.2, 126.3, 1.260
[00:35:04] 160.4, 126.3, 1.258
[00:35:05] 160.3, 126.3, 1.243
[00:35:06] 160.1, 126.2, 1.244
[00:35:07] 159.9, 126.3, 1.245
[00:35:08] 159.7, 126.3, 1.245
[00:35:09] 159.5, 126.3, 1.178
[00:35:10] 151.5, 126.3, 1.172
[00:35:11] 151.2, 126.3, 1.171
[00:35:12] 151.0, 126.3, 1.160
[00:35:13] 150.7, 126.2, 1.157
[00:35:14] 150.3, 126.3, 0.987
[00:35:15] 181.8, 126.3, 1.061
[00:35:16] 133.6, 126.3, 1.099
[00:35:17] 139.9, 126.3, 1.102
[00:35:18] 139.9, 126.3, 1.097
[00:35:19] 139.9, 126.3, 1.009
[00:35:20] 180.5, 126.3, 1.039
[00:35:21] 133.2, 126.3, 1.096
[00:35:22] 139.9, 126.3, 1.093
[00:35:23] 139.8, 126.3, 1.093
[00:35:24] 139.8, 126.3, 1.531
[00:35:25] 212.2, 126.3, 1.036
[00:35:26] 130.7, 126.3, 1.095
[00:35:27] 140.3, 126.3, 1.094
[00:35:28] 140.1, 126.3, 1.096
[00:35:29] 140.1, 126.2, 2.408
[00:35:30] 209.3, 126.3, 1.051
[00:35:31] 162.9, 126.3, 1.096
[00:35:32] 138.7, 126.2, 1.094
[00:35:33] 138.8, 126.3, 1.093
[00:35:34] 138.9, 126.3, 1.092
[00:35:35] 139.1, 126.2, 2.167
[00:35:36] 279.1, 126.3, 1.109
[00:35:37] 164.0, 126.3, 1.097
[00:35:38] 139.9, 126.4, 1.097
[00:35:39] 139.8, 126.4, 1.096
[00:35:40] 139.8, 126.3, 1.101
[00:35:41] 139.8, 126.3, 2.165
[00:35:42] 281.1, 126.3, 2.241
[00:35:43] 280.7, 126.4, 1.113
[00:35:44] 166.7, 126.4, 1.098
[00:35:45] 140.1, 126.4, 1.095
[00:35:46] 140.0, 126.4, 1.094
[00:35:47] 140.0, 126.4, 1.100
[00:35:48] 140.0, 126.3, 2.166
[00:35:49] 285.5, 126.2, 2.243
[00:35:50] 278.6, 126.3, 2.237
[00:35:51] 283.7, 126.2, 2.236
[00:35:52] 283.6, 126.4, 1.112
[00:35:53] 162.7, 126.4, 1.095
[00:35:54] 140.1, 126.4, 1.095
[00:35:55] 140.0, 126.4, 1.100
[00:35:56] 140.0, 126.4, 1.098
[00:35:57] 150.8, 126.3, 2.172
[00:35:58] 284.0, 126.3, 2.241
[00:35:59] 283.4, 126.2, 2.239
[00:36:00] 283.4, 126.2, 2.239
[00:36:01] 283.5, 126.2, 2.240
[00:36:02] 283.6, 126.2, 2.235
[00:36:03] 283.6, 126.2, 2.239
[00:36:04] 283.7, 126.2, 2.235
[00:36:05] 271.7, 126.4, 1.101
[00:36:06] 151.3, 126.3, 1.097
[00:36:07] 140.5, 126.4, 1.099
[00:36:08] 140.4, 126.4, 1.093
[00:36:09] 140.4, 126.4, 1.108
[00:36:10] 181.0, 126.2, 2.179
[00:36:11] 273.5, 126.2, 2.237
[00:36:12] 280.2, 126.3, 2.241
[00:36:13] 280.6, 126.2, 2.235
[00:36:14] 281.0, 126.2, 2.239
[00:36:15] 281.4, 126.2, 2.241
[00:36:16] 281.7, 126.2, 2.240
[00:36:17] 282.0, 126.3, 2.240
[00:36:18] 282.2, 126.2, 2.241
[00:36:19] 282.4, 126.2, 2.244
[00:36:20] 282.6, 126.2, 2.241
[00:36:21] 282.9, 126.2, 2.244
[00:36:22] 283.0, 126.2, 2.244
[00:36:23] 283.3, 126.2, 2.244
[00:36:24] 283.4, 126.3, 2.243
[00:36:25] 283.6, 126.4, 1.145
[00:36:26] 229.0, 126.3, 1.104
[00:36:27] 140.7, 126.4, 1.100
[00:36:28] 140.6, 126.4, 1.107
[00:36:29] 140.5, 126.4, 1.098
