<<<[21:26:42] 140.3, 125.5, 1.120
[21:26:43] 140.4, 125.5, 1.119
[21:26:44] 140.5, 125.5, 1.129
[21:26:45] 140.7, 125.5, 1.142
[21:26:46] 141.3, 125.5, 1.255
[21:26:47] 159.7, 125.5, 1.251
[21:26:48] 159.6, 125.5, 1.101
[21:26:49] 152.6, 125.5, 1.178
[21:26:50] 146.8, 125.5, 1.165
[21:26:51] 147.0, 125.5, 1.157
[21:26:52] 146.9, 125.6, 1.126
[21:26:53] 146.6, 125.4, 1.699
[21:26:54] 168.9, 125.6, 1.107
[21:26:55] 141.2, 125.5, 1.105
[21:26:56] 141.0, 125.5, 1.115
[21:26:57] 141.0, 125.5, 1.122
[21:26:58] 141.0, 125.4, 1.686
[21:26:59] 165.3, 125.4, 1.115
[21:27:00] 141.2, 125.5, 1.109
[21:27:01] 141.1, 125.5, 1.114
[21:27:02] 141.0, 125.5, 1.115
[21:27:03] 141.0, 125.4, 1.686
[21:27:04] 165.1, 125.5, 1.109
[21:27:05] 141.6, 125.5, 1.110
[21:27:06] 141.4, 125.5, 1.109
[21:27:07] 141.3, 125.5, 1.109
[21:27:08] 141.2, 125.4, 1.679
[21:27:09] 164.6, 125.5, 1.113
[21:27:10] 141.8, 125.4, 1.110
[21:27:11] 141.6, 125.5, 1.110
[21:27:12] 141.5, 125.5, 1.106
[21:27:13] 141.4, 125.4, 1.670
[21:27:14] 163.8, 125.5, 1.106
[21:27:15] 142.1, 125.5, 1.108
[21:27:16] 141.8, 125.5, 1.107
[21:27:17] 141.5, 125.5, 1.106
[21:27:18] 141.4, 125.4, 1.672
[21:27:19] 163.8, 125.5, 1.108
[21:27:20] 141.9, 125.5, 1.113
[21:27:21] 141.7, 125.5, 1.111
[21:27:22] 141.5, 125.5, 1.102
[21:27:23] 141.3, 125.5, 1.662
[21:27:24] 162.9, 125.5, 1.104
[21:27:25] 142.1, 125.6, 1.102
[21:27:26] 141.7, 125.6, 1.097
[21:27:27] 141.5, 125.6, 1.101
[21:27:28] 141.2, 125.4, 2.809
[21:27:29] 174.3, 125.6, 1.045
[21:27:30] 134.7, 125.6, 1.106
[21:27:31] 135.0, 125.5, 1.106
[21:27:32] 135.6, 125.5, 1.103
[21:27:33] 136.1, 125.4, 3.169
[21:27:34] 173.6, 125.5, 1.043
[21:27:35] 134.9, 125.5, 1.106
[21:27:36] 135.2, 125.4, 1.101
[21:27:37] 135.7, 125.4, 1.105
[21:27:38] 136.2, 125.2, 2.968
[21:27:39] 175.1, 125.4, 1.038
[21:27:40] 146.5, 125.4, 1.107
[21:27:41] 137.0, 125.4, 1.105
[21:27:42] 137.3, 125.4, 1.108
[21:27:43] 137.5, 125.4, 1.102
[21:27:44] 166.7, 125.5, 1.049
[21:27:45] 166.7, 125.4, 1.108
[21:27:52] 139.9, 125.5, 1.107
wattsup: [error] Reading final time stamp: Bad address
[21:27:59] 137.0, 125.5, 1.101
wattsup: [error] Reading final time stamp: Bad address
[21:28:06] 139.8, 125.5, 1.108
wattsup: [error] Reading final time stamp: Bad address
[21:28:13] 139.9, 125.4, 1.105
[21:28:20] 249.8, 125.4, 1.993
[21:28:22] 250.3, 125.5, 1.103
[21:28:23] 182.1, 125.5, 1.107
[21:28:24] 139.8, 125.5, 1.102
[21:28:25] 139.8, 125.5, 1.104
[21:28:26] 139.8, 125.4, 1.103
[21:28:27] 139.8, 125.4, 1.948
[21:28:28] 238.6, 125.3, 1.938
[21:28:29] 245.1, 125.3, 1.994
[21:28:30] 251.1, 125.4, 1.995
[21:28:31] 251.1, 125.3, 1.998
[21:28:32] 251.2, 125.3, 1.996
[21:28:33] 251.2, 125.3, 2.000
[21:28:34] 251.3, 125.3, 1.999
[21:28:35] 251.4, 125.3, 1.998
[21:28:36] 251.5, 125.4, 2.000
[21:28:37] 251.5, 125.3, 2.002
[21:28:38] 251.5, 125.4, 1.999
[21:28:39] 251.6, 125.4, 2.002
[21:28:40] 251.7, 125.4, 1.998
[21:28:41] 251.7, 125.4, 1.429
[21:28:42] 218.3, 125.4, 1.107
[21:28:43] 140.7, 125.5, 1.099
[21:28:44] 140.6, 125.5, 1.115
[21:28:45] 140.5, 125.5, 1.115
