<<<[17:55:33] 140.3, 125.2, 1.128
[17:55:34] 140.5, 125.3, 1.123
[17:55:35] 140.8, 125.2, 1.139
[17:55:36] 141.0, 125.2, 1.143
[17:55:37] 141.6, 125.2, 1.271
[17:55:38] 159.9, 125.2, 1.267
[17:55:39] 159.8, 125.2, 1.250
[17:55:40] 159.5, 125.1, 1.186
[17:55:41] 148.6, 125.2, 1.178
[17:55:42] 148.4, 125.2, 1.160
[17:55:43] 148.0, 125.3, 1.119
[17:55:44] 142.3, 125.2, 1.115
[17:55:45] 142.1, 125.2, 1.092
[17:55:46] 167.5, 125.2, 1.108
[17:55:47] 140.1, 125.2, 1.115
[17:55:48] 140.2, 125.2, 1.121
[17:55:49] 140.3, 125.2, 1.105
[17:55:50] 140.4, 125.2, 1.097
[17:55:51] 166.9, 125.3, 1.110
[17:55:52] 140.3, 125.3, 1.108
[17:55:53] 140.3, 125.2, 1.113
[17:55:54] 140.3, 125.2, 1.112
[17:55:55] 140.3, 125.2, 1.088
[17:55:56] 165.6, 125.2, 1.107
[17:55:57] 139.9, 125.2, 1.106
[17:55:58] 139.9, 125.2, 1.111
[17:55:59] 140.0, 125.2, 1.108
[17:56:00] 140.0, 125.2, 1.099
[17:56:01] 167.1, 125.2, 1.108
[17:56:02] 140.3, 125.2, 1.108
[17:56:03] 140.3, 125.2, 1.113
[17:56:04] 140.3, 125.2, 1.113
[17:56:05] 140.3, 125.2, 1.088
[17:56:06] 166.0, 125.3, 1.111
[17:56:07] 140.1, 125.2, 1.105
[17:56:08] 140.0, 125.2, 1.108
[17:56:09] 140.0, 125.3, 1.111
[17:56:10] 140.0, 125.3, 1.093
[17:56:11] 166.2, 125.3, 1.106
[17:56:12] 139.8, 125.3, 1.111
[17:56:13] 139.8, 125.3, 1.101
[17:56:14] 139.7, 125.3, 1.106
[17:56:15] 139.8, 125.3, 1.015
[17:56:16] 173.4, 125.3, 1.069
[17:56:17] 133.6, 125.3, 1.105
[17:56:18] 139.4, 125.3, 1.106
[17:56:19] 139.4, 125.3, 1.105
[17:56:20] 139.4, 125.3, 1.028
[17:56:21] 172.9, 125.3, 1.047
[17:56:22] 133.2, 125.3, 1.099
[17:56:23] 139.8, 125.2, 1.098
[17:56:24] 139.7, 125.2, 1.100
[17:56:25] 139.6, 125.2, 1.403
[17:56:26] 183.0, 125.2, 1.040
[17:56:27] 133.1, 125.2, 1.103
[17:56:28] 139.6, 125.2, 1.100
[17:56:29] 139.5, 125.2, 1.100
[17:56:30] 139.5, 125.1, 1.731
[17:56:31] 196.8, 125.2, 1.039
[17:56:32] 141.4, 125.2, 1.101
[17:56:33] 141.1, 125.2, 1.105
[17:56:34] 140.8, 125.2, 1.101
[17:56:35] 140.7, 125.0, 3.380
[17:56:36] 179.4, 125.2, 0.999
[17:56:37] 179.2, 125.2, 1.099
[17:56:38] 137.0, 125.2, 1.097
[17:56:39] 137.3, 125.3, 1.100
[17:56:40] 137.5, 125.2, 1.109
[17:56:41] 137.8, 125.1, 1.862
[17:56:42] 214.5, 125.2, 1.368
[17:56:43] 198.2, 125.2, 1.103
[17:56:44] 139.8, 125.2, 1.101
[17:56:45] 139.7, 125.2, 1.105
[17:56:46] 139.7, 125.2, 1.100
[17:56:47] 139.7, 125.1, 1.921
[17:56:48] 197.1, 125.1, 1.834
[17:56:49] 231.4, 125.1, 1.900
[17:56:50] 231.9, 125.2, 1.105
[17:56:51] 149.4, 125.2, 1.111
[17:56:52] 140.1, 125.2, 1.102
[17:56:53] 140.0, 125.2, 1.104
[17:56:54] 139.9, 125.2, 1.110
[17:56:55] 167.8, 125.1, 1.839
[17:56:56] 228.5, 125.1, 1.901
[17:56:57] 235.3, 125.1, 1.902
[17:56:58] 235.7, 125.1, 1.904
[17:56:59] 236.2, 125.2, 1.624
[17:57:00] 225.6, 125.3, 1.105
[17:57:01] 138.1, 125.3, 1.102
[17:57:02] 138.3, 125.3, 1.108
[17:57:03] 138.5, 125.3, 1.102
[17:57:04] 138.6, 125.1, 2.513
[17:57:05] 188.1, 125.1, 1.837
[17:57:06] 232.1, 125.1, 1.901
[17:57:07] 237.7, 125.1, 1.903
[17:57:08] 237.8, 125.2, 1.901
[17:57:09] 238.0, 125.2, 1.901
[17:57:10] 238.2, 125.1, 1.902
[17:57:11] 238.3, 125.2, 1.905
[17:57:12] 238.5, 125.1, 1.902
[17:57:13] 238.6, 125.2, 1.904
[17:57:14] 238.7, 125.2, 1.121
[17:57:15] 166.7, 125.2, 1.102
[17:57:16] 139.9, 125.2, 1.105
[17:57:17] 139.8, 125.3, 1.108
[17:57:18] 139.8, 125.2, 1.103
[17:57:19] 139.8, 125.1, 1.839
[17:57:20] 238.8, 125.2, 1.896
[17:57:21] 238.1, 125.2, 1.903
[17:57:22] 238.3, 125.2, 1.903
[17:57:23] 238.4, 125.2, 1.901
[17:57:24] 238.6, 125.2, 1.901
[17:57:25] 238.6, 125.2, 1.903
[17:57:26] 238.7, 125.1, 1.903
[17:57:27] 238.8, 125.1, 1.904
[17:57:28] 238.9, 125.1, 1.903
[17:57:29] 239.0, 125.1, 1.906
[17:57:30] 239.1, 125.1, 1.906
[17:57:31] 239.1, 125.1, 1.906
[17:57:32] 239.2, 125.2, 1.907
[17:57:33] 239.3, 125.1, 1.909
[17:57:34] 239.4, 125.1, 1.909
[17:57:35] 239.5, 125.1, 1.906
[17:57:36] 239.6, 125.2, 1.906
[17:57:37] 239.6, 125.2, 1.907
[17:57:38] 239.7, 125.3, 1.116
[17:57:39] 145.0, 125.3, 1.113
[17:57:40] 144.4, 125.2, 1.115
[17:57:41] 143.9, 125.2, 1.108
