<<<[07:10:27] 144.5, 125.7, 1.118
[07:10:28] 144.2, 125.7, 1.129
[07:10:29] 144.0, 125.7, 1.141
[07:10:30] 144.1, 125.8, 1.267
[07:10:31] 153.7, 125.7, 1.265
[07:10:32] 159.7, 125.7, 1.249
[07:10:33] 159.8, 125.7, 1.268
[07:10:34] 159.8, 125.7, 1.273
[07:10:35] 159.9, 125.7, 1.272
[07:10:36] 160.0, 125.7, 1.251
[07:10:37] 160.0, 125.7, 1.265
[07:10:38] 159.8, 125.7, 1.232
[07:10:39] 159.6, 125.7, 1.247
[07:10:40] 159.5, 125.7, 1.237
[07:10:41] 159.5, 125.7, 1.240
[07:10:42] 159.3, 125.7, 1.233
[07:10:43] 159.2, 125.7, 1.237
[07:10:44] 159.0, 125.7, 1.278
[07:10:45] 159.2, 125.7, 1.246
[07:10:46] 159.1, 125.7, 1.174
[07:10:47] 153.9, 125.6, 1.171
[07:10:48] 148.4, 125.6, 1.173
[07:10:49] 148.4, 125.6, 1.172
[07:10:50] 148.4, 125.7, 1.167
[07:10:51] 148.5, 125.6, 1.643
[07:10:52] 174.3, 125.6, 1.100
[07:10:53] 137.6, 125.6, 1.099
[07:10:54] 137.8, 125.6, 1.102
[07:10:55] 138.1, 125.7, 1.101
[07:10:56] 138.2, 125.6, 1.673
[07:10:57] 180.7, 125.7, 1.041
[07:10:58] 129.6, 125.7, 1.104
[07:10:59] 139.0, 125.7, 1.101
[07:11:00] 139.0, 125.7, 1.100
[07:11:01] 139.1, 125.6, 1.753
[07:11:02] 181.0, 125.7, 1.041
[07:11:03] 130.0, 125.7, 1.100
[07:11:04] 138.1, 125.7, 1.101
[07:11:05] 138.2, 125.7, 1.104
[07:11:06] 138.4, 125.7, 2.180
[07:11:07] 182.1, 125.7, 1.038
[07:11:08] 130.0, 125.7, 1.100
[07:11:09] 138.5, 125.6, 1.099
[07:11:10] 138.5, 125.7, 1.098
[07:11:11] 138.7, 125.5, 3.025
[07:11:12] 187.7, 125.6, 1.034
[07:11:13] 139.0, 125.7, 1.102
[07:11:14] 138.8, 125.7, 1.098
[07:11:15] 138.9, 125.7, 1.096
[07:11:16] 139.0, 125.7, 1.105
[07:11:17] 180.7, 125.7, 1.005
[07:11:18] 180.3, 125.7, 1.094
[07:11:19] 136.1, 125.7, 1.099
[07:11:20] 136.4, 125.7, 1.100
[07:11:21] 136.8, 125.7, 1.103
[07:11:22] 137.1, 125.6, 2.241
[07:11:23] 261.0, 125.7, 1.064
[07:11:24] 140.8, 125.7, 1.099
[07:11:25] 140.6, 125.7, 1.100
[07:11:26] 140.4, 125.7, 1.097
[07:11:27] 140.3, 125.6, 1.690
[07:11:28] 182.7, 125.6, 2.256
[07:11:29] 281.7, 125.7, 1.079
[07:11:30] 182.7, 125.8, 1.098
[07:11:31] 139.8, 125.7, 1.098
[07:11:32] 139.7, 125.7, 1.096
[07:11:33] 139.6, 125.7, 1.096
[07:11:34] 139.6, 125.5, 2.251
[07:11:35] 280.0, 125.4, 2.315
[07:11:36] 286.9, 125.6, 2.104
[07:11:37] 271.4, 125.7, 1.102
[07:11:38] 148.4, 125.6, 1.105
[07:11:39] 139.8, 125.6, 1.101
[07:11:40] 139.7, 125.6, 1.101
[07:11:41] 139.6, 125.4, 3.485
[07:11:42] 190.3, 125.5, 2.257
[07:11:43] 283.7, 125.5, 2.322
[07:11:44] 290.0, 125.5, 2.324
[07:11:45] 290.3, 125.5, 2.324
[07:11:46] 290.6, 125.5, 2.323
[07:11:47] 290.8, 125.6, 1.105
[07:11:48] 162.6, 125.6, 1.105
[07:11:49] 139.6, 125.6, 1.099
[07:11:50] 139.5, 125.6, 1.101
[07:11:51] 139.6, 125.6, 1.104
[07:11:52] 139.6, 125.5, 2.259
[07:11:53] 298.5, 125.5, 2.326
[07:11:54] 287.6, 125.4, 2.322
[07:11:55] 292.7, 125.5, 2.323
[07:11:56] 292.7, 125.5, 2.323
[07:11:57] 292.7, 125.4, 2.325
[07:11:58] 292.7, 125.5, 2.326
[07:11:59] 292.7, 125.5, 2.323
[07:12:00] 292.7, 125.4, 2.326
[07:12:01] 292.8, 125.4, 2.327
[07:12:02] 292.8, 125.5, 1.094
[07:12:03] 219.0, 125.6, 1.102
[07:12:04] 139.8, 125.6, 1.101
[07:12:05] 139.7, 125.6, 1.102
[07:12:06] 139.7, 125.5, 1.104
