<<<[20:17:05] 145.0, 125.8, 1.147
[20:17:06] 145.0, 125.8, 1.145
[20:17:07] 145.1, 125.8, 1.137
[20:17:08] 145.2, 125.8, 1.236
[20:17:09] 150.8, 125.8, 1.259
[20:17:10] 159.3, 125.8, 1.171
[20:17:11] 158.6, 125.8, 1.171
[20:17:12] 149.4, 125.8, 1.178
[20:17:13] 149.3, 125.8, 1.179
[20:17:14] 149.3, 125.8, 1.178
[20:17:15] 149.3, 125.7, 1.696
[20:17:16] 172.2, 125.8, 1.101
[20:17:17] 141.6, 125.8, 1.111
[20:17:18] 141.4, 125.9, 1.107
[20:17:19] 141.3, 125.9, 1.111
[20:17:20] 141.2, 125.7, 1.688
[20:17:21] 165.3, 125.8, 1.102
[20:17:22] 141.4, 125.9, 1.102
[20:17:23] 141.2, 125.8, 1.097
[20:17:24] 141.0, 125.8, 1.100
[20:17:25] 140.8, 125.7, 1.683
[20:17:26] 164.7, 125.8, 1.100
[20:17:27] 141.4, 125.8, 1.103
[20:17:28] 141.2, 125.8, 1.100
[20:17:29] 141.0, 125.8, 1.103
[20:17:30] 140.8, 125.8, 1.678
[20:17:31] 164.4, 125.8, 1.098
[20:17:32] 141.2, 125.8, 1.096
[20:17:33] 141.0, 125.8, 1.096
[20:17:34] 140.8, 125.8, 1.096
[20:17:35] 140.7, 125.7, 1.668
[20:17:36] 163.7, 125.8, 1.096
[20:17:37] 141.8, 125.8, 1.102
[20:17:38] 141.5, 125.8, 1.101
[20:17:39] 141.3, 125.7, 1.099
[20:17:40] 141.1, 125.8, 1.656
[20:17:41] 163.5, 125.8, 1.102
[20:17:42] 141.9, 125.9, 1.099
[20:17:43] 141.6, 125.9, 1.103
[20:17:44] 141.4, 125.8, 1.094
[20:17:45] 141.1, 125.6, 3.081
[20:17:46] 175.4, 125.8, 1.029
[20:17:47] 134.1, 125.8, 1.097
[20:17:48] 134.4, 125.8, 1.099
[20:17:49] 139.6, 125.8, 1.105
[20:17:50] 139.6, 125.5, 3.323
[20:17:51] 175.1, 125.8, 1.038
[20:17:52] 132.9, 125.8, 1.095
[20:17:53] 133.4, 125.8, 1.107
[20:17:54] 140.1, 125.8, 1.100
[20:17:55] 140.0, 125.9, 1.103
[20:17:56] 174.0, 125.8, 1.031
[20:17:57] 146.5, 125.8, 1.096
[20:17:58] 136.5, 125.8, 1.095
[20:17:59] 136.8, 125.8, 1.102
[20:18:00] 137.1, 125.8, 1.101
[20:18:01] 137.5, 125.8, 1.064
[20:18:02] 205.1, 125.8, 1.102
[20:18:03] 135.1, 125.8, 1.101
[20:18:04] 135.6, 125.8, 1.091
[20:18:05] 136.1, 125.8, 1.108
[20:18:06] 136.5, 125.7, 1.928
[20:18:07] 217.8, 125.8, 1.053
[20:18:08] 167.1, 125.8, 1.098
[20:18:09] 139.9, 125.8, 1.103
[20:18:10] 139.8, 125.9, 1.099
[20:18:11] 139.8, 125.9, 1.098
[20:18:12] 139.7, 125.7, 1.917
[20:18:13] 245.5, 125.8, 1.605
[20:18:14] 217.8, 125.9, 1.095
[20:18:15] 138.5, 125.9, 1.098
[20:18:16] 138.6, 125.9, 1.095
[20:18:17] 138.7, 125.9, 1.097
[20:18:18] 138.8, 125.7, 2.209
[20:18:19] 197.0, 125.8, 1.917
[20:18:20] 243.1, 125.8, 1.978
[20:18:21] 248.7, 125.8, 1.635
[20:18:22] 219.6, 125.9, 1.097
[20:18:23] 138.7, 125.9, 1.106
[20:18:24] 138.8, 125.9, 1.096
[20:18:25] 138.9, 125.9, 1.098
[20:18:26] 138.9, 125.8, 1.929
[20:18:27] 206.6, 125.8, 1.916
[20:18:28] 242.6, 125.8, 1.979
[20:18:29] 249.1, 125.7, 1.981
[20:18:30] 249.2, 125.7, 1.982
[20:18:31] 249.3, 125.6, 1.981
[20:18:32] 249.4, 125.8, 1.171
[20:18:33] 198.4, 125.8, 1.098
[20:18:34] 139.9, 125.8, 1.099
[20:18:35] 139.8, 125.8, 1.106
[20:18:36] 139.8, 125.8, 1.099
[20:18:37] 139.8, 125.7, 1.953
[20:18:38] 224.7, 125.7, 1.918
[20:18:39] 243.1, 125.7, 1.983
[20:18:40] 250.5, 125.6, 1.982
[20:18:41] 250.4, 125.7, 1.981
[20:18:42] 250.4, 125.7, 1.981
[20:18:43] 250.4, 125.7, 1.979
[20:18:44] 250.4, 125.7, 1.983
[20:18:45] 250.4, 125.7, 1.982
[20:18:46] 250.4, 125.7, 1.985
[20:18:47] 250.5, 125.7, 1.985
[20:18:48] 250.5, 125.8, 1.986
[20:18:49] 250.3, 125.8, 1.102
[20:18:50] 137.8, 125.8, 1.105
[20:18:51] 138.0, 125.8, 1.105
[20:18:52] 138.2, 125.8, 1.104
