<<<[20:54:10] 144.7, 125.5, 1.117
[20:54:11] 144.4, 125.5, 1.126
[20:54:12] 144.2, 125.5, 1.138
[20:54:13] 144.0, 125.4, 1.204
[20:54:14] 144.5, 125.5, 1.279
[20:54:15] 160.9, 125.5, 1.272
[20:54:16] 160.9, 125.5, 1.235
[20:54:17] 160.6, 125.5, 1.272
[20:54:18] 160.6, 125.5, 1.270
[20:54:19] 160.6, 125.5, 1.281
[20:54:20] 160.4, 125.5, 1.274
[20:54:21] 160.3, 125.5, 1.241
[20:54:22] 160.0, 125.5, 1.249
[20:54:23] 159.9, 125.6, 1.266
[20:54:24] 159.5, 125.6, 1.156
[20:54:25] 144.6, 125.6, 1.181
[20:54:26] 145.1, 125.6, 1.176
[20:54:27] 145.5, 125.6, 1.164
[20:54:28] 145.5, 125.6, 1.164
[20:54:29] 157.1, 125.6, 1.099
[20:54:30] 156.8, 125.6, 1.113
[20:54:31] 140.1, 125.5, 1.104
[20:54:32] 140.0, 125.6, 1.110
[20:54:33] 140.0, 125.5, 1.126
[20:54:34] 152.8, 125.5, 1.107
[20:54:35] 153.0, 125.5, 1.103
[20:54:36] 140.5, 125.5, 1.107
[20:54:37] 140.4, 125.5, 1.105
[20:54:38] 140.4, 125.5, 1.109
[20:54:39] 169.3, 125.6, 1.039
[20:54:40] 144.5, 125.5, 1.102
[20:54:41] 136.7, 125.5, 1.107
[20:54:42] 137.1, 125.6, 1.107
[20:54:43] 137.5, 125.6, 1.110
[20:54:44] 169.3, 125.5, 1.048
[20:54:45] 144.6, 125.6, 1.102
[20:54:46] 136.7, 125.6, 1.106
[20:54:47] 137.1, 125.6, 1.101
[20:54:48] 137.5, 125.6, 1.108
[20:54:49] 169.4, 125.6, 1.035
[20:54:50] 145.6, 125.6, 1.105
[20:54:51] 136.9, 125.6, 1.104
[20:54:52] 137.2, 125.6, 1.101
[20:54:53] 137.6, 125.6, 1.100
[20:54:54] 157.1, 125.5, 1.067
[20:54:55] 174.3, 125.5, 1.101
[20:54:56] 135.4, 125.5, 1.102
[20:54:57] 135.9, 125.5, 1.105
[20:54:58] 136.4, 125.5, 1.106
[20:54:59] 136.9, 125.6, 1.061
[20:55:00] 209.6, 125.6, 1.100
[20:55:01] 135.2, 125.5, 1.104
[20:55:02] 135.8, 125.5, 1.110
[20:55:03] 136.3, 125.5, 1.101
[20:55:04] 136.8, 125.4, 2.391
[20:55:05] 244.2, 125.6, 1.033
[20:55:06] 148.1, 125.6, 1.107
[20:55:07] 140.5, 125.6, 1.101
[20:55:08] 140.4, 125.6, 1.109
[20:55:09] 140.3, 125.6, 1.113
[20:55:10] 182.1, 125.4, 2.357
[20:55:11] 280.8, 125.6, 1.096
[20:55:12] 152.2, 125.6, 1.113
[20:55:13] 139.8, 125.6, 1.108
[20:55:14] 139.8, 125.6, 1.112
[20:55:15] 139.9, 125.6, 1.113
[20:55:16] 182.3, 125.4, 2.362
[20:55:17] 294.5, 125.4, 2.417
[20:55:18] 289.1, 125.6, 1.114
[20:55:19] 155.9, 125.6, 1.107
[20:55:20] 140.1, 125.6, 1.112
[20:55:21] 140.1, 125.6, 1.115
[20:55:22] 140.1, 125.6, 1.116
[20:55:23] 180.5, 125.4, 2.362
[20:55:24] 294.3, 125.4, 2.419
[20:55:25] 301.6, 125.4, 2.422
[20:55:26] 302.0, 125.3, 2.424
[20:55:27] 294.5, 125.6, 1.113
[20:55:28] 156.1, 125.5, 1.107
[20:55:29] 140.1, 125.6, 1.106
[20:55:30] 140.1, 125.6, 1.112
[20:55:31] 140.2, 125.5, 1.109
[20:55:32] 176.5, 125.4, 2.355
[20:55:33] 294.5, 125.4, 2.420
[20:55:34] 301.6, 125.4, 2.424
[20:55:35] 302.0, 125.3, 2.425
[20:55:36] 302.4, 125.3, 2.427
[20:55:37] 302.8, 125.3, 2.429
[20:55:38] 303.1, 125.3, 2.430
[20:55:39] 303.4, 125.3, 2.430
[20:55:40] 302.9, 125.5, 1.113
[20:55:41] 156.2, 125.5, 1.103
[20:55:42] 140.3, 125.5, 1.103
[20:55:43] 140.3, 125.5, 1.103
[20:55:44] 140.2, 125.5, 1.110
[20:55:45] 171.3, 125.2, 2.367
[20:55:46] 295.3, 125.3, 2.428
[20:55:47] 301.8, 125.3, 2.431
[20:55:48] 302.2, 125.3, 2.431
[20:55:49] 302.6, 125.3, 2.431
[20:55:50] 303.0, 125.4, 2.427
[20:55:51] 303.4, 125.3, 2.430
[20:55:52] 303.7, 125.3, 2.432
[20:55:53] 304.0, 125.3, 2.434
[20:55:54] 304.2, 125.3, 2.431
[20:55:55] 304.4, 125.3, 2.433
[20:55:56] 304.7, 125.3, 2.434
[20:55:57] 304.9, 125.3, 2.433
[20:55:58] 305.0, 125.3, 2.435
[20:55:59] 305.2, 125.4, 2.434
[20:56:00] 305.4, 125.4, 2.433
[20:56:01] 305.3, 125.5, 1.125
[20:56:02] 139.2, 125.5, 1.112
[20:56:03] 139.3, 125.5, 1.113
[20:56:04] 139.5, 125.6, 1.108
