<<<[00:25:43] 140.3, 126.4, 1.117
[00:25:44] 140.4, 126.3, 1.120
[00:25:45] 140.6, 126.3, 1.125
[00:25:46] 140.9, 126.3, 1.214
[00:25:47] 148.4, 126.3, 1.256
[00:25:48] 158.8, 126.3, 1.278
[00:25:49] 159.0, 126.3, 1.269
[00:25:50] 159.1, 126.3, 1.248
[00:25:51] 159.3, 126.3, 1.278
[00:25:52] 159.3, 126.3, 1.255
[00:25:53] 159.2, 126.3, 1.258
[00:25:54] 159.4, 126.3, 1.261
[00:25:55] 159.3, 126.4, 1.218
[00:25:56] 159.3, 126.3, 1.225
[00:25:57] 159.3, 126.3, 1.267
[00:25:58] 159.6, 126.3, 1.279
[00:25:59] 159.5, 126.3, 1.271
[00:26:00] 159.4, 126.3, 1.261
[00:26:01] 159.5, 126.3, 1.256
[00:26:02] 159.6, 126.3, 1.276
[00:26:03] 159.6, 126.4, 1.243
[00:26:04] 159.6, 126.3, 1.278
[00:26:05] 159.7, 126.3, 1.255
[00:26:06] 159.7, 126.3, 1.241
[00:26:07] 159.7, 126.3, 1.267
[00:26:08] 159.7, 126.3, 1.260
[00:26:09] 159.9, 126.3, 1.257
[00:26:10] 159.7, 126.3, 1.249
[00:26:11] 159.7, 126.3, 1.240
[00:26:12] 159.5, 126.3, 1.242
[00:26:13] 159.2, 126.3, 1.272
[00:26:14] 159.2, 126.2, 1.242
[00:26:15] 159.1, 126.3, 1.237
[00:26:16] 158.8, 126.3, 1.249
[00:26:17] 158.8, 126.2, 1.244
[00:26:18] 158.6, 126.2, 1.274
[00:26:19] 158.9, 126.3, 1.239
[00:26:20] 158.8, 126.3, 1.245
[00:26:21] 158.7, 126.3, 1.239
[00:26:22] 158.6, 126.3, 1.243
[00:26:23] 158.5, 126.3, 1.285
[00:26:24] 158.7, 126.3, 1.239
[00:26:25] 158.5, 126.3, 1.233
[00:26:26] 158.3, 126.3, 1.241
[00:26:27] 158.3, 126.3, 1.239
[00:26:28] 158.2, 126.3, 1.292
[00:26:29] 158.5, 126.3, 1.273
[00:26:30] 159.0, 126.3, 1.239
[00:26:31] 158.8, 126.3, 1.242
[00:26:32] 158.7, 126.3, 1.272
[00:26:33] 158.6, 126.3, 1.236
[00:26:34] 158.4, 126.3, 1.247
[00:26:35] 158.3, 126.3, 1.260
[00:26:36] 158.4, 126.2, 1.240
[00:26:37] 158.3, 126.2, 1.245
[00:26:38] 158.2, 126.3, 1.235
[00:26:39] 158.2, 126.3, 1.240
[00:26:40] 158.2, 126.3, 1.241
[00:26:41] 158.0, 126.3, 1.265
[00:26:42] 158.5, 126.3, 1.244
[00:26:43] 158.3, 126.3, 1.232
[00:26:44] 158.1, 126.3, 1.276
[00:26:45] 158.1, 126.3, 1.234
[00:26:46] 158.0, 126.3, 1.253
[00:26:47] 158.0, 126.2, 1.265
[00:26:48] 158.1, 126.3, 1.239
[00:26:49] 158.0, 126.3, 1.241
[00:26:50] 157.9, 126.3, 1.233
[00:26:51] 157.9, 126.3, 1.249
[00:26:52] 157.8, 126.2, 1.234
[00:26:53] 157.7, 126.2, 1.275
[00:26:54] 158.2, 126.2, 1.261
[00:26:55] 158.6, 126.2, 1.271
[00:26:56] 158.9, 126.2, 1.250
[00:26:57] 159.0, 126.2, 1.239
[00:26:58] 158.8, 126.2, 1.253
[00:26:59] 158.7, 126.2, 1.240
[00:27:00] 158.5, 126.2, 1.296
[00:27:01] 158.6, 126.2, 1.179
[00:27:02] 149.4, 126.3, 1.153
[00:27:03] 149.2, 126.2, 1.179
[00:27:04] 149.2, 126.2, 1.170
[00:27:05] 149.2, 126.3, 1.175
[00:27:06] 182.1, 126.3, 1.062
[00:27:07] 150.4, 126.3, 1.115
[00:27:08] 138.7, 126.2, 1.131
[00:27:09] 139.1, 126.2, 1.114
[00:27:10] 139.5, 126.3, 1.108
[00:27:11] 139.9, 126.3, 1.173
[00:27:12] 209.6, 126.2, 1.110
[00:27:13] 137.9, 126.2, 1.129
[00:27:14] 138.4, 126.2, 1.125
[00:27:15] 138.8, 126.2, 1.129
[00:27:16] 139.3, 126.0, 2.122
[00:27:17] 233.5, 126.2, 1.045
[00:27:18] 139.0, 126.2, 1.109
[00:27:19] 139.4, 126.2, 1.125
[00:27:20] 139.7, 126.2, 1.116
[00:27:21] 140.0, 126.3, 1.141
[00:27:22] 177.6, 126.2, 2.085
[00:27:23] 260.5, 126.3, 1.106
[00:27:24] 156.6, 126.3, 1.107
[00:27:25] 141.4, 126.2, 1.100
[00:27:26] 141.4, 126.3, 1.112
[00:27:27] 141.5, 126.2, 1.132
[00:27:28] 149.4, 126.1, 2.088
[00:27:29] 275.3, 126.1, 2.148
[00:27:30] 267.7, 126.2, 1.114
[00:27:31] 186.6, 126.3, 1.123
[00:27:32] 142.5, 126.3, 1.112
[00:27:33] 142.4, 126.3, 1.135
[00:27:34] 142.4, 126.3, 1.098
[00:27:35] 142.3, 126.2, 2.091
[00:27:36] 256.7, 126.1, 2.113
[00:27:37] 265.9, 126.1, 2.144
[00:27:38] 271.9, 126.1, 2.150
[00:27:39] 271.9, 126.3, 1.610
[00:27:40] 242.9, 126.3, 1.127
[00:27:41] 139.8, 126.3, 1.117
[00:27:42] 140.0, 126.3, 1.128
[00:27:43] 140.2, 126.3, 1.116
[00:27:44] 140.4, 126.2, 2.465
[00:27:45] 204.6, 126.2, 2.081
[00:27:46] 264.7, 126.2, 2.146
[00:27:47] 271.0, 126.2, 2.146
[00:27:48] 271.1, 126.2, 2.147
[00:27:49] 271.2, 126.2, 2.153
[00:27:50] 271.4, 126.2, 2.148
[00:27:51] 271.5, 126.2, 2.153
[00:27:52] 271.6, 126.1, 2.151
[00:27:53] 271.8, 126.3, 1.395
[00:27:54] 216.9, 126.3, 1.134
[00:27:55] 142.7, 126.3, 1.123
[00:27:56] 142.6, 126.3, 1.122
[00:27:57] 142.5, 126.3, 1.133
[00:27:58] 142.5, 126.2, 2.065
[00:27:59] 226.5, 126.2, 2.082
[00:28:00] 264.5, 126.2, 2.151
[00:28:01] 272.3, 126.2, 2.150
[00:28:02] 272.3, 126.1, 2.155
[00:28:03] 272.4, 126.2, 2.152
[00:28:04] 272.4, 126.2, 2.155
[00:28:05] 272.5, 126.2, 2.157
[00:28:06] 272.6, 126.2, 2.155
[00:28:07] 272.6, 126.2, 2.155
[00:28:08] 272.7, 126.2, 2.154
[00:28:09] 272.8, 126.2, 2.156
[00:28:10] 272.8, 126.2, 2.153
[00:28:11] 272.9, 126.2, 2.157
[00:28:12] 272.9, 126.1, 2.155
[00:28:13] 272.9, 126.2, 2.159
[00:28:14] 273.0, 126.2, 2.152
[00:28:15] 273.0, 126.2, 2.162
[00:28:16] 273.0, 126.4, 1.109
[00:28:17] 151.5, 126.3, 1.113
[00:28:18] 142.3, 126.4, 1.111
[00:28:19] 142.2, 126.4, 1.143
