<<<[20:15:10] 140.5, 125.9, 1.124
[20:15:11] 140.7, 125.8, 1.124
[20:15:12] 140.9, 125.9, 1.134
[20:15:13] 141.2, 125.9, 1.254
[20:15:14] 150.6, 125.9, 1.264
[20:15:15] 160.0, 125.9, 1.162
[20:15:16] 151.5, 125.9, 1.165
[20:15:17] 151.0, 125.9, 1.170
[20:15:18] 150.7, 125.9, 1.180
[20:15:19] 150.6, 125.9, 1.180
[20:15:20] 150.5, 125.9, 1.207
[20:15:21] 170.0, 125.9, 1.119
[20:15:22] 142.5, 125.9, 1.119
[20:15:23] 142.5, 125.9, 1.126
[20:15:24] 142.5, 125.9, 1.124
[20:15:25] 142.6, 125.9, 1.201
[20:15:26] 167.6, 125.9, 1.110
[20:15:27] 141.2, 125.9, 1.104
[20:15:28] 141.1, 125.9, 1.109
[20:15:29] 141.1, 125.9, 1.113
[20:15:30] 141.1, 125.9, 1.209
[20:15:31] 167.1, 125.9, 1.102
[20:15:32] 141.0, 125.9, 1.106
[20:15:33] 140.9, 125.9, 1.107
[20:15:34] 140.8, 125.9, 1.105
[20:15:35] 140.8, 125.9, 1.213
[20:15:36] 166.4, 125.9, 1.095
[20:15:37] 140.5, 125.9, 1.102
[20:15:38] 140.4, 125.9, 1.100
[20:15:39] 140.4, 125.9, 1.101
[20:15:40] 140.4, 125.9, 1.214
[20:15:41] 166.9, 125.9, 1.099
[20:15:42] 140.8, 125.9, 1.098
[20:15:43] 140.7, 125.9, 1.102
[20:15:44] 140.6, 125.9, 1.100
[20:15:45] 140.5, 125.9, 1.225
[20:15:46] 166.9, 125.9, 1.104
[20:15:47] 140.8, 125.9, 1.100
[20:15:48] 140.7, 125.9, 1.098
[20:15:49] 140.6, 125.9, 1.100
[20:15:50] 140.4, 125.9, 1.215
[20:15:51] 176.3, 125.9, 1.035
[20:15:52] 132.5, 125.9, 1.093
[20:15:53] 139.9, 125.8, 1.102
[20:15:54] 139.9, 125.9, 1.094
[20:15:55] 139.8, 125.9, 1.216
[20:15:56] 175.4, 125.8, 1.038
[20:15:57] 132.7, 125.8, 1.111
[20:15:58] 139.6, 125.9, 1.102
[20:15:59] 139.6, 125.9, 1.095
[20:16:00] 139.6, 125.9, 1.200
[20:16:01] 174.5, 125.9, 1.041
[20:16:02] 132.3, 125.8, 1.101
[20:16:03] 140.1, 125.8, 1.099
[20:16:04] 140.0, 125.7, 1.093
[20:16:05] 139.9, 125.8, 1.630
[20:16:06] 188.1, 125.8, 1.025
[20:16:07] 129.8, 125.8, 1.098
[20:16:08] 139.0, 125.8, 1.101
[20:16:09] 139.1, 125.8, 1.102
[20:16:10] 139.1, 125.7, 2.832
[20:16:11] 189.0, 125.8, 1.031
[20:16:12] 153.2, 125.8, 1.096
[20:16:13] 138.1, 125.9, 1.108
[20:16:14] 138.2, 125.9, 1.100
[20:16:15] 138.5, 125.8, 1.098
[20:16:16] 138.6, 125.8, 1.780
[20:16:17] 244.4, 125.8, 1.109
[20:16:18] 142.1, 125.8, 1.099
[20:16:19] 141.8, 125.8, 1.099
[20:16:20] 141.5, 125.8, 1.098
[20:16:21] 141.3, 125.6, 3.348
[20:16:22] 181.4, 125.7, 1.918
[20:16:23] 241.1, 125.8, 1.090
[20:16:24] 179.6, 125.8, 1.099
[20:16:25] 139.6, 125.8, 1.099
[20:16:26] 139.5, 125.8, 1.102
[20:16:27] 139.6, 125.8, 1.100
[20:16:28] 139.6, 125.7, 1.936
[20:16:29] 237.1, 125.6, 1.922
[20:16:30] 243.7, 125.7, 1.976
[20:16:31] 249.6, 125.8, 1.112
[20:16:32] 164.7, 125.8, 1.101
[20:16:33] 139.8, 125.8, 1.106
[20:16:34] 139.8, 125.8, 1.101
[20:16:35] 139.8, 125.8, 1.099
[20:16:36] 139.8, 125.6, 1.914
[20:16:37] 247.5, 125.7, 1.971
[20:16:38] 247.1, 125.7, 1.977
[20:16:39] 247.4, 125.7, 1.976
[20:16:40] 247.7, 125.7, 1.978
[20:16:41] 247.9, 125.7, 1.979
[20:16:42] 247.8, 125.9, 1.102
[20:16:43] 146.5, 125.8, 1.099
[20:16:44] 139.4, 125.9, 1.102
[20:16:45] 139.4, 125.9, 1.098
[20:16:46] 139.5, 125.9, 1.091
[20:16:47] 167.5, 125.8, 1.917
[20:16:48] 240.0, 125.7, 1.975
[20:16:49] 245.7, 125.7, 1.977
[20:16:50] 246.2, 125.7, 1.980
[20:16:51] 246.6, 125.7, 1.982
[20:16:52] 247.1, 125.7, 1.980
[20:16:53] 247.5, 125.7, 1.982
[20:16:54] 247.8, 125.7, 1.984
[20:16:55] 248.2, 125.7, 1.984
[20:16:56] 248.5, 125.7, 1.982
[20:16:57] 248.7, 125.7, 1.982
[20:16:58] 248.9, 125.8, 1.110
[20:16:59] 196.1, 125.9, 1.094
[20:17:00] 139.8, 125.8, 1.101
[20:17:01] 139.8, 125.8, 1.105
[20:17:02] 139.9, 125.8, 1.108
