<<<[19:50:34] 143.0, 126.0, 1.117
[19:50:35] 143.0, 126.0, 1.119
[19:50:36] 143.0, 125.9, 1.126
[19:50:37] 143.0, 125.9, 1.229
[19:50:38] 148.6, 125.9, 1.159
[19:50:39] 148.4, 125.9, 1.160
[19:50:40] 148.3, 125.9, 1.171
[19:50:41] 148.3, 126.0, 1.171
[19:50:42] 148.3, 126.0, 1.169
[19:50:43] 148.3, 126.0, 1.138
[19:50:44] 171.4, 126.0, 1.147
[19:50:45] 145.7, 126.0, 1.142
[19:50:46] 145.5, 126.0, 1.124
[19:50:47] 145.3, 126.0, 1.124
[19:50:48] 144.9, 126.0, 1.122
[19:50:49] 169.6, 126.0, 1.125
[19:50:50] 143.0, 126.0, 1.111
[19:50:51] 142.8, 126.0, 1.119
[19:50:52] 142.7, 126.0, 1.110
[19:50:53] 142.5, 126.0, 1.106
[19:50:54] 168.9, 126.0, 1.113
[19:50:55] 141.0, 126.0, 1.114
[19:50:56] 141.0, 126.0, 1.103
[19:50:57] 141.0, 126.0, 1.106
[19:50:58] 141.0, 126.0, 1.095
[19:50:59] 168.4, 126.0, 1.101
[19:51:00] 140.1, 126.0, 1.097
[19:51:01] 140.1, 125.9, 1.109
[19:51:02] 140.2, 126.0, 1.103
[19:51:03] 140.3, 126.0, 1.098
[19:51:04] 168.5, 126.0, 1.099
[19:51:05] 140.5, 126.0, 1.098
[19:51:06] 140.4, 126.0, 1.107
[19:51:07] 140.4, 125.9, 1.110
[19:51:08] 140.4, 125.9, 1.090
[19:51:09] 168.2, 126.0, 1.102
[19:51:10] 139.9, 125.9, 1.095
[19:51:11] 139.9, 126.0, 1.100
[19:51:12] 139.8, 125.9, 1.103
[19:51:13] 139.9, 125.9, 1.088
[19:51:14] 167.8, 126.0, 1.093
[19:51:15] 139.9, 125.9, 1.096
[19:51:16] 139.8, 126.0, 1.101
[19:51:17] 139.7, 126.0, 1.099
[19:51:18] 139.7, 126.0, 1.081
[19:51:19] 166.9, 126.0, 1.094
[19:51:20] 139.2, 126.0, 1.096
[19:51:21] 139.2, 126.0, 1.098
[19:51:22] 139.2, 125.9, 1.105
[19:51:23] 139.3, 126.0, 1.007
[19:51:24] 175.2, 125.9, 1.059
[19:51:25] 133.4, 125.9, 1.100
[19:51:26] 139.4, 125.9, 1.092
[19:51:27] 139.4, 125.9, 1.099
[19:51:28] 139.4, 125.9, 1.015
[19:51:29] 173.8, 125.9, 1.037
[19:51:30] 132.5, 125.9, 1.097
[19:51:31] 139.2, 125.9, 1.104
[19:51:32] 139.2, 125.9, 1.099
[19:51:33] 139.2, 125.9, 1.373
[19:51:34] 183.7, 125.8, 1.038
[19:51:35] 133.1, 125.9, 1.098
[19:51:36] 139.2, 125.9, 1.097
[19:51:37] 139.2, 125.9, 1.106
[19:51:38] 139.2, 125.8, 1.840
[19:51:39] 198.0, 125.9, 1.029
[19:51:40] 141.0, 125.9, 1.093
[19:51:41] 140.6, 126.0, 1.093
[19:51:42] 140.4, 126.0, 1.097
[19:51:43] 140.3, 126.0, 1.098
[19:51:44] 171.8, 125.9, 1.574
[19:51:45] 214.5, 126.0, 1.090
[19:51:46] 133.8, 126.0, 1.096
[19:51:47] 139.4, 126.0, 1.091
[19:51:48] 139.3, 126.0, 1.097
[19:51:49] 139.3, 125.9, 2.030
[19:51:50] 196.8, 125.8, 1.848
[19:51:51] 233.7, 126.0, 1.106
[19:51:52] 161.1, 125.9, 1.098
[19:51:53] 139.4, 125.9, 1.099
[19:51:54] 139.4, 126.0, 1.094
[19:51:55] 139.4, 126.0, 1.099
[19:51:56] 147.2, 125.9, 1.847
[19:51:57] 245.3, 125.8, 1.917
[19:51:58] 237.3, 125.9, 1.871
[19:51:59] 236.9, 126.0, 1.094
[19:52:00] 149.9, 126.0, 1.092
[19:52:01] 139.4, 125.9, 1.100
[19:52:02] 139.4, 125.9, 1.098
[19:52:03] 139.5, 125.7, 2.827
[19:52:04] 176.3, 125.8, 1.848
[19:52:05] 231.9, 125.8, 1.911
[19:52:06] 239.0, 125.8, 1.913
[19:52:07] 239.3, 125.8, 1.912
[19:52:08] 265.0, 125.8, 1.913
[19:52:09] 241.9, 125.9, 1.492
[19:52:10] 206.4, 126.0, 1.101
[19:52:11] 140.3, 126.0, 1.098
[19:52:12] 140.1, 126.0, 1.098
[19:52:13] 140.1, 126.0, 1.108
[19:52:14] 140.1, 125.9, 1.829
[19:52:15] 205.8, 125.9, 1.848
[19:52:16] 234.1, 125.8, 1.912
[19:52:17] 241.7, 125.9, 1.914
[19:52:18] 241.7, 125.9, 1.913
[19:52:19] 241.7, 125.9, 1.913
[19:52:20] 241.8, 125.9, 1.916
[19:52:21] 241.8, 125.9, 1.917
[19:52:22] 241.9, 125.8, 1.917
[19:52:23] 242.0, 125.9, 1.917
[19:52:24] 242.0, 125.9, 1.916
[19:52:25] 242.1, 125.9, 1.776
[19:52:26] 219.9, 126.0, 1.094
[19:52:27] 140.8, 125.9, 1.097
[19:52:28] 140.6, 125.9, 1.096
[19:52:29] 140.5, 126.0, 1.096
<<<[02:29:12] 141.3, 126.6, 1.105
[02:29:13] 141.2, 126.6, 1.106
[02:29:14] 141.1, 126.6, 1.102
[02:29:15] 141.1, 126.6, 1.248
[02:29:16] 148.3, 126.6, 1.110
[02:29:17] 147.7, 126.6, 1.109
[02:29:18] 141.8, 126.6, 1.102
[02:29:19] 141.7, 126.6, 1.115
[02:29:20] 141.7, 126.6, 1.113
[02:29:21] 141.9, 126.5, 1.094
[02:29:22] 169.8, 126.6, 1.107
[02:29:23] 141.2, 126.6, 1.099
[02:29:24] 141.1, 126.6, 1.105
[02:29:25] 141.0, 126.6, 1.104
[02:29:26] 141.0, 126.5, 1.080
[02:29:27] 168.2, 126.5, 1.118
[02:29:28] 141.4, 126.6, 1.109
[02:29:29] 141.4, 126.6, 1.095
[02:29:30] 141.3, 126.6, 1.100
[02:29:31] 141.2, 126.6, 1.084
[02:29:32] 168.0, 126.6, 1.098
[02:29:33] 140.1, 126.6, 1.104
[02:29:34] 140.1, 126.6, 1.103
[02:29:35] 140.2, 126.6, 1.102
[02:29:36] 140.2, 126.6, 1.086
[02:29:37] 167.6, 126.6, 1.097
[02:29:38] 139.8, 126.6, 1.096
[02:29:39] 139.8, 126.6, 1.104
[02:29:40] 139.8, 126.6, 1.094
[02:29:41] 139.8, 126.6, 1.084
[02:29:42] 167.6, 126.6, 1.092
[02:29:43] 140.1, 126.6, 1.100
[02:29:44] 140.0, 126.6, 1.094
[02:29:45] 140.0, 126.5, 1.098
[02:29:46] 140.0, 126.6, 1.084
[02:29:47] 167.3, 126.5, 1.090
[02:29:48] 139.4, 126.5, 1.085
[02:29:49] 139.3, 126.6, 1.097
[02:29:50] 139.4, 126.6, 1.093
[02:29:51] 139.4, 126.6, 1.081
[02:29:52] 167.1, 126.6, 1.097
[02:29:53] 140.1, 126.6, 1.098
[02:29:54] 140.0, 126.6, 1.096
[02:29:55] 140.0, 126.6, 1.096
[02:29:56] 140.0, 126.6, 1.081
[02:29:57] 166.2, 126.6, 1.093
[02:29:58] 139.6, 126.6, 1.081
[02:29:59] 139.5, 126.6, 1.091
[02:30:00] 139.5, 126.6, 1.099
[02:30:01] 139.5, 126.6, 1.062
[02:30:02] 175.4, 126.6, 1.029
[02:30:03] 132.9, 126.5, 1.093
[02:30:04] 139.6, 126.6, 1.086
[02:30:05] 139.5, 126.6, 1.095
[02:30:06] 139.5, 126.6, 1.050
[02:30:07] 173.6, 126.6, 1.031
[02:30:08] 132.5, 126.6, 1.089
[02:30:09] 139.0, 126.6, 1.098
[02:30:10] 139.0, 126.6, 1.087
[02:30:11] 139.1, 126.5, 1.550
[02:30:12] 186.1, 126.5, 1.028
[02:30:13] 130.5, 126.5, 1.092
[02:30:14] 139.6, 126.5, 1.087
[02:30:15] 139.5, 126.6, 1.089
[02:30:16] 139.5, 126.5, 2.205
[02:30:17] 193.0, 126.6, 1.035
[02:30:18] 147.2, 126.6, 1.091
[02:30:19] 138.1, 126.6, 1.090
[02:30:20] 138.2, 126.6, 1.087
[02:30:21] 138.3, 126.6, 1.085
[02:30:22] 156.2, 126.5, 1.577
[02:30:23] 227.7, 126.6, 1.096
[02:30:24] 138.1, 126.6, 1.085
[02:30:25] 138.2, 126.6, 1.095
[02:30:26] 138.4, 126.6, 1.091
[02:30:27] 138.5, 126.5, 2.724
[02:30:28] 188.6, 126.5, 1.864
[02:30:29] 237.7, 126.5, 1.111
[02:30:30] 170.0, 126.5, 1.093
[02:30:31] 139.4, 126.5, 1.095
[02:30:32] 139.3, 126.5, 1.095
[02:30:33] 139.4, 126.5, 1.101
[02:30:34] 139.5, 126.4, 1.862
[02:30:35] 246.4, 126.4, 1.931
[02:30:36] 240.2, 126.4, 1.935
[02:30:37] 240.4, 126.6, 1.092
[02:30:38] 155.1, 126.5, 1.094
[02:30:39] 139.6, 126.5, 1.095
[02:30:40] 139.5, 126.5, 1.089
[02:30:41] 139.5, 126.5, 1.097
[02:30:42] 169.1, 126.4, 1.872
[02:30:43] 235.2, 126.4, 1.933
[02:30:44] 241.9, 126.4, 1.935
[02:30:45] 242.4, 126.4, 1.937
[02:30:46] 242.8, 126.4, 1.936
[02:30:47] 243.2, 126.5, 1.624
[02:30:48] 217.1, 126.5, 1.093
[02:30:49] 138.5, 126.5, 1.099
[02:30:50] 138.6, 126.6, 1.095
[02:30:51] 138.7, 126.5, 1.100
[02:30:52] 138.9, 126.5, 1.893
[02:30:53] 203.5, 126.5, 1.862
[02:30:54] 237.7, 126.5, 1.934
[02:30:55] 245.5, 126.4, 1.925
[02:30:56] 245.5, 126.4, 1.935
[02:30:57] 245.5, 126.4, 1.937
[02:30:58] 245.6, 126.4, 1.936
[02:30:59] 245.7, 126.4, 1.938
[02:31:00] 245.8, 126.4, 1.939
[02:31:01] 245.8, 126.4, 1.939
[02:31:02] 245.9, 126.4, 1.939
[02:31:03] 246.0, 126.5, 1.650
[02:31:04] 220.3, 126.6, 1.087
[02:31:05] 140.1, 126.5, 1.095
[02:31:06] 140.0, 126.6, 1.098
[02:31:07] 140.0, 126.6, 1.096
