<<<[03:40:50] 142.1, 126.4, 1.109
[03:40:51] 142.0, 126.4, 1.107
[03:40:52] 141.9, 126.4, 1.105
[03:40:53] 141.9, 126.4, 1.125
[03:40:54] 142.3, 126.4, 1.101
[03:40:55] 150.6, 126.5, 1.110
[03:40:56] 141.4, 126.4, 1.110
[03:40:57] 141.3, 126.4, 1.116
[03:40:58] 141.5, 126.4, 1.129
[03:40:59] 141.7, 126.4, 1.700
[03:41:00] 172.7, 126.4, 1.103
[03:41:01] 139.6, 126.4, 1.110
[03:41:02] 139.8, 126.4, 1.110
[03:41:03] 140.0, 126.4, 1.106
[03:41:04] 140.2, 126.3, 1.706
[03:41:05] 171.1, 126.3, 1.116
[03:41:06] 140.1, 126.4, 1.115
[03:41:07] 140.4, 126.4, 1.117
[03:41:08] 140.5, 126.4, 1.104
[03:41:09] 140.6, 126.3, 1.702
[03:41:10] 170.7, 126.4, 1.097
[03:41:11] 138.7, 126.4, 1.105
[03:41:12] 138.9, 126.4, 1.101
[03:41:13] 139.1, 126.4, 1.109
[03:41:14] 139.4, 126.3, 1.713
[03:41:15] 170.4, 126.4, 1.104
[03:41:16] 138.5, 126.4, 1.100
[03:41:17] 138.7, 126.4, 1.105
[03:41:18] 138.9, 126.4, 1.102
[03:41:19] 139.1, 126.3, 1.697
[03:41:20] 170.2, 126.4, 1.099
[03:41:21] 138.1, 126.4, 1.103
[03:41:22] 138.4, 126.4, 1.100
[03:41:23] 138.7, 126.4, 1.099
[03:41:24] 138.9, 126.3, 1.699
[03:41:25] 169.8, 126.4, 1.098
[03:41:26] 137.6, 126.3, 1.095
[03:41:27] 137.9, 126.4, 1.103
[03:41:28] 138.2, 126.4, 1.111
[03:41:29] 138.5, 126.3, 1.703
[03:41:30] 169.3, 126.3, 1.098
[03:41:31] 138.3, 126.4, 1.095
[03:41:32] 138.5, 126.4, 1.097
[03:41:33] 138.7, 126.4, 1.096
[03:41:34] 138.9, 126.3, 1.713
[03:41:35] 168.4, 126.3, 1.093
[03:41:36] 138.3, 126.3, 1.098
[03:41:37] 138.4, 126.4, 1.099
[03:41:38] 138.7, 126.4, 1.104
[03:41:39] 138.8, 126.3, 2.201
[03:41:40] 178.3, 126.4, 1.030
[03:41:41] 130.5, 126.3, 1.105
[03:41:42] 138.1, 126.3, 1.101
[03:41:43] 138.3, 126.3, 1.099
[03:41:44] 138.6, 126.2, 2.796
[03:41:45] 179.2, 126.4, 1.025
[03:41:46] 142.7, 126.3, 1.094
[03:41:47] 142.1, 126.4, 1.100
[03:41:48] 141.8, 126.4, 1.094
[03:41:49] 141.6, 126.1, 2.963
[03:41:50] 177.6, 126.4, 1.052
[03:41:51] 154.1, 126.4, 1.094
[03:41:52] 137.0, 126.4, 1.096
[03:41:53] 137.3, 126.4, 1.102
[03:41:54] 137.7, 126.4, 1.099
[03:41:55] 138.0, 126.3, 1.398
[03:41:56] 212.0, 126.4, 1.108
[03:41:57] 135.4, 126.3, 1.093
[03:41:58] 135.9, 126.3, 1.099
[03:41:59] 136.4, 126.4, 1.099
[03:42:00] 136.8, 126.2, 1.819
[03:42:01] 205.6, 126.4, 1.414
[03:42:02] 195.3, 126.4, 1.097
[03:42:03] 140.1, 126.3, 1.100
[03:42:04] 140.1, 126.4, 1.098
[03:42:05] 140.0, 126.4, 1.098
[03:42:06] 140.0, 126.3, 1.841
[03:42:07] 213.3, 126.3, 1.832
[03:42:08] 232.8, 126.4, 1.061
[03:42:09] 184.7, 126.4, 1.094
[03:42:10] 139.6, 126.4, 1.095
[03:42:11] 139.6, 126.4, 1.090
[03:42:12] 139.6, 126.4, 1.096
[03:42:13] 139.7, 126.3, 1.850
[03:42:14] 229.7, 126.3, 1.841
[03:42:15] 234.8, 126.2, 1.900
[03:42:16] 241.1, 126.3, 1.898
[03:42:17] 240.4, 126.4, 1.092
[03:42:18] 150.3, 126.3, 1.098
[03:42:19] 140.1, 126.4, 1.101
[03:42:20] 140.0, 126.4, 1.099
[03:42:21] 140.0, 126.4, 1.099
[03:42:22] 172.9, 126.3, 1.834
[03:42:23] 230.3, 126.3, 1.898
[03:42:24] 237.7, 126.2, 1.901
[03:42:25] 238.1, 126.3, 1.902
[03:42:26] 238.5, 126.3, 1.902
[03:42:27] 238.9, 126.3, 1.899
[03:42:28] 239.2, 126.3, 1.903
[03:42:29] 239.5, 126.4, 1.109
[03:42:30] 168.7, 126.3, 1.101
[03:42:31] 140.3, 126.4, 1.097
[03:42:32] 140.2, 126.4, 1.100
[03:42:33] 140.2, 126.3, 1.105
[03:42:34] 140.3, 126.3, 1.838
[03:42:35] 237.3, 126.3, 1.875
[03:42:36] 237.1, 126.3, 1.903
[03:42:37] 237.6, 126.3, 1.903
[03:42:38] 238.1, 126.2, 1.907
[03:42:39] 238.6, 126.3, 1.903
[03:42:40] 239.0, 126.3, 1.904
[03:42:41] 239.3, 126.3, 1.903
[03:42:42] 239.6, 126.2, 1.906
[03:42:43] 239.9, 126.1, 1.905
[03:42:44] 240.1, 126.3, 1.903
[03:42:45] 240.3, 126.2, 1.902
[03:42:46] 240.5, 126.3, 1.903
[03:42:47] 240.6, 126.3, 1.903
[03:42:48] 240.7, 126.4, 1.396
[03:42:49] 211.3, 126.3, 1.099
[03:42:50] 141.0, 126.4, 1.102
[03:42:51] 140.9, 126.4, 1.102
