<<<[00:49:24] 140.3, 126.4, 1.106
[00:49:25] 140.4, 126.5, 1.117
[00:49:26] 140.6, 126.5, 1.119
[00:49:27] 141.0, 126.4, 1.267
[00:49:28] 150.8, 126.4, 1.261
[00:49:29] 159.5, 126.5, 1.254
[00:49:30] 159.5, 126.5, 1.233
[00:49:31] 159.6, 126.5, 1.238
[00:49:32] 159.5, 126.5, 1.169
[00:49:33] 151.7, 126.5, 1.158
[00:49:34] 151.1, 126.5, 1.167
[00:49:35] 150.7, 126.5, 1.178
[00:49:36] 150.6, 126.5, 1.170
[00:49:37] 150.5, 126.6, 1.115
[00:49:38] 170.0, 126.5, 1.097
[00:49:39] 140.5, 126.5, 1.087
[00:49:40] 140.4, 126.5, 1.101
[00:49:41] 140.3, 126.5, 1.094
[00:49:42] 140.3, 126.5, 1.119
[00:49:43] 166.9, 126.5, 1.098
[00:49:44] 140.1, 126.5, 1.096
[00:49:45] 140.0, 126.5, 1.093
[00:49:46] 140.0, 126.5, 1.096
[00:49:47] 140.0, 126.5, 1.123
[00:49:48] 166.9, 126.5, 1.086
[00:49:49] 139.9, 126.5, 1.094
[00:49:50] 139.8, 126.5, 1.093
[00:49:51] 139.9, 126.4, 1.098
[00:49:52] 139.8, 126.5, 1.106
[00:49:53] 176.7, 126.5, 1.035
[00:49:54] 133.1, 126.5, 1.099
[00:49:55] 140.1, 126.5, 1.093
[00:49:56] 140.0, 126.5, 1.100
[00:49:57] 140.0, 126.5, 1.118
[00:49:58] 177.4, 126.4, 1.037
[00:49:59] 133.4, 126.4, 1.099
[00:50:00] 139.8, 126.4, 1.094
[00:50:01] 139.8, 126.4, 1.093
[00:50:02] 139.7, 126.5, 1.118
[00:50:03] 178.1, 126.4, 1.033
[00:50:04] 133.1, 126.4, 1.090
[00:50:05] 139.8, 126.4, 1.099
[00:50:06] 139.8, 126.4, 1.102
[00:50:07] 139.8, 126.3, 1.556
[00:50:08] 196.2, 126.4, 1.026
[00:50:09] 130.0, 126.4, 1.101
[00:50:10] 139.8, 126.4, 1.101
[00:50:11] 139.8, 126.4, 1.095
[00:50:12] 139.8, 126.2, 2.412
[00:50:13] 208.7, 126.4, 1.033
[00:50:14] 134.9, 126.4, 1.100
[00:50:15] 135.3, 126.4, 1.095
[00:50:16] 135.9, 126.4, 1.097
[00:50:17] 136.4, 126.4, 1.094
[00:50:18] 177.8, 126.4, 1.115
[00:50:19] 213.6, 126.4, 1.090
[00:50:20] 136.9, 126.4, 1.088
[00:50:21] 137.2, 126.4, 1.101
[00:50:22] 137.5, 126.4, 1.095
[00:50:23] 137.8, 126.3, 2.239
[00:50:24] 235.9, 126.4, 1.567
[00:50:25] 247.3, 126.4, 1.091
[00:50:26] 138.5, 126.4, 1.096
[00:50:27] 138.7, 126.5, 1.093
[00:50:28] 138.8, 126.4, 1.092
[00:50:29] 138.9, 126.3, 2.755
[00:50:30] 208.5, 126.3, 2.264
[00:50:31] 288.0, 126.3, 2.329
[00:50:32] 293.6, 126.5, 1.096
[00:50:33] 157.9, 126.5, 1.097
[00:50:34] 139.9, 126.5, 1.102
[00:50:35] 139.9, 126.5, 1.098
[00:50:36] 139.9, 126.5, 1.101
[00:50:37] 139.9, 126.3, 2.266
[00:50:38] 302.9, 126.3, 2.333
[00:50:39] 290.7, 126.3, 2.326
[00:50:40] 291.2, 126.3, 2.330
[00:50:41] 291.7, 126.4, 1.978
[00:50:42] 271.2, 126.4, 1.097
[00:50:43] 145.9, 126.4, 1.097
[00:50:44] 140.1, 126.4, 1.092
[00:50:45] 140.0, 126.4, 1.104
[00:50:46] 140.0, 126.2, 3.512
[00:50:47] 195.5, 126.3, 2.266
[00:50:48] 287.1, 126.3, 2.327
[00:50:49] 292.7, 126.3, 2.327
[00:50:50] 293.0, 126.3, 2.327
[00:50:51] 293.2, 126.3, 2.329
[00:50:52] 293.5, 126.3, 2.330
[00:50:53] 293.7, 126.3, 2.333
[00:50:54] 293.9, 126.3, 2.333
[00:50:55] 294.1, 126.3, 2.329
[00:50:56] 294.3, 126.4, 1.102
[00:50:57] 190.4, 126.4, 1.098
[00:50:58] 140.1, 126.5, 1.103
[00:50:59] 140.1, 126.5, 1.108
[00:51:00] 140.2, 126.5, 1.097
[00:51:01] 140.1, 126.3, 2.275
[00:51:02] 273.9, 126.4, 2.291
[00:51:03] 289.5, 126.4, 2.327
[00:51:04] 295.3, 126.3, 2.328
[00:51:05] 295.2, 126.3, 2.332
[00:51:06] 295.3, 126.3, 2.334
[00:51:07] 295.4, 126.3, 2.336
[00:51:08] 295.4, 126.3, 2.337
[00:51:09] 295.6, 126.3, 2.336
[00:51:10] 295.6, 126.4, 2.335
[00:51:11] 295.7, 126.4, 2.338
[00:51:12] 295.8, 126.3, 2.333
[00:51:13] 295.8, 126.3, 2.337
[00:51:14] 295.9, 126.3, 2.332
[00:51:15] 295.9, 126.3, 2.335
[00:51:16] 296.0, 126.4, 2.334
[00:51:17] 295.9, 126.3, 2.340
[00:51:18] 295.9, 126.3, 2.337
[00:51:19] 295.9, 126.3, 2.338
[00:51:20] 296.0, 126.5, 1.094
[00:51:21] 161.8, 126.5, 1.108
[00:51:22] 140.7, 126.5, 1.099
[00:51:23] 140.7, 126.5, 1.105
