<<<[17:01:58] 140.8, 125.1, 1.125
[17:01:59] 141.0, 125.0, 1.132
[17:02:00] 141.2, 125.1, 1.144
[17:02:01] 141.6, 125.1, 1.251
[17:02:02] 156.4, 125.1, 1.279
[17:02:03] 156.7, 125.0, 1.279
[17:02:04] 157.2, 125.1, 1.275
[17:02:05] 157.6, 125.1, 1.275
[17:02:06] 157.9, 125.1, 1.235
[17:02:07] 158.1, 125.1, 1.266
[17:02:08] 158.4, 125.0, 1.274
[17:02:09] 158.6, 125.1, 1.250
[17:02:10] 158.6, 125.0, 1.264
[17:02:11] 158.7, 125.0, 1.273
[17:02:12] 158.7, 125.0, 1.322
[17:02:13] 158.9, 125.0, 1.248
[17:02:14] 158.7, 125.1, 1.245
[17:02:15] 158.6, 125.1, 1.257
[17:02:16] 158.6, 125.0, 1.261
[17:02:17] 158.6, 125.0, 1.285
[17:02:18] 159.1, 125.1, 1.150
[17:02:19] 151.5, 125.1, 1.183
[17:02:20] 150.9, 125.1, 1.188
[17:02:21] 150.8, 125.0, 1.182
[17:02:22] 150.6, 125.1, 1.165
[17:02:23] 150.3, 125.0, 1.693
[17:02:24] 175.1, 125.1, 1.112
[17:02:25] 138.5, 125.1, 1.112
[17:02:26] 138.7, 125.2, 1.114
[17:02:27] 138.9, 125.1, 1.117
[17:02:28] 139.1, 125.0, 1.831
[17:02:29] 181.8, 125.1, 1.051
[17:02:30] 131.3, 125.1, 1.113
[17:02:31] 139.2, 125.1, 1.120
[17:02:32] 139.3, 125.1, 1.111
[17:02:33] 139.4, 125.0, 2.057
[17:02:34] 181.8, 125.1, 1.054
[17:02:35] 131.1, 125.1, 1.114
[17:02:36] 139.2, 125.1, 1.115
[17:02:37] 139.3, 125.1, 1.112
[17:02:38] 139.4, 125.0, 2.490
[17:02:39] 183.7, 125.1, 1.049
[17:02:40] 131.1, 125.1, 1.111
[17:02:41] 138.5, 125.1, 1.113
[17:02:42] 138.7, 125.1, 1.109
[17:02:43] 138.9, 124.9, 3.449
[17:02:44] 190.3, 125.1, 1.048
[17:02:45] 141.0, 125.1, 1.122
[17:02:46] 140.6, 125.1, 1.112
[17:02:47] 140.6, 125.1, 1.114
[17:02:48] 140.5, 125.1, 1.112
[17:02:49] 176.9, 125.2, 0.996
[17:02:50] 188.6, 125.1, 1.105
[17:02:51] 136.3, 125.1, 1.108
[17:02:52] 136.7, 125.2, 1.114
[17:02:53] 137.2, 125.2, 1.110
[17:02:54] 137.6, 125.0, 2.399
[17:02:55] 269.4, 125.1, 1.057
[17:02:56] 143.2, 125.1, 1.108
[17:02:57] 142.8, 125.1, 1.116
[17:02:58] 142.5, 125.1, 1.115
[17:02:59] 142.2, 125.1, 1.116
[17:03:00] 179.0, 124.9, 2.387
[17:03:01] 296.5, 125.0, 1.076
[17:03:02] 193.3, 125.1, 1.114
[17:03:03] 140.3, 125.1, 1.108
[17:03:04] 140.2, 125.1, 1.113
[17:03:05] 140.2, 125.1, 1.115
[17:03:06] 140.3, 125.0, 2.395
[17:03:07] 285.3, 125.0, 2.413
[17:03:08] 301.2, 125.0, 2.408
[17:03:09] 288.6, 125.1, 1.111
[17:03:10] 152.2, 125.2, 1.110
[17:03:11] 140.5, 125.2, 1.111
[17:03:12] 140.4, 125.2, 1.117
[17:03:13] 140.5, 125.0, 2.415
[17:03:14] 188.5, 125.1, 2.387
[17:03:15] 296.7, 125.1, 2.438
[17:03:16] 303.8, 125.1, 2.449
[17:03:17] 304.1, 125.1, 2.445
[17:03:18] 304.5, 125.0, 2.449
[17:03:19] 304.8, 125.2, 1.134
[17:03:20] 172.5, 125.2, 1.113
[17:03:21] 140.5, 125.3, 1.113
[17:03:22] 140.5, 125.2, 1.121
[17:03:23] 140.6, 125.2, 1.117
[17:03:24] 140.5, 125.1, 2.382
[17:03:25] 304.3, 125.0, 2.447
[17:03:26] 304.0, 125.0, 2.450
[17:03:27] 304.3, 125.0, 2.438
[17:03:28] 304.6, 125.0, 2.450
[17:03:29] 305.0, 125.1, 2.447
[17:03:30] 305.3, 125.0, 2.451
[17:03:31] 305.6, 125.0, 2.449
[17:03:32] 305.8, 125.0, 2.452
[17:03:33] 306.1, 124.9, 2.454
[17:03:34] 306.3, 125.1, 1.115
[17:03:35] 234.4, 125.2, 1.114
[17:03:36] 140.7, 125.2, 1.119
[17:03:37] 140.7, 125.1, 1.119
[17:03:38] 140.7, 125.1, 1.119
