<<<[07:27:38] 141.4, 125.7, 1.108
[07:27:39] 141.2, 125.7, 1.108
[07:27:40] 141.0, 125.7, 1.116
[07:27:41] 141.1, 125.7, 1.250
[07:27:42] 156.8, 125.7, 1.243
[07:27:43] 157.0, 125.7, 1.128
[07:27:44] 150.4, 125.8, 1.125
[07:27:45] 142.3, 125.7, 1.130
[07:27:46] 142.3, 125.8, 1.127
[07:27:47] 142.4, 125.8, 1.131
[07:27:48] 142.5, 125.8, 1.658
[07:27:49] 171.3, 125.8, 1.109
[07:27:50] 139.8, 125.7, 1.127
[07:27:51] 140.1, 125.8, 1.133
[07:27:52] 140.5, 125.8, 1.141
[07:27:53] 141.0, 125.8, 1.662
[07:27:54] 171.1, 125.8, 1.107
[07:27:55] 138.3, 125.8, 1.104
[07:27:56] 138.5, 125.8, 1.106
[07:27:57] 138.7, 125.8, 1.103
[07:27:58] 138.9, 125.8, 1.660
[07:27:59] 169.3, 125.8, 1.105
[07:28:00] 138.3, 125.8, 1.105
[07:28:01] 138.4, 125.8, 1.104
[07:28:02] 138.6, 125.8, 1.102
[07:28:03] 138.8, 125.7, 1.667
[07:28:04] 168.5, 125.8, 1.102
[07:28:05] 138.3, 125.8, 1.099
[07:28:06] 138.4, 125.8, 1.104
[07:28:07] 138.6, 125.8, 1.105
[07:28:08] 138.7, 125.7, 1.661
[07:28:09] 168.7, 125.8, 1.104
[07:28:10] 138.1, 125.8, 1.102
[07:28:11] 138.2, 125.8, 1.100
[07:28:12] 138.4, 125.7, 1.100
[07:28:13] 138.5, 125.7, 1.656
[07:28:14] 168.2, 125.7, 1.102
[07:28:15] 137.9, 125.7, 1.107
[07:28:16] 138.1, 125.7, 1.101
[07:28:17] 138.3, 125.7, 1.103
[07:28:18] 138.4, 125.7, 1.731
[07:28:19] 179.4, 125.7, 1.043
[07:28:20] 130.0, 125.8, 1.102
[07:28:21] 138.5, 125.8, 1.098
[07:28:22] 138.6, 125.8, 1.094
[07:28:23] 138.7, 125.6, 1.842
[07:28:24] 178.5, 125.8, 1.034
[07:28:25] 130.0, 125.8, 1.099
[07:28:26] 138.3, 125.7, 1.098
[07:28:27] 138.4, 125.8, 1.095
[07:28:28] 138.4, 125.7, 2.209
[07:28:29] 182.7, 125.8, 1.035
[07:28:30] 138.7, 125.8, 1.095
[07:28:31] 138.5, 125.8, 1.098
[07:28:32] 138.6, 125.8, 1.096
[07:28:33] 138.7, 125.6, 3.253
[07:28:34] 181.8, 125.8, 1.042
[07:28:35] 150.1, 125.7, 1.100
[07:28:36] 137.0, 125.8, 1.097
[07:28:37] 137.3, 125.8, 1.102
[07:28:38] 137.5, 125.8, 1.100
[07:28:39] 163.5, 125.7, 1.226
[07:28:40] 191.2, 125.7, 1.095
[07:28:41] 136.0, 125.7, 1.100
[07:28:42] 136.4, 125.6, 1.100
[07:28:43] 136.7, 125.7, 1.099
[07:28:44] 137.1, 125.6, 1.926
[07:28:45] 220.1, 125.6, 1.027
[07:28:46] 173.2, 125.6, 1.095
[07:28:47] 139.6, 125.7, 1.101
[07:28:48] 139.5, 125.7, 1.100
[07:28:49] 139.5, 125.7, 1.098
[07:28:50] 139.5, 125.6, 1.910
[07:28:51] 236.2, 125.6, 1.926
[07:28:52] 236.2, 125.7, 1.103
[07:28:53] 146.3, 125.7, 1.101
[07:28:54] 139.8, 125.8, 1.101
[07:28:55] 139.7, 125.8, 1.097
[07:28:56] 139.6, 125.7, 1.099
[07:28:57] 171.8, 125.6, 1.901
[07:28:58] 236.8, 125.6, 1.960
[07:28:59] 244.4, 125.6, 1.964
[07:29:00] 244.8, 125.7, 1.095
[07:29:01] 182.8, 125.7, 1.102
[07:29:02] 139.6, 125.6, 1.102
[07:29:03] 139.5, 125.7, 1.100
[07:29:04] 139.5, 125.7, 1.101
[07:29:05] 139.5, 125.6, 1.924
[07:29:06] 234.1, 125.7, 1.902
[07:29:07] 241.5, 125.6, 1.966
[07:29:08] 248.4, 125.6, 1.967
[07:29:09] 248.4, 125.7, 1.968
[07:29:10] 248.4, 125.6, 1.970
[07:29:11] 248.4, 125.7, 1.970
[07:29:12] 248.1, 125.8, 1.100
[07:29:13] 145.7, 125.8, 1.101
[07:29:14] 139.8, 125.7, 1.099
[07:29:15] 139.7, 125.7, 1.103
[07:29:16] 139.7, 125.7, 1.103
[07:29:17] 166.7, 125.6, 1.906
[07:29:18] 238.4, 125.6, 1.969
[07:29:19] 244.7, 125.6, 1.972
[07:29:20] 245.2, 125.6, 1.972
[07:29:21] 245.6, 125.6, 1.972
[07:29:22] 246.0, 125.6, 1.971
[07:29:23] 246.4, 125.6, 1.970
[07:29:24] 246.7, 125.6, 1.968
[07:29:25] 246.9, 125.6, 1.968
[07:29:26] 247.1, 125.6, 1.967
[07:29:27] 247.3, 125.6, 1.968
[07:29:28] 247.4, 125.6, 1.970
[07:29:29] 247.5, 125.6, 1.970
[07:29:30] 247.6, 125.7, 1.108
[07:29:31] 171.3, 125.7, 1.103
[07:29:32] 139.9, 125.8, 1.101
[07:29:33] 139.9, 125.8, 1.104
[07:29:34] 139.9, 125.7, 1.102
