<<<[15:43:07] 140.6, 125.0, 1.123
[15:43:08] 140.8, 125.0, 1.133
[15:43:09] 141.0, 125.1, 1.146
[15:43:10] 141.4, 125.0, 1.267
[15:43:11] 153.0, 125.1, 1.189
[15:43:12] 153.1, 125.0, 1.183
[15:43:13] 152.6, 125.1, 1.187
[15:43:14] 152.3, 125.0, 1.185
[15:43:15] 151.9, 125.0, 1.190
[15:43:16] 151.6, 124.9, 1.647
[15:43:17] 169.8, 125.0, 1.127
[15:43:18] 146.3, 125.0, 1.125
[15:43:19] 145.8, 125.0, 1.148
[15:43:20] 145.4, 125.0, 1.154
[15:43:21] 145.3, 124.9, 1.635
[15:43:22] 165.1, 125.0, 1.118
[15:43:23] 145.2, 125.0, 1.121
[15:43:24] 144.6, 125.1, 1.123
[15:43:25] 144.1, 125.1, 1.122
[15:43:26] 143.7, 125.0, 1.621
[15:43:27] 163.7, 125.0, 1.110
[15:43:28] 145.4, 125.1, 1.116
[15:43:29] 144.8, 125.1, 1.116
[15:43:30] 144.3, 125.1, 1.120
[15:43:31] 143.8, 125.0, 1.607
[15:43:32] 162.9, 125.0, 1.115
[15:43:33] 145.4, 125.1, 1.110
[15:43:34] 140.3, 125.0, 1.112
[15:43:35] 140.2, 125.0, 1.112
[15:43:36] 140.2, 124.9, 1.599
[15:43:37] 162.2, 125.0, 1.113
[15:43:38] 145.7, 125.0, 1.112
[15:43:39] 145.0, 125.0, 1.111
[15:43:40] 144.4, 124.9, 1.113
[15:43:41] 143.9, 124.9, 1.566
[15:43:42] 161.8, 125.0, 1.115
[15:43:43] 145.6, 125.0, 1.111
[15:43:44] 140.1, 124.9, 1.111
[15:43:45] 140.0, 125.0, 1.107
[15:43:46] 140.0, 124.8, 3.240
[15:43:47] 174.7, 125.0, 1.041
[15:43:48] 137.0, 125.0, 1.108
[15:43:49] 137.0, 125.0, 1.112
[15:43:50] 137.3, 125.0, 1.111
[15:43:51] 137.7, 124.8, 3.379
[15:43:52] 174.2, 125.0, 1.040
[15:43:53] 136.9, 124.9, 1.101
[15:43:54] 136.9, 125.0, 1.102
[15:43:55] 137.2, 125.0, 1.104
[15:43:56] 137.5, 124.8, 2.649
[15:43:57] 172.5, 125.0, 1.045
[15:43:58] 136.3, 125.0, 1.116
[15:43:59] 136.4, 124.9, 1.108
[15:44:00] 136.8, 125.0, 1.109
[15:44:01] 137.2, 125.0, 1.115
[15:44:02] 169.1, 125.0, 1.058
[15:44:03] 152.8, 125.0, 1.104
[15:44:04] 135.8, 125.0, 1.099
[15:44:05] 136.3, 124.9, 1.112
[15:44:06] 136.7, 125.0, 1.109
[15:44:07] 137.1, 125.0, 1.277
[15:44:08] 203.3, 125.0, 1.105
[15:44:09] 135.1, 125.0, 1.109
[15:44:10] 135.7, 125.0, 1.110
[15:44:11] 136.2, 125.0, 1.101
[15:44:12] 136.6, 124.9, 1.852
[15:44:13] 210.0, 125.0, 1.025
[15:44:14] 171.6, 125.0, 1.110
[15:44:15] 139.4, 125.0, 1.112
[15:44:16] 139.4, 125.0, 1.114
[15:44:17] 139.4, 125.0, 1.111
[15:44:18] 139.5, 124.8, 1.871
[15:44:19] 237.5, 124.9, 1.601
[15:44:20] 218.1, 124.9, 1.110
[15:44:21] 137.4, 124.9, 1.112
[15:44:22] 137.7, 124.9, 1.102
[15:44:23] 138.0, 125.0, 1.102
[15:44:24] 138.1, 124.9, 2.055
[15:44:25] 197.0, 124.9, 1.871
[15:44:26] 235.5, 124.9, 1.925
[15:44:27] 241.7, 125.0, 1.399
[15:44:28] 202.4, 125.0, 1.108
[15:44:29] 140.7, 125.0, 1.108
[15:44:30] 140.6, 125.0, 1.110
[15:44:31] 140.5, 125.0, 1.111
[15:44:32] 140.4, 124.9, 1.867
[15:44:33] 213.3, 124.9, 1.872
[15:44:34] 234.8, 124.9, 1.933
[15:44:35] 242.8, 124.9, 1.931
[15:44:36] 242.8, 124.9, 1.913
[15:44:37] 242.7, 124.9, 1.932
[15:44:38] 242.7, 125.0, 1.116
[15:44:39] 165.3, 124.9, 1.115
[15:44:40] 139.9, 125.0, 1.106
[15:44:41] 139.9, 125.0, 1.121
[15:44:42] 139.9, 125.0, 1.109
[15:44:43] 139.9, 124.9, 1.870
[15:44:44] 243.5, 124.9, 1.926
[15:44:45] 237.3, 124.9, 1.933
[15:44:46] 242.6, 124.9, 1.930
[15:44:47] 242.6, 124.9, 1.933
[15:44:48] 242.6, 124.9, 1.934
[15:44:49] 242.6, 124.8, 1.937
[15:44:50] 242.6, 124.9, 1.936
[15:44:51] 242.7, 124.9, 1.937
[15:44:52] 242.7, 124.9, 1.937
[15:44:53] 242.8, 124.9, 1.937
[15:44:54] 242.8, 125.1, 1.143
[15:44:55] 181.9, 125.0, 1.110
[15:44:56] 139.8, 125.0, 1.116
[15:44:57] 139.8, 125.0, 1.119
[15:44:58] 139.9, 125.0, 1.112
