<<<[18:48:46] 142.6, 125.8, 1.119
[18:48:47] 142.5, 125.8, 1.128
[18:48:48] 142.5, 125.8, 1.137
[18:48:49] 142.6, 125.8, 1.178
[18:48:50] 143.3, 125.8, 1.257
[18:48:51] 158.6, 125.8, 1.175
[18:48:52] 148.1, 125.8, 1.163
[18:48:53] 148.0, 125.7, 1.166
[18:48:54] 147.9, 125.7, 1.168
[18:48:55] 147.9, 125.8, 1.175
[18:48:56] 153.0, 125.7, 1.103
[18:48:57] 161.7, 125.7, 1.105
[18:48:58] 140.3, 125.7, 1.105
[18:48:59] 140.3, 125.7, 1.107
[18:49:00] 140.3, 125.7, 1.120
[18:49:01] 145.6, 125.7, 1.119
[18:49:02] 163.1, 125.7, 1.114
[18:49:03] 141.6, 125.8, 1.112
[18:49:04] 141.5, 125.8, 1.109
[18:49:05] 141.4, 125.8, 1.109
[18:49:06] 141.7, 125.8, 1.113
[18:49:07] 163.1, 125.8, 1.103
[18:49:08] 140.1, 125.8, 1.105
[18:49:09] 140.1, 125.8, 1.109
[18:49:10] 140.1, 125.8, 1.106
[18:49:11] 140.6, 125.8, 1.116
[18:49:12] 163.5, 125.8, 1.107
[18:49:13] 140.3, 125.8, 1.110
[18:49:14] 140.3, 125.8, 1.111
[18:49:15] 140.3, 125.8, 1.109
[18:49:16] 140.6, 125.8, 1.117
[18:49:17] 163.8, 125.8, 1.103
[18:49:18] 140.3, 125.8, 1.111
[18:49:19] 140.2, 125.8, 1.106
[18:49:20] 140.2, 125.8, 1.104
[18:49:21] 140.4, 125.8, 1.110
[18:49:22] 164.9, 125.8, 1.123
[18:49:23] 141.2, 125.8, 1.106
[18:49:24] 141.1, 125.8, 1.102
[18:49:25] 141.0, 125.8, 1.103
[18:49:26] 140.9, 125.9, 1.058
[18:49:27] 171.3, 125.8, 1.109
[18:49:28] 135.2, 125.8, 1.101
[18:49:29] 135.7, 125.8, 1.100
[18:49:30] 136.2, 125.8, 1.108
[18:49:31] 136.6, 125.8, 1.000
[18:49:32] 183.4, 125.8, 1.111
[18:49:33] 134.9, 125.8, 1.111
[18:49:34] 140.3, 125.8, 1.097
[18:49:35] 140.2, 125.8, 1.097
[18:49:36] 140.1, 125.8, 1.374
[18:49:37] 192.3, 125.9, 1.062
[18:49:38] 134.3, 125.9, 1.095
[18:49:39] 134.9, 125.9, 1.103
[18:49:40] 135.4, 125.9, 1.098
[18:49:41] 135.9, 125.8, 1.697
[18:49:42] 201.8, 125.9, 1.034
[18:49:43] 141.9, 125.8, 1.097
[18:49:44] 141.6, 125.8, 1.100
[18:49:45] 141.3, 125.8, 1.103
[18:49:46] 141.1, 125.6, 2.961
[18:49:47] 175.2, 125.8, 1.570
[18:49:48] 207.6, 125.8, 1.094
[18:49:49] 134.5, 125.8, 1.103
[18:49:50] 135.0, 125.8, 1.095
[18:49:51] 135.6, 125.9, 1.107
[18:49:52] 136.1, 125.7, 2.364
[18:49:53] 185.6, 125.7, 1.726
[18:49:54] 218.7, 125.8, 1.068
[18:49:55] 180.8, 125.7, 1.103
[18:49:56] 139.4, 125.8, 1.102
[18:49:57] 139.4, 125.7, 1.101
[18:49:58] 139.4, 125.8, 1.098
[18:49:59] 139.4, 125.7, 1.762
[18:50:00] 214.0, 125.7, 1.725
[18:50:01] 214.6, 125.7, 1.789
[18:50:02] 226.1, 125.8, 1.489
[18:50:03] 201.1, 125.8, 1.106
[18:50:04] 140.3, 125.8, 1.101
[18:50:05] 140.2, 125.8, 1.105
[18:50:06] 140.2, 125.8, 1.108
[18:50:07] 140.1, 125.7, 1.930
[18:50:08] 191.0, 125.8, 1.722
[18:50:09] 218.7, 125.8, 1.789
[18:50:10] 224.8, 125.7, 1.791
[18:50:11] 224.9, 125.7, 1.792
[18:50:12] 225.1, 125.7, 1.792
[18:50:13] 225.3, 125.7, 1.792
[18:50:14] 225.4, 125.8, 1.123
[18:50:15] 166.9, 125.8, 1.107
[18:50:16] 139.8, 125.8, 1.103
[18:50:17] 139.7, 125.8, 1.104
[18:50:18] 139.7, 125.8, 1.104
[18:50:19] 139.8, 125.7, 1.723
[18:50:20] 225.2, 125.7, 1.784
[18:50:21] 224.6, 125.7, 1.792
[18:50:22] 224.8, 125.7, 1.793
[18:50:23] 225.1, 125.7, 1.794
[18:50:24] 225.2, 125.7, 1.794
[18:50:25] 225.4, 125.7, 1.796
[18:50:26] 225.6, 125.7, 1.795
[18:50:27] 225.7, 125.7, 1.794
[18:50:28] 225.9, 125.7, 1.795
[18:50:29] 226.0, 125.8, 1.795
[18:50:30] 226.1, 125.8, 1.792
[18:50:31] 226.2, 125.7, 1.795
[18:50:32] 226.2, 125.8, 1.099
[18:50:33] 161.3, 125.8, 1.104
[18:50:34] 140.3, 125.8, 1.106
[18:50:35] 140.2, 125.8, 1.102
<<<[18:50:49] 145.0, 125.8, 1.125
[18:50:50] 144.6, 125.8, 1.132
[18:50:51] 144.4, 125.9, 1.134
[18:50:52] 144.3, 125.8, 1.254
[18:50:53] 150.3, 125.8, 1.181
[18:50:54] 150.9, 125.8, 1.175
[18:50:55] 150.6, 125.8, 1.171
[18:50:56] 150.3, 125.8, 1.151
[18:50:57] 149.8, 125.8, 1.161
[18:50:58] 149.5, 125.7, 1.652
[18:50:59] 169.1, 125.8, 1.106
[18:51:00] 143.7, 125.8, 1.109
[18:51:01] 143.3, 125.8, 1.108
[18:51:02] 142.9, 125.8, 1.104
[18:51:03] 142.7, 125.7, 1.644
[18:51:04] 163.8, 125.8, 1.114
[18:51:05] 144.8, 125.8, 1.116
[18:51:06] 144.3, 125.9, 1.104
[18:51:07] 143.9, 125.9, 1.103
[18:51:08] 143.4, 125.8, 1.626
[18:51:09] 162.9, 125.9, 1.103
[18:51:10] 144.1, 125.8, 1.103
[18:51:11] 143.6, 125.8, 1.107
[18:51:12] 143.2, 125.8, 1.106
[18:51:13] 142.8, 125.7, 1.626
[18:51:14] 162.9, 125.8, 1.106
[18:51:15] 144.1, 125.8, 1.100
[18:51:16] 143.6, 125.8, 1.111
[18:51:17] 143.1, 125.8, 1.106
[18:51:18] 142.8, 125.7, 1.593
[18:51:19] 162.0, 125.8, 1.100
[18:51:20] 144.3, 125.7, 1.101
[18:51:21] 143.7, 125.7, 1.104
[18:51:22] 143.3, 125.7, 1.107
[18:51:23] 143.0, 125.6, 1.555
[18:51:24] 161.3, 125.8, 1.100
[18:51:25] 144.5, 125.8, 1.110
[18:51:26] 143.9, 125.8, 1.102
[18:51:27] 143.3, 125.8, 1.100
[18:51:28] 142.9, 125.6, 3.302
[18:51:29] 173.4, 125.8, 1.034
[18:51:30] 135.8, 125.8, 1.101
[18:51:31] 135.9, 125.8, 1.104
[18:51:32] 136.3, 125.8, 1.096
[18:51:33] 136.7, 125.5, 2.225
[18:51:34] 172.5, 125.7, 1.037
[18:51:35] 148.4, 125.8, 1.090
[18:51:36] 136.0, 125.7, 1.099
[18:51:37] 136.3, 125.7, 1.108
[18:51:38] 136.7, 125.7, 1.105
[18:51:39] 164.2, 125.7, 1.034
[18:51:40] 164.4, 125.7, 1.102
[18:51:41] 135.2, 125.7, 1.103
[18:51:42] 135.7, 125.6, 1.107
[18:51:43] 136.2, 125.7, 1.100
[18:51:44] 136.6, 125.6, 1.583
[18:51:45] 211.6, 125.7, 1.089
[18:51:46] 131.4, 125.7, 1.101
[18:51:47] 139.9, 125.7, 1.094
[18:51:48] 139.8, 125.7, 1.093
[18:51:49] 139.7, 125.6, 1.861
[18:51:50] 192.4, 125.8, 1.221
[18:51:51] 185.7, 125.8, 1.105
[18:51:52] 138.9, 125.8, 1.100
[18:51:53] 138.9, 125.8, 1.103
[18:51:54] 139.1, 125.8, 1.095
[18:51:55] 139.1, 125.7, 1.749
[18:51:56] 206.9, 125.7, 1.724
[18:51:57] 218.0, 125.8, 1.099
[18:51:58] 160.4, 125.9, 1.093
[18:51:59] 139.4, 125.9, 1.090
[18:52:00] 139.3, 125.9, 1.103
[18:52:01] 139.3, 125.9, 1.102
[18:52:02] 139.4, 125.8, 1.721
[18:52:03] 234.6, 125.8, 1.793
[18:52:04] 221.2, 125.8, 1.787
[18:52:05] 221.8, 125.8, 1.092
[18:52:06] 179.4, 125.9, 1.103
[18:52:07] 139.6, 125.9, 1.098
[18:52:08] 139.5, 125.9, 1.100
[18:52:09] 139.5, 125.9, 1.100
[18:52:10] 139.6, 125.8, 1.766
[18:52:11] 213.3, 125.8, 1.723
[18:52:12] 218.7, 125.8, 1.787
[18:52:13] 226.3, 125.7, 1.786
[18:52:14] 226.2, 125.7, 1.790
[18:52:15] 226.2, 125.7, 1.788
[18:52:16] 226.2, 125.7, 1.789
[18:52:17] 225.8, 125.9, 1.099
[18:52:18] 148.1, 125.8, 1.097
[18:52:19] 139.8, 125.8, 1.097
[18:52:20] 139.7, 125.8, 1.100
[18:52:21] 139.7, 125.8, 1.108
[18:52:22] 170.7, 125.7, 1.729
[18:52:23] 215.4, 125.7, 1.787
[18:52:24] 222.7, 125.7, 1.788
[18:52:25] 223.1, 125.7, 1.792
[18:52:26] 223.5, 125.8, 1.790
[18:52:27] 223.9, 125.8, 1.792
[18:52:28] 224.2, 125.7, 1.794
[18:52:29] 224.5, 125.7, 1.794
[18:52:30] 224.8, 125.7, 1.795
[18:52:31] 225.0, 125.7, 1.792
[18:52:32] 225.2, 125.7, 1.795
[18:52:33] 225.4, 125.7, 1.795
[18:52:34] 225.6, 125.7, 1.796
[18:52:35] 225.6, 125.8, 1.099
[18:52:36] 138.9, 125.8, 1.096
[18:52:37] 139.0, 125.8, 1.103
[18:52:38] 139.1, 125.7, 1.104
<<<[18:52:52] 144.6, 125.8, 1.116
[18:52:53] 144.2, 125.8, 1.120
[18:52:54] 144.0, 125.8, 1.130
[18:52:55] 143.9, 125.8, 1.272
[18:52:56] 153.5, 125.8, 1.157
[18:52:57] 153.3, 125.8, 1.162
[18:52:58] 152.7, 125.8, 1.165
[18:52:59] 147.4, 125.8, 1.164
[18:53:00] 147.3, 125.8, 1.163
[18:53:01] 147.3, 125.7, 1.602
[18:53:02] 170.4, 125.8, 1.102
[18:53:03] 140.3, 125.8, 1.105
[18:53:04] 140.3, 125.8, 1.101
[18:53:05] 140.2, 125.8, 1.101
[18:53:06] 140.3, 125.8, 1.611
[18:53:07] 167.5, 125.8, 1.108
[18:53:08] 140.8, 125.8, 1.100
[18:53:09] 140.7, 125.8, 1.096
[18:53:10] 140.6, 125.8, 1.100
[18:53:11] 140.6, 125.7, 1.613
[18:53:12] 167.3, 125.8, 1.102
[18:53:13] 139.9, 125.8, 1.104
[18:53:14] 140.0, 125.8, 1.109
[18:53:15] 140.0, 125.8, 1.101
[18:53:16] 140.0, 125.7, 1.613
[18:53:17] 166.9, 125.8, 1.102
[18:53:18] 139.6, 125.8, 1.104
[18:53:19] 139.6, 125.8, 1.104
[18:53:20] 139.7, 125.8, 1.105
[18:53:21] 139.7, 125.7, 1.625
[18:53:22] 167.6, 125.8, 1.103
[18:53:23] 139.8, 125.8, 1.106
[18:53:24] 139.8, 125.8, 1.097
[18:53:25] 139.8, 125.8, 1.107
[18:53:26] 139.8, 125.7, 1.628
[18:53:27] 166.4, 125.8, 1.107
[18:53:28] 139.4, 125.7, 1.100
[18:53:29] 139.4, 125.8, 1.099
[18:53:30] 139.5, 125.8, 1.102
[18:53:31] 139.5, 125.8, 1.628
[18:53:32] 176.0, 125.8, 1.033
[18:53:33] 131.1, 125.8, 1.105
[18:53:34] 138.9, 125.8, 1.094
[18:53:35] 138.9, 125.9, 1.091
[18:53:36] 139.0, 125.8, 1.941
[18:53:37] 183.6, 125.9, 1.041
[18:53:38] 135.6, 125.9, 1.100
[18:53:39] 135.9, 125.8, 1.096
[18:53:40] 136.3, 125.8, 1.099
[18:53:41] 136.7, 125.7, 2.771
[18:53:42] 179.6, 125.8, 1.037
[18:53:43] 149.5, 125.8, 1.096
[18:53:44] 137.4, 125.8, 1.091
[18:53:45] 137.6, 125.8, 1.094
[18:53:46] 137.8, 125.8, 1.101
[18:53:47] 168.5, 125.8, 1.086
[18:53:48] 178.7, 125.9, 1.096
[18:53:49] 135.8, 125.8, 1.101
[18:53:50] 136.2, 125.8, 1.097
[18:53:51] 136.6, 125.8, 1.103
[18:53:52] 136.9, 125.7, 1.761
[18:53:53] 211.3, 125.8, 1.049
[18:53:54] 166.2, 125.8, 1.097
[18:53:55] 139.6, 125.8, 1.098
[18:53:56] 139.6, 125.8, 1.093
[18:53:57] 139.5, 125.7, 1.101
[18:53:58] 139.5, 125.7, 1.719
[18:53:59] 224.5, 125.6, 1.718
[18:54:00] 215.4, 125.8, 1.097
[18:54:01] 143.7, 125.8, 1.103
[18:54:02] 143.1, 125.8, 1.098
[18:54:03] 142.7, 125.8, 1.101
[18:54:04] 142.3, 125.6, 3.267
[18:54:05] 176.5, 125.7, 1.722
[18:54:06] 216.0, 125.7, 1.785
[18:54:07] 223.0, 125.8, 1.787
[18:54:08] 223.3, 125.8, 1.099
[18:54:09] 158.4, 125.9, 1.097
[18:54:10] 139.6, 125.8, 1.095
[18:54:11] 139.5, 125.8, 1.101
[18:54:12] 139.5, 125.8, 1.100
[18:54:13] 139.6, 125.8, 1.719
[18:54:14] 229.7, 125.7, 1.793
[18:54:15] 220.9, 125.7, 1.789
[18:54:16] 226.1, 125.7, 1.789
[18:54:17] 226.0, 125.7, 1.790
[18:54:18] 226.1, 125.7, 1.788
[18:54:19] 226.1, 125.7, 1.620
[18:54:20] 212.5, 125.8, 1.102
[18:54:21] 137.8, 125.9, 1.098
[18:54:22] 138.0, 125.9, 1.103
[18:54:23] 138.2, 125.9, 1.097
[18:54:24] 138.4, 125.8, 2.357
[18:54:25] 185.4, 125.8, 1.724
[18:54:26] 219.0, 125.7, 1.789
[18:54:27] 224.3, 125.8, 1.789
[18:54:28] 224.5, 125.7, 1.789
[18:54:29] 224.7, 125.7, 1.790
[18:54:30] 224.9, 125.7, 1.792
[18:54:31] 225.1, 125.7, 1.790
[18:54:32] 225.2, 125.7, 1.793
[18:54:33] 225.4, 125.7, 1.792
[18:54:34] 225.5, 125.7, 1.794
[18:54:35] 225.7, 125.7, 1.792
[18:54:36] 225.8, 125.8, 1.794
[18:54:37] 225.9, 125.8, 1.423
[18:54:38] 202.4, 125.9, 1.094
[18:54:39] 140.8, 125.8, 1.094
[18:54:40] 140.6, 125.8, 1.097
[18:54:41] 140.5, 125.9, 1.106
<<<[18:54:54] 144.8, 125.9, 1.113
[18:54:55] 144.4, 125.9, 1.121
[18:54:56] 144.2, 125.8, 1.134
[18:54:57] 144.2, 125.8, 1.247
[18:54:58] 156.1, 125.9, 1.173
[18:54:59] 150.8, 125.9, 1.165
[18:55:00] 150.4, 125.9, 1.161
[18:55:01] 150.0, 125.8, 1.169
[18:55:02] 149.7, 125.8, 1.172
[18:55:03] 149.6, 125.8, 1.187
[18:55:04] 169.1, 125.7, 1.105
[18:55:05] 140.3, 125.8, 1.110
[18:55:06] 140.3, 125.8, 1.107
[18:55:07] 140.3, 125.8, 1.119
[18:55:08] 140.3, 125.8, 1.197
[18:55:09] 166.7, 125.8, 1.112
[18:55:10] 140.8, 125.8, 1.114
[18:55:11] 140.7, 125.8, 1.103
[18:55:12] 140.7, 125.9, 1.106
[18:55:13] 140.6, 125.8, 1.214
[18:55:14] 166.2, 125.8, 1.100
[18:55:15] 140.3, 125.8, 1.098
[18:55:16] 140.2, 125.8, 1.105
[18:55:17] 140.2, 125.8, 1.101
[18:55:18] 140.2, 125.8, 1.222
[18:55:19] 165.5, 125.8, 1.096
[18:55:20] 140.1, 125.8, 1.106
[18:55:21] 140.1, 125.9, 1.099
[18:55:22] 140.0, 125.9, 1.096
[18:55:23] 140.0, 125.9, 1.236
[18:55:24] 165.3, 125.9, 1.096
[18:55:25] 139.9, 125.9, 1.102
[18:55:26] 139.8, 125.9, 1.095
[18:55:27] 139.8, 125.8, 1.101
[18:55:28] 139.8, 125.8, 1.253
[18:55:29] 164.7, 125.9, 1.102
[18:55:30] 139.9, 125.9, 1.100
[18:55:31] 139.8, 125.9, 1.095
[18:55:32] 139.8, 125.8, 1.092
[18:55:33] 139.8, 125.9, 1.242
[18:55:34] 173.6, 125.8, 1.032
[18:55:35] 131.8, 125.8, 1.098
[18:55:36] 139.2, 125.8, 1.094
[18:55:37] 139.2, 125.8, 1.096
[18:55:38] 139.1, 125.7, 1.561
[18:55:39] 187.5, 125.7, 1.038
[18:55:40] 128.5, 125.7, 1.103
[18:55:41] 139.2, 125.7, 1.100
[18:55:42] 139.2, 125.8, 1.094
[18:55:43] 139.2, 125.8, 1.792
[18:55:44] 186.5, 125.8, 1.033
[18:55:45] 139.6, 125.8, 1.095
[18:55:46] 139.4, 125.8, 1.095
[18:55:47] 139.3, 125.8, 1.098
[18:55:48] 139.3, 125.6, 3.376
[18:55:49] 177.2, 125.9, 1.009
[18:55:50] 167.6, 125.8, 1.094
[18:55:51] 136.3, 125.8, 1.106
[18:55:52] 136.6, 125.8, 1.096
[18:55:53] 137.0, 125.8, 1.098
[18:55:54] 137.3, 125.7, 1.730
[18:55:55] 221.6, 125.8, 1.069
[18:55:56] 155.1, 125.8, 1.094
[18:55:57] 139.4, 125.8, 1.103
[18:55:58] 139.4, 125.8, 1.088
[18:55:59] 139.3, 125.8, 1.096
[18:56:00] 139.4, 125.7, 1.718
[18:56:01] 234.4, 125.7, 1.635
[18:56:02] 211.8, 125.8, 1.098
[18:56:03] 137.2, 125.8, 1.097
[18:56:04] 137.4, 125.8, 1.098
[18:56:05] 137.7, 125.8, 1.101
[18:56:06] 137.9, 125.7, 2.508
[18:56:07] 184.7, 125.7, 1.721
[18:56:08] 218.3, 125.7, 1.787
[18:56:09] 223.9, 125.7, 1.787
[18:56:10] 223.9, 125.8, 1.092
[18:56:11] 148.3, 125.8, 1.099
[18:56:12] 139.8, 125.8, 1.100
[18:56:13] 139.8, 125.8, 1.099
[18:56:14] 139.7, 125.9, 1.097
[18:56:15] 162.9, 125.7, 1.726
[18:56:16] 216.5, 125.8, 1.785
[18:56:17] 221.9, 125.8, 1.786
[18:56:18] 222.3, 125.8, 1.787
[18:56:19] 222.8, 125.8, 1.787
[18:56:20] 223.2, 125.8, 1.789
[18:56:21] 223.5, 125.8, 1.458
[18:56:22] 199.0, 125.9, 1.093
[18:56:23] 140.3, 125.9, 1.095
[18:56:24] 140.2, 125.8, 1.096
[18:56:25] 140.1, 125.9, 1.097
[18:56:26] 140.0, 125.8, 1.769
[18:56:27] 195.3, 125.8, 1.725
[18:56:28] 218.0, 125.7, 1.787
[18:56:29] 225.4, 125.7, 1.790
[18:56:30] 225.4, 125.8, 1.790
[18:56:31] 225.5, 125.8, 1.789
[18:56:32] 225.6, 125.9, 1.788
[18:56:33] 225.7, 125.8, 1.787
[18:56:34] 225.8, 125.8, 1.791
[18:56:35] 225.9, 125.8, 1.789
[18:56:36] 225.9, 125.8, 1.790
[18:56:37] 226.0, 125.7, 1.791
[18:56:38] 226.0, 125.8, 1.792
[18:56:39] 226.1, 125.9, 1.088
[18:56:40] 193.7, 125.8, 1.107
[18:56:41] 139.8, 125.9, 1.106
[18:56:42] 139.8, 125.9, 1.098
[18:56:43] 139.8, 125.9, 1.098
<<<[18:56:57] 142.0, 125.8, 1.124
[18:56:58] 142.0, 125.8, 1.116
[18:56:59] 142.1, 125.8, 1.138
[18:57:00] 142.4, 125.9, 1.241
[18:57:01] 158.0, 125.9, 1.172
[18:57:02] 149.0, 125.9, 1.165
[18:57:03] 148.9, 125.9, 1.144
[18:57:04] 148.6, 125.9, 1.153
[18:57:05] 148.4, 125.9, 1.161
[18:57:06] 148.3, 126.0, 1.114
[18:57:07] 167.6, 125.9, 1.094
[18:57:08] 139.6, 126.0, 1.099
[18:57:09] 139.6, 126.0, 1.101
[18:57:10] 139.6, 125.9, 1.111
[18:57:11] 139.7, 125.9, 1.121
[18:57:12] 167.6, 125.9, 1.108
[18:57:13] 140.7, 125.9, 1.102
[18:57:14] 140.6, 125.9, 1.103
[18:57:15] 140.5, 125.9, 1.104
[18:57:16] 140.5, 125.9, 1.115
[18:57:17] 166.2, 125.9, 1.103
[18:57:18] 140.3, 125.9, 1.104
[18:57:19] 140.2, 125.9, 1.099
[18:57:20] 140.2, 125.9, 1.109
[18:57:21] 140.1, 125.9, 1.127
[18:57:22] 166.9, 125.9, 1.104
[18:57:23] 140.3, 125.9, 1.099
[18:57:24] 140.2, 125.8, 1.101
[18:57:25] 140.1, 125.9, 1.099
[18:57:26] 140.1, 125.9, 1.109
[18:57:27] 166.0, 125.9, 1.096
[18:57:28] 139.4, 126.0, 1.096
[18:57:29] 139.4, 126.0, 1.096
[18:57:30] 139.5, 126.0, 1.095
[18:57:31] 139.5, 125.9, 1.108
[18:57:32] 165.5, 126.0, 1.100
[18:57:33] 140.1, 125.9, 1.099
[18:57:34] 140.1, 125.9, 1.092
[18:57:35] 139.9, 126.0, 1.092
[18:57:36] 139.8, 126.0, 1.034
[18:57:37] 172.5, 125.9, 1.060
[18:57:38] 133.2, 125.9, 1.092
[18:57:39] 139.0, 125.9, 1.087
[18:57:40] 139.0, 125.9, 1.096
[18:57:41] 139.0, 125.9, 1.210
[18:57:42] 183.4, 125.9, 1.033
[18:57:43] 134.0, 125.9, 1.092
[18:57:44] 139.4, 125.9, 1.093
[18:57:45] 139.4, 125.9, 1.095
[18:57:46] 139.4, 125.9, 1.615
[18:57:47] 195.1, 125.9, 1.029
[18:57:48] 129.8, 125.8, 1.094
[18:57:49] 139.0, 125.7, 1.097
[18:57:50] 139.0, 125.8, 1.094
[18:57:51] 139.0, 125.8, 1.867
[18:57:52] 192.3, 125.9, 1.046
[18:57:53] 152.2, 125.8, 1.089
[18:57:54] 138.7, 125.9, 1.092
[18:57:55] 138.7, 125.9, 1.095
[18:57:56] 138.7, 125.8, 1.098
[18:57:57] 158.6, 125.8, 1.675
[18:57:58] 215.8, 125.9, 1.095
[18:57:59] 142.3, 125.9, 1.091
[18:58:00] 141.9, 125.9, 1.097
[18:58:01] 141.5, 125.9, 1.095
[18:58:02] 162.7, 125.9, 1.101
[18:58:03] 176.3, 125.8, 1.722
[18:58:04] 216.0, 125.9, 1.298
[18:58:05] 191.7, 125.8, 1.099
[18:58:06] 140.1, 125.9, 1.093
[18:58:07] 139.9, 125.9, 1.093
[18:58:08] 139.9, 125.8, 1.106
[18:58:09] 139.8, 125.7, 1.709
[18:58:10] 202.9, 125.7, 1.724
[18:58:11] 217.6, 125.7, 1.788
[18:58:12] 225.9, 125.7, 1.659
[18:58:13] 216.3, 125.8, 1.103
[18:58:14] 137.9, 125.8, 1.097
[18:58:15] 138.0, 125.8, 1.094
[18:58:16] 138.2, 125.8, 1.103
[18:58:17] 138.3, 125.7, 2.910
[18:58:18] 180.7, 125.8, 1.721
[18:58:19] 218.3, 125.7, 1.788
[18:58:20] 223.7, 125.7, 1.791
[18:58:21] 224.0, 125.7, 1.792
[18:58:22] 224.3, 125.7, 1.791
[18:58:23] 224.5, 125.7, 1.791
[18:58:24] 224.8, 125.8, 1.079
[18:58:25] 179.2, 125.8, 1.100
[18:58:26] 139.2, 125.8, 1.091
[18:58:27] 139.2, 125.8, 1.100
[18:58:28] 139.2, 125.8, 1.097
[18:58:29] 139.3, 125.7, 1.757
[18:58:30] 215.4, 125.7, 1.729
[18:58:31] 215.9, 125.7, 1.791
[18:58:32] 226.3, 125.7, 1.791
[18:58:33] 226.3, 125.7, 1.791
[18:58:34] 226.3, 125.8, 1.791
[18:58:35] 226.3, 125.8, 1.792
[18:58:36] 226.3, 125.7, 1.793
[18:58:37] 226.3, 125.7, 1.793
[18:58:38] 226.4, 125.7, 1.792
[18:58:39] 226.4, 125.7, 1.795
[18:58:40] 226.5, 125.7, 1.794
[18:58:41] 226.5, 125.7, 1.795
[18:58:42] 226.6, 125.8, 1.118
[18:58:43] 170.9, 125.8, 1.101
[18:58:44] 139.8, 125.8, 1.104
[18:58:45] 139.8, 125.8, 1.101
[18:58:46] 139.8, 125.8, 1.114
<<<[18:59:00] 145.1, 125.8, 1.109
[18:59:01] 144.6, 125.8, 1.114
[18:59:02] 144.3, 125.8, 1.139
[18:59:03] 144.2, 125.8, 1.207
[18:59:04] 144.6, 125.8, 1.223
[18:59:05] 155.7, 125.8, 1.173
[18:59:06] 148.4, 125.8, 1.155
[18:59:07] 148.3, 125.9, 1.159
[18:59:08] 148.1, 125.8, 1.163
[18:59:09] 148.0, 125.8, 1.282
[18:59:10] 161.1, 125.9, 1.099
[18:59:11] 151.0, 125.8, 1.105
[18:59:12] 139.9, 125.8, 1.101
[18:59:13] 139.9, 125.8, 1.105
[18:59:14] 139.9, 125.8, 1.197
[18:59:15] 155.0, 125.9, 1.093
[18:59:16] 154.5, 125.8, 1.098
[18:59:17] 139.9, 125.9, 1.102
[18:59:18] 139.9, 125.9, 1.098
[18:59:19] 139.9, 125.8, 1.187
[18:59:20] 154.1, 125.8, 1.095
[18:59:21] 153.8, 125.9, 1.105
[18:59:22] 140.1, 125.9, 1.105
[18:59:23] 140.1, 125.8, 1.106
[18:59:24] 140.1, 125.8, 1.166
[18:59:25] 154.2, 125.7, 1.099
[18:59:26] 153.9, 125.8, 1.101
[18:59:27] 139.8, 125.8, 1.099
[18:59:28] 139.8, 125.8, 1.101
[18:59:29] 139.8, 125.8, 1.151
[18:59:30] 153.2, 125.8, 1.096
[18:59:31] 153.1, 125.8, 1.100
[18:59:32] 139.9, 125.8, 1.101
[18:59:33] 139.8, 125.9, 1.122
[18:59:34] 140.1, 125.9, 1.136
[18:59:35] 154.1, 125.9, 1.111
[18:59:36] 154.1, 125.8, 1.121
[18:59:37] 142.1, 125.8, 1.132
[18:59:38] 142.4, 125.8, 1.142
[18:59:39] 142.7, 125.8, 1.136
[18:59:40] 154.1, 125.9, 1.107
[18:59:41] 154.2, 125.9, 1.106
[18:59:42] 140.7, 125.9, 1.105
[18:59:43] 140.7, 125.9, 1.109
[18:59:44] 140.6, 125.9, 1.111
[18:59:45] 161.5, 125.9, 1.074
[18:59:46] 161.5, 125.9, 1.096
[18:59:47] 135.6, 125.9, 1.098
[18:59:48] 136.1, 126.0, 1.094
[18:59:49] 136.6, 126.0, 1.100
[18:59:50] 136.9, 126.0, 0.991
[18:59:51] 191.2, 126.0, 1.101
[18:59:52] 134.5, 126.0, 1.095
[18:59:53] 139.8, 126.0, 1.101
[18:59:54] 139.8, 125.9, 1.099
[18:59:55] 139.8, 125.9, 1.610
[18:59:56] 207.5, 125.9, 1.038
[18:59:57] 134.0, 125.9, 1.103
[18:59:58] 139.6, 125.9, 1.098
[18:59:59] 139.6, 125.9, 1.096
[19:00:00] 139.5, 125.8, 2.755
[19:00:01] 181.2, 125.9, 1.561
[19:00:02] 194.4, 125.8, 1.113
[19:00:03] 138.3, 125.9, 1.101
[19:00:04] 138.5, 125.9, 1.094
[19:00:05] 138.5, 125.8, 1.104
[19:00:06] 138.7, 125.8, 1.697
[19:00:07] 194.4, 125.8, 1.681
[19:00:08] 212.2, 125.9, 1.120
[19:00:09] 168.9, 125.9, 1.096
[19:00:10] 139.8, 125.9, 1.094
[19:00:11] 139.7, 125.9, 1.095
[19:00:12] 139.6, 125.9, 1.096
[19:00:13] 139.7, 125.9, 1.671
[19:00:14] 219.6, 125.9, 1.714
[19:00:15] 218.9, 125.8, 1.737
[19:00:16] 219.0, 125.9, 1.079
[19:00:17] 186.6, 125.9, 1.098
[19:00:18] 139.4, 126.0, 1.094
[19:00:19] 139.4, 126.0, 1.093
[19:00:20] 139.4, 125.9, 1.096
[19:00:21] 139.4, 125.8, 1.667
[19:00:22] 198.2, 125.9, 1.676
[19:00:23] 211.1, 125.9, 1.736
[19:00:24] 218.9, 125.9, 1.723
[19:00:25] 218.9, 125.9, 1.731
[19:00:26] 218.8, 125.9, 1.729
[19:00:27] 218.8, 125.9, 1.724
[19:00:28] 218.8, 125.9, 1.094
[19:00:29] 154.8, 125.9, 1.096
[19:00:30] 139.8, 125.9, 1.103
[19:00:31] 139.7, 125.9, 1.089
[19:00:32] 139.7, 125.9, 1.105
[19:00:33] 139.7, 125.8, 1.659
[19:00:34] 227.4, 125.8, 1.728
[19:00:35] 214.0, 125.9, 1.714
[19:00:36] 214.5, 125.9, 1.728
[19:00:37] 215.0, 125.8, 1.728
[19:00:38] 215.5, 125.8, 1.733
[19:00:39] 215.8, 125.9, 1.729
[19:00:40] 216.2, 125.9, 1.727
[19:00:41] 216.5, 125.8, 1.729
[19:00:42] 216.7, 125.9, 1.728
[19:00:43] 217.0, 125.9, 1.727
[19:00:44] 217.2, 125.8, 1.728
[19:00:45] 217.4, 125.9, 1.722
[19:00:46] 217.5, 126.0, 1.102
[19:00:47] 149.2, 125.9, 1.097
[19:00:48] 139.8, 125.9, 1.100
[19:00:49] 139.7, 125.9, 1.102
<<<[19:02:36] 140.2, 125.9, 1.123
[19:02:37] 140.4, 125.9, 1.126
[19:02:38] 140.7, 125.9, 1.140
[19:02:39] 141.1, 125.9, 1.238
[19:02:40] 155.3, 125.9, 1.180
[19:02:41] 154.8, 126.0, 1.175
[19:02:42] 149.0, 125.9, 1.156
[19:02:43] 148.7, 125.9, 1.157
[19:02:44] 148.5, 125.9, 1.161
[19:02:45] 148.3, 125.9, 1.333
[19:02:46] 169.1, 125.9, 1.109
[19:02:47] 140.5, 126.0, 1.100
[19:02:48] 140.5, 125.9, 1.103
[19:02:49] 140.4, 126.0, 1.108
[19:02:50] 140.4, 126.0, 1.340
[19:02:51] 166.7, 126.0, 1.115
[19:02:52] 141.8, 126.0, 1.105
[19:02:53] 141.6, 126.0, 1.100
[19:02:54] 141.5, 126.0, 1.109
[19:02:55] 141.4, 125.9, 1.344
[19:02:56] 166.0, 126.0, 1.101
[19:02:57] 140.8, 126.0, 1.103
[19:02:58] 140.7, 126.0, 1.107
[19:02:59] 140.6, 126.0, 1.100
[19:03:00] 140.7, 126.0, 1.362
[19:03:01] 166.2, 125.9, 1.107
[19:03:02] 140.8, 126.0, 1.103
[19:03:03] 140.7, 125.9, 1.101
[19:03:04] 140.6, 126.0, 1.102
[19:03:05] 140.6, 125.9, 1.359
[19:03:06] 166.0, 126.0, 1.102
[19:03:07] 140.3, 126.0, 1.096
[19:03:08] 140.2, 126.0, 1.096
[19:03:09] 140.2, 126.0, 1.097
[19:03:10] 140.1, 126.0, 1.368
[19:03:11] 165.5, 126.0, 1.107
[19:03:12] 140.5, 125.9, 1.108
[19:03:13] 140.5, 125.9, 1.101
[19:03:14] 140.4, 126.0, 1.098
[19:03:15] 140.3, 125.9, 1.340
[19:03:16] 173.8, 125.9, 1.039
[19:03:17] 132.3, 125.9, 1.096
[19:03:18] 139.8, 126.0, 1.095
[19:03:19] 139.7, 125.9, 1.094
[19:03:20] 139.7, 125.8, 1.590
[19:03:21] 189.4, 125.9, 1.035
[19:03:22] 129.4, 125.9, 1.095
[19:03:23] 139.4, 125.9, 1.088
[19:03:24] 139.3, 125.9, 1.098
[19:03:25] 139.3, 125.8, 1.886
[19:03:26] 185.9, 125.9, 1.032
[19:03:27] 141.9, 125.9, 1.097
[19:03:28] 141.4, 125.9, 1.100
[19:03:29] 141.1, 125.9, 1.098
[19:03:30] 140.9, 125.7, 3.278
[19:03:31] 177.2, 126.0, 0.998
[19:03:32] 170.5, 125.9, 1.094
[19:03:33] 136.5, 125.9, 1.092
[19:03:34] 136.8, 126.0, 1.092
[19:03:35] 137.2, 126.0, 1.092
[19:03:36] 137.4, 125.9, 1.731
[19:03:37] 221.0, 126.0, 1.074
[19:03:38] 156.8, 125.9, 1.100
[19:03:39] 139.4, 126.0, 1.096
[19:03:40] 139.3, 125.9, 1.099
[19:03:41] 139.4, 125.9, 1.106
[19:03:42] 139.5, 125.8, 1.719
[19:03:43] 234.2, 125.9, 1.647
[19:03:44] 213.3, 125.9, 1.097
[19:03:45] 137.4, 125.8, 1.096
[19:03:46] 137.6, 125.8, 1.097
[19:03:47] 137.9, 125.9, 1.103
[19:03:48] 138.1, 125.8, 2.491
[19:03:49] 184.5, 125.8, 1.724
[19:03:50] 218.9, 125.8, 1.788
[19:03:51] 224.5, 125.8, 1.789
[19:03:52] 224.5, 125.9, 1.101
[19:03:53] 149.2, 125.9, 1.098
[19:03:54] 139.6, 125.9, 1.097
[19:03:55] 139.6, 125.9, 1.094
[19:03:56] 139.5, 125.9, 1.099
[19:03:57] 163.8, 125.9, 1.726
[19:03:58] 217.1, 125.8, 1.787
[19:03:59] 222.5, 125.8, 1.789
[19:04:00] 222.9, 125.8, 1.787
[19:04:01] 223.4, 125.8, 1.790
[19:04:02] 223.7, 125.8, 1.790
[19:04:03] 224.0, 125.9, 1.428
[19:04:04] 198.2, 125.9, 1.095
[19:04:05] 140.3, 125.9, 1.103
[19:04:06] 140.2, 125.9, 1.093
[19:04:07] 140.1, 125.9, 1.096
[19:04:08] 140.0, 125.8, 1.729
[19:04:09] 196.2, 125.8, 1.725
[19:04:10] 218.3, 125.8, 1.788
[19:04:11] 225.7, 125.8, 1.791
[19:04:12] 225.8, 125.8, 1.790
[19:04:13] 225.8, 125.8, 1.792
[19:04:14] 226.0, 125.9, 1.791
[19:04:15] 226.1, 125.9, 1.788
[19:04:16] 226.1, 125.8, 1.792
[19:04:17] 226.2, 125.9, 1.791
[19:04:18] 226.3, 125.9, 1.792
[19:04:19] 226.4, 125.8, 1.794
[19:04:20] 226.4, 125.9, 1.793
[19:04:21] 226.5, 126.0, 1.094
[19:04:22] 193.9, 125.9, 1.102
[19:04:23] 140.1, 125.9, 1.098
[19:04:24] 140.0, 125.9, 1.103
[19:04:25] 140.0, 125.8, 1.100
<<<[19:06:19] 140.7, 125.8, 1.120
[19:06:20] 140.9, 125.7, 1.130
[19:06:21] 141.2, 125.8, 1.139
[19:06:22] 141.6, 125.8, 1.248
[19:06:23] 155.3, 125.8, 1.163
[19:06:25] 154.8, 125.8, 1.176
[19:06:26] 148.8, 125.8, 1.163
[19:06:27] 148.6, 125.8, 1.157
[19:06:28] 148.5, 125.8, 1.166
[19:06:29] 148.4, 125.8, 1.453
[19:06:30] 169.4, 125.8, 1.100
[19:06:31] 141.0, 125.8, 1.102
[19:06:32] 140.9, 125.8, 1.107
[19:06:33] 140.8, 125.8, 1.109
[19:06:34] 140.8, 125.7, 1.452
[19:06:35] 166.7, 125.8, 1.113
[19:06:36] 142.1, 125.8, 1.108
[19:06:37] 141.9, 125.8, 1.106
[19:06:38] 141.7, 125.8, 1.104
[19:06:39] 141.6, 125.8, 1.456
[19:06:40] 166.4, 125.7, 1.102
[19:06:41] 140.5, 125.8, 1.109
[19:06:42] 140.5, 125.7, 1.106
[19:06:43] 140.5, 125.8, 1.104
[19:06:44] 140.5, 125.6, 1.461
[19:06:45] 166.5, 125.7, 1.103
[19:06:46] 141.0, 125.7, 1.104
[19:06:47] 140.9, 125.7, 1.099
[19:06:48] 140.8, 125.7, 1.104
[19:06:49] 140.7, 125.6, 1.461
[19:06:50] 166.4, 125.7, 1.103
[19:06:51] 140.7, 125.6, 1.102
[19:06:52] 140.6, 125.7, 1.109
[19:06:53] 140.5, 125.7, 1.115
[19:06:54] 140.6, 125.7, 1.469
[19:06:55] 165.6, 125.7, 1.101
[19:06:56] 140.5, 125.7, 1.104
[19:06:57] 140.4, 125.8, 1.101
[19:06:58] 140.3, 125.8, 1.100
[19:06:59] 140.3, 125.8, 1.420
[19:07:00] 174.5, 125.8, 1.036
[19:07:01] 132.0, 125.8, 1.106
[19:07:02] 139.8, 125.9, 1.106
[19:07:03] 139.8, 125.9, 1.099
[19:07:04] 139.8, 125.8, 1.599
[19:07:05] 188.6, 125.9, 1.042
[19:07:06] 130.0, 125.8, 1.099
[19:07:07] 139.0, 125.9, 1.095
[19:07:08] 139.0, 125.9, 1.095
[19:07:09] 139.1, 125.8, 2.097
[19:07:10] 184.1, 125.8, 1.025
[19:07:11] 143.7, 125.8, 1.092
[19:07:12] 138.5, 125.8, 1.089
[19:07:13] 138.6, 125.8, 1.104
[19:07:14] 138.7, 125.6, 2.876
[19:07:15] 174.9, 125.8, 0.982
[19:07:16] 174.5, 125.8, 1.093
[19:07:17] 136.1, 125.8, 1.096
[19:07:18] 136.5, 125.7, 1.097
[19:07:19] 136.9, 125.8, 1.103
[19:07:20] 137.2, 125.7, 1.745
[19:07:21] 219.4, 125.8, 1.058
[19:07:22] 158.8, 125.8, 1.100
[19:07:23] 139.8, 125.8, 1.096
[19:07:24] 139.8, 125.9, 1.094
[19:07:25] 139.7, 125.8, 1.100
[19:07:26] 139.7, 125.7, 1.720
[19:07:27] 233.3, 125.8, 1.653
[19:07:28] 214.5, 125.8, 1.105
[19:07:29] 138.3, 125.8, 1.101
[19:07:30] 138.4, 125.8, 1.100
[19:07:31] 138.5, 125.8, 1.106
[19:07:32] 138.7, 125.7, 2.794
[19:07:33] 183.2, 125.7, 1.725
[19:07:34] 218.7, 125.7, 1.791
[19:07:35] 224.3, 125.8, 1.790
[19:07:36] 224.4, 125.8, 1.099
[19:07:37] 151.0, 125.8, 1.107
[19:07:38] 140.1, 125.8, 1.099
[19:07:39] 140.0, 125.8, 1.105
[19:07:40] 140.0, 125.9, 1.100
[19:07:41] 155.1, 125.8, 1.727
[19:07:42] 224.5, 125.8, 1.793
[19:07:43] 224.1, 125.8, 1.790
[19:07:44] 224.4, 125.8, 1.791
[19:07:45] 224.7, 125.7, 1.792
[19:07:46] 224.9, 125.7, 1.794
[19:07:47] 225.2, 125.8, 1.543
[19:07:48] 201.1, 125.8, 1.098
[19:07:49] 140.1, 125.9, 1.097
[19:07:50] 140.0, 125.8, 1.105
[19:07:51] 140.0, 125.8, 1.094
[19:07:52] 140.0, 125.8, 1.777
[19:07:53] 196.6, 125.8, 1.728
[19:07:54] 218.7, 125.8, 1.791
[19:07:55] 226.1, 125.8, 1.794
[19:07:56] 226.1, 125.8, 1.793
[19:07:57] 226.2, 125.8, 1.793
[19:07:58] 226.3, 125.8, 1.794
[19:07:59] 226.3, 125.8, 1.789
[19:08:00] 226.4, 125.8, 1.792
[19:08:01] 226.4, 125.8, 1.791
[19:08:02] 226.5, 125.8, 1.792
[19:08:03] 226.5, 125.8, 1.793
[19:08:04] 226.6, 125.8, 1.793
[19:08:05] 226.6, 125.8, 1.070
[19:08:06] 191.5, 125.9, 1.093
[19:08:07] 140.1, 125.9, 1.105
[19:08:08] 140.0, 125.9, 1.097
[19:08:09] 140.0, 125.9, 1.109
<<<[19:10:01] 140.6, 125.8, 1.118
[19:10:02] 140.7, 125.7, 1.125
[19:10:03] 141.0, 125.8, 1.137
[19:10:04] 141.3, 125.7, 1.259
[19:10:05] 155.0, 125.7, 1.170
[19:10:06] 154.5, 125.7, 1.168
[19:10:07] 148.1, 125.7, 1.161
[19:10:08] 147.9, 125.7, 1.164
[19:10:09] 147.9, 125.8, 1.170
[19:10:10] 148.0, 125.8, 1.357
[19:10:11] 169.4, 125.8, 1.100
[19:10:12] 140.8, 125.8, 1.102
[19:10:13] 140.7, 125.8, 1.105
[19:10:14] 140.7, 125.8, 1.101
[19:10:15] 140.7, 125.7, 1.368
[19:10:16] 166.7, 125.8, 1.112
[19:10:17] 141.8, 125.8, 1.104
[19:10:18] 141.6, 125.8, 1.103
[19:10:19] 141.5, 125.7, 1.108
[19:10:20] 141.4, 125.7, 1.374
[19:10:21] 166.4, 125.8, 1.104
[19:10:22] 141.0, 125.8, 1.110
[19:10:23] 141.0, 125.8, 1.103
[19:10:24] 140.9, 125.8, 1.104
[19:10:25] 140.9, 125.8, 1.378
[19:10:26] 166.0, 125.8, 1.101
[19:10:27] 141.0, 125.8, 1.107
[19:10:28] 140.9, 125.9, 1.100
[19:10:29] 140.8, 125.8, 1.101
[19:10:30] 140.7, 125.8, 1.376
[19:10:31] 166.0, 125.9, 1.102
[19:10:32] 140.5, 125.9, 1.104
[19:10:33] 140.5, 125.9, 1.108
[19:10:34] 140.5, 125.9, 1.101
[19:10:35] 140.5, 125.8, 1.379
[19:10:36] 165.3, 125.8, 1.098
[19:10:37] 140.8, 125.9, 1.098
[19:10:38] 140.7, 125.9, 1.094
[19:10:39] 140.6, 125.9, 1.097
[19:10:40] 140.5, 125.8, 1.355
[19:10:41] 174.0, 125.9, 1.037
[19:10:42] 132.7, 125.9, 1.101
[19:10:43] 140.5, 125.9, 1.103
[19:10:44] 140.4, 125.8, 1.100
[19:10:45] 140.3, 125.8, 1.566
[19:10:46] 188.5, 125.9, 1.034
[19:10:47] 129.1, 125.8, 1.097
[19:10:48] 139.4, 125.8, 1.097
[19:10:49] 139.4, 125.8, 1.102
[19:10:50] 139.4, 125.7, 2.002
[19:10:51] 186.5, 125.8, 1.034
[19:10:52] 142.3, 125.8, 1.095
[19:10:53] 141.8, 125.8, 1.103
[19:10:54] 141.6, 125.8, 1.094
[19:10:55] 141.3, 125.6, 3.253
[19:10:56] 176.3, 125.9, 0.990
[19:10:57] 170.2, 125.8, 1.095
[19:10:58] 136.5, 125.8, 1.093
[19:10:59] 136.8, 125.9, 1.097
[19:11:00] 137.1, 125.9, 1.094
[19:11:01] 137.5, 125.8, 1.737
[19:11:02] 220.9, 125.9, 1.080
[19:11:03] 157.5, 125.9, 1.099
[19:11:04] 139.4, 125.9, 1.092
[19:11:05] 139.4, 125.9, 1.094
[19:11:06] 139.4, 125.9, 1.095
[19:11:07] 139.4, 125.8, 1.721
[19:11:08] 234.8, 125.8, 1.642
[19:11:09] 213.1, 125.9, 1.101
[19:11:10] 137.8, 125.9, 1.099
[19:11:11] 138.0, 125.9, 1.107
[19:11:12] 138.2, 125.9, 1.101
[19:11:13] 138.4, 125.7, 2.642
[19:11:14] 183.6, 125.7, 1.723
[19:11:15] 218.9, 125.7, 1.789
[19:11:16] 224.7, 125.7, 1.791
[19:11:17] 224.7, 125.9, 1.095
[19:11:18] 149.7, 125.9, 1.096
[19:11:19] 139.8, 125.9, 1.098
[19:11:20] 139.7, 125.9, 1.097
[19:11:21] 139.7, 125.9, 1.107
[19:11:22] 161.1, 125.8, 1.727
[19:11:23] 219.8, 125.8, 1.792
[19:11:24] 220.0, 125.7, 1.792
[19:11:25] 226.5, 125.8, 1.791
[19:11:26] 226.5, 125.8, 1.793
[19:11:27] 226.5, 125.7, 1.794
[19:11:28] 226.5, 125.8, 1.465
[19:11:29] 199.5, 125.8, 1.101
[19:11:30] 140.3, 125.8, 1.103
[19:11:31] 140.2, 125.9, 1.099
[19:11:32] 140.1, 125.9, 1.099
[19:11:33] 140.1, 125.8, 1.729
[19:11:34] 197.1, 125.8, 1.727
[19:11:35] 218.3, 125.8, 1.792
[19:11:36] 226.1, 125.8, 1.792
[19:11:37] 226.1, 125.8, 1.793
[19:11:38] 226.2, 125.8, 1.793
[19:11:39] 226.3, 125.8, 1.794
[19:11:40] 226.4, 125.8, 1.791
[19:11:41] 226.4, 125.8, 1.793
[19:11:42] 226.5, 125.8, 1.794
[19:11:43] 226.6, 125.8, 1.794
[19:11:44] 226.6, 125.7, 1.794
[19:11:45] 226.7, 125.7, 1.795
[19:11:46] 226.7, 125.9, 1.073
[19:11:47] 192.1, 125.9, 1.091
[19:11:48] 139.8, 125.9, 1.100
[19:11:49] 139.7, 125.9, 1.095
[19:11:50] 139.8, 125.9, 1.103
<<<[19:13:44] 141.1, 125.8, 1.132
[19:13:45] 141.2, 125.8, 1.127
[19:13:46] 141.5, 125.9, 1.135
[19:13:47] 141.9, 125.9, 1.253
[19:13:48] 153.5, 125.8, 1.173
[19:13:49] 153.4, 125.8, 1.173
[19:13:50] 152.9, 125.8, 1.153
[19:13:51] 147.5, 125.8, 1.163
[19:13:52] 147.5, 125.8, 1.167
[19:13:53] 147.6, 125.8, 1.628
[19:13:54] 172.0, 125.8, 1.105
[19:13:55] 139.6, 125.8, 1.100
[19:13:56] 139.6, 125.8, 1.093
[19:13:57] 139.7, 125.8, 1.116
[19:13:58] 139.9, 125.7, 1.634
[19:13:59] 168.7, 125.8, 1.111
[19:14:00] 140.1, 125.8, 1.109
[19:14:01] 140.1, 125.8, 1.100
[19:14:02] 140.1, 125.8, 1.109
[19:14:03] 140.3, 125.8, 1.636
[19:14:04] 168.7, 125.9, 1.100
[19:14:05] 139.2, 125.8, 1.105
[19:14:06] 139.3, 125.9, 1.101
[19:14:07] 139.5, 125.8, 1.111
[19:14:08] 139.6, 125.8, 1.630
[19:14:09] 168.0, 125.9, 1.109
[19:14:10] 138.9, 125.8, 1.102
[19:14:11] 139.1, 125.9, 1.106
[19:14:12] 139.2, 125.8, 1.101
[19:14:13] 139.4, 125.8, 1.638
[19:14:14] 168.0, 125.8, 1.107
[19:14:15] 139.4, 125.9, 1.109
[19:14:16] 139.4, 125.9, 1.097
[19:14:17] 139.6, 125.9, 1.102
[19:14:18] 139.6, 125.8, 1.660
[19:14:19] 167.3, 125.8, 1.094
[19:14:20] 138.5, 125.8, 1.108
[19:14:21] 138.7, 125.8, 1.107
[19:14:22] 138.8, 125.8, 1.106
[19:14:23] 139.0, 125.8, 1.815
[19:14:24] 178.1, 125.8, 1.036
[19:14:25] 130.5, 125.8, 1.099
[19:14:26] 138.5, 125.8, 1.097
[19:14:27] 138.6, 125.8, 1.096
[19:14:28] 138.8, 125.7, 2.157
[19:14:29] 181.6, 125.8, 1.034
[19:14:30] 137.9, 125.8, 1.098
[19:14:31] 137.9, 125.8, 1.103
[19:14:32] 138.1, 125.9, 1.101
[19:14:33] 138.3, 125.7, 3.061
[19:14:34] 178.9, 125.9, 1.033
[19:14:35] 150.8, 125.9, 1.095
[19:14:36] 136.9, 125.9, 1.097
[19:14:37] 137.2, 125.9, 1.101
[19:14:38] 137.5, 125.9, 1.099
[19:14:39] 166.0, 125.9, 1.173
[19:14:40] 181.8, 125.8, 1.085
[19:14:41] 135.8, 125.9, 1.102
[19:14:42] 136.2, 125.9, 1.096
[19:14:43] 136.7, 125.9, 1.103
[19:14:44] 137.1, 125.8, 1.763
[19:14:45] 209.6, 125.9, 1.038
[19:14:46] 168.2, 125.9, 1.100
[19:14:47] 139.9, 125.8, 1.092
[19:14:48] 139.8, 125.9, 1.094
[19:14:49] 139.8, 125.9, 1.098
[19:14:50] 139.7, 125.8, 1.725
[19:14:51] 223.9, 125.7, 1.722
[19:14:52] 216.1, 125.9, 1.096
[19:14:53] 145.9, 125.8, 1.106
[19:14:54] 140.1, 125.8, 1.096
[19:14:55] 140.0, 125.8, 1.100
[19:14:56] 140.0, 125.6, 2.956
[19:14:57] 175.8, 125.8, 1.727
[19:14:58] 216.1, 125.7, 1.789
[19:14:59] 223.6, 125.7, 1.790
[19:15:00] 223.9, 125.8, 1.103
[19:15:01] 160.6, 125.8, 1.104
[19:15:02] 140.1, 125.8, 1.108
[19:15:03] 140.1, 125.8, 1.100
[19:15:04] 140.1, 125.8, 1.100
[19:15:05] 140.1, 125.8, 1.723
[19:15:06] 230.3, 125.8, 1.787
[19:15:07] 221.0, 125.8, 1.790
[19:15:08] 226.5, 125.8, 1.791
[19:15:09] 226.5, 125.8, 1.792
[19:15:10] 226.5, 125.9, 1.792
[19:15:11] 226.5, 125.9, 1.621
[19:15:12] 214.3, 125.9, 1.099
[19:15:13] 138.5, 125.9, 1.105
[19:15:14] 138.7, 125.9, 1.104
[19:15:15] 138.9, 125.9, 1.097
[19:15:16] 139.0, 125.8, 2.349
[19:15:17] 185.4, 125.8, 1.727
[19:15:18] 219.2, 125.8, 1.791
[19:15:19] 225.0, 125.8, 1.793
[19:15:20] 225.2, 125.8, 1.792
[19:15:21] 225.4, 125.8, 1.792
[19:15:22] 225.6, 125.8, 1.794
[19:15:23] 225.7, 125.8, 1.789
[19:15:24] 225.8, 125.9, 1.793
[19:15:25] 225.9, 125.8, 1.794
[19:15:26] 226.1, 125.8, 1.795
[19:15:27] 226.2, 125.8, 1.793
[19:15:28] 226.3, 125.8, 1.792
[19:15:29] 226.4, 125.9, 1.390
[19:15:30] 201.7, 125.9, 1.099
[19:15:31] 141.0, 125.9, 1.099
[19:15:32] 140.9, 125.9, 1.101
[19:15:33] 140.8, 125.9, 1.098
<<<[19:17:27] 140.6, 125.8, 1.121
[19:17:28] 140.8, 125.8, 1.120
[19:17:29] 141.0, 125.8, 1.140
[19:17:30] 141.5, 125.8, 1.203
[19:17:31] 148.8, 125.8, 1.239
[19:17:32] 156.4, 125.8, 1.173
[19:17:33] 149.0, 125.8, 1.165
[19:17:34] 148.8, 125.8, 1.160
[19:17:35] 148.6, 125.7, 1.175
[19:17:36] 148.6, 125.8, 1.224
[19:17:37] 161.1, 125.8, 1.109
[19:17:38] 153.7, 125.9, 1.110
[19:17:39] 140.8, 125.8, 1.105
[19:17:40] 140.7, 125.9, 1.110
[19:17:41] 140.7, 125.9, 1.131
[19:17:42] 153.7, 125.9, 1.108
[19:17:43] 153.8, 125.9, 1.113
[19:17:44] 141.0, 125.9, 1.104
[19:17:45] 140.9, 125.9, 1.102
[19:17:46] 140.8, 125.9, 1.122
[19:17:47] 152.6, 125.9, 1.102
[19:17:48] 152.7, 125.9, 1.107
[19:17:49] 140.7, 125.9, 1.104
[19:17:50] 140.6, 125.9, 1.108
[19:17:51] 140.6, 125.8, 1.121
[19:17:52] 152.2, 125.8, 1.098
[19:17:53] 152.4, 125.8, 1.107
[19:17:54] 140.8, 125.9, 1.107
[19:17:55] 140.8, 125.9, 1.106
[19:17:56] 140.7, 125.9, 1.109
[19:17:57] 151.9, 125.9, 1.105
[19:17:58] 152.2, 125.9, 1.103
[19:17:59] 140.3, 125.9, 1.101
[19:18:00] 140.2, 125.9, 1.100
[19:18:01] 140.2, 126.0, 1.109
[19:18:02] 150.3, 125.9, 1.108
[19:18:03] 150.9, 126.0, 1.107
[19:18:04] 140.5, 126.0, 1.101
[19:18:05] 140.4, 126.0, 1.099
[19:18:06] 140.3, 126.0, 1.095
[19:18:07] 166.0, 126.0, 1.038
[19:18:08] 143.6, 126.0, 1.091
[19:18:09] 135.8, 125.9, 1.103
[19:18:10] 136.3, 126.0, 1.097
[19:18:11] 136.8, 125.9, 1.101
[19:18:12] 155.0, 126.0, 1.061
[19:18:13] 166.5, 125.9, 1.111
[19:18:14] 135.6, 125.9, 1.108
[19:18:15] 136.1, 125.9, 1.104
[19:18:16] 136.5, 125.9, 1.097
[19:18:17] 136.9, 125.9, 1.007
[19:18:18] 190.6, 125.9, 1.102
[19:18:19] 134.9, 125.9, 1.096
[19:18:20] 135.4, 125.9, 1.103
[19:18:21] 135.9, 126.0, 1.102
[19:18:22] 136.4, 125.9, 1.616
[19:18:23] 208.4, 125.9, 1.040
[19:18:24] 134.7, 126.0, 1.096
[19:18:25] 135.2, 126.0, 1.095
[19:18:26] 135.7, 125.9, 1.097
[19:18:27] 136.2, 125.8, 2.768
[19:18:28] 181.8, 125.8, 1.573
[19:18:29] 197.7, 125.9, 1.103
[19:18:30] 137.0, 125.9, 1.099
[19:18:31] 137.3, 126.0, 1.100
[19:18:32] 137.6, 126.0, 1.095
[19:18:33] 137.9, 125.9, 1.728
[19:18:34] 196.6, 125.8, 1.725
[19:18:35] 218.1, 125.9, 1.112
[19:18:36] 170.0, 125.9, 1.092
[19:18:37] 139.4, 125.9, 1.099
[19:18:38] 139.4, 125.9, 1.106
[19:18:39] 139.5, 125.9, 1.105
[19:18:40] 139.5, 125.8, 1.723
[19:18:41] 225.0, 125.9, 1.760
[19:18:42] 224.4, 125.9, 1.789
[19:18:43] 224.7, 126.0, 1.098
[19:18:44] 189.9, 126.0, 1.096
[19:18:45] 139.8, 126.0, 1.103
[19:18:46] 139.8, 126.0, 1.094
[19:18:47] 139.8, 125.9, 1.097
[19:18:48] 139.8, 125.8, 1.722
[19:18:49] 202.8, 125.8, 1.726
[19:18:50] 218.1, 125.8, 1.791
[19:18:51] 226.6, 125.8, 1.788
[19:18:52] 226.6, 125.8, 1.794
[19:18:53] 226.6, 125.8, 1.794
[19:18:54] 226.6, 125.8, 1.794
[19:18:55] 226.6, 125.9, 1.102
[19:18:56] 155.3, 125.9, 1.103
[19:18:57] 139.6, 125.9, 1.104
[19:18:58] 139.6, 125.9, 1.101
[19:18:59] 139.6, 125.9, 1.101
[19:19:00] 146.8, 125.9, 1.729
[19:19:01] 230.1, 125.9, 1.794
[19:19:02] 222.5, 125.9, 1.791
[19:19:03] 223.0, 125.8, 1.795
[19:19:04] 223.5, 125.8, 1.793
[19:19:05] 223.9, 125.8, 1.794
[19:19:06] 224.2, 125.9, 1.792
[19:19:07] 224.6, 125.8, 1.794
[19:19:08] 224.9, 125.8, 1.795
[19:19:09] 225.1, 125.8, 1.793
[19:19:10] 225.3, 125.8, 1.792
[19:19:11] 225.5, 125.8, 1.794
[19:19:12] 225.7, 125.8, 1.795
[19:19:13] 225.8, 125.9, 1.109
[19:19:14] 146.1, 125.9, 1.098
[19:19:15] 140.1, 126.0, 1.097
[19:19:16] 140.0, 126.0, 1.092
<<<[19:21:10] 140.5, 125.9, 1.114
[19:21:11] 140.6, 125.9, 1.118
[19:21:12] 140.8, 125.9, 1.135
[19:21:13] 141.1, 125.9, 1.175
[19:21:14] 147.2, 125.9, 1.243
[19:21:15] 157.9, 125.9, 1.171
[19:21:16] 148.3, 125.9, 1.161
[19:21:17] 148.2, 125.9, 1.169
[19:21:18] 148.1, 125.9, 1.167
[19:21:19] 148.2, 125.9, 1.171
[19:21:20] 156.1, 125.9, 1.100
[19:21:21] 156.4, 125.9, 1.114
[19:21:22] 141.2, 125.9, 1.117
[19:21:23] 141.2, 125.9, 1.107
[19:21:24] 141.2, 125.9, 1.109
[19:21:25] 147.0, 125.9, 1.113
[19:21:26] 160.6, 125.9, 1.102
[19:21:27] 141.0, 125.9, 1.104
[19:21:28] 140.9, 125.9, 1.102
[19:21:29] 140.8, 125.9, 1.110
[19:21:30] 145.9, 125.9, 1.106
[19:21:31] 160.2, 126.0, 1.107
[19:21:32] 140.3, 125.9, 1.105
[19:21:33] 140.3, 125.9, 1.112
[19:21:34] 140.4, 125.9, 1.107
[19:21:35] 145.9, 125.9, 1.104
[19:21:36] 160.4, 126.0, 1.106
[19:21:37] 140.1, 125.9, 1.107
[19:21:38] 140.1, 125.9, 1.103
[19:21:39] 140.2, 125.9, 1.102
[19:21:40] 140.7, 126.0, 1.103
[19:21:41] 160.6, 126.0, 1.106
[19:21:42] 140.3, 126.0, 1.101
[19:21:43] 140.3, 126.0, 1.110
[19:21:44] 140.3, 125.9, 1.101
[19:21:45] 140.7, 125.9, 1.105
[19:21:46] 161.3, 126.0, 1.105
[19:21:47] 140.3, 125.9, 1.098
[19:21:48] 140.2, 125.9, 1.100
[19:21:49] 140.1, 125.9, 1.103
[19:21:50] 147.0, 125.9, 1.039
[19:21:51] 163.1, 125.9, 1.104
[19:21:52] 135.4, 125.9, 1.100
[19:21:53] 135.9, 125.9, 1.105
[19:21:54] 136.4, 125.9, 1.102
[19:21:55] 136.9, 125.9, 1.036
[19:21:56] 181.8, 125.9, 1.104
[19:21:57] 134.3, 125.9, 1.101
[19:21:58] 139.6, 125.9, 1.106
[19:21:59] 139.6, 125.9, 1.099
[19:22:00] 139.6, 125.9, 1.214
[19:22:01] 191.0, 125.8, 1.076
[19:22:02] 134.5, 125.8, 1.099
[19:22:03] 139.8, 125.8, 1.102
[19:22:04] 139.8, 125.7, 1.099
[19:22:05] 139.8, 125.7, 1.694
[19:22:06] 203.5, 125.8, 1.033
[19:22:07] 139.0, 125.8, 1.100
[19:22:08] 139.1, 125.8, 1.098
[19:22:09] 139.1, 125.8, 1.107
[19:22:10] 139.2, 125.7, 3.293
[19:22:11] 178.0, 125.8, 1.577
[19:22:12] 204.6, 125.9, 1.100
[19:22:13] 135.2, 125.9, 1.108
[19:22:14] 135.8, 125.9, 1.094
[19:22:15] 136.2, 125.9, 1.100
[19:22:16] 136.7, 125.8, 2.126
[19:22:17] 188.6, 125.8, 1.726
[19:22:18] 218.9, 125.9, 1.094
[19:22:19] 177.2, 125.9, 1.106
[19:22:20] 139.8, 125.8, 1.101
[19:22:21] 139.7, 125.9, 1.104
[19:22:22] 139.7, 125.9, 1.103
[19:22:23] 139.8, 125.8, 1.747
[19:22:24] 217.4, 125.8, 1.729
[19:22:25] 217.7, 125.8, 1.790
[19:22:26] 226.5, 125.9, 1.315
[19:22:27] 197.0, 126.0, 1.100
[19:22:28] 140.3, 125.9, 1.090
[19:22:29] 140.2, 125.9, 1.104
[19:22:30] 140.1, 125.9, 1.104
[19:22:31] 140.1, 125.8, 1.809
[19:22:32] 193.9, 125.8, 1.725
[19:22:33] 218.7, 125.8, 1.791
[19:22:34] 225.9, 125.8, 1.791
[19:22:35] 225.9, 125.8, 1.793
[19:22:36] 226.1, 125.8, 1.794
[19:22:37] 226.2, 125.7, 1.795
[19:22:38] 226.2, 125.9, 1.107
[19:22:39] 162.7, 125.9, 1.099
[19:22:40] 139.9, 125.9, 1.101
[19:22:41] 139.8, 125.9, 1.108
[19:22:42] 139.8, 125.9, 1.108
[19:22:43] 139.9, 125.8, 1.722
[19:22:44] 229.0, 125.8, 1.784
[19:22:45] 221.4, 125.8, 1.791
[19:22:46] 226.6, 125.8, 1.793
[19:22:47] 226.6, 125.8, 1.795
[19:22:48] 226.7, 125.9, 1.794
[19:22:49] 226.7, 125.8, 1.794
[19:22:50] 226.8, 125.8, 1.796
[19:22:51] 226.8, 125.8, 1.796
[19:22:52] 226.8, 125.8, 1.797
[19:22:53] 226.9, 125.8, 1.796
[19:22:54] 226.9, 125.8, 1.792
[19:22:55] 227.0, 125.8, 1.795
[19:22:56] 227.0, 125.9, 1.100
[19:22:57] 158.2, 125.9, 1.102
[19:22:58] 140.1, 125.9, 1.100
[19:22:59] 140.1, 125.8, 1.106
