<<<[08:41:26] 139.8, 125.7, 1.121
[08:41:27] 140.0, 125.7, 1.119
[08:41:28] 140.3, 125.7, 1.124
[08:41:29] 140.5, 125.7, 1.244
[08:41:30] 155.5, 125.6, 1.280
[08:41:31] 156.0, 125.6, 1.262
[08:41:32] 156.6, 125.6, 1.273
[08:41:33] 157.1, 125.6, 1.281
[08:41:34] 157.5, 125.6, 1.265
[08:41:35] 157.7, 125.6, 1.278
[08:41:36] 158.1, 125.7, 1.266
[08:41:37] 158.1, 125.7, 1.273
[08:41:38] 158.2, 125.6, 1.260
[08:41:39] 158.4, 125.7, 1.273
[08:41:40] 158.5, 125.7, 1.270
[08:41:41] 158.5, 125.7, 1.252
[08:41:42] 158.5, 125.7, 1.255
[08:41:43] 158.7, 125.7, 1.271
[08:41:44] 158.8, 125.7, 1.270
[08:41:45] 158.7, 125.7, 1.242
[08:41:46] 158.7, 125.6, 1.282
[08:41:47] 158.7, 125.5, 1.248
[08:41:48] 158.8, 125.6, 1.220
[08:41:49] 158.8, 125.6, 1.264
[08:41:50] 158.8, 125.6, 1.280
[08:41:51] 158.9, 125.6, 1.275
[08:41:52] 158.9, 125.6, 1.260
[08:41:53] 159.1, 125.6, 1.266
[08:41:54] 159.2, 125.6, 1.264
[08:41:55] 159.1, 125.6, 1.242
[08:41:56] 159.2, 125.6, 1.282
[08:41:57] 159.2, 125.5, 1.260
[08:41:58] 159.2, 125.6, 1.275
[08:41:59] 159.2, 125.6, 1.243
[08:42:00] 159.3, 125.6, 1.219
[08:42:01] 158.9, 125.6, 1.107
[08:42:02] 151.3, 125.6, 1.280
[08:42:03] 158.2, 125.6, 1.270
[08:42:04] 157.7, 125.6, 1.270
[08:42:05] 157.8, 125.6, 1.274
[08:42:06] 157.9, 125.6, 1.240
[08:42:07] 158.1, 125.6, 1.278
[08:42:08] 158.1, 125.6, 1.228
[08:42:09] 158.0, 125.6, 1.277
[08:42:10] 158.2, 125.6, 1.268
[08:42:11] 158.3, 125.5, 1.237
[08:42:12] 158.1, 125.5, 1.222
[08:42:13] 158.1, 125.5, 1.269
[08:42:14] 158.1, 125.5, 1.218
[08:42:15] 158.2, 125.5, 1.229
[08:42:16] 158.3, 125.5, 1.279
[08:42:17] 158.5, 125.5, 1.219
[08:42:18] 158.4, 125.5, 1.260
[08:42:19] 158.5, 125.6, 1.273
[08:42:20] 158.6, 125.5, 1.276
[08:42:21] 158.7, 125.5, 1.272
[08:42:22] 158.7, 125.5, 1.281
[08:42:23] 158.7, 125.5, 1.200
[08:42:24] 158.4, 125.6, 1.226
[08:42:25] 158.3, 125.5, 1.203
[08:42:26] 157.8, 125.5, 1.276
[08:42:27] 158.0, 125.5, 1.269
[08:42:28] 158.2, 125.5, 1.224
[08:42:29] 157.9, 125.5, 1.297
[08:42:30] 158.3, 125.5, 1.244
[08:42:31] 158.2, 125.5, 1.279
[08:42:32] 158.3, 125.5, 1.277
[08:42:33] 158.2, 125.6, 1.264
[08:42:34] 158.4, 125.6, 1.237
[08:42:35] 158.3, 125.6, 1.268
[08:42:36] 158.4, 125.7, 1.236
[08:42:37] 158.4, 125.7, 1.239
[08:42:38] 158.5, 125.6, 1.270
[08:42:39] 158.7, 125.6, 1.256
[08:42:40] 158.5, 125.7, 1.234
[08:42:41] 158.3, 125.6, 1.245
[08:42:42] 158.3, 125.7, 1.257
[08:42:43] 157.9, 125.6, 1.276
[08:42:44] 158.0, 125.7, 1.245
[08:42:45] 158.2, 125.6, 1.279
[08:42:46] 158.2, 125.5, 1.271
[08:42:47] 158.4, 125.6, 1.279
[08:42:48] 158.4, 125.7, 1.269
[08:42:49] 158.6, 125.7, 1.215
[08:42:50] 158.6, 125.7, 1.223
[08:42:51] 158.5, 125.6, 1.271
[08:42:52] 158.7, 125.6, 1.238
[08:42:53] 158.5, 125.6, 1.254
[08:42:54] 158.4, 125.6, 1.257
[08:42:55] 158.6, 125.6, 1.258
[08:42:56] 158.5, 125.6, 1.266
[08:42:57] 158.6, 125.6, 1.268
[08:42:58] 158.5, 125.6, 1.273
[08:42:59] 158.7, 125.6, 1.277
[08:43:00] 158.7, 125.7, 1.273
[08:43:01] 158.7, 125.6, 1.214
[08:43:02] 158.6, 125.6, 1.275
[08:43:03] 158.4, 125.6, 1.269
[08:43:04] 158.5, 125.7, 1.245
[08:43:05] 158.4, 125.7, 1.273
[08:43:06] 158.5, 125.6, 1.267
[08:43:07] 158.4, 125.7, 1.269
[08:43:08] 158.7, 125.7, 1.239
[08:43:09] 158.6, 125.7, 1.265
[08:43:10] 158.7, 125.7, 1.273
[08:43:11] 158.8, 125.6, 1.272
[08:43:12] 159.0, 125.7, 1.273
[08:43:13] 159.0, 125.7, 1.219
[08:43:14] 158.8, 125.6, 1.264
[08:43:15] 158.8, 125.7, 1.250
[08:43:16] 158.7, 125.7, 1.253
[08:43:17] 158.8, 125.6, 1.261
[08:43:18] 158.9, 125.7, 1.197
[08:43:19] 158.6, 125.7, 1.240
[08:43:20] 158.5, 125.7, 1.207
[08:43:21] 158.3, 125.7, 1.203
[08:43:22] 158.2, 125.6, 1.269
[08:43:23] 158.4, 125.6, 1.238
[08:43:24] 158.3, 125.7, 1.239
[08:43:25] 158.4, 125.7, 1.242
[08:43:26] 158.3, 125.7, 1.291
[08:43:27] 158.5, 125.7, 1.291
[08:43:28] 158.6, 125.6, 1.273
[08:43:29] 158.6, 125.7, 1.266
[08:43:30] 158.7, 125.7, 1.220
[08:43:31] 158.6, 125.8, 1.252
[08:43:32] 158.6, 125.8, 1.231
[08:43:33] 158.6, 125.7, 1.266
[08:43:34] 158.5, 125.7, 1.193
[08:43:35] 158.6, 125.7, 1.246
[08:43:36] 158.6, 125.7, 1.274
[08:43:37] 158.5, 125.7, 1.226
[08:43:38] 158.4, 125.6, 1.252
[08:43:39] 158.3, 125.6, 1.221
[08:43:40] 158.3, 125.7, 1.267
[08:43:41] 158.4, 125.7, 1.228
[08:43:42] 158.2, 125.7, 1.277
[08:43:43] 158.1, 125.6, 1.263
[08:43:44] 158.1, 125.7, 1.238
[08:43:45] 158.1, 125.6, 1.276
[08:43:46] 158.0, 125.6, 1.267
[08:43:47] 158.1, 125.6, 1.227
[08:43:48] 158.0, 125.7, 1.234
[08:43:49] 158.2, 125.7, 1.201
[08:43:50] 157.9, 125.7, 1.246
[08:43:51] 158.0, 125.7, 1.260
[08:43:52] 158.0, 125.7, 1.265
[08:43:53] 158.0, 125.7, 1.215
[08:43:54] 158.1, 125.6, 1.212
[08:43:55] 157.9, 125.7, 1.268
[08:43:56] 158.2, 125.7, 1.275
[08:43:57] 158.0, 125.7, 1.263
[08:43:58] 158.0, 125.7, 1.248
[08:43:59] 157.8, 125.7, 1.195
[08:44:00] 157.8, 125.8, 1.262
[08:44:01] 158.0, 125.7, 1.270
[08:44:02] 158.3, 125.7, 1.259
[08:44:03] 158.3, 125.7, 1.262
[08:44:04] 158.4, 125.7, 1.236
[08:44:05] 158.4, 125.6, 1.216
[08:44:06] 158.4, 125.6, 1.234
[08:44:07] 158.4, 125.6, 1.218
[08:44:08] 158.1, 125.5, 1.231
[08:44:09] 158.2, 125.6, 1.263
[08:44:10] 158.1, 125.6, 1.264
[08:44:11] 158.1, 125.6, 1.243
[08:44:12] 158.0, 125.6, 1.270
[08:44:13] 158.2, 125.5, 1.275
[08:44:14] 158.2, 125.5, 1.273
[08:44:15] 158.2, 125.5, 1.225
[08:44:16] 158.1, 125.6, 1.240
[08:44:17] 158.2, 125.6, 1.260
[08:44:18] 158.3, 125.7, 1.272
[08:44:19] 158.2, 125.7, 1.265
[08:44:20] 158.1, 125.7, 1.245
[08:44:21] 158.1, 125.7, 1.256
[08:44:22] 158.3, 125.7, 1.245
[08:44:23] 158.3, 125.7, 1.249
[08:44:24] 158.0, 125.7, 1.097
[08:44:25] 152.1, 125.6, 1.269
[08:44:26] 157.9, 125.6, 1.259
[08:44:27] 157.8, 125.6, 1.272
[08:44:28] 157.9, 125.7, 1.273
[08:44:29] 158.1, 125.7, 1.242
[08:44:30] 158.2, 125.7, 1.276
[08:44:31] 158.2, 125.7, 1.226
[08:44:32] 158.3, 125.7, 1.265
[08:44:33] 158.2, 125.7, 1.278
[08:44:34] 158.3, 125.7, 1.198
[08:44:35] 158.2, 125.7, 1.269
[08:44:36] 158.2, 125.7, 1.212
[08:44:37] 158.1, 125.7, 1.196
[08:44:38] 157.9, 125.7, 1.275
[08:44:39] 157.8, 125.7, 1.273
[08:44:40] 158.0, 125.6, 1.264
[08:44:41] 158.0, 125.7, 1.250
[08:44:42] 158.1, 125.7, 1.221
[08:44:43] 158.1, 125.6, 1.278
[08:44:44] 158.2, 125.7, 1.205
[08:44:45] 157.9, 125.7, 1.257
[08:44:46] 158.1, 125.7, 1.208
[08:44:47] 158.0, 125.7, 1.260
[08:44:48] 157.9, 125.6, 1.247
[08:44:49] 158.0, 125.7, 1.237
[08:44:50] 158.0, 125.7, 1.222
[08:44:51] 158.1, 125.7, 1.256
[08:44:52] 158.1, 125.7, 1.239
[08:44:53] 158.0, 125.7, 1.256
[08:44:54] 158.0, 125.7, 1.264
[08:44:55] 158.2, 125.8, 1.269
[08:44:56] 158.2, 125.7, 1.244
[08:44:57] 158.1, 125.6, 1.235
[08:44:58] 158.1, 125.7, 1.212
[08:44:59] 158.0, 125.7, 1.255
[08:45:00] 158.1, 125.6, 1.275
[08:45:01] 158.1, 125.6, 1.255
[08:45:02] 158.3, 125.6, 1.213
[08:45:03] 158.0, 125.6, 1.261
[08:45:04] 158.1, 125.6, 1.224
[08:45:05] 158.3, 125.6, 1.274
[08:45:06] 158.3, 125.6, 1.218
[08:45:07] 158.4, 125.6, 1.251
[08:45:08] 158.4, 125.6, 1.273
[08:45:09] 158.4, 125.6, 1.229
[08:45:10] 158.4, 125.6, 1.278
[08:45:11] 158.4, 125.6, 1.257
[08:45:12] 158.5, 125.6, 1.255
[08:45:13] 158.6, 125.7, 1.275
[08:45:14] 158.6, 125.7, 1.269
[08:45:15] 158.6, 125.6, 1.271
[08:45:16] 158.4, 125.7, 1.229
[08:45:17] 158.0, 125.7, 1.204
[08:45:18] 157.7, 125.6, 1.295
[08:45:19] 158.2, 125.7, 1.266
[08:45:20] 158.6, 125.7, 1.254
[08:45:21] 158.6, 125.7, 1.275
[08:45:22] 158.5, 125.7, 1.263
[08:45:23] 158.3, 125.8, 1.266
[08:45:24] 158.2, 125.7, 1.227
[08:45:25] 158.4, 125.7, 1.262
[08:45:26] 158.4, 125.8, 1.227
[08:45:27] 158.4, 125.7, 1.265
[08:45:28] 158.4, 125.7, 1.248
[08:45:29] 158.3, 125.7, 1.272
[08:45:30] 158.2, 125.7, 1.260
[08:45:31] 158.2, 125.7, 1.238
[08:45:32] 158.3, 125.7, 1.202
[08:45:33] 157.9, 125.7, 1.219
[08:45:34] 157.8, 125.6, 1.265
[08:45:35] 158.1, 125.6, 1.257
[08:45:36] 158.2, 125.7, 1.248
[08:45:37] 158.2, 125.7, 1.226
[08:45:38] 158.3, 125.7, 1.268
[08:45:39] 158.5, 125.7, 1.251
[08:45:40] 158.5, 125.7, 1.231
[08:45:41] 158.4, 125.7, 1.250
[08:45:42] 158.5, 125.7, 1.260
[08:45:43] 158.4, 125.7, 1.233
[08:45:44] 158.3, 125.6, 1.271
[08:45:45] 158.2, 125.6, 1.267
[08:45:46] 158.4, 125.6, 1.271
[08:45:47] 158.3, 125.6, 1.258
[08:45:48] 158.1, 125.6, 1.226
[08:45:49] 158.3, 125.6, 1.278
[08:45:50] 158.3, 125.6, 1.231
[08:45:51] 158.1, 125.6, 1.271
[08:45:52] 158.1, 125.7, 1.255
[08:45:53] 157.9, 125.7, 1.192
[08:45:54] 157.8, 125.7, 1.253
[08:45:55] 158.0, 125.7, 1.265
[08:45:56] 158.0, 125.6, 1.270
[08:45:57] 158.1, 125.7, 1.233
[08:45:58] 158.1, 125.7, 1.247
[08:45:59] 158.1, 125.7, 1.271
[08:46:00] 158.3, 125.7, 1.247
[08:46:01] 158.2, 125.7, 1.265
[08:46:02] 158.2, 125.7, 1.255
[08:46:03] 158.3, 125.7, 1.274
[08:46:04] 158.3, 125.7, 1.212
[08:46:05] 158.2, 125.7, 1.235
[08:46:06] 158.3, 125.7, 1.250
[08:46:07] 158.5, 125.7, 1.278
[08:46:08] 158.6, 125.7, 1.268
[08:46:09] 158.7, 125.7, 1.269
[08:46:10] 158.8, 125.7, 1.236
[08:46:11] 158.6, 125.7, 1.259
[08:46:12] 158.8, 125.7, 1.245
[08:46:13] 158.6, 125.8, 1.216
[08:46:14] 158.4, 125.8, 1.274
[08:46:15] 158.4, 125.7, 1.249
[08:46:16] 158.3, 125.7, 1.263
[08:46:17] 158.3, 125.8, 1.260
[08:46:18] 158.2, 125.7, 1.240
[08:46:19] 158.0, 125.7, 1.249
[08:46:20] 158.0, 125.7, 1.196
[08:46:21] 157.6, 125.6, 1.278
[08:46:22] 157.6, 125.7, 1.228
[08:46:23] 157.8, 125.7, 1.209
[08:46:24] 157.7, 125.7, 1.251
[08:46:25] 157.6, 125.7, 1.257
[08:46:26] 157.7, 125.7, 1.265
[08:46:27] 181.0, 125.7, 1.219
[08:46:28] 157.9, 125.7, 1.276
[08:46:29] 157.9, 125.7, 1.199
[08:46:30] 157.6, 125.7, 1.271
[08:46:31] 157.7, 125.8, 1.193
[08:46:32] 157.5, 125.7, 1.270
[08:46:33] 157.7, 125.7, 1.273
[08:46:34] 157.9, 125.7, 1.210
[08:46:35] 157.9, 125.6, 1.259
[08:46:36] 158.0, 125.7, 1.210
[08:46:37] 158.1, 125.6, 1.263
[08:46:38] 158.2, 125.7, 1.267
[08:46:39] 158.3, 125.6, 1.237
[08:46:40] 158.2, 125.6, 1.256
[08:46:41] 158.2, 125.7, 1.272
[08:46:42] 158.3, 125.7, 1.267
[08:46:43] 158.3, 125.7, 1.224
[08:46:44] 158.1, 125.7, 1.259
[08:46:45] 158.1, 125.7, 1.271
[08:46:46] 158.1, 125.7, 1.203
[08:46:47] 158.0, 125.7, 1.260
[08:46:48] 158.1, 125.7, 1.254
[08:46:49] 158.1, 125.7, 1.233
[08:46:50] 158.2, 125.8, 1.271
[08:46:51] 158.3, 125.8, 1.266
[08:46:52] 158.4, 125.8, 1.229
[08:46:53] 158.5, 125.7, 1.233
[08:46:54] 158.2, 125.7, 1.263
[08:46:55] 158.4, 125.7, 1.266
[08:46:56] 158.6, 125.7, 1.269
[08:46:57] 158.5, 125.8, 1.205
[08:46:58] 158.3, 125.8, 1.264
[08:46:59] 158.5, 125.8, 1.222
[08:47:00] 158.3, 125.7, 1.244
[08:47:01] 158.4, 125.8, 1.264
[08:47:02] 158.5, 125.7, 1.261
[08:47:03] 158.4, 125.8, 1.261
[08:47:04] 157.8, 125.8, 1.237
[08:47:05] 158.0, 125.8, 1.211
[08:47:06] 157.9, 125.8, 1.262
[08:47:07] 157.9, 125.7, 1.256
[08:47:08] 157.9, 125.7, 1.243
[08:47:09] 157.9, 125.7, 1.253
[08:47:10] 158.1, 125.7, 1.276
[08:47:11] 158.1, 125.7, 1.227
[08:47:12] 158.1, 125.7, 1.203
[08:47:13] 157.8, 125.8, 1.244
[08:47:14] 158.1, 125.7, 1.275
[08:47:15] 158.1, 125.7, 1.251
[08:47:16] 158.3, 125.7, 1.231
[08:47:17] 158.0, 125.7, 1.201
[08:47:18] 157.8, 125.7, 1.275
[08:47:19] 157.6, 125.7, 1.265
[08:47:20] 157.9, 125.7, 1.241
[08:47:21] 158.0, 125.7, 1.200
[08:47:22] 157.8, 125.7, 1.238
[08:47:23] 157.8, 125.7, 1.262
[08:47:24] 157.9, 125.7, 1.239
[08:47:25] 157.9, 125.7, 1.262
[08:47:26] 157.9, 125.6, 1.236
[08:47:27] 157.8, 125.7, 1.239
[08:47:28] 157.9, 125.6, 1.272
[08:47:29] 157.6, 125.6, 1.273
[08:47:30] 157.6, 125.6, 1.252
[08:47:31] 157.7, 125.7, 1.267
[08:47:32] 157.8, 125.7, 1.236
[08:47:33] 157.7, 125.7, 1.231
[08:47:34] 157.8, 125.7, 1.268
[08:47:35] 158.0, 125.7, 1.226
[08:47:36] 158.1, 125.7, 1.262
[08:47:37] 158.2, 125.7, 1.267
[08:47:38] 158.4, 125.7, 1.226
[08:47:39] 158.3, 125.7, 1.229
[08:47:40] 158.2, 125.8, 1.267
[08:47:41] 158.5, 125.7, 1.230
[08:47:42] 158.5, 125.7, 1.234
[08:47:43] 158.6, 125.7, 1.260
[08:47:44] 158.6, 125.7, 1.248
[08:47:45] 158.4, 125.7, 1.266
[08:47:46] 158.6, 125.7, 1.218
[08:47:47] 158.4, 125.7, 1.273
[08:47:48] 158.4, 125.6, 1.279
[08:47:49] 158.5, 125.7, 1.256
[08:47:50] 158.5, 125.7, 1.285
[08:47:51] 158.9, 125.6, 1.276
[08:47:52] 159.2, 125.6, 1.278
[08:47:53] 159.3, 125.6, 1.268
[08:47:54] 159.3, 125.6, 1.267
[08:47:55] 159.4, 125.5, 1.233
[08:47:56] 159.3, 125.6, 1.268
[08:47:57] 159.3, 125.6, 1.231
[08:47:58] 159.0, 125.6, 1.255
[08:47:59] 159.0, 125.5, 1.270
[08:48:00] 158.8, 125.5, 1.260
[08:48:01] 158.8, 125.6, 1.206
[08:48:02] 158.5, 125.5, 1.268
[08:48:03] 158.7, 125.5, 1.231
[08:48:04] 158.7, 125.5, 1.268
[08:48:05] 158.6, 125.6, 1.263
[08:48:06] 158.6, 125.6, 1.231
[08:48:07] 158.7, 125.7, 1.253
[08:48:08] 158.8, 125.6, 1.249
[08:48:09] 158.5, 125.6, 1.272
[08:48:10] 158.5, 125.6, 1.249
[08:48:11] 158.6, 125.6, 1.268
[08:48:12] 158.5, 125.6, 1.237
[08:48:13] 158.2, 125.6, 1.275
[08:48:14] 158.3, 125.6, 1.211
[08:48:15] 158.2, 125.6, 1.244
[08:48:16] 158.3, 125.6, 1.239
[08:48:17] 158.2, 125.6, 1.266
[08:48:18] 158.2, 125.6, 1.269
[08:48:19] 158.1, 125.7, 1.209
[08:48:20] 158.2, 125.6, 1.268
[08:48:21] 158.4, 125.7, 1.244
[08:48:22] 158.4, 125.6, 1.240
[08:48:23] 158.3, 125.7, 1.275
[08:48:24] 158.2, 125.6, 1.266
[08:48:25] 158.5, 125.7, 1.257
[08:48:26] 158.6, 125.7, 1.211
[08:48:27] 158.2, 125.6, 1.242
[08:48:28] 158.3, 125.7, 1.263
[08:48:29] 158.3, 125.7, 1.228
[08:48:30] 158.2, 125.7, 1.236
[08:48:31] 158.3, 125.6, 1.277
[08:48:32] 158.3, 125.6, 1.267
[08:48:33] 158.4, 125.6, 1.254
[08:48:34] 158.3, 125.6, 1.268
[08:48:35] 158.3, 125.6, 1.266
[08:48:36] 158.2, 125.6, 1.261
[08:48:37] 158.0, 125.6, 1.247
[08:48:38] 158.3, 125.6, 1.278
[08:48:39] 158.2, 125.6, 1.274
[08:48:40] 158.2, 125.6, 1.253
[08:48:41] 158.3, 125.6, 1.247
[08:48:42] 158.1, 125.6, 1.233
[08:48:43] 157.9, 125.6, 1.267
[08:48:44] 158.1, 125.6, 1.260
[08:48:45] 158.0, 125.6, 1.238
[08:48:46] 158.1, 125.6, 1.270
[08:48:47] 158.0, 125.6, 1.224
[08:48:48] 157.9, 125.6, 1.216
[08:48:49] 158.0, 125.5, 1.266
[08:48:50] 158.0, 125.6, 1.256
[08:48:51] 158.2, 125.6, 1.277
[08:48:52] 158.2, 125.5, 1.233
[08:48:53] 158.3, 125.5, 1.251
[08:48:54] 158.1, 125.6, 1.222
[08:48:55] 158.3, 125.6, 1.295
[08:48:56] 158.7, 125.6, 1.213
[08:48:57] 158.5, 125.6, 1.255
[08:48:58] 158.5, 125.6, 1.271
[08:48:59] 158.3, 125.6, 1.261
[08:49:00] 158.4, 125.6, 1.270
[08:49:01] 158.4, 125.6, 1.272
[08:49:02] 158.5, 125.6, 1.243
[08:49:03] 158.5, 125.6, 1.210
[08:49:04] 158.3, 125.7, 1.253
[08:49:05] 158.3, 125.6, 1.237
[08:49:06] 158.4, 125.6, 1.252
[08:49:07] 158.2, 125.7, 1.253
[08:49:08] 158.2, 125.7, 1.251
[08:49:09] 158.2, 125.6, 1.244
[08:49:10] 158.1, 125.7, 1.198
[08:49:11] 157.8, 125.7, 1.260
[08:49:12] 157.9, 125.7, 1.227
[08:49:13] 157.9, 125.6, 1.238
[08:49:14] 158.1, 125.7, 1.281
[08:49:15] 158.2, 125.7, 1.279
[08:49:16] 158.2, 125.7, 1.267
[08:49:17] 158.3, 125.7, 1.228
[08:49:18] 158.3, 125.7, 1.240
[08:49:19] 158.4, 125.7, 1.244
[08:49:20] 158.5, 125.7, 1.260
[08:49:21] 158.5, 125.7, 1.193
[08:49:22] 158.3, 125.6, 1.274
[08:49:23] 158.4, 125.7, 1.221
[08:49:24] 158.2, 125.6, 1.276
[08:49:25] 158.1, 125.7, 1.273
[08:49:26] 158.1, 125.7, 1.253
[08:49:27] 158.1, 125.7, 1.239
[08:49:28] 158.1, 125.7, 1.251
[08:49:29] 158.1, 125.7, 1.252
[08:49:30] 158.2, 125.7, 1.244
[08:49:31] 158.0, 125.7, 1.224
[08:49:32] 157.9, 125.8, 1.267
[08:49:33] 158.1, 125.8, 1.221
[08:49:34] 157.8, 125.8, 1.217
[08:49:35] 157.7, 125.7, 1.260
[08:49:36] 157.6, 125.7, 1.264
[08:49:37] 157.6, 125.8, 1.266
[08:49:38] 157.8, 125.7, 1.227
[08:49:39] 157.8, 125.8, 1.195
[08:49:40] 151.5, 125.8, 1.129
[08:49:41] 151.9, 125.7, 1.255
[08:49:42] 158.2, 125.8, 1.256
[08:49:43] 158.2, 125.7, 1.271
[08:49:44] 158.3, 125.8, 1.265
[08:49:45] 158.3, 125.7, 1.271
[08:49:46] 158.3, 125.7, 1.264
[08:49:47] 158.3, 125.7, 1.269
[08:49:48] 158.1, 125.7, 1.275
[08:49:49] 158.1, 125.7, 1.214
[08:49:50] 158.1, 125.6, 1.239
[08:49:51] 158.0, 125.6, 1.202
[08:49:52] 157.7, 125.7, 1.263
[08:49:53] 157.9, 125.7, 1.270
[08:49:54] 158.1, 125.7, 1.263
[08:49:55] 158.0, 125.7, 1.264
[08:49:56] 157.9, 125.8, 1.211
[08:49:57] 158.0, 125.8, 1.225
[08:49:58] 157.8, 125.7, 1.271
[08:49:59] 158.0, 125.7, 1.268
[08:50:00] 158.1, 125.7, 1.274
[08:50:01] 158.0, 125.7, 1.248
[08:50:02] 157.7, 125.7, 1.271
[08:50:03] 157.7, 125.7, 1.295
[08:50:04] 158.3, 125.7, 1.294
[08:50:05] 164.0, 125.7, 1.295
[08:50:06] 164.0, 125.7, 1.295
[08:50:07] 164.0, 125.7, 1.245
[08:50:08] 156.6, 125.7, 1.230
[08:50:09] 156.6, 125.7, 1.234
[08:50:10] 156.7, 125.7, 1.246
[08:50:11] 156.8, 125.7, 1.229
[08:50:12] 156.8, 125.7, 1.235
[08:50:13] 156.9, 125.7, 1.235
[08:50:14] 157.1, 125.7, 1.265
[08:50:15] 157.1, 125.7, 1.232
[08:50:16] 157.0, 125.7, 1.237
[08:50:17] 157.1, 125.7, 1.264
[08:50:18] 157.1, 125.7, 1.229
[08:50:19] 157.1, 125.7, 1.274
[08:50:20] 157.6, 125.7, 1.236
[08:50:21] 157.6, 125.6, 1.235
[08:50:22] 157.5, 125.7, 1.235
[08:50:23] 157.4, 125.7, 1.234
[08:50:24] 157.5, 125.7, 1.240
[08:50:25] 157.4, 125.7, 1.236
[08:50:26] 157.3, 125.7, 1.230
[08:50:27] 157.6, 125.7, 1.237
[08:50:28] 157.6, 125.7, 1.236
[08:50:29] 157.4, 125.7, 1.231
[08:50:30] 157.5, 125.8, 1.233
[08:50:31] 157.4, 125.8, 1.236
[08:50:32] 157.3, 125.8, 1.280
[08:50:33] 157.8, 125.7, 1.270
[08:50:34] 158.2, 125.7, 1.236
[08:50:35] 158.3, 125.7, 1.258
[08:50:36] 158.1, 125.7, 1.231
[08:50:37] 157.9, 125.6, 1.234
[08:50:38] 157.9, 125.7, 1.255
[08:50:39] 157.8, 125.7, 1.231
[08:50:40] 157.6, 125.7, 1.238
[08:50:41] 157.8, 125.7, 1.238
[08:50:42] 157.7, 125.6, 1.244
[08:50:43] 157.7, 125.6, 1.240
[08:50:44] 157.7, 125.6, 1.235
[08:50:45] 157.6, 125.7, 1.242
[08:50:46] 157.5, 125.7, 1.281
[08:50:47] 157.8, 125.6, 1.231
[08:50:48] 157.9, 125.7, 1.236
[08:50:49] 157.8, 125.7, 1.232
[08:50:50] 157.7, 125.6, 1.232
[08:50:51] 157.7, 125.6, 1.235
[08:50:52] 157.6, 125.7, 1.235
[08:50:53] 157.5, 125.7, 1.259
[08:50:54] 157.7, 125.6, 1.233
[08:50:55] 157.6, 125.7, 1.236
[08:50:56] 157.5, 125.7, 1.264
[08:50:57] 157.5, 125.7, 1.233
[08:50:58] 157.4, 125.7, 1.235
[08:50:59] 157.4, 125.6, 1.287
[08:51:00] 157.6, 125.6, 1.283
[08:51:01] 158.2, 125.6, 1.278
[08:51:02] 158.6, 125.7, 1.274
[08:51:03] 159.0, 125.7, 1.267
[08:51:04] 159.2, 125.7, 1.231
[08:51:05] 158.9, 125.7, 1.234
[08:51:06] 158.7, 125.7, 1.273
[08:51:07] 158.5, 125.7, 1.232
[08:51:08] 158.3, 125.7, 1.236
[08:51:09] 158.2, 125.7, 1.287
[08:51:10] 158.3, 125.7, 1.246
[08:51:11] 158.1, 125.7, 1.228
[08:51:12] 158.0, 125.7, 1.234
[08:51:13] 157.9, 125.7, 1.246
[08:51:14] 157.8, 125.7, 1.232
[08:51:15] 157.7, 125.7, 1.235
[08:51:16] 157.7, 125.7, 1.279
[08:51:17] 158.2, 125.7, 1.232
[08:51:18] 158.0, 125.7, 1.235
[08:51:19] 157.8, 125.7, 1.285
[08:51:20] 157.9, 125.7, 1.233
[08:51:21] 157.7, 125.7, 1.237
[08:51:22] 157.6, 125.8, 1.283
[08:51:23] 157.7, 125.8, 1.243
[08:51:24] 157.7, 125.8, 1.226
[08:51:25] 157.6, 125.8, 1.234
[08:51:26] 157.5, 125.7, 1.240
[08:51:27] 157.5, 125.7, 1.226
[08:51:28] 157.4, 125.8, 1.234
[08:51:29] 157.4, 125.7, 1.275
[08:51:30] 162.6, 125.7, 1.285
[08:51:31] 162.5, 125.8, 1.236
[08:51:32] 156.4, 125.8, 1.234
[08:51:33] 156.4, 125.7, 1.267
[08:51:34] 156.6, 125.8, 1.236
[08:51:35] 156.6, 125.8, 1.236
[08:51:36] 156.7, 125.7, 1.260
[08:51:37] 156.8, 125.7, 1.235
[08:51:38] 157.0, 125.8, 1.236
[08:51:39] 156.9, 125.8, 1.236
[08:51:40] 156.9, 125.8, 1.234
[08:51:41] 157.0, 125.8, 1.238
[08:51:42] 157.0, 125.8, 1.233
[08:51:43] 156.9, 125.8, 1.274
[08:51:44] 162.2, 125.7, 1.242
[08:51:45] 156.4, 125.7, 1.233
[08:51:46] 156.4, 125.7, 1.240
[08:51:47] 156.6, 125.8, 1.241
[08:51:48] 156.6, 125.9, 1.229
[08:51:49] 156.7, 125.9, 1.267
[08:51:50] 157.1, 125.8, 1.234
[08:51:51] 157.2, 125.9, 1.254
[08:51:52] 157.2, 125.8, 1.232
[08:51:53] 157.1, 125.8, 1.234
[08:51:54] 157.2, 125.8, 1.258
[08:51:55] 157.2, 125.8, 1.232
[08:51:56] 157.1, 125.8, 1.279
[08:51:57] 157.7, 125.7, 1.272
[08:51:58] 158.2, 125.7, 1.290
[08:51:59] 158.8, 125.7, 1.282
[08:52:00] 159.2, 125.8, 1.261
[08:52:01] 159.4, 125.8, 1.265
[08:52:02] 159.7, 125.7, 1.272
[08:52:03] 159.9, 125.7, 1.281
[08:52:04] 160.1, 125.8, 1.230
[08:52:05] 160.1, 125.8, 1.235
[08:52:06] 159.7, 125.8, 1.243
[08:52:07] 159.4, 125.8, 1.227
[08:52:08] 159.1, 125.8, 1.236
[08:52:09] 158.9, 125.8, 1.244
[08:52:10] 158.7, 125.8, 1.279
[08:52:11] 158.7, 125.8, 1.232
[08:52:12] 158.5, 125.8, 1.236
[08:52:13] 158.3, 125.8, 1.282
[08:52:14] 158.2, 125.9, 1.229
[08:52:15] 158.0, 125.9, 1.233
[08:52:16] 157.9, 125.8, 1.279
[08:52:17] 158.0, 125.8, 1.232
[08:52:18] 158.3, 125.9, 1.232
[08:52:19] 158.0, 125.8, 1.243
[08:52:20] 157.9, 125.8, 1.235
[08:52:21] 157.9, 125.8, 1.236
[08:52:22] 157.7, 125.8, 1.243
[08:52:23] 157.6, 125.9, 1.281
[08:52:24] 157.9, 125.9, 1.233
[08:52:25] 157.7, 125.8, 1.233
[08:52:26] 157.6, 125.7, 1.262
[08:52:27] 157.6, 125.8, 1.237
[08:52:28] 157.5, 125.8, 1.233
[08:52:29] 157.4, 125.7, 1.258
[08:52:30] 157.5, 125.8, 1.281
[08:52:31] 158.1, 125.8, 1.262
[08:52:32] 158.4, 125.7, 1.233
[08:52:33] 158.2, 125.7, 1.234
[08:52:34] 158.1, 125.8, 1.265
[08:52:35] 158.0, 125.8, 1.230
[08:52:36] 157.8, 125.7, 1.234
[08:52:37] 157.7, 125.8, 1.284
[08:52:38] 157.9, 125.8, 1.243
[08:52:39] 157.7, 125.7, 1.229
[08:52:40] 157.6, 125.7, 1.238
[08:52:41] 157.6, 125.7, 1.247
[08:52:42] 157.5, 125.8, 1.227
[08:52:43] 157.5, 125.7, 1.234
[08:52:44] 157.4, 125.8, 1.279
[08:52:45] 157.9, 125.7, 1.230
[08:52:46] 157.8, 125.8, 1.235
[08:52:47] 157.7, 125.8, 1.285
[08:52:48] 157.7, 125.7, 1.229
[08:52:49] 157.5, 125.7, 1.235
[08:52:50] 157.5, 125.8, 1.285
[08:52:51] 157.6, 125.7, 1.241
[08:52:52] 157.6, 125.8, 1.228
[08:52:53] 157.5, 125.7, 1.236
[08:52:54] 157.4, 125.7, 1.241
[08:52:55] 157.4, 125.7, 1.227
[08:52:56] 157.4, 125.7, 1.235
[08:52:57] 157.3, 125.7, 1.275
[08:52:58] 162.6, 125.7, 1.281
[08:52:59] 162.5, 125.8, 1.281
[08:53:00] 162.4, 125.8, 1.280
[08:53:01] 162.4, 125.7, 1.273
[08:53:02] 161.9, 125.7, 1.230
[08:53:03] 161.3, 125.7, 1.240
[08:53:04] 160.9, 125.7, 1.246
[08:53:05] 160.4, 125.7, 1.227
[08:53:06] 159.9, 125.8, 1.233
[08:53:07] 159.6, 125.8, 1.236
[08:53:08] 159.4, 125.7, 1.259
[08:53:09] 159.1, 125.8, 1.230
[08:53:10] 158.8, 125.8, 1.232
[08:53:11] 158.7, 125.8, 1.262
[08:53:12] 158.5, 125.8, 1.228
[08:53:13] 158.2, 125.7, 1.287
[08:53:14] 158.7, 125.6, 1.246
[08:53:15] 158.5, 125.7, 1.227
[08:53:16] 158.3, 125.7, 1.237
[08:53:17] 158.1, 125.7, 1.246
[08:53:18] 158.1, 125.7, 1.228
[08:53:19] 157.9, 125.7, 1.235
[08:53:20] 157.8, 125.7, 1.236
[08:53:21] 157.9, 125.6, 1.264
[08:53:22] 157.8, 125.7, 1.230
[08:53:23] 157.7, 125.7, 1.235
[08:53:24] 157.6, 125.6, 1.260
[08:53:25] 157.6, 125.6, 1.230
[08:53:26] 157.5, 125.6, 1.282
[08:53:27] 158.0, 125.7, 1.275
[08:53:28] 158.5, 125.7, 1.232
[08:53:29] 158.4, 125.7, 1.231
[08:53:30] 158.2, 125.8, 1.234
[08:53:31] 158.0, 125.8, 1.234
[08:53:32] 158.0, 125.8, 1.231
[08:53:33] 157.9, 125.8, 1.235
[08:53:34] 157.8, 125.8, 1.233
[08:53:35] 158.0, 125.8, 1.241
[08:53:36] 157.9, 125.8, 1.231
[08:53:37] 157.7, 125.8, 1.228
[08:53:38] 157.7, 125.8, 1.237
[08:53:39] 157.6, 125.7, 1.231
[08:53:40] 157.5, 125.8, 1.283
[08:53:41] 157.9, 125.8, 1.233
[08:53:42] 157.9, 125.9, 1.241
[08:53:43] 157.8, 125.8, 1.235
[08:53:44] 157.7, 125.8, 1.235
[08:53:45] 157.7, 125.8, 1.247
[08:53:46] 157.6, 125.8, 1.234
[08:53:47] 157.5, 125.8, 1.227
[08:53:48] 157.7, 125.9, 1.234
[08:53:49] 157.6, 125.8, 1.236
[08:53:50] 157.5, 125.8, 1.228
[08:53:51] 157.6, 125.8, 1.233
[08:53:52] 157.5, 125.7, 1.240
[08:53:53] 157.4, 125.7, 1.282
[08:53:54] 157.8, 125.8, 1.278
[08:53:55] 158.4, 125.7, 1.280
[08:53:56] 158.8, 125.8, 1.277
[08:53:57] 159.3, 125.8, 1.278
[08:53:58] 159.7, 125.8, 1.287
[08:53:59] 160.0, 125.8, 1.277
[08:54:00] 160.3, 125.7, 1.285
[08:54:01] 160.6, 125.8, 1.285
[08:54:02] 160.8, 125.8, 1.263
[08:54:03] 160.8, 125.8, 1.282
[08:54:04] 161.0, 125.8, 1.268
[08:54:05] 161.0, 125.8, 1.271
[08:54:06] 161.0, 125.8, 1.272
[08:54:07] 161.0, 125.8, 1.272
[08:54:08] 161.0, 125.7, 1.286
[08:54:09] 161.2, 125.7, 1.285
[08:54:10] 161.4, 125.8, 1.235
[08:54:11] 161.0, 125.8, 1.255
[08:54:12] 160.5, 125.8, 1.234
[08:54:13] 160.0, 125.8, 1.235
[08:54:14] 159.8, 125.7, 1.259
[08:54:15] 159.5, 125.8, 1.229
[08:54:16] 159.1, 125.8, 1.232
[08:54:17] 159.1, 125.8, 1.235
[08:54:18] 158.9, 125.7, 1.244
[08:54:19] 158.6, 125.8, 1.226
[08:54:20] 158.5, 125.8, 1.234
[08:54:21] 158.3, 125.7, 1.245
[08:54:22] 158.1, 125.7, 1.277
[08:54:23] 158.4, 125.7, 1.236
[08:54:24] 158.4, 125.8, 1.264
[08:54:25] 158.3, 125.7, 1.230
[08:54:26] 158.1, 125.8, 1.234
[08:54:27] 158.0, 125.7, 1.259
[08:54:28] 157.9, 125.7, 1.229
[08:54:29] 157.8, 125.7, 1.233
[08:54:30] 157.9, 125.7, 1.235
[08:54:31] 157.8, 125.7, 1.245
[08:54:32] 157.7, 125.6, 1.233
[08:54:33] 157.7, 125.7, 1.235
[08:54:34] 157.6, 125.7, 1.244
[08:54:35] 157.6, 125.7, 1.279
[08:54:36] 157.8, 125.7, 1.287
[08:54:37] 158.4, 125.7, 1.233
[08:54:38] 158.5, 125.7, 1.237
[08:54:39] 158.3, 125.7, 1.232
[08:54:40] 158.1, 125.7, 1.234
[08:54:41] 158.0, 125.7, 1.237
[08:54:42] 158.0, 125.7, 1.236
[08:54:43] 157.7, 125.7, 1.257
[08:54:44] 157.9, 125.7, 1.236
[08:54:45] 157.8, 125.7, 1.235
[08:54:46] 157.7, 125.7, 1.266
[08:54:47] 157.7, 125.7, 1.231
[08:54:48] 157.6, 125.7, 1.233
[08:54:49] 157.6, 125.7, 1.284
[08:54:50] 157.7, 125.7, 1.228
[08:54:51] 158.0, 125.8, 1.235
[08:54:52] 157.9, 125.8, 1.240
[08:54:53] 157.7, 125.8, 1.229
[08:54:54] 157.7, 125.8, 1.236
[08:54:55] 157.7, 125.8, 1.243
[08:54:56] 157.5, 125.8, 1.274
[08:54:57] 157.7, 125.7, 1.230
[08:54:58] 157.6, 125.7, 1.235
[08:54:59] 157.5, 125.8, 1.285
[08:55:00] 157.6, 125.8, 1.230
[08:55:01] 157.4, 125.8, 1.234
[08:55:02] 157.4, 125.8, 1.284
[08:55:03] 157.6, 125.8, 1.278
[08:55:04] 158.1, 125.8, 1.280
[08:55:05] 158.6, 125.8, 1.272
[08:55:06] 159.1, 125.8, 1.251
[08:55:07] 159.3, 125.8, 1.236
[08:55:08] 159.0, 125.8, 1.235
[08:55:09] 158.7, 125.8, 1.255
[08:55:10] 158.6, 125.8, 1.232
[08:55:11] 158.3, 125.8, 1.233
[08:55:12] 158.2, 125.9, 1.281
[08:55:13] 158.3, 125.8, 1.241
[08:55:14] 158.1, 125.8, 1.230
[08:55:15] 158.0, 125.9, 1.240
[08:55:16] 157.9, 125.8, 1.243
[08:55:17] 157.8, 125.8, 1.232
[08:55:18] 157.7, 125.7, 1.236
[08:55:19] 157.7, 125.8, 1.277
[08:55:20] 158.1, 125.8, 1.232
[08:55:21] 157.9, 125.8, 1.235
[08:55:22] 157.8, 125.8, 1.283
[08:55:23] 157.8, 125.8, 1.232
[08:55:24] 157.7, 125.8, 1.234
[08:55:25] 157.6, 125.8, 1.285
[08:55:26] 157.8, 125.8, 1.243
[08:55:27] 157.7, 125.8, 1.224
[08:55:28] 157.6, 125.8, 1.232
[08:55:29] 157.5, 125.8, 1.241
[08:55:30] 157.5, 125.8, 1.228
[08:55:31] 157.4, 125.9, 1.233
[08:55:32] 157.4, 125.9, 1.275
[08:55:33] 158.0, 125.8, 1.281
[08:55:34] 158.5, 125.8, 1.230
[08:55:35] 158.2, 125.8, 1.234
[08:55:36] 158.1, 125.8, 1.272
[08:55:37] 158.1, 125.7, 1.235
[08:55:38] 157.8, 125.7, 1.237
[08:55:39] 157.7, 125.8, 1.267
[08:55:40] 157.8, 125.8, 1.234
[08:55:41] 157.8, 125.8, 1.232
[08:55:42] 157.7, 125.9, 1.236
[08:55:43] 157.5, 125.8, 1.234
[08:55:44] 157.6, 125.9, 1.236
[08:55:45] 157.5, 125.8, 1.234
[08:55:46] 157.3, 125.8, 1.279
[08:55:47] 162.4, 125.9, 1.241
[08:55:48] 156.6, 125.9, 1.230
[08:55:49] 156.6, 125.9, 1.240
[08:55:50] 156.8, 125.9, 1.242
[08:55:51] 156.7, 125.9, 1.227
[08:55:52] 156.7, 125.8, 1.238
[08:55:53] 156.9, 125.8, 1.235
[08:55:54] 157.0, 125.8, 1.253
[08:55:55] 157.0, 125.8, 1.234
[08:55:56] 156.9, 125.7, 1.235
[08:55:57] 157.1, 125.8, 1.259
[08:55:58] 157.0, 125.7, 1.232
[08:55:59] 157.0, 125.7, 1.283
[08:56:00] 157.6, 125.7, 1.275
[08:56:01] 158.1, 125.7, 1.284
[08:56:02] 158.7, 125.7, 1.285
[08:56:03] 159.1, 125.7, 1.282
[08:56:04] 159.5, 125.7, 1.290
[08:56:05] 160.0, 125.7, 1.274
[08:56:06] 160.1, 125.7, 1.281
[08:56:07] 160.3, 125.7, 1.235
[08:56:08] 160.0, 125.7, 1.243
[08:56:09] 159.6, 125.7, 1.236
[08:56:10] 159.3, 125.7, 1.235
[08:56:11] 159.1, 125.8, 1.243
[08:56:12] 158.8, 125.8, 1.234
[08:56:13] 158.5, 125.8, 1.227
[08:56:14] 158.6, 125.9, 1.233
[08:56:15] 158.4, 125.9, 1.234
[08:56:16] 158.2, 125.9, 1.226
[08:56:17] 158.2, 125.9, 1.233
[08:56:18] 158.0, 125.9, 1.237
[08:56:19] 157.8, 125.9, 1.280
[08:56:20] 158.2, 125.8, 1.235
[08:56:21] 158.2, 125.9, 1.257
[08:56:22] 158.0, 125.9, 1.229
[08:56:23] 157.8, 125.9, 1.234
[08:56:24] 157.8, 125.9, 1.261
[08:56:25] 157.7, 125.8, 1.228
[08:56:26] 157.6, 125.9, 1.228
[08:56:27] 157.7, 125.8, 1.232
[08:56:28] 157.6, 125.8, 1.245
[08:56:29] 157.5, 125.9, 1.225
[08:56:30] 157.5, 125.8, 1.234
[08:56:31] 157.4, 125.8, 1.245
[08:56:32] 157.4, 125.8, 1.274
[08:56:33] 157.7, 125.8, 1.287
[08:56:34] 158.3, 125.8, 1.232
[08:56:35] 158.3, 125.8, 1.256
[08:56:36] 158.1, 125.9, 1.231
[08:56:37] 157.9, 125.9, 1.230
[08:56:38] 157.9, 125.8, 1.251
[08:56:39] 157.8, 125.8, 1.230
[08:56:40] 157.6, 125.8, 1.239
[08:56:41] 157.8, 125.8, 1.233
[08:56:42] 157.6, 125.8, 1.241
[08:56:43] 157.6, 125.7, 1.240
[08:56:44] 157.6, 125.8, 1.234
[08:56:45] 157.4, 125.8, 1.239
[08:56:46] 157.4, 125.8, 1.280
[08:56:47] 157.7, 125.8, 1.232
[08:56:48] 157.8, 125.7, 1.237
[08:56:49] 157.8, 125.8, 1.231
[08:56:50] 157.6, 125.8, 1.231
[08:56:51] 157.6, 125.8, 1.233
[08:56:52] 157.6, 125.9, 1.234
[08:56:53] 157.4, 125.8, 1.262
[08:56:54] 157.6, 125.8, 1.232
[08:56:55] 157.4, 125.7, 1.234
[08:56:56] 157.4, 125.7, 1.270
[08:56:57] 157.4, 125.8, 1.229
[08:56:58] 157.3, 125.8, 1.233
[08:56:59] 157.3, 125.8, 1.285
[08:57:00] 157.5, 125.8, 1.280
[08:57:01] 158.1, 125.8, 1.283
[08:57:02] 158.6, 125.8, 1.272
[08:57:03] 159.0, 125.7, 1.226
[08:57:04] 159.1, 125.8, 1.234
[08:57:05] 158.8, 125.7, 1.246
[08:57:06] 158.6, 125.8, 1.226
[08:57:07] 158.4, 125.7, 1.235
[08:57:08] 158.2, 125.8, 1.247
[08:57:09] 158.1, 125.8, 1.276
[08:57:10] 158.2, 125.8, 1.230
[08:57:11] 158.0, 125.8, 1.235
[08:57:12] 157.8, 125.8, 1.279
[08:57:13] 157.8, 125.8, 1.232
[08:57:14] 157.6, 125.8, 1.234
[08:57:15] 157.6, 125.7, 1.275
[08:57:16] 157.7, 125.6, 1.239
[08:57:17] 158.0, 125.7, 1.237
[08:57:18] 157.8, 125.7, 1.243
[08:57:19] 157.7, 125.7, 1.238
[08:57:20] 157.7, 125.8, 1.233
[08:57:21] 157.5, 125.8, 1.239
[08:57:22] 157.5, 125.9, 1.279
[08:57:23] 157.7, 125.9, 1.236
[08:57:24] 157.5, 125.8, 1.233
[08:57:25] 157.5, 125.8, 1.258
[08:57:26] 157.5, 125.8, 1.238
[08:57:27] 157.4, 125.8, 1.234
[08:57:28] 157.3, 125.8, 1.249
[08:57:29] 157.4, 125.8, 1.287
[08:57:30] 158.0, 125.8, 1.272
[08:57:31] 158.3, 125.8, 1.230
[08:57:32] 158.1, 125.9, 1.233
[08:57:33] 158.0, 125.8, 1.270
[08:57:34] 157.9, 125.8, 1.229
[08:57:35] 157.8, 125.8, 1.233
[08:57:36] 157.7, 125.9, 1.284
[08:57:37] 157.8, 125.8, 1.243
[08:57:38] 157.7, 125.9, 1.223
[08:57:39] 157.5, 125.8, 1.232
[08:57:40] 157.5, 125.8, 1.246
[08:57:41] 157.5, 125.8, 1.227
[08:57:42] 157.4, 125.9, 1.233
[08:57:43] 157.4, 125.8, 1.279
[08:57:44] 157.9, 125.8, 1.229
[08:57:45] 157.7, 125.8, 1.234
[08:57:46] 157.6, 125.8, 1.282
[08:57:47] 157.6, 125.8, 1.229
[08:57:48] 157.5, 125.8, 1.234
[08:57:49] 157.4, 125.8, 1.282
[08:57:50] 157.6, 125.8, 1.237
[08:57:51] 157.5, 125.9, 1.224
[08:57:52] 157.4, 125.9, 1.236
[08:57:53] 157.4, 125.8, 1.236
[08:57:54] 157.4, 125.8, 1.227
[08:57:55] 157.3, 125.8, 1.235
[08:57:56] 157.3, 125.8, 1.275
[08:57:57] 162.6, 125.8, 1.278
[08:57:58] 162.5, 125.8, 1.286
[08:57:59] 162.5, 125.9, 1.280
[08:58:00] 162.4, 125.9, 1.283
[08:58:01] 162.5, 125.8, 1.281
[08:58:02] 162.4, 125.8, 1.275
[08:58:03] 162.3, 125.8, 1.287
[08:58:04] 162.4, 125.8, 1.279
[08:58:05] 162.3, 125.9, 1.279
[08:58:06] 162.3, 125.9, 1.279
[08:58:07] 162.3, 125.8, 1.281
[08:58:08] 162.3, 125.8, 1.272
[08:58:09] 162.2, 125.8, 1.273
[08:58:10] 162.1, 125.8, 1.289
[08:58:11] 162.1, 125.8, 1.288
[08:58:12] 162.3, 125.8, 1.283
[08:58:13] 162.3, 125.8, 1.284
[08:58:14] 162.4, 125.8, 1.261
[08:58:15] 162.0, 125.9, 1.260
[08:58:16] 161.8, 125.9, 1.285
[08:58:17] 161.8, 125.8, 1.286
[08:58:18] 162.0, 125.9, 1.265
[08:58:19] 161.8, 125.8, 1.264
[08:58:20] 161.6, 125.9, 1.269
[08:58:21] 161.5, 125.8, 1.270
[08:58:22] 161.4, 125.9, 1.270
[08:58:23] 161.4, 125.9, 1.270
[08:58:24] 161.3, 125.9, 1.270
[08:58:25] 161.3, 125.8, 1.270
[08:58:26] 161.3, 125.9, 1.280
[08:58:27] 161.4, 125.9, 1.279
[08:58:28] 161.5, 125.9, 1.279
[08:58:29] 161.6, 125.9, 1.279
[08:58:30] 161.7, 125.9, 1.229
[08:58:31] 161.1, 125.8, 1.258
[08:58:32] 160.6, 125.9, 1.227
[08:58:33] 160.1, 125.9, 1.228
[08:58:34] 159.8, 125.8, 1.231
[08:58:35] 159.3, 125.9, 1.234
[08:58:36] 159.0, 125.9, 1.236
[08:58:37] 158.9, 125.9, 1.229
[08:58:38] 158.8, 125.9, 1.231
[08:58:39] 158.5, 125.9, 1.241
[08:58:40] 158.3, 125.9, 1.273
[08:58:41] 158.2, 125.8, 1.231
[08:58:42] 158.0, 125.9, 1.227
[08:58:43] 157.8, 125.8, 1.234
[08:58:44] 157.6, 125.8, 1.282
[08:58:45] 158.2, 125.8, 1.233
[08:58:46] 158.0, 125.9, 1.263
[08:58:47] 157.9, 125.9, 1.232
[08:58:48] 157.7, 125.8, 1.227
[08:58:49] 157.7, 125.9, 1.231
[08:58:50] 157.5, 125.8, 1.235
[08:58:51] 157.5, 125.8, 1.231
[08:58:52] 157.5, 125.8, 1.234
[08:58:53] 157.5, 125.7, 1.232
[08:58:54] 157.5, 125.8, 1.237
[08:58:55] 157.4, 125.8, 1.282
[08:58:56] 157.4, 125.8, 1.234
[08:58:57] 157.3, 125.9, 1.225
[08:58:58] 157.2, 125.7, 1.233
[08:58:59] 157.1, 125.8, 1.283
[08:59:00] 157.7, 125.9, 1.271
[08:59:01] 158.2, 125.9, 1.232
[08:59:02] 158.1, 125.9, 1.233
[08:59:03] 158.0, 125.8, 1.244
[08:59:04] 157.8, 125.9, 1.261
[08:59:05] 157.8, 125.9, 1.228
[08:59:06] 157.6, 125.9, 1.229
[08:59:07] 157.5, 125.9, 1.233
[08:59:08] 157.4, 125.9, 1.229
[08:59:09] 157.6, 125.9, 1.233
[08:59:10] 157.5, 125.9, 1.230
[08:59:11] 157.4, 125.9, 1.253
[08:59:12] 157.5, 125.9, 1.238
[08:59:13] 157.3, 125.9, 1.240
[08:59:14] 157.3, 125.9, 1.228
[08:59:15] 157.2, 125.9, 1.273
[08:59:16] 157.6, 125.8, 1.229
[08:59:17] 157.6, 125.9, 1.232
[08:59:18] 157.5, 125.8, 1.236
[08:59:19] 157.5, 125.8, 1.281
[08:59:20] 157.5, 125.8, 1.238
[08:59:21] 157.3, 125.8, 1.225
[08:59:22] 157.3, 125.9, 1.233
[08:59:23] 157.2, 125.9, 1.230
[08:59:24] 157.4, 125.8, 1.229
[08:59:25] 157.3, 125.8, 1.235
[08:59:26] 157.3, 125.9, 1.231
[08:59:27] 157.3, 125.9, 1.229
[08:59:28] 157.2, 125.9, 1.263
[08:59:29] 157.2, 125.9, 1.229
[08:59:30] 157.1, 125.9, 1.274
[08:59:31] 157.4, 125.9, 1.282
[08:59:32] 158.0, 125.9, 1.284
[08:59:33] 158.5, 125.9, 1.271
[08:59:34] 159.0, 125.9, 1.271
[08:59:35] 159.2, 126.0, 1.238
[08:59:36] 158.8, 126.0, 1.225
[08:59:37] 158.6, 126.0, 1.230
[08:59:38] 158.3, 125.9, 1.229
[08:59:39] 158.2, 126.0, 1.232
[08:59:40] 158.0, 126.0, 1.234
[08:59:41] 157.8, 126.0, 1.279
[08:59:42] 157.9, 126.0, 1.231
[08:59:43] 157.8, 126.0, 1.263
[08:59:44] 157.7, 126.1, 1.227
[08:59:45] 157.5, 126.0, 1.224
[08:59:46] 157.5, 125.9, 1.229
[08:59:47] 157.4, 126.0, 1.232
[08:59:48] 157.3, 125.9, 1.236
[08:59:49] 157.4, 126.0, 1.270
[08:59:50] 157.9, 126.0, 1.239
[08:59:51] 157.7, 126.0, 1.222
[08:59:52] 157.6, 126.0, 1.232
[08:59:53] 157.4, 126.0, 1.231
[08:59:54] 157.4, 126.1, 1.230
[08:59:55] 157.4, 126.0, 1.237
[08:59:56] 157.3, 126.0, 1.280
[08:59:57] 157.5, 126.0, 1.232
[08:59:58] 157.4, 126.0, 1.264
[08:59:59] 157.3, 126.0, 1.230
[09:00:00] 157.2, 126.0, 1.224
[09:00:01] 157.2, 126.0, 1.230
[09:00:02] 157.2, 126.0, 1.231
[09:00:03] 157.1, 126.0, 1.231
[09:00:04] 157.1, 126.0, 1.269
[09:00:05] 157.7, 125.9, 1.271
[09:00:06] 158.2, 126.0, 1.231
[09:00:07] 158.1, 126.0, 1.262
[09:00:08] 157.9, 126.0, 1.228
[09:00:09] 157.7, 126.0, 1.223
[09:00:10] 157.6, 126.0, 1.227
[09:00:11] 157.5, 126.0, 1.233
[09:00:12] 157.4, 125.9, 1.235
[09:00:13] 157.4, 126.0, 1.232
[09:00:14] 157.5, 125.9, 1.231
[09:00:15] 157.4, 125.9, 1.239
[09:00:16] 157.3, 126.0, 1.274
[09:00:17] 157.3, 126.0, 1.231
[09:00:18] 157.3, 126.0, 1.226
[09:00:19] 157.2, 125.8, 1.232
[09:00:20] 157.1, 125.9, 1.280
[09:00:21] 157.7, 125.9, 1.230
[09:00:22] 157.6, 125.9, 1.262
[09:00:23] 157.5, 125.9, 1.231
[09:00:24] 157.3, 125.9, 1.227
[09:00:25] 157.4, 125.9, 1.231
[09:00:26] 157.3, 125.9, 1.233
[09:00:27] 157.2, 125.9, 1.230
[09:00:28] 157.3, 125.9, 1.233
[09:00:29] 157.4, 125.9, 1.229
[09:00:30] 157.3, 126.0, 1.236
[09:00:31] 157.2, 126.0, 1.279
[09:00:32] 157.3, 125.9, 1.233
[09:00:33] 157.2, 125.9, 1.229
[09:00:34] 157.1, 125.9, 1.230
[09:00:35] 157.1, 125.9, 1.278
[09:00:36] 157.6, 125.9, 1.271
[09:00:37] 158.1, 126.0, 1.285
[09:00:38] 158.7, 125.9, 1.272
[09:00:39] 159.1, 125.9, 1.283
[09:00:40] 159.4, 125.9, 1.281
[09:00:41] 159.8, 125.9, 1.271
[09:00:42] 160.1, 125.9, 1.272
[09:00:43] 160.2, 125.9, 1.272
[09:00:44] 160.4, 125.9, 1.231
[09:00:45] 160.0, 125.9, 1.256
[09:00:46] 159.6, 125.9, 1.236
[09:00:47] 159.2, 125.9, 1.226
[09:00:48] 158.9, 125.9, 1.225
[09:00:49] 158.6, 126.0, 1.230
[09:00:50] 158.4, 126.0, 1.230
[09:00:51] 158.2, 126.0, 1.226
[09:00:52] 158.3, 126.0, 1.228
[09:00:53] 158.1, 125.9, 1.232
[09:00:54] 158.0, 126.0, 1.281
[09:00:55] 157.9, 126.0, 1.236
[09:00:56] 157.7, 126.0, 1.224
[09:00:57] 157.6, 125.9, 1.232
[09:00:58] 157.5, 125.9, 1.283
[09:00:59] 158.0, 125.9, 1.234
[09:01:00] 157.9, 125.9, 1.259
[09:01:01] 157.8, 125.9, 1.233
[09:01:02] 157.6, 125.9, 1.225
[09:01:03] 157.6, 125.9, 1.229
[09:01:04] 157.5, 125.9, 1.233
[09:01:05] 157.4, 125.9, 1.235
[09:01:06] 157.4, 125.9, 1.232
[09:01:07] 157.5, 125.9, 1.230
[09:01:08] 157.4, 125.9, 1.234
[09:01:09] 157.4, 126.0, 1.281
[09:01:10] 157.4, 125.9, 1.236
[09:01:11] 157.2, 126.0, 1.223
[09:01:12] 157.2, 125.9, 1.231
[09:01:13] 157.1, 125.9, 1.286
[09:01:14] 157.7, 126.0, 1.271
[09:01:15] 158.2, 125.9, 1.231
[09:01:16] 158.2, 125.9, 1.228
[09:01:17] 158.0, 125.9, 1.242
[09:01:18] 157.8, 126.0, 1.276
[09:01:19] 157.8, 125.9, 1.232
[09:01:20] 157.6, 125.9, 1.229
[09:01:21] 157.5, 126.0, 1.232
[09:01:22] 157.4, 125.9, 1.227
[09:01:23] 157.6, 126.1, 1.228
[09:01:24] 157.4, 126.0, 1.230
[09:01:25] 157.4, 126.0, 1.239
[09:01:26] 157.4, 126.0, 1.236
[09:01:27] 157.3, 126.0, 1.245
[09:01:28] 157.3, 126.0, 1.228
[09:01:29] 157.2, 126.0, 1.273
[09:01:30] 157.6, 126.0, 1.229
[09:01:31] 157.6, 126.0, 1.231
[09:01:32] 157.5, 126.0, 1.234
[09:01:33] 157.4, 125.9, 1.282
[09:01:34] 157.5, 125.9, 1.237
[09:01:35] 157.3, 125.9, 1.227
[09:01:36] 157.3, 126.0, 1.231
[09:01:37] 157.2, 126.0, 1.228
[09:01:38] 157.4, 126.0, 1.228
[09:01:39] 157.3, 125.9, 1.233
[09:01:40] 157.2, 126.0, 1.231
[09:01:41] 157.3, 126.0, 1.231
[09:01:42] 157.2, 126.0, 1.239
[09:01:43] 157.1, 125.9, 1.228
[09:01:44] 157.0, 125.8, 1.272
[09:01:45] 157.5, 125.9, 1.286
[09:01:46] 158.0, 125.9, 1.276
[09:01:47] 158.5, 125.8, 1.273
[09:01:48] 158.9, 125.8, 1.272
[09:01:49] 159.1, 125.8, 1.240
[09:01:50] 158.8, 125.8, 1.225
[09:01:51] 158.5, 125.8, 1.230
[09:01:52] 158.3, 125.8, 1.230
[09:01:53] 158.2, 125.8, 1.231
[09:01:54] 158.0, 125.9, 1.238
[09:01:55] 157.9, 125.9, 1.282
[09:01:56] 158.0, 125.8, 1.231
[09:01:57] 157.9, 125.9, 1.263
[09:01:58] 157.7, 125.9, 1.228
[09:01:59] 157.6, 125.9, 1.223
[09:02:00] 157.6, 125.9, 1.230
[09:02:01] 157.4, 125.9, 1.231
[09:02:02] 157.4, 125.8, 1.240
[09:02:03] 157.4, 125.8, 1.271
[09:02:04] 157.9, 125.9, 1.238
[09:02:05] 157.7, 125.9, 1.224
[09:02:06] 157.6, 126.0, 1.229
[09:02:07] 157.5, 125.9, 1.232
[09:02:08] 157.5, 125.9, 1.230
[09:02:09] 157.4, 125.9, 1.238
[09:02:10] 157.3, 125.9, 1.281
[09:02:11] 157.5, 125.8, 1.233
[09:02:12] 157.4, 125.9, 1.243
[09:02:13] 157.4, 125.8, 1.230
[09:02:14] 157.3, 125.8, 1.226
[09:02:15] 157.3, 125.9, 1.231
[09:02:16] 157.2, 125.8, 1.234
[09:02:17] 157.2, 125.8, 1.250
[09:02:18] 157.2, 125.9, 1.271
[09:02:19] 157.8, 125.9, 1.272
[09:02:20] 158.3, 125.9, 1.235
[09:02:21] 158.0, 125.9, 1.245
[09:02:22] 157.9, 125.9, 1.227
[09:02:23] 157.7, 125.9, 1.227
[09:02:24] 157.7, 125.9, 1.233
[09:02:25] 157.5, 125.9, 1.231
[09:02:26] 157.4, 125.9, 1.266
[09:02:27] 157.5, 125.9, 1.232
[09:02:28] 157.5, 125.8, 1.244
[09:02:29] 157.4, 125.9, 1.238
[09:02:30] 157.3, 125.9, 1.234
[09:02:31] 157.3, 125.9, 1.230
[09:02:32] 157.2, 125.9, 1.229
[09:02:33] 157.2, 125.9, 1.231
[09:02:34] 157.1, 125.9, 1.271
[09:02:35] 157.7, 125.9, 1.244
[09:02:36] 157.6, 125.9, 1.231
[09:02:37] 157.5, 125.9, 1.227
[09:02:38] 157.4, 125.8, 1.230
[09:02:39] 157.4, 125.8, 1.232
[09:02:40] 157.2, 125.9, 1.232
[09:02:41] 157.2, 125.8, 1.277
[09:02:42] 157.3, 125.8, 1.230
[09:02:43] 157.3, 125.8, 1.246
[09:02:44] 157.3, 125.8, 1.238
[09:02:45] 157.2, 125.8, 1.234
[09:02:46] 157.3, 125.8, 1.230
[09:02:47] 157.1, 125.8, 1.234
[09:02:48] 157.1, 125.8, 1.231
[09:02:49] 157.1, 125.8, 1.272
[09:02:50] 157.7, 125.8, 1.273
[09:02:51] 158.2, 125.8, 1.280
[09:02:52] 158.7, 125.8, 1.273
[09:02:53] 159.0, 125.8, 1.277
[09:02:54] 159.4, 125.8, 1.286
[09:02:55] 159.8, 125.8, 1.272
[09:02:56] 160.0, 125.9, 1.272
[09:02:57] 160.2, 125.9, 1.272
[09:02:58] 160.3, 125.9, 1.282
[09:02:59] 160.6, 125.9, 1.283
[09:03:00] 160.8, 125.8, 1.283
[09:03:01] 161.1, 125.8, 1.271
[09:03:02] 161.2, 125.8, 1.272
[09:03:03] 161.2, 125.8, 1.272
[09:03:04] 161.2, 125.9, 1.271
[09:03:05] 161.3, 125.9, 1.272
[09:03:06] 161.2, 125.9, 1.271
[09:03:07] 161.3, 125.8, 1.235
[09:03:08] 160.8, 125.8, 1.230
[09:03:09] 160.3, 125.8, 1.245
[09:03:10] 159.8, 125.8, 1.256
[09:03:11] 159.5, 125.9, 1.225
[09:03:12] 159.1, 125.8, 1.233
[09:03:13] 158.8, 125.8, 1.232
[09:03:14] 158.6, 125.8, 1.225
[09:03:15] 158.6, 125.8, 1.233
[09:03:16] 158.3, 125.8, 1.231
[09:03:17] 158.1, 125.8, 1.276
[09:03:18] 158.1, 125.8, 1.243
[09:03:19] 157.8, 125.8, 1.229
[09:03:20] 157.7, 125.8, 1.232
[09:03:21] 157.5, 125.7, 1.278
[09:03:22] 157.9, 125.8, 1.232
[09:03:23] 157.9, 125.7, 1.232
[09:03:24] 157.8, 125.8, 1.242
[09:03:25] 157.6, 125.8, 1.252
[09:03:26] 157.6, 125.8, 1.230
[09:03:27] 157.4, 125.7, 1.232
[09:03:28] 157.3, 125.7, 1.232
[09:03:29] 157.2, 125.7, 1.230
[09:03:30] 157.5, 125.7, 1.236
[09:03:31] 157.3, 125.7, 1.232
[09:03:32] 157.3, 125.6, 1.270
[09:03:33] 157.4, 125.7, 1.246
[09:03:34] 157.2, 125.6, 1.229
[09:03:35] 157.2, 125.8, 1.231
[09:03:36] 157.1, 125.7, 1.278
[09:03:37] 157.6, 125.7, 1.276
[09:03:38] 158.2, 125.7, 1.232
[09:03:39] 158.2, 125.8, 1.231
[09:03:40] 157.9, 125.8, 1.232
[09:03:41] 157.8, 125.7, 1.281
[09:03:42] 157.8, 125.7, 1.235
[09:03:43] 157.6, 125.7, 1.227
[09:03:44] 179.9, 125.7, 1.232
[09:03:45] 156.4, 125.7, 1.227
[09:03:46] 156.7, 125.7, 1.231
[09:03:47] 156.7, 125.8, 1.234
[09:03:48] 156.7, 125.8, 1.243
[09:03:49] 156.8, 125.6, 1.242
[09:03:50] 156.7, 125.8, 1.240
[09:03:51] 156.8, 125.7, 1.230
[09:03:52] 156.7, 125.7, 1.275
[09:03:53] 157.2, 125.7, 1.233
[09:03:54] 157.3, 125.7, 1.232
[09:03:55] 157.3, 125.8, 1.244
[09:03:56] 157.2, 125.8, 1.275
[09:03:57] 157.2, 125.6, 1.267
[09:03:58] 157.4, 125.8, 1.228
[09:03:59] 157.4, 125.7, 1.234
[09:04:00] 157.2, 125.7, 1.229
[09:04:01] 157.5, 125.7, 1.232
[09:04:02] 157.3, 125.7, 1.233
[09:04:03] 157.3, 125.7, 1.239
[09:04:04] 157.4, 125.7, 1.243
[09:04:05] 157.3, 125.6, 1.243
[09:04:06] 157.2, 125.8, 1.228
[09:04:07] 157.1, 125.7, 1.277
[09:04:08] 157.6, 125.7, 1.281
[09:04:09] 158.1, 125.7, 1.280
[09:04:10] 158.5, 125.7, 1.273
[09:04:11] 158.9, 125.8, 1.271
[09:04:12] 159.2, 125.8, 1.233
[09:04:13] 158.8, 125.8, 1.229
[09:04:14] 158.6, 125.8, 1.234
[09:04:15] 158.3, 125.8, 1.235
[09:04:16] 158.2, 125.8, 1.236
[09:04:17] 158.0, 125.7, 1.243
[09:04:18] 157.8, 125.7, 1.278
[09:04:19] 158.0, 125.7, 1.243
[09:04:20] 157.8, 125.7, 1.239
[09:04:21] 157.7, 125.7, 1.229
[09:04:22] 157.5, 125.7, 1.231
[09:04:23] 157.5, 125.8, 1.233
[09:04:24] 157.4, 125.7, 1.233
[09:04:25] 157.3, 125.7, 1.272
[09:04:26] 157.5, 125.7, 1.269
[09:04:27] 157.8, 125.7, 1.232
[09:04:28] 157.7, 125.7, 1.228
[09:04:29] 157.5, 125.6, 1.234
[09:04:30] 157.4, 125.7, 1.235
[09:04:31] 157.4, 125.7, 1.240
[09:04:32] 157.4, 125.7, 1.243
[09:04:33] 157.2, 125.6, 1.280
[09:04:34] 157.5, 125.7, 1.246
[09:04:35] 157.3, 125.7, 1.228
[09:04:36] 157.2, 125.7, 1.232
[09:04:37] 157.1, 125.6, 1.234
[09:04:38] 157.2, 125.6, 1.234
[09:04:39] 157.1, 125.7, 1.233
[09:04:40] 157.1, 125.7, 1.282
[09:04:41] 157.3, 125.7, 1.279
[09:04:42] 157.8, 125.7, 1.272
[09:04:43] 158.2, 125.7, 1.240
[09:04:44] 157.9, 125.7, 1.226
[09:04:45] 157.8, 125.7, 1.231
[09:04:46] 157.7, 125.7, 1.235
[09:04:47] 157.6, 125.7, 1.233
[09:04:48] 157.5, 125.6, 1.240
[09:04:49] 157.4, 125.7, 1.280
[09:04:50] 157.6, 125.7, 1.234
[09:04:51] 157.5, 125.7, 1.263
[09:04:52] 157.4, 125.7, 1.230
[09:04:53] 157.3, 125.8, 1.229
[09:04:54] 157.3, 125.8, 1.230
[09:04:55] 157.2, 125.7, 1.235
[09:04:56] 157.1, 125.7, 1.245
[09:04:57] 157.2, 125.7, 1.271
[09:04:58] 157.7, 125.7, 1.242
[09:04:59] 157.5, 125.7, 1.222
[09:05:00] 157.5, 125.8, 1.234
[09:05:01] 157.3, 125.7, 1.229
[09:05:02] 157.3, 125.7, 1.233
[09:05:03] 157.3, 125.7, 1.244
[09:05:04] 157.2, 125.7, 1.280
[09:05:05] 157.4, 125.7, 1.236
[09:05:06] 157.4, 125.7, 1.252
[09:05:07] 157.3, 125.6, 1.231
[09:05:08] 157.2, 125.7, 1.231
[09:05:09] 157.2, 125.7, 1.235
[09:05:10] 157.1, 125.6, 1.232
[09:05:11] 157.1, 125.6, 1.279
[09:05:12] 157.2, 125.6, 1.277
[09:05:13] 157.8, 125.7, 1.274
[09:05:14] 158.3, 125.7, 1.285
[09:05:15] 158.8, 125.6, 1.274
[09:05:16] 159.1, 125.6, 1.282
[09:05:17] 159.5, 125.6, 1.291
[09:05:18] 160.0, 125.6, 1.275
[09:05:19] 160.2, 125.6, 1.274
[09:05:20] 160.3, 125.6, 1.268
[09:05:21] 160.3, 125.7, 1.230
[09:05:22] 159.8, 125.7, 1.226
[09:05:23] 159.4, 125.7, 1.234
[09:05:24] 159.1, 125.7, 1.231
[09:05:25] 158.9, 125.7, 1.243
[09:05:26] 158.7, 125.7, 1.241
[09:05:27] 158.4, 125.7, 1.279
[09:05:28] 158.5, 125.8, 1.245
[09:05:29] 158.2, 125.7, 1.228
[09:05:30] 158.0, 125.7, 1.233
[09:05:31] 157.8, 125.7, 1.231
[09:05:32] 157.8, 125.7, 1.234
[09:05:33] 157.6, 125.6, 1.231
[09:05:34] 157.5, 125.6, 1.285
[09:05:35] 157.6, 125.6, 1.253
[09:05:36] 157.9, 125.6, 1.233
[09:05:37] 157.8, 125.6, 1.234
[09:05:38] 157.6, 125.7, 1.235
[09:05:39] 157.5, 125.7, 1.234
[09:05:40] 157.5, 125.7, 1.261
[09:05:41] 157.5, 125.7, 1.232
[09:05:42] 157.3, 125.7, 1.276
[09:05:43] 157.6, 125.7, 1.242
[09:05:44] 157.4, 125.7, 1.227
[09:05:45] 157.3, 125.8, 1.233
[09:05:46] 157.3, 125.7, 1.231
[09:05:47] 157.3, 125.7, 1.231
[09:05:48] 157.2, 125.7, 1.242
[09:05:49] 157.1, 125.8, 1.281
[09:05:50] 157.3, 125.7, 1.284
[09:05:51] 158.0, 125.8, 1.266
[09:05:52] 158.2, 125.7, 1.231
[09:05:53] 158.0, 125.8, 1.230
[09:05:54] 157.9, 125.8, 1.235
[09:05:55] 157.7, 125.8, 1.232
[09:05:56] 157.7, 125.7, 1.235
[09:05:57] 157.6, 125.8, 1.243
[09:05:58] 157.4, 125.8, 1.278
[09:05:59] 157.7, 125.8, 1.241
[09:06:00] 157.5, 125.7, 1.234
[09:06:01] 157.4, 125.7, 1.227
[09:06:02] 157.3, 125.7, 1.231
[09:06:03] 157.3, 125.7, 1.234
[09:06:04] 157.2, 125.7, 1.235
[09:06:05] 157.2, 125.7, 1.284
[09:06:06] 157.4, 125.6, 1.251
[09:06:07] 157.7, 125.7, 1.231
[09:06:08] 157.5, 125.7, 1.231
[09:06:09] 157.5, 125.7, 1.234
[09:06:10] 157.3, 125.7, 1.232
[09:06:11] 157.4, 125.7, 1.263
[09:06:12] 157.3, 125.7, 1.232
[09:06:13] 157.2, 125.7, 1.277
[09:06:14] 157.5, 125.8, 1.239
[09:06:15] 157.3, 125.8, 1.228
[09:06:16] 157.3, 125.7, 1.232
[09:06:17] 157.2, 125.7, 1.233
[09:06:18] 157.2, 125.7, 1.233
[09:06:19] 157.2, 125.8, 1.245
[09:06:20] 157.1, 125.7, 1.279
[09:06:21] 157.3, 125.7, 1.280
[09:06:22] 157.9, 125.7, 1.276
[09:06:23] 158.4, 125.8, 1.272
[09:06:24] 158.9, 125.8, 1.272
[09:06:25] 159.2, 125.8, 1.235
[09:06:26] 158.9, 125.8, 1.250
[09:06:27] 158.6, 125.8, 1.228
[09:06:28] 158.3, 125.8, 1.232
[09:06:29] 158.3, 125.8, 1.234
[09:06:30] 158.0, 125.8, 1.234
[09:06:31] 157.9, 125.8, 1.265
[09:06:32] 157.9, 125.8, 1.231
[09:06:33] 157.9, 125.8, 1.239
[09:06:34] 157.8, 125.8, 1.242
[09:06:35] 157.6, 125.8, 1.240
[09:06:36] 157.6, 125.7, 1.228
[09:06:37] 157.4, 125.7, 1.235
[09:06:38] 157.4, 125.8, 1.234
[09:06:39] 157.3, 125.8, 1.271
[09:06:40] 157.9, 125.8, 1.245
[09:06:41] 157.7, 125.8, 1.228
[09:06:42] 157.6, 125.8, 1.230
[09:06:43] 157.5, 125.8, 1.230
[09:06:44] 157.5, 125.8, 1.231
[09:06:45] 157.3, 125.8, 1.233
[09:06:46] 157.3, 125.7, 1.283
[09:06:47] 157.4, 125.7, 1.231
[09:06:48] 157.4, 125.7, 1.265
[09:06:49] 157.3, 125.7, 1.229
[09:06:50] 157.2, 125.7, 1.226
[09:06:51] 157.2, 125.8, 1.233
[09:06:52] 157.2, 125.8, 1.231
[09:06:53] 157.1, 125.8, 1.240
[09:06:54] 157.2, 125.8, 1.272
[09:06:55] 157.8, 125.7, 1.274
[09:06:56] 158.2, 125.7, 1.236
[09:06:57] 158.1, 125.7, 1.249
[09:06:58] 157.9, 125.7, 1.229
[09:06:59] 157.7, 125.7, 1.231
[09:07:00] 157.7, 125.6, 1.236
[09:07:01] 157.5, 125.7, 1.231
[09:07:02] 157.5, 125.7, 1.276
[09:07:03] 157.5, 125.6, 1.233
[09:07:04] 157.5, 125.7, 1.248
[09:07:05] 157.5, 125.6, 1.241
[09:07:06] 157.3, 125.7, 1.236
[09:07:07] 157.4, 125.7, 1.230
[09:07:08] 157.2, 125.7, 1.234
[09:07:09] 157.2, 125.7, 1.234
[09:07:10] 157.2, 125.7, 1.272
[09:07:11] 157.8, 125.6, 1.244
[09:07:12] 157.6, 125.6, 1.226
[09:07:13] 157.5, 125.6, 1.235
[09:07:14] 157.4, 125.6, 1.232
[09:07:15] 157.4, 125.6, 1.232
[09:07:16] 157.3, 125.6, 1.240
[09:07:17] 157.2, 125.5, 1.283
[09:07:18] 157.4, 125.6, 1.236
[09:07:19] 157.4, 125.6, 1.263
[09:07:20] 157.3, 125.6, 1.230
[09:07:21] 157.2, 125.6, 1.234
[09:07:22] 157.3, 125.7, 1.232
[09:07:23] 157.2, 125.6, 1.238
[09:07:24] 157.2, 125.7, 1.285
[09:07:25] 157.4, 125.7, 1.282
[09:07:26] 185.4, 125.7, 1.286
[09:07:27] 162.0, 125.7, 1.274
[09:07:28] 162.0, 125.6, 1.274
[09:07:29] 161.9, 125.7, 1.284
[09:07:30] 162.0, 125.7, 1.275
[09:07:31] 162.0, 125.7, 1.275
[09:07:32] 161.9, 125.7, 1.275
[09:07:33] 161.9, 125.6, 1.282
[09:07:34] 161.9, 125.6, 1.282
[09:07:35] 161.9, 125.6, 1.281
[09:07:36] 161.9, 125.6, 1.283
[09:07:37] 162.0, 125.6, 1.275
[09:07:38] 161.9, 125.6, 1.274
[09:07:39] 161.8, 125.6, 1.275
[09:07:40] 161.8, 125.6, 1.274
[09:07:41] 161.7, 125.6, 1.274
[09:07:42] 161.7, 125.6, 1.275
[09:07:43] 161.7, 125.6, 1.287
[09:07:44] 161.8, 125.6, 1.286
[09:07:45] 161.9, 125.6, 1.285
[09:07:46] 162.0, 125.6, 1.288
[09:07:47] 162.1, 125.7, 1.288
[09:07:48] 162.3, 125.7, 1.289
[09:07:49] 162.4, 125.7, 1.288
[09:07:50] 162.4, 125.7, 1.274
[09:07:51] 162.3, 125.7, 1.273
[09:07:52] 162.1, 125.7, 1.274
[09:07:53] 162.1, 125.6, 1.274
[09:07:54] 162.0, 125.7, 1.273
[09:07:55] 161.9, 125.7, 1.274
[09:07:56] 161.8, 125.7, 1.272
[09:07:57] 161.7, 125.6, 1.274
[09:07:58] 161.7, 125.7, 1.273
[09:07:59] 161.6, 125.7, 1.273
[09:08:00] 161.5, 125.6, 1.272
[09:08:01] 161.5, 125.7, 1.270
[09:08:02] 161.4, 125.7, 1.271
[09:08:03] 161.4, 125.6, 1.271
[09:08:04] 161.3, 125.7, 1.271
[09:08:05] 161.3, 125.7, 1.274
[09:08:06] 161.3, 125.7, 1.395
[09:08:07] 169.1, 125.7, 1.323
[09:08:08] 169.4, 125.7, 1.109
[09:08:09] 151.7, 125.7, 1.095
[09:08:10] 139.4, 125.7, 1.093
[09:08:11] 139.3, 125.6, 1.096
[09:08:12] 139.3, 125.7, 1.098
[09:08:13] 139.2, 125.5, 2.259
[09:08:14] 233.5, 125.7, 1.041
[09:08:15] 182.3, 125.7, 1.098
[09:08:16] 139.2, 125.7, 1.098
[09:08:17] 139.2, 125.6, 1.098
[09:08:18] 139.2, 125.6, 1.096
[09:08:19] 139.2, 125.6, 2.349
[09:08:20] 269.2, 125.6, 2.022
[09:08:21] 268.7, 125.6, 1.098
[09:08:22] 143.7, 125.7, 1.094
[09:08:23] 143.1, 125.7, 1.096
[09:08:24] 142.6, 125.8, 1.102
[09:08:25] 142.1, 125.5, 3.436
[09:08:26] 190.4, 125.6, 2.391
[09:08:27] 282.8, 125.6, 2.233
[09:08:28] 294.3, 125.6, 2.408
[09:08:29] 280.8, 125.8, 1.095
[09:08:30] 156.2, 125.7, 1.101
[09:08:31] 139.4, 125.7, 1.101
[09:08:32] 139.3, 125.8, 1.090
[09:08:33] 139.3, 125.8, 1.097
[09:08:34] 176.7, 125.6, 2.295
[09:08:35] 285.5, 125.6, 2.240
[09:08:36] 285.9, 125.6, 2.452
[09:08:37] 294.0, 125.6, 2.201
[09:08:38] 294.3, 125.6, 2.444
[09:08:39] 294.0, 125.6, 2.323
[09:08:40] 294.5, 125.7, 1.099
[09:08:41] 158.9, 125.8, 1.100
[09:08:42] 139.4, 125.8, 1.097
[09:08:43] 139.4, 125.8, 1.097
[09:08:44] 139.3, 125.7, 1.097
[09:08:45] 139.4, 125.6, 2.263
[09:08:46] 293.3, 125.5, 2.442
[09:08:47] 293.0, 125.6, 2.192
[09:08:48] 293.3, 125.5, 2.456
[09:08:49] 293.2, 125.5, 2.271
[09:08:50] 293.8, 125.6, 2.379
[09:08:51] 293.5, 125.6, 2.406
[09:08:52] 293.9, 125.6, 2.210
[09:08:53] 294.0, 125.5, 2.456
[09:08:54] 293.9, 125.6, 2.232
[09:08:55] 294.4, 125.6, 2.423
[09:08:56] 294.1, 125.6, 2.365
[09:08:57] 294.6, 125.8, 1.277
[09:08:58] 211.1, 125.8, 1.101
[09:08:59] 140.1, 125.9, 1.100
[09:09:00] 140.0, 125.8, 1.099
[09:09:01] 140.0, 125.8, 1.101
