<<<[05:59:10] 141.8, 126.2, 1.105
[05:59:11] 141.8, 126.3, 1.109
[05:59:12] 141.6, 126.2, 1.113
[05:59:13] 141.5, 126.3, 1.300
[05:59:14] 151.3, 126.3, 1.226
[05:59:15] 158.0, 126.3, 1.272
[05:59:16] 158.4, 126.3, 1.267
[05:59:17] 158.7, 126.3, 1.256
[05:59:18] 159.0, 126.2, 1.254
[05:59:19] 159.1, 126.3, 1.258
[05:59:20] 159.3, 126.3, 1.248
[05:59:21] 159.2, 126.3, 1.238
[05:59:22] 159.1, 126.4, 1.103
[05:59:23] 146.1, 126.3, 1.109
[05:59:24] 140.5, 126.3, 1.108
[05:59:25] 140.5, 126.3, 1.113
[05:59:26] 140.6, 126.2, 1.100
[05:59:27] 140.6, 126.3, 1.080
[05:59:28] 167.6, 126.3, 1.095
[05:59:29] 139.4, 126.3, 1.105
[05:59:30] 139.4, 126.3, 1.093
[05:59:31] 139.5, 126.3, 1.099
[05:59:32] 139.4, 126.3, 1.077
[05:59:33] 166.0, 126.2, 1.098
[05:59:34] 139.6, 126.3, 1.092
[05:59:35] 139.6, 126.3, 1.095
[05:59:36] 139.5, 126.3, 1.094
[05:59:37] 139.5, 126.3, 1.084
[05:59:38] 166.2, 126.3, 1.093
[05:59:39] 139.6, 126.3, 1.098
[05:59:40] 139.5, 126.3, 1.093
[05:59:41] 139.5, 126.2, 1.102
[05:59:42] 139.5, 126.2, 1.045
[05:59:43] 174.2, 126.2, 1.037
[05:59:44] 133.1, 126.3, 1.098
[05:59:45] 139.4, 126.3, 1.096
[05:59:46] 139.4, 126.2, 1.097
[05:59:47] 139.4, 126.4, 1.060
[05:59:48] 174.9, 126.2, 1.032
[05:59:49] 132.3, 126.3, 1.097
[05:59:50] 139.6, 126.3, 1.092
[05:59:51] 139.5, 126.3, 1.094
[05:59:52] 139.5, 126.2, 1.566
[05:59:53] 189.5, 126.3, 1.035
[05:59:54] 130.7, 126.2, 1.093
[05:59:55] 139.6, 126.2, 1.094
[05:59:56] 139.5, 126.3, 1.089
[05:59:57] 139.5, 126.2, 1.941
[05:59:58] 198.4, 126.3, 1.032
[05:59:59] 135.1, 126.3, 1.092
[06:00:00] 135.5, 126.3, 1.090
[06:00:01] 136.0, 126.3, 1.092
[06:00:02] 136.4, 126.0, 3.311
[06:00:03] 182.7, 126.3, 1.066
[06:00:04] 189.5, 126.2, 1.090
[06:00:05] 136.9, 126.2, 1.098
[06:00:06] 137.1, 126.2, 1.092
[06:00:07] 137.5, 126.2, 1.098
[06:00:08] 137.8, 126.1, 2.052
[06:00:09] 237.1, 126.2, 1.077
[06:00:10] 194.8, 126.3, 1.094
[06:00:11] 139.8, 126.3, 1.099
[06:00:12] 139.7, 126.3, 1.093
[06:00:13] 139.7, 126.3, 1.101
[06:00:14] 139.7, 126.2, 2.048
[06:00:15] 232.4, 126.2, 2.008
[06:00:16] 256.0, 126.3, 1.142
[06:00:17] 206.6, 126.3, 1.104
[06:00:18] 140.1, 126.3, 1.094
[06:00:19] 140.0, 126.3, 1.096
[06:00:20] 139.9, 126.3, 1.091
[06:00:21] 139.8, 126.2, 2.004
[06:00:22] 224.5, 126.2, 2.013
[06:00:23] 254.9, 126.1, 2.070
[06:00:24] 263.2, 126.1, 2.078
[06:00:25] 263.2, 126.2, 1.596
[06:00:26] 229.7, 126.3, 1.094
[06:00:27] 138.7, 126.2, 1.111
[06:00:28] 138.8, 126.2, 1.095
[06:00:29] 138.9, 126.2, 1.100
[06:00:30] 139.0, 126.0, 2.125
[06:00:31] 205.3, 126.1, 2.016
[06:00:32] 256.0, 126.0, 2.081
[06:00:33] 262.8, 126.0, 2.083
[06:00:34] 262.9, 125.9, 2.083
[06:00:35] 263.0, 126.1, 2.083
[06:00:36] 263.1, 126.0, 2.084
[06:00:37] 263.2, 126.1, 2.081
[06:00:38] 263.3, 126.1, 2.084
[06:00:39] 255.6, 126.3, 1.103
[06:00:40] 143.9, 126.2, 1.095
[06:00:41] 143.3, 126.3, 1.097
[06:00:42] 142.9, 126.3, 1.092
[06:00:43] 142.5, 126.3, 1.098
[06:00:44] 175.8, 126.2, 2.020
[06:00:45] 252.9, 126.2, 2.068
[06:00:46] 260.0, 126.2, 2.082
[06:00:47] 260.4, 126.1, 2.076
[06:00:48] 260.9, 126.1, 2.080
[06:00:49] 261.2, 126.1, 2.075
[06:00:50] 261.5, 126.1, 2.085
[06:00:51] 261.8, 126.1, 2.085
[06:00:52] 262.1, 126.1, 2.083
[06:00:53] 262.3, 126.1, 2.084
[06:00:54] 262.6, 126.1, 2.084
[06:00:55] 262.8, 126.1, 2.086
[06:00:56] 262.9, 126.1, 2.088
[06:00:57] 263.0, 126.1, 2.085
[06:00:58] 263.2, 126.1, 2.089
[06:00:59] 263.4, 126.1, 2.084
[06:01:00] 263.5, 126.2, 1.122
[06:01:01] 196.4, 126.2, 1.099
[06:01:02] 139.9, 126.2, 1.092
[06:01:03] 139.8, 126.2, 1.092
[06:01:04] 139.8, 126.2, 1.097
