<<<[07:44:17] 142.1, 125.6, 1.115
[07:44:18] 142.0, 125.6, 1.116
[07:44:19] 141.8, 125.6, 1.108
[07:44:20] 141.7, 125.6, 1.117
[07:44:21] 146.8, 125.6, 1.116
[07:44:22] 141.0, 125.6, 1.114
[07:44:23] 141.0, 125.6, 1.116
[07:44:24] 141.1, 125.6, 1.125
[07:44:25] 141.2, 125.6, 1.738
[07:44:26] 171.1, 125.6, 1.113
[07:44:27] 141.2, 125.6, 1.114
[07:44:28] 141.2, 125.5, 1.113
[07:44:29] 141.1, 125.6, 1.110
[07:44:30] 141.1, 125.5, 1.731
[07:44:31] 168.9, 125.6, 1.113
[07:44:32] 140.7, 125.6, 1.114
[07:44:33] 140.8, 125.6, 1.118
[07:44:34] 140.9, 125.7, 1.112
[07:44:35] 140.9, 125.5, 1.726
[07:44:36] 168.4, 125.6, 1.108
[07:44:37] 139.9, 125.7, 1.102
[07:44:38] 139.8, 125.7, 1.105
[07:44:39] 139.9, 125.7, 1.101
[07:44:40] 139.9, 125.6, 1.732
[07:44:41] 167.8, 125.7, 1.106
[07:44:42] 139.9, 125.7, 1.106
[07:44:43] 139.9, 125.6, 1.109
[07:44:44] 139.9, 125.7, 1.111
[07:44:45] 140.0, 125.6, 1.715
[07:44:46] 167.6, 125.7, 1.104
[07:44:47] 139.8, 125.7, 1.098
[07:44:48] 139.8, 125.7, 1.098
[07:44:49] 139.8, 125.7, 1.103
[07:44:50] 139.8, 125.6, 1.719
[07:44:51] 166.7, 125.8, 1.103
[07:44:52] 139.6, 125.7, 1.107
[07:44:53] 139.6, 125.7, 1.105
[07:44:54] 139.7, 125.7, 1.105
[07:44:55] 139.7, 125.6, 1.712
[07:44:56] 166.0, 125.7, 1.104
[07:44:57] 139.8, 125.7, 1.100
[07:44:58] 139.8, 125.7, 1.098
[07:44:59] 139.7, 125.7, 1.099
[07:45:00] 139.7, 125.6, 2.693
[07:45:01] 177.0, 125.7, 1.040
[07:45:02] 132.5, 125.6, 1.108
[07:45:03] 137.9, 125.7, 1.108
[07:45:04] 138.1, 125.7, 1.104
[07:45:05] 138.3, 125.6, 3.024
[07:45:06] 175.4, 125.7, 1.038
[07:45:07] 131.8, 125.7, 1.097
[07:45:08] 137.4, 125.7, 1.098
[07:45:09] 137.6, 125.7, 1.098
[07:45:10] 137.8, 125.5, 2.601
[07:45:11] 173.4, 125.7, 1.029
[07:45:12] 143.6, 125.8, 1.093
[07:45:13] 137.0, 125.7, 1.090
[07:45:14] 137.3, 125.8, 1.105
[07:45:15] 137.6, 125.8, 1.102
[07:45:16] 146.3, 125.8, 0.997
[07:45:17] 191.3, 125.7, 1.103
[07:45:18] 135.2, 125.8, 1.105
[07:45:19] 135.7, 125.8, 1.099
[07:45:20] 136.2, 125.8, 1.099
[07:45:21] 136.6, 125.7, 1.780
[07:45:22] 210.7, 125.8, 1.058
[07:45:23] 161.1, 125.8, 1.107
[07:45:24] 139.9, 125.8, 1.099
[07:45:25] 139.8, 125.8, 1.099
[07:45:26] 139.8, 125.8, 1.099
[07:45:27] 139.7, 125.7, 1.745
[07:45:28] 234.2, 125.7, 1.632
[07:45:29] 199.1, 125.8, 1.100
[07:45:30] 139.4, 125.8, 1.100
[07:45:31] 139.4, 125.7, 1.104
[07:45:32] 139.4, 125.8, 1.106
[07:45:33] 139.4, 125.8, 1.734
[07:45:34] 200.4, 125.8, 1.748
[07:45:35] 221.0, 125.7, 1.811
[07:45:36] 229.0, 125.8, 1.075
[07:45:37] 187.5, 125.8, 1.101
[07:45:38] 139.6, 125.8, 1.105
[07:45:39] 139.6, 125.8, 1.099
[07:45:40] 139.6, 125.8, 1.094
[07:45:41] 139.6, 125.7, 1.787
[07:45:42] 214.2, 125.7, 1.747
[07:45:43] 221.9, 125.7, 1.812
[07:45:44] 229.4, 125.6, 1.812
[07:45:45] 229.3, 125.7, 1.813
[07:45:46] 229.3, 125.7, 1.813
[07:45:47] 229.2, 125.8, 1.097
[07:45:48] 153.7, 125.8, 1.100
[07:45:49] 139.6, 125.7, 1.102
[07:45:50] 139.6, 125.8, 1.108
[07:45:51] 139.6, 125.8, 1.097
[07:45:52] 154.8, 125.7, 1.751
[07:45:53] 227.4, 125.6, 1.814
[07:45:54] 227.0, 125.6, 1.815
[07:45:55] 227.3, 125.6, 1.815
[07:45:56] 227.6, 125.5, 1.817
[07:45:57] 227.8, 125.6, 1.817
[07:45:58] 228.0, 125.6, 1.817
[07:45:59] 228.2, 125.6, 1.818
[07:46:00] 228.4, 125.6, 1.819
[07:46:01] 228.5, 125.6, 1.817
[07:46:02] 228.7, 125.6, 1.820
[07:46:03] 228.8, 125.7, 1.109
[07:46:04] 163.1, 125.8, 1.100
[07:46:05] 139.8, 125.8, 1.102
[07:46:06] 139.8, 125.8, 1.100
[07:46:07] 139.8, 125.7, 1.102
