<<<[17:08:28] 140.9, 125.2, 1.132
[17:08:29] 141.0, 125.2, 1.129
[17:08:30] 141.3, 125.2, 1.160
[17:08:31] 141.7, 125.2, 1.237
[17:08:32] 151.5, 125.2, 1.277
[17:08:33] 159.7, 125.2, 1.274
[17:08:34] 159.7, 125.2, 1.273
[17:08:35] 159.8, 125.2, 1.274
[17:08:36] 159.9, 125.2, 1.279
[17:08:37] 159.8, 125.2, 1.275
[17:08:38] 159.9, 125.1, 1.277
[17:08:39] 159.9, 125.1, 1.272
[17:08:40] 160.0, 125.1, 1.274
[17:08:41] 159.9, 125.1, 1.275
[17:08:42] 160.0, 125.0, 1.274
[17:08:43] 160.0, 125.1, 1.269
[17:08:44] 160.0, 125.1, 1.276
[17:08:45] 159.9, 125.1, 1.270
[17:08:46] 159.9, 125.1, 1.271
[17:08:47] 159.9, 125.1, 1.278
[17:08:48] 159.7, 125.1, 1.230
[17:08:49] 159.7, 125.1, 1.276
[17:08:50] 159.8, 125.1, 1.268
[17:08:51] 159.8, 125.1, 1.260
[17:08:52] 159.9, 125.1, 1.251
[17:08:53] 159.6, 125.1, 1.252
[17:08:54] 159.5, 125.1, 1.304
[17:08:55] 159.5, 125.1, 1.258
[17:08:56] 159.4, 125.1, 1.273
[17:08:57] 159.3, 125.1, 1.306
[17:08:58] 159.6, 125.1, 1.257
[17:08:59] 159.4, 125.1, 1.272
[17:09:00] 159.3, 125.1, 1.240
[17:09:01] 159.4, 125.1, 1.265
[17:09:02] 159.3, 125.1, 1.249
[17:09:03] 159.1, 125.1, 1.300
[17:09:04] 164.9, 125.1, 1.264
[17:09:05] 158.6, 125.1, 1.237
[17:09:06] 158.5, 125.1, 1.255
[17:09:07] 158.4, 125.1, 1.249
[17:09:08] 158.6, 125.1, 1.294
[17:09:09] 158.6, 125.1, 1.248
[17:09:10] 158.5, 125.1, 1.244
[17:09:11] 158.9, 125.1, 1.258
[17:09:12] 158.7, 125.0, 1.252
[17:09:13] 158.8, 125.0, 1.308
[17:09:14] 158.8, 124.9, 1.247
[17:09:15] 158.7, 125.0, 1.256
[17:09:16] 158.7, 124.9, 1.313
[17:09:17] 158.9, 125.0, 1.271
[17:09:18] 164.0, 125.1, 1.251
[17:09:19] 163.7, 125.1, 1.257
[17:09:20] 158.4, 125.1, 1.257
[17:09:21] 158.2, 125.1, 1.185
[17:09:22] 148.8, 125.1, 1.192
[17:09:23] 148.9, 125.2, 1.175
[17:09:24] 148.9, 125.1, 1.151
[17:09:25] 148.6, 125.1, 1.182
[17:09:26] 175.1, 125.1, 1.045
[17:09:27] 147.4, 125.0, 1.106
[17:09:28] 136.9, 125.1, 1.104
[17:09:29] 137.2, 125.1, 1.111
[17:09:30] 137.5, 125.1, 1.111
[17:09:31] 167.8, 125.1, 1.050
[17:09:32] 148.3, 125.1, 1.106
[17:09:33] 136.0, 125.0, 1.114
[17:09:34] 136.4, 125.0, 1.110
[17:09:35] 136.9, 125.0, 1.113
[17:09:36] 154.1, 125.0, 1.047
[17:09:37] 178.3, 125.0, 1.111
[17:09:38] 135.4, 125.1, 1.111
[17:09:39] 135.9, 125.1, 1.109
[17:09:40] 136.4, 125.1, 1.108
[17:09:41] 136.8, 125.1, 1.189
[17:09:42] 209.6, 125.1, 1.106
[17:09:43] 135.1, 125.1, 1.118
[17:09:44] 135.7, 125.1, 1.112
[17:09:45] 136.2, 125.1, 1.109
[17:09:46] 136.6, 125.0, 2.217
[17:09:47] 239.7, 125.1, 1.044
[17:09:48] 139.0, 125.1, 1.109
[17:09:49] 139.1, 125.1, 1.106
[17:09:50] 139.1, 125.0, 1.103
[17:09:51] 139.2, 124.8, 3.632
[17:09:52] 191.7, 125.0, 1.729
[17:09:53] 257.2, 125.1, 1.107
[17:09:54] 135.8, 125.1, 1.103
[17:09:55] 136.3, 125.1, 1.100
[17:09:56] 136.7, 125.1, 1.103
[17:09:57] 137.1, 124.9, 3.285
[17:09:58] 205.3, 124.9, 2.356
[17:09:59] 296.2, 125.1, 1.250
[17:10:00] 231.4, 125.1, 1.108
[17:10:01] 139.9, 125.1, 1.110
[17:10:02] 139.9, 125.1, 1.108
[17:10:03] 139.9, 125.1, 1.108
[17:10:04] 139.9, 124.9, 2.322
[17:10:05] 233.2, 124.9, 2.362
[17:10:06] 295.8, 124.9, 2.426
[17:10:07] 304.1, 124.9, 2.425
[17:10:08] 304.1, 125.1, 1.102
[17:10:09] 0.0, 125.1, 1.128
[17:10:10] 140.1, 125.0, 1.115
[17:10:11] 140.0, 125.1, 1.104
[17:10:12] 140.0, 125.1, 1.103
[17:10:13] 140.0, 124.9, 2.363
[17:10:14] 293.6, 124.9, 2.413
[17:10:15] 294.2, 124.9, 2.426
[17:10:16] 303.9, 124.9, 2.421
[17:10:17] 303.9, 124.9, 2.428
[17:10:18] 304.0, 124.9, 2.427
[17:10:19] 304.1, 124.9, 2.428
[17:10:20] 304.1, 125.1, 1.336
[17:10:21] 221.0, 125.1, 1.112
[17:10:22] 140.7, 125.1, 1.118
[17:10:23] 140.6, 125.1, 1.110
[17:10:24] 140.5, 125.0, 1.108
[17:10:25] 140.5, 124.9, 2.391
[17:10:26] 258.1, 124.9, 2.365
[17:10:27] 296.3, 124.9, 2.431
[17:10:28] 304.7, 124.9, 2.427
[17:10:29] 304.6, 124.9, 2.430
[17:10:30] 304.6, 124.9, 2.430
[17:10:31] 304.6, 124.9, 2.422
[17:10:32] 304.6, 124.9, 2.430
[17:10:33] 304.6, 124.9, 2.432
[17:10:34] 304.5, 125.0, 2.433
[17:10:35] 304.6, 124.9, 2.425
[17:10:36] 304.6, 124.9, 2.431
[17:10:37] 304.7, 124.9, 2.429
[17:10:38] 304.7, 125.0, 2.429
[17:10:39] 304.7, 125.0, 2.348
[17:10:40] 275.0, 125.1, 1.104
[17:10:41] 140.3, 125.2, 1.110
[17:10:42] 140.3, 125.1, 1.106
[17:10:43] 140.3, 125.2, 1.106
