<<<[01:12:43] 140.4, 126.8, 1.101
[01:12:44] 140.6, 126.8, 1.115
[01:12:45] 140.9, 126.8, 1.125
[01:12:46] 141.3, 126.7, 1.246
[01:12:47] 155.9, 126.8, 1.269
[01:12:48] 156.3, 126.7, 1.267
[01:12:49] 156.7, 126.8, 1.259
[01:12:50] 157.2, 126.7, 1.244
[01:12:51] 157.4, 126.8, 1.243
[01:12:52] 157.7, 126.7, 1.268
[01:12:53] 157.9, 126.7, 1.244
[01:12:54] 158.2, 126.7, 1.227
[01:12:55] 158.0, 126.7, 1.245
[01:12:56] 158.0, 126.7, 1.263
[01:12:57] 158.1, 126.7, 1.267
[01:12:58] 158.5, 126.8, 1.235
[01:12:59] 158.6, 126.8, 1.252
[01:13:00] 158.9, 126.8, 1.245
[01:13:01] 159.0, 126.8, 1.263
[01:13:02] 159.3, 126.8, 1.268
[01:13:03] 159.3, 126.8, 1.229
[01:13:04] 159.4, 126.8, 1.250
[01:13:05] 159.3, 126.8, 1.256
[01:13:06] 159.2, 126.8, 1.267
[01:13:07] 159.3, 126.8, 1.214
[01:13:08] 159.1, 126.8, 1.237
[01:13:09] 159.3, 126.8, 1.230
[01:13:10] 159.2, 126.7, 1.263
[01:13:11] 159.4, 126.8, 1.217
[01:13:12] 159.4, 126.8, 1.229
[01:13:13] 159.4, 126.8, 1.247
[01:13:14] 159.2, 126.8, 1.232
[01:13:15] 159.0, 126.8, 1.233
[01:13:16] 158.9, 126.8, 1.234
[01:13:17] 158.8, 126.8, 1.265
[01:13:18] 158.8, 126.8, 1.231
[01:13:19] 158.7, 126.8, 1.232
[01:13:20] 158.5, 126.8, 1.234
[01:13:21] 158.6, 126.8, 1.224
[01:13:22] 158.4, 126.8, 1.260
[01:13:23] 158.5, 126.8, 1.225
[01:13:24] 158.7, 126.8, 1.254
[01:13:25] 158.6, 126.8, 1.233
[01:13:26] 158.5, 126.8, 1.237
[01:13:27] 158.5, 126.8, 1.236
[01:13:28] 158.4, 126.8, 1.273
[01:13:29] 158.6, 126.8, 1.224
[01:13:30] 158.4, 126.8, 1.231
[01:13:31] 158.3, 126.8, 1.229
[01:13:32] 158.3, 126.8, 1.228
[01:13:33] 158.2, 126.8, 1.240
[01:13:34] 158.3, 126.8, 1.255
[01:13:35] 158.7, 126.8, 1.231
[01:13:36] 158.9, 126.8, 1.232
[01:13:37] 158.8, 126.8, 1.229
[01:13:38] 158.5, 126.8, 1.235
[01:13:39] 158.5, 126.8, 1.232
[01:13:40] 158.5, 126.8, 1.231
[01:13:41] 158.3, 126.8, 1.233
[01:13:42] 158.4, 126.8, 1.229
[01:13:43] 158.2, 126.8, 1.235
[01:13:44] 158.2, 126.8, 1.226
[01:13:45] 158.1, 126.8, 1.233
[01:13:46] 158.1, 126.8, 1.240
[01:13:47] 158.0, 126.8, 1.267
[01:13:48] 158.2, 126.8, 1.228
[01:13:49] 158.3, 126.8, 1.244
[01:13:50] 158.3, 126.8, 1.227
[01:13:51] 158.1, 126.9, 1.219
[01:13:52] 158.1, 126.8, 1.252
[01:13:53] 158.0, 126.9, 1.228
[01:13:54] 157.9, 126.8, 1.223
[01:13:55] 158.0, 126.8, 1.227
[01:13:56] 157.9, 126.9, 1.230
[01:13:57] 157.9, 126.9, 1.224
[01:13:58] 157.9, 126.8, 1.247
[01:13:59] 157.8, 126.8, 1.228
[01:14:00] 157.7, 126.8, 1.272
[01:14:01] 158.1, 126.8, 1.262
[01:14:02] 158.6, 126.8, 1.303
[01:14:03] 159.0, 126.8, 1.260
[01:14:04] 159.4, 126.8, 1.252
[01:14:05] 159.4, 126.8, 1.235
[01:14:06] 159.3, 126.8, 1.233
[01:14:07] 159.1, 126.8, 1.233
[01:14:08] 158.9, 126.8, 1.301
[01:14:09] 159.1, 126.8, 1.161
[01:14:10] 150.6, 126.8, 1.170
[01:14:11] 150.4, 126.8, 1.170
[01:14:12] 150.3, 126.8, 1.171
[01:14:13] 150.1, 126.8, 1.159
[01:14:14] 150.0, 126.8, 1.240
[01:14:15] 204.9, 126.8, 1.104
[01:14:16] 138.9, 126.8, 1.137
[01:14:17] 139.5, 126.8, 1.110
[01:14:18] 140.0, 126.8, 1.107
[01:14:19] 140.4, 126.7, 1.725
[01:14:20] 221.9, 126.8, 1.061
[01:14:21] 135.4, 126.8, 1.139
[01:14:22] 143.9, 126.8, 1.126
[01:14:23] 143.8, 126.8, 1.113
[01:14:24] 143.7, 126.7, 3.130
[01:14:25] 198.2, 126.8, 1.267
[01:14:26] 213.6, 126.8, 1.119
[01:14:27] 142.7, 126.8, 1.126
[01:14:28] 142.9, 126.9, 1.126
[01:14:29] 142.9, 126.8, 1.100
[01:14:30] 142.9, 126.7, 2.115
[01:14:31] 230.4, 126.7, 2.132
[01:14:32] 269.7, 126.9, 1.150
[01:14:33] 162.0, 126.8, 1.136
[01:14:34] 144.3, 126.8, 1.132
[01:14:35] 144.3, 126.8, 1.113
[01:14:36] 144.2, 126.8, 1.137
[01:14:37] 160.4, 126.6, 2.134
[01:14:38] 275.5, 126.7, 2.203
[01:14:39] 275.5, 126.6, 2.197
[01:14:40] 275.8, 126.8, 1.149
[01:14:41] 163.5, 126.8, 1.126
[01:14:42] 144.3, 126.8, 1.127
[01:14:43] 144.2, 126.8, 1.122
[01:14:44] 144.1, 126.8, 1.106
[01:14:45] 156.8, 126.7, 2.138
[01:14:46] 278.1, 126.7, 2.202
[01:14:47] 277.7, 126.6, 2.196
[01:14:48] 277.9, 126.6, 2.200
[01:14:49] 278.2, 126.6, 2.201
[01:14:50] 278.4, 126.6, 2.199
[01:14:51] 278.6, 126.8, 1.121
[01:14:52] 164.6, 126.8, 1.135
[01:14:53] 144.6, 126.8, 1.131
[01:14:54] 144.4, 126.9, 1.114
[01:14:55] 144.3, 126.9, 1.124
[01:14:56] 144.2, 126.7, 2.135
[01:14:57] 288.0, 126.7, 2.200
[01:14:58] 275.3, 126.7, 2.196
[01:14:59] 275.8, 126.7, 2.201
[01:15:00] 276.3, 126.6, 2.199
[01:15:01] 276.8, 126.7, 2.205
[01:15:02] 277.2, 126.7, 2.201
[01:15:03] 277.6, 126.7, 2.204
[01:15:04] 278.0, 126.7, 2.206
[01:15:05] 278.2, 126.6, 2.202
[01:15:06] 278.5, 126.6, 2.207
[01:15:07] 278.8, 126.6, 2.203
[01:15:08] 279.0, 126.8, 1.135
[01:15:09] 153.2, 126.8, 1.120
[01:15:10] 144.3, 126.8, 1.107
[01:15:11] 144.2, 126.8, 1.097
