<<<[04:13:28] 142.1, 126.3, 1.112
[04:13:29] 142.0, 126.3, 1.109
[04:13:30] 141.9, 126.3, 1.109
[04:13:31] 141.9, 126.4, 1.269
[04:13:32] 160.6, 126.4, 1.250
[04:13:33] 160.6, 126.3, 1.235
[04:13:34] 160.2, 126.4, 1.233
[04:13:35] 159.9, 126.4, 1.237
[04:13:36] 159.6, 126.4, 1.168
[04:13:37] 159.1, 126.4, 1.128
[04:13:38] 143.9, 126.4, 1.111
[04:13:39] 143.7, 126.4, 1.110
[04:13:40] 143.5, 126.3, 1.107
[04:13:41] 143.2, 126.3, 1.570
[04:13:42] 162.2, 126.3, 1.098
[04:13:43] 146.5, 126.2, 1.100
[04:13:44] 140.1, 126.3, 1.105
[04:13:45] 140.1, 126.3, 1.106
[04:13:46] 140.2, 126.3, 1.555
[04:13:47] 161.7, 126.4, 1.102
[04:13:48] 146.5, 126.4, 1.095
[04:13:49] 140.5, 126.3, 1.094
[04:13:50] 140.4, 126.4, 1.095
[04:13:51] 140.4, 126.2, 3.022
[04:13:52] 173.6, 126.4, 1.033
[04:13:53] 139.4, 126.4, 1.104
[04:13:54] 139.2, 126.4, 1.099
[04:13:55] 139.3, 126.4, 1.097
[04:13:56] 139.4, 126.2, 3.456
[04:13:57] 175.8, 126.3, 1.038
[04:13:58] 138.7, 126.4, 1.103
[04:13:59] 138.5, 126.4, 1.103
[04:14:00] 138.7, 126.3, 1.103
[04:14:01] 138.9, 126.1, 3.231
[04:14:02] 177.6, 126.4, 1.030
[04:14:03] 137.6, 126.4, 1.102
[04:14:04] 137.5, 126.3, 1.100
[04:14:05] 137.9, 126.4, 1.102
[04:14:06] 138.2, 126.3, 1.105
[04:14:07] 177.0, 126.4, 1.048
[04:14:08] 152.8, 126.4, 1.096
[04:14:09] 136.9, 126.4, 1.101
[04:14:10] 137.3, 126.4, 1.098
[04:14:11] 137.6, 126.4, 1.109
[04:14:12] 137.9, 126.4, 1.289
[04:14:13] 220.9, 126.4, 1.110
[04:14:14] 136.0, 126.4, 1.097
[04:14:15] 136.5, 126.4, 1.102
[04:14:16] 136.9, 126.4, 1.102
[04:14:17] 137.4, 126.2, 2.275
[04:14:18] 249.6, 126.4, 1.045
[04:14:19] 153.3, 126.4, 1.098
[04:14:20] 140.5, 126.4, 1.102
[04:14:21] 140.4, 126.5, 1.109
[04:14:22] 140.4, 126.5, 1.102
[04:14:23] 140.7, 126.3, 2.245
[04:14:24] 299.1, 126.4, 1.085
[04:14:25] 193.7, 126.5, 1.093
[04:14:26] 139.9, 126.4, 1.096
[04:14:27] 139.9, 126.4, 1.099
[04:14:28] 139.9, 126.5, 1.100
[04:14:29] 140.0, 126.3, 2.275
[04:14:30] 262.3, 126.3, 2.248
[04:14:31] 286.4, 126.3, 2.270
[04:14:32] 276.6, 126.4, 1.093
[04:14:33] 148.8, 126.4, 1.099
[04:14:34] 140.3, 126.4, 1.097
[04:14:35] 140.3, 126.4, 1.103
[04:14:36] 140.3, 126.2, 2.604
[04:14:37] 184.5, 126.3, 2.248
[04:14:38] 283.3, 126.2, 2.310
[04:14:39] 290.2, 126.2, 2.311
[04:14:40] 290.5, 126.2, 2.312
[04:14:41] 290.8, 126.2, 2.314
[04:14:42] 290.3, 126.4, 1.097
[04:14:43] 147.7, 126.4, 1.094
[04:14:44] 140.3, 126.4, 1.104
[04:14:45] 140.3, 126.4, 1.101
[04:14:46] 140.3, 126.4, 1.105
[04:14:47] 173.2, 126.3, 2.252
[04:14:48] 282.6, 126.2, 2.306
[04:14:49] 289.1, 126.2, 2.314
[04:14:50] 289.6, 126.2, 2.313
[04:14:51] 290.0, 126.2, 2.314
[04:14:52] 290.5, 126.2, 2.317
[04:14:53] 290.8, 126.2, 2.314
[04:14:54] 291.2, 126.3, 2.316
[04:14:55] 291.5, 126.2, 2.314
[04:14:56] 291.7, 126.2, 2.318
[04:14:57] 291.9, 126.3, 1.104
[04:14:58] 155.1, 126.3, 1.104
[04:14:59] 140.3, 126.4, 1.106
[04:15:00] 140.3, 126.4, 1.103
[04:15:01] 140.3, 126.4, 1.111
