<<<[02:27:14] 141.3, 126.6, 1.099
[02:27:15] 141.2, 126.6, 1.104
[02:27:16] 141.2, 126.5, 1.108
[02:27:17] 141.3, 126.5, 1.246
[02:27:18] 158.9, 126.5, 1.258
[02:27:19] 159.0, 126.5, 1.236
[02:27:20] 158.9, 126.5, 1.117
[02:27:21] 144.3, 126.5, 1.131
[02:27:22] 144.2, 126.5, 1.125
[02:27:23] 144.1, 126.6, 1.130
[02:27:24] 144.1, 126.6, 1.116
[02:27:25] 143.9, 126.6, 1.127
[02:27:26] 169.4, 126.6, 1.128
[02:27:27] 142.8, 126.6, 1.128
[02:27:28] 142.9, 126.6, 1.129
[02:27:29] 143.0, 126.6, 1.126
[02:27:30] 143.0, 126.6, 1.111
[02:27:31] 167.5, 126.6, 1.095
[02:27:32] 139.8, 126.6, 1.096
[02:27:33] 139.7, 126.6, 1.093
[02:27:34] 139.7, 126.6, 1.090
[02:27:35] 139.7, 126.6, 1.119
[02:27:36] 167.1, 126.6, 1.097
[02:27:37] 139.8, 126.5, 1.098
[02:27:38] 139.7, 126.6, 1.093
[02:27:39] 139.7, 126.6, 1.096
[02:27:40] 139.7, 126.6, 1.116
[02:27:41] 166.9, 126.5, 1.099
[02:27:42] 139.8, 126.5, 1.090
[02:27:43] 139.7, 126.6, 1.094
[02:27:44] 139.7, 126.5, 1.096
[02:27:45] 139.7, 126.6, 1.113
[02:27:46] 167.1, 126.6, 1.092
[02:27:47] 139.9, 126.6, 1.097
[02:27:48] 139.8, 126.6, 1.095
[02:27:49] 139.8, 126.6, 1.093
[02:27:50] 139.8, 126.6, 1.112
[02:27:51] 166.5, 126.6, 1.093
[02:27:52] 139.9, 126.6, 1.095
[02:27:53] 139.8, 126.6, 1.092
[02:27:54] 139.8, 126.6, 1.087
[02:27:55] 139.7, 126.6, 1.045
[02:27:56] 174.2, 126.6, 1.082
[02:27:57] 134.3, 126.6, 1.088
[02:27:58] 139.6, 126.6, 1.093
[02:27:59] 139.6, 126.6, 1.091
[02:28:00] 139.6, 126.6, 1.042
[02:28:01] 172.7, 126.6, 1.091
[02:28:02] 134.1, 126.5, 1.089
[02:28:03] 139.4, 126.6, 1.089
[02:28:04] 139.3, 126.6, 1.090
[02:28:05] 139.3, 126.6, 1.075
[02:28:06] 184.7, 126.6, 1.033
[02:28:07] 133.8, 126.6, 1.089
[02:28:08] 139.0, 126.6, 1.088
[02:28:09] 139.0, 126.6, 1.098
[02:28:10] 139.1, 126.5, 1.651
[02:28:11] 205.5, 126.6, 1.035
[02:28:12] 135.2, 126.5, 1.095
[02:28:13] 135.7, 126.5, 1.091
[02:28:14] 136.1, 126.6, 1.093
[02:28:15] 136.6, 126.4, 2.968
[02:28:16] 185.0, 126.5, 1.068
[02:28:17] 185.5, 126.5, 1.093
[02:28:18] 137.4, 126.6, 1.089
[02:28:19] 137.6, 126.6, 1.091
[02:28:20] 137.9, 126.6, 1.094
[02:28:21] 138.0, 126.5, 1.901
[02:28:22] 221.4, 126.5, 1.548
[02:28:23] 214.0, 126.6, 1.098
[02:28:24] 138.9, 126.6, 1.089
[02:28:25] 138.9, 126.6, 1.097
[02:28:26] 139.0, 126.6, 1.090
[02:28:27] 139.1, 126.5, 2.315
[02:28:28] 192.8, 126.5, 1.871
[02:28:29] 239.0, 126.5, 1.939
[02:28:30] 244.9, 126.6, 1.111
[02:28:31] 177.0, 126.6, 1.096
[02:28:32] 139.4, 126.6, 1.092
[02:28:33] 139.3, 126.6, 1.092
[02:28:34] 139.4, 126.6, 1.092
[02:28:35] 139.4, 126.5, 1.877
[02:28:36] 238.1, 126.5, 1.903
[02:28:37] 238.3, 126.5, 1.938
[02:28:38] 246.6, 126.5, 1.937
[02:28:39] 246.5, 126.5, 1.940
[02:28:40] 246.5, 126.5, 1.106
[02:28:41] 181.6, 126.5, 1.093
[02:28:42] 139.6, 126.6, 1.097
[02:28:43] 139.6, 126.5, 1.095
[02:28:44] 139.6, 126.6, 1.095
[02:28:45] 139.5, 126.5, 1.908
[02:28:46] 227.4, 126.4, 1.880
[02:28:47] 240.2, 126.5, 1.936
[02:28:48] 246.6, 126.5, 1.939
[02:28:49] 246.6, 126.5, 1.941
[02:28:50] 246.6, 126.5, 1.942
[02:28:51] 246.6, 126.5, 1.940
[02:28:52] 246.6, 126.5, 1.940
[02:28:53] 246.7, 126.5, 1.941
[02:28:54] 246.7, 126.4, 1.945
[02:28:55] 246.7, 126.6, 1.110
[02:28:56] 190.3, 126.6, 1.094
[02:28:57] 139.9, 126.6, 1.096
[02:28:58] 139.8, 126.6, 1.095
[02:28:59] 139.8, 126.6, 1.095
