<<<[04:00:49] 141.6, 126.6, 1.100
[04:00:50] 141.6, 126.6, 1.102
[04:00:51] 141.5, 126.5, 1.110
[04:00:52] 141.4, 126.6, 1.255
[04:00:53] 154.1, 126.5, 1.273
[04:00:54] 160.4, 126.5, 1.272
[04:00:55] 160.5, 126.5, 1.248
[04:00:56] 160.4, 126.5, 1.242
[04:00:57] 160.2, 126.5, 1.262
[04:00:58] 160.0, 126.5, 1.130
[04:00:59] 143.4, 126.5, 1.106
[04:01:00] 143.2, 126.5, 1.106
[04:01:01] 143.0, 126.5, 1.105
[04:01:02] 142.8, 126.4, 1.100
[04:01:03] 143.3, 126.5, 1.123
[04:01:04] 163.3, 126.5, 1.101
[04:01:05] 141.6, 126.5, 1.117
[04:01:06] 141.5, 126.5, 1.103
[04:01:07] 141.5, 126.6, 1.107
[04:01:08] 146.6, 126.6, 1.118
[04:01:09] 163.1, 126.5, 1.105
[04:01:10] 141.8, 126.5, 1.113
[04:01:11] 141.7, 126.5, 1.109
[04:01:12] 141.6, 126.5, 1.106
[04:01:13] 163.3, 126.5, 1.058
[04:01:14] 152.8, 126.5, 1.110
[04:01:15] 137.8, 126.5, 1.112
[04:01:16] 138.2, 126.5, 1.113
[04:01:17] 138.6, 126.5, 1.109
[04:01:18] 163.8, 126.5, 1.050
[04:01:19] 152.8, 126.5, 1.108
[04:01:20] 137.4, 126.4, 1.111
[04:01:21] 137.8, 126.5, 1.113
[04:01:22] 138.3, 126.5, 1.105
[04:01:23] 155.9, 126.5, 1.058
[04:01:24] 162.0, 126.5, 1.117
[04:01:25] 137.0, 126.5, 1.106
[04:01:26] 137.5, 126.5, 1.106
[04:01:27] 137.9, 126.5, 1.100
[04:01:28] 138.3, 126.5, 1.017
[04:01:29] 191.5, 126.5, 1.114
[04:01:30] 136.7, 126.5, 1.108
[04:01:31] 137.2, 126.5, 1.104
[04:01:32] 137.7, 126.5, 1.096
[04:01:33] 138.1, 126.5, 1.295
[04:01:34] 207.3, 126.5, 1.111
[04:01:35] 137.2, 126.5, 1.113
[04:01:36] 137.7, 126.5, 1.106
[04:01:37] 138.1, 126.5, 1.108
[04:01:38] 138.5, 126.4, 2.309
[04:01:39] 236.4, 126.5, 1.047
[04:01:40] 141.2, 126.5, 1.112
[04:01:41] 141.2, 126.5, 1.109
[04:01:42] 141.3, 126.5, 1.097
[04:01:43] 141.3, 126.4, 1.595
[04:01:44] 183.6, 126.5, 1.989
[04:01:45] 264.7, 126.5, 1.107
[04:01:46] 147.5, 126.5, 1.112
[04:01:47] 141.9, 126.5, 1.107
[04:01:48] 141.7, 126.6, 1.106
[04:01:49] 141.7, 126.3, 3.466
[04:01:50] 194.6, 126.4, 2.292
[04:01:51] 290.7, 126.5, 1.601
[04:01:52] 254.9, 126.5, 1.118
[04:01:53] 139.6, 126.5, 1.104
[04:01:54] 139.8, 126.5, 1.105
[04:01:55] 140.0, 126.5, 1.110
[04:01:56] 140.1, 126.3, 2.419
[04:01:57] 219.6, 126.3, 2.296
[04:01:58] 292.0, 126.3, 2.362
[04:01:59] 298.3, 126.4, 2.364
[04:02:00] 298.4, 126.5, 1.082
[04:02:01] 197.7, 126.5, 1.113
[04:02:02] 141.6, 126.5, 1.104
[04:02:03] 141.5, 126.5, 1.102
[04:02:04] 141.5, 126.5, 1.106
[04:02:05] 141.5, 126.3, 2.318
[04:02:06] 272.1, 126.3, 2.297
[04:02:07] 292.5, 126.3, 2.367
[04:02:08] 299.8, 126.3, 2.365
[04:02:09] 299.8, 126.3, 2.365
[04:02:10] 299.8, 126.2, 2.369
[04:02:11] 299.8, 126.2, 2.369
[04:02:12] 299.9, 126.3, 1.384
[04:02:13] 238.8, 126.4, 1.115
[04:02:14] 142.5, 126.4, 1.109
[04:02:15] 142.4, 126.4, 1.109
[04:02:16] 142.2, 126.4, 1.100
[04:02:17] 142.1, 126.3, 2.330
[04:02:18] 226.6, 126.3, 2.301
[04:02:19] 292.2, 126.3, 2.367
[04:02:20] 299.4, 126.3, 2.369
[04:02:21] 299.5, 126.3, 2.351
[04:02:22] 299.5, 126.3, 2.367
[04:02:23] 299.6, 126.2, 2.367
[04:02:24] 299.6, 126.2, 2.372
[04:02:25] 299.7, 126.2, 2.371
[04:02:26] 299.8, 126.3, 2.368
[04:02:27] 299.9, 126.2, 2.366
[04:02:28] 300.0, 126.2, 2.370
[04:02:29] 300.0, 126.3, 2.349
[04:02:30] 300.0, 126.3, 2.370
[04:02:31] 300.1, 126.3, 2.351
[04:02:32] 300.1, 126.5, 1.108
[04:02:33] 164.9, 126.4, 1.117
[04:02:34] 141.9, 126.5, 1.112
[04:02:35] 141.9, 126.5, 1.110
