<<<[18:06:40] 144.7, 125.5, 1.118
[18:06:41] 144.3, 125.5, 1.125
[18:06:42] 144.0, 125.5, 1.133
[18:06:43] 143.9, 125.5, 1.247
[18:06:44] 149.5, 125.5, 1.186
[18:06:45] 149.8, 125.5, 1.185
[18:06:46] 149.7, 125.5, 1.182
[18:06:47] 149.7, 125.5, 1.179
[18:06:48] 149.7, 125.5, 1.178
[18:06:49] 149.7, 125.5, 1.338
[18:06:50] 170.9, 125.5, 1.147
[18:06:51] 145.6, 125.5, 1.144
[18:06:52] 145.5, 125.6, 1.126
[18:06:53] 145.2, 125.6, 1.135
[18:06:54] 145.0, 125.6, 1.340
[18:06:55] 168.5, 125.6, 1.121
[18:06:56] 142.7, 125.6, 1.116
[18:06:57] 142.5, 125.5, 1.115
[18:06:58] 142.4, 125.6, 1.113
[18:06:59] 142.3, 125.5, 1.350
[18:07:00] 167.8, 125.5, 1.112
[18:07:01] 141.8, 125.5, 1.110
[18:07:02] 141.6, 125.5, 1.115
[18:07:03] 141.7, 125.6, 1.117
[18:07:04] 141.6, 125.5, 1.354
[18:07:05] 167.3, 125.5, 1.113
[18:07:06] 141.0, 125.5, 1.117
[18:07:07] 141.0, 125.5, 1.114
[18:07:08] 141.0, 125.4, 1.121
[18:07:09] 141.1, 125.4, 1.382
[18:07:10] 168.4, 125.5, 1.109
[18:07:11] 140.7, 125.4, 1.112
[18:07:12] 140.6, 125.4, 1.108
[18:07:13] 140.6, 125.5, 1.109
[18:07:14] 140.7, 125.4, 1.392
[18:07:15] 166.7, 125.4, 1.107
[18:07:16] 140.7, 125.4, 1.110
[18:07:17] 140.6, 125.4, 1.109
[18:07:18] 140.5, 125.5, 1.113
[18:07:19] 140.5, 125.5, 1.394
[18:07:20] 165.8, 125.5, 1.102
[18:07:21] 139.9, 125.5, 1.101
[18:07:22] 139.8, 125.5, 1.112
[18:07:23] 139.9, 125.5, 1.106
[18:07:24] 140.0, 125.5, 1.369
[18:07:25] 174.2, 125.5, 1.035
[18:07:26] 132.2, 125.5, 1.100
[18:07:27] 139.6, 125.5, 1.102
[18:07:28] 139.6, 125.5, 1.101
[18:07:29] 139.6, 125.4, 1.733
[18:07:30] 187.9, 125.5, 1.045
[18:07:31] 129.8, 125.5, 1.097
[18:07:32] 138.7, 125.5, 1.106
[18:07:33] 138.9, 125.5, 1.112
[18:07:34] 139.0, 125.3, 2.819
[18:07:35] 183.2, 125.5, 1.031
[18:07:36] 141.9, 125.5, 1.104
[18:07:37] 141.3, 125.5, 1.103
[18:07:38] 141.1, 125.4, 1.103
[18:07:39] 140.9, 125.4, 1.108
[18:07:40] 148.1, 125.4, 1.391
[18:07:41] 204.7, 125.4, 1.107
[18:07:42] 136.1, 125.5, 1.117
[18:07:43] 136.6, 125.4, 1.107
[18:07:44] 137.0, 125.4, 1.104
[18:07:45] 137.3, 125.4, 1.982
[18:07:46] 189.9, 125.4, 1.671
[18:07:47] 213.4, 125.5, 1.105
[18:07:48] 136.7, 125.5, 1.112
[18:07:49] 137.0, 125.5, 1.102
[18:07:50] 137.4, 125.6, 1.099
[18:07:51] 137.6, 125.3, 3.289
[18:07:52] 177.2, 125.4, 1.739
[18:07:53] 218.0, 125.5, 1.800
[18:07:54] 224.7, 125.6, 1.116
[18:07:55] 166.9, 125.6, 1.100
[18:07:56] 139.8, 125.6, 1.099
[18:07:57] 139.7, 125.6, 1.103
[18:07:58] 139.7, 125.6, 1.109
[18:07:59] 139.7, 125.5, 1.741
[18:08:00] 223.6, 125.5, 1.766
[18:08:01] 223.3, 125.5, 1.804
[18:08:02] 223.9, 125.5, 1.805
[18:08:03] 224.3, 125.4, 1.807
[18:08:04] 224.7, 125.6, 1.104
[18:08:05] 150.1, 125.5, 1.105
[18:08:06] 139.8, 125.6, 1.108
[18:08:07] 139.8, 125.5, 1.095
[18:08:08] 139.7, 125.5, 1.101
[18:08:09] 159.5, 125.4, 1.744
[18:08:10] 221.4, 125.4, 1.809
[18:08:11] 221.6, 125.5, 1.807
[18:08:12] 227.9, 125.5, 1.805
[18:08:13] 227.9, 125.5, 1.804
[18:08:14] 227.8, 125.5, 1.805
[18:08:15] 227.8, 125.5, 1.808
[18:08:16] 227.9, 125.5, 1.808
[18:08:17] 227.9, 125.5, 1.807
[18:08:18] 227.9, 125.5, 1.505
[18:08:19] 201.1, 125.6, 1.097
[18:08:20] 140.1, 125.6, 1.096
[18:08:21] 140.0, 125.6, 1.104
[18:08:22] 140.0, 125.5, 1.115
[18:08:23] 140.1, 125.5, 1.828
[18:08:24] 195.5, 125.5, 1.743
[18:08:25] 219.9, 125.5, 1.804
[18:08:26] 227.4, 125.5, 1.806
[18:08:27] 227.4, 125.5, 1.806
[18:08:28] 227.4, 125.5, 1.807
[18:08:29] 227.5, 125.5, 1.807
[18:08:30] 227.5, 125.4, 1.803
[18:08:31] 227.6, 125.5, 1.805
[18:08:32] 227.6, 125.5, 1.804
[18:08:33] 227.6, 125.5, 1.805
[18:08:34] 227.7, 125.4, 1.806
[18:08:35] 227.7, 125.4, 1.806
[18:08:36] 227.7, 125.4, 1.807
[18:08:37] 227.7, 125.5, 1.808
[18:08:38] 227.8, 125.4, 1.809
[18:08:39] 227.8, 125.4, 1.809
[18:08:40] 227.9, 125.4, 1.810
[18:08:41] 227.9, 125.4, 1.808
[18:08:42] 228.0, 125.5, 1.111
[18:08:43] 195.7, 125.5, 1.105
[18:08:44] 140.3, 125.5, 1.101
[18:08:45] 140.2, 125.4, 1.114
[18:08:46] 140.2, 125.5, 1.123
