<<<[12:21:54] 141.8, 125.8, 1.109
[12:21:55] 141.7, 125.8, 1.107
[12:21:56] 141.5, 125.8, 1.110
[12:21:57] 141.4, 125.8, 1.249
[12:21:58] 158.8, 125.8, 1.105
[12:21:59] 152.1, 125.8, 1.107
[12:22:00] 141.4, 125.8, 1.119
[12:22:01] 141.4, 125.8, 1.120
[12:22:02] 141.5, 125.8, 1.130
[12:22:03] 141.8, 125.7, 1.676
[12:22:04] 166.7, 125.8, 1.117
[12:22:05] 144.3, 125.8, 1.123
[12:22:06] 144.0, 125.8, 1.140
[12:22:07] 144.0, 125.8, 1.147
[12:22:08] 144.2, 125.7, 1.647
[12:22:09] 167.1, 125.8, 1.108
[12:22:10] 143.9, 125.7, 1.104
[12:22:11] 143.5, 125.7, 1.118
[12:22:12] 143.3, 125.7, 1.125
[12:22:13] 143.2, 125.7, 1.657
[12:22:14] 165.3, 125.7, 1.107
[12:22:15] 143.7, 125.8, 1.104
[12:22:16] 143.2, 125.7, 1.116
[12:22:17] 143.0, 125.6, 1.114
[12:22:18] 142.9, 125.6, 1.650
[12:22:19] 164.2, 125.7, 1.109
[12:22:20] 143.7, 125.7, 1.109
[12:22:21] 143.3, 125.7, 1.112
[12:22:22] 143.0, 125.7, 1.107
[12:22:23] 142.8, 125.6, 1.641
[12:22:24] 164.4, 125.7, 1.104
[12:22:25] 143.6, 125.7, 1.112
[12:22:26] 143.1, 125.7, 1.115
[12:22:27] 142.9, 125.7, 1.110
[12:22:28] 142.6, 125.6, 1.623
[12:22:29] 163.7, 125.7, 1.112
[12:22:30] 144.1, 125.7, 1.114
[12:22:31] 143.7, 125.7, 1.116
[12:22:32] 143.4, 125.7, 1.111
[12:22:33] 143.1, 125.6, 2.962
[12:22:34] 176.0, 125.8, 1.042
[12:22:35] 136.1, 125.7, 1.115
[12:22:36] 136.4, 125.7, 1.112
[12:22:37] 137.0, 125.7, 1.111
[12:22:38] 137.5, 125.6, 3.352
[12:22:39] 175.6, 125.7, 1.039
[12:22:40] 134.7, 125.7, 1.107
[12:22:41] 135.0, 125.7, 1.110
[12:22:42] 141.4, 125.7, 1.109
[12:22:43] 141.3, 125.5, 2.299
[12:22:44] 176.1, 125.7, 1.038
[12:22:45] 146.8, 125.7, 1.097
[12:22:46] 136.7, 125.8, 1.109
[12:22:47] 137.2, 125.7, 1.104
[12:22:48] 137.6, 125.7, 1.116
[12:22:49] 162.4, 125.7, 1.050
[12:22:50] 170.4, 125.7, 1.098
[12:22:51] 135.6, 125.7, 1.107
[12:22:52] 140.7, 125.7, 1.113
[12:22:53] 140.7, 125.7, 1.106
[12:22:54] 140.6, 125.7, 1.685
[12:22:55] 222.7, 125.8, 1.063
[12:22:56] 138.3, 125.8, 1.108
[12:22:57] 138.5, 125.7, 1.099
[12:22:58] 138.8, 125.7, 1.112
[12:22:59] 139.0, 125.6, 3.144
[12:23:00] 185.0, 125.7, 1.733
[12:23:01] 226.6, 125.8, 1.109
[12:23:02] 142.7, 125.8, 1.108
[12:23:03] 142.4, 125.8, 1.106
[12:23:04] 142.1, 125.8, 1.102
[12:23:05] 141.9, 125.6, 3.366
[12:23:06] 182.8, 125.7, 1.876
[12:23:07] 235.9, 125.7, 1.917
[12:23:08] 235.7, 125.8, 1.106
[12:23:09] 145.4, 125.8, 1.107
[12:23:10] 144.8, 125.8, 1.106
[12:23:11] 144.2, 125.7, 1.102
[12:23:12] 143.7, 125.6, 2.185
[12:23:13] 177.6, 125.6, 1.880
[12:23:14] 234.4, 125.6, 1.937
[12:23:15] 242.0, 125.6, 1.941
[12:23:16] 242.3, 125.5, 1.943
[12:23:17] 242.5, 125.7, 1.111
[12:23:18] 158.0, 125.7, 1.115
[12:23:19] 141.6, 125.7, 1.116
[12:23:20] 141.6, 125.7, 1.116
[12:23:21] 141.6, 125.7, 1.115
[12:23:22] 157.0, 125.6, 1.878
[12:23:23] 243.1, 125.6, 1.944
[12:23:24] 242.7, 125.6, 1.942
[12:23:25] 243.0, 125.6, 1.941
[12:23:26] 243.3, 125.7, 1.944
[12:23:27] 243.6, 125.6, 1.944
[12:23:28] 243.8, 125.7, 1.945
[12:23:29] 244.0, 125.6, 1.947
[12:23:30] 244.2, 125.7, 1.104
[12:23:31] 180.1, 125.8, 1.110
[12:23:32] 140.8, 125.8, 1.127
[12:23:33] 140.9, 125.8, 1.112
[12:23:34] 141.1, 125.8, 1.106
[12:23:35] 141.0, 125.7, 1.894
[12:23:36] 233.2, 125.7, 1.885
[12:23:37] 239.1, 125.7, 1.944
[12:23:38] 245.3, 125.6, 1.946
[12:23:39] 245.3, 125.6, 1.947
[12:23:40] 245.4, 125.6, 1.947
[12:23:41] 245.4, 125.6, 1.949
[12:23:42] 245.5, 125.6, 1.948
[12:23:43] 245.5, 125.6, 1.947
[12:23:44] 245.6, 125.6, 1.948
[12:23:45] 245.6, 125.6, 1.948
[12:23:46] 245.6, 125.6, 1.948
[12:23:47] 245.6, 125.6, 1.948
[12:23:48] 245.7, 125.6, 1.948
[12:23:49] 245.7, 125.6, 1.949
[12:23:50] 245.7, 125.6, 1.950
[12:23:51] 245.8, 125.7, 1.540
[12:23:52] 217.2, 125.7, 1.111
[12:23:53] 142.7, 125.7, 1.117
[12:23:54] 142.5, 125.7, 1.106
[12:23:55] 142.4, 125.7, 1.113
