<<<[22:55:43] 140.4, 125.7, 1.115
[22:55:44] 140.4, 125.8, 1.110
[22:55:45] 140.4, 125.8, 1.115
[22:55:46] 140.6, 125.8, 1.170
[22:55:47] 141.0, 125.8, 1.126
[22:55:48] 141.3, 125.8, 1.133
[22:55:49] 141.5, 125.8, 1.146
[22:55:50] 141.7, 125.8, 1.129
[22:55:51] 141.9, 125.7, 1.563
[22:55:52] 164.4, 125.8, 1.125
[22:55:53] 149.0, 125.8, 1.116
[22:55:54] 141.6, 125.8, 1.117
[22:55:55] 141.6, 125.8, 1.109
[22:55:56] 141.5, 125.7, 1.537
[22:55:57] 161.8, 125.8, 1.114
[22:55:58] 147.7, 125.8, 1.124
[22:55:59] 141.6, 125.8, 1.112
[22:56:00] 141.6, 125.8, 1.109
[22:56:01] 141.5, 125.7, 1.528
[22:56:02] 161.5, 125.8, 1.109
[22:56:03] 147.2, 125.8, 1.108
[22:56:04] 140.3, 125.8, 1.113
[22:56:05] 140.3, 125.8, 1.110
[22:56:06] 140.4, 125.7, 1.510
[22:56:07] 161.3, 125.8, 1.110
[22:56:08] 147.2, 125.7, 1.108
[22:56:09] 140.5, 125.8, 1.110
[22:56:10] 140.4, 125.7, 1.109
[22:56:11] 140.4, 125.7, 1.506
[22:56:12] 160.6, 125.7, 1.111
[22:56:13] 147.4, 125.8, 1.110
[22:56:14] 140.3, 125.7, 1.112
[22:56:15] 140.3, 125.8, 1.108
[22:56:16] 140.3, 125.7, 1.490
[22:56:17] 160.2, 125.8, 1.106
[22:56:18] 147.4, 125.8, 1.110
[22:56:19] 139.9, 125.7, 1.108
[22:56:20] 139.9, 125.8, 1.104
[22:56:21] 139.8, 125.7, 1.484
[22:56:22] 160.2, 125.7, 1.108
[22:56:23] 147.5, 125.7, 1.110
[22:56:24] 140.3, 125.8, 1.105
[22:56:25] 140.3, 125.8, 1.104
[22:56:26] 140.2, 125.7, 1.481
[22:56:27] 159.7, 125.8, 1.102
[22:56:28] 147.2, 125.8, 1.104
[22:56:29] 139.8, 125.8, 1.104
[22:56:30] 139.7, 125.8, 1.106
[22:56:31] 139.8, 125.7, 1.457
[22:56:32] 159.3, 125.8, 1.095
[22:56:33] 147.0, 125.8, 1.100
[22:56:34] 139.2, 125.7, 1.112
[22:56:35] 139.2, 125.7, 1.104
[22:56:36] 139.3, 125.8, 1.438
[22:56:37] 159.5, 125.8, 1.104
[22:56:38] 147.2, 125.8, 1.099
[22:56:39] 139.4, 125.8, 1.104
[22:56:40] 139.4, 125.8, 1.095
[22:56:41] 139.4, 125.7, 1.405
[22:56:42] 158.6, 125.8, 1.097
[22:56:43] 147.5, 125.8, 1.099
[22:56:44] 139.6, 125.7, 1.103
[22:56:45] 139.5, 125.7, 1.107
[22:56:46] 139.6, 125.7, 1.341
[22:56:47] 157.9, 125.8, 1.100
[22:56:48] 147.5, 125.7, 1.103
[22:56:49] 139.6, 125.7, 1.098
[22:56:50] 139.5, 125.7, 1.106
[22:56:51] 139.5, 125.5, 2.192
[22:56:52] 170.9, 125.8, 1.038
[22:56:53] 137.8, 125.7, 1.095
[22:56:54] 137.6, 125.7, 1.100
[22:56:55] 137.9, 125.8, 1.105
[22:56:56] 138.1, 125.7, 1.103
[22:56:57] 168.7, 125.8, 1.055
[22:56:58] 151.3, 125.8, 1.101
[22:56:59] 135.8, 125.9, 1.097
[22:57:00] 136.2, 125.8, 1.101
[22:57:01] 136.6, 125.8, 1.099
[22:57:02] 137.0, 125.8, 0.999
[22:57:03] 187.2, 125.8, 1.100
[22:57:04] 134.7, 125.8, 1.095
[22:57:05] 135.2, 125.8, 1.102
[22:57:06] 135.8, 125.8, 1.103
[22:57:07] 136.3, 125.8, 1.669
[22:57:08] 205.6, 125.8, 1.042
[22:57:09] 130.5, 125.8, 1.105
[22:57:10] 115.9, 125.8, 1.096
[22:57:11] 139.6, 125.9, 1.101
[22:57:12] 139.5, 125.6, 3.299
[22:57:13] 176.0, 125.8, 1.652
[22:57:14] 209.3, 125.9, 1.103
[22:57:15] 146.6, 125.9, 1.102
[22:57:16] 139.4, 125.8, 1.100
[22:57:17] 139.4, 125.9, 1.100
[22:57:18] 139.4, 125.6, 3.237
[22:57:19] 176.1, 125.8, 1.690
[22:57:20] 212.2, 125.7, 1.714
[22:57:21] 212.6, 125.8, 1.100
[22:57:22] 148.8, 125.9, 1.102
[22:57:23] 139.4, 125.8, 1.101
[22:57:24] 139.4, 125.8, 1.105
[22:57:25] 139.4, 125.6, 2.941
[22:57:26] 175.1, 125.8, 1.689
[22:57:27] 211.4, 125.8, 1.745
[22:57:28] 218.9, 125.8, 1.756
[22:57:29] 219.3, 125.8, 1.691
[22:57:30] 218.8, 125.9, 1.101
[22:57:31] 137.8, 125.8, 1.100
[22:57:32] 138.0, 125.8, 1.105
[22:57:33] 138.1, 125.9, 1.103
[22:57:34] 138.3, 125.7, 3.313
[22:57:35] 177.0, 125.9, 1.688
[22:57:36] 212.7, 125.8, 1.749
[22:57:37] 218.7, 125.9, 1.753
[22:57:38] 219.0, 125.9, 1.755
[22:57:39] 219.4, 125.8, 1.755
[22:57:40] 219.7, 125.8, 1.754
[22:57:41] 219.9, 125.8, 1.758
[22:57:42] 220.2, 125.8, 1.658
[22:57:43] 219.6, 125.9, 1.104
[22:57:44] 137.6, 125.9, 1.109
[22:57:45] 137.8, 125.8, 1.101
[22:57:46] 138.1, 125.9, 1.106
[22:57:47] 138.3, 125.7, 3.043
[22:57:48] 178.9, 125.8, 1.688
[22:57:49] 213.8, 125.8, 1.755
[22:57:50] 219.8, 125.8, 1.753
[22:57:51] 220.0, 125.8, 1.751
[22:57:52] 220.2, 125.8, 1.752
[22:57:53] 220.4, 125.7, 1.754
[22:57:54] 220.5, 125.7, 1.751
[22:57:55] 220.7, 125.8, 1.754
[22:57:56] 220.9, 125.8, 1.758
[22:57:57] 221.0, 125.8, 1.754
[22:57:58] 221.1, 125.8, 1.758
[22:57:59] 221.3, 125.8, 1.755
[22:58:00] 221.4, 125.8, 1.759
[22:58:01] 221.6, 125.8, 1.761
[22:58:02] 221.6, 125.8, 1.757
[22:58:03] 221.7, 125.9, 1.105
[22:58:04] 183.7, 125.9, 1.104
[22:58:05] 139.6, 125.9, 1.100
[22:58:06] 139.6, 125.9, 1.102
