<<<[16:20:31] 143.5, 124.9, 1.135
[16:20:32] 143.4, 124.9, 1.154
[16:20:33] 143.4, 124.9, 1.146
[16:20:34] 143.7, 124.9, 1.252
[16:20:35] 158.4, 125.0, 1.136
[16:20:36] 151.7, 124.9, 1.178
[16:20:37] 151.1, 125.0, 1.180
[16:20:38] 150.9, 125.0, 1.192
[16:20:39] 150.8, 125.0, 1.186
[16:20:40] 150.6, 124.9, 1.694
[16:20:41] 173.8, 125.0, 1.118
[16:20:42] 138.9, 125.1, 1.112
[16:20:43] 139.1, 125.0, 1.121
[16:20:44] 139.5, 125.0, 1.124
[16:20:45] 139.7, 124.9, 1.716
[16:20:46] 169.1, 125.0, 1.118
[16:20:47] 139.2, 125.0, 1.118
[16:20:48] 139.4, 125.0, 1.118
[16:20:49] 139.6, 125.0, 1.121
[16:20:50] 139.8, 124.9, 1.721
[16:20:51] 168.9, 124.9, 1.117
[16:20:52] 139.0, 124.9, 1.118
[16:20:53] 139.1, 124.9, 1.121
[16:20:54] 139.3, 125.0, 1.116
[16:20:55] 139.5, 124.9, 1.724
[16:20:56] 168.2, 124.9, 1.115
[16:20:57] 138.9, 124.9, 1.118
[16:20:58] 139.1, 125.0, 1.114
[16:20:59] 139.2, 125.0, 1.115
[16:21:00] 139.4, 124.8, 1.725
[16:21:01] 168.2, 124.9, 1.118
[16:21:02] 139.0, 124.9, 1.111
[16:21:03] 139.1, 125.0, 1.112
[16:21:04] 139.2, 125.0, 1.109
[16:21:05] 139.3, 124.9, 1.726
[16:21:06] 168.0, 125.0, 1.112
[16:21:07] 138.9, 125.0, 1.110
[16:21:08] 139.0, 125.0, 1.110
[16:21:09] 139.1, 125.0, 1.113
[16:21:10] 139.3, 124.9, 1.729
[16:21:11] 167.6, 125.0, 1.112
[16:21:12] 138.7, 124.9, 1.105
[16:21:13] 138.8, 125.0, 1.108
[16:21:14] 138.9, 125.0, 1.109
[16:21:15] 139.1, 124.9, 2.257
[16:21:16] 178.0, 125.0, 1.041
[16:21:17] 131.6, 125.1, 1.106
[16:21:18] 138.1, 125.0, 1.107
[16:21:19] 138.2, 125.0, 1.114
[16:21:20] 138.4, 125.0, 2.639
[16:21:21] 178.1, 125.1, 1.049
[16:21:22] 131.6, 125.1, 1.111
[16:21:23] 137.6, 125.1, 1.109
[16:21:24] 137.8, 125.1, 1.113
[16:21:25] 138.1, 124.9, 3.138
[16:21:26] 177.8, 125.1, 1.034
[16:21:27] 143.9, 125.1, 1.104
[16:21:28] 137.4, 125.1, 1.111
[16:21:29] 137.6, 125.1, 1.113
[16:21:30] 137.9, 125.0, 1.135
[16:21:31] 176.7, 125.0, 1.078
[16:21:32] 157.5, 125.0, 1.102
[16:21:33] 136.0, 125.0, 1.111
[16:21:34] 136.4, 125.0, 1.111
[16:21:35] 136.8, 125.0, 1.107
[16:21:36] 137.1, 124.9, 1.531
[16:21:37] 217.8, 125.0, 1.118
[16:21:38] 135.1, 125.0, 1.102
[16:21:39] 135.6, 125.0, 1.113
[16:21:40] 136.1, 124.9, 1.112
[16:21:41] 136.6, 124.8, 1.961
[16:21:42] 207.8, 125.0, 1.012
[16:21:43] 189.4, 125.0, 1.109
[16:21:44] 138.9, 125.0, 1.106
[16:21:45] 138.9, 125.0, 1.113
[16:21:46] 139.1, 125.0, 1.104
[16:21:47] 139.1, 124.8, 1.965
[16:21:48] 220.9, 124.9, 1.950
[16:21:49] 244.9, 125.0, 1.127
[16:21:50] 173.2, 125.0, 1.109
[16:21:51] 140.3, 125.0, 1.113
[16:21:52] 140.2, 125.1, 1.101
[16:21:53] 140.2, 125.1, 1.109
[16:21:54] 140.1, 125.0, 1.945
[16:21:55] 246.2, 125.0, 2.004
[16:21:56] 246.3, 125.0, 2.007
[16:21:57] 252.0, 125.0, 1.643
[16:21:58] 235.9, 125.0, 1.103
[16:21:59] 140.3, 125.0, 1.115
[16:22:00] 140.3, 125.0, 1.116
[16:22:01] 140.3, 125.0, 1.115
[16:22:02] 140.3, 124.8, 2.723
[16:22:03] 190.8, 124.9, 1.946
[16:22:04] 245.5, 124.9, 2.000
[16:22:05] 246.0, 124.9, 2.010
[16:22:06] 252.2, 124.9, 2.011
[16:22:07] 252.2, 124.9, 2.012
[16:22:08] 252.2, 124.8, 2.014
[16:22:09] 252.2, 124.9, 1.685
[16:22:10] 237.7, 124.9, 1.118
[16:22:11] 141.9, 125.0, 1.112
[16:22:12] 141.7, 125.0, 1.118
[16:22:13] 141.5, 125.1, 1.111
[16:22:14] 163.3, 125.1, 1.114
[16:22:15] 190.1, 124.9, 1.945
[16:22:16] 244.7, 125.0, 2.009
[16:22:17] 250.0, 125.0, 2.011
[16:22:18] 250.3, 125.0, 2.012
[16:22:19] 250.5, 125.0, 2.013
[16:22:20] 250.8, 125.0, 2.015
[16:22:21] 251.1, 125.0, 2.014
[16:22:22] 251.3, 125.0, 2.013
[16:22:23] 251.5, 125.0, 2.013
[16:22:24] 251.7, 125.0, 2.014
[16:22:25] 251.9, 125.0, 2.013
[16:22:26] 252.0, 125.0, 2.009
[16:22:27] 252.0, 124.9, 2.013
[16:22:28] 252.1, 125.1, 1.459
[16:22:29] 219.9, 125.1, 1.120
[16:22:30] 141.6, 125.0, 1.110
[16:22:31] 141.4, 125.1, 1.113
[16:22:32] 141.3, 125.1, 1.115
