<<<[18:24:59] 142.2, 125.4, 1.113
[18:25:00] 142.0, 125.4, 1.137
[18:25:01] 142.1, 125.3, 1.137
[18:25:02] 142.3, 125.4, 1.258
[18:25:03] 151.3, 125.4, 1.272
[18:25:04] 159.9, 125.4, 1.266
[18:25:05] 159.9, 125.4, 1.243
[18:25:06] 159.6, 125.4, 1.173
[18:25:07] 150.4, 125.5, 1.119
[18:25:08] 142.8, 125.5, 1.114
[18:25:09] 142.5, 125.5, 1.135
[18:25:10] 142.6, 125.5, 1.156
[18:25:11] 142.9, 125.5, 1.070
[18:25:12] 167.8, 125.6, 1.096
[18:25:13] 138.9, 125.5, 1.090
[18:25:14] 138.7, 125.6, 1.109
[18:25:15] 138.9, 125.6, 1.106
[18:25:16] 139.0, 125.6, 1.081
[18:25:17] 166.7, 125.6, 1.111
[18:25:18] 140.1, 125.6, 1.110
[18:25:19] 140.0, 125.6, 1.104
[18:25:20] 140.0, 125.6, 1.105
[18:25:21] 140.0, 125.5, 1.079
[18:25:22] 166.7, 125.5, 1.108
[18:25:23] 139.9, 125.5, 1.106
[18:25:24] 139.9, 125.5, 1.104
[18:25:25] 139.8, 125.5, 1.103
[18:25:26] 139.8, 125.5, 1.072
[18:25:27] 166.7, 125.5, 1.102
[18:25:28] 139.8, 125.5, 1.104
[18:25:29] 139.7, 125.5, 1.108
[18:25:30] 139.8, 125.5, 1.106
[18:25:31] 139.8, 125.5, 1.073
[18:25:32] 166.9, 125.5, 1.106
[18:25:33] 139.8, 125.5, 1.106
[18:25:34] 139.7, 125.5, 1.106
[18:25:35] 139.7, 125.5, 1.105
[18:25:36] 139.7, 125.5, 1.074
[18:25:37] 166.5, 125.4, 1.108
[18:25:38] 139.8, 125.4, 1.110
[18:25:39] 139.8, 125.4, 1.106
[18:25:40] 139.8, 125.4, 1.100
[18:25:41] 139.7, 125.5, 1.007
[18:25:42] 174.5, 125.5, 1.050
[18:25:43] 133.4, 125.5, 1.106
[18:25:44] 139.4, 125.5, 1.100
[18:25:45] 139.4, 125.5, 1.104
[18:25:46] 139.4, 125.4, 1.017
[18:25:47] 172.7, 125.4, 1.045
[18:25:48] 133.1, 125.4, 1.100
[18:25:49] 139.4, 125.4, 1.104
[18:25:50] 139.4, 125.4, 1.104
[18:25:51] 139.4, 125.4, 1.499
[18:25:52] 184.8, 125.4, 1.038
[18:25:53] 133.1, 125.4, 1.103
[18:25:54] 139.6, 125.4, 1.103
[18:25:55] 139.5, 125.5, 1.102
[18:25:56] 139.5, 125.3, 1.775
[18:25:57] 196.2, 125.4, 1.046
[18:25:58] 130.3, 125.4, 1.104
[18:25:59] 139.2, 125.4, 1.103
[18:26:00] 139.2, 125.4, 1.105
[18:26:01] 139.2, 125.2, 3.190
[18:26:02] 177.8, 125.5, 0.999
[18:26:03] 178.3, 125.4, 1.100
[18:26:04] 136.7, 125.5, 1.105
[18:26:05] 137.0, 125.4, 1.107
[18:26:06] 137.3, 125.4, 1.108
[18:26:07] 137.6, 125.3, 1.870
[18:26:08] 214.5, 125.4, 1.468
[18:26:09] 203.7, 125.5, 1.105
[18:26:10] 139.9, 125.5, 1.104
[18:26:11] 139.8, 125.5, 1.100
[18:26:12] 139.8, 125.5, 1.098
[18:26:13] 139.7, 125.4, 2.127
[18:26:14] 195.1, 125.3, 1.855
[18:26:15] 234.4, 125.3, 1.924
[18:26:16] 239.9, 125.5, 1.097
[18:26:17] 151.0, 125.5, 1.100
[18:26:18] 139.8, 125.4, 1.103
[18:26:19] 139.7, 125.4, 1.103
[18:26:20] 139.7, 125.4, 1.099
[18:26:21] 154.1, 125.3, 1.858
[18:26:22] 240.0, 125.3, 1.924
[18:26:23] 239.7, 125.3, 1.923
[18:26:24] 240.0, 125.3, 1.924
[18:26:25] 240.3, 125.3, 1.723
[18:26:26] 231.7, 125.4, 1.108
[18:26:27] 139.6, 125.4, 1.102
[18:26:28] 139.6, 125.4, 1.105
[18:26:29] 139.6, 125.4, 1.103
[18:26:30] 139.6, 125.3, 3.159
[18:26:31] 183.4, 125.4, 1.859
[18:26:32] 234.2, 125.4, 1.922
[18:26:33] 240.0, 125.3, 1.922
[18:26:34] 240.3, 125.3, 1.921
[18:26:35] 240.5, 125.4, 1.924
[18:26:36] 240.7, 125.3, 1.922
[18:26:37] 240.9, 125.4, 1.925
[18:26:38] 241.1, 125.4, 1.924
[18:26:39] 241.3, 125.4, 1.926
[18:26:40] 241.5, 125.5, 1.069
[18:26:41] 188.5, 125.5, 1.112
[18:26:42] 139.9, 125.5, 1.109
[18:26:43] 139.8, 125.5, 1.107
[18:26:44] 139.9, 125.5, 1.107
[18:26:45] 139.8, 125.4, 1.887
[18:26:46] 228.3, 125.4, 1.861
[18:26:47] 236.1, 125.3, 1.926
[18:26:48] 242.6, 125.4, 1.924
[18:26:49] 242.6, 125.3, 1.926
[18:26:50] 242.6, 125.4, 1.922
[18:26:51] 242.5, 125.4, 1.923
[18:26:52] 242.5, 125.4, 1.922
[18:26:53] 242.5, 125.4, 1.925
[18:26:54] 242.6, 125.4, 1.924
[18:26:55] 242.6, 125.4, 1.927
[18:26:56] 242.6, 125.4, 1.928
[18:26:57] 242.6, 125.4, 1.928
[18:26:58] 242.7, 125.3, 1.930
[18:26:59] 242.7, 125.3, 1.929
[18:27:00] 242.8, 125.3, 1.932
[18:27:01] 242.8, 125.3, 1.933
[18:27:02] 242.9, 125.3, 1.932
[18:27:03] 242.9, 125.3, 1.935
[18:27:04] 243.0, 125.4, 1.102
[18:27:05] 166.0, 125.4, 1.107
[18:27:06] 140.1, 125.4, 1.112
[18:27:07] 140.1, 125.5, 1.108
