<<<[16:56:43] 145.4, 125.1, 1.123
[16:56:44] 145.0, 125.0, 1.133
[16:56:45] 144.8, 125.0, 1.146
[16:56:46] 144.8, 125.0, 1.261
[16:56:47] 158.9, 125.0, 1.280
[16:56:48] 159.0, 125.0, 1.249
[16:56:49] 159.0, 125.0, 1.253
[16:56:50] 159.0, 125.0, 1.246
[16:56:51] 158.8, 125.0, 1.238
[16:56:52] 158.6, 125.0, 1.181
[16:56:53] 148.3, 125.0, 1.194
[16:56:54] 148.5, 125.0, 1.187
[16:56:55] 148.7, 125.0, 1.175
[16:56:56] 148.6, 125.0, 1.289
[16:56:57] 162.7, 125.1, 1.114
[16:56:58] 152.4, 125.1, 1.110
[16:56:59] 140.1, 125.0, 1.109
[16:57:00] 140.1, 125.1, 1.111
[16:57:01] 140.0, 125.0, 1.218
[16:57:02] 155.5, 125.1, 1.109
[16:57:03] 155.1, 125.1, 1.116
[16:57:04] 140.5, 125.1, 1.113
[16:57:05] 140.4, 125.0, 1.111
[16:57:06] 140.4, 124.9, 2.196
[16:57:07] 171.3, 125.1, 1.043
[16:57:08] 142.1, 125.1, 1.113
[16:57:09] 141.4, 125.1, 1.113
[16:57:10] 141.3, 125.1, 1.111
[16:57:11] 141.2, 124.9, 2.367
[16:57:12] 171.3, 125.2, 1.045
[16:57:13] 142.5, 125.1, 1.110
[16:57:14] 141.8, 125.2, 1.110
[16:57:15] 141.7, 125.1, 1.113
[16:57:16] 141.4, 125.1, 1.113
[16:57:17] 172.7, 125.2, 1.042
[16:57:18] 141.8, 125.1, 1.106
[16:57:19] 141.1, 125.1, 1.113
[16:57:20] 141.0, 125.1, 1.117
[16:57:21] 140.9, 125.0, 1.112
[16:57:22] 173.1, 125.1, 1.079
[16:57:23] 156.4, 125.0, 1.107
[16:57:24] 136.7, 125.0, 1.107
[16:57:25] 137.1, 125.1, 1.110
[16:57:26] 137.5, 125.1, 1.111
[16:57:27] 137.8, 125.1, 0.994
[16:57:28] 207.6, 125.1, 1.115
[16:57:29] 135.6, 125.2, 1.108
[16:57:30] 136.1, 125.1, 1.105
[16:57:31] 136.6, 125.1, 1.115
[16:57:32] 137.0, 125.1, 1.660
[16:57:33] 242.6, 125.1, 1.064
[16:57:34] 134.0, 125.1, 1.113
[16:57:35] 139.8, 125.1, 1.113
[16:57:36] 139.8, 125.1, 1.106
[16:57:37] 139.8, 124.9, 2.938
[16:57:38] 208.9, 125.1, 1.488
[16:57:39] 235.5, 125.1, 1.109
[16:57:40] 138.3, 125.1, 1.115
[16:57:41] 138.5, 125.1, 1.109
[16:57:42] 138.7, 125.1, 1.107
[16:57:43] 138.8, 124.9, 2.351
[16:57:44] 230.4, 124.9, 2.355
[16:57:45] 295.8, 125.1, 1.077
[16:57:46] 203.1, 125.1, 1.114
[16:57:47] 140.1, 125.1, 1.110
[16:57:48] 140.0, 125.1, 1.106
[16:57:49] 140.0, 125.0, 1.110
[16:57:50] 140.0, 124.9, 2.375
[16:57:51] 272.8, 124.9, 2.360
[16:57:52] 297.2, 124.9, 2.414
[16:57:53] 303.4, 125.0, 1.878
[16:57:54] 273.7, 125.1, 1.109
[16:57:55] 140.3, 125.1, 1.108
[16:57:56] 140.2, 125.1, 1.111
[16:57:57] 140.2, 125.1, 1.110
[16:57:58] 140.2, 124.9, 3.394
[16:57:59] 202.6, 125.0, 2.357
[16:58:00] 296.2, 124.9, 2.414
[16:58:01] 296.8, 124.9, 2.418
[16:58:02] 303.4, 124.9, 2.416
[16:58:03] 303.4, 124.9, 2.422
[16:58:04] 303.4, 124.9, 2.418
[16:58:05] 303.5, 125.1, 1.627
[16:58:06] 265.7, 125.1, 1.110
[16:58:07] 140.3, 125.1, 1.110
[16:58:08] 140.3, 125.1, 1.113
[16:58:09] 140.3, 125.1, 1.117
[16:58:10] 140.3, 124.9, 2.692
[16:58:11] 215.1, 124.9, 2.353
[16:58:12] 296.2, 124.9, 2.417
[16:58:13] 302.5, 124.8, 2.423
[16:58:14] 302.6, 124.9, 2.420
[16:58:15] 302.8, 124.9, 2.425
[16:58:16] 303.0, 124.9, 2.421
[16:58:17] 303.1, 124.9, 2.428
[16:58:18] 303.3, 124.9, 2.423
[16:58:19] 303.4, 124.9, 2.425
[16:58:20] 303.5, 124.9, 2.423
[16:58:21] 303.6, 124.9, 2.424
[16:58:22] 303.7, 125.0, 2.420
[16:58:23] 303.7, 125.0, 2.422
[16:58:24] 303.7, 125.1, 1.154
[16:58:25] 212.0, 125.1, 1.120
[16:58:26] 140.7, 125.1, 1.119
[16:58:27] 140.6, 125.1, 1.112
[16:58:28] 140.6, 125.1, 1.114
