<<<[01:24:57] 140.2, 126.7, 1.107
[01:24:58] 140.4, 126.7, 1.117
[01:24:59] 140.8, 126.7, 1.124
[01:25:00] 141.2, 126.7, 1.237
[01:25:01] 155.7, 126.7, 1.237
[01:25:02] 156.0, 126.7, 1.175
[01:25:03] 155.5, 126.7, 1.166
[01:25:04] 148.8, 126.7, 1.165
[01:25:05] 148.7, 126.7, 1.159
[01:25:06] 148.7, 126.7, 1.170
[01:25:07] 148.7, 126.7, 1.241
[01:25:08] 169.8, 126.7, 1.090
[01:25:09] 140.1, 126.7, 1.093
[01:25:10] 140.0, 126.7, 1.094
[01:25:11] 140.1, 126.6, 1.105
[01:25:12] 140.1, 126.7, 1.232
[01:25:13] 165.5, 126.7, 1.099
[01:25:14] 140.7, 126.7, 1.093
[01:25:15] 140.7, 126.7, 1.105
[01:25:16] 140.7, 126.7, 1.098
[01:25:17] 140.8, 126.7, 1.239
[01:25:18] 166.0, 126.7, 1.099
[01:25:19] 141.0, 126.7, 1.095
[01:25:20] 140.8, 126.7, 1.091
[01:25:21] 140.8, 126.8, 1.094
[01:25:22] 140.6, 126.8, 1.232
[01:25:23] 165.3, 126.8, 1.094
[01:25:24] 140.5, 126.8, 1.095
[01:25:25] 140.5, 126.8, 1.093
[01:25:26] 140.4, 126.8, 1.094
[01:25:27] 140.4, 126.8, 1.216
[01:25:28] 174.2, 126.8, 1.030
[01:25:29] 133.1, 126.8, 1.094
[01:25:30] 139.9, 126.8, 1.099
[01:25:31] 139.9, 126.8, 1.093
[01:25:32] 139.9, 126.8, 1.206
[01:25:33] 174.0, 126.8, 1.033
[01:25:34] 132.7, 126.8, 1.098
[01:25:35] 140.7, 126.7, 1.094
[01:25:36] 140.5, 126.8, 1.085
[01:25:37] 140.4, 126.7, 1.564
[01:25:38] 189.2, 126.8, 1.026
[01:25:39] 129.4, 126.8, 1.024
[01:25:40] 139.2, 126.7, 1.089
[01:25:41] 139.2, 126.7, 1.087
[01:25:42] 139.2, 126.7, 2.432
[01:25:43] 194.2, 126.8, 1.028
[01:25:44] 137.4, 126.8, 1.094
[01:25:45] 137.4, 126.8, 1.093
[01:25:46] 137.7, 126.8, 1.090
[01:25:47] 137.9, 126.8, 1.089
[01:25:48] 169.3, 126.8, 1.201
[01:25:49] 199.1, 126.8, 1.090
[01:25:50] 136.1, 126.8, 1.093
[01:25:51] 136.5, 126.8, 1.090
[01:25:52] 136.9, 126.8, 1.087
[01:25:53] 137.2, 126.7, 1.933
[01:25:54] 212.9, 126.7, 1.541
[01:25:55] 225.7, 126.8, 1.090
[01:25:56] 137.4, 126.8, 1.092
[01:25:57] 137.6, 126.8, 1.082
[01:25:58] 137.8, 126.8, 1.090
[01:25:59] 138.1, 126.7, 2.495
[01:26:00] 194.8, 126.7, 1.955
[01:26:01] 249.8, 126.7, 2.019
[01:26:02] 250.3, 126.8, 1.091
[01:26:03] 158.8, 126.8, 1.087
[01:26:04] 139.2, 126.8, 1.089
[01:26:05] 139.2, 126.8, 1.096
[01:26:06] 139.3, 126.8, 1.094
[01:26:07] 158.9, 126.6, 1.959
[01:26:08] 251.4, 126.7, 2.022
[01:26:09] 251.5, 126.6, 2.023
[01:26:10] 257.4, 126.7, 2.024
[01:26:11] 257.4, 126.7, 1.593
[01:26:12] 232.1, 126.8, 1.090
[01:26:13] 137.8, 126.8, 1.089
[01:26:14] 138.0, 126.8, 1.091
[01:26:15] 138.3, 126.7, 1.091
[01:26:16] 138.5, 126.7, 2.193
[01:26:17] 201.1, 126.6, 1.956
[01:26:18] 249.6, 126.6, 2.023
[01:26:19] 256.0, 126.7, 2.020
[01:26:20] 256.1, 126.7, 2.024
[01:26:21] 256.3, 126.6, 2.022
[01:26:22] 256.5, 126.7, 2.024
[01:26:23] 256.6, 126.7, 2.021
[01:26:24] 256.7, 126.7, 2.022
[01:26:25] 256.8, 126.6, 2.023
[01:26:26] 250.4, 126.8, 1.087
[01:26:27] 147.0, 126.8, 1.090
[01:26:28] 139.9, 126.8, 1.094
[01:26:29] 139.9, 126.8, 1.094
[01:26:30] 139.9, 126.8, 1.096
[01:26:31] 174.0, 126.7, 1.962
[01:26:32] 246.9, 126.6, 2.020
[01:26:33] 254.0, 126.7, 2.020
[01:26:34] 254.4, 126.7, 2.021
[01:26:35] 254.8, 126.7, 2.020
[01:26:36] 255.1, 126.7, 2.022
[01:26:37] 255.3, 126.7, 2.019
[01:26:38] 255.6, 126.7, 2.023
[01:26:39] 255.8, 126.6, 2.020
[01:26:40] 256.0, 126.6, 2.026
[01:26:41] 256.2, 126.6, 2.025
[01:26:42] 256.4, 126.6, 2.028
[01:26:43] 256.6, 126.6, 2.027
[01:26:44] 256.8, 126.6, 2.028
[01:26:45] 256.9, 126.6, 2.025
[01:26:46] 257.1, 126.6, 2.030
[01:26:47] 257.2, 126.7, 2.026
[01:26:48] 257.3, 126.7, 2.027
[01:26:49] 257.4, 126.8, 1.119
[01:26:50] 184.8, 126.8, 1.093
[01:26:51] 140.3, 126.8, 1.091
[01:26:52] 140.2, 126.8, 1.103
[01:26:53] 140.2, 126.8, 1.100
