<<<[07:12:19] 145.0, 125.7, 1.119
[07:12:20] 144.7, 125.7, 1.127
[07:12:21] 144.4, 125.7, 1.141
[07:12:22] 144.3, 125.8, 1.206
[07:12:23] 144.8, 125.7, 1.268
[07:12:24] 159.9, 125.7, 1.271
[07:12:25] 159.9, 125.8, 1.270
[07:12:26] 160.0, 125.7, 1.271
[07:12:27] 160.0, 125.7, 1.239
[07:12:28] 160.1, 125.7, 1.268
[07:12:29] 160.2, 125.7, 1.271
[07:12:30] 160.0, 125.6, 1.244
[07:12:31] 160.0, 125.7, 1.276
[07:12:32] 159.9, 125.7, 1.271
[07:12:33] 160.0, 125.7, 1.267
[07:12:34] 160.0, 125.7, 1.271
[07:12:35] 160.1, 125.7, 1.267
[07:12:36] 160.2, 125.7, 1.274
[07:12:37] 160.1, 125.8, 1.267
[07:12:38] 160.1, 125.8, 1.271
[07:12:39] 160.2, 125.8, 1.259
[07:12:40] 160.2, 125.8, 1.273
[07:12:41] 160.3, 125.8, 1.265
[07:12:42] 160.4, 125.7, 1.271
[07:12:43] 160.5, 125.8, 1.262
[07:12:44] 160.4, 125.8, 1.293
[07:12:45] 160.7, 125.8, 1.290
[07:12:46] 161.1, 125.8, 1.253
[07:12:47] 161.2, 125.8, 1.268
[07:12:48] 161.0, 125.8, 1.230
[07:12:49] 160.8, 125.8, 1.224
[07:12:50] 160.5, 125.8, 1.270
[07:12:51] 160.5, 125.7, 1.269
[07:12:52] 160.6, 125.8, 1.271
[07:12:53] 160.6, 125.8, 1.261
[07:12:54] 160.5, 125.8, 1.268
[07:12:55] 160.5, 125.8, 1.212
[07:12:56] 160.2, 125.8, 1.273
[07:12:57] 160.1, 125.8, 1.273
[07:12:58] 160.1, 125.8, 1.258
[07:12:59] 160.1, 125.8, 1.276
[07:13:00] 160.0, 125.8, 1.268
[07:13:01] 160.1, 125.8, 1.248
[07:13:02] 160.1, 125.8, 1.271
[07:13:03] 160.2, 125.8, 1.274
[07:13:04] 160.3, 125.8, 1.270
[07:13:05] 160.4, 125.8, 1.248
[07:13:06] 160.2, 125.8, 1.264
[07:13:07] 160.3, 125.8, 1.258
[07:13:08] 160.3, 125.8, 1.270
[07:13:09] 160.4, 125.8, 1.269
[07:13:10] 160.4, 125.8, 1.247
[07:13:11] 160.3, 125.8, 1.267
[07:13:12] 160.4, 125.8, 1.271
[07:13:13] 160.5, 125.7, 1.253
[07:13:14] 160.4, 125.8, 1.270
[07:13:15] 160.3, 125.8, 1.270
[07:13:16] 160.1, 125.9, 1.249
[07:13:17] 160.1, 125.9, 1.265
[07:13:18] 160.2, 125.9, 1.227
[07:13:19] 160.0, 125.9, 1.241
[07:13:20] 159.9, 125.9, 1.256
[07:13:21] 160.0, 125.9, 1.268
[07:13:22] 160.1, 125.9, 1.271
[07:13:23] 160.2, 125.9, 1.270
[07:13:24] 160.3, 125.9, 1.268
[07:13:25] 160.3, 125.8, 1.232
[07:13:26] 160.3, 125.8, 1.268
[07:13:27] 160.7, 125.8, 1.270
[07:13:28] 160.8, 125.8, 1.270
[07:13:29] 160.8, 125.8, 1.268
[07:13:30] 160.8, 125.8, 1.268
[07:13:31] 160.8, 125.8, 1.268
[07:13:32] 160.7, 125.8, 1.265
[07:13:33] 160.6, 125.8, 1.272
[07:13:34] 160.4, 125.8, 1.273
[07:13:35] 160.3, 125.8, 1.273
[07:13:36] 160.2, 125.8, 1.266
[07:13:37] 160.3, 125.8, 1.214
[07:13:38] 160.1, 125.8, 1.265
[07:13:39] 160.2, 125.8, 1.259
[07:13:40] 160.2, 125.8, 1.272
[07:13:41] 160.1, 125.8, 1.260
[07:13:42] 160.1, 125.8, 1.266
[07:13:43] 160.0, 125.8, 1.268
[07:13:44] 160.1, 125.7, 1.269
[07:13:45] 160.1, 125.7, 1.257
[07:13:46] 160.1, 125.7, 1.260
[07:13:47] 160.0, 125.7, 1.270
[07:13:48] 160.0, 125.7, 1.266
[07:13:49] 160.1, 125.7, 1.249
[07:13:50] 160.0, 125.7, 1.268
[07:13:51] 159.9, 125.7, 1.258
[07:13:52] 159.8, 125.7, 1.257
[07:13:53] 159.7, 125.7, 1.270
[07:13:54] 159.8, 125.8, 1.268
[07:13:55] 160.0, 125.8, 1.270
[07:13:56] 159.9, 125.8, 1.269
[07:13:57] 159.9, 125.8, 1.266
[07:13:58] 159.9, 125.7, 1.265
[07:13:59] 159.9, 125.8, 1.215
[07:14:00] 159.7, 125.8, 1.263
[07:14:01] 159.7, 125.8, 1.271
[07:14:02] 159.9, 125.8, 1.258
[07:14:03] 159.7, 125.7, 1.269
[07:14:04] 159.8, 125.8, 1.268
[07:14:05] 159.9, 125.8, 1.224
[07:14:06] 159.7, 125.8, 1.272
[07:14:07] 159.8, 125.8, 1.269
[07:14:08] 160.0, 125.7, 1.270
[07:14:09] 160.0, 125.7, 1.236
[07:14:10] 160.0, 125.8, 1.237
[07:14:11] 159.9, 125.7, 1.255
[07:14:12] 159.8, 125.7, 1.231
[07:14:13] 159.8, 125.7, 1.269
[07:14:14] 159.9, 125.7, 1.258
[07:14:15] 159.8, 125.7, 1.267
[07:14:16] 160.0, 125.7, 1.242
[07:14:17] 159.9, 125.7, 1.263
[07:14:18] 159.8, 125.7, 1.268
[07:14:19] 159.9, 125.7, 1.270
[07:14:20] 160.1, 125.7, 1.244
[07:14:21] 160.0, 125.7, 1.280
[07:14:22] 160.0, 125.6, 1.241
[07:14:23] 159.9, 125.6, 1.270
[07:14:24] 160.0, 125.6, 1.270
[07:14:25] 160.1, 125.7, 1.216
[07:14:26] 159.9, 125.7, 1.267
[07:14:27] 160.0, 125.7, 1.256
[07:14:28] 159.8, 125.7, 1.268
[07:14:29] 159.8, 125.7, 1.269
[07:14:30] 160.0, 125.7, 1.269
[07:14:31] 160.0, 125.6, 1.252
[07:14:32] 160.1, 125.7, 1.267
[07:14:33] 160.1, 125.7, 1.268
[07:14:34] 160.1, 125.7, 1.248
[07:14:35] 160.1, 125.8, 1.265
[07:14:36] 160.1, 125.7, 1.270
[07:14:37] 160.0, 125.8, 1.268
[07:14:38] 160.1, 125.7, 1.279
[07:14:39] 160.6, 125.8, 1.217
[07:14:40] 160.4, 125.7, 1.282
[07:14:41] 160.2, 125.7, 1.251
[07:14:42] 160.2, 125.8, 1.254
[07:14:43] 160.2, 125.7, 1.225
[07:14:44] 160.0, 125.7, 1.266
[07:14:45] 160.0, 125.7, 1.253
[07:14:46] 159.7, 125.7, 1.265
[07:14:47] 159.7, 125.7, 1.251
[07:14:48] 159.7, 125.7, 1.271
[07:14:49] 159.9, 125.7, 1.269
[07:14:50] 160.0, 125.7, 1.269
[07:14:51] 159.9, 125.7, 1.266
[07:14:52] 160.0, 125.8, 1.274
[07:14:53] 160.1, 125.7, 1.267
[07:14:54] 160.2, 125.7, 1.262
[07:14:55] 160.1, 125.8, 1.248
[07:14:56] 160.2, 125.8, 1.268
[07:14:57] 160.1, 125.8, 1.268
[07:14:58] 160.2, 125.8, 1.236
[07:14:59] 160.1, 125.8, 1.233
[07:15:00] 160.1, 125.8, 1.267
[07:15:01] 160.1, 125.8, 1.261
[07:15:02] 160.0, 125.8, 1.268
[07:15:03] 160.1, 125.8, 1.269
[07:15:04] 160.0, 125.8, 1.230
[07:15:05] 159.8, 125.8, 1.257
[07:15:06] 160.0, 125.8, 1.272
[07:15:07] 160.0, 125.8, 1.259
[07:15:08] 160.0, 125.7, 1.241
[07:15:09] 159.8, 125.8, 1.266
[07:15:10] 159.8, 125.8, 1.270
[07:15:11] 159.9, 125.8, 1.254
[07:15:12] 159.9, 125.8, 1.227
[07:15:13] 159.9, 125.8, 1.267
[07:15:14] 160.0, 125.8, 1.251
[07:15:15] 159.9, 125.8, 1.263
[07:15:16] 159.8, 125.8, 1.269
[07:15:17] 159.7, 125.7, 1.254
[07:15:18] 159.7, 125.7, 1.255
[07:15:19] 159.7, 125.7, 1.265
[07:15:20] 159.8, 125.7, 1.268
[07:15:21] 159.7, 125.7, 1.255
[07:15:22] 159.8, 125.7, 1.235
[07:15:23] 159.7, 125.7, 1.268
[07:15:24] 159.9, 125.7, 1.277
[07:15:25] 160.0, 125.6, 1.267
[07:15:26] 160.1, 125.7, 1.228
[07:15:27] 159.8, 125.7, 1.271
[07:15:28] 159.9, 125.7, 1.235
[07:15:29] 159.8, 125.6, 1.262
[07:15:30] 159.9, 125.7, 1.268
[07:15:31] 160.0, 125.7, 1.270
[07:15:32] 160.1, 125.6, 1.265
[07:15:33] 159.7, 125.7, 1.265
[07:15:34] 159.8, 125.7, 1.272
[07:15:35] 159.9, 125.6, 1.266
[07:15:36] 159.9, 125.6, 1.276
[07:15:37] 159.7, 125.8, 1.269
[07:15:38] 159.8, 125.8, 1.254
[07:15:39] 159.8, 125.7, 1.268
[07:15:40] 159.9, 125.8, 1.272
[07:15:41] 159.8, 125.7, 1.264
[07:15:42] 159.8, 125.7, 1.269
[07:15:43] 160.0, 125.7, 1.260
[07:15:44] 159.9, 125.7, 1.273
[07:15:45] 159.9, 125.7, 1.252
[07:15:46] 159.7, 125.7, 1.267
[07:15:47] 159.7, 125.7, 1.272
[07:15:48] 159.6, 125.7, 1.269
[07:15:49] 159.6, 125.7, 1.268
[07:15:50] 159.6, 125.7, 1.227
[07:15:51] 159.7, 125.8, 1.238
[07:15:52] 159.5, 125.7, 1.267
[07:15:53] 159.6, 125.7, 1.268
[07:15:54] 159.8, 125.7, 1.271
[07:15:55] 159.6, 125.7, 1.269
[07:15:56] 159.7, 125.7, 1.267
[07:15:57] 159.8, 125.7, 1.214
[07:15:58] 159.5, 125.7, 1.263
[07:15:59] 159.6, 125.7, 1.269
[07:16:00] 159.5, 125.7, 1.268
[07:16:01] 159.6, 125.7, 1.267
[07:16:02] 159.8, 125.8, 1.264
[07:16:03] 159.8, 125.8, 1.267
[07:16:04] 159.9, 125.8, 1.272
[07:16:05] 159.9, 125.8, 1.266
[07:16:06] 159.8, 125.8, 1.256
[07:16:07] 159.9, 125.8, 1.227
[07:16:08] 159.7, 125.8, 1.254
[07:16:09] 159.7, 125.8, 1.266
[07:16:10] 159.6, 125.8, 1.268
[07:16:11] 159.7, 125.8, 1.261
[07:16:12] 159.8, 125.8, 1.268
[07:16:13] 159.8, 125.8, 1.267
[07:16:14] 159.9, 125.7, 1.253
[07:16:15] 160.0, 125.7, 1.268
[07:16:16] 160.0, 125.7, 1.264
[07:16:17] 159.9, 125.7, 1.254
[07:16:18] 159.9, 125.8, 1.269
[07:16:19] 160.0, 125.7, 1.267
[07:16:20] 160.1, 125.7, 1.268
[07:16:21] 160.2, 125.7, 1.262
[07:16:22] 160.1, 125.7, 1.269
[07:16:23] 160.0, 125.8, 1.271
[07:16:24] 160.1, 125.7, 1.269
[07:16:25] 160.1, 125.7, 1.274
[07:16:26] 160.0, 125.7, 1.277
[07:16:27] 160.0, 125.7, 1.270
[07:16:28] 159.8, 125.7, 1.247
[07:16:29] 159.7, 125.6, 1.271
[07:16:30] 159.6, 125.7, 1.271
[07:16:31] 159.8, 125.7, 1.259
[07:16:32] 159.8, 125.7, 1.269
[07:16:33] 159.9, 125.7, 1.250
[07:16:34] 159.9, 125.7, 1.269
[07:16:35] 159.9, 125.7, 1.257
[07:16:36] 159.9, 125.6, 1.267
[07:16:37] 160.0, 125.7, 1.268
[07:16:38] 160.1, 125.7, 1.268
[07:16:39] 160.2, 125.7, 1.264
[07:16:40] 160.2, 125.7, 1.260
[07:16:41] 160.1, 125.7, 1.225
[07:16:42] 160.0, 125.7, 1.268
[07:16:43] 160.1, 125.7, 1.262
[07:16:44] 160.0, 125.8, 1.263
[07:16:45] 159.9, 125.8, 1.264
[07:16:46] 159.7, 125.8, 1.219
[07:16:47] 159.5, 125.8, 1.266
[07:16:48] 159.4, 125.8, 1.249
[07:16:49] 159.4, 125.8, 1.271
[07:16:50] 159.5, 125.7, 1.220
[07:16:51] 159.4, 125.8, 1.269
[07:16:52] 159.5, 125.7, 1.226
[07:16:53] 159.4, 125.7, 1.268
[07:16:54] 159.3, 125.7, 1.275
[07:16:55] 159.5, 125.7, 1.266
[07:16:56] 159.6, 125.7, 1.268
[07:16:57] 159.7, 125.7, 1.249
[07:16:58] 159.5, 125.8, 1.241
[07:16:59] 159.5, 125.7, 1.269
[07:17:00] 159.6, 125.8, 1.268
[07:17:01] 159.7, 125.7, 1.266
[07:17:02] 159.8, 125.7, 1.294
[07:17:03] 160.1, 125.8, 1.273
[07:17:04] 160.4, 125.8, 1.266
[07:17:05] 160.5, 125.8, 1.263
[07:17:06] 160.5, 125.8, 1.270
[07:17:07] 160.4, 125.9, 1.282
[07:17:08] 160.2, 125.9, 1.265
[07:17:09] 160.0, 125.8, 1.262
[07:17:10] 160.1, 125.8, 1.272
[07:17:11] 159.9, 125.8, 1.276
[07:17:12] 159.9, 125.8, 1.264
[07:17:13] 160.0, 125.8, 1.271
[07:17:14] 160.0, 125.7, 1.256
[07:17:15] 160.0, 125.7, 1.309
[07:17:16] 160.2, 125.8, 1.298
[07:17:17] 160.7, 125.8, 1.229
[07:17:18] 160.8, 125.8, 1.253
[07:17:19] 160.4, 125.8, 1.243
[07:17:20] 160.1, 125.8, 1.239
[07:17:21] 160.0, 125.8, 1.236
[07:17:22] 159.8, 125.8, 1.300
[07:17:23] 159.6, 125.8, 1.236
[07:17:24] 159.3, 125.8, 1.288
[07:17:25] 159.7, 125.9, 1.268
[07:17:26] 159.4, 125.9, 1.236
[07:17:27] 159.3, 125.9, 1.241
[07:17:28] 159.1, 125.9, 1.238
[07:17:29] 159.1, 125.9, 1.245
[07:17:30] 158.9, 125.9, 1.234
[07:17:31] 158.9, 125.9, 1.285
[07:17:32] 159.0, 125.9, 1.302
[07:17:33] 164.9, 125.9, 1.266
[07:17:34] 157.1, 125.9, 1.233
[07:17:35] 157.2, 125.9, 1.241
[07:17:36] 157.3, 125.8, 1.241
[07:17:37] 157.6, 125.9, 1.241
[07:17:38] 157.5, 125.9, 1.236
[07:17:39] 157.7, 125.8, 1.294
[07:17:40] 158.0, 125.9, 1.244
[07:17:41] 158.1, 125.9, 1.248
[07:17:42] 158.3, 125.8, 1.269
[07:17:43] 158.2, 125.8, 1.305
[07:17:44] 158.3, 125.9, 1.236
[07:17:45] 158.3, 125.9, 1.236
[07:17:46] 158.3, 125.8, 1.244
[07:17:47] 158.2, 125.9, 1.332
[07:17:48] 166.4, 125.9, 1.288
[07:17:49] 166.1, 125.8, 1.234
[07:17:50] 165.5, 125.8, 1.249
[07:17:51] 157.3, 125.9, 1.236
[07:17:52] 157.4, 125.8, 1.258
[07:17:53] 157.7, 125.8, 1.261
[07:17:54] 157.8, 125.8, 1.280
[07:17:55] 157.8, 125.8, 1.232
[07:17:56] 157.9, 125.8, 1.309
[07:17:57] 158.4, 125.8, 1.243
[07:17:58] 158.3, 125.8, 1.233
[07:17:59] 158.3, 125.8, 1.249
[07:18:00] 158.2, 125.7, 1.251
[07:18:01] 158.4, 125.8, 1.236
[07:18:02] 158.3, 125.7, 1.247
[07:18:03] 158.4, 125.7, 1.321
[07:18:04] 158.7, 125.6, 1.315
[07:18:05] 164.6, 125.7, 1.234
[07:18:06] 157.5, 125.7, 1.243
[07:18:07] 157.6, 125.8, 1.241
[07:18:08] 157.6, 125.7, 1.244
[07:18:09] 157.8, 125.7, 1.238
[07:18:10] 158.0, 125.7, 1.285
[07:18:11] 158.0, 125.7, 1.312
[07:18:12] 158.4, 125.7, 1.241
[07:18:13] 158.4, 125.7, 1.298
[07:18:14] 158.4, 125.7, 1.235
[07:18:15] 158.3, 125.7, 1.229
[07:18:16] 158.5, 125.7, 1.264
[07:18:17] 158.5, 125.8, 1.243
[07:18:18] 158.4, 125.7, 1.236
[07:18:19] 158.5, 125.8, 1.300
[07:18:20] 166.4, 125.8, 1.298
[07:18:21] 166.4, 125.9, 1.271
[07:18:22] 166.1, 125.7, 1.311
[07:18:23] 165.9, 125.9, 1.287
[07:18:24] 165.7, 125.8, 1.231
[07:18:25] 157.7, 125.8, 1.243
[07:18:26] 157.7, 125.9, 1.234
[07:18:27] 157.7, 125.9, 1.239
[07:18:28] 157.9, 125.9, 1.254
[07:18:29] 158.1, 125.9, 1.267
[07:18:30] 158.0, 125.9, 1.308
[07:18:31] 158.5, 125.9, 1.236
[07:18:32] 158.4, 125.9, 1.295
[07:18:33] 158.4, 125.9, 1.232
[07:18:34] 158.3, 125.9, 1.229
[07:18:35] 158.5, 125.9, 1.247
[07:18:36] 158.4, 125.9, 1.240
[07:18:37] 158.3, 125.9, 1.237
[07:18:38] 158.5, 125.8, 1.302
[07:18:39] 166.0, 125.8, 1.275
[07:18:40] 158.0, 125.9, 1.257
[07:18:41] 158.0, 125.8, 1.232
[07:18:42] 157.9, 125.8, 1.238
[07:18:43] 158.2, 125.9, 1.247
[07:18:44] 158.1, 125.8, 1.232
[07:18:45] 158.1, 125.8, 1.277
[07:18:46] 158.4, 125.9, 1.247
[07:18:47] 158.6, 125.9, 1.236
[07:18:48] 158.6, 125.8, 1.263
[07:18:49] 158.5, 125.8, 1.316
[07:18:50] 158.6, 125.8, 1.242
[07:18:51] 158.5, 125.8, 1.236
[07:18:52] 158.5, 125.8, 1.245
[07:18:53] 158.4, 125.7, 1.317
[07:18:54] 165.8, 125.7, 1.321
[07:18:55] 165.8, 125.8, 1.246
[07:18:56] 165.2, 125.8, 1.239
[07:18:57] 157.5, 125.8, 1.239
[07:18:58] 157.6, 125.8, 1.306
[07:18:59] 157.9, 125.7, 1.270
[07:19:00] 157.8, 125.7, 1.236
[07:19:01] 157.9, 125.7, 1.237
[07:19:02] 157.9, 125.7, 1.292
[07:19:03] 158.4, 125.7, 1.247
[07:19:04] 158.4, 125.7, 1.245
[07:19:05] 158.4, 125.6, 1.241
[07:19:06] 158.3, 125.7, 1.244
[07:19:07] 158.4, 125.7, 1.239
[07:19:08] 158.5, 125.7, 1.270
[07:19:09] 158.4, 125.7, 1.315
[07:19:10] 158.8, 125.7, 1.249
[07:19:11] 159.3, 125.8, 1.236
[07:19:12] 159.1, 125.7, 1.251
[07:19:13] 159.0, 125.8, 1.234
[07:19:14] 158.9, 125.7, 1.248
[07:19:15] 159.0, 125.8, 1.274
[07:19:16] 159.0, 125.7, 1.254
[07:19:17] 158.8, 125.7, 1.311
[07:19:18] 159.2, 125.8, 1.264
[07:19:19] 159.1, 125.7, 1.258
[07:19:20] 158.9, 125.7, 1.251
[07:19:21] 158.9, 125.8, 1.234
[07:19:22] 159.0, 125.8, 1.250
[07:19:23] 158.8, 125.8, 1.235
[07:19:24] 158.7, 125.8, 1.262
[07:19:25] 158.9, 125.9, 1.297
[07:19:26] 166.0, 125.8, 1.297
[07:19:27] 165.9, 125.8, 1.319
[07:19:28] 166.1, 125.7, 1.298
[07:19:29] 166.0, 125.8, 1.315
[07:19:30] 166.1, 125.8, 1.270
[07:19:31] 165.7, 125.8, 1.278
[07:19:32] 165.4, 125.7, 1.314
[07:19:33] 165.4, 125.8, 1.321
[07:19:34] 165.4, 125.8, 1.236
[07:19:35] 165.2, 125.9, 1.233
[07:19:36] 157.5, 125.9, 1.227
[07:19:37] 157.6, 125.9, 1.231
[07:19:38] 157.6, 125.9, 1.268
[07:19:39] 157.9, 125.8, 1.239
[07:19:40] 157.8, 126.0, 1.241
[07:19:41] 157.8, 125.9, 1.232
[07:19:42] 157.7, 125.8, 1.303
[07:19:43] 158.2, 125.8, 1.241
[07:19:44] 158.2, 125.8, 1.234
[07:19:45] 158.1, 125.8, 1.235
[07:19:46] 158.1, 125.8, 1.238
[07:19:47] 158.1, 125.7, 1.239
[07:19:48] 158.2, 125.7, 1.239
[07:19:49] 158.1, 125.7, 1.232
[07:19:50] 158.1, 125.7, 1.237
[07:19:51] 158.1, 125.7, 1.323
[07:19:52] 166.0, 125.7, 1.247
[07:19:53] 158.6, 125.8, 1.239
[07:19:54] 158.4, 125.8, 1.242
[07:19:55] 158.4, 125.8, 1.242
[07:19:56] 158.3, 125.8, 1.249
[07:19:57] 158.5, 125.8, 1.247
[07:19:58] 158.3, 125.8, 1.246
[07:19:59] 158.3, 125.8, 1.241
[07:20:00] 158.2, 125.8, 1.267
[07:20:01] 158.7, 125.8, 1.261
[07:20:02] 158.6, 125.8, 1.256
[07:20:03] 158.5, 125.8, 1.237
[07:20:04] 158.4, 125.8, 1.300
[07:20:05] 158.6, 125.8, 1.266
[07:20:06] 158.4, 125.8, 1.290
[07:20:07] 158.4, 125.8, 1.260
[07:20:08] 158.2, 125.8, 1.313
[07:20:09] 158.6, 125.8, 1.296
[07:20:10] 165.1, 125.9, 1.296
[07:20:11] 165.1, 125.8, 1.243
[07:20:12] 158.6, 125.9, 1.233
[07:20:13] 158.4, 125.9, 1.249
[07:20:14] 158.5, 125.8, 1.236
[07:20:15] 158.3, 125.8, 1.247
[07:20:16] 158.5, 125.8, 1.244
[07:20:17] 158.3, 125.8, 1.244
[07:20:18] 158.4, 125.7, 1.236
[07:20:19] 158.2, 125.8, 1.245
[07:20:20] 158.7, 125.8, 1.236
[07:20:21] 158.6, 125.8, 1.234
[07:20:22] 158.6, 125.8, 1.233
[07:20:23] 158.5, 125.8, 1.278
[07:20:24] 158.6, 125.8, 1.266
[07:20:25] 158.5, 125.8, 1.265
[07:20:26] 158.4, 125.7, 1.242
[07:20:27] 158.3, 125.8, 1.306
[07:20:28] 158.7, 125.8, 1.295
[07:20:29] 163.8, 125.8, 1.269
[07:20:30] 157.5, 125.8, 1.308
[07:20:31] 157.6, 125.8, 1.260
[07:20:32] 157.6, 125.8, 1.314
[07:20:33] 157.9, 125.8, 1.255
[07:20:34] 157.8, 125.8, 1.289
[07:20:35] 157.9, 125.8, 1.270
[07:20:36] 157.8, 125.7, 1.319
[07:20:37] 158.1, 125.8, 1.250
[07:20:38] 158.3, 125.7, 1.243
[07:20:39] 158.2, 125.8, 1.247
[07:20:40] 158.2, 125.8, 1.238
[07:20:41] 158.1, 125.8, 1.243
[07:20:42] 158.3, 125.8, 1.251
[07:20:43] 158.2, 125.8, 1.249
[07:20:44] 158.2, 125.7, 1.248
[07:20:45] 158.1, 125.7, 1.297
[07:20:46] 164.6, 125.8, 1.320
[07:20:47] 164.7, 125.7, 1.301
[07:20:48] 164.7, 125.7, 1.337
[07:20:49] 165.1, 125.7, 1.299
[07:20:50] 165.0, 125.8, 1.242
[07:20:51] 164.3, 125.8, 1.251
[07:20:52] 157.3, 125.8, 1.250
[07:20:53] 157.4, 125.8, 1.243
[07:20:54] 157.4, 125.8, 1.240
[07:20:55] 157.6, 125.8, 1.241
[07:20:56] 157.6, 125.8, 1.242
[07:20:57] 157.7, 125.8, 1.245
[07:20:58] 157.7, 125.7, 1.298
[07:20:59] 158.3, 125.7, 1.266
[07:21:00] 158.2, 125.7, 1.295
[07:21:01] 158.2, 125.7, 1.268
[07:21:02] 158.0, 125.6, 1.310
[07:21:03] 158.3, 125.7, 1.240
[07:21:04] 158.2, 125.7, 1.263
[07:21:05] 158.2, 125.7, 1.264
[07:21:06] 158.1, 125.7, 1.286
[07:21:07] 158.3, 125.8, 1.297
[07:21:08] 165.3, 125.7, 1.236
[07:21:09] 157.9, 125.8, 1.240
[07:21:10] 157.9, 125.8, 1.236
[07:21:11] 157.8, 125.8, 1.253
[07:21:12] 158.0, 125.8, 1.235
[07:21:13] 158.0, 125.8, 1.234
[07:21:14] 157.9, 125.9, 1.234
[07:21:15] 158.0, 125.8, 1.238
[07:21:16] 158.0, 125.8, 1.237
[07:21:17] 158.4, 125.8, 1.253
[07:21:18] 158.3, 125.8, 1.241
[07:21:19] 158.4, 125.8, 1.245
[07:21:20] 158.2, 125.8, 1.231
[07:21:21] 158.4, 125.8, 1.233
[07:21:22] 158.3, 125.8, 1.239
[07:21:23] 158.3, 125.8, 1.253
[07:21:24] 158.3, 125.7, 1.315
[07:21:25] 158.8, 125.8, 1.311
[07:21:26] 165.8, 125.8, 1.298
[07:21:27] 165.6, 125.8, 1.247
[07:21:28] 157.5, 125.8, 1.275
[07:21:29] 157.6, 125.8, 1.263
[07:21:30] 157.5, 125.8, 1.294
[07:21:31] 157.8, 125.8, 1.238
[07:21:32] 157.7, 125.8, 1.249
[07:21:33] 157.8, 125.8, 1.244
[07:21:34] 157.7, 125.8, 1.281
[07:21:35] 157.9, 125.8, 1.249
[07:21:36] 158.2, 125.8, 1.247
[07:21:37] 158.1, 125.9, 1.249
[07:21:38] 158.1, 125.8, 1.242
[07:21:39] 158.0, 125.9, 1.241
[07:21:40] 158.3, 125.9, 1.245
[07:21:41] 158.1, 126.0, 1.246
[07:21:42] 158.1, 126.0, 1.243
[07:21:43] 158.0, 126.0, 1.298
[07:21:44] 164.4, 125.9, 1.243
[07:21:45] 163.9, 125.9, 1.247
[07:21:46] 157.3, 126.0, 1.249
[07:21:47] 157.4, 125.9, 1.245
[07:21:48] 157.4, 125.9, 1.239
[07:21:49] 157.7, 125.9, 1.241
[07:21:50] 157.6, 125.8, 1.241
[07:21:51] 157.7, 125.8, 1.250
[07:21:52] 157.6, 125.8, 1.306
[07:21:53] 158.2, 125.8, 1.265
[07:21:54] 158.1, 125.8, 1.286
[07:21:55] 158.1, 125.8, 1.252
[07:21:56] 158.0, 125.8, 1.313
[07:21:57] 158.2, 125.7, 1.268
[07:21:58] 158.2, 125.8, 1.310
[07:21:59] 158.2, 125.8, 1.263
[07:22:00] 158.1, 125.9, 1.314
[07:22:01] 158.3, 125.8, 1.305
[07:22:02] 166.0, 125.8, 1.293
[07:22:03] 165.9, 125.9, 1.318
[07:22:04] 166.0, 125.8, 1.298
[07:22:05] 165.9, 125.9, 1.300
[07:22:06] 165.7, 125.9, 1.314
[07:22:07] 165.9, 125.8, 1.325
[07:22:08] 166.1, 125.9, 1.295
[07:22:09] 165.9, 125.9, 1.309
[07:22:10] 165.7, 125.8, 1.306
[07:22:11] 165.7, 125.9, 1.261
[07:22:12] 159.9, 125.9, 1.269
[07:22:13] 159.9, 126.0, 1.259
[07:22:14] 159.9, 125.9, 1.259
[07:22:15] 159.9, 126.0, 1.169
[07:22:16] 151.3, 126.0, 1.156
[07:22:17] 150.7, 125.9, 1.174
[07:22:18] 150.4, 126.0, 1.170
[07:22:19] 150.2, 126.0, 1.169
[07:22:20] 150.0, 125.9, 1.479
[07:22:21] 193.7, 126.0, 1.040
[07:22:22] 132.0, 126.0, 1.099
[07:22:23] 139.9, 126.0, 1.093
[07:22:24] 139.7, 126.0, 1.092
[07:22:25] 139.7, 125.9, 2.344
[07:22:26] 210.4, 126.1, 1.019
[07:22:27] 142.8, 126.0, 1.093
[07:22:28] 142.3, 126.0, 1.091
[07:22:29] 141.9, 126.0, 1.095
[07:22:30] 141.5, 126.0, 1.102
[07:22:31] 185.2, 126.0, 1.507
[07:22:32] 218.5, 126.0, 1.092
[07:22:33] 136.5, 125.9, 1.101
[07:22:34] 136.8, 126.0, 1.097
[07:22:35] 137.1, 125.9, 1.096
[07:22:36] 137.4, 125.7, 2.327
[07:22:37] 247.8, 125.9, 1.445
[07:22:38] 236.4, 125.9, 1.099
[07:22:39] 139.9, 126.0, 1.095
[07:22:40] 139.8, 126.0, 1.098
[07:22:41] 139.7, 125.9, 1.095
[07:22:42] 139.6, 125.7, 2.396
[07:22:43] 223.9, 125.7, 2.326
[07:22:44] 294.2, 125.7, 2.391
[07:22:45] 288.9, 125.8, 1.098
[07:22:46] 150.4, 125.8, 1.099
[07:22:47] 139.6, 125.8, 1.095
[07:22:48] 139.5, 125.8, 1.095
[07:22:49] 139.5, 125.8, 1.105
[07:22:50] 178.7, 125.6, 2.329
[07:22:51] 291.1, 125.6, 2.392
[07:22:52] 299.1, 125.6, 2.392
[07:22:53] 299.4, 125.6, 2.396
[07:22:54] 299.8, 125.8, 1.561
[07:22:55] 237.3, 125.8, 1.096
[07:22:56] 139.9, 125.9, 1.096
[07:22:57] 139.8, 125.9, 1.104
[07:22:58] 139.8, 125.9, 1.093
[07:22:59] 139.8, 125.8, 2.299
[07:23:00] 235.3, 125.8, 2.323
[07:23:01] 294.0, 125.7, 2.399
[07:23:02] 302.3, 125.7, 2.395
[07:23:03] 302.3, 125.7, 2.395
[07:23:04] 302.3, 125.7, 2.394
[07:23:05] 302.4, 125.8, 2.393
[07:23:06] 302.4, 125.8, 2.398
[07:23:07] 302.5, 125.8, 2.395
[07:23:08] 302.5, 125.8, 1.889
[07:23:09] 273.5, 126.0, 1.098
[07:23:10] 139.6, 125.9, 1.101
[07:23:11] 139.6, 126.0, 1.096
[07:23:12] 139.6, 125.9, 1.095
[07:23:13] 139.6, 125.7, 3.264
[07:23:14] 201.1, 125.7, 2.334
[07:23:15] 294.9, 125.7, 2.392
[07:23:16] 300.1, 125.7, 2.393
[07:23:17] 300.3, 125.8, 2.397
[07:23:18] 300.6, 125.7, 2.397
[07:23:19] 300.9, 125.7, 2.403
[07:23:20] 301.1, 125.8, 2.402
[07:23:21] 301.4, 125.7, 2.397
[07:23:22] 301.6, 125.7, 2.406
[07:23:23] 301.8, 125.7, 2.404
[07:23:24] 302.0, 125.7, 2.402
[07:23:25] 302.2, 125.7, 2.402
[07:23:26] 302.3, 125.7, 2.402
[07:23:27] 302.5, 125.7, 2.403
[07:23:28] 302.7, 125.7, 2.408
[07:23:29] 302.8, 125.7, 2.408
[07:23:30] 302.9, 125.7, 2.405
[07:23:31] 303.0, 125.7, 2.404
[07:23:32] 303.1, 125.9, 1.099
[07:23:33] 168.5, 125.9, 1.103
[07:23:34] 140.3, 126.0, 1.100
[07:23:35] 140.2, 125.8, 1.099
