<<<[19:34:59] 143.8, 126.0, 1.120
[19:35:00] 143.6, 126.0, 1.131
[19:35:01] 143.5, 126.0, 1.140
[19:35:02] 143.5, 126.0, 1.196
[19:35:03] 144.1, 126.0, 1.262
[19:35:04] 157.3, 126.0, 1.242
[19:35:05] 157.5, 126.0, 1.265
[19:35:06] 157.8, 126.0, 1.252
[19:35:07] 157.9, 126.0, 1.265
[19:35:08] 158.1, 126.1, 1.221
[19:35:09] 158.2, 126.1, 1.236
[19:35:10] 158.1, 126.0, 1.227
[19:35:11] 157.9, 126.0, 1.238
[19:35:12] 157.9, 126.0, 1.240
[19:35:13] 157.8, 126.0, 1.234
[19:35:14] 157.7, 126.0, 1.279
[19:35:15] 157.8, 126.0, 1.233
[19:35:16] 157.7, 126.0, 1.233
[19:35:17] 157.5, 126.0, 1.230
[19:35:18] 157.4, 126.0, 1.230
[19:35:19] 157.2, 126.0, 1.226
[19:35:20] 157.2, 126.0, 1.228
[19:35:21] 157.1, 126.0, 1.229
[19:35:22] 157.1, 126.0, 1.221
[19:35:23] 157.0, 126.0, 1.274
[19:35:24] 157.3, 126.0, 1.148
[19:35:25] 148.1, 126.0, 1.167
[19:35:26] 148.2, 126.0, 1.176
[19:35:27] 148.2, 126.0, 1.176
[19:35:28] 148.3, 126.0, 1.172
[19:35:29] 148.4, 126.0, 1.043
[19:35:30] 178.0, 126.0, 1.107
[19:35:31] 135.1, 126.0, 1.096
[19:35:32] 135.6, 126.0, 1.097
[19:35:33] 136.1, 126.0, 1.095
[19:35:34] 136.5, 126.0, 1.055
[19:35:35] 176.3, 126.0, 1.096
[19:35:36] 134.5, 126.0, 1.101
[19:35:37] 139.8, 126.0, 1.099
[19:35:38] 139.7, 126.0, 1.100
[19:35:39] 139.7, 126.0, 1.144
[19:35:40] 188.8, 126.0, 1.052
[19:35:41] 134.0, 126.0, 1.096
[19:35:42] 139.6, 126.0, 1.094
[19:35:43] 139.6, 126.0, 1.093
[19:35:44] 139.6, 125.9, 1.968
[19:35:45] 210.5, 126.0, 1.051
[19:35:46] 136.7, 126.0, 1.115
[19:35:47] 137.1, 126.0, 1.104
[19:35:48] 137.4, 126.0, 1.100
[19:35:49] 137.7, 125.8, 2.248
[19:35:50] 179.2, 126.0, 1.534
[19:35:51] 221.8, 126.0, 1.097
[19:35:52] 135.6, 126.0, 1.094
[19:35:53] 136.1, 126.0, 1.095
[19:35:54] 136.5, 126.0, 1.098
[19:35:55] 136.9, 125.8, 2.348
[19:35:56] 201.1, 125.9, 2.005
[19:35:57] 254.3, 126.0, 1.100
[19:35:58] 179.0, 125.9, 1.109
[19:35:59] 139.9, 126.0, 1.097
[19:36:00] 139.8, 126.0, 1.099
[19:36:01] 139.8, 126.0, 1.100
[19:36:02] 139.8, 125.9, 2.008
[19:36:03] 252.2, 125.9, 2.042
[19:36:04] 252.6, 125.9, 2.072
[19:36:05] 261.8, 126.0, 1.114
[19:36:06] 187.0, 126.0, 1.096
[19:36:07] 140.1, 126.0, 1.099
[19:36:08] 140.0, 126.0, 1.100
[19:36:09] 140.0, 125.9, 1.099
[19:36:10] 140.0, 125.8, 2.037
[19:36:11] 239.9, 125.8, 2.011
[19:36:12] 255.2, 125.8, 2.074
[19:36:13] 262.1, 125.8, 2.076
[19:36:14] 262.1, 125.7, 2.076
[19:36:15] 262.1, 125.7, 2.079
[19:36:16] 262.1, 125.8, 1.290
[19:36:17] 212.9, 125.9, 1.113
[19:36:18] 141.0, 125.9, 1.099
[19:36:19] 140.8, 125.8, 1.098
[19:36:20] 140.7, 125.9, 1.097
[19:36:21] 140.6, 125.8, 1.993
[19:36:22] 215.8, 125.7, 2.013
[19:36:23] 254.2, 125.7, 2.075
[19:36:24] 261.6, 125.7, 2.077
[19:36:25] 261.6, 125.7, 2.079
[19:36:26] 261.7, 125.7, 2.077
[19:36:27] 261.8, 125.8, 2.076
[19:36:28] 261.9, 125.8, 2.078
[19:36:29] 261.9, 125.8, 2.079
[19:36:30] 262.0, 125.8, 2.075
[19:36:31] 262.1, 125.8, 2.077
[19:36:32] 262.2, 125.8, 2.079
[19:36:33] 262.2, 125.8, 2.079
[19:36:34] 252.4, 125.9, 1.112
[19:36:35] 138.5, 126.0, 1.104
[19:36:36] 138.6, 126.0, 1.099
[19:36:37] 138.8, 125.9, 1.101
