<<<[02:06:08] 139.5, 126.5, 1.096
[02:06:09] 139.6, 126.5, 1.102
[02:06:10] 139.8, 126.5, 1.096
[02:06:11] 140.0, 126.5, 1.219
[02:06:12] 159.5, 126.5, 1.270
[02:06:13] 159.7, 126.5, 1.268
[02:06:14] 159.8, 126.5, 1.232
[02:06:15] 159.8, 126.5, 1.262
[02:06:16] 159.8, 126.5, 1.233
[02:06:17] 159.5, 126.5, 1.145
[02:06:18] 152.2, 126.5, 1.106
[02:06:19] 141.9, 126.5, 1.096
[02:06:20] 141.7, 126.5, 1.098
[02:06:21] 141.6, 126.5, 1.101
[02:06:22] 141.4, 126.5, 1.635
[02:06:23] 169.1, 126.6, 1.092
[02:06:24] 137.9, 126.6, 1.092
[02:06:25] 138.1, 126.5, 1.094
[02:06:26] 138.3, 126.5, 1.090
[02:06:27] 138.5, 126.4, 1.639
[02:06:28] 168.0, 126.5, 1.094
[02:06:29] 138.3, 126.5, 1.093
[02:06:30] 138.5, 126.5, 1.089
[02:06:31] 138.6, 126.5, 1.088
[02:06:32] 138.8, 126.4, 1.635
[02:06:33] 167.6, 126.5, 1.095
[02:06:34] 138.3, 126.6, 1.097
[02:06:35] 138.4, 126.5, 1.091
[02:06:36] 138.6, 126.5, 1.092
[02:06:37] 138.8, 126.5, 1.627
[02:06:38] 168.2, 126.5, 1.092
[02:06:39] 138.3, 126.5, 1.098
[02:06:40] 138.4, 126.4, 1.093
[02:06:41] 138.6, 126.5, 1.090
[02:06:42] 138.8, 126.4, 1.617
[02:06:43] 179.6, 126.5, 1.028
[02:06:44] 129.8, 126.5, 1.097
[02:06:45] 139.0, 126.5, 1.096
[02:06:46] 139.1, 126.5, 1.105
[02:06:47] 139.2, 126.5, 1.724
[02:06:48] 179.6, 126.6, 1.028
[02:06:49] 129.8, 126.5, 1.091
[02:06:50] 139.0, 126.5, 1.086
[02:06:51] 139.0, 126.5, 1.088
[02:06:52] 139.1, 126.5, 2.027
[02:06:53] 180.5, 126.6, 1.025
[02:06:54] 130.7, 126.6, 1.090
[02:06:55] 138.5, 126.6, 1.094
[02:06:56] 138.6, 126.6, 1.087
[02:06:57] 138.7, 126.4, 3.140
[02:06:58] 191.0, 126.5, 1.032
[02:06:59] 136.5, 126.5, 1.093
[02:07:00] 136.6, 126.5, 1.089
[02:07:01] 136.9, 126.5, 1.089
[02:07:02] 137.3, 126.5, 1.098
[02:07:03] 177.6, 126.5, 1.022
[02:07:04] 178.0, 126.5, 1.089
[02:07:05] 136.1, 126.5, 1.093
[02:07:06] 136.6, 126.5, 1.089
[02:07:07] 136.9, 126.5, 1.090
[02:07:08] 137.3, 126.3, 2.257
[02:07:09] 265.6, 126.5, 1.032
[02:07:10] 150.3, 126.5, 1.103
[02:07:11] 139.6, 126.5, 1.097
[02:07:12] 139.6, 126.5, 1.089
[02:07:13] 139.6, 126.5, 1.096
[02:07:14] 156.6, 126.4, 2.239
[02:07:15] 288.6, 126.5, 1.244
[02:07:16] 217.1, 126.5, 1.100
[02:07:17] 140.1, 126.5, 1.089
[02:07:18] 140.0, 126.5, 1.089
[02:07:19] 140.0, 126.5, 1.089
[02:07:20] 140.0, 126.4, 2.229
[02:07:21] 240.0, 126.4, 2.243
[02:07:22] 284.0, 126.3, 2.304
[02:07:23] 292.9, 126.5, 1.243
[02:07:24] 215.4, 126.5, 1.090
[02:07:25] 139.9, 126.5, 1.104
[02:07:26] 139.9, 126.5, 1.092
[02:07:27] 139.8, 126.5, 1.094
[02:07:28] 139.9, 126.4, 2.270
[02:07:29] 249.8, 126.4, 2.246
[02:07:30] 285.5, 126.3, 2.305
[02:07:31] 293.1, 126.3, 2.314
[02:07:32] 293.0, 126.4, 2.310
[02:07:33] 293.1, 126.4, 2.314
[02:07:34] 293.1, 126.5, 1.094
[02:07:35] 189.9, 126.5, 1.092
[02:07:36] 139.8, 126.5, 1.097
[02:07:37] 139.8, 126.5, 1.095
[02:07:38] 139.7, 126.5, 1.093
[02:07:39] 139.8, 126.3, 2.261
[02:07:40] 272.3, 126.3, 2.272
[02:07:41] 287.6, 126.3, 2.313
[02:07:42] 293.4, 126.3, 2.309
[02:07:43] 293.4, 126.3, 2.312
[02:07:44] 293.5, 126.4, 2.308
[02:07:45] 293.4, 126.3, 2.314
[02:07:46] 293.4, 126.3, 2.309
[02:07:47] 293.4, 126.3, 2.313
[02:07:48] 293.4, 126.4, 2.308
[02:07:49] 293.4, 126.4, 2.313
[02:07:50] 293.4, 126.3, 2.309
[02:07:51] 275.7, 126.5, 1.096
[02:07:52] 137.9, 126.5, 1.102
[02:07:53] 138.2, 126.5, 1.105
[02:07:54] 138.4, 126.5, 1.095
