<<<[22:37:25] 141.1, 125.7, 1.128
[22:37:26] 141.4, 125.7, 1.131
[22:37:27] 141.6, 125.6, 1.144
[22:37:28] 142.0, 125.7, 1.262
[22:37:29] 153.9, 125.7, 1.222
[22:37:30] 154.0, 125.7, 1.172
[22:37:31] 148.4, 125.7, 1.169
[22:37:32] 148.3, 125.6, 1.168
[22:37:33] 148.2, 125.6, 1.169
[22:37:34] 148.3, 125.5, 1.651
[22:37:35] 172.9, 125.6, 1.091
[22:37:36] 137.6, 125.6, 1.105
[22:37:37] 137.9, 125.6, 1.105
[22:37:38] 138.3, 125.6, 1.120
[22:37:39] 138.6, 125.6, 1.651
[22:37:40] 170.0, 125.6, 1.114
[22:37:41] 139.8, 125.6, 1.105
[22:37:42] 139.9, 125.6, 1.119
[22:37:43] 140.1, 125.6, 1.105
[22:37:44] 140.2, 125.6, 1.653
[22:37:45] 168.9, 125.7, 1.106
[22:37:46] 139.0, 125.7, 1.112
[22:37:47] 139.1, 125.7, 1.102
[22:37:48] 139.3, 125.7, 1.105
[22:37:49] 139.5, 125.7, 1.647
[22:37:50] 168.9, 125.7, 1.104
[22:37:51] 138.9, 125.7, 1.110
[22:37:52] 139.1, 125.7, 1.112
[22:37:53] 139.3, 125.7, 1.109
[22:37:54] 139.5, 125.6, 1.663
[22:37:55] 169.8, 125.7, 1.113
[22:37:56] 138.7, 125.7, 1.110
[22:37:57] 138.9, 125.7, 1.106
[22:37:58] 139.0, 125.7, 1.103
[22:37:59] 139.2, 125.7, 1.659
[22:38:00] 169.1, 125.7, 1.104
[22:38:01] 138.3, 125.7, 1.109
[22:38:02] 138.5, 125.7, 1.109
[22:38:03] 138.8, 125.7, 1.102
[22:38:04] 138.9, 125.6, 1.663
[22:38:05] 168.4, 125.7, 1.091
[22:38:06] 137.8, 125.7, 1.103
[22:38:07] 138.0, 125.7, 1.098
[22:38:08] 138.2, 125.7, 1.097
[22:38:09] 138.4, 125.6, 1.681
[22:38:10] 168.7, 125.7, 1.107
[22:38:11] 137.9, 125.7, 1.099
[22:38:12] 138.1, 125.7, 1.108
[22:38:13] 138.3, 125.7, 1.098
[22:38:14] 138.6, 125.6, 1.899
[22:38:15] 179.2, 125.7, 1.033
[22:38:16] 130.0, 125.6, 1.097
[22:38:17] 138.3, 125.6, 1.096
[22:38:18] 138.4, 125.7, 1.102
[22:38:19] 138.6, 125.6, 2.365
[22:38:20] 182.3, 125.7, 1.036
[22:38:21] 139.8, 125.7, 1.107
[22:38:22] 139.5, 125.7, 1.104
[22:38:23] 139.6, 125.7, 1.099
[22:38:24] 139.6, 125.5, 3.379
[22:38:25] 182.1, 125.7, 1.046
[22:38:26] 151.2, 125.8, 1.102
[22:38:27] 137.2, 125.7, 1.096
[22:38:28] 137.5, 125.7, 1.101
[22:38:29] 137.7, 125.7, 1.096
[22:38:30] 147.0, 125.8, 1.289
[22:38:31] 208.2, 125.7, 1.103
[22:38:32] 136.1, 125.8, 1.101
[22:38:33] 136.5, 125.7, 1.098
[22:38:34] 136.9, 125.7, 1.105
[22:38:35] 137.3, 125.6, 1.878
[22:38:36] 213.4, 125.7, 1.019
[22:38:37] 179.6, 125.6, 1.102
[22:38:38] 139.8, 125.7, 1.107
[22:38:39] 139.8, 125.7, 1.099
[22:38:40] 139.7, 125.7, 1.109
[22:38:41] 139.8, 125.6, 1.931
[22:38:42] 222.7, 125.6, 1.895
[22:38:43] 239.9, 125.7, 1.090
[22:38:44] 181.8, 125.7, 1.102
[22:38:45] 139.6, 125.7, 1.107
[22:38:46] 139.6, 125.8, 1.109
[22:38:47] 139.7, 125.7, 1.107
[22:38:48] 139.8, 125.6, 1.897
[22:38:49] 242.0, 125.6, 1.931
[22:38:50] 241.9, 125.6, 1.958
[22:38:51] 242.5, 125.6, 1.815
[22:38:52] 237.0, 125.7, 1.108
[22:38:53] 149.5, 125.7, 1.099
[22:38:54] 140.1, 125.7, 1.101
[22:38:55] 140.0, 125.7, 1.101
[22:38:56] 140.0, 125.5, 3.307
[22:38:57] 182.3, 125.6, 1.894
[22:38:58] 238.4, 125.6, 1.955
[22:38:59] 244.4, 125.7, 1.953
[22:39:00] 244.7, 125.7, 1.956
[22:39:01] 244.9, 125.6, 1.956
[22:39:02] 245.2, 125.6, 1.959
[22:39:03] 245.5, 125.6, 1.960
[22:39:04] 245.6, 125.7, 1.112
[22:39:05] 162.2, 125.7, 1.102
[22:39:06] 139.8, 125.7, 1.099
[22:39:07] 139.8, 125.8, 1.104
[22:39:08] 139.9, 125.8, 1.103
[22:39:09] 153.7, 125.7, 1.897
[22:39:10] 245.8, 125.7, 1.961
[22:39:11] 245.4, 125.7, 1.957
[22:39:12] 245.6, 125.7, 1.959
[22:39:13] 245.8, 125.7, 1.963
[22:39:14] 246.1, 125.7, 1.962
[22:39:15] 246.3, 125.7, 1.961
[22:39:16] 246.5, 125.7, 1.960
[22:39:17] 246.6, 125.7, 1.961
[22:39:18] 246.8, 125.7, 1.959
[22:39:19] 246.9, 125.7, 1.961
[22:39:20] 247.0, 125.6, 1.959
[22:39:21] 247.1, 125.7, 1.961
[22:39:22] 247.1, 125.7, 1.962
[22:39:23] 247.2, 125.8, 1.125
[22:39:24] 179.2, 125.8, 1.099
[22:39:25] 139.9, 125.8, 1.105
[22:39:26] 139.9, 125.8, 1.111
[22:39:27] 139.9, 125.8, 1.111
