<<<[05:36:34] 140.3, 126.0, 1.118
[05:36:35] 140.4, 126.0, 1.111
[05:36:36] 140.5, 126.1, 1.115
[05:36:37] 140.6, 126.1, 1.219
[05:36:38] 147.5, 126.0, 1.274
[05:36:39] 160.6, 126.1, 1.272
[05:36:40] 160.7, 126.0, 1.255
[05:36:41] 160.4, 126.0, 1.264
[05:36:42] 160.6, 126.1, 1.276
[05:36:43] 160.7, 126.1, 1.301
[05:36:44] 160.7, 126.1, 1.290
[05:36:45] 160.6, 126.1, 1.243
[05:36:46] 160.3, 126.1, 1.247
[05:36:47] 160.1, 126.1, 1.248
[05:36:48] 160.2, 126.1, 1.133
[05:36:49] 142.8, 126.1, 1.115
[05:36:50] 142.6, 126.1, 1.118
[05:36:51] 142.4, 126.1, 1.107
[05:36:52] 142.2, 126.1, 1.102
[05:36:53] 142.0, 126.0, 1.114
[05:36:54] 167.5, 126.1, 1.106
[05:36:55] 139.8, 126.1, 1.100
[05:36:56] 139.7, 126.1, 1.098
[05:36:57] 139.7, 126.1, 1.101
[05:36:58] 139.7, 126.1, 1.113
[05:36:59] 166.9, 126.1, 1.096
[05:37:00] 139.4, 126.1, 1.103
[05:37:01] 139.4, 126.1, 1.098
[05:37:02] 139.4, 126.1, 1.099
[05:37:03] 139.5, 126.1, 1.048
[05:37:04] 174.2, 126.1, 1.105
[05:37:05] 134.5, 126.1, 1.095
[05:37:06] 139.8, 126.0, 1.096
[05:37:07] 139.7, 126.0, 1.094
[05:37:08] 139.7, 126.1, 1.047
[05:37:09] 176.1, 126.1, 1.088
[05:37:10] 134.3, 126.1, 1.097
[05:37:11] 139.6, 126.1, 1.094
[05:37:12] 139.6, 126.1, 1.103
[05:37:13] 139.6, 126.1, 1.051
[05:37:14] 176.9, 126.1, 1.094
[05:37:15] 134.3, 126.1, 1.092
[05:37:16] 139.4, 126.1, 1.098
[05:37:17] 139.4, 126.1, 1.095
[05:37:18] 139.4, 126.1, 1.088
[05:37:19] 194.6, 126.1, 1.035
[05:37:20] 133.2, 126.1, 1.097
[05:37:21] 139.4, 126.1, 1.098
[05:37:22] 139.4, 126.1, 1.092
[05:37:23] 139.4, 125.9, 2.170
[05:37:24] 224.7, 126.0, 1.037
[05:37:25] 135.1, 126.0, 1.095
[05:37:26] 135.6, 126.0, 1.098
[05:37:27] 136.1, 126.0, 1.095
[05:37:28] 136.5, 125.8, 3.601
[05:37:29] 191.3, 126.0, 1.563
[05:37:30] 236.2, 126.0, 1.097
[05:37:31] 135.8, 126.1, 1.093
[05:37:32] 136.2, 126.0, 1.099
[05:37:33] 136.6, 126.1, 1.097
[05:37:34] 137.0, 125.9, 2.304
[05:37:35] 233.9, 125.9, 2.337
[05:37:36] 291.4, 126.1, 1.094
[05:37:37] 153.7, 126.1, 1.098
[05:37:38] 139.9, 126.1, 1.100
[05:37:39] 139.8, 126.1, 1.089
[05:37:40] 139.8, 126.1, 1.098
[05:37:41] 165.1, 125.9, 2.342
[05:37:42] 295.1, 125.9, 2.401
[05:37:43] 295.7, 125.9, 2.382
[05:37:44] 286.7, 126.1, 1.098
[05:37:45] 142.7, 126.1, 1.100
[05:37:46] 142.3, 126.1, 1.103
[05:37:47] 142.0, 126.1, 1.102
[05:37:48] 141.7, 125.8, 2.133
[05:37:49] 184.5, 125.9, 2.340
[05:37:50] 293.4, 125.9, 2.401
[05:37:51] 301.0, 125.9, 2.404
[05:37:52] 301.3, 125.9, 2.405
[05:37:53] 301.7, 125.9, 2.403
[05:37:54] 301.9, 126.1, 1.596
[05:37:55] 255.4, 126.1, 1.096
[05:37:56] 138.7, 126.1, 1.097
[05:37:57] 138.8, 126.1, 1.098
[05:37:58] 138.9, 126.1, 1.100
[05:37:59] 139.0, 125.9, 2.599
[05:38:00] 218.1, 125.9, 2.339
[05:38:01] 296.9, 125.9, 2.403
[05:38:02] 302.5, 125.9, 2.402
[05:38:03] 302.6, 125.9, 2.404
[05:38:04] 302.8, 125.8, 2.405
[05:38:05] 302.9, 125.9, 2.404
[05:38:06] 303.1, 125.9, 2.406
[05:38:07] 303.2, 125.9, 2.406
[05:38:08] 303.4, 126.0, 2.405
[05:38:09] 303.5, 125.9, 2.407
[05:38:10] 303.6, 125.9, 2.407
[05:38:11] 303.7, 126.1, 1.098
[05:38:12] 161.1, 126.1, 1.100
[05:38:13] 139.8, 126.1, 1.103
[05:38:14] 139.8, 126.1, 1.100
