<<<[21:45:20] 141.2, 125.4, 1.129
[21:45:21] 141.5, 125.4, 1.137
[21:45:22] 141.9, 125.4, 1.140
[21:45:23] 142.3, 125.4, 1.155
[21:45:24] 153.3, 125.4, 1.165
[21:45:25] 147.9, 125.3, 1.167
[21:45:26] 147.8, 125.4, 1.178
[21:45:27] 148.0, 125.4, 1.174
[21:45:28] 148.1, 125.3, 1.683
[21:45:29] 174.0, 125.4, 1.121
[21:45:30] 138.7, 125.4, 1.126
[21:45:31] 139.0, 125.4, 1.116
[21:45:32] 139.2, 125.4, 1.120
[21:45:33] 139.5, 125.3, 1.710
[21:45:34] 168.5, 125.4, 1.116
[21:45:35] 139.8, 125.4, 1.111
[21:45:36] 139.9, 125.4, 1.116
[21:45:37] 139.9, 125.4, 1.112
[21:45:38] 140.0, 125.4, 1.710
[21:45:39] 168.2, 125.5, 1.108
[21:45:40] 138.7, 125.5, 1.103
[21:45:41] 138.9, 125.4, 1.108
[21:45:42] 139.1, 125.4, 1.112
[21:45:43] 139.3, 125.3, 1.714
[21:45:44] 168.4, 125.5, 1.106
[21:45:45] 138.1, 125.4, 1.109
[21:45:46] 138.3, 125.4, 1.113
[21:45:47] 138.6, 125.5, 1.114
[21:45:48] 138.8, 125.3, 1.711
[21:45:49] 167.6, 125.4, 1.109
[21:45:50] 138.9, 125.4, 1.108
[21:45:51] 139.1, 125.4, 1.112
[21:45:52] 139.3, 125.4, 1.110
[21:45:53] 139.4, 125.3, 1.729
[21:45:54] 168.4, 125.4, 1.108
[21:45:55] 138.7, 125.4, 1.108
[21:45:56] 138.8, 125.4, 1.103
[21:45:57] 139.0, 125.4, 1.109
[21:45:58] 139.0, 125.3, 1.729
[21:45:59] 167.6, 125.4, 1.106
[21:46:00] 138.3, 125.4, 1.104
[21:46:01] 138.4, 125.4, 1.111
[21:46:02] 138.6, 125.4, 1.103
[21:46:03] 138.8, 125.4, 1.732
[21:46:04] 166.7, 125.4, 1.104
[21:46:05] 138.5, 125.4, 1.101
[21:46:06] 138.6, 125.4, 1.098
[21:46:07] 138.8, 125.4, 1.101
[21:46:08] 138.9, 125.3, 2.392
[21:46:09] 177.4, 125.4, 1.043
[21:46:10] 131.4, 125.4, 1.101
[21:46:11] 137.8, 125.4, 1.108
[21:46:12] 138.0, 125.5, 1.105
[21:46:13] 138.2, 125.3, 2.953
[21:46:14] 177.0, 125.4, 1.040
[21:46:15] 130.7, 125.4, 1.100
[21:46:16] 137.2, 125.4, 1.101
[21:46:17] 137.4, 125.4, 1.103
[21:46:18] 137.7, 125.2, 3.202
[21:46:19] 177.6, 125.4, 1.033
[21:46:20] 142.1, 125.4, 1.097
[21:46:21] 136.9, 125.4, 1.107
[21:46:22] 137.2, 125.4, 1.101
[21:46:23] 137.6, 125.4, 1.107
[21:46:24] 155.9, 125.4, 0.990
[21:46:25] 185.9, 125.4, 1.106
[21:46:26] 135.1, 125.4, 1.103
[21:46:27] 135.6, 125.5, 1.103
[21:46:28] 136.1, 125.4, 1.098
[21:46:29] 136.4, 125.3, 1.890
[21:46:30] 222.3, 125.5, 1.032
[21:46:31] 145.0, 125.4, 1.105
[21:46:32] 139.9, 125.4, 1.105
[21:46:33] 139.8, 125.4, 1.101
[21:46:34] 139.8, 125.5, 1.105
[21:46:35] 152.6, 125.4, 1.852
[21:46:36] 240.6, 125.5, 1.070
[21:46:37] 186.6, 125.5, 1.108
[21:46:38] 139.6, 125.5, 1.099
[21:46:39] 139.5, 125.5, 1.103
[21:46:40] 139.5, 125.4, 1.104
[21:46:41] 139.5, 125.4, 1.897
[21:46:42] 221.6, 125.3, 1.861
[21:46:43] 235.3, 125.4, 1.917
[21:46:44] 242.6, 125.4, 1.099
[21:46:45] 153.0, 125.4, 1.108
[21:46:46] 139.6, 125.4, 1.109
[21:46:47] 139.6, 125.4, 1.104
[21:46:48] 139.6, 125.5, 1.102
[21:46:49] 139.9, 125.3, 1.854
[21:46:50] 248.7, 125.3, 1.932
[21:46:51] 238.6, 125.3, 1.930
[21:46:52] 239.1, 125.3, 1.928
[21:46:53] 239.6, 125.3, 1.928
[21:46:54] 240.0, 125.4, 1.079
[21:46:55] 192.8, 125.4, 1.100
[21:46:56] 139.6, 125.5, 1.106
[21:46:57] 139.6, 125.4, 1.103
[21:46:58] 139.6, 125.4, 1.100
[21:46:59] 139.6, 125.3, 1.899
[21:47:00] 219.4, 125.3, 1.862
[21:47:01] 235.7, 125.3, 1.926
[21:47:02] 242.8, 125.4, 1.925
[21:47:03] 242.8, 125.4, 1.923
[21:47:04] 242.7, 125.4, 1.924
[21:47:05] 242.7, 125.4, 1.924
[21:47:06] 242.7, 125.4, 1.923
[21:47:07] 242.7, 125.4, 1.916
[21:47:08] 242.6, 125.4, 1.926
[21:47:09] 242.7, 125.4, 1.918
[21:47:10] 242.7, 125.5, 1.109
[21:47:11] 141.9, 125.5, 1.107
[21:47:12] 141.6, 125.5, 1.103
[21:47:13] 141.5, 125.4, 1.104
[21:47:14] 141.3, 125.5, 1.110
