<<<[09:22:30] 142.8, 125.7, 1.146
[09:22:31] 142.9, 125.7, 1.165
[09:22:32] 143.2, 125.7, 1.166
[09:22:33] 143.6, 125.7, 1.260
[09:22:34] 152.6, 125.7, 1.211
[09:22:35] 153.1, 125.7, 1.218
[09:22:36] 159.3, 125.7, 1.228
[09:22:37] 159.3, 125.7, 1.268
[09:22:38] 159.3, 125.8, 1.278
[09:22:39] 159.2, 125.7, 1.245
[09:22:40] 159.2, 125.8, 1.266
[09:22:41] 159.4, 125.8, 1.248
[09:22:42] 159.3, 125.8, 1.250
[09:22:43] 159.4, 125.8, 1.243
[09:22:44] 159.3, 125.8, 1.273
[09:22:45] 159.2, 125.7, 1.261
[09:22:46] 158.9, 125.7, 1.270
[09:22:47] 158.3, 125.7, 1.210
[09:22:48] 158.1, 125.7, 1.214
[09:22:49] 158.3, 125.7, 1.255
[09:22:50] 158.5, 125.6, 1.244
[09:22:51] 158.5, 125.7, 1.254
[09:22:52] 158.5, 125.7, 1.240
[09:22:53] 158.3, 125.7, 1.239
[09:22:54] 158.3, 125.7, 1.260
[09:22:55] 158.2, 125.7, 1.244
[09:22:56] 158.0, 125.7, 1.275
[09:22:57] 158.2, 125.7, 1.239
[09:22:58] 158.1, 125.8, 1.262
[09:22:59] 158.0, 125.8, 1.230
[09:23:00] 157.8, 125.8, 1.229
[09:23:01] 157.9, 125.8, 1.231
[09:23:02] 157.7, 125.8, 1.240
[09:23:03] 157.7, 125.7, 1.238
[09:23:04] 157.6, 125.7, 1.269
[09:23:05] 158.2, 125.7, 1.236
[09:23:06] 158.0, 125.7, 1.242
[09:23:07] 157.8, 125.7, 1.238
[09:23:08] 157.7, 125.7, 1.225
[09:23:09] 157.6, 125.7, 1.231
[09:23:10] 157.7, 125.7, 1.239
[09:23:11] 157.6, 125.7, 1.268
[09:23:12] 157.5, 125.6, 1.238
[09:23:13] 157.5, 125.7, 1.239
[09:23:14] 157.4, 125.7, 1.257
[09:23:15] 157.7, 125.7, 1.238
[09:23:16] 157.6, 125.6, 1.236
[09:23:17] 157.5, 125.6, 1.234
[09:23:18] 157.4, 125.7, 1.233
[09:23:19] 157.3, 125.7, 1.262
[09:23:20] 157.4, 125.8, 1.237
[09:23:21] 157.3, 125.7, 1.234
[09:23:22] 157.2, 125.7, 1.235
[09:23:23] 157.2, 125.7, 1.231
[09:23:24] 157.2, 125.7, 1.276
[09:23:25] 157.4, 125.7, 1.269
[09:23:26] 157.9, 125.7, 1.183
[09:23:27] 157.3, 125.8, 1.173
[09:23:28] 148.8, 125.8, 1.174
[09:23:29] 148.8, 125.8, 1.174
[09:23:30] 148.8, 125.8, 1.174
[09:23:31] 148.9, 125.8, 1.035
[09:23:32] 181.8, 125.7, 1.034
[09:23:33] 133.4, 125.7, 1.104
[09:23:34] 140.1, 125.8, 1.100
[09:23:35] 140.0, 125.8, 1.101
[09:23:36] 140.0, 125.7, 1.582
[09:23:37] 191.5, 125.8, 1.041
[09:23:38] 132.5, 125.8, 1.100
[09:23:39] 139.9, 125.9, 1.100
[09:23:40] 139.8, 125.8, 1.101
[09:23:41] 139.8, 125.8, 1.965
[09:23:42] 201.1, 125.9, 1.042
[09:23:43] 145.7, 126.0, 1.095
[09:23:44] 138.9, 125.9, 1.091
[09:23:45] 139.0, 125.9, 1.099
[09:23:46] 139.1, 125.9, 1.098
[09:23:47] 164.6, 125.8, 1.674
[09:23:48] 227.0, 125.9, 1.107
[09:23:49] 137.9, 125.8, 1.102
[09:23:50] 138.1, 125.7, 1.100
[09:23:51] 138.3, 125.8, 1.102
[09:23:52] 138.5, 125.6, 3.178
[09:23:53] 185.2, 125.7, 1.906
[09:23:54] 240.9, 125.8, 1.083
[09:23:55] 191.0, 125.8, 1.096
[09:23:56] 139.6, 125.8, 1.100
[09:23:57] 139.6, 125.8, 1.096
[09:23:58] 139.7, 125.8, 1.099
[09:23:59] 139.7, 125.7, 1.941
[09:24:00] 227.7, 125.7, 1.905
[09:24:01] 241.9, 125.7, 1.973
[09:24:02] 249.3, 125.7, 1.644
[09:24:03] 214.3, 125.8, 1.101
[09:24:04] 139.6, 125.7, 1.093
[09:24:05] 139.6, 125.7, 1.107
[09:24:06] 139.6, 125.8, 1.107
[09:24:07] 139.6, 125.6, 1.884
[09:24:08] 211.3, 125.6, 1.906
[09:24:09] 241.1, 125.7, 1.973
[09:24:10] 249.3, 125.6, 1.977
[09:24:11] 249.3, 125.7, 1.976
[09:24:12] 249.3, 125.7, 1.979
[09:24:13] 249.4, 125.6, 1.848
[09:24:14] 239.0, 125.7, 1.109
[09:24:15] 141.8, 125.7, 1.101
[09:24:16] 141.5, 125.7, 1.106
[09:24:17] 141.3, 125.7, 1.105
[09:24:18] 141.2, 125.5, 3.428
[09:24:19] 182.1, 125.6, 1.908
[09:24:20] 240.2, 125.6, 1.975
[09:24:21] 246.9, 125.6, 1.975
[09:24:22] 247.2, 125.6, 1.977
[09:24:23] 247.5, 125.6, 1.976
[09:24:24] 247.8, 125.7, 1.977
[09:24:25] 248.1, 125.6, 1.979
[09:24:26] 248.3, 125.6, 1.978
[09:24:27] 248.5, 125.6, 1.979
[09:24:28] 248.7, 125.7, 1.980
[09:24:29] 248.9, 125.6, 1.980
[09:24:30] 249.0, 125.7, 1.976
[09:24:31] 249.2, 125.8, 1.122
[09:24:32] 181.8, 125.8, 1.099
[09:24:33] 139.8, 125.8, 1.103
[09:24:34] 139.8, 125.8, 1.108
