<<<[02:18:09] 140.0, 126.5, 1.102
[02:18:10] 140.1, 126.6, 1.099
[02:18:11] 140.1, 126.6, 1.100
[02:18:12] 140.2, 126.5, 1.191
[02:18:13] 146.1, 126.5, 1.110
[02:18:14] 146.1, 126.6, 1.102
[02:18:15] 145.5, 126.6, 1.105
[02:18:16] 145.1, 126.6, 1.113
[02:18:17] 144.7, 126.5, 1.128
[02:18:18] 144.6, 126.6, 1.259
[02:18:19] 169.6, 126.6, 1.098
[02:18:20] 141.4, 126.6, 1.104
[02:18:21] 141.3, 126.6, 1.106
[02:18:22] 141.3, 126.6, 1.116
[02:18:23] 141.4, 126.6, 1.259
[02:18:24] 169.1, 126.5, 1.105
[02:18:25] 141.2, 126.6, 1.104
[02:18:26] 141.1, 126.6, 1.095
[02:18:27] 141.1, 126.6, 1.106
[02:18:28] 141.1, 126.6, 1.257
[02:18:29] 167.5, 126.6, 1.101
[02:18:30] 140.8, 126.6, 1.097
[02:18:31] 140.7, 126.6, 1.103
[02:18:32] 140.8, 126.6, 1.106
[02:18:33] 140.8, 126.6, 1.263
[02:18:34] 167.3, 126.6, 1.101
[02:18:35] 140.7, 126.6, 1.097
[02:18:36] 140.6, 126.6, 1.095
[02:18:37] 140.5, 126.5, 1.094
[02:18:38] 140.5, 126.5, 1.265
[02:18:39] 167.1, 126.6, 1.096
[02:18:40] 140.3, 126.5, 1.100
[02:18:41] 140.3, 126.6, 1.097
[02:18:42] 140.3, 126.6, 1.103
[02:18:43] 140.4, 126.6, 1.266
[02:18:44] 166.5, 126.5, 1.101
[02:18:45] 140.1, 126.6, 1.098
[02:18:46] 140.1, 126.6, 1.096
[02:18:47] 140.0, 126.6, 1.099
[02:18:48] 140.1, 126.6, 1.265
[02:18:49] 166.2, 126.6, 1.095
[02:18:50] 140.3, 126.6, 1.098
[02:18:51] 140.2, 126.6, 1.098
[02:18:52] 140.1, 126.6, 1.095
[02:18:53] 140.1, 126.6, 1.245
[02:18:54] 174.9, 126.6, 1.030
[02:18:55] 132.5, 126.5, 1.092
[02:18:56] 139.8, 126.6, 1.093
[02:18:57] 139.7, 126.6, 1.095
[02:18:58] 139.7, 126.6, 1.242
[02:18:59] 174.5, 126.6, 1.026
[02:19:00] 131.8, 126.6, 1.084
[02:19:01] 139.4, 126.6, 1.087
[02:19:02] 139.4, 126.6, 1.094
[02:19:03] 139.5, 126.5, 1.673
[02:19:04] 187.4, 126.6, 1.034
[02:19:05] 129.4, 126.5, 1.097
[02:19:06] 139.0, 126.6, 1.091
[02:19:07] 139.0, 126.5, 1.094
[02:19:08] 139.1, 126.4, 2.666
[02:19:09] 185.7, 126.6, 1.037
[02:19:10] 153.2, 126.6, 1.092
[02:19:11] 137.9, 126.6, 1.094
[02:19:12] 138.1, 126.6, 1.097
[02:19:13] 138.4, 126.6, 1.093
[02:19:14] 138.6, 126.5, 1.562
[02:19:15] 231.4, 126.6, 1.103
[02:19:16] 133.1, 126.6, 1.094
[02:19:17] 139.8, 126.6, 1.091
[02:19:18] 139.7, 126.5, 1.094
[02:19:19] 139.7, 126.5, 2.586
[02:19:20] 185.7, 126.4, 1.802
[02:19:21] 229.5, 126.5, 1.103
[02:19:22] 158.6, 126.5, 1.097
[02:19:23] 140.3, 126.5, 1.090
[02:19:24] 140.1, 126.6, 1.090
[02:19:25] 140.1, 126.6, 1.088
[02:19:26] 146.8, 126.5, 1.804
[02:19:27] 240.9, 126.4, 1.871
[02:19:28] 232.8, 126.5, 1.606
[02:19:29] 221.9, 126.6, 1.093
[02:19:30] 137.4, 126.6, 1.095
[02:19:31] 137.6, 126.5, 1.099
[02:19:32] 137.9, 126.6, 1.094
[02:19:33] 138.2, 126.5, 2.326
[02:19:34] 189.0, 126.4, 1.804
[02:19:35] 230.3, 126.5, 1.868
[02:19:36] 235.7, 126.4, 1.870
[02:19:37] 235.9, 126.5, 1.867
[02:19:38] 236.1, 126.5, 1.868
[02:19:39] 236.0, 126.6, 1.098
[02:19:40] 146.8, 126.6, 1.102
[02:19:41] 139.9, 126.6, 1.103
[02:19:42] 139.9, 126.6, 1.097
[02:19:43] 139.9, 126.6, 1.097
[02:19:44] 166.9, 126.5, 1.808
[02:19:45] 227.6, 126.5, 1.868
[02:19:46] 233.7, 126.5, 1.869
[02:19:47] 234.2, 126.5, 1.865
[02:19:48] 234.5, 126.5, 1.864
[02:19:49] 234.9, 126.5, 1.864
[02:19:50] 235.1, 126.5, 1.865
[02:19:51] 235.4, 126.5, 1.866
[02:19:52] 235.6, 126.5, 1.866
[02:19:53] 235.9, 126.4, 1.867
[02:19:54] 236.0, 126.6, 1.108
[02:19:55] 185.2, 126.5, 1.095
[02:19:56] 139.8, 126.6, 1.096
[02:19:57] 139.8, 126.6, 1.102
