<<<[04:37:14] 140.9, 126.4, 1.104
[04:37:15] 140.9, 126.4, 1.102
[04:37:16] 140.9, 126.3, 1.107
[04:37:17] 140.9, 126.3, 1.262
[04:37:18] 153.9, 126.4, 1.276
[04:37:19] 160.4, 126.4, 1.271
[04:37:20] 160.5, 126.3, 1.265
[04:37:21] 160.5, 126.3, 1.274
[04:37:22] 160.6, 126.3, 1.271
[04:37:23] 160.6, 126.4, 1.276
[04:37:24] 160.6, 126.4, 1.266
[04:37:25] 160.5, 126.4, 1.273
[04:37:26] 160.6, 126.4, 1.260
[04:37:27] 160.8, 126.3, 1.273
[04:37:28] 160.9, 126.4, 1.264
[04:37:29] 161.0, 126.4, 1.244
[04:37:30] 160.8, 126.4, 1.240
[04:37:31] 160.5, 126.4, 1.239
[04:37:32] 160.4, 126.4, 1.243
[04:37:33] 160.2, 126.4, 1.238
[04:37:34] 160.3, 126.3, 1.281
[04:37:35] 160.1, 126.4, 1.241
[04:37:36] 159.8, 126.4, 1.243
[04:37:37] 159.8, 126.3, 1.234
[04:37:38] 159.6, 126.4, 1.268
[04:37:39] 159.7, 126.4, 1.259
[04:37:40] 159.9, 126.3, 1.250
[04:37:41] 159.9, 126.4, 1.107
[04:37:42] 147.7, 126.3, 1.093
[04:37:43] 139.8, 126.3, 1.100
[04:37:44] 139.8, 126.4, 1.102
[04:37:45] 139.9, 126.3, 1.106
[04:37:46] 139.9, 126.3, 1.509
[04:37:47] 178.7, 126.3, 1.026
[04:37:48] 132.0, 126.3, 1.096
[04:37:49] 139.9, 126.3, 1.102
[04:37:50] 139.9, 126.4, 1.097
[04:37:51] 139.9, 126.3, 1.511
[04:37:52] 177.4, 126.3, 1.035
[04:37:53] 132.0, 126.4, 1.104
[04:37:54] 140.1, 126.3, 1.098
[04:37:55] 140.0, 126.4, 1.101
[04:37:56] 140.0, 126.3, 1.530
[04:37:57] 177.8, 126.4, 1.037
[04:37:58] 131.8, 126.4, 1.100
[04:37:59] 139.8, 126.4, 1.100
[04:38:00] 139.7, 126.4, 1.095
[04:38:01] 139.8, 126.3, 2.025
[04:38:02] 191.2, 126.4, 1.034
[04:38:03] 132.3, 126.3, 1.101
[04:38:04] 138.7, 126.4, 1.096
[04:38:05] 138.8, 126.4, 1.098
[04:38:06] 138.9, 126.2, 3.398
[04:38:07] 185.9, 126.4, 1.056
[04:38:08] 164.0, 126.4, 1.102
[04:38:09] 137.6, 126.4, 1.100
[04:38:10] 137.8, 126.4, 1.098
[04:38:11] 138.1, 126.4, 1.093
[04:38:12] 138.3, 126.3, 2.012
[04:38:13] 249.6, 126.3, 1.086
[04:38:14] 148.3, 126.4, 1.096
[04:38:15] 139.8, 126.3, 1.091
[04:38:16] 139.8, 126.3, 1.091
[04:38:17] 139.8, 126.4, 1.106
[04:38:18] 177.0, 126.2, 2.022
[04:38:19] 253.4, 126.3, 1.066
[04:38:20] 193.9, 126.4, 1.099
[04:38:21] 139.8, 126.4, 1.096
[04:38:22] 139.8, 126.4, 1.102
[04:38:23] 139.8, 126.4, 1.102
[04:38:24] 139.8, 126.3, 2.052
[04:38:25] 237.9, 126.3, 2.017
[04:38:26] 256.9, 126.3, 2.082
[04:38:27] 264.3, 126.4, 1.113
[04:38:28] 178.7, 126.4, 1.094
[04:38:29] 139.9, 126.4, 1.105
[04:38:30] 139.9, 126.4, 1.094
[04:38:31] 139.9, 126.4, 1.093
[04:38:32] 139.8, 126.3, 2.026
[04:38:33] 248.7, 126.2, 2.048
[04:38:35] 258.3, 126.3, 2.082
[04:38:36] 263.9, 126.2, 2.083
[04:38:36] 263.9, 126.3, 2.084
[04:38:37] 264.0, 126.2, 2.082
[04:38:39] 263.9, 126.4, 1.095
[04:38:40] 154.8, 126.4, 1.097
[04:38:41] 139.9, 126.4, 1.100
[04:38:42] 139.8, 126.4, 1.103
[04:38:42] 139.9, 126.4, 1.106
[04:38:43] 139.9, 126.3, 2.018
[04:38:44] 272.3, 126.2, 2.088
[04:38:46] 260.0, 126.2, 2.084
[04:38:47] 260.5, 126.2, 2.085
[04:38:48] 260.9, 126.2, 2.084
[04:38:49] 261.4, 126.2, 2.086
[04:38:50] 261.7, 126.1, 2.086
[04:38:51] 262.1, 126.2, 2.086
[04:38:52] 262.3, 126.2, 2.088
[04:38:53] 262.6, 126.2, 2.087
[04:38:54] 262.9, 126.2, 2.086
[04:38:55] 263.1, 126.4, 1.097
[04:38:56] 214.2, 126.4, 1.101
[04:38:57] 140.3, 126.4, 1.099
[04:38:58] 140.3, 126.4, 1.098
[04:38:59] 140.3, 126.4, 1.095
