<<<[22:51:29] 145.7, 125.7, 1.125
[22:51:30] 145.3, 125.8, 1.120
[22:51:31] 144.9, 125.8, 1.129
[22:51:32] 144.6, 125.8, 1.106
[22:51:33] 144.3, 125.8, 1.117
[22:51:34] 143.9, 125.8, 1.120
[22:51:35] 143.7, 125.8, 1.120
[22:51:36] 143.6, 125.8, 1.131
[22:51:37] 143.6, 125.8, 1.391
[22:51:38] 169.6, 125.7, 1.118
[22:51:39] 143.0, 125.7, 1.116
[22:51:40] 142.8, 125.7, 1.111
[22:51:41] 142.5, 125.7, 1.109
[22:51:42] 142.3, 125.7, 1.399
[22:51:43] 168.2, 125.7, 1.112
[22:51:44] 141.6, 125.7, 1.120
[22:51:45] 141.6, 125.8, 1.127
[22:51:46] 141.6, 125.8, 1.113
[22:51:47] 141.6, 125.7, 1.406
[22:51:48] 167.6, 125.8, 1.106
[22:51:49] 140.7, 125.9, 1.109
[22:51:50] 140.6, 125.8, 1.108
[22:51:51] 140.5, 125.8, 1.104
[22:51:52] 140.5, 125.8, 1.415
[22:51:53] 167.3, 125.8, 1.107
[22:51:54] 140.7, 125.8, 1.109
[22:51:55] 140.7, 125.7, 1.109
[22:51:56] 140.6, 125.8, 1.106
[22:51:57] 140.5, 125.8, 1.420
[22:51:58] 167.1, 125.8, 1.103
[22:51:59] 140.7, 125.8, 1.103
[22:52:00] 140.5, 125.7, 1.096
[22:52:01] 140.4, 125.7, 1.103
[22:52:02] 140.3, 125.7, 1.438
[22:52:03] 167.3, 125.7, 1.104
[22:52:04] 140.3, 125.8, 1.106
[22:52:05] 140.2, 125.8, 1.104
[22:52:06] 140.2, 125.7, 1.095
[22:52:07] 140.1, 125.8, 1.441
[22:52:08] 166.7, 125.8, 1.101
[22:52:09] 139.9, 125.8, 1.097
[22:52:10] 139.8, 125.8, 1.092
[22:52:11] 139.7, 125.9, 1.097
[22:52:12] 139.7, 125.8, 1.448
[22:52:13] 166.4, 125.9, 1.100
[22:52:14] 140.5, 125.9, 1.098
[22:52:15] 140.4, 125.9, 1.100
[22:52:16] 140.2, 125.8, 1.098
[22:52:17] 140.1, 125.8, 1.452
[22:52:18] 166.2, 125.8, 1.105
[22:52:19] 140.3, 125.8, 1.101
[22:52:20] 140.1, 125.8, 1.098
[22:52:21] 140.0, 125.8, 1.100
[22:52:22] 139.9, 125.8, 1.466
[22:52:23] 166.4, 125.9, 1.101
[22:52:24] 140.5, 125.9, 1.097
[22:52:25] 140.4, 125.8, 1.098
[22:52:26] 140.2, 125.8, 1.096
[22:52:27] 140.1, 125.8, 1.475
[22:52:28] 166.0, 125.8, 1.098
[22:52:29] 139.8, 125.8, 1.104
[22:52:30] 139.7, 125.8, 1.095
[22:52:31] 139.7, 125.8, 1.097
[22:52:32] 139.6, 125.8, 1.483
[22:52:33] 165.6, 125.8, 1.103
[22:52:34] 140.1, 125.8, 1.096
[22:52:35] 140.0, 125.8, 1.100
[22:52:36] 139.9, 125.8, 1.096
[22:52:37] 139.8, 125.7, 1.450
[22:52:38] 174.7, 125.8, 1.032
[22:52:39] 131.3, 125.8, 1.098
[22:52:40] 139.0, 125.8, 1.101
[22:52:41] 139.0, 125.8, 1.095
[22:52:42] 139.0, 125.7, 1.503
[22:52:43] 172.5, 125.8, 1.039
[22:52:44] 132.2, 125.7, 1.101
[22:52:45] 138.9, 125.7, 1.098
[22:52:46] 138.9, 125.7, 1.093
[22:52:47] 139.0, 125.7, 2.062
[22:52:48] 181.9, 125.8, 1.030
[22:52:49] 130.5, 125.8, 1.099
[22:52:50] 138.3, 125.8, 1.100
[22:52:51] 138.3, 125.8, 1.095
[22:52:52] 138.4, 125.6, 2.924
[22:52:53] 174.2, 125.7, 1.068
[22:52:54] 157.5, 125.7, 1.092
[22:52:55] 136.9, 125.7, 1.098
[22:52:56] 137.2, 125.7, 1.098
[22:52:57] 137.4, 125.7, 1.101
[22:52:58] 137.7, 125.6, 1.701
[22:52:59] 216.5, 125.7, 1.058
[22:53:00] 145.4, 125.7, 1.097
[22:53:01] 138.9, 125.7, 1.098
[22:53:02] 138.9, 125.7, 1.097
[22:53:03] 138.9, 125.7, 1.104
[22:53:04] 154.4, 125.7, 1.686
[22:53:05] 219.4, 125.7, 1.572
[22:53:06] 194.6, 125.8, 1.102
[22:53:07] 139.6, 125.8, 1.103
[22:53:08] 139.5, 125.7, 1.103
[22:53:09] 139.5, 125.7, 1.103
[22:53:10] 139.5, 125.7, 1.695
[22:53:11] 195.0, 125.7, 1.687
[22:53:12] 213.4, 125.7, 1.755
[22:53:13] 220.9, 125.7, 1.564
[22:53:14] 200.9, 125.8, 1.105
[22:53:15] 140.1, 125.8, 1.097
[22:53:16] 140.0, 125.7, 1.095
[22:53:17] 139.9, 125.7, 1.098
[22:53:18] 139.9, 125.7, 2.088
[22:53:19] 186.1, 125.7, 1.689
[22:53:20] 214.5, 125.7, 1.754
[22:53:21] 220.3, 125.6, 1.751
[22:53:22] 220.4, 125.6, 1.753
[22:53:23] 220.5, 125.7, 1.751
[22:53:24] 220.7, 125.7, 1.672
[22:53:25] 220.2, 125.7, 1.108
[22:53:26] 139.4, 125.7, 1.103
[22:53:27] 139.4, 125.7, 1.101
[22:53:28] 139.4, 125.7, 1.101
[22:53:29] 139.4, 125.6, 3.158
[22:53:30] 177.4, 125.7, 1.691
[22:53:31] 213.8, 125.7, 1.751
[22:53:32] 219.2, 125.7, 1.750
[22:53:33] 219.4, 125.7, 1.756
[22:53:34] 219.7, 125.6, 1.755
[22:53:35] 219.9, 125.7, 1.754
[22:53:36] 220.2, 125.7, 1.752
[22:53:37] 220.4, 125.6, 1.755
[22:53:38] 220.5, 125.6, 1.756
[22:53:39] 220.7, 125.6, 1.754
[22:53:40] 220.8, 125.5, 1.752
[22:53:41] 220.9, 125.6, 1.757
[22:53:42] 221.0, 125.7, 1.099
[22:53:43] 153.0, 125.8, 1.106
[22:53:44] 139.6, 125.8, 1.106
[22:53:45] 139.6, 125.7, 1.108
