<<<[21:09:34] 140.6, 125.4, 1.122
[21:09:35] 140.7, 125.4, 1.135
[21:09:36] 141.0, 125.4, 1.144
[21:09:37] 141.3, 125.4, 1.270
[21:09:38] 154.1, 125.4, 1.279
[21:09:39] 159.9, 125.4, 1.279
[21:09:40] 160.1, 125.4, 1.278
[21:09:41] 160.0, 125.4, 1.250
[21:09:42] 159.9, 125.3, 1.304
[21:09:43] 159.8, 125.3, 1.253
[21:09:44] 159.6, 125.4, 1.266
[21:09:45] 159.7, 125.4, 1.191
[21:09:46] 150.4, 125.5, 1.173
[21:09:47] 150.3, 125.4, 1.173
[21:09:48] 150.1, 125.4, 1.176
[21:09:49] 150.0, 125.4, 1.178
[21:09:50] 149.9, 125.4, 1.123
[21:09:51] 168.2, 125.5, 1.112
[21:09:52] 140.3, 125.5, 1.110
[21:09:53] 140.2, 125.4, 1.112
[21:09:54] 140.2, 125.5, 1.108
[21:09:55] 140.2, 125.5, 1.126
[21:09:56] 167.8, 125.4, 1.108
[21:09:57] 139.9, 125.4, 1.110
[21:09:58] 139.9, 125.4, 1.106
[21:09:59] 139.9, 125.4, 1.114
[21:10:00] 140.0, 125.4, 1.059
[21:10:01] 175.2, 125.3, 1.118
[21:10:02] 135.4, 125.4, 1.103
[21:10:03] 135.9, 125.4, 1.108
[21:10:04] 136.4, 125.3, 1.109
[21:10:05] 136.9, 125.4, 1.061
[21:10:06] 176.7, 125.4, 1.103
[21:10:07] 134.7, 125.4, 1.110
[21:10:08] 140.1, 125.4, 1.112
[21:10:09] 140.1, 125.4, 1.110
[21:10:10] 140.1, 125.4, 1.053
[21:10:11] 177.2, 125.4, 1.096
[21:10:12] 134.0, 125.4, 1.106
[21:10:13] 140.1, 125.4, 1.109
[21:10:14] 140.0, 125.4, 1.108
[21:10:15] 140.0, 125.4, 1.102
[21:10:16] 193.0, 125.4, 1.071
[21:10:17] 134.1, 125.4, 1.103
[21:10:18] 140.1, 125.3, 1.103
[21:10:19] 140.0, 125.3, 1.102
[21:10:20] 140.0, 125.2, 1.542
[21:10:21] 212.9, 125.3, 1.043
[21:10:22] 131.6, 125.3, 1.106
[21:10:23] 139.8, 125.3, 1.100
[21:10:24] 139.7, 125.3, 1.108
[21:10:25] 139.7, 125.2, 2.524
[21:10:26] 220.7, 125.4, 1.055
[21:10:27] 172.2, 125.3, 1.108
[21:10:28] 138.7, 125.3, 1.105
[21:10:29] 138.8, 125.4, 1.104
[21:10:30] 138.9, 125.4, 1.100
[21:10:31] 139.0, 125.2, 2.344
[21:10:32] 296.3, 125.3, 1.116
[21:10:33] 178.9, 125.3, 1.109
[21:10:34] 139.9, 125.4, 1.105
[21:10:35] 139.8, 125.3, 1.112
[21:10:36] 139.9, 125.3, 1.109
[21:10:37] 139.9, 125.2, 2.349
[21:10:38] 289.6, 125.2, 2.410
[21:10:39] 298.5, 125.4, 1.119
[21:10:40] 191.9, 125.4, 1.111
[21:10:41] 139.9, 125.4, 1.111
[21:10:42] 139.9, 125.4, 1.112
[21:10:43] 139.9, 125.5, 1.105
[21:10:44] 139.9, 125.3, 2.357
[21:10:45] 277.9, 125.3, 2.378
[21:10:46] 297.2, 125.3, 2.408
[21:10:47] 303.4, 125.2, 2.416
[21:10:48] 303.4, 125.4, 1.196
[21:10:49] 220.1, 125.5, 1.110
[21:10:50] 140.8, 125.5, 1.118
[21:10:51] 140.7, 125.4, 1.104
[21:10:52] 140.6, 125.4, 1.110
[21:10:53] 140.5, 125.3, 2.373
[21:10:54] 254.5, 125.2, 2.344
[21:10:55] 295.8, 125.2, 2.417
[21:10:56] 304.1, 125.2, 2.413
[21:10:57] 304.0, 125.2, 2.420
[21:10:58] 304.1, 125.2, 2.413
[21:10:59] 304.1, 125.3, 2.419
[21:11:00] 304.1, 125.3, 2.413
[21:11:01] 304.1, 125.3, 1.751
[21:11:02] 264.5, 125.4, 1.108
[21:11:03] 138.7, 125.3, 1.108
[21:11:04] 138.8, 125.4, 1.110
[21:11:05] 139.0, 125.4, 1.112
[21:11:06] 139.2, 125.2, 3.070
[21:11:07] 206.7, 125.3, 2.355
[21:11:08] 296.7, 125.3, 2.414
[21:11:09] 302.7, 125.3, 2.422
[21:11:10] 302.9, 125.3, 2.410
[21:11:11] 303.0, 125.2, 2.421
[21:11:12] 303.2, 125.2, 2.415
[21:11:13] 303.4, 125.2, 2.423
[21:11:14] 303.5, 125.2, 2.422
[21:11:15] 303.6, 125.1, 2.425
[21:11:16] 303.8, 125.2, 2.421
[21:11:17] 303.9, 125.2, 2.427
[21:11:18] 304.0, 125.1, 2.422
[21:11:19] 304.1, 125.2, 2.429
[21:11:20] 304.2, 125.1, 2.424
[21:11:21] 304.4, 125.1, 2.427
[21:11:22] 304.4, 125.1, 2.425
[21:11:23] 304.5, 125.2, 1.106
[21:11:24] 184.3, 125.2, 1.113
[21:11:25] 140.3, 125.3, 1.112
[21:11:26] 140.3, 125.3, 1.111
