<<<[04:34:53] 144.1, 126.2, 1.118
[04:34:54] 143.7, 126.3, 1.117
[04:34:55] 143.5, 126.3, 1.121
[04:34:56] 143.3, 126.3, 1.246
[04:34:57] 155.7, 126.2, 1.272
[04:34:58] 162.0, 126.3, 1.272
[04:34:59] 161.8, 126.3, 1.220
[04:35:00] 161.5, 126.3, 1.270
[04:35:01] 161.5, 126.3, 1.273
[04:35:02] 161.4, 126.3, 1.274
[04:35:03] 161.4, 126.3, 1.232
[04:35:04] 161.0, 126.3, 1.271
[04:35:05] 160.9, 126.3, 1.255
[04:35:06] 160.8, 126.3, 1.278
[04:35:07] 160.6, 126.3, 1.273
[04:35:08] 160.7, 126.2, 1.258
[04:35:09] 160.6, 126.3, 1.273
[04:35:10] 160.7, 126.3, 1.276
[04:35:11] 160.5, 126.3, 1.257
[04:35:12] 160.4, 126.3, 1.256
[04:35:13] 160.4, 126.3, 1.271
[04:35:14] 160.4, 126.3, 1.269
[04:35:15] 160.4, 126.3, 1.280
[04:35:16] 160.4, 126.3, 1.275
[04:35:17] 160.3, 126.3, 1.274
[04:35:18] 160.4, 126.3, 1.245
[04:35:19] 160.1, 126.3, 1.245
[04:35:20] 160.1, 126.3, 1.217
[04:35:21] 159.9, 126.3, 1.273
[04:35:22] 160.2, 126.3, 1.259
[04:35:23] 160.2, 126.3, 1.279
[04:35:24] 160.2, 126.3, 1.246
[04:35:25] 160.6, 126.3, 1.254
[04:35:26] 160.4, 126.3, 1.244
[04:35:27] 160.3, 126.4, 1.278
[04:35:28] 160.3, 126.4, 1.263
[04:35:29] 160.1, 126.4, 1.237
[04:35:30] 160.0, 126.3, 1.237
[04:35:31] 159.8, 126.4, 1.241
[04:35:32] 159.6, 126.3, 1.291
[04:35:33] 164.9, 126.3, 1.234
[04:35:34] 157.7, 126.1, 1.239
[04:35:35] 157.8, 126.2, 1.229
[04:35:36] 158.0, 126.2, 1.249
[04:35:37] 158.1, 126.3, 1.237
[04:35:38] 158.0, 126.3, 1.238
[04:35:39] 158.4, 126.3, 1.272
[04:35:40] 158.4, 126.3, 1.238
[04:35:41] 158.4, 126.3, 1.255
[04:35:42] 158.5, 126.3, 1.242
[04:35:43] 158.5, 126.3, 1.320
[04:35:44] 158.9, 126.4, 1.228
[04:35:45] 158.8, 126.4, 1.102
[04:35:46] 140.8, 126.4, 1.095
[04:35:47] 140.6, 126.4, 1.094
[04:35:48] 140.4, 126.4, 1.098
[04:35:49] 140.3, 126.2, 3.166
[04:35:50] 171.8, 126.4, 1.035
[04:35:51] 142.7, 126.3, 1.098
[04:35:52] 137.6, 126.3, 1.097
[04:35:53] 137.8, 126.3, 1.095
[04:35:54] 138.2, 126.1, 2.865
[04:35:55] 171.4, 126.4, 1.037
[04:35:56] 142.1, 126.3, 1.106
[04:35:57] 141.5, 126.3, 1.102
[04:35:58] 141.4, 126.4, 1.100
[04:35:59] 141.2, 126.3, 1.112
[04:36:00] 173.8, 126.3, 1.046
[04:36:01] 142.1, 126.3, 1.110
[04:36:02] 141.5, 126.2, 1.100
[04:36:03] 141.3, 126.4, 1.099
[04:36:04] 141.2, 126.3, 1.094
[04:36:05] 173.6, 126.4, 1.064
[04:36:06] 156.8, 126.3, 1.103
[04:36:07] 137.6, 126.4, 1.108
[04:36:08] 137.9, 126.4, 1.106
[04:36:09] 138.2, 126.4, 1.102
[04:36:10] 138.5, 126.4, 0.990
[04:36:11] 208.9, 126.4, 1.108
[04:36:12] 136.0, 126.4, 1.101
[04:36:13] 136.5, 126.4, 1.110
[04:36:14] 137.0, 126.4, 1.098
[04:36:15] 137.5, 126.3, 1.671
[04:36:16] 245.5, 126.4, 1.044
[04:36:17] 134.7, 126.4, 1.106
[04:36:18] 140.5, 126.4, 1.105
[04:36:19] 140.5, 126.4, 1.107
[04:36:20] 140.4, 126.2, 3.084
[04:36:21] 210.7, 126.4, 1.522
[04:36:22] 241.5, 126.4, 1.110
[04:36:23] 138.7, 126.3, 1.106
[04:36:24] 138.9, 126.4, 1.104
[04:36:25] 139.1, 126.4, 1.106
[04:36:26] 139.2, 126.2, 2.403
[04:36:27] 235.2, 126.2, 2.406
[04:36:28] 305.2, 126.3, 1.069
[04:36:29] 204.4, 126.4, 1.101
[04:36:30] 140.7, 126.4, 1.110
[04:36:31] 140.6, 126.4, 1.103
[04:36:32] 140.6, 126.4, 1.103
[04:36:33] 140.6, 126.2, 2.421
[04:36:34] 281.9, 126.2, 2.436
[04:36:35] 307.6, 126.2, 2.469
[04:36:36] 313.2, 126.4, 1.692
[04:36:37] 275.3, 126.4, 1.113
[04:36:38] 142.5, 126.4, 1.099
[04:36:39] 142.2, 126.4, 1.094
[04:36:40] 142.0, 126.4, 1.096
[04:36:41] 141.8, 126.2, 3.042
[04:36:42] 213.6, 126.2, 2.407
[04:36:43] 306.3, 126.2, 2.472
[04:36:44] 311.5, 126.2, 2.476
[04:36:45] 311.7, 126.2, 2.475
[04:36:46] 312.0, 126.2, 2.475
[04:36:47] 312.2, 126.2, 2.478
[04:36:48] 312.4, 126.3, 1.647
[04:36:49] 247.8, 126.4, 1.117
[04:36:50] 140.1, 126.4, 1.105
[04:36:51] 140.1, 126.4, 1.101
[04:36:52] 140.2, 126.4, 1.104
[04:36:53] 140.2, 126.2, 2.376
[04:36:54] 241.7, 126.3, 2.411
[04:36:55] 305.6, 126.2, 2.477
[04:36:56] 313.5, 126.2, 2.480
[04:36:57] 313.5, 126.2, 2.482
[04:36:58] 313.6, 126.2, 2.483
[04:36:59] 313.7, 126.2, 2.484
[04:37:00] 313.8, 126.2, 2.480
[04:37:01] 313.9, 126.3, 2.481
[04:37:02] 313.9, 126.2, 2.481
[04:37:03] 314.0, 126.2, 2.482
[04:37:04] 314.1, 126.2, 2.481
[04:37:05] 314.1, 126.3, 2.480
[04:37:06] 314.2, 126.2, 2.482
[04:37:07] 314.1, 126.4, 1.100
[04:37:08] 164.2, 126.4, 1.104
[04:37:09] 140.8, 126.4, 1.106
[04:37:10] 140.8, 126.4, 1.108
[04:37:11] 140.8, 126.4, 1.102
