<<<[14:38:26] 144.5, 125.3, 1.141
[14:38:27] 144.5, 125.3, 1.151
[14:38:28] 144.5, 125.3, 1.160
[14:38:29] 144.6, 125.3, 1.251
[14:38:30] 157.7, 125.3, 1.252
[14:38:31] 157.7, 125.3, 1.247
[14:38:32] 157.8, 125.3, 1.251
[14:38:33] 157.5, 125.3, 1.168
[14:38:34] 148.3, 125.3, 1.160
[14:38:35] 148.3, 125.3, 1.139
[14:38:36] 148.0, 125.3, 1.124
[14:38:37] 147.6, 125.2, 1.287
[14:38:38] 158.4, 125.3, 1.122
[14:38:39] 153.2, 125.3, 1.119
[14:38:40] 141.9, 125.3, 1.123
[14:38:41] 141.8, 125.3, 1.123
[14:38:42] 141.7, 125.2, 1.249
[14:38:43] 157.5, 125.3, 1.111
[14:38:44] 151.7, 125.3, 1.112
[14:38:45] 140.7, 125.2, 1.127
[14:38:46] 140.7, 125.3, 1.107
[14:38:47] 140.7, 125.2, 1.233
[14:38:48] 156.4, 125.2, 1.110
[14:38:49] 155.8, 125.3, 1.110
[14:38:50] 140.7, 125.3, 1.116
[14:38:51] 140.7, 125.3, 1.110
[14:38:52] 140.6, 125.2, 1.216
[14:38:53] 156.1, 125.2, 1.111
[14:38:54] 155.6, 125.2, 1.107
[14:38:55] 140.5, 125.2, 1.114
[14:38:56] 140.5, 125.3, 1.113
[14:38:57] 140.5, 125.2, 1.211
[14:38:58] 156.1, 125.2, 1.107
[14:38:59] 155.6, 125.2, 1.118
[14:39:00] 140.7, 125.3, 1.109
[14:39:01] 140.6, 125.2, 1.110
[14:39:02] 140.7, 125.2, 1.179
[14:39:03] 155.3, 125.2, 1.113
[14:39:04] 154.9, 125.3, 1.111
[14:39:05] 140.1, 125.3, 1.109
[14:39:06] 140.1, 125.2, 1.108
[14:39:07] 140.2, 125.2, 1.129
[14:39:08] 170.4, 125.3, 1.044
[14:39:09] 142.5, 125.2, 1.117
[14:39:10] 137.2, 125.3, 1.106
[14:39:11] 137.6, 125.3, 1.119
[14:39:12] 137.9, 125.3, 1.109
[14:39:13] 168.5, 125.3, 1.044
[14:39:14] 142.5, 125.3, 1.112
[14:39:15] 136.1, 125.3, 1.111
[14:39:16] 136.6, 125.3, 1.108
[14:39:17] 137.1, 125.3, 1.113
[14:39:18] 142.8, 125.3, 1.072
[14:39:19] 178.9, 125.3, 1.114
[14:39:20] 135.8, 125.3, 1.122
[14:39:21] 136.3, 125.3, 1.125
[14:39:22] 136.8, 125.3, 1.101
[14:39:23] 137.3, 125.3, 1.520
[14:39:24] 203.7, 125.4, 1.078
[14:39:25] 134.1, 125.3, 1.105
[14:39:26] 139.9, 125.4, 1.107
[14:39:27] 139.9, 125.3, 1.120
[14:39:28] 139.9, 125.2, 1.966
[14:39:29] 198.6, 125.3, 1.006
[14:39:30] 183.0, 125.3, 1.108
[14:39:31] 139.0, 125.3, 1.106
[14:39:32] 139.1, 125.3, 1.101
[14:39:33] 139.2, 125.3, 1.113
[14:39:34] 139.3, 125.2, 1.899
[14:39:35] 222.7, 125.2, 1.798
[14:39:36] 223.2, 125.3, 1.102
[14:39:37] 140.3, 125.3, 1.117
[14:39:38] 140.2, 125.3, 1.112
[14:39:39] 140.3, 125.3, 1.120
[14:39:40] 140.2, 125.1, 3.127
[14:39:41] 177.6, 125.2, 1.861
[14:39:42] 232.3, 125.2, 1.926
[14:39:43] 239.7, 125.2, 1.822
[14:39:44] 233.3, 125.3, 1.111
[14:39:45] 141.0, 125.3, 1.119
[14:39:46] 140.8, 125.3, 1.114
[14:39:47] 140.8, 125.2, 1.112
[14:39:48] 140.7, 125.1, 3.387
[14:39:49] 180.3, 125.2, 1.860
[14:39:50] 233.0, 125.1, 1.925
[14:39:51] 239.5, 125.2, 1.919
[14:39:52] 239.8, 125.2, 1.922
[14:39:53] 240.0, 125.2, 1.916
[14:39:54] 240.3, 125.2, 1.723
[14:39:55] 231.5, 125.3, 1.112
[14:39:56] 140.8, 125.3, 1.105
[14:39:57] 140.7, 125.3, 1.113
[14:39:58] 140.6, 125.3, 1.109
[14:39:59] 140.6, 125.1, 3.177
[14:40:00] 183.6, 125.2, 1.859
[14:40:01] 234.4, 125.2, 1.917
[14:40:02] 235.0, 125.2, 1.922
[14:40:03] 241.7, 125.2, 1.922
[14:40:04] 241.7, 125.2, 1.924
[14:40:05] 241.7, 125.2, 1.922
[14:40:06] 241.8, 125.2, 1.925
[14:40:07] 241.8, 125.2, 1.925
[14:40:08] 241.8, 125.2, 1.927
[14:40:09] 241.9, 125.1, 1.927
[14:40:10] 242.0, 125.1, 1.927
[14:40:11] 242.1, 125.2, 1.129
[14:40:12] 203.7, 125.2, 1.107
[14:40:13] 140.3, 125.2, 1.119
[14:40:14] 140.3, 125.2, 1.120
[14:40:15] 140.3, 125.2, 1.117
