<<<[11:19:49] 644.1, 123.1, 5.241
[11:19:50] 644.1, 122.9, 5.222
[11:19:51] 643.9, 122.7, 6.590
[11:19:52] 764.2, 122.5, 6.721
[11:19:53] 825.8, 122.7, 6.730
[11:19:54] 825.9, 122.6, 6.736
[11:19:55] 826.1, 122.7, 6.739
[11:19:56] 826.3, 122.5, 6.741
[11:19:57] 826.5, 122.7, 6.746
[11:19:58] 826.8, 122.6, 6.751
[11:19:59] 827.0, 122.6, 6.746
[11:20:00] 827.2, 122.6, 6.750
[11:20:01] 827.4, 122.5, 6.750
[11:20:02] 827.5, 122.5, 6.749
[11:20:03] 827.7, 122.7, 6.748
[11:20:04] 827.8, 122.6, 6.747
[11:20:05] 827.9, 122.6, 6.752
[11:20:06] 828.0, 122.6, 6.748
[11:20:07] 828.2, 122.7, 6.747
[11:20:08] 828.2, 122.7, 6.748
[11:20:09] 828.3, 122.6, 6.748
[11:20:10] 828.4, 122.6, 6.751
[11:20:11] 828.5, 122.6, 6.748
[11:20:12] 828.5, 122.6, 6.751
[11:20:13] 828.6, 122.7, 6.746
[11:20:14] 828.6, 122.7, 6.748
[11:20:15] 828.6, 122.6, 6.747
[11:20:16] 828.6, 122.5, 6.748
[11:20:17] 828.6, 122.8, 6.740
[11:20:18] 828.6, 122.6, 6.745
[11:20:19] 828.6, 122.7, 6.741
[11:20:20] 828.5, 122.7, 6.753
[11:20:21] 828.6, 122.7, 6.743
[11:20:22] 828.6, 122.7, 6.747
[11:20:23] 828.6, 122.5, 6.756
[11:20:24] 828.6, 122.7, 6.756
[11:20:25] 828.5, 122.7, 6.568
[11:20:26] 806.5, 122.7, 6.500
[11:20:27] 792.4, 122.6, 6.744
[11:20:28] 828.2, 122.6, 6.754
[11:20:29] 828.2, 122.6, 6.745
[11:20:30] 828.2, 122.6, 6.742
[11:20:31] 828.2, 122.6, 6.743
[11:20:32] 828.2, 122.6, 6.742
[11:20:33] 828.1, 122.7, 6.745
[11:20:34] 828.1, 122.6, 6.745
[11:20:35] 828.1, 122.6, 6.748
[11:20:36] 828.1, 122.5, 6.741
[11:20:37] 828.0, 122.6, 6.747
[11:20:38] 828.0, 122.5, 6.769
[11:20:39] 828.2, 122.6, 6.774
[11:20:40] 828.6, 122.5, 6.775
[11:20:41] 828.9, 122.5, 6.748
[11:20:42] 828.7, 122.6, 6.741
[11:20:43] 828.6, 122.5, 6.741
[11:20:44] 828.4, 122.6, 6.742
[11:20:45] 828.3, 122.6, 6.744
[11:20:46] 828.2, 122.7, 6.738
[11:20:47] 828.1, 122.6, 6.741
[11:20:48] 828.1, 122.7, 6.739
[11:20:49] 828.0, 122.6, 6.741
[11:20:50] 827.9, 122.6, 6.742
[11:20:51] 827.9, 122.6, 6.736
[11:20:52] 827.8, 122.6, 6.735
[11:20:53] 827.7, 122.7, 6.741
[11:20:54] 827.7, 122.5, 6.739
[11:20:55] 827.6, 122.6, 6.743
[11:20:56] 827.6, 122.6, 6.739
[11:20:57] 827.5, 122.6, 6.736
[11:20:58] 827.6, 122.6, 6.732
[11:20:59] 827.5, 122.7, 6.741
[11:21:00] 827.6, 122.6, 6.740
[11:21:01] 817.0, 122.7, 6.494
[11:21:02] 801.4, 122.7, 6.511
[11:21:03] 810.3, 122.6, 6.741
[11:21:04] 828.2, 122.7, 6.747
[11:21:05] 828.2, 122.7, 6.741
[11:21:06] 828.1, 122.7, 6.739
[11:21:07] 828.1, 122.7, 6.740
[11:21:08] 828.1, 122.6, 6.743
[11:21:09] 828.0, 122.6, 6.743
[11:21:10] 828.0, 122.7, 6.742
[11:21:11] 828.0, 122.6, 6.738
[11:21:12] 828.0, 122.6, 6.739
[11:21:13] 827.9, 122.6, 6.744
[11:21:14] 827.9, 122.5, 6.743
[11:21:15] 827.8, 122.6, 6.743
[11:21:16] 827.8, 122.5, 6.745
[11:21:17] 827.7, 122.6, 6.742
[11:21:18] 827.7, 122.5, 6.750
[11:21:19] 827.7, 122.5, 6.746
[11:21:20] 827.7, 122.5, 6.753
[11:21:21] 827.7, 122.5, 6.738
[11:21:22] 827.7, 122.6, 6.743
[11:21:23] 827.6, 122.5, 6.742
[11:21:24] 827.7, 122.6, 6.753
[11:21:25] 827.6, 122.5, 6.747
[11:21:26] 827.7, 122.6, 6.747
[11:21:27] 827.7, 122.5, 6.746
[11:21:28] 827.6, 122.6, 6.740
[11:21:29] 827.6, 122.5, 6.747
[11:21:30] 827.6, 122.5, 6.750
[11:21:31] 827.6, 122.6, 6.746
[11:21:32] 827.6, 122.5, 6.744
[11:21:33] 827.6, 122.6, 6.748
[11:21:34] 827.6, 122.6, 6.745
[11:21:35] 827.5, 122.6, 6.730
[11:21:36] 827.7, 122.7, 6.582
[11:21:37] 813.2, 122.7, 6.454
[11:21:38] 797.5, 122.9, 5.480
[11:21:39] 696.9, 123.0, 5.222
[11:21:40] 643.7, 122.9, 5.216
[11:21:41] 643.4, 123.0, 5.220
[11:21:42] 643.3, 122.9, 5.218
[11:21:43] 643.1, 122.7, 6.223
[11:21:44] 860.1, 122.1, 8.925
[11:21:45] 1090.2, 122.2, 8.892
[11:21:46] 1090.4, 122.0, 8.864
[11:21:47] 1090.6, 122.1, 8.968
[11:21:48] 1090.9, 122.1, 8.955
[11:21:49] 1096.1, 122.2, 8.960
[11:21:50] 1096.2, 122.0, 8.978
[11:21:51] 1096.0, 122.1, 8.982
[11:21:52] 1096.2, 122.0, 8.982
[11:21:53] 1096.5, 122.1, 9.004
[11:21:54] 1096.7, 122.1, 8.990
[11:21:55] 1096.7, 122.1, 8.955
[11:21:56] 1097.2, 122.1, 9.013
[11:21:57] 1097.6, 122.1, 8.993
[11:21:58] 1097.9, 122.1, 8.986
[11:21:59] 1097.9, 122.2, 9.017
[11:22:00] 1098.4, 122.2, 9.017
[11:22:01] 1098.7, 122.1, 9.004
[11:22:02] 1099.1, 122.1, 9.002
[11:22:03] 1099.2, 122.2, 9.036
[11:22:04] 1099.7, 122.2, 9.020
[11:22:05] 1100.1, 122.1, 9.031
[11:22:06] 1100.3, 122.1, 8.984
[11:22:07] 1100.4, 122.2, 9.025
[11:22:08] 1100.9, 122.1, 9.083
[11:22:09] 1093.9, 122.0, 9.044
[11:22:10] 1103.0, 122.1, 9.006
[11:22:11] 1102.7, 122.1, 9.029
[11:22:12] 1103.0, 122.0, 9.035
[11:22:13] 1102.9, 122.1, 8.943
[11:22:14] 1102.8, 122.0, 8.926
[11:22:15] 1102.7, 122.1, 9.038
[11:22:16] 1102.8, 122.0, 9.012
[11:22:17] 1103.0, 122.1, 9.023
[11:22:18] 1102.9, 122.0, 8.968
[11:22:19] 1103.0, 122.0, 9.033
[11:22:20] 1103.2, 122.1, 9.039
[11:22:21] 1103.3, 122.1, 8.921
[11:22:22] 1103.1, 122.1, 8.985
[11:22:23] 1103.2, 122.0, 9.032
[11:22:24] 1103.4, 122.1, 9.010
[11:22:25] 1103.5, 122.0, 9.049
[11:22:26] 1103.3, 122.0, 9.040
[11:22:27] 1103.6, 121.9, 9.039
[11:22:28] 1103.9, 122.1, 9.056
[11:22:29] 1103.7, 122.0, 9.035
[11:22:30] 1103.9, 122.0, 9.051
[11:22:31] 1104.3, 122.0, 9.071
[11:22:32] 1104.5, 122.1, 8.967
[11:22:33] 1104.5, 121.9, 9.030
[11:22:34] 1099.0, 123.0, 5.309
[11:22:35] 653.2, 122.9, 5.288
[11:22:36] 652.7, 123.0, 5.254
[11:22:37] 646.7, 122.9, 5.248
