<<<[11:07:51] 644.7, 122.9, 5.208
[11:07:52] 644.3, 123.1, 5.203
[11:07:53] 643.8, 123.1, 5.202
[11:07:54] 685.7, 122.6, 6.687
[11:07:55] 821.3, 122.7, 6.673
[11:07:56] 821.4, 122.6, 6.707
[11:07:57] 821.6, 122.6, 6.709
[11:07:58] 821.9, 122.7, 6.709
[11:07:59] 822.2, 122.7, 6.709
[11:08:00] 822.4, 122.7, 6.716
[11:08:01] 822.7, 122.8, 6.711
[11:08:02] 822.9, 122.7, 6.714
[11:08:03] 823.2, 122.7, 6.803
[11:08:04] 830.5, 122.7, 6.714
[11:08:05] 829.9, 122.8, 6.716
[11:08:06] 829.3, 122.7, 6.754
[11:08:07] 829.2, 122.7, 6.754
[11:08:08] 829.2, 122.7, 6.752
[11:08:09] 829.2, 122.6, 6.748
[11:08:10] 829.2, 122.7, 6.748
[11:08:11] 829.2, 122.7, 6.753
[11:08:12] 829.2, 122.7, 6.756
[11:08:13] 829.2, 122.5, 6.766
[11:08:14] 829.7, 122.6, 6.780
[11:08:15] 830.1, 122.7, 6.755
[11:08:16] 830.1, 122.7, 6.751
[11:08:17] 830.0, 122.6, 6.750
[11:08:18] 829.9, 122.6, 6.755
[11:08:19] 829.9, 122.7, 6.752
[11:08:20] 829.8, 122.6, 6.750
[11:08:21] 829.8, 122.6, 6.756
[11:08:22] 829.8, 122.6, 6.753
[11:08:23] 829.7, 122.6, 6.753
[11:08:24] 829.9, 122.7, 6.835
[11:08:25] 816.4, 122.9, 5.395
[11:08:26] 663.4, 122.9, 5.359
[11:08:27] 662.9, 123.0, 5.293
[11:08:28] 652.6, 123.0, 5.205
[11:08:29] 641.2, 123.1, 5.209
[11:08:30] 646.3, 122.4, 6.667
[11:08:31] 873.1, 122.1, 8.841
[11:08:32] 1085.9, 122.1, 8.930
[11:08:33] 1086.1, 122.1, 8.917
[11:08:34] 1086.3, 122.2, 8.834
[11:08:35] 1086.3, 122.1, 8.825
[11:08:36] 1091.4, 122.2, 8.955
[11:08:37] 1091.7, 122.1, 8.885
[11:08:38] 1091.8, 122.6, 7.390
[11:08:39] 838.4, 123.1, 5.234
[11:08:40] 644.5, 123.0, 5.238
[11:08:41] 644.3, 123.1, 5.228
[11:08:42] 644.2, 123.1, 5.208
[11:08:43] 643.9, 122.2, 8.799
[11:08:44] 976.4, 122.2, 8.919
[11:08:45] 1085.5, 122.1, 8.889
[11:08:46] 1086.1, 122.2, 8.949
[11:08:47] 1086.4, 122.0, 8.940
[11:08:48] 1092.5, 122.1, 8.963
[11:08:49] 1092.6, 122.0, 8.885
[11:08:50] 1092.6, 122.1, 8.914
[11:08:51] 1092.7, 122.1, 8.973
[11:08:52] 1092.5, 122.0, 8.874
[11:08:53] 1093.0, 122.2, 8.958
[11:08:54] 1098.1, 122.1, 8.971
[11:08:55] 1091.2, 122.2, 8.959
[11:08:56] 1091.8, 122.1, 8.960
[11:08:57] 1092.4, 122.2, 8.974
[11:08:58] 1092.9, 122.1, 8.893
[11:08:59] 1000.0, 123.1, 5.260
[11:09:00] 647.5, 123.1, 5.235
[11:09:01] 647.2, 123.1, 5.230
[11:09:02] 646.7, 123.1, 5.224
[11:09:03] 646.3, 123.1, 5.221
