<<<[11:06:50] 644.6, 123.0, 5.206
[11:06:51] 644.1, 123.0, 5.207
[11:06:52] 643.7, 123.1, 5.204
[11:06:53] 658.1, 122.7, 6.653
[11:06:54] 817.6, 122.7, 6.665
[11:06:55] 817.7, 122.6, 6.677
[11:06:56] 818.0, 122.6, 6.678
[11:06:57] 818.2, 122.8, 6.679
[11:06:58] 818.5, 122.6, 6.680
[11:06:59] 818.8, 122.7, 6.687
[11:07:00] 819.1, 122.6, 6.740
[11:07:01] 830.2, 122.6, 6.691
[11:07:02] 821.7, 122.6, 6.692
[11:07:03] 821.6, 122.6, 6.691
[11:07:04] 821.6, 122.7, 6.690
[11:07:05] 821.7, 122.6, 6.698
[11:07:06] 821.7, 122.7, 6.688
[11:07:07] 821.7, 122.6, 6.692
[11:07:08] 821.7, 122.6, 6.729
[11:07:09] 827.6, 122.7, 6.691
[11:07:10] 827.3, 122.7, 6.691
[11:07:11] 822.1, 122.8, 6.687
[11:07:12] 822.1, 122.7, 6.694
[11:07:13] 822.1, 122.6, 6.693
[11:07:14] 822.1, 122.8, 6.690
[11:07:15] 822.0, 122.6, 6.692
[11:07:16] 822.0, 122.8, 6.711
[11:07:17] 822.6, 123.0, 5.939
[11:07:18] 736.7, 123.0, 5.440
[11:07:19] 669.1, 123.1, 5.314
[11:07:20] 655.4, 123.1, 5.219
[11:07:21] 643.4, 123.1, 5.206
[11:07:22] 643.1, 122.5, 7.130
[11:07:23] 879.2, 122.1, 8.867
[11:07:24] 1083.3, 122.2, 8.890
[11:07:25] 1083.4, 122.2, 8.821
[11:07:26] 1083.5, 122.2, 8.928
[11:07:27] 1090.8, 122.1, 8.910
[11:07:28] 1044.5, 123.0, 5.272
[11:07:29] 678.0, 123.1, 5.237
[11:07:30] 644.7, 122.9, 5.218
[11:07:31] 644.4, 122.9, 5.219
[11:07:32] 644.2, 122.9, 5.219
[11:07:33] 743.2, 122.2, 8.799
[11:07:34] 1083.5, 122.1, 8.882
[11:07:35] 1083.9, 122.1, 8.807
[11:07:36] 1083.7, 122.2, 8.910
[11:07:37] 1089.4, 122.1, 8.937
[11:07:38] 1089.6, 122.2, 8.923
[11:07:39] 1089.5, 122.1, 8.931
[11:07:40] 1089.7, 122.1, 8.868
[11:07:41] 1089.5, 122.2, 8.936
[11:07:42] 1089.9, 122.2, 8.943
[11:07:43] 1090.3, 123.0, 5.999
[11:07:44] 814.6, 123.1, 5.248
[11:07:45] 646.1, 123.1, 5.238
[11:07:46] 645.9, 123.0, 5.219
[11:07:47] 645.5, 123.0, 5.218
