<<<[11:09:07] 645.3, 123.1, 5.220
[11:09:08] 645.0, 123.1, 5.205
[11:09:09] 644.6, 122.6, 6.671
[11:09:10] 782.7, 122.6, 6.721
[11:09:11] 824.8, 122.6, 6.738
[11:09:12] 825.0, 122.6, 6.733
[11:09:13] 825.1, 122.6, 6.729
[11:09:14] 825.3, 122.6, 6.734
[11:09:15] 825.5, 122.7, 6.737
[11:09:16] 825.7, 122.7, 6.742
[11:09:17] 826.0, 122.6, 6.744
[11:09:18] 826.2, 122.5, 6.745
[11:09:19] 826.3, 122.7, 6.742
[11:09:20] 826.5, 122.7, 6.736
[11:09:21] 826.6, 122.7, 6.741
[11:09:22] 827.1, 122.6, 6.898
[11:09:23] 834.7, 122.7, 6.741
[11:09:24] 828.2, 122.6, 6.739
[11:09:25] 828.1, 122.6, 6.743
[11:09:26] 828.1, 122.7, 6.738
[11:09:27] 828.1, 122.7, 6.738
[11:09:28] 828.0, 122.6, 6.736
[11:09:29] 828.0, 122.7, 6.739
[11:09:30] 827.9, 122.7, 6.741
[11:09:31] 828.0, 122.7, 6.742
[11:09:32] 827.9, 122.7, 6.742
[11:09:33] 827.9, 122.7, 6.744
[11:09:34] 827.9, 122.7, 6.736
[11:09:35] 827.8, 122.8, 6.738
[11:09:36] 828.4, 122.7, 6.739
[11:09:37] 828.5, 122.6, 6.736
[11:09:38] 828.4, 122.6, 6.741
[11:09:39] 828.3, 122.7, 6.738
[11:09:40] 828.2, 122.6, 6.745
[11:09:41] 828.2, 122.6, 6.740
[11:09:42] 828.1, 122.5, 6.742
[11:09:43] 828.0, 122.7, 6.748
[11:09:44] 828.0, 122.7, 6.738
[11:09:45] 827.9, 122.7, 6.748
[11:09:46] 827.9, 122.6, 6.749
[11:09:47] 827.9, 122.6, 6.740
[11:09:48] 827.9, 122.5, 6.776
[11:09:49] 827.9, 122.6, 6.845
[11:09:50] 780.4, 123.0, 5.383
[11:09:51] 656.5, 122.9, 5.221
[11:09:52] 643.9, 123.0, 5.212
[11:09:53] 643.6, 123.1, 5.207
[11:09:54] 643.5, 122.7, 6.146
[11:09:55] 857.5, 122.2, 8.807
[11:09:56] 1078.2, 122.1, 8.887
[11:09:57] 1084.7, 122.2, 8.879
[11:09:58] 1084.5, 122.1, 8.872
[11:09:59] 1084.5, 122.1, 8.839
[11:10:00] 1085.0, 122.2, 8.919
[11:10:01] 1084.9, 122.1, 8.924
[11:10:02] 1085.3, 122.0, 8.925
[11:10:03] 1085.8, 122.1, 8.939
[11:10:04] 1093.3, 122.1, 8.911
[11:10:05] 1088.2, 122.1, 8.939
[11:10:06] 1062.2, 123.1, 5.262
[11:10:07] 647.1, 123.0, 5.247
[11:10:08] 646.9, 123.1, 5.230
[11:10:09] 646.6, 123.0, 5.215
