<<<[11:05:43] 643.9, 123.1, 5.205
[11:05:44] 643.6, 123.1, 5.204
[11:05:45] 668.0, 122.7, 6.667
[11:05:46] 818.9, 122.8, 6.673
[11:05:47] 819.0, 122.7, 6.680
[11:05:48] 819.5, 122.6, 6.731
[11:05:49] 825.8, 122.6, 6.726
[11:05:50] 825.8, 122.7, 6.769
[11:05:51] 835.5, 122.6, 6.731
[11:05:52] 826.2, 122.6, 6.733
[11:05:53] 826.2, 122.6, 6.730
[11:05:54] 826.2, 122.6, 6.738
[11:05:55] 826.3, 122.6, 6.732
[11:05:56] 826.3, 122.6, 6.874
[11:05:57] 837.2, 122.6, 6.733
[11:05:58] 826.4, 122.7, 6.731
[11:05:59] 826.4, 122.6, 6.735
[11:06:00] 826.3, 122.6, 6.735
[11:06:01] 826.3, 122.5, 6.733
[11:06:02] 826.4, 122.5, 6.985
[11:06:03] 825.9, 122.9, 5.338
[11:06:04] 657.3, 123.0, 5.293
[11:06:05] 651.2, 122.9, 5.254
[11:06:06] 644.7, 123.0, 5.218
[11:06:07] 644.4, 122.9, 5.210
[11:06:08] 644.8, 122.4, 7.437
[11:06:09] 884.1, 122.0, 8.832
[11:06:10] 1078.8, 122.2, 8.777
[11:06:11] 1078.9, 122.1, 8.869
[11:06:12] 1060.7, 123.0, 5.339
[11:06:13] 711.3, 123.0, 5.223
[11:06:14] 643.0, 123.1, 5.214
[11:06:15] 642.9, 123.0, 5.214
[11:06:16] 642.7, 123.1, 5.214
[11:06:17] 689.6, 122.3, 8.801
[11:06:18] 1076.0, 122.2, 8.831
[11:06:19] 1076.3, 122.2, 8.861
[11:06:20] 1076.9, 122.2, 8.796
[11:06:21] 1077.4, 122.1, 8.839
[11:06:22] 1082.7, 122.2, 8.871
[11:06:23] 1082.7, 122.2, 8.857
[11:06:24] 1043.1, 123.0, 5.251
[11:06:25] 664.2, 123.0, 5.230
[11:06:26] 643.7, 123.1, 5.227
[11:06:27] 643.6, 123.1, 5.210
[11:06:28] 643.3, 123.1, 5.211
[11:06:29] 737.2, 122.3, 8.814
[11:06:30] 1079.7, 122.3, 8.780
[11:06:31] 1079.6, 122.2, 8.814
[11:06:32] 1079.7, 122.2, 8.852
[11:06:33] 1080.1, 122.2, 8.866
[11:06:34] 1080.6, 122.2, 8.877
[11:06:35] 1081.2, 122.2, 8.773
[11:06:36] 1081.1, 122.1, 8.902
[11:06:37] 1087.0, 122.1, 8.871
[11:06:38] 1086.9, 122.2, 8.833
[11:06:39] 1086.8, 122.2, 8.855
[11:06:40] 1086.7, 122.2, 8.819
[11:06:41] 1086.8, 122.1, 8.892
[11:06:42] 1087.1, 122.3, 8.926
[11:06:43] 889.4, 123.0, 5.248
[11:06:44] 645.7, 123.0, 5.231
[11:06:45] 645.5, 123.1, 5.288
[11:06:46] 645.8, 123.1, 5.214
