<<<[11:03:15] 643.2, 123.1, 5.219
[11:03:16] 642.9, 123.1, 5.214
[11:03:17] 642.5, 122.8, 6.546
[11:03:18] 763.0, 122.8, 6.662
[11:03:19] 818.0, 122.7, 6.670
[11:03:20] 825.6, 122.7, 6.684
[11:03:21] 820.3, 122.7, 6.678
[11:03:22] 820.3, 122.7, 6.824
[11:03:23] 827.4, 122.7, 6.683
[11:03:24] 820.9, 122.8, 6.687
[11:03:25] 827.2, 123.0, 5.576
[11:03:26] 732.7, 123.0, 5.400
[11:03:27] 665.4, 123.0, 5.378
[11:03:28] 659.9, 123.0, 5.233
[11:03:29] 641.4, 123.1, 5.236
[11:03:30] 641.4, 122.4, 8.016
[11:03:31] 897.7, 122.6, 7.841
[11:03:32] 897.7, 123.1, 5.224
[11:03:33] 642.0, 123.1, 5.220
[11:03:34] 641.8, 123.2, 5.198
[11:03:35] 641.6, 123.2, 5.210
[11:03:36] 641.4, 122.6, 7.581
[11:03:37] 877.2, 122.3, 8.744
[11:03:38] 1071.5, 122.5, 8.400
[11:03:39] 911.5, 123.2, 5.225
[11:03:40] 642.8, 123.3, 5.208
[11:03:41] 642.6, 123.3, 5.191
[11:03:42] 642.2, 123.3, 5.184
[11:03:43] 641.8, 122.8, 6.204
[11:03:44] 854.6, 122.4, 8.692
[11:03:45] 1070.3, 122.4, 8.785
[11:03:46] 1070.6, 122.3, 8.806
[11:03:47] 1077.0, 122.4, 8.815
[11:03:48] 986.8, 123.2, 5.243
[11:03:49] 643.6, 123.2, 5.224
[11:03:50] 643.3, 123.2, 5.197
[11:03:51] 643.0, 123.2, 5.224
[11:03:52] 642.8, 123.2, 5.210
[11:03:53] 810.5, 122.3, 8.775
[11:03:54] 1073.3, 122.4, 8.797
[11:03:55] 1073.5, 122.3, 8.793
[11:03:56] 1073.8, 122.3, 8.769
[11:03:57] 1074.2, 122.3, 8.820
[11:03:58] 1074.8, 122.3, 8.832
[11:03:59] 1075.3, 122.2, 8.851
[11:04:00] 1075.8, 122.2, 8.821
[11:04:01] 1044.3, 123.0, 5.276
[11:04:02] 682.1, 123.0, 5.229
[11:04:03] 643.4, 123.1, 5.238
[11:04:04] 643.3, 123.1, 5.225
[11:04:05] 643.1, 123.1, 5.226
[11:04:06] 726.8, 122.2, 8.781
[11:04:07] 1073.6, 122.2, 8.779
[11:04:08] 1073.9, 122.3, 8.817
[11:04:09] 1074.3, 122.2, 8.809
[11:04:10] 1079.7, 122.2, 8.799
[11:04:11] 1079.7, 122.2, 8.840
[11:04:12] 1079.9, 122.2, 8.793
[11:04:13] 1079.9, 122.1, 8.798
[11:04:14] 1080.2, 122.2, 8.819
[11:04:15] 1080.6, 122.2, 8.837
[11:04:16] 1080.8, 122.2, 8.865
[11:04:17] 1081.3, 122.2, 8.887
[11:04:18] 1081.6, 122.2, 8.879
[11:04:19] 1082.2, 122.2, 8.877
[11:04:20] 1082.3, 122.2, 8.886
[11:04:21] 1082.6, 122.2, 8.883
[11:04:22] 1083.0, 123.2, 5.294
[11:04:23] 713.4, 123.1, 5.251
[11:04:24] 645.3, 123.2, 5.241
[11:04:25] 645.1, 123.2, 5.248
[11:04:26] 644.8, 123.1, 5.213
