<<<[16:00:24] 150.4, 125.3, 1.164
[16:00:25] 150.0, 125.4, 1.153
[16:00:26] 149.5, 125.3, 1.157
[16:00:27] 149.1, 125.2, 1.705
[16:00:28] 204.7, 125.2, 1.715
[16:00:29] 215.8, 125.3, 1.778
[16:00:30] 223.9, 125.3, 1.780
[16:00:31] 223.9, 125.3, 1.781
[16:00:32] 224.0, 125.3, 1.781
[16:00:33] 224.0, 125.2, 1.782
[16:00:34] 224.1, 125.2, 1.783
[16:00:35] 224.1, 125.2, 1.782
[16:00:36] 224.1, 125.2, 1.784
[16:00:37] 224.2, 125.3, 1.782
[16:00:38] 224.2, 125.2, 1.783
[16:00:39] 224.3, 125.3, 1.783
[16:00:40] 224.3, 125.3, 1.782
[16:00:41] 224.3, 125.3, 1.783
[16:00:42] 224.4, 125.3, 1.781
[16:00:43] 224.4, 125.3, 1.782
[16:00:44] 224.4, 125.3, 1.782
[16:00:45] 224.4, 125.3, 1.784
[16:00:46] 224.5, 125.3, 1.782
[16:00:47] 224.5, 125.3, 1.783
[16:00:48] 224.5, 125.2, 1.784
[16:00:49] 224.5, 125.3, 1.783
[16:00:50] 224.5, 125.3, 1.782
[16:00:51] 224.5, 125.3, 1.782
[16:00:52] 224.5, 125.3, 1.644
[16:00:53] 215.6, 125.3, 1.475
[16:00:54] 187.7, 125.3, 1.815
[16:00:55] 201.1, 125.2, 1.781
[16:00:56] 224.3, 125.2, 1.783
[16:00:57] 224.3, 125.2, 1.784
[16:00:58] 224.3, 125.2, 1.783
[16:00:59] 224.3, 125.2, 1.783
[16:01:00] 224.3, 125.2, 1.783
[16:01:01] 224.4, 125.2, 1.783
[16:01:02] 224.4, 125.2, 1.783
[16:01:03] 224.4, 125.1, 1.785
[16:01:04] 224.4, 125.2, 1.785
[16:01:05] 224.4, 125.2, 1.783
[16:01:06] 224.4, 125.2, 1.784
[16:01:07] 224.5, 125.2, 1.782
[16:01:08] 224.4, 125.2, 1.784
[16:01:09] 224.5, 125.2, 1.783
[16:01:10] 224.5, 125.2, 1.782
[16:01:11] 224.5, 125.3, 1.783
[16:01:12] 224.5, 125.2, 1.784
[16:01:13] 224.5, 125.2, 1.782
[16:01:14] 224.5, 125.3, 1.783
[16:01:15] 224.5, 125.2, 1.783
[16:01:16] 224.5, 125.1, 1.783
[16:01:17] 224.6, 125.2, 1.784
[16:01:18] 224.6, 125.2, 1.785
[16:01:19] 224.6, 125.3, 1.696
[16:01:20] 217.6, 125.3, 1.479
[16:01:21] 186.8, 125.2, 1.808
[16:01:22] 200.9, 125.2, 1.782
[16:01:23] 224.1, 125.2, 1.783
[16:01:24] 224.1, 125.2, 1.783
[16:01:25] 224.2, 125.2, 1.784
[16:01:26] 224.2, 125.2, 1.785
[16:01:27] 224.3, 125.2, 1.782
[16:01:28] 224.3, 125.1, 1.784
[16:01:29] 224.4, 125.2, 1.785
[16:01:30] 224.4, 125.1, 1.783
[16:01:31] 224.4, 125.2, 1.785
[16:01:32] 224.4, 125.1, 1.781
[16:01:33] 224.5, 125.2, 1.786
[16:01:34] 224.5, 125.2, 1.784
[16:01:35] 224.5, 125.2, 1.785
[16:01:36] 224.5, 125.2, 1.785
[16:01:37] 224.6, 125.2, 1.785
[16:01:38] 224.6, 125.2, 1.784
[16:01:39] 224.6, 125.2, 1.785
[16:01:40] 224.6, 125.2, 1.785
[16:01:41] 224.6, 125.3, 1.783
[16:01:42] 224.7, 125.3, 1.784
[16:01:43] 224.7, 125.3, 1.785
[16:01:44] 224.7, 125.3, 1.785
[16:01:45] 224.7, 125.2, 1.787
[16:01:46] 224.7, 125.3, 1.746
[16:01:47] 218.7, 125.3, 1.479
[16:01:48] 186.6, 125.3, 1.447
[16:01:49] 186.4, 125.3, 1.209
[16:01:50] 154.8, 125.4, 1.208
[16:01:51] 154.5, 125.3, 1.206
[16:01:52] 154.2, 125.3, 1.205
[16:01:53] 154.0, 125.2, 3.474
[16:01:54] 202.9, 125.2, 2.258
[16:01:55] 283.7, 125.2, 2.328
[16:01:56] 290.2, 125.2, 2.325
[16:01:57] 290.5, 125.2, 2.332
[16:01:58] 290.8, 125.2, 2.334
[16:01:59] 291.2, 125.2, 2.333
[16:02:00] 291.7, 125.2, 2.339
[16:02:01] 292.0, 125.2, 2.334
[16:02:02] 292.2, 125.2, 2.333
[16:02:03] 292.4, 125.2, 2.330
[16:02:04] 292.5, 125.2, 2.317
[16:02:05] 292.5, 125.3, 2.330
[16:02:06] 292.6, 125.4, 1.201
[16:02:07] 172.5, 125.4, 1.199
[16:02:08] 151.5, 125.3, 1.196
[16:02:09] 151.4, 125.3, 1.191
