<<<[15:55:27] 150.9, 125.4, 1.154
[15:55:28] 150.4, 125.4, 1.154
[15:55:29] 149.9, 125.4, 1.151
[15:55:30] 149.4, 125.3, 1.774
[15:55:31] 178.0, 125.3, 1.723
[15:55:32] 217.2, 125.3, 1.726
[15:55:33] 217.2, 125.3, 1.726
[15:55:34] 217.2, 125.3, 1.726
[15:55:35] 217.3, 125.3, 1.727
[15:55:36] 217.3, 125.3, 1.727
[15:55:37] 217.3, 125.4, 1.728
[15:55:38] 217.4, 125.3, 1.727
[15:55:39] 217.4, 125.3, 1.726
[15:55:40] 217.4, 125.3, 1.727
[15:55:41] 217.5, 125.4, 1.725
[15:55:42] 217.5, 125.4, 1.727
[15:55:43] 217.5, 125.4, 1.726
[15:55:44] 217.6, 125.4, 1.727
[15:55:45] 217.6, 125.4, 1.727
[15:55:46] 217.6, 125.3, 1.737
[15:55:47] 217.7, 125.4, 1.469
[15:55:48] 200.6, 125.4, 1.740
[15:55:49] 200.2, 125.4, 1.725
[15:55:50] 217.6, 125.4, 1.726
[15:55:51] 217.6, 125.4, 1.725
[15:55:52] 217.6, 125.4, 1.725
[15:55:53] 217.6, 125.3, 1.727
[15:55:54] 217.6, 125.4, 1.725
[15:55:55] 217.7, 125.4, 1.727
[15:55:56] 217.6, 125.4, 1.728
[15:55:57] 217.7, 125.3, 1.727
[15:55:58] 217.7, 125.4, 1.727
[15:55:59] 217.7, 125.4, 1.726
[15:56:00] 217.7, 125.4, 1.726
[15:56:01] 217.7, 125.3, 1.726
[15:56:02] 217.7, 125.3, 1.727
[15:56:03] 217.7, 125.3, 1.727
[15:56:04] 217.7, 125.3, 1.732
[15:56:05] 217.8, 125.4, 1.495
[15:56:06] 203.1, 125.4, 1.486
[15:56:07] 192.1, 125.3, 1.727
[15:56:08] 217.6, 125.3, 1.728
[15:56:09] 217.6, 125.3, 1.728
[15:56:10] 217.6, 125.3, 1.728
[15:56:11] 217.6, 125.4, 1.728
[15:56:12] 217.6, 125.3, 1.728
[15:56:13] 217.7, 125.3, 1.729
[15:56:14] 217.7, 125.3, 1.727
[15:56:15] 217.7, 125.4, 1.728
[15:56:16] 217.7, 125.4, 1.728
[15:56:17] 217.7, 125.3, 1.728
[15:56:18] 217.7, 125.3, 1.728
[15:56:19] 217.8, 125.4, 1.728
[15:56:20] 217.8, 125.4, 1.726
[15:56:21] 217.7, 125.3, 1.728
[15:56:22] 217.7, 125.3, 1.730
[15:56:23] 217.8, 125.3, 1.622
[15:56:24] 208.5, 125.3, 1.492
[15:56:25] 187.2, 125.4, 1.205
[15:56:26] 157.9, 125.4, 1.207
[15:56:27] 152.6, 125.3, 1.206
[15:56:28] 152.5, 125.4, 1.205
[15:56:29] 152.5, 125.4, 1.205
[15:56:30] 152.5, 125.2, 3.333
[15:56:31] 211.6, 125.2, 2.251
[15:56:32] 283.7, 125.2, 2.319
[15:56:33] 289.5, 125.2, 2.322
[15:56:34] 289.8, 125.2, 2.317
[15:56:35] 290.2, 125.2, 2.326
[15:56:36] 290.5, 125.2, 2.323
[15:56:37] 290.8, 125.3, 2.328
[15:56:38] 290.7, 125.4, 1.197
[15:56:39] 161.8, 125.4, 1.196
[15:56:40] 151.0, 125.4, 1.193
[15:56:41] 151.0, 125.4, 1.194
[15:56:42] 151.0, 125.4, 1.192
[15:56:43] 179.4, 125.3, 2.255
[15:56:44] 281.5, 125.3, 2.319
[15:56:45] 288.0, 125.3, 2.324
[15:56:46] 288.5, 125.2, 2.306
[15:56:47] 293.8, 125.2, 2.327
[15:56:48] 293.6, 125.2, 2.329
[15:56:49] 293.5, 125.2, 2.328
[15:56:50] 293.4, 125.2, 2.325
[15:56:51] 293.5, 125.2, 2.330
[15:56:52] 293.5, 125.3, 2.333
[15:56:53] 293.4, 125.2, 2.413
[15:56:54] 293.6, 125.2, 2.332
[15:56:55] 293.5, 125.2, 2.332
[15:56:56] 293.5, 125.2, 2.321
[15:56:57] 293.5, 125.4, 1.218
[15:56:58] 199.5, 125.3, 1.197
[15:56:59] 151.3, 125.4, 1.195
[15:57:00] 151.2, 125.4, 1.194
