<<<[15:44:16] 149.5, 125.4, 1.162
[15:44:17] 149.2, 125.4, 1.147
[15:44:18] 148.7, 125.4, 1.147
[15:44:19] 148.2, 125.4, 1.696
[15:44:20] 193.5, 125.3, 1.701
[15:44:21] 214.3, 125.3, 1.702
[15:44:22] 214.3, 125.4, 1.712
[15:44:23] 214.4, 125.4, 1.704
[15:44:24] 214.3, 125.3, 1.704
[15:44:25] 214.4, 125.3, 1.705
[15:44:26] 214.4, 125.3, 1.732
[15:44:27] 214.5, 125.4, 1.704
[15:44:28] 214.5, 125.3, 1.705
[15:44:29] 214.5, 125.3, 1.704
[15:44:30] 214.6, 125.4, 1.681
[15:44:31] 214.3, 125.4, 1.219
[15:44:32] 158.4, 125.4, 1.203
[15:44:33] 152.4, 125.4, 1.195
[15:44:34] 152.2, 125.4, 1.197
[15:44:35] 152.1, 125.4, 1.196
[15:44:36] 152.1, 125.2, 2.462
[15:44:37] 225.6, 125.4, 1.329
[15:44:38] 212.7, 125.4, 1.186
[15:44:39] 149.0, 125.4, 1.181
[15:44:40] 149.0, 125.4, 1.186
[15:44:41] 149.1, 125.4, 1.186
[15:44:42] 149.2, 125.2, 2.263
[15:44:43] 251.3, 125.3, 2.223
[15:44:44] 271.2, 125.4, 1.182
[15:44:45] 156.1, 125.4, 1.179
[15:44:46] 149.5, 125.4, 1.184
[15:44:47] 149.5, 125.4, 1.185
[15:44:48] 149.6, 125.4, 1.185
[15:44:49] 187.5, 125.3, 2.227
[15:44:50] 277.3, 125.3, 2.301
[15:44:51] 284.9, 125.3, 2.289
[15:44:52] 284.5, 125.4, 1.180
[15:44:53] 155.3, 125.5, 1.184
[15:44:54] 149.7, 125.5, 1.183
[15:44:55] 149.7, 125.5, 1.186
[15:44:56] 149.7, 125.5, 1.185
[15:44:57] 182.5, 125.4, 2.229
[15:44:58] 277.7, 125.4, 2.296
[15:44:59] 284.9, 125.3, 2.288
[15:45:00] 285.4, 125.3, 2.303
[15:45:01] 285.8, 125.3, 2.297
[15:45:02] 286.3, 125.3, 2.299
[15:45:03] 286.5, 125.4, 1.195
[15:45:04] 168.9, 125.4, 1.188
[15:45:05] 149.7, 125.4, 1.185
[15:45:06] 149.7, 125.5, 1.185
[15:45:07] 149.8, 125.4, 1.188
[15:45:08] 169.3, 125.3, 2.240
[15:45:09] 283.1, 125.3, 2.294
[15:45:10] 283.3, 125.3, 2.301
[15:45:11] 289.1, 125.3, 2.307
[15:45:12] 289.1, 125.3, 2.293
[15:45:13] 289.1, 125.3, 2.297
[15:45:14] 289.1, 125.2, 2.301
[15:45:15] 289.1, 125.3, 2.293
[15:45:16] 289.0, 125.3, 2.299
[15:45:17] 289.0, 125.3, 2.300
[15:45:18] 289.0, 125.3, 2.290
[15:45:19] 289.0, 125.3, 2.305
[15:45:20] 289.0, 125.4, 1.187
[15:45:21] 160.2, 125.4, 1.187
[15:45:22] 150.1, 125.4, 1.190
[15:45:23] 150.1, 125.4, 1.190
