<<<[15:49:34] 150.5, 125.4, 1.173
[15:49:35] 150.2, 125.4, 1.158
[15:49:36] 149.7, 125.4, 1.154
[15:49:37] 149.2, 125.3, 1.703
[15:49:38] 184.7, 125.3, 1.717
[15:49:39] 216.5, 125.3, 1.718
[15:49:40] 216.4, 125.3, 1.717
[15:49:41] 216.4, 125.3, 1.718
[15:49:42] 216.4, 125.3, 1.717
[15:49:43] 216.4, 125.3, 1.717
[15:49:44] 216.4, 125.3, 1.719
[15:49:45] 216.4, 125.3, 1.717
[15:49:46] 216.4, 125.3, 1.480
[15:49:47] 200.8, 125.3, 1.716
[15:49:48] 208.7, 125.2, 1.716
[15:49:49] 216.3, 125.3, 1.718
[15:49:50] 216.2, 125.3, 1.717
[15:49:51] 216.3, 125.3, 1.719
[15:49:52] 216.3, 125.2, 1.717
[15:49:53] 216.3, 125.3, 1.718
[15:49:54] 216.3, 125.3, 1.717
[15:49:55] 216.3, 125.3, 1.721
[15:49:56] 216.3, 125.3, 1.480
[15:49:57] 197.9, 125.3, 1.717
[15:49:58] 214.2, 125.3, 1.716
[15:49:59] 214.4, 125.3, 1.717
[15:50:00] 214.7, 125.3, 1.716
[15:50:01] 214.9, 125.3, 1.718
[15:50:02] 215.1, 125.3, 1.717
[15:50:03] 215.2, 125.3, 1.718
[15:50:04] 215.4, 125.3, 1.717
[15:50:05] 215.5, 125.3, 1.741
[15:50:06] 215.7, 125.4, 1.487
[15:50:07] 191.5, 125.4, 1.219
[15:50:08] 160.0, 125.4, 1.208
[15:50:09] 153.2, 125.4, 1.205
[15:50:10] 153.1, 125.4, 1.204
[15:50:11] 153.0, 125.4, 1.205
[15:50:12] 153.0, 125.3, 2.950
[15:50:13] 216.5, 125.3, 2.249
[15:50:14] 283.5, 125.3, 2.314
[15:50:15] 289.3, 125.4, 1.692
[15:50:16] 250.7, 125.4, 1.190
[15:50:17] 149.4, 125.4, 1.190
[15:50:18] 149.5, 125.4, 1.191
[15:50:19] 149.6, 125.4, 1.193
[15:50:20] 149.8, 125.3, 2.320
[15:50:21] 225.6, 125.3, 2.241
[15:50:22] 282.9, 125.2, 2.311
[15:50:23] 290.0, 125.2, 2.303
[15:50:24] 290.1, 125.2, 2.310
[15:50:25] 290.2, 125.2, 2.308
[15:50:26] 290.2, 125.4, 1.307
[15:50:27] 220.7, 125.4, 1.195
[15:50:28] 151.3, 125.4, 1.190
[15:50:29] 151.1, 125.4, 1.193
[15:50:30] 151.1, 125.4, 1.191
[15:50:31] 151.0, 125.3, 2.280
[15:50:32] 253.6, 125.2, 2.280
[15:50:33] 284.2, 125.2, 2.313
[15:50:34] 290.7, 125.2, 2.313
[15:50:35] 290.7, 125.2, 2.333
[15:50:36] 290.8, 125.2, 2.308
[15:50:37] 290.8, 125.2, 2.312
[15:50:38] 290.9, 125.2, 2.306
[15:50:39] 290.9, 125.2, 2.314
[15:50:40] 291.0, 125.2, 2.315
[15:50:41] 291.0, 125.2, 2.314
[15:50:42] 291.1, 125.2, 2.316
[15:50:43] 278.6, 125.4, 1.199
[15:50:44] 148.8, 125.3, 1.199
[15:50:45] 149.0, 125.4, 1.196
[15:50:46] 149.3, 125.4, 1.196
