<<<[15:48:07] 150.0, 125.4, 1.152
[15:48:08] 149.4, 125.4, 1.146
[15:48:09] 149.0, 125.4, 1.142
[15:48:10] 148.5, 125.3, 1.807
[15:48:11] 178.0, 125.3, 1.751
[15:48:12] 220.7, 125.3, 1.752
[15:48:13] 220.6, 125.3, 1.754
[15:48:14] 220.7, 125.3, 1.753
[15:48:15] 220.7, 125.3, 1.754
[15:48:16] 220.7, 125.3, 1.754
[15:48:17] 220.8, 125.3, 1.758
[15:48:18] 220.8, 125.3, 1.778
[15:48:19] 209.6, 125.3, 1.755
[15:48:20] 221.2, 125.3, 1.754
[15:48:21] 221.1, 125.3, 1.754
[15:48:22] 221.1, 125.3, 1.754
[15:48:23] 221.1, 125.3, 1.755
[15:48:24] 221.1, 125.3, 1.757
[15:48:25] 221.1, 125.3, 1.758
[15:48:26] 221.2, 125.3, 1.770
[15:48:27] 212.3, 125.3, 1.755
[15:48:28] 221.2, 125.3, 1.758
[15:48:29] 221.2, 125.3, 1.757
[15:48:30] 221.2, 125.3, 1.755
[15:48:31] 221.2, 125.3, 1.756
[15:48:32] 221.2, 125.3, 1.756
[15:48:33] 221.2, 125.3, 1.760
[15:48:34] 221.2, 125.4, 1.377
[15:48:35] 183.6, 125.4, 1.213
[15:48:36] 153.7, 125.4, 1.210
[15:48:37] 153.6, 125.4, 1.202
[15:48:38] 153.4, 125.4, 1.202
[15:48:39] 153.2, 125.2, 2.698
[15:48:40] 216.0, 125.3, 2.274
[15:48:41] 284.4, 125.3, 2.274
[15:48:42] 274.8, 125.4, 1.186
[15:48:43] 162.6, 125.4, 1.189
[15:48:44] 150.3, 125.3, 1.191
[15:48:45] 150.3, 125.2, 1.192
[15:48:46] 150.3, 125.1, 2.952
[15:48:47] 193.9, 125.2, 2.250
[15:48:48] 281.5, 125.2, 2.315
[15:48:49] 288.6, 125.2, 2.319
[15:48:50] 289.0, 125.2, 2.321
[15:48:51] 289.4, 125.3, 1.208
[15:48:52] 187.0, 125.4, 1.191
[15:48:53] 150.4, 125.4, 1.194
[15:48:54] 150.4, 125.4, 1.191
[15:48:55] 150.4, 125.4, 1.191
[15:48:56] 150.4, 125.3, 2.244
[15:48:57] 278.8, 125.2, 2.290
[15:48:58] 286.0, 125.2, 2.320
[15:48:59] 291.6, 125.2, 2.322
[15:49:00] 291.7, 125.2, 2.318
[15:49:01] 291.7, 125.2, 2.318
[15:49:02] 291.8, 125.1, 2.338
[15:49:03] 291.8, 125.1, 2.348
[15:49:04] 291.9, 125.1, 2.327
[15:49:05] 281.7, 125.3, 1.191
[15:49:06] 162.4, 125.3, 1.192
[15:49:07] 150.6, 125.4, 1.193
[15:49:08] 150.5, 125.4, 1.190
[15:49:09] 150.5, 125.4, 1.194
[15:49:10] 188.8, 125.2, 2.259
[15:49:11] 280.8, 125.1, 2.320
[15:49:12] 288.6, 125.2, 2.322
[15:49:13] 289.0, 125.2, 2.321
[15:49:14] 289.4, 125.1, 2.323
[15:49:15] 289.8, 125.2, 2.323
[15:49:16] 290.1, 125.2, 2.294
[15:49:17] 290.3, 125.2, 2.319
[15:49:18] 290.5, 125.1, 2.315
[15:49:19] 290.7, 125.2, 2.331
[15:49:20] 290.9, 125.2, 2.349
[15:49:21] 291.0, 125.1, 2.335
[15:49:22] 291.2, 125.2, 2.320
[15:49:23] 291.3, 125.2, 2.324
[15:49:24] 291.4, 125.2, 2.323
[15:49:25] 291.6, 125.2, 2.326
[15:49:26] 291.7, 125.2, 2.318
[15:49:27] 291.8, 125.3, 1.193
[15:49:28] 186.8, 125.3, 1.195
[15:49:29] 151.0, 125.3, 1.195
[15:49:30] 150.9, 125.4, 1.195
