<<<[15:45:27] 149.5, 125.4, 1.152
[15:45:28] 149.1, 125.4, 1.150
[15:45:29] 148.7, 125.4, 1.153
[15:45:30] 148.3, 125.3, 1.707
[15:45:31] 202.6, 125.3, 1.704
[15:45:32] 214.3, 125.3, 1.704
[15:45:33] 214.3, 125.2, 1.705
[15:45:34] 214.4, 125.3, 1.715
[15:45:35] 214.5, 125.3, 1.697
[15:45:36] 208.5, 125.2, 1.706
[15:45:37] 214.7, 125.2, 1.705
[15:45:38] 214.7, 125.2, 1.704
[15:45:39] 214.7, 125.2, 1.704
[15:45:40] 214.7, 125.3, 1.734
[15:45:41] 208.9, 125.3, 1.706
[15:45:42] 214.9, 125.3, 1.705
[15:45:43] 214.8, 125.3, 1.705
[15:45:44] 214.8, 125.3, 1.704
[15:45:45] 214.8, 125.3, 1.495
[15:45:46] 203.8, 125.2, 1.223
[15:45:47] 158.0, 125.2, 1.223
[15:45:48] 157.5, 125.3, 1.222
[15:45:49] 157.1, 125.3, 1.200
[15:45:50] 151.9, 125.3, 1.202
[15:45:51] 152.0, 125.2, 2.520
[15:45:52] 224.3, 125.3, 1.855
[15:45:53] 261.0, 125.4, 1.182
[15:45:54] 148.4, 125.3, 1.189
[15:45:55] 148.6, 125.4, 1.187
[15:45:56] 148.7, 125.3, 1.182
[15:45:57] 148.9, 125.1, 3.342
[15:45:58] 203.7, 125.2, 2.252
[15:45:59] 282.9, 125.2, 2.314
[15:46:00] 283.3, 125.3, 1.180
[15:46:01] 159.9, 125.3, 1.185
[15:46:02] 149.7, 125.4, 1.183
[15:46:03] 149.7, 125.4, 1.188
[15:46:04] 149.7, 125.3, 1.183
[15:46:05] 171.6, 125.3, 2.244
[15:46:06] 283.3, 125.3, 2.311
[15:46:07] 283.7, 125.3, 2.322
[15:46:08] 291.3, 125.3, 2.312
[15:46:09] 291.2, 125.4, 1.693
[15:46:10] 233.3, 125.4, 1.188
[15:46:11] 150.3, 125.4, 1.190
[15:46:12] 150.2, 125.4, 1.188
[15:46:13] 150.2, 125.4, 1.187
[15:46:14] 150.2, 125.2, 2.236
[15:46:15] 243.1, 125.2, 2.241
[15:46:16] 282.8, 125.2, 2.319
[15:46:17] 290.9, 125.2, 2.314
[15:46:18] 290.8, 125.2, 2.307
[15:46:19] 290.8, 125.2, 2.308
[15:46:20] 290.8, 125.2, 2.310
[15:46:21] 290.8, 125.2, 2.324
[15:46:22] 290.9, 125.2, 2.323
[15:46:23] 291.0, 125.4, 1.166
[15:46:24] 217.4, 125.4, 1.191
[15:46:25] 150.1, 125.4, 1.189
[15:46:26] 150.1, 125.4, 1.187
[15:46:27] 150.1, 125.4, 1.188
[15:46:28] 150.1, 125.2, 2.266
[15:46:29] 250.5, 125.2, 2.244
[15:46:30] 282.8, 125.3, 2.309
[15:46:31] 290.7, 125.2, 2.327
[15:46:32] 290.7, 125.2, 2.312
[15:46:33] 290.8, 125.2, 2.315
[15:46:34] 290.9, 125.2, 2.311
[15:46:35] 290.9, 125.2, 2.321
[15:46:36] 291.1, 125.2, 2.325
[15:46:37] 291.1, 125.2, 2.319
[15:46:38] 291.2, 125.2, 2.323
[15:46:39] 291.3, 125.1, 2.321
[15:46:40] 291.4, 125.2, 2.332
[15:46:41] 291.5, 125.2, 2.330
[15:46:42] 291.6, 125.2, 2.323
[15:46:43] 291.8, 125.2, 2.319
[15:46:44] 291.8, 125.1, 2.323
[15:46:45] 292.0, 125.2, 2.333
[15:46:46] 292.0, 125.3, 1.191
[15:46:47] 186.8, 125.3, 1.193
[15:46:48] 150.6, 125.4, 1.192
[15:46:49] 150.6, 125.4, 1.188
[15:46:50] 150.6, 125.3, 1.188
