<<<[15:50:50] 149.3, 125.4, 1.149
[15:50:51] 148.8, 125.4, 1.146
[15:50:52] 148.4, 125.4, 1.149
[15:50:53] 148.4, 125.3, 1.717
[15:50:54] 218.5, 125.3, 1.718
[15:50:55] 218.2, 125.3, 1.718
[15:50:56] 218.0, 125.4, 1.718
[15:50:57] 217.9, 125.4, 1.719
[15:50:58] 217.7, 125.4, 1.718
[15:50:59] 217.6, 125.5, 1.714
[15:51:00] 217.4, 125.4, 1.715
[15:51:01] 217.3, 125.4, 1.720
[15:51:02] 217.2, 125.4, 1.716
[15:51:03] 217.1, 125.4, 1.582
[15:51:04] 208.0, 125.4, 1.738
[15:51:05] 198.4, 125.4, 1.715
[15:51:06] 216.3, 125.4, 1.716
[15:51:07] 216.3, 125.4, 1.717
[15:51:08] 216.3, 125.4, 1.716
[15:51:09] 216.3, 125.4, 1.715
[15:51:10] 216.3, 125.4, 1.716
[15:51:11] 216.4, 125.4, 1.715
[15:51:12] 216.3, 125.4, 1.718
[15:51:13] 216.4, 125.4, 1.717
[15:51:14] 216.4, 125.4, 1.725
[15:51:15] 216.5, 125.4, 1.474
[15:51:16] 199.7, 125.4, 1.711
[15:51:17] 206.0, 125.4, 1.717
[15:51:18] 216.5, 125.4, 1.717
[15:51:19] 216.4, 125.3, 1.717
[15:51:20] 216.4, 125.4, 1.717
[15:51:21] 216.4, 125.3, 1.718
[15:51:22] 216.4, 125.3, 1.718
[15:51:23] 216.5, 125.4, 1.718
[15:51:24] 216.5, 125.4, 1.717
[15:51:25] 216.4, 125.4, 1.717
[15:51:26] 216.5, 125.3, 1.730
[15:51:27] 216.5, 125.4, 1.503
[15:51:28] 191.9, 125.4, 1.233
[15:51:29] 164.4, 125.4, 1.205
[15:51:30] 153.5, 125.4, 1.205
[15:51:31] 153.3, 125.4, 1.203
[15:51:32] 153.1, 125.4, 1.202
[15:51:33] 153.0, 125.2, 2.975
[15:51:34] 215.4, 125.3, 2.257
[15:51:35] 284.8, 125.3, 2.315
[15:51:36] 291.1, 125.3, 2.311
[15:51:37] 291.1, 125.4, 1.556
[15:51:38] 229.9, 125.4, 1.194
[15:51:39] 151.0, 125.4, 1.192
[15:51:40] 150.9, 125.4, 1.185
[15:51:41] 150.8, 125.4, 1.189
[15:51:42] 150.8, 125.3, 2.262
[15:51:43] 246.4, 125.3, 2.256
[15:51:44] 284.4, 125.3, 2.321
[15:51:45] 292.9, 125.3, 2.320
[15:51:46] 292.7, 125.3, 2.299
[15:51:47] 292.7, 125.3, 2.319
[15:51:48] 292.7, 125.3, 2.320
[15:51:49] 292.6, 125.3, 2.331
[15:51:50] 281.5, 125.5, 1.193
[15:51:51] 160.4, 125.5, 1.188
[15:51:52] 150.6, 125.4, 1.189
[15:51:53] 150.6, 125.5, 1.188
[15:51:54] 150.6, 125.4, 1.197
[15:51:55] 190.1, 125.3, 2.260
[15:51:56] 281.5, 125.3, 2.325
[15:51:57] 288.9, 125.3, 2.321
[15:51:58] 289.2, 125.2, 2.317
[15:51:59] 289.7, 125.3, 2.324
[15:52:00] 290.0, 125.3, 2.324
[15:52:01] 290.4, 125.2, 2.326
[15:52:02] 290.6, 125.2, 2.328
[15:52:03] 291.0, 125.3, 2.327
[15:52:04] 291.3, 125.2, 2.328
[15:52:05] 291.6, 125.3, 2.329
[15:52:06] 291.8, 125.3, 2.304
[15:52:07] 292.0, 125.3, 2.338
[15:52:08] 292.3, 125.3, 2.333
[15:52:09] 292.4, 125.4, 1.687
[15:52:10] 252.2, 125.5, 1.186
[15:52:11] 151.5, 125.4, 1.191
[15:52:12] 151.3, 125.4, 1.192
[15:52:13] 151.3, 125.4, 1.189
