<<<[15:52:17] 150.8, 125.5, 1.165
[15:52:18] 150.4, 125.5, 1.158
[15:52:19] 149.9, 125.5, 1.154
[15:52:20] 149.5, 125.4, 1.211
[15:52:21] 160.6, 125.4, 1.717
[15:52:22] 216.3, 125.4, 1.718
[15:52:23] 216.3, 125.4, 1.719
[15:52:24] 216.4, 125.4, 1.721
[15:52:25] 216.4, 125.3, 1.721
[15:52:26] 216.5, 125.4, 1.720
[15:52:27] 216.6, 125.4, 1.718
[15:52:28] 216.6, 125.4, 1.720
[15:52:29] 216.7, 125.4, 1.721
[15:52:30] 216.7, 125.4, 1.721
[15:52:31] 216.7, 125.4, 1.720
[15:52:32] 216.8, 125.4, 1.721
[15:52:33] 216.8, 125.4, 1.729
[15:52:34] 216.8, 125.4, 1.506
[15:52:35] 189.9, 125.3, 1.720
[15:52:36] 213.1, 125.4, 1.721
[15:52:37] 213.5, 125.4, 1.722
[15:52:38] 214.0, 125.4, 1.721
[15:52:39] 214.4, 125.4, 1.721
[15:52:40] 214.7, 125.4, 1.721
[15:52:41] 215.0, 125.4, 1.719
[15:52:42] 215.3, 125.4, 1.722
[15:52:43] 215.5, 125.4, 1.721
[15:52:44] 215.7, 125.4, 1.720
[15:52:45] 215.8, 125.4, 1.720
[15:52:46] 216.0, 125.4, 1.722
[15:52:47] 216.2, 125.3, 1.729
[15:52:48] 216.4, 125.4, 1.488
[15:52:49] 196.2, 125.4, 1.716
[15:52:50] 203.3, 125.4, 1.721
[15:52:51] 217.1, 125.3, 1.722
[15:52:52] 217.1, 125.3, 1.722
[15:52:53] 217.1, 125.4, 1.721
[15:52:54] 217.1, 125.4, 1.722
[15:52:55] 217.1, 125.4, 1.723
[15:52:56] 217.1, 125.4, 1.723
[15:52:57] 217.1, 125.4, 1.722
[15:52:58] 217.1, 125.4, 1.721
[15:52:59] 217.1, 125.4, 1.723
[15:53:00] 217.1, 125.3, 1.724
[15:53:01] 217.1, 125.4, 1.722
[15:53:02] 217.1, 125.4, 1.587
[15:53:03] 208.4, 125.3, 1.488
[15:53:04] 186.3, 125.4, 1.224
[15:53:05] 155.1, 125.4, 1.216
[15:53:06] 154.9, 125.4, 1.207
[15:53:07] 154.6, 125.4, 1.206
[15:53:08] 154.3, 125.3, 1.210
[15:53:09] 154.3, 125.3, 2.970
[15:53:10] 214.5, 125.3, 2.251
[15:53:11] 284.2, 125.3, 2.316
[15:53:12] 290.0, 125.3, 2.315
[15:53:13] 290.2, 125.3, 2.316
[15:53:14] 290.3, 125.5, 1.186
[15:53:15] 220.3, 125.5, 1.194
[15:53:16] 151.0, 125.5, 1.192
[15:53:17] 151.0, 125.4, 1.195
[15:53:18] 151.0, 125.4, 1.193
[15:53:19] 151.0, 125.3, 2.270
[15:53:20] 250.0, 125.3, 2.249
[15:53:21] 283.3, 125.3, 2.368
[15:53:22] 292.5, 125.2, 2.315
[15:53:23] 292.3, 125.2, 2.319
[15:53:24] 292.2, 125.3, 2.316
[15:53:25] 292.3, 125.3, 2.319
[15:53:26] 292.2, 125.3, 2.321
[15:53:27] 292.3, 125.2, 2.311
[15:53:28] 292.2, 125.3, 2.216
[15:53:29] 275.7, 125.4, 1.199
[15:53:30] 153.3, 125.5, 1.197
[15:53:31] 153.0, 125.4, 1.194
[15:53:32] 152.7, 125.4, 1.196
[15:53:33] 152.5, 125.2, 3.545
[15:53:34] 198.4, 125.3, 2.250
[15:53:35] 282.0, 125.3, 2.313
[15:53:36] 288.4, 125.3, 2.318
[15:53:37] 288.9, 125.3, 2.313
[15:53:38] 289.2, 125.3, 2.317
[15:53:39] 289.7, 125.3, 2.324
[15:53:40] 290.0, 125.2, 2.350
[15:53:41] 290.5, 125.2, 2.326
[15:53:42] 290.7, 125.2, 2.325
[15:53:43] 290.9, 125.2, 2.328
[15:53:44] 291.3, 125.3, 2.329
[15:53:45] 291.5, 125.2, 2.320
[15:53:46] 291.8, 125.3, 2.330
[15:53:47] 291.9, 125.2, 2.305
[15:53:48] 292.1, 125.3, 2.328
[15:53:49] 292.2, 125.3, 2.323
[15:53:50] 292.3, 125.3, 2.328
[15:53:51] 292.5, 125.3, 2.325
[15:53:52] 292.5, 125.5, 1.211
[15:53:53] 235.7, 125.4, 1.199
[15:53:54] 151.5, 125.4, 1.195
[15:53:55] 151.4, 125.4, 1.197
