<<<[15:42:56] 150.5, 125.5, 1.151
[15:42:57] 149.9, 125.5, 1.150
[15:42:58] 149.4, 125.5, 1.147
[15:42:59] 148.8, 125.4, 1.691
[15:43:00] 197.5, 125.4, 1.689
[15:43:01] 213.1, 125.4, 1.694
[15:43:02] 213.2, 125.4, 1.689
[15:43:03] 213.2, 125.4, 1.692
[15:43:04] 213.2, 125.4, 1.713
[15:43:05] 213.3, 125.4, 1.690
[15:43:06] 213.3, 125.4, 1.689
[15:43:07] 213.3, 125.4, 1.726
[15:43:08] 213.4, 125.4, 1.237
[15:43:09] 162.6, 125.5, 1.196
[15:43:10] 152.2, 125.5, 1.192
[15:43:11] 152.0, 125.5, 1.190
[15:43:12] 151.8, 125.4, 1.192
[15:43:13] 151.7, 125.3, 2.390
[15:43:14] 227.7, 125.4, 1.136
[15:43:15] 172.9, 125.4, 1.179
[15:43:16] 147.9, 125.4, 1.182
[15:43:17] 148.0, 125.5, 1.184
[15:43:18] 148.2, 125.4, 1.185
[15:43:19] 148.4, 125.3, 2.225
[15:43:20] 289.6, 125.4, 1.180
[15:43:21] 160.0, 125.4, 1.174
[15:43:22] 148.8, 125.4, 1.182
[15:43:23] 148.8, 125.4, 1.183
[15:43:24] 148.9, 125.4, 1.181
[15:43:25] 148.9, 125.3, 2.228
[15:43:26] 293.4, 125.3, 2.299
[15:43:27] 281.3, 125.4, 1.176
[15:43:28] 162.6, 125.4, 1.182
[15:43:29] 149.2, 125.4, 1.179
[15:43:30] 149.2, 125.4, 1.184
[15:43:31] 149.2, 125.4, 1.182
[15:43:32] 164.2, 125.3, 2.228
[15:43:33] 286.0, 125.3, 2.292
[15:43:34] 285.7, 125.3, 2.284
[15:43:35] 285.9, 125.3, 2.276
[15:43:36] 275.9, 125.4, 1.181
[15:43:37] 151.3, 125.4, 1.179
[15:43:38] 151.0, 125.4, 1.183
[15:43:39] 150.8, 125.4, 1.184
[15:43:40] 150.7, 125.4, 1.196
[15:43:41] 189.9, 125.3, 2.228
[15:43:42] 277.5, 125.2, 2.288
[15:43:43] 284.6, 125.3, 2.288
[15:43:44] 284.9, 125.3, 2.290
[15:43:45] 285.3, 125.3, 2.284
[15:43:46] 285.6, 125.2, 2.293
[15:43:47] 285.8, 125.3, 2.284
[15:43:48] 286.1, 125.4, 1.661
[15:43:49] 248.4, 125.5, 1.183
[15:43:50] 148.3, 125.4, 1.181
[15:43:51] 148.4, 125.4, 1.182
[15:43:52] 148.5, 125.4, 1.184
[15:43:53] 148.6, 125.3, 2.440
[15:43:54] 219.4, 125.3, 2.224
[15:43:55] 280.4, 125.3, 2.287
[15:43:56] 286.4, 125.3, 2.295
[15:43:57] 286.5, 125.3, 2.293
[15:43:58] 286.7, 125.2, 2.295
[15:43:59] 287.0, 125.3, 2.295
[15:44:00] 287.1, 125.3, 2.291
[15:44:01] 287.3, 125.3, 2.296
[15:44:02] 287.5, 125.3, 2.295
[15:44:03] 287.7, 125.2, 2.302
[15:44:04] 287.9, 125.3, 2.299
[15:44:05] 288.1, 125.3, 2.301
[15:44:06] 288.2, 125.3, 2.296
[15:44:07] 288.2, 125.3, 2.294
[15:44:08] 288.3, 125.3, 2.287
[15:44:09] 288.3, 125.4, 1.185
[15:44:10] 162.4, 125.4, 1.181
[15:44:11] 149.7, 125.4, 1.185
[15:44:12] 149.7, 125.4, 1.186
[15:44:13] 149.7, 125.4, 1.186
