<<<[13:40:57] 642.8, 122.9, 5.226
[13:40:58] 642.8, 122.9, 5.219
[13:40:59] 642.8, 122.7, 5.483
[13:41:00] 726.6, 122.5, 6.632
[13:41:01] 814.2, 122.5, 6.641
[13:41:02] 814.5, 122.5, 6.648
[13:41:03] 820.5, 122.6, 6.645
[13:41:04] 819.9, 122.6, 6.713
[13:41:05] 820.4, 122.6, 6.657
[13:41:06] 820.1, 122.6, 6.660
[13:41:07] 819.8, 122.3, 7.669
[13:41:08] 913.0, 122.4, 7.573
[13:41:09] 930.3, 122.4, 7.596
[13:41:10] 930.4, 122.3, 7.588
[13:41:11] 930.4, 122.4, 7.602
[13:41:12] 930.3, 122.4, 7.583
[13:41:13] 930.3, 122.3, 7.597
[13:41:14] 930.2, 122.4, 7.589
[13:41:15] 930.1, 122.4, 7.582
[13:41:16] 930.0, 122.3, 7.582
[13:41:17] 930.1, 122.4, 7.577
[13:41:18] 929.9, 122.3, 7.612
[13:41:19] 930.1, 122.3, 7.599
[13:41:20] 930.2, 122.4, 7.580
[13:41:21] 930.1, 122.3, 7.584
[13:41:22] 929.8, 122.4, 7.575
[13:41:23] 929.8, 122.3, 7.595
[13:41:24] 929.7, 122.4, 7.587
[13:41:25] 929.7, 122.3, 7.580
[13:41:26] 929.6, 122.3, 7.598
[13:41:27] 929.7, 122.4, 7.580
[13:41:28] 930.0, 122.3, 7.588
[13:41:29] 929.8, 122.3, 7.596
[13:41:30] 929.8, 122.3, 7.591
[13:41:31] 929.9, 122.3, 7.587
[13:41:32] 929.9, 122.2, 7.616
[13:41:33] 930.0, 122.3, 7.584
[13:41:34] 929.9, 122.4, 7.566
[13:41:35] 930.0, 122.4, 7.572
[13:41:36] 929.9, 122.4, 7.564
[13:41:37] 929.7, 122.4, 7.609
[13:41:38] 929.8, 122.4, 7.583
[13:41:39] 929.7, 122.4, 7.581
[13:41:40] 929.9, 122.3, 7.604
[13:41:41] 930.0, 122.4, 7.573
[13:41:42] 930.1, 122.4, 7.580
[13:41:43] 930.1, 122.3, 7.591
[13:41:44] 930.1, 122.3, 7.602
[13:41:45] 930.3, 122.3, 7.603
[13:41:46] 930.3, 122.4, 7.698
[13:41:47] 930.6, 122.4, 7.591
[13:41:48] 930.6, 122.3, 7.594
[13:41:49] 930.5, 122.3, 7.596
[13:41:50] 930.4, 122.3, 7.588
[13:41:51] 930.5, 122.4, 7.591
[13:41:52] 930.4, 122.3, 7.609
[13:41:53] 930.6, 122.3, 7.579
[13:41:54] 930.5, 122.3, 7.603
[13:41:55] 930.6, 122.4, 7.598
[13:41:56] 930.4, 122.4, 7.602
[13:41:57] 930.6, 122.4, 7.574
[13:41:58] 930.3, 122.3, 7.572
[13:41:59] 930.2, 122.2, 7.607
[13:42:00] 930.5, 122.2, 7.594
[13:42:01] 930.4, 122.2, 7.658
[13:42:02] 930.4, 122.3, 7.612
[13:42:03] 930.4, 122.4, 7.594
[13:42:04] 930.3, 122.4, 7.587
[13:42:05] 930.1, 122.3, 7.574
[13:42:06] 930.0, 122.3, 7.587
[13:42:07] 929.9, 122.4, 7.582
[13:42:08] 930.0, 122.3, 7.596
[13:42:09] 930.0, 122.3, 7.632
[13:42:10] 930.3, 122.4, 7.591
[13:42:11] 930.4, 122.4, 7.570
[13:42:12] 930.1, 122.4, 7.586
[13:42:13] 930.1, 122.3, 7.588
[13:42:14] 930.1, 122.3, 7.580
[13:42:15] 930.0, 122.4, 7.577
[13:42:16] 930.1, 122.3, 7.592
[13:42:17] 930.1, 122.3, 7.602
[13:42:18] 930.0, 122.3, 7.582
[13:42:19] 929.8, 122.2, 7.599
[13:42:20] 929.9, 122.2, 7.619
[13:42:21] 930.0, 122.3, 7.608
[13:42:22] 930.0, 122.2, 7.584
[13:42:23] 930.2, 122.1, 7.605
[13:42:24] 930.3, 122.2, 7.619
[13:42:25] 930.4, 122.3, 7.605
[13:42:26] 930.4, 122.2, 7.596
[13:42:27] 930.5, 122.2, 7.608
[13:42:28] 930.5, 122.2, 7.616
[13:42:29] 930.8, 122.3, 7.603
[13:42:30] 930.8, 122.3, 7.573
[13:42:31] 930.5, 122.3, 7.578
[13:42:32] 930.8, 122.3, 7.590
[13:42:33] 930.9, 122.3, 7.603
[13:42:34] 930.8, 122.3, 7.602
[13:42:35] 930.9, 122.4, 7.583
[13:42:36] 930.8, 122.3, 7.599
[13:42:37] 930.8, 122.4, 7.572
[13:42:38] 930.7, 122.3, 7.593
[13:42:39] 930.7, 122.3, 7.604
[13:42:40] 930.9, 122.4, 7.584
[13:42:41] 930.8, 122.3, 7.571
[13:42:42] 930.6, 122.4, 7.586
[13:42:43] 930.4, 122.3, 7.599
[13:42:44] 930.4, 122.2, 7.619
[13:42:45] 930.3, 122.3, 7.612
[13:42:46] 930.2, 122.3, 7.597
[13:42:47] 930.2, 122.2, 7.600
[13:42:48] 930.3, 122.3, 7.569
[13:42:49] 930.1, 122.2, 7.604
[13:42:50] 930.1, 122.4, 7.117
[13:42:51] 826.4, 122.9, 5.407
[13:42:52] 665.4, 122.9, 5.358
[13:42:53] 656.7, 122.8, 5.271
[13:42:54] 649.1, 122.9, 5.235
[13:42:55] 648.5, 122.4, 7.306
[13:42:56] 824.4, 122.4, 7.529
[13:42:57] 923.3, 122.3, 7.557
[13:42:58] 923.5, 122.2, 7.587
[13:42:59] 929.4, 122.3, 7.568
[13:43:00] 929.1, 122.2, 7.586
[13:43:01] 929.3, 122.3, 7.575
[13:43:02] 929.2, 122.3, 7.591
[13:43:03] 929.2, 122.3, 7.589
[13:43:04] 929.3, 122.3, 7.566
[13:43:05] 929.3, 122.4, 7.599
[13:43:06] 929.4, 122.3, 7.583
[13:43:07] 929.4, 122.3, 7.588
[13:43:08] 929.5, 122.4, 7.595
[13:43:09] 929.6, 122.4, 7.584
[13:43:10] 929.5, 122.4, 7.580
[13:43:11] 929.6, 122.3, 7.598
[13:43:12] 929.6, 122.3, 7.590
[13:43:13] 929.9, 122.3, 7.590
[13:43:14] 930.0, 122.3, 7.594
[13:43:15] 930.0, 122.2, 7.618
[13:43:16] 930.0, 122.2, 7.593
[13:43:17] 929.8, 122.2, 7.604
[13:43:18] 929.9, 122.2, 7.598
[13:43:19] 929.6, 122.2, 7.598
[13:43:20] 930.0, 122.2, 7.610
[13:43:21] 930.1, 122.3, 7.573
[13:43:22] 930.1, 122.4, 7.606
[13:43:23] 930.2, 122.4, 7.571
[13:43:24] 930.1, 122.3, 7.589
[13:43:25] 930.2, 122.3, 7.584
[13:43:26] 930.3, 122.3, 7.614
[13:43:27] 930.4, 122.3, 7.616
[13:43:28] 930.6, 122.3, 7.602
[13:43:29] 930.6, 122.4, 7.597
[13:43:30] 930.5, 122.4, 7.579
[13:43:31] 930.5, 122.3, 7.580
[13:43:32] 930.5, 122.3, 7.579
[13:43:33] 930.4, 122.4, 7.573
[13:43:34] 930.5, 122.4, 7.576
[13:43:35] 930.6, 122.2, 7.619
[13:43:36] 930.8, 122.3, 7.569
[13:43:37] 930.6, 122.3, 7.615
[13:43:38] 930.6, 122.3, 7.596
[13:43:39] 931.0, 122.3, 7.619
[13:43:40] 930.9, 122.2, 7.605
[13:43:41] 930.9, 122.2, 7.591
[13:43:42] 930.8, 122.2, 7.617
[13:43:43] 930.8, 122.2, 7.570
[13:43:44] 930.6, 122.3, 7.593
[13:43:45] 930.6, 122.3, 7.614
[13:43:46] 931.0, 122.4, 7.576
[13:43:47] 930.9, 122.4, 7.599
[13:43:48] 931.0, 122.3, 7.594
[13:43:49] 931.1, 122.3, 7.575
[13:43:50] 931.0, 122.3, 7.595
[13:43:51] 930.9, 122.3, 7.575
[13:43:52] 930.8, 122.4, 7.566
[13:43:53] 930.7, 122.4, 7.620
[13:43:54] 930.8, 122.4, 7.602
[13:43:55] 930.8, 122.3, 7.599
[13:43:56] 930.7, 122.3, 7.564
[13:43:57] 930.4, 122.4, 7.595
[13:43:58] 930.4, 122.4, 7.603
[13:43:59] 930.4, 122.3, 7.593
[13:44:00] 930.5, 122.3, 7.603
[13:44:01] 930.4, 122.3, 7.568
[13:44:02] 930.4, 122.4, 7.580
[13:44:03] 930.4, 122.4, 7.613
[13:44:04] 930.5, 122.4, 7.586
[13:44:05] 930.5, 122.3, 7.597
[13:44:06] 930.3, 122.4, 7.600
[13:44:07] 930.3, 122.4, 7.620
[13:44:08] 930.5, 122.3, 7.583
[13:44:09] 930.4, 122.3, 7.591
[13:44:10] 930.4, 122.4, 7.611
[13:44:11] 930.4, 122.4, 7.598
[13:44:12] 930.4, 122.4, 7.562
[13:44:13] 930.3, 122.3, 7.571
[13:44:14] 930.2, 122.3, 7.579
[13:44:15] 930.3, 122.3, 7.588
[13:44:16] 930.2, 122.4, 7.591
[13:44:17] 930.3, 122.3, 7.606
[13:44:18] 930.7, 122.3, 7.608
[13:44:19] 930.6, 122.2, 7.593
[13:44:20] 930.5, 122.3, 7.598
[13:44:21] 930.6, 122.3, 7.607
[13:44:22] 930.4, 122.3, 7.595
[13:44:23] 930.4, 122.3, 7.602
[13:44:24] 930.5, 122.3, 7.564
[13:44:25] 930.5, 122.3, 7.601
[13:44:26] 930.6, 122.3, 7.584
[13:44:27] 930.7, 122.4, 7.621
[13:44:28] 930.8, 122.4, 7.590
[13:44:29] 930.9, 122.4, 7.586
[13:44:30] 931.0, 122.4, 7.602
[13:44:31] 930.9, 122.4, 7.592
[13:44:32] 930.9, 122.3, 7.591
[13:44:33] 930.5, 122.3, 7.609
[13:44:34] 930.6, 122.4, 7.665
[13:44:35] 930.9, 122.4, 7.613
[13:44:36] 931.0, 122.4, 7.608
[13:44:37] 930.9, 122.4, 7.581
[13:44:38] 930.8, 122.5, 7.337
[13:44:39] 814.4, 123.1, 5.237
[13:44:40] 644.7, 123.1, 5.233
[13:44:41] 644.6, 123.1, 5.225
[13:44:42] 644.4, 123.0, 5.221
