<<<[13:26:33] 643.1, 122.9, 5.214
[13:26:34] 642.8, 122.9, 5.213
[13:26:35] 642.6, 122.6, 6.584
[13:26:36] 782.9, 122.6, 6.627
[13:26:37] 814.2, 122.5, 6.737
[13:26:38] 814.3, 122.6, 6.641
[13:26:39] 879.8, 122.2, 8.138
[13:26:40] 992.2, 122.2, 8.130
[13:26:41] 992.6, 122.2, 8.134
[13:26:42] 992.9, 122.2, 8.126
[13:26:43] 993.2, 122.2, 8.146
[13:26:44] 998.7, 122.2, 8.118
[13:26:45] 998.2, 122.2, 8.065
[13:26:46] 992.4, 122.3, 8.108
[13:26:47] 992.9, 122.2, 8.150
[13:26:48] 993.5, 122.3, 8.197
[13:26:49] 999.6, 122.2, 8.140
[13:26:50] 999.1, 122.3, 8.099
[13:26:51] 992.4, 122.2, 8.147
[13:26:52] 992.6, 122.2, 8.165
[13:26:53] 966.2, 122.9, 5.479
[13:26:54] 704.2, 122.8, 5.331
[13:26:55] 655.6, 122.9, 5.309
[13:26:56] 655.2, 122.9, 5.225
[13:26:57] 644.1, 122.9, 5.224
[13:26:58] 643.7, 122.2, 8.096
[13:26:59] 938.2, 122.2, 8.116
[13:27:00] 994.7, 122.2, 8.139
[13:27:01] 994.6, 122.2, 8.159
[13:27:02] 994.9, 122.1, 8.136
[13:27:03] 995.1, 122.2, 8.137
[13:27:04] 995.4, 122.1, 8.153
[13:27:05] 995.8, 122.1, 8.154
[13:27:06] 995.9, 122.1, 8.164
[13:27:07] 996.4, 122.1, 8.185
[13:27:08] 996.7, 122.1, 8.135
[13:27:09] 996.5, 122.3, 8.099
[13:27:10] 996.2, 122.2, 8.107
[13:27:11] 996.6, 122.1, 8.177
[13:27:12] 997.0, 122.8, 5.390
[13:27:13] 732.1, 122.9, 5.240
[13:27:14] 643.9, 122.9, 5.236
[13:27:15] 643.8, 122.9, 5.236
[13:27:16] 643.7, 122.9, 5.220
