<<<[13:19:26] 642.5, 122.9, 5.210
[13:19:27] 642.2, 122.8, 5.219
[13:19:28] 642.0, 122.9, 5.212
[13:19:29] 654.0, 122.4, 6.649
[13:19:30] 812.6, 122.4, 7.161
[13:19:31] 873.5, 122.2, 7.569
[13:19:32] 926.8, 122.3, 7.549
[13:19:33] 926.9, 122.3, 7.574
[13:19:34] 927.1, 122.2, 7.598
[13:19:35] 927.5, 122.3, 7.591
[13:19:36] 927.8, 122.3, 7.614
[13:19:37] 928.0, 122.3, 7.586
[13:19:38] 928.3, 122.3, 7.603
[13:19:39] 928.4, 122.5, 7.151
[13:19:40] 808.5, 122.8, 5.375
[13:19:41] 660.3, 122.9, 5.337
[13:19:42] 659.7, 123.0, 5.300
[13:19:43] 651.8, 122.9, 5.224
[13:19:44] 644.1, 122.4, 7.283
[13:19:45] 824.1, 122.4, 7.561
[13:19:46] 926.0, 122.4, 7.556
[13:19:47] 926.1, 122.3, 7.586
[13:19:48] 926.3, 122.4, 7.570
[13:19:49] 926.4, 122.4, 7.586
[13:19:50] 926.8, 122.3, 7.584
[13:19:51] 927.0, 122.4, 7.575
[13:19:52] 927.4, 122.3, 7.610
[13:19:53] 927.9, 122.4, 7.340
[13:19:54] 833.7, 122.8, 5.241
[13:19:55] 643.4, 122.9, 5.225
[13:19:56] 643.2, 122.9, 5.221
[13:19:57] 643.0, 122.8, 5.216
[13:19:58] 642.7, 122.4, 7.208
[13:19:59] 815.4, 122.3, 7.559
[13:20:00] 925.4, 122.3, 7.528
[13:20:01] 925.5, 122.2, 7.588
[13:20:02] 925.8, 122.3, 7.563
[13:20:03] 926.2, 122.3, 7.560
[13:20:04] 926.8, 122.3, 7.579
[13:20:05] 927.1, 122.4, 7.574
[13:20:06] 927.4, 122.4, 7.579
[13:20:07] 927.8, 122.3, 7.593
[13:20:08] 928.1, 122.3, 7.590
[13:20:09] 928.4, 122.4, 7.601
[13:20:10] 928.7, 122.4, 7.599
[13:20:11] 929.1, 122.3, 7.591
[13:20:12] 929.4, 122.3, 7.593
[13:20:13] 929.4, 122.4, 7.589
[13:20:14] 929.5, 122.4, 7.603
[13:20:15] 929.8, 122.3, 7.570
[13:20:16] 929.9, 122.6, 6.839
[13:20:17] 787.6, 122.9, 5.238
[13:20:18] 644.1, 123.0, 5.226
[13:20:19] 643.9, 122.9, 5.221
[13:20:20] 643.6, 122.9, 5.218
