<<<[13:12:09] 640.1, 122.8, 5.186
[13:12:10] 639.9, 122.9, 5.192
[13:12:11] 639.8, 122.9, 5.182
[13:12:12] 688.4, 122.2, 7.795
[13:12:13] 916.2, 122.6, 6.990
[13:12:14] 796.9, 122.8, 5.351
[13:12:15] 657.5, 123.0, 5.273
[13:12:16] 650.2, 122.9, 5.259
[13:12:17] 649.8, 122.9, 5.219
[13:12:18] 642.0, 122.2, 7.758
[13:12:19] 873.9, 122.5, 6.687
[13:12:20] 769.3, 122.9, 5.191
[13:12:21] 638.2, 122.8, 5.190
[13:12:22] 638.2, 122.9, 5.189
[13:12:23] 638.1, 122.8, 5.187
[13:12:24] 638.0, 122.3, 7.839
[13:12:25] 898.1, 122.2, 7.900
[13:12:26] 964.4, 122.9, 5.388
[13:12:27] 718.2, 122.9, 5.192
[13:12:28] 639.2, 123.0, 5.184
[13:12:29] 639.1, 122.9, 5.186
[13:12:30] 638.9, 123.0, 5.183
[13:12:31] 638.8, 122.2, 7.858
[13:12:32] 951.6, 122.3, 7.903
[13:12:33] 963.4, 122.2, 7.913
[13:12:34] 963.6, 122.3, 7.904
[13:12:35] 923.5, 122.9, 5.206
[13:12:36] 640.4, 122.8, 5.196
[13:12:37] 640.1, 122.9, 5.191
[13:12:38] 639.9, 122.9, 5.187
[13:12:39] 639.7, 122.9, 5.196
[13:12:40] 737.2, 122.3, 7.898
[13:12:41] 962.6, 122.2, 7.788
[13:12:42] 962.9, 122.2, 7.818
[13:12:43] 963.2, 122.1, 7.907
[13:12:44] 963.7, 122.1, 7.857
[13:12:45] 963.9, 122.2, 7.953
[13:12:46] 964.4, 122.0, 7.955
[13:12:47] 964.5, 122.7, 5.319
[13:12:48] 693.7, 122.8, 5.209
[13:12:49] 640.0, 122.8, 5.203
[13:12:50] 639.9, 122.8, 5.199
[13:12:51] 639.8, 122.9, 5.195
[13:12:52] 649.5, 122.2, 7.898
[13:12:53] 963.2, 122.1, 7.906
[13:12:54] 962.7, 122.2, 7.918
[13:12:55] 962.9, 122.2, 7.824
[13:12:56] 951.0, 122.1, 7.948
[13:12:57] 965.8, 122.1, 7.954
[13:12:58] 965.7, 122.1, 7.946
[13:12:59] 966.2, 122.2, 7.947
[13:13:00] 966.8, 122.1, 7.965
[13:13:01] 971.9, 122.2, 7.908
[13:13:02] 971.6, 122.1, 7.844
[13:13:03] 971.6, 122.2, 7.849
[13:13:04] 971.5, 122.1, 7.953
[13:13:05] 971.6, 122.2, 7.961
[13:13:06] 971.3, 122.9, 5.254
[13:13:07] 689.6, 122.8, 5.214
[13:13:08] 641.0, 122.9, 5.211
[13:13:09] 640.9, 122.9, 5.200
[13:13:10] 640.8, 122.9, 5.200
