<<<[13:32:18] 643.7, 122.8, 5.222
[13:32:19] 643.4, 123.0, 5.213
[13:32:20] 643.1, 122.9, 5.215
[13:32:21] 669.5, 122.6, 6.617
[13:32:22] 811.3, 122.5, 6.789
[13:32:23] 818.1, 122.5, 6.637
[13:32:24] 817.6, 122.5, 6.652
[13:32:25] 817.7, 122.6, 6.643
[13:32:26] 818.0, 122.3, 7.939
[13:32:27] 973.8, 122.2, 8.073
[13:32:28] 986.2, 122.2, 8.004
[13:32:29] 985.6, 122.2, 8.064
[13:32:30] 985.7, 122.2, 8.088
[13:32:31] 986.0, 122.4, 7.914
[13:32:32] 977.4, 122.3, 8.141
[13:32:33] 994.3, 122.3, 8.156
[13:32:34] 994.4, 122.2, 8.202
[13:32:35] 994.9, 122.1, 8.145
[13:32:36] 995.0, 122.2, 8.131
[13:32:37] 994.6, 122.1, 8.042
[13:32:38] 982.5, 122.2, 8.017
[13:32:39] 982.5, 122.3, 8.146
[13:32:40] 994.9, 122.3, 8.125
[13:32:41] 994.7, 122.3, 8.166
[13:32:42] 995.2, 122.3, 8.133
[13:32:43] 994.7, 122.3, 8.032
[13:32:44] 989.6, 122.3, 8.142
[13:32:45] 995.1, 122.2, 8.162
[13:32:46] 994.7, 122.3, 8.046
[13:32:47] 989.0, 122.2, 8.065
[13:32:48] 988.7, 122.2, 8.082
[13:32:49] 988.6, 122.2, 7.977
[13:32:50] 977.4, 122.2, 8.060
[13:32:51] 977.6, 122.2, 8.018
[13:32:52] 977.2, 122.8, 5.805
[13:32:53] 732.7, 122.9, 5.350
[13:32:54] 655.8, 123.0, 5.281
[13:32:55] 649.5, 123.0, 5.228
[13:32:56] 643.9, 123.0, 5.224
[13:32:57] 643.6, 122.3, 7.793
[13:32:58] 872.1, 122.2, 8.031
[13:32:59] 987.2, 122.2, 8.151
[13:33:00] 987.7, 122.2, 8.079
[13:33:01] 987.5, 122.2, 8.120
[13:33:02] 988.0, 122.2, 7.981
[13:33:03] 981.3, 122.3, 8.100
[13:33:04] 989.6, 122.2, 8.138
[13:33:05] 989.8, 122.2, 8.077
[13:33:06] 989.5, 122.3, 8.019
[13:33:07] 982.9, 122.2, 8.081
[13:33:08] 995.7, 122.1, 8.134
[13:33:09] 995.7, 122.1, 8.138
[13:33:10] 995.5, 122.2, 8.065
[13:33:11] 988.6, 122.2, 8.167
[13:33:12] 995.9, 122.2, 8.070
[13:33:13] 985.5, 122.1, 8.092
[13:33:14] 994.3, 122.1, 8.172
[13:33:15] 1001.4, 122.1, 8.110
[13:33:16] 995.3, 122.2, 8.177
[13:33:17] 1002.6, 122.2, 8.183
[13:33:18] 1002.5, 122.2, 8.192
[13:33:19] 1002.2, 122.1, 8.065
[13:33:20] 990.2, 122.2, 8.112
[13:33:21] 990.3, 122.2, 8.127
[13:33:22] 996.5, 122.2, 8.090
[13:33:23] 990.6, 122.4, 7.555
[13:33:24] 875.6, 123.0, 5.246
[13:33:25] 645.1, 122.9, 5.237
[13:33:26] 644.9, 122.9, 5.237
[13:33:27] 644.8, 122.9, 5.225
[13:33:28] 644.5, 122.9, 5.221
