<<<[13:27:20] 642.9, 123.0, 5.205
[13:27:21] 642.7, 122.9, 5.207
[13:27:22] 642.5, 122.6, 6.167
[13:27:23] 737.1, 122.7, 6.613
[13:27:24] 814.4, 122.6, 6.619
[13:27:25] 814.2, 122.5, 6.630
[13:27:26] 814.4, 122.2, 7.514
[13:27:27] 916.0, 122.2, 8.149
[13:27:28] 995.1, 122.2, 8.176
[13:27:29] 994.7, 122.2, 8.100
[13:27:30] 994.2, 122.3, 7.998
[13:27:31] 987.4, 122.2, 8.006
[13:27:32] 987.1, 122.1, 8.169
[13:27:33] 987.4, 122.2, 8.179
[13:27:34] 996.3, 122.1, 8.224
[13:27:35] 996.8, 122.1, 7.970
[13:27:36] 980.5, 122.2, 8.123
[13:27:37] 996.5, 122.1, 8.318
[13:27:38] 1004.9, 122.1, 8.230
[13:27:39] 1005.3, 122.1, 8.232
[13:27:40] 1004.8, 122.2, 8.141
[13:27:41] 969.7, 122.7, 5.850
[13:27:42] 720.3, 122.9, 5.324
[13:27:43] 654.8, 122.9, 5.306
[13:27:44] 654.5, 122.9, 5.240
[13:27:45] 644.9, 122.9, 5.221
[13:27:46] 644.5, 122.2, 8.065
[13:27:47] 904.6, 122.1, 8.213
[13:27:48] 1004.9, 122.1, 8.101
[13:27:49] 993.5, 122.2, 8.209
[13:27:50] 1000.8, 122.2, 8.232
[13:27:51] 1000.8, 122.2, 8.216
[13:27:52] 1006.5, 122.2, 8.236
[13:27:53] 1006.2, 122.3, 8.180
[13:27:54] 1006.1, 122.2, 8.108
[13:27:55] 995.7, 122.3, 8.184
[13:27:56] 1005.3, 122.3, 7.981
[13:27:57] 992.2, 122.1, 8.278
[13:27:58] 1007.7, 122.3, 8.166
[13:27:59] 1000.0, 122.1, 8.159
[13:28:00] 1005.1, 122.3, 7.632
[13:28:01] 832.5, 122.9, 5.243
[13:28:02] 644.7, 122.9, 5.239
[13:28:03] 644.6, 123.0, 5.227
[13:28:04] 644.4, 122.9, 5.221
