<<<[13:25:12] 643.0, 122.8, 5.209
[13:25:13] 642.8, 122.8, 5.212
[13:25:14] 642.7, 122.9, 5.211
[13:25:15] 672.3, 122.6, 6.613
[13:25:16] 813.4, 122.4, 6.633
[13:25:17] 813.7, 122.5, 6.636
[13:25:18] 814.2, 122.1, 8.102
[13:25:19] 988.4, 122.2, 8.140
[13:25:20] 995.5, 122.2, 8.128
[13:25:21] 995.7, 122.2, 8.005
[13:25:22] 987.6, 122.2, 8.144
[13:25:23] 994.7, 122.1, 8.148
[13:25:24] 994.8, 122.2, 8.170
[13:25:25] 995.4, 122.2, 8.116
[13:25:26] 995.5, 122.2, 8.159
[13:25:27] 995.9, 122.2, 8.164
[13:25:28] 996.3, 122.1, 8.161
[13:25:29] 988.4, 122.8, 5.531
[13:25:30] 705.0, 122.8, 5.372
[13:25:31] 660.5, 122.8, 5.246
[13:25:32] 646.3, 122.8, 5.233
[13:25:33] 645.8, 122.8, 5.223
[13:25:34] 645.4, 122.2, 8.132
[13:25:35] 956.5, 122.2, 8.125
[13:25:36] 996.5, 122.2, 8.178
[13:25:37] 996.9, 122.2, 8.149
[13:25:38] 997.1, 122.2, 8.191
[13:25:39] 997.5, 122.1, 8.159
[13:25:40] 997.6, 122.1, 8.123
[13:25:41] 997.7, 122.1, 8.187
[13:25:42] 998.1, 122.2, 8.168
[13:25:43] 998.3, 122.2, 8.106
[13:25:44] 998.0, 122.2, 8.095
[13:25:45] 956.7, 122.8, 5.245
[13:25:46] 645.3, 122.8, 5.241
[13:25:47] 645.2, 122.9, 5.233
[13:25:48] 645.0, 122.9, 5.216
[13:25:49] 644.6, 122.9, 5.213
