<<<[13:13:15] 640.1, 122.8, 5.197
[13:13:16] 640.0, 122.8, 5.192
[13:13:17] 639.8, 122.5, 6.623
[13:13:18] 784.9, 122.1, 8.132
[13:13:19] 960.3, 122.7, 5.429
[13:13:20] 668.7, 122.7, 5.332
[13:13:21] 654.2, 122.8, 5.288
[13:13:22] 649.1, 122.7, 5.263
[13:13:23] 648.6, 122.9, 5.195
[13:13:24] 742.2, 122.2, 7.829
[13:13:25] 893.5, 122.8, 5.207
[13:13:26] 640.2, 122.7, 5.239
[13:13:27] 640.1, 122.8, 5.220
[13:13:28] 640.0, 122.8, 5.218
[13:13:29] 640.0, 122.6, 5.521
[13:13:30] 809.7, 122.0, 8.009
[13:13:31] 985.9, 122.8, 5.259
[13:13:32] 694.5, 122.7, 5.203
[13:13:33] 639.4, 122.8, 5.202
[13:13:34] 639.3, 122.8, 5.213
[13:13:35] 639.2, 122.7, 5.193
[13:13:36] 639.1, 122.1, 8.126
[13:13:37] 985.7, 122.0, 8.132
[13:13:38] 994.7, 122.2, 7.844
[13:13:39] 969.3, 122.8, 5.275
[13:13:40] 697.3, 122.7, 5.206
[13:13:41] 640.0, 122.8, 5.201
[13:13:42] 639.9, 122.7, 5.222
[13:13:43] 639.8, 122.7, 5.193
[13:13:44] 650.4, 122.1, 8.007
[13:13:45] 985.9, 122.0, 8.058
[13:13:46] 986.5, 122.0, 7.960
[13:13:47] 979.8, 122.0, 8.185
[13:13:48] 995.9, 121.9, 8.088
[13:13:49] 995.7, 122.0, 8.158
[13:13:50] 979.0, 122.7, 5.297
[13:13:51] 699.7, 122.8, 5.218
[13:13:52] 641.2, 122.8, 5.217
[13:13:53] 641.1, 122.7, 5.212
[13:13:54] 640.9, 122.7, 5.229
[13:13:55] 676.2, 121.9, 8.141
[13:13:56] 990.0, 122.0, 8.063
[13:13:57] 990.5, 121.9, 8.206
[13:13:58] 991.1, 122.1, 8.188
[13:13:59] 991.2, 122.0, 8.072
[13:14:00] 997.1, 122.0, 8.176
[13:14:01] 997.2, 122.0, 8.202
[13:14:02] 985.9, 122.0, 8.067
[13:14:03] 979.0, 121.9, 8.214
[13:14:04] 994.7, 122.0, 8.230
[13:14:05] 994.5, 121.9, 8.096
[13:14:06] 994.5, 122.0, 7.970
[13:14:07] 890.8, 122.8, 5.238
[13:14:08] 643.4, 122.6, 5.229
[13:14:09] 643.2, 122.6, 5.248
[13:14:10] 643.1, 122.8, 5.239
