<<<[13:37:39] 644.0, 122.9, 5.221
[13:37:40] 643.8, 122.9, 5.219
[13:37:41] 643.5, 122.9, 5.223
[13:37:42] 683.1, 122.4, 6.688
[13:37:43] 819.7, 122.5, 6.689
[13:37:44] 826.2, 122.4, 6.704
[13:37:45] 825.6, 122.5, 6.709
[13:37:46] 825.3, 122.6, 6.714
[13:37:47] 825.6, 122.5, 6.714
[13:37:48] 825.4, 122.2, 7.559
[13:37:49] 918.1, 122.1, 8.083
[13:37:50] 985.1, 122.2, 7.961
[13:37:51] 977.0, 122.2, 8.097
[13:37:52] 990.6, 122.3, 7.989
[13:37:53] 980.9, 122.1, 8.123
[13:37:54] 986.8, 122.1, 7.949
[13:37:55] 981.1, 122.1, 7.975
[13:37:56] 980.8, 122.1, 8.032
[13:37:57] 981.2, 122.1, 8.146
[13:37:58] 993.1, 122.2, 8.036
[13:37:59] 981.9, 122.2, 8.098
[13:38:00] 993.7, 122.2, 8.061
[13:38:01] 993.3, 122.1, 8.161
[13:38:02] 993.1, 122.1, 8.122
[13:38:03] 987.8, 122.1, 8.058
[13:38:04] 987.8, 122.1, 8.135
[13:38:05] 993.3, 122.2, 8.045
[13:38:06] 983.1, 122.2, 8.103
[13:38:07] 991.0, 122.1, 8.101
[13:38:08] 990.9, 122.1, 8.081
[13:38:09] 990.7, 122.2, 8.040
[13:38:10] 990.2, 122.2, 8.037
[13:38:11] 989.8, 122.2, 8.114
[13:38:12] 989.5, 122.2, 8.110
[13:38:13] 995.9, 122.2, 8.134
[13:38:14] 995.3, 122.2, 8.098
[13:38:15] 995.0, 122.2, 8.049
[13:38:16] 986.2, 122.1, 8.023
[13:38:17] 985.5, 122.1, 8.040
[13:38:18] 985.2, 122.2, 8.012
[13:38:19] 979.2, 122.3, 7.938
[13:38:20] 973.1, 122.2, 8.024
[13:38:21] 980.5, 122.2, 8.029
[13:38:22] 980.8, 122.2, 8.016
[13:38:23] 981.0, 122.1, 8.026
[13:38:24] 981.2, 122.2, 8.007
[13:38:25] 972.3, 122.6, 6.543
[13:38:26] 778.0, 122.8, 5.380
[13:38:27] 662.1, 123.0, 5.284
[13:38:28] 651.4, 123.0, 5.233
[13:38:29] 643.9, 122.9, 5.235
[13:38:30] 643.8, 122.2, 7.425
[13:38:31] 847.1, 122.2, 8.118
[13:38:32] 993.5, 122.3, 7.958
[13:38:33] 981.1, 122.3, 8.093
[13:38:34] 992.2, 122.3, 8.091
[13:38:35] 991.6, 122.1, 8.119
[13:38:36] 991.7, 122.1, 8.087
[13:38:37] 991.5, 122.3, 8.127
[13:38:38] 991.6, 122.3, 8.134
[13:38:39] 992.0, 122.1, 8.115
[13:38:40] 991.8, 122.2, 8.062
[13:38:41] 991.3, 122.3, 7.944
[13:38:42] 979.6, 122.3, 8.028
[13:38:43] 985.9, 122.2, 8.100
[13:38:44] 991.8, 122.2, 8.110
[13:38:45] 992.4, 122.2, 8.210
[13:38:46] 998.7, 122.3, 8.069
[13:38:47] 992.2, 122.2, 8.026
[13:38:48] 991.9, 122.2, 8.077
[13:38:49] 986.8, 122.2, 8.090
[13:38:50] 987.3, 122.2, 8.065
[13:38:51] 987.4, 122.1, 8.190
[13:38:52] 1001.4, 122.2, 8.181
[13:38:53] 1001.3, 122.2, 8.034
[13:38:54] 989.8, 122.3, 8.129
[13:38:55] 990.1, 122.2, 8.101
[13:38:56] 998.8, 122.2, 8.169
[13:38:57] 1004.0, 122.3, 8.147
[13:38:58] 1003.8, 122.2, 8.116
[13:38:59] 996.1, 122.1, 8.201
[13:39:00] 1003.4, 122.3, 8.113
[13:39:01] 997.7, 122.3, 8.106
[13:39:02] 997.6, 122.2, 8.051
[13:39:03] 987.6, 122.4, 8.015
[13:39:04] 987.4, 122.3, 8.033
[13:39:05] 987.7, 122.2, 8.157
[13:39:06] 997.5, 122.3, 8.064
[13:39:07] 983.7, 122.7, 6.655
[13:39:08] 793.2, 122.9, 5.244
[13:39:09] 645.3, 123.0, 5.237
[13:39:10] 645.1, 122.9, 5.231
[13:39:11] 644.9, 123.0, 5.224
[13:39:12] 644.7, 123.0, 5.223
