<<<[13:20:23] 642.6, 122.8, 5.203
[13:20:24] 642.3, 122.8, 5.204
[13:20:25] 642.0, 122.9, 5.204
[13:20:26] 709.7, 122.6, 6.625
[13:20:27] 816.8, 122.3, 7.564
[13:20:28] 894.7, 122.3, 7.708
[13:20:29] 940.4, 122.2, 7.699
[13:20:30] 940.5, 122.3, 7.658
[13:20:31] 940.0, 122.2, 7.804
[13:20:32] 940.3, 122.3, 7.646
[13:20:33] 940.1, 122.2, 7.726
[13:20:34] 953.8, 122.2, 7.678
[13:20:35] 947.3, 122.2, 7.713
[13:20:36] 898.5, 122.8, 5.459
[13:20:37] 670.1, 122.9, 5.368
[13:20:38] 660.9, 122.8, 5.344
[13:20:39] 660.3, 122.9, 5.216
[13:20:40] 642.4, 122.9, 5.209
[13:20:41] 752.2, 122.4, 7.678
[13:20:42] 933.3, 122.4, 7.631
[13:20:43] 940.4, 122.4, 7.656
[13:20:44] 946.7, 122.4, 7.624
[13:20:45] 946.3, 122.4, 7.776
[13:20:46] 946.4, 122.3, 7.711
[13:20:47] 946.0, 122.3, 7.708
[13:20:48] 945.8, 122.4, 7.630
[13:20:49] 939.2, 123.0, 5.420
[13:20:50] 710.7, 123.0, 5.222
[13:20:51] 643.2, 123.0, 5.212
[13:20:52] 643.1, 122.9, 5.208
[13:20:53] 642.8, 123.0, 5.201
[13:20:54] 642.5, 122.4, 7.608
[13:20:55] 931.3, 122.4, 7.714
[13:20:56] 937.0, 122.3, 7.600
[13:20:57] 937.3, 122.4, 7.724
[13:20:58] 947.3, 122.5, 7.605
[13:20:59] 946.9, 122.4, 7.737
[13:21:00] 946.6, 122.4, 7.652
[13:21:01] 946.6, 122.4, 7.739
[13:21:02] 946.6, 122.4, 7.666
[13:21:03] 939.4, 122.3, 7.656
[13:21:04] 945.7, 122.4, 7.759
[13:21:05] 945.5, 122.4, 7.783
[13:21:06] 945.9, 122.3, 7.666
[13:21:07] 945.3, 122.3, 7.741
[13:21:08] 945.3, 122.4, 7.650
[13:21:09] 945.2, 122.4, 7.646
[13:21:10] 945.6, 122.2, 7.706
[13:21:11] 850.6, 122.8, 5.234
[13:21:12] 644.3, 122.9, 5.220
[13:21:13] 644.0, 123.0, 5.220
[13:21:14] 643.8, 123.0, 5.212
[13:21:15] 643.5, 123.0, 5.205
