<<<[13:36:13] 644.3, 122.8, 5.234
[13:36:14] 644.0, 122.9, 5.220
[13:36:15] 643.7, 122.6, 6.618
[13:36:16] 794.7, 122.5, 6.636
[13:36:17] 814.4, 122.6, 6.683
[13:36:18] 821.5, 122.6, 6.653
[13:36:19] 816.4, 122.4, 6.820
[13:36:20] 821.9, 122.4, 6.655
[13:36:21] 816.6, 122.5, 6.691
[13:36:22] 864.2, 122.2, 8.125
[13:36:23] 1007.1, 122.1, 8.341
[13:36:24] 1007.5, 122.1, 8.095
[13:36:25] 997.5, 122.1, 8.256
[13:36:26] 1009.9, 122.1, 8.031
[13:36:27] 995.3, 122.1, 8.308
[13:36:28] 1007.1, 122.2, 8.149
[13:36:29] 994.5, 122.1, 8.154
[13:36:30] 994.5, 122.2, 8.134
[13:36:31] 1000.8, 122.2, 8.207
[13:36:32] 1001.2, 122.1, 8.127
[13:36:33] 1001.1, 122.1, 8.091
[13:36:34] 995.9, 122.1, 8.140
[13:36:35] 995.9, 122.1, 8.182
[13:36:36] 1003.6, 122.0, 8.336
[13:36:37] 1009.5, 122.0, 8.110
[13:36:38] 997.1, 122.0, 8.240
[13:36:39] 1004.2, 122.0, 8.251
[13:36:40] 1004.2, 122.1, 8.225
[13:36:41] 1004.7, 122.1, 8.248
[13:36:42] 1005.0, 122.1, 8.237
[13:36:43] 1013.4, 122.2, 8.180
[13:36:44] 1001.4, 122.2, 8.003
[13:36:45] 983.7, 122.1, 8.254
[13:36:46] 1002.2, 122.1, 8.264
[13:36:47] 1008.7, 122.1, 8.242
[13:36:48] 1008.2, 122.1, 8.154
[13:36:49] 1000.4, 122.1, 8.209
[13:36:50] 1000.5, 122.1, 8.056
[13:36:51] 984.1, 122.1, 7.994
[13:36:52] 983.5, 122.1, 7.980
[13:36:53] 977.8, 122.3, 7.444
[13:36:54] 891.2, 122.8, 5.450
[13:36:55] 680.8, 122.8, 5.305
[13:36:56] 650.4, 122.7, 5.246
[13:36:57] 644.7, 122.7, 5.246
[13:36:58] 644.6, 122.8, 5.240
[13:36:59] 644.4, 122.1, 7.986
[13:37:00] 951.6, 122.1, 8.203
[13:37:01] 1007.1, 122.1, 8.217
[13:37:02] 994.3, 122.1, 8.156
[13:37:03] 994.8, 122.1, 8.180
[13:37:04] 994.7, 122.1, 8.159
[13:37:05] 994.8, 122.0, 8.274
[13:37:06] 1002.8, 122.1, 8.173
[13:37:07] 1002.2, 122.1, 8.071
[13:37:08] 985.5, 122.1, 8.035
[13:37:09] 979.4, 122.2, 8.034
[13:37:10] 984.9, 122.1, 8.294
[13:37:11] 1011.8, 122.2, 8.315
[13:37:12] 1004.9, 122.2, 8.179
[13:37:13] 1004.8, 122.2, 8.133
[13:37:14] 995.5, 122.2, 8.044
[13:37:15] 985.1, 122.1, 8.017
[13:37:16] 985.0, 122.1, 8.162
[13:37:17] 1000.4, 122.1, 8.165
[13:37:18] 1000.8, 122.1, 8.200
[13:37:19] 1000.6, 122.0, 8.191
[13:37:20] 1000.3, 122.1, 8.096
[13:37:21] 991.2, 122.1, 8.090
[13:37:22] 991.1, 122.0, 8.160
[13:37:23] 991.6, 122.1, 8.135
[13:37:24] 996.7, 122.1, 8.198
[13:37:25] 996.9, 122.0, 8.236
[13:37:26] 1002.0, 121.9, 8.193
[13:37:27] 1002.0, 122.0, 8.274
[13:37:28] 1002.1, 122.0, 8.183
[13:37:29] 1002.1, 122.1, 8.266
[13:37:30] 1002.7, 122.2, 8.120
[13:37:31] 977.6, 122.5, 6.568
[13:37:32] 763.8, 122.7, 5.250
[13:37:33] 645.1, 122.7, 5.247
[13:37:34] 645.0, 122.8, 5.239
[13:37:35] 644.8, 122.7, 5.233
