<<<[13:29:02] 643.0, 122.8, 5.211
[13:29:03] 642.8, 122.9, 5.209
[13:29:04] 642.5, 122.9, 5.208
[13:29:05] 680.8, 122.5, 6.606
[13:29:06] 810.7, 122.6, 6.620
[13:29:07] 815.8, 122.6, 6.651
[13:29:08] 815.8, 122.7, 6.623
[13:29:09] 815.8, 122.3, 8.008
[13:29:10] 980.5, 122.2, 8.078
[13:29:11] 990.0, 122.3, 8.138
[13:29:12] 990.5, 122.2, 8.074
[13:29:13] 990.1, 122.3, 8.091
[13:29:14] 989.9, 122.2, 7.935
[13:29:15] 984.3, 122.3, 8.096
[13:29:16] 989.6, 122.2, 8.217
[13:29:17] 1001.2, 122.2, 8.116
[13:29:19] 992.2, 122.2, 8.210
[13:29:20] 1000.8, 122.2, 8.132
[13:29:21] 1000.5, 122.1, 8.117
[13:29:22] 1000.1, 122.2, 8.115
[13:29:23] 999.7, 122.2, 8.082
[13:29:24] 999.1, 122.2, 8.157
[13:29:25] 998.8, 122.1, 8.057
[13:29:26] 998.4, 122.2, 8.208
[13:29:27] 991.0, 122.5, 6.616
[13:29:28] 785.7, 122.9, 5.330
[13:29:29] 656.0, 122.8, 5.319
[13:29:30] 655.7, 122.9, 5.319
[13:29:31] 655.4, 122.8, 5.264
[13:29:32] 645.9, 122.8, 5.261
[13:29:33] 800.6, 122.1, 8.039
[13:29:34] 989.0, 122.2, 8.141
[13:29:35] 996.5, 122.0, 8.205
[13:29:36] 996.6, 122.1, 8.193
[13:29:37] 996.7, 122.1, 8.150
[13:29:38] 991.2, 122.1, 8.059
[13:29:39] 991.6, 122.1, 8.065
[13:29:40] 992.0, 122.1, 8.126
[13:29:41] 991.6, 122.1, 8.185
[13:29:42] 1000.2, 122.1, 8.156
[13:29:43] 1000.0, 122.1, 8.186
[13:29:44] 1000.4, 122.0, 8.191
[13:29:45] 1000.3, 122.1, 8.129
[13:29:46] 1000.2, 122.1, 8.137
[13:29:47] 999.7, 122.1, 8.166
[13:29:48] 993.7, 122.1, 8.041
[13:29:49] 993.1, 122.3, 7.631
[13:29:50] 911.5, 122.9, 5.264
[13:29:51] 647.9, 122.8, 5.242
[13:29:52] 647.4, 122.8, 5.232
[13:29:53] 646.8, 122.8, 5.228
[13:29:54] 646.3, 122.8, 5.232
