<<<[13:25:54] 644.0, 123.0, 5.213
[13:25:55] 643.6, 123.0, 5.229
[13:25:56] 643.5, 122.6, 6.594
[13:25:57] 797.5, 122.5, 6.627
[13:25:58] 814.6, 122.6, 6.700
[13:25:59] 814.7, 122.5, 6.634
[13:26:00] 882.9, 122.3, 8.161
[13:26:01] 998.1, 122.2, 8.121
[13:26:02] 998.2, 122.2, 8.181
[13:26:03] 998.0, 122.2, 8.189
[13:26:04] 998.5, 122.3, 8.231
[13:26:05] 1004.6, 122.1, 8.214
[13:26:06] 1004.6, 122.2, 8.192
[13:26:07] 1004.4, 122.1, 8.194
[13:26:08] 1004.4, 122.2, 8.206
[13:26:09] 1004.1, 122.6, 6.897
[13:26:10] 808.9, 122.9, 5.316
[13:26:11] 654.4, 122.9, 5.259
[13:26:12] 646.1, 122.9, 5.245
[13:26:13] 645.7, 122.9, 5.241
[13:26:14] 645.3, 122.7, 5.498
[13:26:15] 811.8, 122.2, 8.185
[13:26:16] 1001.2, 122.1, 8.111
[13:26:17] 994.7, 122.2, 8.202
[13:26:18] 1004.4, 122.3, 8.143
[13:26:19] 996.7, 122.2, 8.195
[13:26:20] 1001.8, 122.1, 8.147
[13:26:21] 1001.5, 122.2, 8.039
[13:26:22] 1001.1, 122.1, 8.091
[13:26:23] 1000.7, 122.2, 8.263
[13:26:24] 1001.0, 122.5, 7.456
[13:26:25] 874.4, 123.0, 5.261
[13:26:26] 645.1, 122.9, 5.236
[13:26:27] 644.9, 122.9, 5.245
[13:26:28] 644.6, 122.9, 5.236
[13:26:29] 644.3, 122.9, 5.232
