<<<[02:09:55] 642.7, 125.0, 5.102
[02:09:56] 642.1, 125.0, 5.100
[02:09:57] 641.7, 125.0, 5.100
[02:09:58] 641.7, 125.0, 5.261
[02:09:59] 659.1, 125.1, 5.113
[02:10:00] 643.0, 125.0, 5.102
[02:10:01] 642.5, 125.0, 5.103
[02:10:02] 642.1, 125.0, 5.106
[02:10:03] 641.7, 125.1, 5.103
[02:10:04] 641.3, 125.0, 6.167
[02:10:05] 732.5, 125.1, 5.098
[02:10:06] 637.8, 125.1, 5.096
[02:10:07] 637.7, 125.1, 5.097
[02:10:08] 637.7, 125.1, 5.095
[02:10:09] 637.6, 124.9, 6.202
[02:10:10] 730.4, 125.0, 5.098
[02:10:11] 637.6, 125.0, 5.099
[02:10:12] 637.6, 125.0, 5.093
[02:10:13] 637.5, 125.0, 5.094
[02:10:14] 637.4, 124.9, 6.240
[02:10:15] 730.0, 125.1, 5.097
[02:10:16] 637.5, 125.1, 5.102
[02:10:17] 637.5, 125.1, 5.094
[02:10:18] 637.4, 125.1, 5.094
[02:10:19] 637.4, 124.9, 6.280
[02:10:20] 730.2, 125.1, 5.102
[02:10:21] 638.8, 125.0, 5.098
[02:10:22] 638.6, 125.0, 5.093
[02:10:23] 638.4, 125.0, 5.090
[02:10:24] 638.3, 124.8, 6.316
[02:10:25] 729.2, 125.1, 5.095
[02:10:26] 637.6, 125.1, 5.093
[02:10:27] 637.5, 125.0, 5.094
[02:10:28] 637.5, 125.0, 5.092
[02:10:29] 637.4, 124.8, 6.364
[02:10:30] 728.0, 125.1, 5.094
[02:10:31] 637.5, 125.0, 5.093
[02:10:32] 637.4, 125.0, 5.093
[02:10:33] 637.4, 125.1, 5.092
[02:10:34] 637.3, 124.9, 6.412
[02:10:35] 727.2, 125.0, 5.091
[02:10:36] 636.9, 125.0, 5.088
[02:10:37] 636.9, 125.1, 5.093
[02:10:38] 636.9, 125.0, 5.090
[02:10:39] 636.8, 124.8, 6.452
[02:10:40] 724.7, 125.1, 5.090
[02:10:41] 636.7, 125.1, 5.094
[02:10:42] 636.7, 125.0, 5.093
[02:10:43] 636.7, 125.0, 5.093
[02:10:44] 636.7, 124.9, 6.513
[02:10:45] 721.7, 125.1, 5.090
[02:10:46] 636.5, 125.0, 5.091
[02:10:47] 636.5, 125.1, 5.089
[02:10:48] 636.5, 125.1, 5.093
[02:10:49] 636.5, 124.8, 6.576
[02:10:50] 715.2, 125.1, 5.093
[02:10:51] 636.9, 125.0, 5.096
[02:10:52] 636.8, 125.0, 5.090
[02:10:53] 636.8, 124.9, 5.096
[02:10:54] 636.8, 124.4, 7.188
[02:10:55] 751.6, 124.9, 5.093
[02:10:56] 637.3, 125.0, 5.093
[02:10:57] 637.3, 125.0, 5.109
[02:10:58] 637.4, 125.0, 5.111
[02:10:59] 637.5, 124.5, 6.962
[02:11:00] 801.0, 124.9, 5.106
[02:11:01] 662.3, 125.1, 5.092
[02:11:02] 637.1, 125.0, 5.091
[02:11:03] 637.1, 125.0, 5.092
[02:11:04] 637.0, 125.0, 5.087
[02:11:05] 721.1, 124.5, 7.148
[02:11:06] 837.4, 125.0, 5.096
[02:11:07] 637.8, 125.1, 5.092
[02:11:08] 637.7, 125.1, 5.090
[02:11:09] 637.5, 125.0, 5.089
[02:11:10] 637.5, 124.4, 7.461
[02:11:11] 847.1, 124.4, 7.721
[02:11:12] 906.7, 125.0, 5.108
[02:11:13] 638.8, 125.0, 5.095
[02:11:14] 638.6, 125.0, 5.093
[02:11:15] 638.4, 125.1, 5.088
[02:11:16] 638.3, 125.1, 5.092
[02:11:17] 775.0, 124.4, 7.733
[02:11:18] 964.0, 124.4, 7.749
[02:11:19] 964.2, 125.0, 5.283
[02:11:20] 717.0, 125.1, 5.108
[02:11:21] 638.8, 125.1, 5.101
[02:11:22] 638.7, 125.1, 5.095
[02:11:23] 638.5, 125.0, 5.101
[02:11:24] 638.4, 124.4, 7.720
[02:11:25] 958.1, 124.3, 7.753
[02:11:26] 965.8, 124.4, 7.760
[02:11:27] 965.9, 124.3, 7.765
[02:11:28] 966.1, 124.4, 7.780
[02:11:29] 960.3, 125.1, 5.137
[02:11:30] 668.9, 125.0, 5.117
[02:11:31] 639.6, 125.0, 5.108
[02:11:32] 639.4, 125.0, 5.104
[02:11:33] 639.3, 125.0, 5.100
[02:11:34] 671.9, 124.3, 7.744
[02:11:35] 964.8, 124.4, 7.762
[02:11:36] 965.0, 124.4, 7.772
[02:11:37] 965.4, 124.4, 7.781
[02:11:38] 965.9, 124.3, 7.785
[02:11:39] 966.4, 124.3, 7.798
[02:11:40] 966.9, 124.3, 7.794
[02:11:41] 967.4, 124.3, 7.796
[02:11:42] 967.8, 124.4, 7.807
[02:11:43] 968.3, 124.3, 7.806
[02:11:44] 922.7, 125.0, 5.139
[02:11:45] 642.6, 125.0, 5.124
[02:11:46] 642.4, 125.0, 5.110
[02:11:47] 642.0, 125.0, 5.110
[02:11:48] 641.7, 125.0, 5.110
[02:11:49] 754.6, 124.4, 7.761
[02:11:50] 966.2, 124.3, 7.763
[02:11:51] 966.4, 124.3, 7.775
[02:11:52] 966.7, 124.3, 7.789
[02:11:53] 967.1, 124.4, 7.791
[02:11:54] 967.6, 124.4, 7.803
[02:11:55] 968.0, 124.4, 7.800
[02:11:56] 968.5, 124.3, 7.800
[02:11:57] 968.9, 124.4, 7.803
[02:11:58] 969.2, 124.4, 7.805
[02:11:59] 969.6, 124.3, 7.810
[02:12:00] 969.9, 124.3, 7.809
[02:12:01] 970.3, 124.4, 7.814
[02:12:02] 970.7, 124.4, 7.801
[02:12:03] 970.9, 124.3, 7.817
[02:12:04] 971.3, 124.3, 7.815
[02:12:05] 971.5, 124.4, 7.816
[02:12:06] 971.7, 124.4, 7.815
[02:12:07] 971.9, 124.3, 7.825
[02:12:08] 972.2, 124.9, 5.190
[02:12:09] 693.9, 124.9, 5.146
[02:12:10] 642.6, 125.0, 5.130
[02:12:11] 642.4, 125.0, 5.124
[02:12:12] 642.2, 125.0, 5.125
