<<<[23:07:42] 640.0, 124.0, 5.146
[23:07:43] 639.8, 124.0, 5.144
[23:07:44] 639.7, 123.9, 5.263
[23:07:45] 656.0, 123.8, 5.317
[23:07:46] 663.6, 124.0, 5.337
[23:07:47] 663.6, 123.9, 5.371
[23:07:48] 663.7, 123.8, 5.391
[23:07:49] 663.8, 123.9, 5.354
[23:07:50] 663.8, 123.8, 5.314
[23:07:51] 663.9, 124.0, 5.325
[23:07:52] 663.8, 123.9, 5.373
[23:07:53] 663.9, 124.0, 5.378
[23:07:54] 663.9, 123.9, 5.376
[23:07:55] 663.9, 123.9, 5.331
[23:07:56] 663.9, 124.0, 5.307
[23:07:57] 664.0, 124.0, 5.313
[23:07:58] 663.8, 124.0, 5.328
[23:07:59] 663.7, 123.9, 5.329
[23:08:00] 663.5, 124.0, 5.334
[23:08:01] 663.5, 123.9, 5.351
[23:08:02] 663.5, 124.0, 5.359
[23:08:03] 663.6, 123.9, 5.369
[23:08:04] 663.5, 123.9, 5.372
[23:08:05] 663.9, 124.0, 5.309
[23:08:06] 663.7, 124.0, 5.359
[23:08:07] 663.3, 123.9, 5.357
[23:08:08] 663.5, 124.0, 5.306
[23:08:09] 663.4, 123.9, 5.341
[23:08:10] 662.9, 123.9, 5.439
[23:08:11] 671.1, 124.0, 5.325
[23:08:12] 659.9, 123.9, 5.316
[23:08:13] 660.2, 123.9, 5.418
[23:08:14] 660.7, 123.9, 5.327
[23:08:15] 660.5, 123.9, 5.313
[23:08:16] 660.7, 123.9, 5.419
[23:08:17] 668.0, 123.9, 5.410
[23:08:18] 673.7, 123.9, 5.313
[23:08:19] 660.3, 123.8, 5.305
[23:08:20] 660.3, 123.9, 5.365
[23:08:21] 660.2, 123.9, 5.438
[23:08:22] 660.7, 123.8, 5.313
[23:08:23] 660.6, 123.9, 5.306
[23:08:24] 660.7, 123.9, 5.303
[23:08:25] 661.1, 123.9, 5.368
[23:08:26] 661.7, 123.9, 5.305
[23:08:27] 661.5, 123.9, 5.313
[23:08:28] 661.5, 123.9, 5.300
[23:08:29] 661.8, 123.8, 5.309
[23:08:30] 661.4, 123.8, 5.371
[23:08:31] 661.3, 123.8, 5.324
[23:08:32] 661.0, 123.9, 5.417
[23:08:33] 673.5, 123.9, 5.446
[23:08:34] 673.4, 124.0, 5.184
[23:08:35] 648.3, 123.9, 5.139
[23:08:36] 639.0, 124.0, 5.135
[23:08:37] 638.8, 124.0, 5.145
[23:08:38] 638.7, 124.0, 5.138
[23:08:39] 638.6, 123.5, 7.097
[23:08:40] 735.1, 123.9, 5.135
[23:08:41] 637.6, 124.0, 5.132
[23:08:42] 637.5, 124.1, 5.133
[23:08:43] 637.6, 123.9, 5.140
[23:08:44] 637.5, 123.5, 7.094
[23:08:45] 730.8, 124.0, 5.135
[23:08:46] 636.9, 123.9, 5.136
[23:08:47] 636.9, 123.9, 5.133
[23:08:48] 637.0, 124.0, 5.136
[23:08:49] 637.0, 123.4, 7.109
[23:08:50] 724.8, 124.0, 5.135
[23:08:51] 638.4, 124.0, 5.153
[23:08:52] 638.5, 124.0, 5.147
[23:08:53] 638.6, 124.0, 5.150
[23:08:54] 638.6, 123.4, 7.431
[23:08:55] 763.4, 124.0, 5.142
[23:08:56] 637.8, 123.9, 5.140
[23:08:57] 637.7, 123.9, 5.135
[23:08:58] 637.7, 124.0, 5.133
[23:08:59] 637.7, 123.7, 5.373
[23:09:00] 780.0, 124.0, 5.141
[23:09:01] 649.1, 124.0, 5.141
[23:09:02] 637.1, 124.0, 5.136
[23:09:03] 637.1, 124.0, 5.132
[23:09:04] 637.1, 124.0, 5.133
[23:09:05] 703.6, 123.5, 7.244
[23:09:06] 829.8, 124.0, 5.137
[23:09:07] 637.8, 124.1, 5.139
[23:09:08] 637.7, 124.0, 5.132
[23:09:09] 637.8, 124.0, 5.133
[23:09:10] 637.8, 123.4, 7.619
[23:09:11] 855.4, 123.4, 7.576
[23:09:12] 894.3, 124.0, 5.144
[23:09:13] 638.6, 124.0, 5.146
[23:09:14] 638.5, 124.0, 5.138
[23:09:15] 638.4, 124.0, 5.135
[23:09:16] 638.3, 123.5, 6.571
[23:09:17] 816.2, 123.4, 7.893
[23:09:18] 975.6, 123.4, 7.910
[23:09:19] 947.7, 124.0, 5.162
[23:09:20] 654.0, 124.1, 5.144
[23:09:21] 638.6, 124.1, 5.139
[23:09:22] 638.5, 124.0, 5.140
[23:09:23] 638.4, 124.1, 5.135
[23:09:24] 745.1, 123.4, 7.894
[23:09:25] 975.6, 123.4, 7.905
[23:09:26] 975.7, 123.4, 7.918
[23:09:27] 976.1, 123.3, 7.933
[23:09:28] 976.5, 123.8, 6.318
[23:09:29] 764.6, 124.0, 5.156
[23:09:30] 639.8, 123.9, 5.149
[23:09:31] 639.7, 123.9, 5.149
[23:09:32] 639.6, 124.0, 5.141
[23:09:33] 639.4, 123.3, 7.886
[23:09:34] 941.4, 123.4, 7.909
[23:09:35] 977.8, 123.4, 7.930
[23:09:36] 977.9, 123.3, 7.930
[23:09:37] 978.2, 123.4, 7.937
[23:09:38] 978.5, 123.3, 7.939
[23:09:39] 978.8, 123.4, 7.941
[23:09:40] 979.1, 123.3, 7.946
[23:09:41] 979.4, 123.3, 7.945
[23:09:42] 978.8, 124.0, 5.272
[23:09:43] 710.1, 123.9, 5.163
[23:09:44] 641.2, 124.0, 5.152
[23:09:45] 641.1, 124.0, 5.145
[23:09:46] 640.8, 124.0, 5.145
[23:09:47] 661.1, 123.3, 7.905
[23:09:48] 977.2, 123.4, 7.921
[23:09:49] 977.4, 123.3, 7.941
[23:09:50] 977.7, 123.4, 7.939
[23:09:51] 978.1, 123.2, 7.939
[23:09:52] 978.4, 123.4, 7.942
[23:09:53] 978.8, 123.2, 7.945
[23:09:54] 979.2, 123.3, 7.953
[23:09:55] 979.5, 123.2, 7.955
[23:09:56] 979.9, 123.4, 7.952
[23:09:57] 980.2, 123.2, 7.956
[23:09:58] 980.5, 123.4, 7.952
[23:09:59] 980.7, 123.3, 7.967
[23:10:00] 981.1, 123.3, 7.962
[23:10:01] 981.3, 123.3, 7.964
[23:10:02] 981.5, 123.2, 7.966
[23:10:03] 981.8, 123.3, 7.974
[23:10:04] 982.0, 123.2, 7.970
[23:10:05] 846.7, 124.0, 5.178
[23:10:06] 641.6, 124.0, 5.166
[23:10:07] 641.5, 124.0, 5.161
[23:10:08] 641.4, 124.0, 5.154
[23:10:09] 641.2, 124.0, 5.153
