<<<[06:09:35] 647.9, 124.2, 5.201
[06:09:36] 647.8, 124.2, 5.200
[06:09:37] 647.4, 124.2, 5.200
[06:09:38] 647.4, 124.1, 5.349
[06:09:39] 666.0, 124.1, 5.357
[06:09:40] 657.9, 124.1, 5.201
[06:09:41] 645.7, 124.1, 5.201
[06:09:42] 645.7, 124.1, 5.191
[06:09:43] 645.5, 124.1, 5.196
[06:09:44] 645.5, 124.1, 5.198
[06:09:45] 743.2, 124.1, 5.204
[06:09:46] 646.7, 124.2, 5.186
[06:09:47] 646.4, 124.2, 5.192
[06:09:48] 646.1, 124.1, 5.194
[06:09:49] 645.9, 124.2, 5.182
[06:09:50] 736.3, 124.2, 5.191
[06:09:51] 643.7, 124.2, 5.191
[06:09:52] 643.7, 124.2, 5.189
[06:09:53] 643.8, 124.2, 5.192
[06:09:54] 643.9, 124.2, 5.184
[06:09:55] 735.7, 124.1, 5.199
[06:09:56] 644.1, 124.2, 5.188
[06:09:57] 644.1, 124.1, 5.189
[06:09:58] 644.1, 124.2, 5.182
[06:09:59] 644.1, 124.1, 5.191
[06:10:00] 735.7, 124.1, 5.196
[06:10:01] 644.1, 124.1, 5.192
[06:10:02] 644.1, 124.1, 5.184
[06:10:03] 644.0, 124.1, 5.187
[06:10:04] 644.0, 124.1, 5.185
[06:10:05] 734.5, 124.1, 5.188
[06:10:06] 644.1, 124.1, 5.182
[06:10:07] 644.0, 124.1, 5.184
[06:10:08] 644.0, 124.1, 5.185
[06:10:09] 643.9, 124.1, 5.186
[06:10:10] 733.3, 124.1, 5.184
[06:10:11] 644.1, 124.2, 5.188
[06:10:12] 644.1, 124.2, 5.183
[06:10:13] 644.0, 124.1, 5.185
[06:10:14] 644.0, 124.2, 5.177
[06:10:15] 730.4, 124.2, 5.189
[06:10:16] 644.5, 124.2, 5.184
[06:10:17] 644.3, 124.1, 5.184
[06:10:18] 644.3, 124.2, 5.177
[06:10:19] 644.1, 124.2, 5.183
[06:10:20] 727.0, 124.1, 5.188
[06:10:21] 645.1, 124.1, 5.181
[06:10:22] 644.9, 124.2, 5.175
[06:10:23] 644.6, 124.1, 5.177
[06:10:24] 644.4, 124.1, 5.174
[06:10:25] 720.9, 124.1, 5.193
[06:10:26] 646.5, 124.1, 5.179
[06:10:27] 646.0, 124.1, 5.182
[06:10:28] 645.7, 124.1, 5.177
[06:10:29] 645.5, 124.2, 5.208
[06:10:30] 713.8, 124.1, 5.228
[06:10:31] 695.7, 124.0, 5.182
[06:10:32] 643.2, 124.1, 5.178
[06:10:33] 643.1, 124.1, 5.180
[06:10:34] 643.2, 124.1, 5.178
[06:10:35] 689.8, 124.0, 5.842
[06:10:36] 747.3, 124.0, 5.182
[06:10:37] 643.4, 124.0, 5.184
[06:10:38] 643.4, 124.0, 5.177
[06:10:39] 643.3, 124.0, 5.177
[06:10:40] 643.2, 123.4, 7.307
[06:10:41] 806.9, 124.0, 5.188
[06:10:42] 644.1, 124.1, 5.179
[06:10:43] 643.9, 124.0, 5.181
[06:10:44] 643.8, 124.1, 5.179
[06:10:45] 643.7, 123.6, 6.999
[06:10:46] 815.8, 124.0, 5.910
[06:10:47] 757.5, 124.0, 5.185
[06:10:48] 643.7, 124.0, 5.184
[06:10:49] 643.6, 124.1, 5.180
[06:10:50] 643.6, 124.0, 5.179
[06:10:51] 643.5, 123.4, 7.590
[06:10:52] 886.5, 123.4, 7.635
[06:10:53] 928.8, 124.1, 5.197
[06:10:54] 652.2, 124.1, 5.185
[06:10:55] 643.7, 124.1, 5.187
[06:10:56] 643.7, 124.1, 5.179
[06:10:57] 643.6, 124.1, 5.178
[06:10:58] 729.8, 123.5, 7.624
[06:10:59] 943.5, 123.6, 7.640
[06:11:00] 943.8, 123.6, 7.645
[06:11:01] 933.5, 124.1, 5.204
[06:11:02] 653.8, 124.1, 5.190
[06:11:03] 644.9, 124.2, 5.185
[06:11:04] 644.8, 124.1, 5.182
[06:11:05] 644.6, 124.2, 5.179
[06:11:06] 716.8, 123.6, 7.630
[06:11:07] 943.9, 123.6, 7.643
[06:11:08] 944.1, 123.6, 7.647
[06:11:09] 944.4, 123.5, 7.661
[06:11:10] 944.9, 123.6, 7.663
[06:11:11] 945.4, 123.6, 7.674
[06:11:12] 944.9, 124.1, 5.271
[06:11:13] 704.8, 124.2, 5.200
[06:11:14] 646.7, 124.2, 5.193
[06:11:15] 646.4, 124.2, 5.192
[06:11:16] 646.2, 124.2, 5.185
[06:11:17] 691.6, 123.6, 7.633
[06:11:18] 944.7, 123.5, 7.645
[06:11:19] 944.9, 123.4, 7.658
[06:11:20] 945.2, 123.6, 7.663
[06:11:21] 945.6, 123.6, 7.674
[06:11:22] 946.1, 123.5, 7.676
[06:11:23] 946.6, 123.5, 7.690
[06:11:24] 947.1, 123.5, 7.686
[06:11:25] 947.6, 123.5, 7.695
[06:11:26] 948.1, 123.5, 7.694
[06:11:27] 948.5, 123.4, 7.697
[06:11:28] 948.9, 123.5, 7.702
[06:11:29] 949.3, 124.0, 5.232
[06:11:30] 655.4, 124.1, 5.213
[06:11:31] 646.7, 124.0, 5.204
[06:11:32] 646.5, 124.1, 5.202
[06:11:33] 646.4, 124.0, 5.197
