<<<[04:50:03] 647.6, 125.1, 5.147
[04:50:04] 647.2, 125.0, 5.148
[04:50:05] 646.9, 125.0, 5.292
[04:50:06] 657.7, 125.0, 5.310
[04:50:07] 663.6, 125.0, 5.244
[04:50:08] 658.5, 125.1, 5.186
[04:50:09] 648.1, 125.1, 5.150
[04:50:10] 647.6, 125.0, 5.150
[04:50:11] 647.3, 125.0, 5.153
[04:50:12] 647.0, 124.7, 6.642
[04:50:13] 740.6, 125.1, 5.146
[04:50:14] 644.5, 125.2, 5.146
[04:50:15] 644.5, 125.2, 5.143
[04:50:16] 644.4, 125.1, 5.142
[04:50:17] 644.4, 124.7, 6.593
[04:50:18] 738.0, 125.0, 5.145
[04:50:19] 644.5, 125.0, 5.143
[04:50:20] 644.4, 125.1, 5.141
[04:50:21] 644.3, 125.1, 5.140
[04:50:22] 644.3, 124.7, 6.556
[04:50:23] 737.1, 125.1, 5.155
[04:50:24] 645.1, 125.1, 5.141
[04:50:25] 644.9, 125.1, 5.140
[04:50:26] 644.8, 125.0, 5.142
[04:50:27] 644.7, 124.6, 6.523
[04:50:28] 736.5, 125.1, 5.145
[04:50:29] 644.3, 125.1, 5.145
[04:50:30] 644.3, 125.1, 5.143
[04:50:31] 644.3, 125.1, 5.138
[04:50:32] 644.2, 124.6, 6.471
[04:50:33] 734.9, 125.0, 5.143
[04:50:34] 643.9, 125.1, 5.139
[04:50:35] 643.9, 125.1, 5.142
[04:50:36] 643.9, 125.0, 5.141
[04:50:37] 643.8, 124.6, 6.395
[04:50:38] 732.1, 125.1, 5.143
[04:50:39] 644.1, 125.1, 5.141
[04:50:40] 644.0, 125.0, 5.139
[04:50:41] 643.9, 125.1, 5.144
[04:50:42] 644.0, 124.7, 6.174
[04:50:43] 727.8, 125.0, 5.138
[04:50:44] 643.7, 125.1, 5.139
[04:50:45] 643.7, 125.0, 5.137
[04:50:46] 643.6, 125.1, 5.138
[04:50:47] 643.7, 125.1, 5.152
[04:50:48] 763.4, 125.0, 5.145
[04:50:49] 648.1, 125.1, 5.139
[04:50:50] 647.5, 125.1, 5.139
[04:50:51] 647.1, 125.1, 5.138
[04:50:52] 646.6, 125.1, 5.139
[04:50:53] 745.7, 125.1, 5.188
[04:50:54] 697.1, 125.1, 5.142
[04:50:55] 643.7, 125.1, 5.138
[04:50:56] 643.7, 125.1, 5.136
[04:50:57] 643.6, 125.1, 5.135
[04:50:58] 691.8, 124.7, 7.144
[04:50:59] 815.0, 125.2, 5.145
[04:51:00] 644.3, 125.2, 5.135
[04:51:01] 644.1, 125.1, 5.134
[04:51:02] 644.1, 125.1, 5.135
[04:51:03] 644.0, 124.4, 7.657
[04:51:04] 880.9, 125.0, 5.823
[04:51:05] 753.8, 125.1, 5.148
[04:51:06] 644.5, 125.0, 5.141
[04:51:07] 644.4, 125.1, 5.137
[04:51:08] 644.3, 125.1, 5.136
[04:51:09] 644.1, 124.5, 7.726
[04:51:10] 939.6, 124.5, 7.760
[04:51:11] 945.1, 125.2, 5.160
[04:51:12] 651.2, 125.2, 5.147
[04:51:13] 644.5, 125.2, 5.141
[04:51:14] 644.4, 125.1, 5.138
[04:51:15] 644.3, 125.1, 5.136
[04:51:16] 736.3, 124.4, 7.748
[04:51:17] 965.8, 124.5, 7.761
[04:51:18] 966.0, 124.5, 7.770
[04:51:19] 966.1, 125.2, 5.217
[04:51:20] 702.6, 125.2, 5.152
[04:51:21] 645.7, 125.2, 5.146
[04:51:22] 645.5, 125.2, 5.144
[04:51:23] 645.4, 125.1, 5.142
[04:51:24] 652.2, 124.4, 7.746
[04:51:25] 966.0, 124.5, 7.763
[04:51:26] 966.2, 124.5, 7.776
[04:51:27] 966.5, 124.3, 7.789
[04:51:28] 967.0, 124.4, 7.797
[04:51:29] 967.6, 124.5, 7.796
[04:51:30] 968.1, 124.5, 7.599
[04:51:31] 891.6, 125.1, 5.168
[04:51:32] 647.3, 125.1, 5.160
[04:51:33] 647.1, 125.1, 5.157
[04:51:34] 646.9, 125.0, 5.150
[04:51:35] 646.7, 124.7, 6.103
[04:51:36] 807.5, 124.5, 7.760
[04:51:37] 967.7, 124.4, 7.781
[04:51:38] 967.9, 124.5, 7.789
[04:51:39] 968.4, 124.4, 7.796
[04:51:40] 968.7, 124.4, 7.806
[04:51:41] 969.3, 124.5, 7.809
[04:51:42] 969.8, 124.4, 7.818
[04:51:43] 970.3, 124.3, 7.820
[04:51:44] 970.8, 124.5, 7.819
[04:51:45] 971.2, 124.4, 7.822
[04:51:46] 971.6, 124.4, 7.817
[04:51:47] 971.9, 124.5, 7.821
[04:51:48] 972.3, 124.6, 7.669
[04:51:49] 825.2, 124.9, 5.292
[04:51:50] 662.3, 125.0, 5.208
[04:51:51] 653.2, 125.1, 5.166
[04:51:52] 646.5, 125.1, 5.159
