<<<[20:19:04] 637.5, 122.9, 5.193
[20:19:05] 637.5, 122.9, 5.198
[20:19:06] 637.5, 122.8, 5.310
[20:19:07] 646.9, 122.9, 5.194
[20:19:08] 637.5, 122.9, 5.194
[20:19:09] 637.5, 122.9, 5.196
[20:19:10] 637.5, 122.9, 5.188
[20:19:11] 637.5, 122.9, 5.196
[20:19:12] 654.4, 122.8, 5.390
[20:19:13] 716.0, 122.9, 5.193
[20:19:14] 637.3, 122.9, 5.181
[20:19:15] 637.2, 122.9, 5.191
[20:19:16] 637.2, 122.8, 5.194
[20:19:17] 651.2, 122.9, 5.400
[20:19:18] 717.2, 122.8, 5.178
[20:19:19] 636.7, 122.9, 5.187
[20:19:20] 636.6, 122.9, 5.185
[20:19:21] 636.6, 122.8, 5.184
[20:19:22] 648.9, 122.8, 5.409
[20:19:23] 718.4, 122.8, 5.193
[20:19:24] 637.1, 122.9, 5.192
[20:19:25] 637.1, 122.9, 5.193
[20:19:26] 637.0, 122.8, 5.181
[20:19:27] 647.9, 122.8, 5.430
[20:19:28] 720.1, 122.9, 5.196
[20:19:29] 637.3, 122.9, 5.189
[20:19:30] 637.3, 122.9, 5.179
[20:19:31] 637.3, 122.9, 5.188
[20:19:32] 646.7, 122.9, 5.440
[20:19:33] 720.9, 122.9, 5.192
[20:19:34] 637.3, 122.9, 5.180
[20:19:35] 637.2, 122.9, 5.185
[20:19:36] 637.2, 123.0, 5.185
[20:19:37] 644.7, 122.9, 5.452
[20:19:38] 721.9, 122.9, 5.178
[20:19:39] 636.9, 122.9, 5.189
[20:19:40] 636.9, 122.9, 5.188
[20:19:41] 636.9, 122.9, 5.186
[20:19:42] 642.8, 122.9, 5.454
[20:19:43] 722.5, 123.0, 5.187
[20:19:44] 636.9, 122.9, 5.184
[20:19:45] 636.8, 122.9, 5.187
[20:19:46] 636.8, 123.0, 5.179
[20:19:47] 637.3, 122.9, 5.485
[20:19:48] 724.1, 122.9, 5.190
[20:19:49] 636.7, 122.9, 5.187
[20:19:50] 636.6, 122.8, 5.177
[20:19:51] 636.6, 123.0, 5.183
[20:19:52] 636.7, 122.8, 5.503
[20:19:53] 725.2, 123.0, 5.184
[20:19:54] 636.7, 122.9, 5.176
[20:19:55] 636.7, 123.0, 5.186
[20:19:56] 636.6, 122.9, 5.182
[20:19:57] 636.6, 122.8, 5.601
[20:19:58] 721.5, 122.9, 5.183
[20:19:59] 637.1, 122.9, 5.187
[20:20:00] 637.0, 122.9, 5.187
[20:20:01] 636.9, 122.9, 5.185
[20:20:02] 636.9, 122.9, 5.543
[20:20:03] 713.2, 122.8, 5.188
[20:20:04] 636.9, 122.9, 5.185
[20:20:05] 636.8, 122.9, 5.182
[20:20:06] 636.7, 122.8, 5.175
[20:20:07] 636.7, 122.4, 7.213
[20:20:08] 746.9, 122.9, 5.189
[20:20:09] 636.9, 122.8, 5.187
[20:20:10] 636.8, 122.9, 5.183
[20:20:11] 636.7, 122.8, 5.193
[20:20:12] 636.7, 122.3, 7.490
[20:20:13] 815.0, 122.8, 5.209
[20:20:14] 637.5, 122.9, 5.178
[20:20:15] 637.4, 122.9, 5.185
[20:20:16] 637.3, 122.9, 5.192
[20:20:17] 637.2, 122.9, 5.181
[20:20:18] 738.2, 122.4, 7.242
[20:20:19] 799.8, 122.9, 5.192
[20:20:20] 637.3, 122.9, 5.192
[20:20:21] 637.2, 122.9, 5.187
[20:20:22] 637.3, 122.8, 5.189
[20:20:23] 637.3, 122.2, 7.514
[20:20:24] 842.6, 122.3, 7.704
[20:20:25] 919.3, 122.8, 5.205
[20:20:26] 638.0, 122.8, 5.184
[20:20:27] 637.9, 122.9, 5.195
[20:20:28] 637.9, 122.9, 5.197
[20:20:29] 637.9, 122.8, 5.198
[20:20:30] 750.2, 122.2, 7.695
[20:20:31] 942.6, 122.3, 7.715
[20:20:32] 942.8, 122.4, 7.254
[20:20:33] 801.6, 122.9, 5.222
[20:20:34] 640.4, 122.8, 5.191
[20:20:35] 640.1, 122.9, 5.207
[20:20:36] 639.9, 122.9, 5.207
[20:20:37] 639.8, 122.3, 7.627
[20:20:38] 868.3, 122.3, 7.709
[20:20:39] 944.3, 122.2, 7.724
[20:20:40] 944.4, 122.2, 7.730
[20:20:41] 944.7, 122.3, 7.734
[20:20:42] 945.0, 122.4, 7.481
[20:20:43] 867.2, 122.8, 5.215
[20:20:44] 640.4, 122.9, 5.205
[20:20:45] 640.2, 122.9, 5.199
[20:20:46] 640.0, 122.8, 5.191
[20:20:47] 639.8, 122.4, 6.669
[20:20:48] 802.6, 122.3, 7.713
[20:20:49] 944.7, 122.2, 7.723
[20:20:50] 944.8, 122.3, 7.734
[20:20:51] 945.0, 122.3, 7.741
[20:20:52] 945.4, 122.3, 7.746
[20:20:53] 945.7, 122.3, 7.745
[20:20:54] 946.1, 122.3, 7.745
[20:20:55] 946.4, 122.3, 7.752
[20:20:56] 946.8, 122.2, 7.756
[20:20:57] 947.1, 122.3, 7.757
[20:20:58] 916.0, 122.9, 5.223
[20:20:59] 642.6, 122.8, 5.216
[20:21:00] 642.2, 122.9, 5.204
[20:21:01] 641.8, 122.8, 5.201
