<<<[01:30:52] 638.8, 124.8, 5.110
[01:30:53] 638.7, 124.9, 5.105
[01:30:54] 638.6, 124.8, 5.104
[01:30:55] 638.9, 124.8, 5.310
[01:30:56] 661.3, 124.8, 5.261
[01:30:57] 660.9, 124.9, 5.256
[01:30:58] 660.6, 124.8, 5.346
[01:30:59] 654.8, 124.9, 5.185
[01:31:00] 644.7, 124.9, 5.124
[01:31:01] 644.1, 124.9, 5.111
[01:31:02] 643.5, 124.8, 5.106
[01:31:03] 638.4, 124.9, 5.110
[01:31:04] 734.3, 124.8, 5.109
[01:31:05] 638.4, 124.9, 5.105
[01:31:06] 638.3, 124.9, 5.106
[01:31:07] 638.2, 124.8, 5.114
[01:31:08] 638.1, 124.8, 5.111
[01:31:09] 729.4, 124.9, 5.106
[01:31:10] 637.5, 124.8, 5.108
[01:31:11] 637.5, 124.9, 5.106
[01:31:12] 637.5, 124.9, 5.100
[01:31:13] 637.5, 124.8, 5.105
[01:31:14] 729.2, 124.9, 5.108
[01:31:15] 637.6, 124.9, 5.111
[01:31:16] 637.7, 124.8, 5.112
[01:31:17] 637.6, 124.9, 5.103
[01:31:18] 637.6, 124.9, 5.099
[01:31:19] 726.6, 124.8, 5.105
[01:31:20] 637.6, 124.9, 5.101
[01:31:21] 637.6, 124.9, 5.111
[01:31:22] 637.6, 124.8, 5.098
[01:31:23] 637.5, 124.9, 5.099
[01:31:24] 725.0, 124.9, 5.111
[01:31:25] 637.6, 124.9, 5.104
[01:31:26] 637.6, 124.9, 5.096
[01:31:27] 637.5, 124.8, 5.101
[01:31:28] 637.4, 124.8, 5.098
[01:31:29] 721.1, 124.9, 5.106
[01:31:30] 637.5, 124.9, 5.107
[01:31:31] 637.6, 124.8, 5.106
[01:31:32] 637.7, 124.9, 5.111
[01:31:33] 637.8, 124.8, 5.107
[01:31:34] 714.6, 124.9, 5.115
[01:31:35] 637.6, 124.9, 5.104
[01:31:36] 637.6, 124.9, 5.103
[01:31:37] 637.6, 124.8, 5.113
[01:31:38] 637.6, 124.9, 5.102
[01:31:39] 708.5, 124.8, 5.135
[01:31:40] 678.0, 124.9, 5.101
[01:31:41] 637.5, 124.9, 5.100
[01:31:42] 637.5, 124.8, 5.105
[01:31:43] 637.4, 124.8, 5.101
[01:31:44] 673.3, 124.8, 5.467
[01:31:45] 735.1, 124.8, 5.109
[01:31:46] 638.0, 124.8, 5.100
[01:31:47] 637.9, 124.9, 5.106
[01:31:48] 638.0, 124.9, 5.107
[01:31:49] 638.2, 124.3, 7.399
[01:31:50] 857.1, 124.8, 5.113
[01:31:51] 638.4, 124.9, 5.104
[01:31:52] 638.3, 124.9, 5.106
[01:31:53] 638.2, 124.9, 5.106
[01:31:54] 638.2, 124.9, 5.097
[01:31:55] 716.0, 124.3, 7.415
[01:31:56] 918.3, 124.9, 5.148
[01:31:57] 682.5, 124.9, 5.106
[01:31:58] 638.6, 125.0, 5.101
[01:31:59] 638.4, 124.8, 5.113
[01:32:00] 638.4, 124.8, 5.104
[01:32:01] 677.0, 124.2, 7.424
[01:32:02] 923.9, 124.3, 7.450
[01:32:03] 924.2, 124.9, 5.508
[01:32:04] 736.5, 124.9, 5.117
[01:32:05] 639.4, 124.9, 5.118
[01:32:06] 639.3, 124.9, 5.109
[01:32:07] 639.0, 124.8, 5.104
[01:32:08] 638.9, 124.3, 7.405
[01:32:09] 889.8, 124.3, 7.451
[01:32:10] 926.8, 124.3, 7.447
[01:32:11] 926.9, 124.3, 7.460
[01:32:12] 927.1, 124.4, 7.455
[01:32:13] 908.9, 124.8, 5.125
[01:32:14] 639.8, 124.8, 5.122
[01:32:15] 639.7, 124.8, 5.115
[01:32:16] 639.7, 124.8, 5.115
[01:32:17] 639.6, 124.9, 5.109
[01:32:18] 742.4, 124.3, 7.442
[01:32:19] 926.6, 124.2, 7.456
[01:32:20] 926.7, 124.2, 7.471
[01:32:21] 927.0, 124.2, 7.480
[01:32:22] 927.5, 124.3, 7.473
[01:32:23] 927.8, 124.4, 7.482
[01:32:24] 928.3, 124.2, 7.487
[01:32:25] 928.7, 124.3, 7.489
[01:32:26] 929.1, 124.3, 7.487
[01:32:27] 911.3, 124.9, 5.141
[01:32:28] 642.0, 124.8, 5.133
[01:32:29] 641.8, 124.9, 5.119
[01:32:30] 641.5, 124.9, 5.113
[01:32:31] 641.2, 124.8, 5.199
[01:32:32] 747.5, 124.3, 7.438
[01:32:33] 927.8, 124.3, 7.463
[01:32:34] 927.9, 124.3, 7.478
[01:32:35] 928.3, 124.2, 7.482
[01:32:36] 928.5, 124.2, 7.490
[01:32:37] 928.9, 124.3, 7.488
[01:32:38] 929.3, 124.2, 7.493
[01:32:39] 929.8, 124.3, 7.486
[01:32:40] 930.0, 124.2, 7.483
[01:32:41] 930.3, 124.2, 7.498
[01:32:42] 930.6, 124.2, 7.505
[01:32:43] 931.1, 124.3, 7.503
[01:32:44] 931.3, 124.3, 7.503
[01:32:45] 931.7, 124.3, 7.506
[01:32:46] 932.0, 124.3, 7.495
[01:32:47] 932.3, 124.3, 7.507
[01:32:48] 932.5, 124.3, 7.498
[01:32:49] 932.7, 124.3, 7.507
[01:32:50] 827.8, 124.9, 5.139
[01:32:51] 642.4, 124.9, 5.131
[01:32:52] 642.3, 124.9, 5.121
[01:32:53] 642.1, 125.0, 5.118
