<<<[22:20:50] 639.3, 123.6, 5.162
[22:20:51] 639.1, 123.6, 5.158
[22:20:52] 638.9, 123.5, 5.158
[22:20:53] 639.0, 123.5, 5.244
[22:20:54] 645.7, 123.5, 5.167
[22:20:55] 639.0, 123.6, 5.168
[22:20:56] 639.1, 123.6, 5.165
[22:20:57] 639.2, 123.6, 5.167
[22:20:58] 639.2, 123.3, 6.278
[22:20:59] 731.3, 123.6, 5.167
[22:21:00] 638.2, 123.5, 5.160
[22:21:01] 638.1, 123.6, 5.157
[22:21:02] 638.0, 123.5, 5.157
[22:21:03] 637.9, 123.2, 6.022
[22:21:04] 727.4, 123.6, 5.161
[22:21:05] 637.5, 123.6, 5.156
[22:21:06] 637.5, 123.5, 5.153
[22:21:07] 637.4, 123.5, 5.162
[22:21:08] 637.4, 123.3, 5.905
[22:21:09] 727.2, 123.6, 5.164
[22:21:10] 638.2, 123.6, 5.161
[22:21:11] 638.1, 123.6, 5.158
[22:21:12] 638.1, 123.6, 5.164
[22:21:13] 638.0, 123.4, 5.771
[22:21:14] 727.2, 123.6, 5.159
[22:21:15] 638.8, 123.5, 5.164
[22:21:16] 638.8, 123.5, 5.166
[22:21:17] 638.8, 123.6, 5.159
[22:21:18] 638.8, 123.3, 5.602
[22:21:19] 726.4, 123.5, 5.171
[22:21:20] 637.6, 123.5, 5.160
[22:21:21] 637.6, 123.5, 5.165
[22:21:22] 637.6, 123.5, 5.166
[22:21:23] 637.6, 123.3, 5.414
[22:21:24] 725.4, 123.5, 5.168
[22:21:25] 638.0, 123.6, 5.169
[22:21:26] 638.0, 123.4, 5.167
[22:21:27] 638.0, 123.5, 5.166
[22:21:28] 638.0, 123.3, 5.232
[22:21:29] 724.3, 123.5, 5.167
[22:21:30] 638.2, 123.6, 5.162
[22:21:31] 638.2, 123.5, 5.168
[22:21:32] 638.2, 123.6, 5.161
[22:21:33] 638.1, 123.5, 5.165
[22:21:34] 721.1, 123.6, 5.167
[22:21:35] 638.0, 123.5, 5.164
[22:21:36] 638.0, 123.6, 5.162
[22:21:37] 638.0, 123.6, 5.165
[22:21:38] 638.0, 123.5, 5.160
[22:21:39] 714.8, 123.6, 5.166
[22:21:40] 638.2, 123.5, 5.165
[22:21:41] 638.1, 123.6, 5.161
[22:21:42] 638.1, 123.6, 5.154
[22:21:43] 638.0, 123.6, 5.166
[22:21:44] 726.8, 123.5, 5.171
[22:21:45] 661.9, 123.6, 5.163
[22:21:46] 637.8, 123.6, 5.161
[22:21:47] 637.8, 123.5, 5.160
[22:21:48] 637.7, 123.6, 5.156
[22:21:49] 699.8, 123.5, 5.322
[22:21:50] 712.2, 123.6, 5.156
[22:21:51] 637.6, 123.5, 5.161
[22:21:52] 637.6, 123.6, 5.163
[22:21:53] 637.5, 123.6, 5.157
[22:21:54] 637.5, 123.0, 7.379
[22:21:55] 824.3, 123.5, 5.165
[22:21:56] 639.4, 123.6, 5.161
[22:21:57] 639.3, 123.5, 5.164
[22:21:58] 639.2, 123.6, 5.163
[22:21:59] 639.1, 123.2, 5.821
[22:22:00] 779.6, 123.0, 7.306
[22:22:01] 830.5, 123.5, 5.174
[22:22:02] 638.6, 123.5, 5.159
[22:22:03] 638.5, 123.7, 5.162
[22:22:04] 638.4, 123.6, 5.163
[22:22:05] 638.3, 123.2, 6.557
[22:22:06] 791.6, 123.1, 7.479
[22:22:07] 920.9, 123.0, 7.230
[22:22:08] 830.5, 123.5, 5.175
[22:22:09] 639.6, 123.6, 5.171
[22:22:10] 639.5, 123.7, 5.163
[22:22:11] 639.3, 123.6, 5.160
[22:22:12] 639.1, 123.0, 7.229
[22:22:13] 819.7, 123.0, 7.485
[22:22:14] 921.9, 123.0, 7.493
[22:22:15] 922.0, 123.0, 7.507
[22:22:16] 922.3, 123.0, 7.187
[22:22:17] 777.8, 123.6, 5.181
[22:22:18] 640.2, 123.6, 5.169
[22:22:19] 640.0, 123.6, 5.174
[22:22:20] 639.9, 123.5, 5.168
[22:22:21] 639.7, 123.0, 7.460
[22:22:22] 879.2, 123.0, 7.502
[22:22:23] 922.7, 122.9, 7.505
[22:22:24] 922.8, 122.9, 7.505
[22:22:25] 923.1, 122.9, 7.528
[22:22:26] 923.4, 123.0, 7.528
[22:22:27] 923.8, 122.9, 7.536
[22:22:28] 924.2, 122.9, 7.541
[22:22:29] 902.8, 123.5, 5.198
[22:22:30] 641.6, 123.5, 5.183
[22:22:31] 641.5, 123.5, 5.189
[22:22:32] 641.3, 123.5, 5.175
[22:22:33] 641.0, 123.5, 5.177
[22:22:34] 718.4, 123.0, 7.502
[22:22:35] 922.9, 122.9, 7.501
[22:22:36] 923.0, 122.9, 7.523
[22:22:37] 923.3, 122.9, 7.530
[22:22:38] 923.8, 122.9, 7.535
[22:22:39] 924.2, 122.9, 7.543
[22:22:40] 924.7, 122.9, 7.550
[22:22:41] 925.2, 122.9, 7.539
[22:22:42] 925.6, 123.0, 7.540
[22:22:43] 926.0, 122.9, 7.549
[22:22:44] 926.4, 122.9, 7.544
[22:22:45] 926.7, 123.0, 7.546
[22:22:46] 927.0, 123.0, 7.539
[22:22:47] 927.2, 123.0, 7.540
[22:22:48] 927.5, 123.0, 7.549
[22:22:49] 888.0, 123.5, 5.210
[22:22:50] 643.2, 123.6, 5.188
[22:22:51] 643.0, 123.5, 5.187
[22:22:52] 642.7, 123.6, 5.186
[22:22:53] 642.4, 123.6, 5.178
<<<[22:23:07] 637.6, 123.5, 5.163
[22:23:08] 637.7, 123.5, 5.167
[22:23:09] 637.8, 123.6, 5.158
[22:23:10] 638.1, 123.6, 5.255
[22:23:11] 649.7, 123.5, 5.236
[22:23:12] 649.4, 123.6, 5.167
[22:23:13] 638.6, 123.6, 5.170
[22:23:14] 638.5, 123.6, 5.161
[22:23:15] 638.6, 123.2, 6.516
[22:23:16] 733.1, 123.6, 5.164
[22:23:17] 638.0, 123.6, 5.159
[22:23:18] 638.0, 123.6, 5.155
[22:23:19] 637.9, 123.6, 5.157
[22:23:20] 637.9, 123.2, 6.418
[22:23:21] 731.1, 123.6, 5.156
[22:23:22] 637.5, 123.7, 5.155
[22:23:23] 637.4, 123.6, 5.148
[22:23:24] 637.4, 123.7, 5.148
[22:23:25] 637.3, 123.2, 6.343
[22:23:26] 730.6, 123.7, 5.151
[22:23:27] 637.5, 123.7, 5.154
[22:23:28] 637.5, 123.6, 5.162
[22:23:29] 637.5, 123.6, 5.153
[22:23:30] 637.5, 123.2, 6.249
[22:23:31] 730.8, 123.7, 5.169
[22:23:32] 638.0, 123.7, 5.160
[22:23:33] 637.9, 123.7, 5.158
[22:23:34] 637.9, 123.5, 5.157
[22:23:35] 637.8, 123.2, 6.150
[22:23:36] 730.6, 123.6, 5.157
[22:23:37] 637.6, 123.6, 5.160
[22:23:38] 637.5, 123.5, 5.154
[22:23:39] 637.5, 123.6, 5.159
[22:23:40] 637.5, 123.2, 6.011
[22:23:41] 729.8, 123.7, 5.158
[22:23:42] 638.2, 123.7, 5.153
[22:23:43] 638.0, 123.5, 5.160
[22:23:44] 638.0, 123.5, 5.153
[22:23:45] 637.9, 123.2, 5.794
[22:23:46] 727.2, 123.6, 5.163
[22:23:47] 637.5, 123.5, 5.160
[22:23:48] 637.5, 123.5, 5.158
[22:23:49] 637.5, 123.5, 5.157
[22:23:50] 637.4, 123.4, 5.369
[22:23:51] 723.7, 123.5, 5.164
[22:23:52] 637.5, 123.5, 5.163
[22:23:53] 637.4, 123.6, 5.155
[22:23:54] 637.4, 123.6, 5.152
[22:23:55] 637.4, 123.5, 5.161
[22:23:56] 717.8, 123.5, 5.159
[22:23:57] 637.5, 123.6, 5.159
[22:23:58] 637.4, 123.6, 5.160
[22:23:59] 637.4, 123.5, 5.156
[22:24:00] 637.4, 123.6, 5.155
[22:24:01] 733.5, 123.6, 5.169
[22:24:02] 658.1, 123.5, 5.153
[22:24:03] 637.3, 123.5, 5.158
[22:24:04] 637.3, 123.6, 5.159
[22:24:05] 637.2, 123.5, 5.155
[22:24:06] 707.3, 123.6, 5.282
[22:24:07] 707.3, 123.7, 5.160
[22:24:08] 637.3, 123.6, 5.158
[22:24:09] 637.2, 123.5, 5.155
[22:24:10] 637.2, 123.6, 5.155
[22:24:11] 637.3, 123.1, 7.324
[22:24:12] 825.6, 123.6, 5.159
[22:24:13] 637.5, 123.5, 5.158
[22:24:14] 637.4, 123.5, 5.153
[22:24:15] 637.3, 123.6, 5.154
[22:24:16] 637.3, 123.2, 6.238
[22:24:17] 784.7, 123.1, 7.270
[22:24:18] 826.8, 123.6, 5.155
[22:24:19] 637.6, 123.7, 5.159
[22:24:20] 637.6, 123.6, 5.156
[22:24:21] 637.7, 123.6, 5.156
[22:24:22] 637.8, 123.2, 6.762
[22:24:23] 797.1, 123.1, 7.479
[22:24:24] 921.3, 123.1, 7.214
[22:24:25] 827.2, 123.5, 5.175
[22:24:26] 638.8, 123.6, 5.160
[22:24:27] 638.7, 123.6, 5.160
[22:24:28] 638.5, 123.5, 5.163
[22:24:29] 638.4, 123.0, 7.267
[22:24:30] 823.3, 123.0, 7.480
[22:24:31] 922.3, 123.1, 7.496
[22:24:32] 922.4, 122.9, 7.504
[22:24:33] 922.6, 123.2, 7.088
[22:24:34] 774.8, 123.6, 5.175
[22:24:35] 639.6, 123.6, 5.170
[22:24:36] 639.4, 123.6, 5.164
[22:24:37] 639.3, 123.6, 5.166
[22:24:38] 639.1, 123.0, 7.456
[22:24:39] 877.0, 123.0, 7.499
[22:24:40] 922.9, 122.9, 7.509
[22:24:41] 923.0, 122.9, 7.504
[22:24:42] 923.2, 122.9, 7.528
[22:24:43] 923.6, 122.9, 7.532
[22:24:44] 923.9, 123.0, 7.529
[22:24:45] 924.3, 123.0, 7.536
[22:24:46] 918.3, 123.5, 5.212
[22:24:47] 674.8, 123.5, 5.186
[22:24:48] 640.4, 123.5, 5.180
[22:24:49] 640.2, 123.6, 5.177
[22:24:50] 640.0, 123.6, 5.167
[22:24:51] 703.8, 123.0, 7.499
[22:24:52] 922.9, 123.0, 7.501
[22:24:53] 923.0, 123.0, 7.512
[22:24:54] 923.3, 123.0, 7.525
[22:24:55] 923.7, 123.0, 7.531
[22:24:56] 924.1, 122.9, 7.538
[22:24:57] 924.6, 122.9, 7.545
[22:24:58] 925.1, 123.0, 7.547
[22:24:59] 925.5, 122.9, 7.543
[22:25:00] 925.9, 122.9, 7.548
[22:25:01] 926.3, 123.0, 7.550
[22:25:02] 926.6, 123.0, 7.537
[22:25:03] 926.9, 122.9, 7.549
[22:25:04] 927.2, 123.0, 7.554
[22:25:05] 927.5, 123.0, 7.548
[22:25:06] 927.7, 123.5, 5.206
[22:25:07] 644.1, 123.6, 5.199
[22:25:08] 643.7, 123.5, 5.185
[22:25:09] 643.4, 123.5, 5.184
[22:25:10] 643.0, 123.6, 5.180
