<<<[08:41:32] 648.6, 123.9, 5.232
[08:41:33] 648.4, 123.8, 5.224
[08:41:34] 648.0, 123.9, 5.421
[08:41:35] 663.8, 123.8, 5.339
[08:41:36] 663.8, 123.8, 5.351
[08:41:37] 663.8, 123.8, 5.304
[08:41:38] 657.5, 123.9, 5.213
[08:41:39] 645.9, 123.7, 5.210
[08:41:40] 645.8, 123.8, 5.208
[08:41:41] 645.8, 123.9, 5.206
[08:41:42] 645.8, 123.5, 6.226
[08:41:43] 741.0, 123.9, 5.205
[08:41:44] 645.1, 123.9, 5.203
[08:41:45] 645.1, 124.0, 5.201
[08:41:46] 645.0, 123.9, 5.197
[08:41:47] 645.0, 123.7, 6.057
[08:41:48] 738.4, 124.0, 5.198
[08:41:49] 645.1, 124.1, 5.214
[08:41:50] 645.1, 124.0, 5.202
[08:41:51] 645.1, 124.0, 5.197
[08:41:52] 645.1, 123.6, 5.952
[08:41:53] 738.4, 123.8, 5.205
[08:41:54] 645.5, 124.0, 5.198
[08:41:55] 645.4, 123.9, 5.199
[08:41:56] 645.3, 124.0, 5.192
[08:41:57] 645.2, 123.7, 5.804
[08:41:58] 737.4, 123.9, 5.201
[08:41:59] 644.7, 124.0, 5.199
[08:42:00] 644.7, 123.9, 5.194
[08:42:01] 644.6, 123.9, 5.198
[08:42:02] 644.6, 123.8, 5.593
[08:42:03] 735.7, 124.0, 5.196
[08:42:04] 644.9, 123.9, 5.192
[08:42:05] 644.8, 124.1, 5.196
[08:42:06] 644.7, 123.9, 5.193
[08:42:07] 644.6, 123.9, 5.290
[08:42:08] 733.3, 124.1, 5.194
[08:42:09] 644.7, 123.9, 5.196
[08:42:10] 644.6, 124.0, 5.191
[08:42:11] 644.6, 124.1, 5.188
[08:42:12] 644.5, 124.1, 5.186
[08:42:13] 728.0, 124.0, 5.194
[08:42:14] 644.3, 124.0, 5.188
[08:42:15] 644.2, 124.1, 5.189
[08:42:16] 644.2, 124.0, 5.188
[08:42:17] 644.1, 124.0, 5.189
[08:42:18] 718.9, 124.1, 5.191
[08:42:19] 643.9, 123.9, 5.195
[08:42:20] 644.0, 124.0, 5.188
[08:42:21] 643.9, 124.0, 5.191
[08:42:22] 643.9, 124.0, 5.189
[08:42:23] 724.3, 124.0, 5.205
[08:42:24] 671.5, 124.0, 5.192
[08:42:25] 643.9, 124.0, 5.195
[08:42:26] 643.9, 123.9, 5.189
[08:42:27] 643.9, 124.0, 5.188
[08:42:28] 675.4, 123.6, 7.014
[08:42:29] 783.7, 124.0, 5.194
[08:42:30] 644.3, 124.0, 5.191
[08:42:31] 644.2, 124.0, 5.194
[08:42:32] 644.2, 123.9, 5.189
[08:42:33] 644.1, 123.3, 7.532
[08:42:34] 862.0, 124.0, 5.399
[08:42:35] 724.8, 124.0, 5.200
[08:42:36] 644.7, 123.9, 5.196
[08:42:37] 644.6, 124.0, 5.194
[08:42:38] 644.5, 124.0, 5.192
[08:42:39] 650.0, 123.3, 7.614
[08:42:40] 941.0, 123.4, 7.331
[08:42:41] 846.7, 124.0, 5.204
[08:42:42] 645.7, 123.9, 5.201
[08:42:43] 645.6, 123.9, 5.201
[08:42:44] 645.5, 123.9, 5.194
[08:42:45] 645.3, 123.5, 7.088
[08:42:46] 819.1, 123.3, 7.628
[08:42:47] 942.7, 123.4, 7.647
[08:42:48] 942.9, 123.4, 7.249
[08:42:49] 793.9, 124.0, 5.218
[08:42:50] 647.1, 123.9, 5.204
[08:42:51] 646.9, 123.9, 5.199
[08:42:52] 646.7, 124.0, 5.199
[08:42:53] 646.5, 123.4, 7.539
[08:42:54] 862.2, 123.4, 7.641
[08:42:55] 944.1, 123.3, 7.642
[08:42:56] 944.1, 123.3, 7.664
[08:42:57] 944.4, 123.3, 7.666
[08:42:58] 944.8, 123.3, 7.674
[08:42:59] 945.0, 123.9, 5.491
[08:43:00] 734.3, 124.0, 5.218
[08:43:01] 647.1, 123.9, 5.212
[08:43:02] 647.0, 124.0, 5.205
[08:43:03] 646.9, 123.9, 5.200
[08:43:04] 652.0, 123.4, 7.635
[08:43:05] 943.7, 123.3, 7.641
[08:43:06] 943.8, 123.3, 7.666
[08:43:07] 944.1, 123.4, 7.670
[08:43:08] 944.6, 123.3, 7.668
[08:43:09] 944.9, 123.3, 7.681
[08:43:10] 945.4, 123.3, 7.687
[08:43:11] 945.8, 123.4, 7.690
[08:43:12] 946.3, 123.4, 7.691
[08:43:13] 946.7, 123.4, 7.692
[08:43:14] 947.1, 123.3, 7.689
[08:43:15] 947.4, 123.9, 5.771
[08:43:16] 764.8, 123.9, 5.228
[08:43:17] 648.5, 123.9, 5.222
[08:43:18] 648.3, 123.9, 5.215
[08:43:19] 648.1, 124.0, 5.212
