<<<[19:00:36] 638.6, 123.5, 5.161
[19:00:37] 638.4, 123.5, 5.161
[19:00:38] 638.2, 123.5, 5.149
[19:00:39] 638.0, 123.4, 5.287
[19:00:40] 652.6, 123.5, 5.166
[19:00:41] 640.0, 123.5, 5.165
[19:00:42] 639.7, 123.6, 5.158
[19:00:43] 639.4, 123.4, 5.166
[19:00:44] 639.1, 123.4, 5.166
[19:00:45] 638.9, 122.9, 7.150
[19:00:46] 730.4, 123.5, 5.158
[19:00:47] 636.9, 123.5, 5.163
[19:00:48] 636.8, 123.5, 5.161
[19:00:49] 636.8, 123.5, 5.160
[19:00:50] 636.8, 122.9, 7.131
[19:00:51] 723.7, 123.4, 5.156
[19:00:52] 635.9, 123.5, 5.156
[19:00:53] 635.9, 123.4, 5.155
[19:00:54] 635.9, 123.4, 5.146
[19:00:55] 635.9, 122.9, 7.132
[19:00:56] 722.9, 123.4, 5.162
[19:00:57] 636.7, 123.4, 5.164
[19:00:58] 636.7, 123.5, 5.155
[19:00:59] 636.6, 123.5, 5.160
[19:01:00] 636.5, 123.0, 7.128
[19:01:01] 722.7, 123.5, 5.163
[19:01:02] 636.5, 123.4, 5.156
[19:01:03] 636.5, 123.4, 5.164
[19:01:04] 636.4, 123.5, 5.157
[19:01:05] 636.4, 123.0, 7.120
[19:01:06] 721.9, 123.4, 5.152
[19:01:07] 636.3, 123.5, 5.158
[19:01:08] 636.3, 123.4, 5.163
[19:01:09] 636.3, 123.5, 5.157
[19:01:10] 636.3, 123.0, 7.111
[19:01:11] 721.5, 123.5, 5.162
[19:01:12] 636.5, 123.5, 5.159
[19:01:13] 636.4, 123.5, 5.156
[19:01:14] 636.4, 123.5, 5.149
[19:01:15] 636.4, 122.9, 7.107
[19:01:16] 719.9, 123.5, 5.159
[19:01:17] 636.5, 123.5, 5.159
[19:01:18] 636.4, 123.6, 5.148
[19:01:19] 636.4, 123.5, 5.158
[19:01:20] 636.4, 123.1, 7.079
[19:01:21] 717.4, 123.6, 5.156
[19:01:22] 636.5, 123.4, 5.149
[19:01:23] 636.4, 123.4, 5.161
[19:01:24] 636.4, 123.4, 5.159
[19:01:25] 636.3, 123.0, 7.075
[19:01:26] 713.4, 123.5, 5.149
[19:01:27] 636.1, 123.4, 5.158
[19:01:28] 636.1, 123.4, 5.158
[19:01:29] 636.0, 123.5, 5.156
[19:01:30] 636.0, 123.0, 7.084
[19:01:31] 754.6, 123.5, 5.164
[19:01:32] 636.5, 123.5, 5.161
[19:01:33] 636.4, 123.4, 5.158
[19:01:34] 636.3, 123.4, 5.145
[19:01:35] 636.3, 123.0, 6.679
[19:01:36] 780.2, 123.5, 5.168
[19:01:37] 643.0, 123.5, 5.162
[19:01:38] 636.3, 123.5, 5.155
[19:01:39] 636.3, 123.5, 5.157
[19:01:40] 636.3, 123.5, 5.157
[19:01:41] 745.7, 123.5, 5.226
[19:01:42] 694.1, 123.5, 5.148
[19:01:43] 636.3, 123.6, 5.160
[19:01:44] 636.3, 123.6, 5.159
[19:01:45] 636.2, 123.5, 5.163
[19:01:46] 636.4, 122.8, 7.651
[19:01:47] 922.9, 123.5, 5.172
[19:01:48] 647.5, 123.5, 5.165
[19:01:49] 636.3, 123.5, 5.165
[19:01:50] 636.3, 123.5, 5.149
[19:01:51] 636.3, 123.5, 5.159
[19:01:52] 728.2, 122.9, 7.660
[19:01:53] 942.7, 123.4, 6.146
[19:01:54] 754.2, 123.6, 5.154
[19:01:55] 637.3, 123.5, 5.165
[19:01:56] 637.2, 123.6, 5.162
[19:01:57] 637.1, 123.5, 5.161
[19:01:58] 637.0, 122.9, 7.644
[19:01:59] 912.8, 122.9, 7.678
[19:02:00] 944.9, 122.9, 7.692
[19:02:01] 939.6, 123.6, 5.270
[19:02:02] 704.0, 123.6, 5.157
[19:02:03] 637.8, 123.6, 5.166
[19:02:04] 637.7, 123.6, 5.162
[19:02:05] 637.6, 123.6, 5.167
[19:02:06] 670.9, 122.9, 7.666
[19:02:07] 943.3, 122.9, 7.689
[19:02:08] 943.7, 122.9, 7.703
[19:02:09] 944.2, 122.9, 7.712
[19:02:10] 944.7, 122.9, 7.716
[19:02:11] 945.2, 123.0, 7.460
[19:02:12] 835.1, 123.4, 5.195
[19:02:13] 639.6, 123.4, 5.183
[19:02:14] 639.4, 123.5, 5.164
[19:02:15] 639.3, 123.5, 5.175
[19:02:16] 639.0, 123.0, 6.598
[19:02:17] 802.4, 122.8, 7.690
[19:02:18] 945.9, 122.8, 7.709
[19:02:19] 946.1, 122.9, 7.721
[19:02:20] 946.5, 122.9, 7.720
[19:02:21] 946.9, 122.8, 7.726
[19:02:22] 947.3, 122.9, 7.729
[19:02:23] 947.7, 122.8, 7.735
[19:02:24] 948.2, 123.0, 7.738
[19:02:25] 948.7, 122.9, 7.735
[19:02:26] 949.1, 122.9, 7.739
[19:02:27] 949.4, 122.8, 7.742
[19:02:28] 829.2, 123.5, 5.204
[19:02:29] 640.8, 123.5, 5.192
[19:02:30] 640.6, 123.5, 5.169
[19:02:31] 640.4, 123.5, 5.182
