<<<[18:52:23] 639.5, 123.5, 5.150
[18:52:24] 639.2, 123.6, 5.152
[18:52:25] 638.9, 123.4, 5.322
[18:52:26] 652.6, 123.5, 5.345
[18:52:27] 653.2, 123.4, 5.334
[18:52:28] 653.6, 123.5, 5.317
[18:52:29] 653.9, 123.4, 5.278
[18:52:30] 653.8, 123.5, 5.277
[18:52:31] 653.7, 123.4, 5.273
[18:52:32] 653.8, 123.5, 5.274
[18:52:33] 653.6, 123.4, 5.338
[18:52:34] 654.1, 123.4, 5.270
[18:52:35] 653.9, 123.5, 5.270
[18:52:36] 653.6, 123.4, 5.282
[18:52:37] 653.7, 123.5, 5.267
[18:52:38] 653.5, 123.6, 5.268
[18:52:39] 653.2, 123.4, 5.374
[18:52:40] 661.9, 123.5, 5.315
[18:52:41] 661.3, 123.5, 5.281
[18:52:42] 652.8, 123.5, 5.155
[18:52:43] 641.8, 123.5, 5.148
[18:52:44] 636.5, 123.4, 5.150
[18:52:45] 636.5, 123.4, 5.150
[18:52:46] 636.5, 123.5, 5.149
[18:52:47] 636.5, 123.1, 7.108
[18:52:48] 733.9, 123.5, 5.148
[18:52:49] 636.5, 123.5, 5.146
[18:52:50] 636.4, 123.4, 5.147
[18:52:51] 636.4, 123.4, 5.147
[18:52:52] 636.3, 123.0, 7.109
[18:52:53] 727.4, 123.5, 5.157
[18:52:54] 636.9, 123.4, 5.153
[18:52:55] 636.8, 123.4, 5.146
[18:52:56] 636.7, 123.6, 5.148
[18:52:57] 636.6, 123.0, 7.212
[18:52:58] 767.8, 123.4, 5.147
[18:52:59] 636.1, 123.4, 5.149
[18:53:00] 636.1, 123.4, 5.147
[18:53:01] 636.1, 123.5, 5.147
[18:53:02] 636.0, 123.0, 6.749
[18:53:03] 785.5, 123.4, 5.156
[18:53:04] 650.4, 123.4, 5.149
[18:53:05] 636.3, 123.5, 5.149
[18:53:06] 636.2, 123.4, 5.148
[18:53:07] 636.2, 123.4, 5.144
[18:53:08] 743.5, 123.3, 6.288
[18:53:09] 757.5, 123.5, 5.150
[18:53:10] 636.5, 123.4, 5.149
[18:53:11] 636.4, 123.5, 5.146
[18:53:12] 636.4, 123.5, 5.142
[18:53:13] 636.3, 122.8, 7.852
[18:53:14] 929.2, 123.5, 5.254
[18:53:15] 703.6, 123.6, 5.148
[18:53:16] 636.5, 123.5, 5.146
[18:53:17] 636.4, 123.5, 5.147
[18:53:18] 636.4, 123.5, 5.142
[18:53:19] 658.9, 122.9, 7.858
[18:53:20] 967.5, 122.9, 7.868
[18:53:21] 903.2, 123.6, 5.154
[18:53:22] 637.1, 123.5, 5.151
[18:53:23] 637.1, 123.4, 5.156
[18:53:24] 637.0, 123.4, 5.149
[18:53:25] 636.9, 123.5, 5.146
[18:53:26] 771.1, 122.9, 7.868
[18:53:27] 967.9, 122.8, 7.879
[18:53:28] 968.0, 122.8, 7.891
[18:53:29] 962.2, 123.4, 5.300
[18:53:30] 709.9, 123.4, 5.162
[18:53:31] 637.5, 123.4, 5.154
[18:53:32] 637.4, 123.4, 5.158
[18:53:33] 637.3, 123.4, 5.148
[18:53:34] 665.4, 122.8, 7.869
[18:53:35] 967.7, 122.7, 7.887
[18:53:36] 967.9, 122.8, 7.894
[18:53:37] 968.2, 122.8, 7.905
[18:53:38] 968.5, 122.8, 7.910
[18:53:39] 969.0, 122.8, 7.915
[18:53:40] 969.4, 122.8, 7.910
[18:53:41] 909.5, 123.5, 5.199
[18:53:42] 640.0, 123.5, 5.186
[18:53:43] 639.8, 123.5, 5.172
[18:53:44] 639.6, 123.5, 5.182
[18:53:45] 639.4, 123.5, 5.182
[18:53:46] 788.6, 122.8, 7.883
[18:53:47] 968.9, 122.8, 7.900
[18:53:48] 969.1, 122.8, 7.903
[18:53:49] 969.4, 122.8, 7.913
[18:53:50] 969.8, 122.8, 7.914
[18:53:51] 970.1, 122.8, 7.920
[18:53:52] 970.5, 122.8, 7.922
[18:53:53] 970.9, 122.8, 7.924
[18:53:54] 971.3, 122.7, 7.928
[18:53:55] 971.7, 122.7, 7.929
[18:53:56] 972.0, 122.7, 7.929
[18:53:57] 972.3, 122.7, 7.933
[18:53:58] 972.6, 122.7, 7.937
[18:53:59] 908.7, 123.4, 5.291
[18:54:00] 653.4, 123.4, 5.280
[18:54:01] 653.3, 123.5, 5.199
[18:54:02] 643.7, 123.4, 5.189
