<<<[02:49:10] 638.3, 125.2, 5.102
[02:49:11] 638.1, 125.1, 5.099
[02:49:12] 637.9, 125.2, 5.240
[02:49:13] 655.8, 125.1, 5.123
[02:49:14] 641.2, 125.1, 5.116
[02:49:15] 640.8, 125.2, 5.119
[02:49:16] 640.5, 125.1, 5.123
[02:49:17] 640.3, 125.2, 5.089
[02:49:18] 639.9, 124.6, 7.011
[02:49:19] 733.3, 125.0, 5.104
[02:49:20] 636.9, 125.1, 5.102
[02:49:21] 636.8, 125.1, 5.102
[02:49:22] 636.8, 125.2, 5.103
[02:49:23] 636.8, 124.7, 7.034
[02:49:24] 731.1, 125.2, 5.112
[02:49:25] 637.8, 125.1, 5.112
[02:49:26] 637.8, 125.2, 5.106
[02:49:27] 637.7, 125.3, 5.105
[02:49:28] 637.7, 124.7, 7.043
[02:49:29] 731.1, 125.2, 5.096
[02:49:30] 636.7, 125.2, 5.097
[02:49:31] 636.7, 125.1, 5.107
[02:49:32] 636.8, 125.2, 5.106
[02:49:33] 636.8, 124.6, 7.042
[02:49:34] 730.4, 125.1, 5.100
[02:49:35] 636.7, 125.2, 5.098
[02:49:36] 636.6, 125.1, 5.096
[02:49:37] 636.6, 125.1, 5.095
[02:49:38] 636.5, 124.6, 7.040
[02:49:39] 729.8, 125.1, 5.099
[02:49:40] 636.3, 125.0, 5.101
[02:49:41] 636.3, 125.0, 5.102
[02:49:42] 636.3, 125.1, 5.095
[02:49:43] 636.3, 124.6, 7.040
[02:49:44] 728.8, 125.1, 5.098
[02:49:45] 636.5, 125.2, 5.096
[02:49:46] 636.4, 125.1, 5.095
[02:49:47] 636.4, 125.2, 5.093
[02:49:48] 636.4, 124.7, 7.030
[02:49:49] 727.0, 125.2, 5.083
[02:49:50] 635.9, 125.1, 5.095
[02:49:51] 635.9, 125.1, 5.092
[02:49:52] 635.9, 125.2, 5.097
[02:49:53] 636.0, 124.7, 7.014
[02:49:54] 723.7, 125.1, 5.096
[02:49:55] 636.1, 125.1, 5.094
[02:49:56] 636.1, 125.2, 5.093
[02:49:57] 636.1, 125.1, 5.091
[02:49:58] 636.0, 124.6, 7.024
[02:49:59] 718.9, 125.1, 5.097
[02:50:00] 636.3, 125.1, 5.094
[02:50:01] 636.2, 125.1, 5.108
[02:50:02] 636.4, 125.0, 5.107
[02:50:03] 636.4, 124.6, 7.061
[02:50:04] 757.5, 125.2, 5.100
[02:50:05] 636.5, 125.1, 5.084
[02:50:06] 636.4, 125.1, 5.094
[02:50:07] 636.4, 125.1, 5.097
[02:50:08] 636.4, 124.6, 6.758
[02:50:09] 784.3, 125.1, 5.100
[02:50:10] 636.5, 125.2, 5.099
[02:50:11] 636.5, 125.0, 5.095
[02:50:12] 636.5, 125.1, 5.094
[02:50:13] 636.5, 125.2, 5.091
[02:50:14] 736.1, 125.1, 5.626
[02:50:15] 741.2, 125.2, 5.095
[02:50:16] 636.5, 125.1, 5.094
[02:50:17] 636.5, 125.1, 5.093
[02:50:18] 636.4, 125.1, 5.092
[02:50:19] 636.4, 124.4, 7.499
[02:50:20] 899.8, 125.0, 5.680
[02:50:21] 738.6, 125.0, 5.093
[02:50:22] 637.3, 125.2, 5.118
[02:50:23] 637.3, 125.1, 5.112
[02:50:24] 637.4, 125.0, 5.111
[02:50:25] 637.4, 124.6, 7.511
[02:50:26] 930.2, 124.5, 7.542
[02:50:27] 930.2, 125.1, 5.160
[02:50:28] 691.4, 125.1, 5.114
[02:50:29] 638.2, 125.1, 5.114
[02:50:30] 638.1, 125.1, 5.101
[02:50:31] 638.0, 125.1, 5.097
[02:50:32] 689.6, 124.5, 7.531
[02:50:33] 938.6, 124.5, 7.550
[02:50:34] 938.8, 124.6, 7.558
[02:50:35] 939.3, 124.5, 7.230
[02:50:36] 815.4, 125.1, 5.115
[02:50:37] 639.0, 125.2, 5.096
[02:50:38] 638.8, 125.1, 5.118
[02:50:39] 638.7, 125.1, 5.118
[02:50:40] 638.7, 124.6, 6.994
[02:50:41] 815.2, 124.4, 7.548
[02:50:42] 940.8, 124.5, 7.563
[02:50:43] 941.0, 124.4, 7.567
[02:50:44] 941.2, 124.4, 7.577
[02:50:45] 941.6, 124.5, 7.579
[02:50:46] 941.9, 124.4, 7.582
[02:50:47] 942.3, 124.5, 7.583
[02:50:48] 879.6, 125.1, 5.131
[02:50:49] 640.6, 125.2, 5.118
[02:50:50] 640.4, 125.0, 5.118
[02:50:51] 640.2, 125.1, 5.110
[02:50:52] 639.9, 125.1, 5.110
[02:50:53] 764.8, 124.5, 7.552
[02:50:54] 941.2, 124.5, 7.564
[02:50:55] 941.3, 124.5, 7.577
[02:50:56] 941.7, 124.4, 7.583
[02:50:57] 942.0, 124.5, 7.584
[02:50:58] 942.4, 124.5, 7.591
[02:50:59] 942.9, 124.4, 7.584
[02:51:00] 943.2, 124.5, 7.597
[02:51:01] 943.6, 124.5, 7.600
[02:51:02] 944.0, 124.4, 7.601
[02:51:03] 944.4, 124.5, 7.600
[02:51:04] 944.8, 124.5, 7.602
[02:51:05] 945.1, 124.5, 7.594
[02:51:06] 945.3, 124.5, 7.602
[02:51:07] 918.9, 125.1, 5.139
[02:51:08] 642.0, 125.1, 5.123
[02:51:09] 641.7, 125.1, 5.108
[02:51:10] 641.4, 125.1, 5.119
<<<[02:54:45] 639.1, 125.1, 5.094
[02:54:46] 638.8, 125.2, 5.096
[02:54:47] 638.6, 125.1, 5.268
[02:54:48] 655.4, 125.2, 5.104
[02:54:49] 641.0, 125.1, 5.098
[02:54:50] 640.5, 125.1, 5.099
[02:54:51] 640.2, 125.2, 5.101
[02:54:52] 639.8, 125.1, 5.099
[02:54:53] 639.5, 124.7, 7.054
[02:54:54] 732.9, 125.1, 5.095
[02:54:55] 637.3, 125.1, 5.094
[02:54:56] 637.3, 125.2, 5.093
[02:54:57] 637.2, 125.1, 5.095
[02:54:58] 637.2, 124.5, 7.058
[02:54:59] 731.7, 125.2, 5.095
[02:55:00] 637.3, 125.0, 5.093
[02:55:01] 637.2, 125.1, 5.091
[02:55:02] 637.2, 125.0, 5.094
[02:55:03] 637.2, 124.6, 7.047
[02:55:04] 731.3, 125.2, 5.097
[02:55:05] 637.3, 125.1, 5.090
[02:55:06] 637.2, 125.1, 5.090
[02:55:07] 637.2, 125.2, 5.098
[02:55:08] 637.2, 124.6, 7.047
[02:55:09] 731.3, 125.2, 5.088
[02:55:10] 636.7, 125.1, 5.090
[02:55:11] 636.7, 125.2, 5.093
[02:55:12] 636.7, 125.1, 5.091
[02:55:13] 636.8, 124.7, 7.039
[02:55:14] 730.0, 125.1, 5.094
[02:55:15] 637.1, 125.2, 5.087
[02:55:16] 637.0, 125.2, 5.104
[02:55:17] 637.0, 125.1, 5.090
[02:55:18] 637.0, 124.7, 7.038
[02:55:19] 729.4, 125.1, 5.094
[02:55:20] 637.3, 125.1, 5.093
[02:55:21] 637.2, 125.1, 5.091
[02:55:22] 637.2, 125.1, 5.092
[02:55:23] 637.1, 124.7, 7.028
[02:55:24] 727.6, 125.2, 5.091
[02:55:25] 636.9, 125.1, 5.087
[02:55:26] 636.8, 125.2, 5.091
[02:55:27] 636.8, 125.1, 5.089
[02:55:28] 636.8, 124.7, 7.017
[02:55:29] 724.8, 125.1, 5.093
[02:55:30] 637.3, 125.2, 5.091
[02:55:31] 637.2, 125.1, 5.092
[02:55:32] 637.2, 125.1, 5.092
[02:55:33] 637.2, 124.6, 7.007
[02:55:34] 719.1, 125.2, 5.093
[02:55:35] 637.1, 125.1, 5.092
[02:55:36] 637.0, 125.0, 5.091
[02:55:37] 637.0, 125.1, 5.089
[02:55:38] 636.9, 124.6, 7.057
[02:55:39] 757.5, 125.1, 5.095
[02:55:40] 636.9, 125.1, 5.094
[02:55:41] 636.9, 125.1, 5.087
[02:55:42] 636.8, 125.1, 5.086
[02:55:43] 636.8, 124.7, 6.174
[02:55:44] 775.8, 125.2, 5.091
[02:55:45] 644.7, 125.1, 5.090
[02:55:46] 636.9, 125.1, 5.091
[02:55:47] 636.9, 125.1, 5.087
[02:55:48] 636.8, 125.1, 5.087
[02:55:49] 723.5, 125.0, 5.940
[02:55:50] 754.2, 125.2, 5.091
[02:55:51] 637.1, 125.1, 5.090
[02:55:52] 637.0, 125.2, 5.088
[02:55:53] 637.0, 125.1, 5.088
[02:55:54] 636.9, 124.6, 7.496
[02:55:55] 888.2, 125.0, 5.995
[02:55:56] 751.4, 125.2, 5.090
[02:55:57] 637.1, 125.1, 5.085
[02:55:58] 637.0, 125.1, 5.095
[02:55:59] 637.0, 125.2, 5.088
[02:56:00] 636.9, 124.5, 7.518
[02:56:01] 917.4, 124.5, 7.546
[02:56:02] 934.3, 125.2, 5.185
[02:56:03] 701.4, 125.1, 5.099
[02:56:04] 638.0, 125.1, 5.098
[02:56:05] 637.9, 125.1, 5.091
[02:56:06] 637.8, 125.1, 5.090
[02:56:07] 675.0, 124.5, 7.536
[02:56:08] 939.6, 124.5, 7.562
[02:56:09] 939.9, 124.5, 7.566
[02:56:10] 940.3, 124.6, 7.366
[02:56:11] 879.8, 125.1, 5.111
[02:56:12] 639.8, 125.2, 5.103
[02:56:13] 639.6, 125.1, 5.098
[02:56:14] 639.3, 125.2, 5.094
[02:56:15] 639.1, 124.8, 6.326
[02:56:16] 796.5, 124.5, 7.554
[02:56:17] 942.0, 124.6, 7.563
[02:56:18] 942.1, 124.6, 7.574
[02:56:19] 942.3, 124.5, 7.582
[02:56:20] 942.7, 124.5, 7.586
[02:56:21] 943.1, 124.6, 7.588
[02:56:22] 943.5, 124.4, 7.598
[02:56:23] 895.3, 125.1, 5.124
[02:56:24] 640.8, 125.2, 5.111
[02:56:25] 640.6, 125.1, 5.107
[02:56:26] 640.4, 125.1, 5.101
[02:56:27] 640.2, 125.1, 5.098
[02:56:28] 740.0, 124.6, 7.566
[02:56:29] 942.4, 124.4, 7.575
[02:56:30] 942.6, 124.5, 7.583
[02:56:31] 942.9, 124.5, 7.588
[02:56:32] 943.3, 124.5, 7.594
[02:56:33] 943.7, 124.5, 7.597
[02:56:34] 944.1, 124.5, 7.603
[02:56:35] 944.5, 124.5, 7.604
[02:56:36] 945.0, 124.5, 7.609
[02:56:37] 945.4, 124.5, 7.603
[02:56:38] 945.8, 124.5, 7.606
[02:56:39] 946.0, 124.5, 7.604
[02:56:40] 946.3, 124.5, 7.612
[02:56:41] 946.6, 124.6, 7.610
[02:56:42] 946.9, 125.1, 5.140
[02:56:43] 655.2, 125.2, 5.123
[02:56:44] 641.2, 125.1, 5.114
[02:56:45] 641.0, 125.2, 5.109
