<<<[12:50:06] 656.4, 122.7, 5.244
[12:50:07] 643.7, 122.5, 5.262
[12:50:08] 643.7, 122.5, 5.471
[12:50:09] 664.2, 122.6, 5.469
[12:50:10] 664.5, 122.6, 5.420
[12:50:11] 664.6, 122.5, 5.422
[12:50:12] 664.4, 122.6, 5.269
[12:50:13] 645.1, 122.6, 5.265
[12:50:14] 645.0, 122.6, 5.249
[12:50:15] 644.8, 122.6, 5.266
[12:50:16] 644.8, 122.6, 5.268
[12:50:17] 701.6, 122.5, 5.324
[12:50:18] 685.5, 122.7, 5.246
[12:50:19] 643.7, 122.7, 5.255
[12:50:20] 643.6, 122.5, 5.258
[12:50:21] 643.6, 122.6, 5.270
[12:50:22] 698.9, 122.6, 5.274
[12:50:23] 683.9, 122.5, 5.268
[12:50:24] 644.5, 122.7, 5.262
[12:50:25] 644.4, 122.6, 5.263
[12:50:26] 644.3, 122.5, 5.244
[12:50:27] 695.7, 122.6, 5.291
[12:50:28] 686.1, 122.6, 5.263
[12:50:29] 643.9, 122.5, 5.260
[12:50:30] 643.9, 122.6, 5.249
[12:50:31] 643.9, 122.7, 5.255
[12:50:32] 694.1, 122.7, 5.287
[12:50:33] 687.3, 122.6, 5.257
[12:50:34] 643.7, 122.6, 5.243
[12:50:35] 643.6, 122.7, 5.256
[12:50:36] 643.6, 122.7, 5.252
[12:50:37] 692.0, 122.7, 5.287
[12:50:38] 691.5, 122.5, 5.246
[12:50:39] 643.4, 122.5, 5.270
[12:50:40] 643.5, 122.5, 5.271
[12:50:41] 643.6, 122.6, 5.271
[12:50:42] 690.8, 122.6, 5.288
[12:50:43] 690.7, 122.6, 5.256
[12:50:44] 643.6, 122.6, 5.269
[12:50:45] 643.7, 122.6, 5.269
[12:50:46] 643.8, 122.7, 5.242
[12:50:47] 686.1, 122.6, 5.295
[12:50:48] 692.4, 122.5, 5.258
[12:50:49] 643.7, 122.6, 5.252
[12:50:50] 643.6, 122.5, 5.244
[12:50:51] 643.6, 122.6, 5.253
[12:50:52] 681.3, 122.6, 5.294
[12:50:53] 693.4, 122.6, 5.254
[12:50:54] 643.4, 122.5, 5.246
[12:50:55] 643.4, 122.6, 5.255
[12:50:56] 643.4, 122.6, 5.254
[12:50:57] 674.1, 122.5, 5.301
[12:50:58] 695.1, 122.5, 5.245
[12:50:59] 643.2, 122.6, 5.253
[12:51:00] 643.2, 122.6, 5.256
[12:51:01] 643.2, 122.6, 5.251
[12:51:02] 652.2, 122.5, 5.921
[12:51:03] 755.0, 122.6, 5.254
[12:51:04] 643.6, 122.5, 5.252
[12:51:05] 643.6, 122.5, 5.251
[12:51:06] 643.5, 122.6, 5.245
[12:51:07] 643.5, 122.1, 7.359
[12:51:08] 791.0, 122.6, 5.257
[12:51:09] 643.7, 122.6, 5.254
[12:51:10] 643.6, 122.6, 5.244
[12:51:11] 643.5, 122.5, 5.252
[12:51:12] 643.5, 121.8, 7.572
[12:51:13] 839.0, 122.5, 5.326
[12:51:14] 701.6, 122.6, 5.251
[12:51:15] 643.7, 122.4, 5.262
[12:51:16] 643.7, 122.5, 5.259
[12:51:17] 643.7, 122.6, 5.259
[12:51:18] 670.1, 121.9, 7.967
[12:51:19] 971.1, 122.5, 5.336
[12:51:20] 704.0, 122.5, 5.265
[12:51:21] 644.9, 122.6, 5.259
[12:51:22] 644.7, 122.6, 5.246
[12:51:23] 644.5, 122.5, 5.255
[12:51:24] 645.0, 121.9, 7.967
[12:51:25] 973.5, 121.9, 7.995
[12:51:26] 973.6, 122.5, 6.221
[12:51:27] 765.6, 122.5, 5.270
[12:51:28] 645.5, 122.6, 5.280
[12:51:29] 645.5, 122.6, 5.277
[12:51:30] 645.5, 122.6, 5.253
[12:51:31] 645.3, 121.9, 7.954
[12:51:32] 935.1, 121.8, 7.988
[12:51:33] 975.2, 121.9, 8.003
[12:51:34] 975.4, 121.9, 8.012
[12:51:35] 975.7, 122.1, 7.427
[12:51:36] 840.0, 122.6, 5.283
[12:51:37] 647.1, 122.6, 5.273
[12:51:38] 646.9, 122.6, 5.261
[12:51:39] 646.7, 122.5, 5.262
[12:51:40] 646.5, 121.9, 7.692
[12:51:41] 856.3, 121.9, 7.986
[12:51:42] 975.4, 122.0, 8.013
[12:51:43] 975.7, 122.0, 8.016
[12:51:44] 976.1, 121.9, 8.023
[12:51:45] 976.5, 121.9, 8.032
[12:51:46] 976.9, 121.8, 8.041
[12:51:47] 977.5, 121.9, 8.048
[12:51:48] 978.1, 121.9, 8.048
[12:51:49] 967.9, 122.6, 5.308
[12:51:50] 667.2, 122.6, 5.278
[12:51:51] 647.3, 122.6, 5.274
[12:51:52] 647.2, 122.6, 5.268
[12:51:53] 647.1, 122.6, 5.259
[12:51:54] 701.0, 122.0, 7.991
[12:51:55] 976.2, 121.9, 8.008
[12:51:56] 976.4, 121.9, 8.017
[12:51:57] 976.7, 122.0, 8.025
[12:51:58] 977.2, 121.9, 8.044
[12:51:59] 977.7, 121.9, 8.046
[12:52:00] 978.3, 121.9, 8.047
[12:52:01] 978.8, 121.9, 8.050
[12:52:02] 979.3, 121.9, 8.042
[12:52:03] 979.6, 122.0, 8.054
[12:52:04] 980.1, 121.8, 8.061
[12:52:05] 980.6, 121.9, 8.060
[12:52:06] 981.0, 122.0, 8.066
[12:52:07] 981.5, 121.9, 8.068
[12:52:08] 981.9, 121.9, 8.071
[12:52:09] 982.3, 121.8, 8.077
[12:52:10] 982.7, 121.8, 8.076
[12:52:11] 910.7, 122.6, 5.308
[12:52:12] 651.2, 122.5, 5.300
[12:52:13] 651.0, 122.6, 5.285
[12:52:14] 650.6, 122.7, 5.273
