<<<[17:37:54] 650.9, 122.6, 5.309
[17:37:55] 650.5, 122.6, 5.203
[17:37:56] 638.4, 122.6, 5.236
[17:37:57] 647.7, 122.5, 5.332
[17:37:58] 655.6, 122.6, 5.373
[17:37:59] 655.8, 122.6, 5.310
[17:38:00] 650.2, 122.5, 5.205
[17:38:01] 638.6, 122.5, 5.201
[17:38:02] 638.5, 122.5, 5.207
[17:38:03] 638.6, 122.5, 5.203
[17:38:04] 638.5, 122.0, 6.742
[17:38:05] 735.3, 122.5, 5.204
[17:38:06] 638.2, 122.5, 5.203
[17:38:07] 638.1, 122.5, 5.198
[17:38:08] 638.0, 122.5, 5.198
[17:38:09] 638.0, 122.1, 6.683
[17:38:10] 732.3, 122.5, 5.199
[17:38:11] 637.5, 122.5, 5.195
[17:38:12] 637.4, 122.5, 5.196
[17:38:13] 637.4, 122.5, 5.195
[17:38:14] 637.4, 122.1, 6.628
[17:38:15] 731.3, 122.5, 5.199
[17:38:16] 637.5, 122.5, 5.198
[17:38:17] 637.4, 122.5, 5.191
[17:38:18] 637.4, 122.6, 5.191
[17:38:19] 637.3, 122.2, 6.580
[17:38:20] 730.8, 122.5, 5.192
[17:38:21] 637.6, 122.6, 5.192
[17:38:22] 637.5, 122.6, 5.191
[17:38:23] 637.4, 122.5, 5.188
[17:38:24] 637.4, 122.1, 6.530
[17:38:25] 730.9, 122.5, 5.203
[17:38:26] 638.0, 122.4, 5.203
[17:38:27] 637.9, 122.4, 5.198
[17:38:28] 637.8, 122.4, 5.201
[17:38:29] 637.8, 122.0, 6.483
[17:38:30] 730.4, 122.4, 5.210
[17:38:31] 637.8, 122.4, 5.199
[17:38:32] 637.7, 122.5, 5.200
[17:38:33] 637.7, 122.4, 5.198
[17:38:34] 637.6, 122.1, 6.412
[17:38:35] 728.6, 122.5, 5.191
[17:38:36] 636.9, 122.5, 5.191
[17:38:37] 636.9, 122.6, 5.187
[17:38:38] 636.8, 122.6, 5.190
[17:38:39] 636.8, 122.2, 6.336
[17:38:40] 725.8, 122.5, 5.193
[17:38:41] 637.3, 122.5, 5.191
[17:38:42] 637.2, 122.6, 5.194
[17:38:43] 637.2, 122.5, 5.195
[17:38:44] 637.2, 122.2, 5.539
[17:38:45] 722.7, 122.5, 5.197
[17:38:46] 637.5, 122.5, 5.198
[17:38:47] 637.5, 122.5, 5.193
[17:38:48] 637.4, 122.5, 5.194
[17:38:49] 637.4, 122.4, 5.193
[17:38:50] 752.8, 122.6, 5.202
[17:38:51] 647.9, 122.5, 5.195
[17:38:52] 637.3, 122.5, 5.193
[17:38:53] 637.2, 122.6, 5.192
[17:38:54] 637.2, 122.5, 5.193
[17:38:55] 736.1, 122.5, 5.269
[17:38:56] 697.1, 122.6, 5.194
[17:38:57] 637.5, 122.5, 5.192
[17:38:58] 637.4, 122.5, 5.194
[17:38:59] 637.3, 122.5, 5.199
[17:39:00] 656.0, 121.9, 7.521
[17:39:01] 845.7, 122.4, 5.199
[17:39:02] 637.3, 122.5, 5.200
[17:39:03] 637.3, 122.4, 5.196
[17:39:04] 637.2, 122.3, 5.195
[17:39:05] 637.1, 121.7, 7.438
[17:39:06] 844.7, 121.9, 7.405
[17:39:07] 844.4, 122.4, 5.212
[17:39:08] 639.6, 122.4, 5.206
[17:39:09] 639.5, 122.5, 5.202
[17:39:10] 639.4, 122.5, 5.201
[17:39:11] 639.1, 121.8, 7.815
[17:39:12] 864.4, 121.7, 8.205
[17:39:13] 1000.6, 122.2, 6.374
[17:39:14] 783.7, 122.5, 5.213
[17:39:15] 639.4, 122.5, 5.211
[17:39:16] 639.3, 122.3, 5.212
[17:39:17] 639.1, 122.4, 5.201
[17:39:18] 639.0, 121.7, 8.100
[17:39:19] 905.2, 121.6, 8.211
[17:39:20] 1001.2, 121.7, 8.230
[17:39:21] 1001.5, 121.7, 8.237
[17:39:22] 1001.8, 122.5, 5.327
[17:39:23] 710.5, 122.4, 5.219
[17:39:24] 640.0, 122.4, 5.212
[17:39:25] 639.9, 122.4, 5.210
[17:39:26] 639.7, 122.3, 5.210
[17:39:27] 639.5, 121.5, 8.210
[17:39:28] 989.0, 121.6, 8.235
[17:39:29] 1003.2, 121.6, 8.248
[17:39:30] 1003.4, 121.7, 8.249
[17:39:31] 1003.6, 121.7, 8.250
[17:39:32] 1004.0, 121.7, 8.263
[17:39:33] 1004.5, 121.7, 8.255
[17:39:34] 1004.9, 121.8, 8.259
[17:39:35] 925.2, 122.6, 5.237
[17:39:36] 642.8, 122.6, 5.228
[17:39:37] 642.6, 122.6, 5.219
[17:39:38] 642.3, 122.5, 5.213
[17:39:39] 642.0, 122.5, 5.209
[17:39:40] 794.1, 121.7, 8.219
[17:39:41] 1002.8, 121.8, 8.228
[17:39:42] 1003.0, 121.7, 8.246
[17:39:43] 1003.4, 121.9, 8.255
[17:39:44] 1003.9, 121.8, 8.257
[17:39:45] 1004.4, 121.8, 8.264
[17:39:46] 1004.8, 121.8, 8.249
[17:39:47] 1005.3, 121.8, 8.274
[17:39:48] 1005.7, 121.7, 8.273
[17:39:49] 1006.2, 121.7, 8.277
[17:39:50] 1006.6, 121.7, 8.283
[17:39:51] 1007.1, 121.8, 8.283
[17:39:52] 1007.6, 121.8, 8.285
[17:39:53] 1008.0, 121.8, 8.290
[17:39:54] 1008.4, 121.7, 8.291
[17:39:55] 886.6, 122.6, 5.251
[17:39:56] 644.1, 122.5, 5.244
[17:39:57] 643.9, 122.5, 5.229
[17:39:58] 643.6, 122.4, 5.226
<<<[02:20:40] 642.1, 125.2, 5.096
[02:20:41] 641.6, 125.1, 5.095
[02:20:42] 641.2, 125.1, 5.271
[02:20:43] 655.2, 125.0, 5.246
[02:20:44] 655.5, 125.2, 5.255
[02:20:45] 656.1, 125.2, 5.143
[02:20:46] 644.9, 125.2, 5.100
[02:20:47] 638.2, 125.2, 5.098
[02:20:48] 638.2, 125.1, 5.097
[02:20:49] 638.2, 125.1, 5.096
[02:20:50] 638.2, 125.0, 6.328
[02:20:51] 732.3, 125.2, 5.091
[02:20:52] 637.5, 125.2, 5.088
[02:20:53] 637.5, 125.2, 5.087
[02:20:54] 637.4, 125.1, 5.087
[02:20:55] 637.3, 125.0, 6.374
[02:20:56] 728.0, 125.2, 5.093
[02:20:57] 638.0, 125.2, 5.091
[02:20:58] 637.9, 125.2, 5.088
[02:20:59] 637.8, 125.2, 5.087
[02:21:00] 637.7, 125.0, 6.414
[02:21:01] 727.4, 125.1, 5.089
[02:21:02] 637.5, 125.1, 5.089
[02:21:03] 637.4, 125.1, 5.086
[02:21:04] 637.3, 125.1, 5.088
[02:21:05] 637.3, 124.9, 6.457
[02:21:06] 727.2, 125.2, 5.089
[02:21:07] 636.9, 125.2, 5.085
[02:21:08] 636.9, 125.2, 5.085
[02:21:09] 636.9, 125.2, 5.089
[02:21:10] 637.0, 125.0, 6.495
[02:21:11] 726.0, 125.2, 5.089
[02:21:12] 637.1, 125.2, 5.085
[02:21:13] 637.1, 125.1, 5.089
[02:21:14] 637.1, 125.2, 5.087
[02:21:15] 637.1, 124.9, 6.530
[02:21:16] 725.6, 125.1, 5.087
[02:21:17] 637.5, 125.1, 5.084
[02:21:18] 637.3, 125.1, 5.086
[02:21:19] 637.3, 125.1, 5.083
[02:21:20] 637.2, 124.9, 6.557
[02:21:21] 723.9, 125.1, 5.087
[02:21:22] 637.5, 125.1, 5.091
[02:21:23] 637.4, 125.1, 5.087
[02:21:24] 637.3, 125.1, 5.082
[02:21:25] 637.3, 124.9, 6.584
[02:21:26] 721.7, 125.1, 5.086
[02:21:27] 636.7, 125.2, 5.083
[02:21:28] 636.7, 125.1, 5.085
[02:21:29] 636.8, 125.1, 5.109
[02:21:30] 637.0, 124.9, 6.633
[02:21:31] 717.4, 125.1, 5.086
[02:21:32] 636.9, 125.1, 5.082
[02:21:33] 636.9, 125.2, 5.083
[02:21:34] 636.8, 125.2, 5.088
[02:21:35] 636.8, 124.7, 7.139
[02:21:36] 758.9, 125.2, 5.089
[02:21:37] 637.8, 125.2, 5.088
[02:21:38] 637.7, 125.2, 5.090
[02:21:39] 637.7, 125.1, 5.088
[02:21:40] 637.6, 124.5, 7.580
[02:21:41] 791.8, 125.2, 5.092
[02:21:42] 637.8, 125.1, 5.086
[02:21:43] 637.6, 125.2, 5.085
[02:21:44] 637.6, 125.2, 5.085
[02:21:45] 637.4, 125.2, 5.080
[02:21:46] 772.3, 125.2, 5.256
[02:21:47] 723.9, 125.2, 5.084
[02:21:48] 637.3, 125.2, 5.081
[02:21:49] 637.2, 125.2, 5.084
[02:21:50] 637.1, 125.2, 5.081
[02:21:51] 637.0, 124.4, 7.985
[02:21:52] 960.7, 125.1, 5.267
[02:21:53] 720.3, 125.1, 5.094
[02:21:54] 637.8, 125.1, 5.086
[02:21:55] 637.6, 125.1, 5.087
[02:21:56] 637.6, 125.1, 5.084
[02:21:57] 637.5, 124.5, 7.996
[02:21:58] 979.6, 124.5, 8.026
[02:21:59] 993.9, 125.1, 5.281
[02:22:00] 716.8, 125.2, 5.097
[02:22:01] 638.8, 125.2, 5.091
[02:22:02] 638.7, 125.2, 5.089
[02:22:03] 638.5, 125.2, 5.089
[02:22:04] 657.5, 124.5, 8.016
[02:22:05] 999.0, 124.4, 8.033
[02:22:06] 999.2, 124.4, 8.046
[02:22:07] 999.7, 124.4, 8.051
[02:22:08] 972.9, 125.1, 5.131
[02:22:09] 669.3, 125.2, 5.105
[02:22:10] 639.6, 125.1, 5.104
[02:22:11] 639.4, 125.1, 5.097
[02:22:12] 639.3, 125.1, 5.092
[02:22:13] 735.9, 124.3, 8.026
[02:22:14] 1000.4, 124.4, 8.037
[02:22:15] 1000.5, 124.4, 8.054
[02:22:16] 1000.9, 124.4, 8.068
[02:22:17] 1001.4, 124.4, 8.073
[02:22:18] 1002.0, 124.4, 8.071
[02:22:19] 1002.5, 124.4, 8.073
[02:22:20] 1003.0, 124.9, 6.955
[02:22:21] 804.8, 125.1, 5.124
[02:22:22] 641.6, 125.2, 5.113
[02:22:23] 641.3, 125.2, 5.130
[02:22:24] 641.3, 125.2, 5.125
[02:22:25] 641.1, 124.5, 7.887
[02:22:26] 892.8, 124.5, 8.038
[02:22:27] 1002.2, 124.5, 8.052
[02:22:28] 1002.4, 124.5, 8.064
[02:22:29] 1002.7, 124.5, 8.071
[02:22:30] 1003.2, 124.5, 8.074
[02:22:31] 1003.6, 124.5, 8.079
[02:22:32] 1004.0, 124.5, 8.082
[02:22:33] 1004.5, 124.5, 8.092
[02:22:34] 1005.0, 124.5, 8.100
[02:22:35] 1005.5, 124.5, 8.102
[02:22:36] 1006.0, 124.4, 8.101
[02:22:37] 1006.4, 124.5, 8.104
[02:22:38] 1006.9, 124.4, 8.108
[02:22:39] 1007.3, 124.5, 8.105
[02:22:40] 1007.7, 125.1, 6.391
[02:22:41] 804.0, 125.1, 5.134
[02:22:42] 643.6, 125.1, 5.123
[02:22:43] 643.3, 125.2, 5.115
[02:22:44] 642.9, 125.2, 5.109
