<<<[18:16:18] 641.0, 122.9, 5.209
[18:16:19] 640.7, 122.9, 5.207
[18:16:20] 640.5, 122.9, 5.308
[18:16:21] 651.0, 122.9, 5.349
[18:16:22] 656.7, 122.8, 5.344
[18:16:23] 656.6, 122.9, 5.343
[18:16:24] 656.6, 123.0, 5.338
[18:16:25] 656.6, 123.0, 5.340
[18:16:26] 656.5, 123.0, 5.420
[18:16:27] 656.3, 122.9, 5.239
[18:16:28] 643.2, 122.9, 5.220
[18:16:29] 642.9, 123.0, 5.208
[18:16:30] 642.3, 123.0, 5.181
[18:16:31] 641.7, 122.9, 5.207
[18:16:32] 732.7, 122.9, 5.181
[18:16:33] 637.8, 123.0, 5.176
[18:16:34] 637.7, 122.9, 5.178
[18:16:35] 637.6, 122.9, 5.174
[18:16:36] 637.6, 122.9, 5.178
[18:16:37] 728.8, 122.9, 5.179
[18:16:38] 636.9, 122.9, 5.175
[18:16:39] 636.9, 123.0, 5.173
[18:16:40] 636.9, 123.0, 5.175
[18:16:41] 636.9, 122.8, 5.174
[18:16:42] 727.6, 122.9, 5.179
[18:16:43] 636.9, 122.9, 5.174
[18:16:44] 636.9, 123.0, 5.174
[18:16:45] 636.9, 123.0, 5.172
[18:16:46] 636.9, 123.0, 5.172
[18:16:47] 726.2, 122.9, 5.176
[18:16:48] 636.9, 122.9, 5.177
[18:16:49] 636.9, 122.9, 5.172
[18:16:50] 636.9, 122.9, 5.173
[18:16:51] 636.8, 123.0, 5.171
[18:16:52] 724.1, 122.9, 5.177
[18:16:53] 636.9, 122.9, 5.172
[18:16:54] 636.8, 122.9, 5.177
[18:16:55] 636.9, 123.0, 5.171
[18:16:56] 636.8, 122.9, 5.171
[18:16:57] 720.3, 122.8, 5.177
[18:16:58] 636.9, 123.0, 5.173
[18:16:59] 636.8, 123.0, 5.170
[18:17:00] 636.8, 122.9, 5.175
[18:17:01] 636.8, 122.9, 5.171
[18:17:02] 723.9, 122.9, 5.198
[18:17:03] 674.3, 122.8, 5.178
[18:17:04] 637.1, 122.8, 5.177
[18:17:05] 637.1, 122.9, 5.174
[18:17:06] 637.1, 122.9, 5.177
[18:17:07] 708.1, 122.7, 5.490
[18:17:08] 724.3, 122.7, 5.176
[18:17:09] 636.3, 122.8, 5.176
[18:17:10] 636.3, 122.7, 5.179
[18:17:11] 636.3, 122.8, 5.175
[18:17:12] 646.9, 122.3, 7.278
[18:17:13] 802.8, 122.8, 5.180
[18:17:14] 636.9, 122.8, 5.182
[18:17:15] 636.9, 122.8, 5.174
[18:17:16] 636.9, 122.8, 5.175
[18:17:17] 636.8, 122.2, 7.639
[18:17:18] 850.6, 122.9, 5.532
[18:17:19] 735.1, 122.9, 5.181
[18:17:20] 637.3, 122.9, 5.176
[18:17:21] 637.2, 122.9, 5.174
[18:17:22] 637.1, 122.9, 5.174
[18:17:23] 637.1, 122.3, 7.856
[18:17:24] 932.3, 122.3, 7.890
[18:17:25] 925.4, 123.0, 5.190
[18:17:26] 638.2, 122.9, 5.180
[18:17:27] 638.1, 122.9, 5.177
[18:17:28] 638.0, 122.9, 5.174
[18:17:29] 637.9, 122.9, 5.175
[18:17:30] 767.8, 122.2, 7.893
[18:17:31] 966.0, 122.2, 7.905
[18:17:32] 966.2, 122.1, 7.918
[18:17:33] 929.6, 122.8, 5.198
[18:17:34] 639.2, 122.9, 5.190
[18:17:35] 639.0, 122.9, 5.183
[18:17:36] 638.9, 123.0, 5.180
[18:17:37] 638.7, 123.0, 5.175
[18:17:38] 768.0, 122.3, 7.886
[18:17:39] 966.0, 122.3, 7.907
[18:17:40] 966.2, 122.3, 7.910
[18:17:41] 966.6, 122.3, 7.915
[18:17:42] 967.0, 122.2, 7.925
[18:17:43] 967.5, 122.3, 7.930
[18:17:44] 932.5, 122.9, 5.204
[18:17:45] 640.0, 122.8, 5.198
[18:17:46] 639.9, 122.9, 5.189
[18:17:47] 639.7, 122.9, 5.186
[18:17:48] 639.6, 123.0, 5.183
[18:17:49] 768.7, 122.3, 7.876
[18:17:50] 964.6, 122.3, 7.881
[18:17:51] 964.7, 122.4, 7.889
[18:17:52] 965.0, 122.3, 7.901
[18:17:53] 965.4, 122.3, 7.908
[18:17:54] 965.8, 122.2, 7.920
[18:17:55] 966.3, 122.2, 7.918
[18:17:56] 966.7, 122.3, 7.919
[18:17:57] 967.1, 122.3, 7.922
[18:17:58] 967.5, 122.3, 7.922
[18:17:59] 967.9, 122.2, 7.931
[18:18:00] 968.3, 122.5, 7.499
[18:18:01] 810.5, 122.9, 5.210
[18:18:02] 641.4, 122.9, 5.200
[18:18:03] 641.2, 122.9, 5.197
[18:18:04] 641.1, 123.0, 5.190
