<<<[10:24:22] 648.9, 123.0, 5.249
[10:24:23] 648.7, 123.2, 5.247
[10:24:24] 648.4, 123.1, 5.287
[10:24:25] 658.9, 123.1, 5.380
[10:24:26] 659.3, 123.2, 5.251
[10:24:27] 647.3, 123.0, 5.254
[10:24:28] 647.3, 123.2, 5.235
[10:24:29] 647.3, 123.1, 5.245
[10:24:30] 647.2, 123.2, 5.249
[10:24:31] 664.8, 123.0, 5.463
[10:24:32] 725.4, 123.1, 5.249
[10:24:33] 646.5, 123.0, 5.246
[10:24:34] 646.5, 123.1, 5.248
[10:24:35] 646.5, 123.1, 5.236
[10:24:36] 659.1, 123.1, 5.441
[10:24:37] 725.8, 123.0, 5.247
[10:24:38] 646.7, 123.1, 5.246
[10:24:39] 646.6, 123.1, 5.246
[10:24:40] 646.6, 123.0, 5.248
[10:24:41] 657.1, 123.1, 5.457
[10:24:42] 726.8, 123.0, 5.242
[10:24:43] 647.1, 123.1, 5.247
[10:24:44] 647.0, 123.0, 5.240
[10:24:45] 646.9, 123.1, 5.244
[10:24:46] 655.6, 123.0, 5.470
[10:24:47] 727.8, 123.0, 5.247
[10:24:48] 646.7, 123.1, 5.245
[10:24:49] 646.6, 123.0, 5.247
[10:24:50] 646.6, 123.1, 5.236
[10:24:51] 653.4, 123.1, 5.479
[10:24:52] 729.4, 123.2, 5.244
[10:24:53] 646.5, 123.1, 5.243
[10:24:54] 646.4, 123.1, 5.243
[10:24:55] 646.4, 123.2, 5.241
[10:24:56] 652.0, 123.1, 5.486
[10:24:57] 730.0, 123.1, 5.233
[10:24:58] 646.7, 123.2, 5.241
[10:24:59] 646.6, 123.2, 5.239
[10:25:00] 646.6, 123.1, 5.240
[10:25:01] 646.9, 123.2, 5.500
[10:25:02] 730.8, 123.1, 5.255
[10:25:03] 646.9, 123.1, 5.243
[10:25:04] 646.8, 123.2, 5.228
[10:25:05] 646.7, 123.2, 5.235
[10:25:06] 646.7, 123.1, 5.512
[10:25:07] 731.5, 123.1, 5.242
[10:25:08] 646.3, 123.1, 5.242
[10:25:09] 646.2, 123.1, 5.244
[10:25:10] 646.2, 123.0, 5.244
[10:25:11] 646.2, 123.0, 5.524
[10:25:12] 727.6, 123.0, 5.247
[10:25:13] 646.9, 123.1, 5.240
[10:25:14] 646.8, 123.1, 5.243
[10:25:15] 646.7, 123.1, 5.247
[10:25:16] 646.7, 122.5, 7.265
[10:25:17] 768.9, 123.0, 5.248
[10:25:18] 646.1, 123.0, 5.250
[10:25:19] 646.2, 122.9, 5.251
[10:25:20] 646.3, 123.0, 5.245
[10:25:21] 646.5, 122.5, 7.272
[10:25:22] 751.2, 123.0, 5.246
[10:25:23] 646.7, 122.9, 5.252
[10:25:24] 646.6, 123.1, 5.245
[10:25:25] 646.6, 123.1, 5.241
[10:25:26] 646.5, 122.4, 7.476
[10:25:27] 816.6, 123.0, 5.253
[10:25:28] 646.9, 123.1, 5.239
[10:25:29] 646.8, 123.1, 5.239
[10:25:30] 646.7, 123.0, 5.246
[10:25:31] 646.7, 123.0, 5.244
[10:25:32] 738.0, 122.6, 7.349
[10:25:33] 855.2, 123.1, 5.256
[10:25:34] 647.3, 123.1, 5.250
[10:25:35] 647.2, 123.1, 5.251
[10:25:36] 647.1, 123.0, 5.241
[10:25:37] 647.1, 122.4, 7.330
[10:25:38] 830.2, 122.4, 7.718
[10:25:39] 927.0, 122.9, 5.269
[10:25:40] 647.9, 122.9, 5.260
[10:25:41] 647.8, 122.9, 5.263
[10:25:42] 647.8, 123.0, 5.250
[10:25:43] 647.7, 123.0, 5.244
[10:25:44] 716.8, 122.4, 7.707
[10:25:45] 945.1, 122.3, 7.731
[10:25:46] 945.3, 122.5, 7.682
[10:25:47] 868.3, 122.9, 5.270
[10:25:48] 648.9, 123.1, 5.262
[10:25:49] 648.8, 123.1, 5.257
[10:25:50] 648.6, 123.0, 5.247
[10:25:51] 648.5, 122.9, 5.566
[10:25:52] 790.6, 122.4, 7.713
[10:25:53] 946.1, 122.4, 7.728
[10:25:54] 946.3, 122.5, 7.742
[10:25:55] 946.7, 122.4, 7.751
[10:25:56] 947.2, 122.5, 7.759
[10:25:57] 947.7, 122.9, 5.726
[10:25:58] 748.3, 123.1, 5.273
[10:25:59] 649.7, 123.0, 5.264
[10:26:00] 649.5, 123.1, 5.261
[10:26:01] 649.4, 123.1, 5.260
[10:26:02] 649.1, 122.4, 7.713
[10:26:03] 938.8, 122.5, 7.729
[10:26:04] 948.1, 122.4, 7.741
[10:26:05] 948.2, 122.5, 7.751
[10:26:06] 948.6, 122.4, 7.762
[10:26:07] 949.0, 122.5, 7.768
[10:26:08] 949.5, 122.5, 7.772
[10:26:09] 949.9, 122.5, 7.770
[10:26:10] 950.3, 122.4, 7.763
[10:26:11] 950.5, 122.5, 7.767
[10:26:12] 950.8, 122.4, 7.765
[10:26:13] 951.1, 123.1, 5.299
[10:26:14] 657.5, 123.1, 5.276
[10:26:15] 650.4, 123.1, 5.271
[10:26:16] 650.2, 123.1, 5.266
