<<<[05:22:38] 646.5, 124.9, 5.155
[05:22:39] 646.3, 124.9, 5.154
[05:22:40] 646.0, 124.9, 5.155
[05:22:41] 651.6, 124.8, 5.350
[05:22:42] 671.3, 124.8, 5.383
[05:22:43] 671.0, 124.8, 5.365
[05:22:44] 670.7, 124.8, 5.322
[05:22:45] 670.4, 124.7, 5.396
[05:22:46] 670.5, 124.7, 5.386
[05:22:47] 670.3, 124.7, 5.325
[05:22:48] 670.1, 124.7, 5.352
[05:22:49] 670.0, 124.8, 5.409
[05:22:50] 670.1, 124.7, 5.317
[05:22:51] 669.9, 124.7, 5.351
[05:22:52] 669.8, 124.8, 5.380
[05:22:53] 669.7, 124.8, 5.352
[05:22:54] 669.8, 124.7, 5.354
[05:22:55] 669.5, 124.7, 5.378
[05:22:56] 669.6, 124.8, 5.316
[05:22:57] 669.6, 124.8, 5.340
[05:22:58] 669.5, 124.7, 5.378
[05:22:59] 669.4, 124.7, 5.385
[05:23:00] 669.4, 124.8, 5.321
[05:23:01] 669.3, 124.8, 5.342
[05:23:02] 669.4, 124.7, 5.318
[05:23:03] 669.5, 124.7, 5.324
[05:23:04] 669.3, 124.8, 5.320
[05:23:05] 668.8, 124.7, 5.431
[05:23:06] 669.2, 124.8, 5.314
[05:23:07] 668.8, 124.6, 5.448
[05:23:08] 668.7, 124.7, 5.324
[05:23:09] 668.3, 124.8, 5.442
[05:23:10] 680.0, 124.8, 5.323
[05:23:11] 665.8, 124.6, 5.347
[05:23:12] 666.0, 124.7, 5.379
[05:23:13] 666.0, 124.7, 5.455
[05:23:14] 671.9, 124.8, 5.346
[05:23:15] 665.8, 124.8, 5.332
[05:23:16] 666.0, 124.7, 5.339
[05:23:17] 666.3, 124.7, 5.420
[05:23:18] 679.4, 124.8, 5.426
[05:23:19] 679.2, 124.8, 5.314
[05:23:20] 665.4, 124.8, 5.312
[05:23:21] 665.7, 124.7, 5.315
[05:23:22] 665.7, 124.7, 5.311
[05:23:23] 671.7, 124.7, 5.324
[05:23:24] 665.8, 124.7, 5.313
[05:23:25] 666.0, 124.8, 5.320
[05:23:26] 665.9, 124.8, 5.308
[05:23:27] 666.5, 124.8, 5.434
[05:23:28] 672.3, 124.8, 5.382
[05:23:29] 665.4, 124.8, 5.437
[05:23:30] 665.6, 124.7, 5.337
[05:23:31] 665.5, 124.7, 5.445
[05:23:32] 670.9, 124.8, 5.345
[05:23:33] 665.4, 124.8, 5.407
[05:23:34] 665.5, 124.8, 5.378
[05:23:35] 665.5, 124.8, 5.440
[05:23:36] 674.3, 124.8, 5.430
[05:23:37] 674.8, 124.8, 5.416
[05:23:38] 675.1, 124.7, 5.402
[05:23:39] 675.1, 124.7, 5.362
[05:23:40] 674.5, 124.7, 5.340
[05:23:41] 667.2, 124.8, 5.342
[05:23:42] 667.1, 124.8, 5.221
[05:23:43] 655.0, 124.8, 5.191
[05:23:44] 647.5, 124.8, 5.154
[05:23:45] 647.0, 124.8, 5.156
[05:23:46] 646.6, 124.8, 5.152
[05:23:47] 646.2, 124.3, 6.901
[05:23:48] 741.8, 124.8, 5.152
[05:23:49] 643.6, 124.8, 5.147
[05:23:50] 643.5, 124.8, 5.146
[05:23:51] 643.4, 124.8, 5.146
[05:23:52] 643.5, 124.4, 6.870
[05:23:53] 733.9, 124.8, 5.148
[05:23:54] 643.6, 124.8, 5.145
[05:23:55] 643.5, 124.8, 5.150
[05:23:56] 643.5, 124.8, 5.146
[05:23:57] 643.5, 124.4, 5.915
[05:23:58] 772.9, 124.9, 5.150
[05:23:59] 643.0, 124.9, 5.148
[05:24:00] 643.0, 124.7, 5.149
[05:24:01] 643.1, 124.8, 5.145
[05:24:02] 643.1, 124.9, 5.145
[05:24:03] 755.2, 124.9, 5.181
[05:24:04] 688.0, 124.8, 5.149
[05:24:05] 643.6, 124.9, 5.151
[05:24:06] 643.6, 124.9, 5.142
[05:24:07] 643.5, 124.8, 5.146
[05:24:08] 676.2, 124.3, 7.367
[05:24:09] 872.7, 124.9, 5.153
[05:24:10] 645.1, 124.9, 5.146
[05:24:11] 645.0, 124.8, 5.146
[05:24:12] 644.9, 124.8, 5.147
[05:24:13] 644.8, 124.3, 7.079
[05:24:14] 832.5, 124.4, 7.589
[05:24:15] 878.8, 124.9, 5.158
[05:24:16] 644.5, 124.9, 5.151
[05:24:17] 644.4, 124.8, 5.150
[05:24:18] 644.3, 124.8, 5.148
[05:24:19] 644.2, 124.4, 6.234
[05:24:20] 813.6, 124.1, 7.836
[05:24:21] 975.8, 124.2, 7.851
[05:24:22] 940.0, 124.9, 5.167
[05:24:23] 644.7, 124.9, 5.157
[05:24:24] 644.7, 124.8, 5.150
[05:24:25] 644.6, 124.8, 5.154
[05:24:26] 644.5, 124.8, 5.152
[05:24:27] 777.8, 124.2, 7.841
[05:24:28] 975.8, 124.2, 7.857
[05:24:29] 975.9, 124.2, 7.859
[05:24:30] 976.2, 124.2, 7.866
[05:24:31] 963.2, 124.9, 5.203
[05:24:32] 692.8, 124.8, 5.163
[05:24:33] 645.7, 124.9, 5.155
[05:24:34] 645.6, 124.9, 5.151
[05:24:35] 645.3, 124.8, 5.154
[05:24:36] 704.8, 124.3, 7.837
[05:24:37] 975.8, 124.2, 7.857
[05:24:38] 976.0, 124.2, 7.864
[05:24:39] 976.3, 124.2, 7.871
[05:24:40] 976.7, 124.1, 7.877
[05:24:41] 977.1, 124.1, 7.880
[05:24:42] 977.5, 124.1, 7.884
[05:24:43] 977.9, 124.2, 7.894
[05:24:44] 978.4, 124.4, 7.223
[05:24:45] 816.2, 124.8, 5.179
[05:24:46] 646.9, 124.9, 5.166
[05:24:47] 646.7, 124.8, 5.163
[05:24:48] 646.5, 124.8, 5.161
[05:24:49] 646.3, 124.1, 7.815
[05:24:50] 896.5, 124.2, 7.894
[05:24:51] 982.5, 124.1, 7.909
[05:24:52] 982.6, 124.1, 7.913
[05:24:53] 982.9, 124.2, 7.921
[05:24:54] 983.1, 124.2, 7.922
[05:24:55] 983.5, 124.1, 7.923
[05:24:56] 983.8, 124.1, 7.930
[05:24:57] 984.1, 124.1, 7.931
[05:24:58] 984.4, 124.1, 7.933
[05:24:59] 984.7, 124.1, 7.933
[05:25:00] 984.9, 124.1, 7.933
[05:25:01] 985.2, 124.1, 7.933
[05:25:02] 985.4, 124.1, 7.935
[05:25:03] 985.6, 124.2, 7.945
[05:25:04] 985.9, 124.2, 7.943
[05:25:05] 986.1, 124.2, 7.937
[05:25:06] 986.3, 124.9, 5.212
[05:25:07] 693.5, 124.8, 5.178
[05:25:08] 647.3, 124.8, 5.173
[05:25:09] 647.2, 124.8, 5.171
[05:25:10] 647.2, 124.8, 5.165
