<<<[14:38:46] 635.5, 122.8, 5.146
[14:38:47] 635.1, 122.7, 5.150
[14:38:48] 634.8, 122.7, 5.152
[14:38:49] 634.9, 122.8, 5.302
[14:38:50] 650.4, 122.7, 5.260
[14:38:51] 650.0, 122.7, 5.308
[14:38:52] 650.2, 122.8, 5.251
[14:38:53] 644.5, 122.7, 5.158
[14:38:54] 634.5, 122.7, 5.148
[14:38:55] 634.2, 122.8, 5.160
[14:38:56] 633.9, 122.7, 5.154
[14:38:57] 633.7, 122.2, 6.982
[14:38:58] 729.0, 122.8, 5.139
[14:38:59] 631.3, 122.7, 5.147
[14:39:00] 631.3, 122.7, 5.151
[14:39:01] 631.3, 122.8, 5.150
[14:39:02] 631.4, 122.2, 6.938
[14:39:03] 726.0, 122.8, 5.150
[14:39:04] 631.7, 122.8, 5.149
[14:39:05] 631.7, 122.7, 5.153
[14:39:06] 631.7, 122.8, 5.141
[14:39:07] 631.6, 122.2, 6.914
[14:39:08] 725.6, 122.8, 5.151
[14:39:09] 631.5, 122.6, 5.152
[14:39:10] 631.5, 122.7, 5.143
[14:39:11] 631.5, 122.7, 5.147
[14:39:12] 631.4, 122.3, 6.899
[14:39:13] 725.6, 122.7, 5.150
[14:39:14] 631.7, 122.8, 5.139
[14:39:15] 631.6, 122.7, 5.154
[14:39:16] 631.6, 122.8, 5.148
[14:39:17] 631.6, 122.3, 6.865
[14:39:18] 724.7, 122.8, 5.140
[14:39:19] 631.7, 122.8, 5.148
[14:39:20] 631.6, 122.7, 5.145
[14:39:21] 631.6, 122.8, 5.148
[14:39:22] 631.5, 122.2, 6.822
[14:39:23] 723.5, 122.8, 5.145
[14:39:24] 631.3, 122.8, 5.152
[14:39:25] 631.3, 122.7, 5.153
[14:39:26] 631.4, 122.8, 5.136
[14:39:27] 631.4, 122.3, 6.769
[14:39:28] 721.5, 122.8, 5.150
[14:39:29] 631.5, 122.7, 5.150
[14:39:30] 631.5, 122.7, 5.134
[14:39:31] 631.5, 122.8, 5.144
[14:39:32] 631.4, 122.3, 6.665
[14:39:33] 716.6, 122.8, 5.145
[14:39:34] 631.7, 122.9, 5.135
[14:39:35] 631.6, 122.8, 5.149
[14:39:36] 631.6, 122.7, 5.147
[14:39:37] 631.5, 122.4, 6.203
[14:39:38] 709.5, 122.8, 5.137
[14:39:39] 631.2, 122.7, 5.152
[14:39:40] 631.2, 122.8, 5.148
[14:39:41] 631.2, 122.7, 5.147
[14:39:42] 631.1, 122.7, 5.136
[14:39:43] 742.6, 122.8, 5.151
[14:39:44] 631.2, 122.7, 5.155
[14:39:45] 631.2, 122.7, 5.154
[14:39:46] 631.2, 122.7, 5.139
[14:39:47] 631.2, 122.6, 5.153
[14:39:48] 706.1, 122.5, 5.682
[14:39:49] 733.7, 122.7, 5.159
[14:39:50] 632.7, 122.6, 5.142
[14:39:51] 632.5, 122.6, 5.158
[14:39:52] 632.5, 122.7, 5.154
[14:39:53] 632.5, 122.1, 7.641
[14:39:54] 894.1, 122.6, 5.158
[14:39:55] 633.9, 122.6, 5.161
[14:39:56] 633.6, 122.7, 5.155
[14:39:57] 633.4, 122.7, 5.159
[14:39:58] 633.2, 122.6, 5.145
[14:39:59] 701.0, 122.1, 7.623
[14:40:00] 932.1, 122.6, 5.797
[14:40:01] 740.8, 122.7, 5.164
[14:40:02] 632.5, 122.7, 5.148
[14:40:03] 632.4, 122.6, 5.159
[14:40:04] 632.3, 122.6, 5.154
[14:40:05] 632.2, 122.1, 7.601
[14:40:06] 897.3, 122.1, 7.646
[14:40:07] 935.1, 122.0, 7.658
[14:40:08] 924.8, 122.7, 5.178
[14:40:09] 639.0, 122.8, 5.167
[14:40:10] 633.5, 122.7, 5.150
[14:40:11] 633.4, 122.7, 5.163
[14:40:12] 633.3, 122.8, 5.160
[14:40:13] 691.4, 122.1, 7.634
[14:40:14] 933.7, 122.0, 7.654
[14:40:15] 934.0, 122.1, 7.659
[14:40:16] 934.4, 122.1, 7.671
[14:40:17] 934.8, 122.0, 7.684
[14:40:18] 935.3, 122.7, 5.971
[14:40:19] 751.6, 122.7, 5.183
[14:40:20] 635.1, 122.7, 5.175
[14:40:21] 634.9, 122.8, 5.169
[14:40:22] 634.8, 122.7, 5.154
[14:40:23] 634.6, 122.1, 7.614
[14:40:24] 883.9, 122.1, 7.664
[14:40:25] 936.8, 122.1, 7.657
[14:40:26] 936.8, 122.1, 7.678
[14:40:27] 937.1, 122.0, 7.687
[14:40:28] 937.4, 122.1, 7.693
[14:40:29] 937.8, 122.0, 7.694
[14:40:30] 938.1, 122.1, 7.702
[14:40:31] 938.5, 122.0, 7.702
[14:40:32] 938.9, 122.1, 7.709
[14:40:33] 939.3, 122.0, 7.709
[14:40:34] 906.9, 122.7, 5.301
[14:40:35] 644.3, 122.7, 5.192
[14:40:36] 636.1, 122.6, 5.190
[14:40:37] 636.0, 122.8, 5.178
[14:40:38] 635.8, 122.7, 5.161
