<<<[08:56:26] 643.4, 123.6, 5.201
[08:56:27] 643.4, 123.6, 5.225
[08:56:28] 643.4, 123.5, 5.407
[08:56:29] 664.2, 123.6, 5.431
[08:56:30] 664.6, 123.6, 5.384
[08:56:31] 664.6, 123.6, 5.390
[08:56:32] 664.5, 123.5, 5.378
[08:56:33] 664.6, 123.6, 5.394
[08:56:34] 664.8, 123.6, 5.339
[08:56:35] 664.5, 123.6, 5.370
[08:56:36] 665.0, 123.7, 5.327
[08:56:37] 656.5, 123.7, 5.205
[08:56:38] 645.3, 123.7, 5.204
[08:56:39] 645.0, 123.6, 5.221
[08:56:40] 644.9, 123.7, 5.217
[08:56:41] 644.7, 123.3, 6.433
[08:56:42] 738.6, 123.7, 5.196
[08:56:43] 643.0, 123.6, 5.217
[08:56:44] 643.0, 123.6, 5.222
[08:56:45] 643.1, 123.6, 5.199
[08:56:46] 643.0, 123.3, 6.282
[08:56:47] 736.7, 123.7, 5.218
[08:56:48] 643.4, 123.6, 5.218
[08:56:49] 643.3, 123.7, 5.214
[08:56:50] 643.3, 123.7, 5.197
[08:56:51] 643.2, 123.3, 6.178
[08:56:52] 735.7, 123.7, 5.214
[08:56:53] 643.2, 123.7, 5.215
[08:56:54] 643.2, 123.6, 5.196
[08:56:55] 643.1, 123.6, 5.217
[08:56:56] 643.1, 123.3, 5.969
[08:56:57] 733.7, 123.6, 5.217
[08:56:58] 643.0, 123.6, 5.196
[08:56:59] 642.9, 123.6, 5.214
[08:57:00] 642.9, 123.6, 5.214
[08:57:01] 642.9, 123.6, 5.236
[08:57:02] 729.2, 123.6, 5.199
[08:57:03] 642.6, 123.6, 5.213
[08:57:04] 642.6, 123.7, 5.215
[08:57:05] 642.7, 123.6, 5.211
[08:57:06] 642.7, 123.7, 5.192
[08:57:07] 752.0, 123.6, 5.222
[08:57:08] 661.1, 123.8, 5.210
[08:57:09] 643.0, 123.8, 5.209
[08:57:10] 642.9, 123.7, 5.197
[08:57:11] 643.0, 123.7, 5.218
[08:57:12] 736.5, 123.7, 5.320
[08:57:13] 711.1, 123.7, 5.215
[08:57:14] 643.0, 123.7, 5.191
[08:57:15] 642.9, 123.7, 5.210
[08:57:16] 642.8, 123.6, 5.207
[08:57:17] 662.8, 123.2, 7.345
[08:57:18] 848.5, 123.7, 5.193
[08:57:19] 642.6, 123.6, 5.216
[08:57:20] 642.7, 123.7, 5.211
[08:57:21] 642.7, 123.7, 5.209
[08:57:22] 642.7, 123.0, 7.564
[08:57:23] 852.4, 123.5, 6.706
[08:57:24] 790.8, 123.6, 5.217
[08:57:25] 643.6, 123.6, 5.217
[08:57:26] 643.5, 123.7, 5.196
[08:57:27] 643.4, 123.6, 5.210
[08:57:28] 643.4, 123.0, 7.907
[08:57:29] 890.6, 122.9, 8.032
[08:57:30] 988.6, 123.6, 5.361
[08:57:31] 722.1, 123.7, 5.228
[08:57:32] 644.5, 123.6, 5.218
[08:57:33] 644.4, 123.6, 5.203
[08:57:34] 644.2, 123.5, 5.201
[08:57:35] 644.1, 122.9, 8.017
[08:57:36] 970.9, 122.9, 8.038
[08:57:37] 989.6, 122.9, 8.054
[08:57:38] 989.8, 123.0, 8.058
[08:57:39] 926.8, 123.7, 5.231
[08:57:40] 645.7, 123.8, 5.223
[08:57:41] 645.5, 123.7, 5.223
[08:57:42] 645.4, 123.8, 5.196
[08:57:43] 645.1, 123.7, 5.215
[08:57:44] 787.0, 123.0, 8.032
[08:57:45] 989.2, 123.1, 8.031
[08:57:46] 989.4, 123.0, 8.060
[08:57:47] 989.8, 123.0, 8.057
[08:57:48] 990.1, 123.0, 8.061
[08:57:49] 990.5, 123.0, 8.070
[08:57:50] 990.9, 122.9, 8.072
[08:57:51] 937.4, 123.6, 5.245
[08:57:52] 647.1, 123.7, 5.233
[08:57:53] 646.9, 123.6, 5.228
[08:57:54] 646.6, 123.7, 5.207
[08:57:55] 646.3, 123.7, 5.227
[08:57:56] 765.4, 122.9, 8.033
[08:57:57] 990.4, 123.1, 8.055
[08:57:58] 990.6, 123.0, 8.055
[08:57:59] 990.8, 122.9, 8.066
[08:58:00] 991.2, 123.0, 8.071
[08:58:01] 991.5, 122.9, 8.092
[08:58:02] 992.0, 123.0, 8.081
[08:58:03] 992.4, 123.0, 8.085
[08:58:04] 992.9, 122.9, 8.093
[08:58:05] 993.3, 123.0, 8.078
[08:58:06] 993.6, 122.9, 8.095
[08:58:07] 994.1, 122.9, 8.090
[08:58:08] 994.4, 123.0, 8.100
[08:58:09] 994.8, 122.9, 8.103
[08:58:10] 920.1, 123.6, 5.238
[08:58:11] 647.7, 123.6, 5.247
[08:58:12] 647.6, 123.6, 5.239
[08:58:13] 647.4, 123.5, 5.241
