<<<[07:39:46] 646.9, 124.2, 5.209
[07:39:47] 646.7, 124.2, 5.206
[07:39:48] 646.6, 124.1, 5.208
[07:39:49] 646.4, 123.9, 5.459
[07:39:50] 667.4, 124.1, 5.433
[07:39:51] 667.4, 124.2, 5.337
[07:39:52] 666.8, 124.1, 5.337
[07:39:53] 666.2, 124.1, 5.345
[07:39:54] 666.0, 124.2, 5.385
[07:39:55] 665.5, 124.3, 5.335
[07:39:56] 665.5, 124.1, 5.336
[07:39:57] 657.3, 124.1, 5.244
[07:39:58] 648.5, 124.2, 5.199
[07:39:59] 648.0, 124.1, 5.204
[07:40:00] 647.6, 124.1, 5.206
[07:40:01] 647.2, 123.9, 6.089
[07:40:02] 742.6, 124.2, 5.200
[07:40:03] 645.3, 124.1, 5.201
[07:40:04] 645.1, 124.2, 5.199
[07:40:05] 645.0, 124.2, 5.200
[07:40:06] 644.8, 123.9, 5.858
[07:40:07] 737.6, 124.0, 5.206
[07:40:08] 644.5, 124.1, 5.199
[07:40:09] 644.4, 124.2, 5.198
[07:40:10] 644.3, 124.2, 5.194
[07:40:11] 644.3, 123.9, 5.603
[07:40:12] 735.7, 124.2, 5.204
[07:40:13] 644.5, 124.2, 5.200
[07:40:14] 644.4, 124.1, 5.189
[07:40:15] 644.3, 124.2, 5.194
[07:40:16] 644.2, 124.2, 5.209
[07:40:17] 731.9, 124.1, 5.202
[07:40:18] 645.1, 124.2, 5.197
[07:40:19] 644.9, 124.1, 5.200
[07:40:20] 644.8, 124.1, 5.199
[07:40:21] 644.6, 124.2, 5.197
[07:40:22] 725.0, 124.1, 5.199
[07:40:23] 643.9, 124.2, 5.200
[07:40:24] 643.8, 124.1, 5.201
[07:40:25] 643.8, 124.1, 5.201
[07:40:26] 643.8, 124.1, 5.196
[07:40:27] 737.4, 124.0, 5.213
[07:40:28] 667.0, 124.1, 5.200
[07:40:29] 643.7, 124.1, 5.196
[07:40:30] 643.6, 124.1, 5.194
[07:40:31] 643.6, 124.1, 5.205
[07:40:32] 696.1, 123.9, 6.740
[07:40:33] 780.0, 124.1, 5.200
[07:40:34] 643.9, 124.2, 5.192
[07:40:35] 643.9, 124.2, 5.197
[07:40:36] 643.9, 124.2, 5.193
[07:40:37] 643.8, 123.6, 7.842
[07:40:38] 901.2, 124.2, 5.206
[07:40:39] 669.7, 124.2, 5.198
[07:40:40] 643.9, 124.2, 5.196
[07:40:41] 643.8, 124.2, 5.195
[07:40:42] 643.8, 124.2, 5.189
[07:40:43] 698.1, 123.5, 7.866
[07:40:44] 973.1, 123.9, 6.911
[07:40:45] 781.7, 124.1, 5.204
[07:40:46] 644.5, 124.3, 5.192
[07:40:47] 644.4, 124.2, 5.198
[07:40:48] 644.3, 124.2, 5.196
[07:40:49] 644.2, 123.5, 7.852
[07:40:50] 924.0, 123.5, 7.874
[07:40:51] 974.0, 123.4, 7.888
[07:40:52] 956.1, 124.1, 5.227
[07:40:53] 674.3, 124.2, 5.205
[07:40:54] 644.7, 124.1, 5.200
[07:40:55] 644.6, 124.2, 5.205
[07:40:56] 644.5, 124.1, 5.204
[07:40:57] 718.9, 123.5, 7.875
[07:40:58] 973.7, 123.4, 7.890
[07:40:59] 973.8, 123.5, 7.899
[07:41:00] 974.2, 123.4, 7.906
[07:41:01] 974.6, 123.4, 7.917
[07:41:02] 975.0, 124.0, 5.429
[07:41:03] 727.6, 124.0, 5.222
[07:41:04] 646.1, 124.1, 5.217
[07:41:05] 646.0, 124.1, 5.208
[07:41:06] 645.8, 124.0, 5.208
[07:41:07] 645.7, 123.4, 7.879
[07:41:08] 971.5, 123.4, 7.897
[07:41:09] 972.0, 123.4, 7.903
[07:41:10] 972.6, 123.4, 7.911
[07:41:11] 973.2, 123.4, 7.913
[07:41:12] 978.6, 123.5, 7.918
[07:41:13] 978.6, 123.5, 7.922
[07:41:14] 978.7, 123.4, 7.924
[07:41:15] 978.8, 123.4, 7.925
[07:41:16] 978.9, 123.5, 7.920
[07:41:17] 979.1, 124.0, 7.081
[07:41:18] 814.4, 124.3, 5.213
[07:41:19] 647.5, 124.2, 5.217
[07:41:20] 647.3, 124.1, 5.211
[07:41:21] 647.1, 124.2, 5.207
