<<<[18:04:39] 638.1, 122.9, 5.172
[18:04:40] 637.8, 122.9, 5.172
[18:04:41] 637.6, 122.9, 5.176
[18:04:42] 642.8, 122.8, 5.305
[18:04:43] 652.0, 122.9, 5.197
[18:04:44] 641.6, 122.9, 5.175
[18:04:45] 640.9, 122.9, 5.176
[18:04:46] 640.4, 122.9, 5.174
[18:04:47] 639.9, 123.0, 5.174
[18:04:48] 639.5, 122.5, 7.166
[18:04:49] 732.7, 123.0, 5.173
[18:04:50] 636.9, 123.0, 5.171
[18:04:51] 636.8, 122.9, 5.172
[18:04:52] 636.9, 122.9, 5.169
[18:04:53] 637.0, 122.5, 7.162
[18:04:54] 731.5, 123.0, 5.167
[18:04:55] 635.9, 122.9, 5.173
[18:04:56] 635.9, 122.9, 5.173
[18:04:57] 636.0, 122.9, 5.175
[18:04:58] 636.1, 122.4, 7.168
[18:04:59] 730.8, 123.0, 5.175
[18:05:00] 636.7, 122.8, 5.176
[18:05:01] 636.7, 122.8, 5.181
[18:05:02] 636.8, 122.8, 5.178
[18:05:03] 636.7, 122.4, 7.164
[18:05:04] 730.8, 122.9, 5.178
[18:05:05] 637.1, 122.9, 5.179
[18:05:06] 637.1, 122.8, 5.179
[18:05:07] 637.1, 122.8, 5.182
[18:05:08] 637.2, 122.3, 7.166
[18:05:09] 730.6, 122.7, 5.186
[18:05:10] 637.3, 122.8, 5.187
[18:05:11] 637.2, 122.7, 5.186
[18:05:12] 637.2, 122.8, 5.174
[18:05:13] 637.1, 122.4, 7.154
[18:05:14] 729.2, 122.8, 5.172
[18:05:15] 636.1, 122.9, 5.176
[18:05:16] 636.2, 122.9, 5.172
[18:05:17] 636.2, 122.8, 5.173
[18:05:18] 636.3, 122.4, 7.149
[18:05:19] 726.6, 122.8, 5.177
[18:05:20] 636.9, 122.9, 5.175
[18:05:21] 636.9, 122.8, 5.180
[18:05:22] 636.9, 123.0, 5.171
[18:05:23] 636.9, 122.5, 7.134
[18:05:24] 722.7, 122.8, 5.175
[18:05:25] 637.1, 123.0, 5.171
[18:05:26] 637.1, 122.9, 5.171
[18:05:27] 636.9, 123.0, 5.170
[18:05:28] 636.9, 122.4, 7.219
[18:05:29] 764.8, 122.9, 5.177
[18:05:30] 637.3, 122.9, 5.175
[18:05:31] 637.1, 123.0, 5.173
[18:05:32] 637.1, 122.8, 5.175
[18:05:33] 637.0, 122.4, 7.143
[18:05:34] 792.6, 122.8, 5.180
[18:05:35] 640.8, 122.9, 5.176
[18:05:36] 640.3, 122.9, 5.178
[18:05:37] 639.9, 122.8, 5.175
[18:05:38] 639.5, 122.8, 5.172
[18:05:39] 757.1, 122.9, 5.236
[18:05:40] 693.0, 122.8, 5.180
[18:05:41] 636.9, 122.8, 5.184
[18:05:42] 636.9, 122.9, 5.175
[18:05:43] 636.8, 122.9, 5.174
[18:05:44] 636.7, 122.3, 7.884
[18:05:45] 940.6, 122.9, 5.188
[18:05:46] 645.3, 122.9, 5.176
[18:05:47] 636.5, 122.8, 5.181
[18:05:48] 636.5, 122.8, 5.177
[18:05:49] 636.5, 122.9, 5.177
[18:05:50] 698.1, 122.1, 7.898
[18:05:51] 966.4, 122.2, 7.370
[18:05:52] 827.0, 122.8, 5.190
[18:05:53] 639.2, 122.9, 5.183
[18:05:54] 638.9, 122.8, 5.176
[18:05:55] 638.7, 122.8, 5.179
[18:05:56] 638.6, 122.1, 7.530
[18:05:57] 842.6, 122.1, 7.928
[18:05:58] 968.9, 122.0, 7.937
[18:05:59] 969.1, 122.2, 7.753
[18:06:00] 890.0, 122.8, 5.201
[18:06:01] 639.4, 122.8, 5.192
[18:06:02] 639.2, 122.8, 5.188
[18:06:03] 639.0, 122.8, 5.184
[18:06:04] 638.8, 122.3, 6.032
[18:06:05] 803.0, 122.0, 7.933
[18:06:06] 969.7, 121.9, 7.944
[18:06:07] 969.8, 122.1, 7.954
[18:06:08] 970.2, 122.2, 7.960
[18:06:09] 970.6, 122.2, 7.956
[18:06:10] 971.0, 122.2, 7.960
[18:06:11] 952.4, 122.9, 5.227
[18:06:12] 653.0, 122.8, 5.202
[18:06:13] 639.8, 122.8, 5.196
[18:06:14] 639.7, 122.9, 5.190
[18:06:15] 639.5, 122.9, 5.185
[18:06:16] 725.2, 122.2, 7.918
[18:06:17] 969.9, 122.3, 7.928
[18:06:18] 970.0, 122.2, 7.940
[18:06:19] 970.3, 122.1, 7.949
[18:06:20] 970.7, 122.2, 7.956
[18:06:21] 971.1, 122.1, 7.963
[18:06:22] 971.5, 122.1, 7.977
[18:06:23] 972.0, 122.0, 7.983
[18:06:24] 972.5, 122.1, 7.983
[18:06:25] 972.9, 122.0, 7.981
[18:06:26] 973.2, 122.1, 7.981
[18:06:27] 973.5, 121.9, 7.989
[18:06:28] 973.9, 122.8, 5.305
[18:06:29] 713.8, 122.7, 5.222
[18:06:30] 642.0, 122.7, 5.210
[18:06:31] 641.7, 122.8, 5.207
[18:06:32] 641.5, 122.8, 5.200
