<<<[09:18:55] 650.2, 123.4, 5.216
[09:18:56] 644.7, 123.5, 5.212
[09:18:57] 644.7, 123.3, 5.396
[09:18:58] 660.7, 123.4, 5.372
[09:18:59] 668.4, 123.3, 5.407
[09:19:00] 668.2, 123.3, 5.351
[09:19:01] 662.4, 123.3, 5.346
[09:19:02] 662.4, 123.4, 5.357
[09:19:03] 662.3, 123.3, 5.353
[09:19:04] 662.6, 123.4, 5.340
[09:19:05] 662.4, 123.4, 5.341
[09:19:06] 662.4, 123.5, 5.338
[09:19:07] 662.8, 123.4, 5.381
[09:19:08] 663.3, 123.5, 5.249
[09:19:09] 649.7, 123.5, 5.211
[09:19:10] 644.1, 123.4, 5.210
[09:19:11] 644.0, 123.5, 5.208
[09:19:12] 644.0, 123.5, 5.203
[09:19:13] 644.0, 123.2, 6.733
[09:19:14] 743.7, 123.5, 5.206
[09:19:15] 643.6, 123.5, 5.204
[09:19:16] 643.6, 123.5, 5.201
[09:19:17] 643.6, 123.4, 5.201
[09:19:18] 643.5, 123.2, 6.769
[09:19:19] 735.7, 123.5, 5.225
[09:19:20] 645.1, 123.5, 5.234
[09:19:21] 645.2, 123.4, 5.228
[09:19:22] 645.1, 123.5, 5.224
[09:19:23] 645.1, 123.2, 6.826
[09:19:24] 729.2, 123.5, 5.208
[09:19:25] 643.6, 123.5, 5.203
[09:19:26] 643.5, 123.4, 5.206
[09:19:27] 643.4, 123.4, 5.202
[09:19:28] 643.4, 122.8, 7.351
[09:19:29] 764.6, 123.4, 5.207
[09:19:30] 643.4, 123.5, 5.206
[09:19:31] 643.3, 123.5, 5.205
[09:19:32] 643.3, 123.4, 5.208
[09:19:33] 643.3, 122.9, 7.180
[09:19:34] 809.7, 123.5, 5.215
[09:19:35] 670.3, 123.5, 5.203
[09:19:36] 643.2, 123.5, 5.199
[09:19:37] 643.2, 123.6, 5.194
[09:19:38] 643.1, 123.6, 5.199
[09:19:39] 725.6, 122.9, 7.344
[09:19:40] 851.2, 123.4, 5.204
[09:19:41] 643.6, 123.5, 5.201
[09:19:42] 643.5, 123.5, 5.200
[09:19:43] 643.4, 123.5, 5.201
[09:19:44] 643.3, 122.9, 7.474
[09:19:45] 844.7, 122.8, 7.932
[09:19:46] 926.2, 123.5, 5.212
[09:19:47] 644.1, 123.4, 5.205
[09:19:48] 644.0, 123.4, 5.205
[09:19:49] 643.9, 123.4, 5.204
[09:19:50] 643.9, 123.4, 5.204
[09:19:51] 753.2, 122.7, 7.926
[09:19:52] 975.0, 122.7, 7.939
[09:19:53] 975.1, 123.1, 7.112
[09:19:54] 792.4, 123.4, 5.216
[09:19:55] 644.9, 123.5, 5.209
[09:19:56] 644.8, 123.5, 5.205
[09:19:57] 644.6, 123.4, 5.204
[09:19:58] 644.5, 122.8, 7.874
[09:19:59] 902.0, 122.8, 7.920
[09:20:00] 975.8, 122.8, 7.940
[09:20:01] 976.0, 122.8, 7.951
[09:20:02] 976.3, 122.8, 7.961
[09:20:03] 976.7, 123.1, 7.194
[09:20:04] 803.0, 123.6, 5.215
[09:20:05] 645.3, 123.6, 5.210
[09:20:06] 645.2, 123.5, 5.211
[09:20:07] 645.0, 123.5, 5.205
[09:20:08] 644.9, 122.8, 7.763
[09:20:09] 869.1, 122.7, 7.935
[09:20:10] 976.4, 122.7, 7.952
[09:20:11] 976.5, 122.7, 7.961
[09:20:12] 976.9, 122.6, 7.972
[09:20:13] 977.3, 122.7, 7.996
[09:20:14] 982.7, 122.7, 7.996
[09:20:15] 982.7, 122.8, 8.003
[09:20:16] 982.8, 122.8, 7.991
[09:20:17] 982.9, 122.8, 8.005
[09:20:18] 983.0, 123.0, 7.851
[09:20:19] 825.4, 123.5, 5.251
[09:20:20] 649.3, 123.4, 5.255
[09:20:21] 649.1, 123.5, 5.231
[09:20:22] 648.9, 123.4, 5.238
