<<<[00:09:58] 638.4, 124.5, 5.102
[00:09:59] 638.0, 124.5, 5.103
[00:10:00] 637.7, 124.5, 5.102
[00:10:01] 637.9, 124.5, 5.116
[00:10:02] 637.7, 124.5, 5.106
[00:10:03] 637.4, 124.6, 5.097
[00:10:04] 637.2, 124.6, 5.100
[00:10:05] 636.9, 124.6, 5.106
<<<[00:31:08] 649.0, 124.8, 5.124
[00:31:09] 639.2, 124.7, 5.122
[00:31:10] 639.1, 124.7, 5.122
[00:31:11] 639.4, 124.6, 5.123
[00:31:12] 639.3, 124.7, 5.123
[00:31:13] 639.2, 124.8, 5.117
[00:31:14] 639.2, 124.7, 5.121
[00:31:15] 639.0, 124.7, 5.116
