<<<[03:17:03] 645.1, 125.2, 5.154
[03:17:04] 645.1, 125.2, 5.146
[03:17:05] 645.6, 125.1, 5.296
[03:17:06] 657.7, 125.2, 5.147
[03:17:07] 644.1, 125.3, 5.142
[03:17:08] 644.1, 125.2, 5.144
[03:17:09] 644.1, 125.2, 5.144
[03:17:10] 644.1, 125.1, 5.144
[03:17:11] 710.7, 125.1, 5.175
[03:17:12] 671.5, 125.1, 5.140
[03:17:13] 643.7, 125.2, 5.140
[03:17:14] 643.7, 125.2, 5.138
[03:17:15] 643.6, 125.2, 5.139
[03:17:16] 703.4, 125.2, 5.146
[03:17:17] 670.9, 125.2, 5.137
[03:17:18] 643.4, 125.1, 5.136
[03:17:19] 643.3, 125.1, 5.136
[03:17:20] 643.3, 125.2, 5.135
[03:17:21] 701.2, 125.2, 5.150
[03:17:22] 673.1, 125.2, 5.135
[03:17:23] 642.6, 125.2, 5.136
[03:17:24] 642.6, 125.2, 5.133
[03:17:25] 642.6, 125.2, 5.140
[03:17:26] 699.3, 125.1, 5.152
[03:17:27] 674.1, 125.1, 5.138
[03:17:28] 642.8, 125.1, 5.134
[03:17:29] 642.7, 125.1, 5.132
[03:17:30] 642.7, 125.2, 5.133
[03:17:31] 696.3, 125.2, 5.160
[03:17:32] 677.2, 125.1, 5.145
[03:17:33] 643.4, 125.2, 5.139
[03:17:34] 643.4, 125.1, 5.138
[03:17:35] 643.3, 125.1, 5.140
[03:17:36] 695.1, 125.1, 5.151
[03:17:37] 677.6, 125.2, 5.132
[03:17:38] 643.2, 125.2, 5.133
[03:17:39] 643.0, 125.2, 5.138
[03:17:40] 643.0, 125.1, 5.133
[03:17:41] 691.8, 125.1, 5.164
[03:17:42] 680.6, 125.1, 5.135
[03:17:43] 642.6, 125.2, 5.139
[03:17:44] 642.6, 125.2, 5.137
[03:17:45] 642.7, 125.1, 5.136
[03:17:46] 688.6, 125.1, 5.157
[03:17:47] 680.2, 125.2, 5.139
[03:17:48] 643.4, 125.1, 5.136
[03:17:49] 643.3, 125.1, 5.134
[03:17:50] 643.3, 125.2, 5.134
[03:17:51] 683.7, 125.1, 5.161
[03:17:52] 683.5, 125.1, 5.135
[03:17:53] 643.2, 125.2, 5.134
[03:17:54] 643.2, 125.1, 5.134
[03:17:55] 643.1, 125.1, 5.137
[03:17:56] 677.0, 125.2, 5.158
[03:17:57] 683.7, 125.2, 5.134
[03:17:58] 643.2, 125.1, 5.131
[03:17:59] 643.1, 125.2, 5.133
[03:18:00] 643.0, 125.2, 5.135
[03:18:01] 652.4, 125.1, 5.517
[03:18:02] 745.9, 125.2, 5.133
[03:18:03] 642.6, 125.2, 5.135
[03:18:04] 642.6, 125.3, 5.131
[03:18:05] 642.6, 125.2, 5.134
[03:18:06] 642.7, 124.7, 7.318
[03:18:07] 830.5, 125.2, 5.142
[03:18:08] 643.7, 125.2, 5.141
[03:18:09] 643.6, 125.2, 5.136
[03:18:10] 643.6, 125.2, 5.132
[03:18:11] 643.4, 124.6, 7.146
[03:18:12] 835.9, 125.1, 5.608
[03:18:13] 740.8, 125.2, 5.141
[03:18:14] 644.1, 125.2, 5.137
[03:18:15] 643.9, 125.2, 5.139
[03:18:16] 643.8, 125.2, 5.135
[03:18:17] 643.6, 124.5, 7.850
[03:18:18] 971.7, 124.6, 7.163
[03:18:19] 809.5, 125.1, 5.148
[03:18:20] 644.5, 125.2, 5.142
[03:18:21] 644.4, 125.1, 5.141
[03:18:22] 644.4, 125.2, 5.132
[03:18:23] 644.1, 124.5, 7.814
[03:18:24] 910.3, 124.4, 7.870
[03:18:25] 980.7, 124.5, 7.878
[03:18:26] 895.1, 125.1, 5.155
[03:18:27] 644.9, 125.1, 5.149
[03:18:28] 644.8, 125.2, 5.146
[03:18:29] 644.7, 125.2, 5.140
[03:18:30] 644.6, 125.2, 5.135
[03:18:31] 788.8, 124.5, 7.863
[03:18:32] 980.3, 124.5, 7.882
[03:18:33] 980.5, 124.6, 7.889
[03:18:34] 980.8, 124.6, 7.898
[03:18:35] 981.3, 124.7, 7.224
[03:18:36] 824.8, 125.2, 5.168
[03:18:37] 646.7, 125.2, 5.160
[03:18:38] 646.6, 125.2, 5.154
[03:18:39] 646.3, 125.2, 5.152
[03:18:40] 646.1, 124.5, 7.777
[03:18:41] 889.4, 124.4, 7.885
[03:18:42] 982.5, 124.4, 7.899
[03:18:43] 982.6, 124.4, 7.905
[03:18:44] 983.0, 124.5, 7.917
[03:18:45] 983.4, 124.5, 7.908
[03:18:46] 983.7, 124.4, 7.923
[03:18:47] 984.1, 124.4, 7.932
[03:18:48] 984.7, 124.5, 7.930
[03:18:49] 985.1, 124.6, 7.927
[03:18:50] 958.9, 125.1, 5.184
[03:18:51] 656.0, 125.2, 5.168
[03:18:52] 646.7, 125.2, 5.162
[03:18:53] 646.6, 125.1, 5.156
[03:18:54] 646.4, 125.1, 5.148
[03:18:55] 754.0, 124.5, 7.875
[03:18:56] 982.3, 124.4, 7.899
[03:18:57] 982.5, 124.4, 7.913
[03:18:58] 982.9, 124.5, 7.915
[03:18:59] 983.5, 124.4, 7.926
[03:19:00] 984.0, 124.5, 7.923
[03:19:01] 984.5, 124.6, 7.926
[03:19:02] 984.9, 124.5, 7.932
[03:19:03] 985.4, 124.5, 7.936
[03:19:04] 985.9, 124.5, 7.939
[03:19:05] 986.3, 124.5, 7.928
[03:19:06] 986.7, 124.6, 7.942
[03:19:07] 987.1, 124.5, 7.944
[03:19:08] 987.5, 124.5, 7.946
[03:19:09] 987.9, 124.5, 7.945
[03:19:10] 988.2, 124.5, 7.950
[03:19:11] 988.5, 124.4, 7.954
[03:19:12] 988.9, 124.4, 7.956
[03:19:13] 989.1, 124.9, 6.956
[03:19:14] 813.0, 125.2, 5.189
[03:19:15] 649.1, 125.0, 5.189
[03:19:16] 649.0, 125.1, 5.173
[03:19:17] 648.8, 125.2, 5.167
