<<<[03:08:43] 646.6, 125.1, 5.160
[03:08:44] 646.4, 125.1, 5.159
[03:08:45] 646.1, 125.1, 5.378
[03:08:46] 665.8, 125.1, 5.332
[03:08:47] 665.9, 125.1, 5.345
[03:08:48] 665.9, 125.2, 5.315
[03:08:49] 666.1, 125.2, 5.387
[03:08:50] 666.7, 125.1, 5.377
[03:08:51] 667.0, 125.1, 5.319
[03:08:52] 667.1, 125.1, 5.345
[03:08:53] 667.3, 125.1, 5.410
[03:08:54] 667.7, 125.0, 5.353
[03:08:55] 667.9, 125.0, 5.331
[03:08:56] 667.9, 125.0, 5.336
[03:08:57] 667.8, 125.0, 5.334
[03:08:58] 667.8, 125.0, 5.395
[03:08:59] 667.8, 125.1, 5.329
[03:09:00] 667.7, 125.1, 5.332
[03:09:01] 668.1, 125.1, 5.315
[03:09:02] 668.1, 125.0, 5.359
[03:09:03] 667.7, 125.0, 5.425
[03:09:04] 676.8, 125.1, 5.324
[03:09:05] 666.0, 125.2, 5.307
[03:09:06] 666.1, 125.1, 5.305
[03:09:07] 665.9, 125.1, 5.417
[03:09:08] 666.4, 125.1, 5.304
[03:09:09] 666.2, 125.1, 5.412
[03:09:10] 666.3, 125.1, 5.316
[03:09:11] 666.1, 125.1, 5.436
[03:09:12] 677.4, 125.1, 5.436
[03:09:13] 677.0, 125.1, 5.350
[03:09:14] 662.4, 125.1, 5.155
[03:09:15] 644.1, 125.1, 5.158
[03:09:16] 644.1, 125.1, 5.156
[03:09:17] 644.1, 125.2, 5.143
[03:09:18] 644.0, 125.1, 5.151
[03:09:19] 704.2, 125.2, 5.174
[03:09:20] 681.5, 125.2, 5.149
[03:09:21] 643.6, 125.1, 5.148
[03:09:22] 643.6, 125.1, 5.147
[03:09:23] 643.5, 125.1, 5.143
[03:09:24] 697.7, 125.1, 5.166
[03:09:25] 682.1, 125.1, 5.149
[03:09:26] 643.7, 125.2, 5.143
[03:09:27] 643.6, 125.1, 5.145
[03:09:28] 643.6, 125.2, 5.141
[03:09:29] 691.6, 125.1, 5.169
[03:09:30] 683.9, 125.1, 5.145
[03:09:31] 643.4, 125.1, 5.146
[03:09:32] 643.4, 125.1, 5.140
[03:09:33] 643.3, 125.2, 5.136
[03:09:34] 680.0, 125.1, 5.520
[03:09:35] 735.9, 125.2, 5.144
[03:09:36] 643.4, 125.1, 5.143
[03:09:37] 643.4, 125.1, 5.144
[03:09:38] 643.3, 125.1, 5.141
[03:09:39] 643.3, 124.6, 7.148
[03:09:40] 806.3, 125.1, 5.144
[03:09:41] 643.4, 125.1, 5.144
[03:09:42] 643.4, 125.1, 5.142
[03:09:43] 643.4, 125.1, 5.146
[03:09:44] 643.4, 124.5, 7.925
[03:09:45] 872.7, 125.2, 5.151
[03:09:46] 643.6, 125.2, 5.145
[03:09:47] 643.6, 125.2, 5.140
[03:09:48] 643.5, 125.2, 5.142
[03:09:49] 643.5, 125.1, 5.140
[03:09:50] 736.7, 124.4, 8.005
[03:09:51] 960.5, 125.1, 5.152
[03:09:52] 644.7, 125.1, 5.144
[03:09:53] 644.5, 125.2, 5.144
[03:09:54] 644.4, 125.1, 5.141
[03:09:55] 644.3, 125.1, 5.146
[03:09:56] 758.7, 124.5, 8.007
[03:09:57] 997.5, 124.4, 8.017
[03:09:58] 902.4, 125.0, 5.154
[03:09:59] 644.9, 125.1, 5.148
[03:10:00] 644.8, 125.1, 5.142
[03:10:01] 644.6, 125.0, 5.147
[03:10:02] 644.5, 125.1, 5.148
[03:10:03] 805.0, 124.3, 8.021
[03:10:04] 998.5, 124.4, 8.034
[03:10:05] 998.6, 124.3, 8.039
[03:10:06] 998.9, 124.5, 7.204
[03:10:07] 829.0, 125.0, 5.160
[03:10:08] 645.3, 125.0, 5.151
[03:10:09] 645.1, 125.1, 5.146
[03:10:10] 645.0, 125.1, 5.142
[03:10:11] 644.8, 124.5, 7.917
[03:10:12] 901.2, 124.4, 8.027
[03:10:13] 999.8, 124.4, 8.050
[03:10:14] 1000.0, 124.4, 8.052
[03:10:15] 1000.4, 124.3, 8.056
[03:10:16] 1000.7, 124.4, 8.060
[03:10:17] 1001.0, 124.4, 8.063
[03:10:18] 1001.5, 124.4, 8.066
[03:10:19] 973.5, 125.2, 5.178
[03:10:20] 656.2, 125.1, 5.160
[03:10:21] 646.1, 125.1, 5.154
[03:10:22] 645.9, 125.2, 5.152
[03:10:23] 645.7, 125.2, 5.147
[03:10:24] 743.7, 124.3, 8.026
[03:10:25] 999.2, 124.4, 8.035
[03:10:26] 999.3, 124.4, 8.042
[03:10:27] 999.6, 124.5, 8.045
[03:10:28] 999.9, 124.5, 8.045
[03:10:29] 1000.2, 124.4, 8.053
[03:10:30] 1000.5, 124.4, 8.058
[03:10:31] 1000.8, 124.4, 8.063
[03:10:32] 1001.2, 124.4, 8.063
[03:10:33] 1001.5, 124.5, 8.054
[03:10:34] 1001.9, 124.5, 8.056
[03:10:35] 1002.1, 124.5, 8.063
[03:10:36] 1002.3, 124.4, 8.063
[03:10:37] 1002.5, 124.5, 8.070
[03:10:38] 1002.8, 124.4, 8.066
[03:10:39] 919.5, 125.1, 5.172
[03:10:40] 647.7, 125.1, 5.165
[03:10:41] 647.5, 125.1, 5.160
[03:10:42] 647.3, 125.1, 5.157
