<<<[01:11:50] 640.6, 124.9, 5.102
[01:11:51] 640.1, 124.9, 5.102
[01:11:52] 639.8, 124.9, 5.101
[01:11:53] 646.5, 124.8, 5.287
[01:11:54] 665.0, 124.9, 5.263
[01:11:55] 664.4, 124.8, 5.304
[01:11:56] 664.2, 124.8, 5.333
[01:11:57] 664.1, 124.9, 5.277
[01:11:58] 664.0, 124.8, 5.286
[01:11:59] 663.7, 124.8, 5.326
[01:12:00] 663.5, 124.8, 5.295
[01:12:01] 663.3, 124.8, 5.281
[01:12:02] 663.1, 124.8, 5.311
[01:12:03] 663.0, 124.8, 5.322
[01:12:04] 662.9, 124.9, 5.268
[01:12:05] 662.8, 124.8, 5.274
[01:12:06] 662.7, 124.9, 5.294
[01:12:07] 662.5, 124.9, 5.329
[01:12:08] 662.4, 124.8, 5.318
[01:12:09] 662.0, 124.9, 5.381
[01:12:10] 662.0, 124.8, 5.318
[01:12:11] 661.6, 124.8, 5.337
[01:12:12] 667.2, 124.9, 5.279
[01:12:13] 660.1, 124.8, 5.276
[01:12:14] 660.1, 124.9, 5.286
[01:12:15] 660.0, 124.9, 5.294
[01:12:16] 659.9, 124.8, 5.386
[01:12:17] 674.1, 124.8, 5.266
[01:12:18] 659.3, 124.8, 5.259
[01:12:19] 659.2, 124.9, 5.374
[01:12:20] 659.4, 124.8, 5.256
[01:12:21] 659.3, 124.8, 5.259
[01:12:22] 659.5, 124.9, 5.272
[01:12:23] 660.0, 124.8, 5.318
[01:12:24] 659.8, 124.9, 5.308
[01:12:25] 659.9, 124.8, 5.258
[01:12:26] 659.8, 124.9, 5.261
[01:12:27] 659.9, 124.8, 5.378
[01:12:28] 673.7, 124.9, 5.215
[01:12:29] 656.5, 125.0, 5.103
[01:12:30] 640.0, 124.9, 5.099
[01:12:31] 639.6, 125.0, 5.099
[01:12:32] 639.3, 124.8, 5.100
[01:12:33] 639.0, 124.5, 6.642
[01:12:34] 735.1, 125.0, 5.097
[01:12:35] 636.7, 124.9, 5.095
[01:12:36] 636.7, 124.9, 5.092
[01:12:37] 636.7, 125.0, 5.093
[01:12:38] 636.7, 124.4, 6.519
[01:12:39] 729.6, 124.9, 5.098
[01:12:40] 636.9, 125.0, 5.094
[01:12:41] 636.9, 124.9, 5.095
[01:12:42] 636.9, 124.9, 5.094
[01:12:43] 636.8, 124.6, 6.140
[01:12:44] 725.0, 124.9, 5.097
[01:12:45] 636.9, 125.0, 5.096
[01:12:46] 636.9, 125.0, 5.094
[01:12:47] 637.0, 124.9, 5.095
[01:12:48] 637.0, 124.9, 5.094
[01:12:49] 757.7, 124.9, 5.101
[01:12:50] 645.1, 124.9, 5.096
[01:12:51] 636.3, 125.0, 5.097
[01:12:52] 636.3, 124.9, 5.092
[01:12:53] 636.3, 125.0, 5.092
[01:12:54] 739.0, 124.9, 5.163
[01:12:55] 694.9, 125.0, 5.097
[01:12:56] 637.1, 124.9, 5.096
[01:12:57] 637.0, 124.8, 5.098
[01:12:58] 637.0, 124.9, 5.097
[01:12:59] 653.4, 124.3, 7.481
[01:13:00] 892.9, 124.9, 5.103
[01:13:01] 637.5, 124.9, 5.097
[01:13:02] 637.4, 124.9, 5.098
[01:13:03] 637.3, 124.9, 5.102
[01:13:04] 637.3, 124.3, 6.803
[01:13:05] 828.6, 124.4, 7.546
[01:13:06] 896.5, 124.8, 5.107
[01:13:07] 637.5, 125.0, 5.101
[01:13:08] 637.4, 125.0, 5.098
[01:13:09] 637.4, 124.9, 5.098
[01:13:10] 637.4, 124.5, 6.634
[01:13:11] 824.4, 124.3, 7.971
[01:13:12] 991.8, 124.3, 7.618
[01:13:13] 901.4, 124.9, 5.112
[01:13:14] 639.2, 124.9, 5.106
[01:13:15] 638.9, 124.8, 5.103
[01:13:16] 638.8, 124.8, 5.101
[01:13:17] 638.6, 124.5, 6.444
[01:13:18] 821.5, 124.1, 7.982
[01:13:19] 992.0, 124.1, 7.995
[01:13:20] 992.1, 124.2, 8.004
[01:13:21] 992.5, 124.2, 7.722
[01:13:22] 907.3, 124.9, 5.115
[01:13:23] 638.6, 124.9, 5.108
[01:13:24] 638.5, 124.9, 5.104
[01:13:25] 638.4, 125.0, 5.101
[01:13:26] 638.4, 124.5, 6.143
[01:13:27] 816.4, 124.1, 7.986
[01:13:28] 992.7, 124.2, 8.000
[01:13:29] 992.9, 124.2, 8.010
[01:13:30] 993.2, 124.1, 8.015
[01:13:31] 993.6, 124.1, 8.017
[01:13:32] 994.0, 124.3, 8.021
[01:13:33] 994.4, 124.1, 8.033
[01:13:34] 994.8, 124.3, 7.885
[01:13:35] 914.8, 124.9, 5.128
[01:13:36] 640.8, 124.8, 5.117
[01:13:37] 640.5, 124.9, 5.111
[01:13:38] 640.3, 124.9, 5.109
[01:13:39] 640.0, 124.6, 5.538
[01:13:40] 810.1, 124.1, 7.995
[01:13:41] 993.5, 124.2, 8.006
[01:13:42] 993.7, 124.1, 8.015
[01:13:43] 994.0, 124.2, 8.021
[01:13:44] 994.4, 124.2, 8.027
[01:13:45] 994.9, 124.1, 8.028
[01:13:46] 995.2, 124.1, 8.035
[01:13:47] 995.7, 124.2, 8.035
[01:13:48] 996.0, 124.1, 8.031
[01:13:49] 996.4, 124.1, 8.038
[01:13:50] 996.7, 124.2, 8.042
[01:13:51] 997.0, 124.1, 8.037
[01:13:52] 997.3, 124.2, 8.043
[01:13:53] 997.6, 124.2, 8.045
[01:13:54] 997.9, 124.1, 8.045
[01:13:55] 998.1, 124.1, 8.047
[01:13:56] 841.8, 124.8, 5.137
[01:13:57] 642.6, 124.9, 5.128
[01:13:58] 642.4, 124.8, 5.123
[01:13:59] 642.1, 124.9, 5.118
