<<<[11:12:44] 641.6, 122.7, 5.200
[11:12:45] 641.3, 122.7, 5.210
[11:12:46] 641.0, 122.7, 5.282
[11:12:47] 652.2, 122.8, 5.361
[11:12:48] 660.1, 122.7, 5.334
[11:12:49] 654.0, 122.7, 5.233
[11:12:50] 644.3, 122.8, 5.208
[11:12:51] 643.8, 122.7, 5.221
[11:12:52] 643.4, 122.6, 5.221
[11:12:53] 643.1, 122.3, 6.669
[11:12:54] 734.3, 122.6, 5.207
[11:12:55] 639.6, 122.7, 5.206
[11:12:56] 639.5, 122.6, 5.203
[11:12:57] 639.4, 122.5, 5.207
[11:12:58] 639.4, 122.2, 6.543
[11:12:59] 729.4, 122.6, 5.206
[11:13:00] 639.4, 122.6, 5.205
[11:13:01] 639.3, 122.6, 5.206
[11:13:02] 639.1, 122.6, 5.208
[11:13:03] 639.2, 122.2, 6.483
[11:13:04] 729.4, 122.6, 5.211
[11:13:05] 639.6, 122.6, 5.210
[11:13:06] 639.5, 122.7, 5.201
[11:13:07] 639.4, 122.7, 5.203
[11:13:08] 639.4, 122.2, 6.416
[11:13:09] 729.0, 122.7, 5.205
[11:13:10] 639.0, 122.6, 5.203
[11:13:11] 638.9, 122.5, 5.204
[11:13:12] 638.9, 122.7, 5.204
[11:13:13] 638.9, 122.2, 6.345
[11:13:14] 728.2, 122.7, 5.206
[11:13:15] 639.2, 122.5, 5.208
[11:13:16] 639.1, 122.6, 5.218
[11:13:17] 639.2, 122.7, 5.209
[11:13:18] 639.1, 122.2, 6.256
[11:13:19] 727.4, 122.6, 5.209
[11:13:20] 639.0, 122.5, 5.209
[11:13:21] 639.0, 122.6, 5.201
[11:13:22] 638.9, 122.6, 5.203
[11:13:23] 638.9, 122.3, 6.141
[11:13:24] 726.2, 122.7, 5.205
[11:13:25] 638.8, 122.6, 5.207
[11:13:26] 638.7, 122.7, 5.203
[11:13:27] 638.8, 122.6, 5.200
[11:13:28] 638.7, 122.3, 5.934
[11:13:29] 723.5, 122.5, 5.204
[11:13:30] 639.0, 122.7, 5.202
[11:13:31] 638.9, 122.7, 5.202
[11:13:32] 638.9, 122.6, 5.200
[11:13:33] 638.8, 122.7, 5.271
[11:13:34] 719.7, 122.7, 5.200
[11:13:35] 638.8, 122.7, 5.204
[11:13:36] 638.8, 122.7, 5.199
[11:13:37] 638.7, 122.6, 5.198
[11:13:38] 638.7, 122.7, 5.200
[11:13:39] 748.3, 122.6, 5.208
[11:13:40] 651.6, 122.7, 5.204
[11:13:41] 638.8, 122.7, 5.199
[11:13:42] 638.7, 122.6, 5.201
[11:13:43] 638.6, 122.7, 5.199
[11:13:44] 731.5, 122.6, 5.289
[11:13:45] 702.0, 122.7, 5.204
[11:13:46] 638.8, 122.7, 5.198
[11:13:47] 638.7, 122.6, 5.199
[11:13:48] 638.7, 122.7, 5.196
[11:13:49] 673.3, 122.1, 7.276
[11:13:50] 828.4, 122.7, 5.206
[11:13:51] 639.4, 122.7, 5.199
[11:13:52] 639.3, 122.8, 5.198
[11:13:53] 639.2, 122.7, 5.199
[11:13:54] 639.1, 122.0, 7.874
[11:13:55] 880.4, 122.5, 6.495
[11:13:56] 771.3, 122.6, 5.261
[11:13:57] 646.1, 122.7, 5.257
[11:13:58] 646.0, 122.7, 5.253
[11:13:59] 645.9, 122.6, 5.252
[11:14:00] 645.7, 121.9, 8.041
[11:14:01] 954.2, 122.1, 8.070
[11:14:02] 924.4, 122.8, 5.268
[11:14:03] 646.9, 122.8, 5.256
[11:14:04] 646.7, 122.7, 5.253
[11:14:05] 646.6, 122.7, 5.261
[11:14:06] 646.4, 122.7, 5.251
[11:14:07] 757.9, 121.9, 8.067
[11:14:08] 985.9, 122.0, 8.088
[11:14:09] 986.1, 121.9, 8.099
[11:14:10] 972.1, 122.6, 5.292
[11:14:11] 670.1, 122.7, 5.275
[11:14:12] 647.5, 122.7, 5.269
[11:14:13] 647.4, 122.7, 5.264
[11:14:14] 647.2, 122.6, 5.262
[11:14:15] 707.9, 121.9, 8.053
[11:14:16] 986.1, 122.0, 8.095
[11:14:17] 986.4, 122.0, 8.107
[11:14:18] 986.9, 121.8, 8.123
[11:14:19] 987.5, 121.9, 8.132
[11:14:20] 992.9, 121.9, 8.137
[11:14:21] 993.0, 122.4, 6.887
[11:14:22] 784.5, 122.7, 5.286
[11:14:23] 649.1, 122.6, 5.279
[11:14:24] 649.0, 122.7, 5.272
[11:14:25] 648.7, 122.7, 5.270
[11:14:26] 648.5, 121.9, 8.068
[11:14:27] 951.0, 122.0, 8.098
[11:14:28] 989.6, 122.1, 8.106
[11:14:29] 989.7, 122.0, 8.113
[11:14:30] 990.0, 122.0, 8.122
[11:14:31] 990.3, 122.1, 8.118
[11:14:32] 990.6, 122.0, 8.118
[11:14:33] 990.8, 122.0, 8.129
[11:14:34] 991.2, 122.1, 8.123
[11:14:35] 991.5, 122.0, 8.115
[11:14:36] 991.8, 122.0, 8.135
[11:14:37] 992.2, 122.1, 8.142
[11:14:38] 992.5, 122.1, 8.143
[11:14:39] 886.6, 122.7, 5.296
[11:14:40] 650.6, 122.7, 5.283
[11:14:41] 650.4, 122.8, 5.275
[11:14:42] 650.1, 122.7, 5.277
