<<<[20:33:37] 649.3, 123.0, 5.296
[20:33:38] 649.5, 123.0, 5.187
[20:33:39] 638.4, 123.1, 5.184
[20:33:40] 638.6, 123.0, 5.313
[20:33:41] 653.4, 123.0, 5.192
[20:33:42] 638.8, 123.0, 5.187
[20:33:43] 638.7, 123.0, 5.188
[20:33:44] 638.6, 123.0, 5.189
[20:33:45] 638.6, 123.0, 5.190
[20:33:46] 657.7, 122.9, 5.351
[20:33:47] 713.2, 123.0, 5.183
[20:33:48] 637.3, 122.9, 5.180
[20:33:49] 637.2, 122.9, 5.185
[20:33:50] 637.3, 123.0, 5.178
[20:33:51] 653.4, 122.9, 5.363
[20:33:52] 714.6, 123.0, 5.181
[20:33:53] 637.5, 122.9, 5.182
[20:33:54] 637.5, 122.9, 5.184
[20:33:55] 637.6, 123.0, 5.181
[20:33:56] 653.0, 122.8, 5.385
[20:33:57] 716.6, 123.0, 5.189
[20:33:58] 637.6, 122.9, 5.187
[20:33:59] 637.6, 123.0, 5.184
[20:34:00] 637.5, 122.9, 5.184
[20:34:01] 650.6, 122.9, 5.399
[20:34:02] 717.8, 122.8, 5.189
[20:34:03] 637.6, 122.9, 5.185
[20:34:04] 637.6, 122.9, 5.183
[20:34:05] 637.5, 122.8, 5.185
[20:34:06] 648.9, 122.9, 5.411
[20:34:07] 718.9, 122.9, 5.184
[20:34:08] 637.5, 122.9, 5.187
[20:34:09] 637.4, 122.9, 5.182
[20:34:10] 637.4, 123.0, 5.181
[20:34:11] 646.7, 122.9, 5.430
[20:34:12] 720.5, 123.0, 5.181
[20:34:13] 637.1, 122.9, 5.181
[20:34:14] 637.1, 122.9, 5.184
[20:34:15] 637.1, 123.1, 5.179
[20:34:16] 644.3, 122.9, 5.446
[20:34:17] 721.9, 123.0, 5.183
[20:34:18] 637.5, 123.0, 5.181
[20:34:19] 637.4, 123.0, 5.182
[20:34:20] 637.4, 122.9, 5.178
[20:34:21] 637.7, 123.0, 5.456
[20:34:22] 723.3, 123.0, 5.176
[20:34:23] 636.7, 123.0, 5.177
[20:34:24] 636.7, 123.0, 5.175
[20:34:25] 636.7, 123.0, 5.176
[20:34:26] 636.7, 122.9, 5.486
[20:34:27] 723.9, 123.0, 5.178
[20:34:28] 636.9, 122.9, 5.178
[20:34:29] 636.8, 123.0, 5.177
[20:34:30] 636.8, 122.9, 5.176
[20:34:31] 636.8, 123.0, 5.506
[20:34:32] 717.4, 122.9, 5.182
[20:34:33] 637.1, 123.0, 5.176
[20:34:34] 637.0, 123.0, 5.173
[20:34:35] 637.0, 123.0, 5.175
[20:34:36] 636.9, 122.4, 7.195
[20:34:37] 754.2, 122.9, 5.179
[20:34:38] 636.7, 123.0, 5.176
[20:34:39] 636.7, 122.9, 5.175
[20:34:40] 636.7, 123.0, 5.175
[20:34:41] 636.7, 122.3, 7.742
[20:34:42] 779.4, 123.0, 5.177
[20:34:43] 636.9, 123.0, 5.176
[20:34:44] 636.9, 122.9, 5.179
[20:34:45] 636.9, 123.0, 5.175
[20:34:46] 636.9, 123.0, 5.172
[20:34:47] 774.3, 123.0, 5.604
[20:34:48] 742.4, 123.1, 5.180
[20:34:49] 637.1, 123.0, 5.179
[20:34:50] 637.1, 123.0, 5.177
[20:34:51] 637.1, 123.1, 5.173
[20:34:52] 637.0, 122.4, 7.830
[20:34:53] 910.9, 122.5, 7.246
[20:34:54] 806.5, 123.0, 5.180
[20:34:55] 637.1, 123.0, 5.178
[20:34:56] 637.0, 122.9, 5.175
[20:34:57] 636.9, 123.0, 5.175
[20:34:58] 636.9, 122.3, 7.703
[20:34:59] 861.3, 122.3, 7.878
[20:35:00] 965.0, 122.4, 7.889
[20:35:01] 933.3, 122.9, 5.217
[20:35:02] 639.6, 123.0, 5.207
[20:35:03] 639.6, 122.9, 5.196
[20:35:04] 639.6, 122.9, 5.196
[20:35:05] 639.6, 122.9, 5.197
[20:35:06] 765.4, 122.2, 7.884
[20:35:07] 965.8, 122.3, 7.904
[20:35:08] 966.0, 122.2, 7.916
[20:35:09] 966.3, 122.3, 7.923
[20:35:10] 966.8, 122.8, 5.799
[20:35:11] 758.1, 122.8, 5.221
[20:35:12] 641.2, 122.9, 5.203
[20:35:13] 641.0, 123.0, 5.196
[20:35:14] 640.7, 122.9, 5.201
[20:35:15] 640.4, 122.3, 7.836
[20:35:16] 896.9, 122.2, 7.899
[20:35:17] 967.4, 122.3, 7.912
[20:35:18] 967.5, 122.2, 7.921
[20:35:19] 967.8, 122.3, 7.924
[20:35:20] 968.2, 122.2, 7.939
[20:35:21] 968.5, 122.2, 7.940
[20:35:22] 969.1, 122.2, 7.944
[20:35:23] 969.5, 122.2, 7.941
[20:35:24] 969.9, 122.4, 7.413
[20:35:25] 826.6, 122.9, 5.233
[20:35:26] 642.6, 123.0, 5.219
[20:35:27] 642.3, 122.9, 5.208
[20:35:28] 642.1, 123.0, 5.202
[20:35:29] 641.8, 122.3, 7.465
[20:35:30] 840.2, 122.3, 7.902
[20:35:31] 968.1, 122.2, 7.919
[20:35:32] 968.3, 122.3, 7.934
[20:35:33] 968.6, 122.2, 7.937
[20:35:34] 969.0, 122.3, 7.937
[20:35:35] 969.4, 122.2, 7.946
[20:35:36] 969.7, 122.3, 7.951
[20:35:37] 970.2, 122.2, 7.950
[20:35:38] 970.7, 122.3, 7.958
[20:35:39] 971.0, 122.2, 7.951
[20:35:40] 971.3, 122.3, 7.951
[20:35:41] 971.6, 122.2, 7.957
[20:35:42] 971.9, 122.2, 7.955
[20:35:43] 972.2, 122.3, 7.961
[20:35:44] 972.5, 122.2, 7.968
[20:35:45] 972.7, 122.3, 7.960
[20:35:46] 973.0, 122.2, 7.965
[20:35:47] 973.2, 122.2, 7.969
[20:35:48] 891.8, 122.9, 5.240
[20:35:49] 643.7, 122.9, 5.226
[20:35:50] 643.4, 122.9, 5.222
[20:35:51] 643.1, 122.9, 5.211
