<<<[06:17:13] 641.5, 124.0, 5.162
[06:17:14] 641.2, 124.0, 5.170
[06:17:15] 640.9, 123.9, 5.320
[06:17:16] 657.9, 124.0, 5.255
[06:17:17] 650.6, 124.0, 5.152
[06:17:18] 639.4, 124.0, 5.167
[06:17:19] 639.3, 124.0, 5.164
[06:17:20] 639.3, 124.0, 5.163
[06:17:21] 639.2, 123.5, 6.933
[06:17:22] 734.1, 123.9, 5.162
[06:17:23] 638.6, 124.0, 5.163
[06:17:24] 638.5, 123.9, 5.160
[06:17:25] 638.5, 123.9, 5.161
[06:17:26] 638.5, 123.5, 6.913
[06:17:27] 732.5, 124.0, 5.167
[06:17:28] 638.8, 123.9, 5.159
[06:17:29] 638.7, 123.9, 5.158
[06:17:30] 638.6, 124.0, 5.167
[06:17:31] 638.6, 123.6, 6.901
[06:17:32] 733.1, 124.0, 5.157
[06:17:33] 638.2, 124.0, 5.148
[06:17:34] 638.2, 124.0, 5.156
[06:17:35] 638.2, 124.1, 5.156
[06:17:36] 638.2, 123.6, 6.877
[06:17:37] 731.9, 123.9, 5.160
[06:17:38] 638.4, 124.0, 5.157
[06:17:39] 638.4, 124.1, 5.159
[06:17:40] 638.3, 124.1, 5.152
[06:17:41] 638.3, 123.6, 6.850
[06:17:42] 731.1, 124.0, 5.157
[06:17:43] 638.2, 124.0, 5.158
[06:17:44] 638.1, 124.0, 5.157
[06:17:45] 638.1, 124.0, 5.167
[06:17:46] 638.3, 123.6, 6.818
[06:17:47] 730.2, 124.1, 5.155
[06:17:48] 638.0, 124.0, 5.153
[06:17:49] 638.0, 124.1, 5.135
[06:17:50] 637.9, 124.0, 5.154
[06:17:51] 637.9, 123.6, 6.774
[06:17:52] 728.4, 124.1, 5.157
[06:17:53] 638.2, 124.1, 5.150
[06:17:54] 638.1, 124.0, 5.150
[06:17:55] 638.1, 124.1, 5.149
[06:17:56] 638.0, 123.7, 6.708
[06:17:57] 724.8, 124.0, 5.157
[06:17:58] 638.2, 124.0, 5.152
[06:17:59] 638.1, 123.9, 5.156
[06:18:00] 638.0, 123.9, 5.156
[06:18:01] 638.0, 123.6, 6.586
[06:18:02] 719.7, 124.0, 5.155
[06:18:03] 637.8, 124.0, 5.167
[06:18:04] 637.9, 124.1, 5.160
[06:18:05] 638.0, 124.1, 5.134
[06:18:06] 638.0, 123.9, 5.432
[06:18:07] 758.7, 124.1, 5.155
[06:18:08] 637.5, 124.1, 5.151
[06:18:09] 637.5, 124.1, 5.153
[06:18:10] 637.5, 124.1, 5.148
[06:18:11] 637.5, 124.0, 5.147
[06:18:12] 740.4, 124.1, 5.184
[06:18:13] 683.5, 123.9, 5.155
[06:18:14] 637.8, 124.1, 5.150
[06:18:15] 637.7, 124.0, 5.159
[06:18:16] 637.8, 124.0, 5.152
[06:18:17] 675.6, 123.4, 7.208
[06:18:18] 804.6, 124.0, 5.160
[06:18:19] 638.4, 123.9, 5.157
[06:18:20] 638.3, 124.0, 5.156
[06:18:21] 638.2, 123.9, 5.143
[06:18:22] 638.1, 123.4, 7.430
[06:18:23] 839.4, 123.5, 7.191
[06:18:24] 803.0, 123.9, 5.174
[06:18:25] 640.0, 124.0, 5.170
[06:18:26] 639.9, 123.9, 5.169
[06:18:27] 639.7, 123.9, 5.170
[06:18:28] 639.7, 123.4, 7.567
[06:18:29] 861.7, 123.3, 7.679
[06:18:30] 948.7, 123.9, 5.724
[06:18:31] 747.7, 124.0, 5.165
[06:18:32] 639.6, 124.0, 5.160
[06:18:33] 639.4, 124.0, 5.159
[06:18:34] 639.4, 124.0, 5.155
[06:18:35] 639.2, 123.4, 7.647
[06:18:36] 907.1, 123.4, 7.680
[06:18:37] 949.2, 123.4, 7.692
[06:18:38] 949.4, 123.4, 7.702
[06:18:39] 942.0, 124.0, 5.231
[06:18:40] 693.4, 124.0, 5.172
[06:18:41] 640.4, 124.0, 5.169
[06:18:42] 640.3, 124.1, 5.164
[06:18:43] 640.2, 124.0, 5.163
[06:18:44] 690.8, 123.3, 7.677
[06:18:45] 948.7, 123.3, 7.698
[06:18:46] 948.9, 123.3, 7.708
[06:18:47] 949.4, 123.4, 7.716
[06:18:48] 949.9, 123.4, 7.724
[06:18:49] 950.4, 123.4, 7.723
[06:18:50] 950.9, 123.3, 7.730
[06:18:51] 951.5, 123.4, 7.247
[06:18:52] 810.5, 124.1, 5.188
[06:18:53] 642.4, 124.0, 5.164
[06:18:54] 642.1, 124.0, 5.171
[06:18:55] 641.9, 124.0, 5.170
[06:18:56] 641.7, 123.4, 7.631
[06:18:57] 877.4, 123.4, 7.705
[06:18:58] 952.0, 123.4, 7.711
[06:18:59] 952.1, 123.3, 7.718
[06:19:00] 952.3, 123.3, 7.726
[06:19:01] 952.6, 123.3, 7.735
[06:19:02] 953.0, 123.3, 7.736
[06:19:03] 953.3, 123.4, 7.735
[06:19:04] 953.7, 123.4, 7.735
[06:19:05] 953.9, 123.5, 7.734
[06:19:06] 954.2, 123.5, 7.743
[06:19:07] 954.6, 123.4, 7.745
[06:19:08] 955.0, 123.3, 7.747
[06:19:09] 955.3, 123.4, 7.748
[06:19:10] 955.6, 123.4, 7.749
[06:19:11] 955.9, 124.1, 5.322
[06:19:12] 664.8, 124.0, 5.306
[06:19:13] 656.7, 124.0, 5.203
[06:19:14] 647.1, 124.0, 5.181
[06:19:15] 641.6, 124.0, 5.185
