<<<[19:40:59] 639.3, 123.3, 5.180
[19:41:00] 639.1, 123.3, 5.177
[19:41:01] 638.8, 123.3, 5.178
[19:41:02] 638.7, 123.2, 5.301
[19:41:03] 653.8, 123.1, 5.304
[19:41:04] 653.8, 123.2, 5.302
[19:41:05] 653.8, 123.2, 5.324
[19:41:06] 653.9, 123.2, 5.295
[19:41:07] 654.2, 123.1, 5.313
[19:41:08] 654.3, 123.2, 5.226
[19:41:09] 647.9, 123.1, 5.209
[19:41:10] 639.2, 123.2, 5.167
[19:41:11] 638.9, 123.2, 5.185
[19:41:12] 638.7, 123.2, 5.187
[19:41:13] 638.6, 122.7, 7.126
[19:41:14] 733.3, 123.1, 5.165
[19:41:15] 636.9, 123.2, 5.180
[19:41:16] 636.9, 123.1, 5.178
[19:41:17] 636.9, 123.2, 5.179
[19:41:18] 636.9, 122.6, 7.134
[19:41:19] 730.6, 123.2, 5.182
[19:41:20] 637.3, 123.1, 5.189
[19:41:21] 637.3, 123.1, 5.184
[19:41:22] 637.3, 123.2, 5.167
[19:41:23] 637.3, 122.8, 7.121
[19:41:24] 730.2, 123.2, 5.183
[19:41:25] 637.5, 123.2, 5.184
[19:41:26] 637.5, 123.2, 5.164
[19:41:27] 637.4, 123.3, 5.179
[19:41:28] 637.4, 122.8, 7.117
[19:41:29] 729.4, 123.2, 5.186
[19:41:30] 637.6, 123.1, 5.170
[19:41:31] 637.5, 123.2, 5.182
[19:41:32] 637.4, 123.3, 5.176
[19:41:33] 637.4, 122.7, 7.109
[19:41:34] 728.2, 123.2, 5.164
[19:41:35] 637.3, 123.3, 5.180
[19:41:36] 637.3, 123.3, 5.180
[19:41:37] 637.2, 123.2, 5.182
[19:41:38] 637.2, 122.8, 7.096
[19:41:39] 726.4, 123.3, 5.179
[19:41:40] 637.3, 123.2, 5.180
[19:41:41] 637.2, 123.3, 5.187
[19:41:42] 637.3, 123.2, 5.160
[19:41:43] 637.2, 122.7, 7.076
[19:41:44] 720.9, 123.2, 5.184
[19:41:45] 637.1, 123.1, 5.177
[19:41:46] 637.0, 123.2, 5.162
[19:41:47] 636.9, 123.3, 5.177
[19:41:48] 636.9, 122.7, 7.099
[19:41:49] 761.7, 123.2, 5.181
[19:41:50] 636.7, 123.2, 5.161
[19:41:51] 636.7, 123.2, 5.178
[19:41:52] 636.6, 123.1, 5.177
[19:41:53] 636.5, 122.7, 6.525
[19:41:54] 746.3, 123.2, 5.165
[19:41:55] 636.9, 123.1, 5.182
[19:41:56] 636.8, 123.2, 5.176
[19:41:57] 636.8, 123.1, 5.176
[19:41:58] 636.7, 123.2, 5.161
[19:41:59] 743.9, 123.1, 5.291
[19:42:00] 705.2, 123.1, 5.183
[19:42:01] 636.7, 123.2, 5.178
[19:42:02] 636.6, 123.1, 5.163
[19:42:03] 636.6, 123.2, 5.177
[19:42:04] 636.6, 122.5, 7.711
[19:42:05] 924.6, 123.1, 5.193
[19:42:06] 656.7, 123.2, 5.167
[19:42:07] 636.9, 123.1, 5.182
[19:42:08] 636.9, 123.3, 5.180
[19:42:09] 636.8, 123.1, 5.182
[19:42:10] 717.4, 122.6, 7.721
[19:42:11] 947.9, 122.9, 6.579
[19:42:12] 769.3, 123.2, 5.191
[19:42:13] 637.8, 123.1, 5.191
[19:42:14] 637.7, 123.2, 5.168
[19:42:15] 637.6, 123.1, 5.182
[19:42:16] 637.5, 122.6, 7.690
[19:42:17] 892.8, 122.4, 7.753
[19:42:18] 951.0, 122.5, 7.765
[19:42:19] 951.1, 123.1, 5.341
[19:42:20] 714.8, 123.2, 5.201
[19:42:21] 638.8, 123.2, 5.193
[19:42:22] 638.7, 123.2, 5.173
[19:42:23] 638.5, 123.2, 5.191
[19:42:24] 638.4, 122.5, 7.723
[19:42:25] 933.9, 122.5, 7.758
[19:42:26] 951.6, 122.4, 7.772
[19:42:27] 951.7, 122.4, 7.776
[19:42:28] 952.0, 122.6, 7.782
[19:42:29] 952.4, 122.5, 7.791
[19:42:30] 941.8, 123.2, 5.213
[19:42:31] 665.4, 123.1, 5.211
[19:42:32] 639.6, 123.1, 5.202
[19:42:33] 639.5, 123.2, 5.194
[19:42:34] 639.3, 123.1, 5.176
[19:42:35] 706.5, 122.5, 7.759
[19:42:36] 951.6, 122.6, 7.776
[19:42:37] 951.8, 122.5, 7.781
[19:42:38] 952.2, 122.5, 7.787
[19:42:39] 952.5, 122.5, 7.790
[19:42:40] 952.9, 122.4, 7.795
[19:42:41] 953.3, 122.5, 7.792
[19:42:42] 953.7, 122.5, 7.796
[19:42:43] 954.0, 122.4, 7.800
[19:42:44] 954.3, 122.5, 7.802
[19:42:45] 954.7, 122.5, 7.806
[19:42:46] 955.0, 123.1, 5.309
[19:42:47] 718.4, 123.2, 5.223
[19:42:48] 641.4, 123.2, 5.211
[19:42:49] 641.2, 123.1, 5.205
[19:42:50] 641.0, 123.2, 5.181
<<<[19:43:06] 637.1, 123.1, 5.165
[19:43:07] 637.0, 123.2, 5.164
[19:43:08] 637.0, 123.1, 5.301
[19:43:09] 651.2, 123.1, 5.314
[19:43:10] 651.5, 123.0, 5.289
[19:43:11] 651.7, 123.1, 5.352
[19:43:12] 652.1, 123.1, 5.330
[19:43:13] 652.6, 123.0, 5.299
[19:43:14] 652.8, 123.2, 5.257
[19:43:15] 652.5, 123.2, 5.205
[19:43:16] 641.6, 123.1, 5.167
[19:43:17] 641.0, 123.2, 5.168
[19:43:18] 640.5, 123.1, 5.178
[19:43:19] 640.1, 122.6, 6.629
[19:43:20] 732.9, 123.0, 5.174
[19:43:21] 637.1, 123.1, 5.168
[19:43:22] 637.1, 123.2, 5.166
[19:43:23] 637.0, 123.1, 5.167
[19:43:24] 636.9, 122.7, 6.543
[19:43:25] 730.4, 123.1, 5.174
[19:43:26] 636.9, 123.1, 5.167
[19:43:27] 636.8, 123.1, 5.169
[19:43:28] 636.8, 123.1, 5.165
[19:43:29] 636.8, 122.7, 6.482
[19:43:30] 729.4, 123.2, 5.174
[19:43:31] 637.3, 123.2, 5.165
[19:43:32] 637.2, 123.1, 5.165
[19:43:33] 637.2, 123.1, 5.163
[19:43:34] 637.1, 122.7, 6.425
[19:43:35] 729.2, 123.2, 5.168
[19:43:36] 637.1, 123.1, 5.170
[19:43:37] 637.1, 123.1, 5.169
[19:43:38] 637.1, 123.1, 5.166
[19:43:39] 636.9, 122.8, 6.340
[19:43:40] 727.8, 123.2, 5.168
[19:43:41] 637.1, 123.2, 5.163
[19:43:42] 637.0, 123.1, 5.167
[19:43:43] 636.9, 123.1, 5.190
[19:43:44] 637.0, 122.9, 6.228
[19:43:45] 726.4, 123.2, 5.164
[19:43:46] 636.9, 123.1, 5.164
[19:43:47] 636.8, 123.2, 5.160
[19:43:48] 636.7, 123.2, 5.165
[19:43:49] 636.7, 122.8, 5.809
[19:43:50] 721.3, 123.1, 5.168
[19:43:51] 636.3, 123.1, 5.163
[19:43:52] 636.3, 123.1, 5.163
[19:43:53] 636.4, 123.1, 5.159
[19:43:54] 636.3, 123.2, 5.163
[19:43:55] 712.8, 123.2, 5.167
[19:43:56] 636.9, 123.2, 5.162
[19:43:57] 636.8, 123.1, 5.160
[19:43:58] 636.7, 123.1, 5.164
[19:43:59] 636.7, 123.1, 5.159
[19:44:00] 734.3, 123.2, 5.174
[19:44:01] 648.5, 123.2, 5.163
[19:44:02] 637.1, 123.2, 5.163
[19:44:03] 636.9, 123.2, 5.158
[19:44:04] 636.9, 123.1, 5.160
[19:44:05] 689.4, 123.0, 6.151
[19:44:06] 759.7, 123.1, 5.177
[19:44:07] 637.3, 123.2, 5.165
[19:44:08] 637.2, 123.2, 5.164
[19:44:09] 637.2, 123.2, 5.161
[19:44:10] 637.1, 122.5, 7.685
[19:44:11] 881.9, 123.1, 5.254
[19:44:12] 700.6, 123.2, 5.168
[19:44:13] 637.6, 123.3, 5.167
[19:44:14] 637.5, 123.2, 5.166
[19:44:15] 637.4, 123.2, 5.163
[19:44:16] 665.0, 122.6, 7.720
[19:44:17] 948.1, 122.8, 7.255
[19:44:18] 823.1, 123.2, 5.175
[19:44:19] 638.4, 123.2, 5.172
[19:44:20] 638.3, 123.2, 5.172
[19:44:21] 638.2, 123.1, 5.168
[19:44:22] 638.1, 122.6, 7.496
[19:44:23] 840.8, 122.5, 7.741
[19:44:24] 950.0, 122.4, 7.761
[19:44:25] 950.2, 123.0, 6.341
[19:44:26] 767.8, 123.1, 5.183
[19:44:27] 638.6, 123.2, 5.174
[19:44:28] 638.5, 123.1, 5.170
[19:44:29] 638.3, 123.2, 5.166
[19:44:30] 638.1, 122.5, 7.685
[19:44:31] 884.5, 122.5, 7.745
[19:44:32] 950.6, 122.4, 7.764
[19:44:33] 950.8, 122.5, 7.773
[19:44:34] 951.1, 122.5, 7.775
[19:44:35] 951.5, 122.4, 7.782
[19:44:36] 951.2, 123.1, 5.303
[19:44:37] 708.7, 123.2, 5.186
[19:44:38] 639.8, 123.1, 5.181
[19:44:39] 639.6, 123.1, 5.177
[19:44:40] 639.4, 123.2, 5.174
[19:44:41] 661.5, 122.6, 7.738
[19:44:42] 949.8, 122.5, 7.764
[19:44:43] 950.2, 122.6, 7.770
[19:44:44] 950.7, 122.5, 7.780
[19:44:45] 951.2, 122.5, 7.783
[19:44:46] 951.7, 122.6, 7.786
[19:44:47] 952.2, 122.6, 7.784
[19:44:48] 952.6, 122.5, 7.789
[19:44:49] 953.0, 122.6, 7.789
[19:44:50] 953.4, 122.5, 7.796
[19:44:51] 953.8, 122.4, 7.798
[19:44:52] 954.2, 123.0, 5.632
[19:44:53] 754.6, 123.2, 5.196
[19:44:54] 640.4, 123.1, 5.190
[19:44:55] 640.2, 123.1, 5.179
[19:44:56] 640.0, 123.1, 5.178
<<<[19:45:11] 637.6, 123.1, 5.184
[19:45:12] 637.6, 123.1, 5.177
[19:45:13] 637.5, 123.2, 5.178
[19:45:14] 637.6, 123.1, 5.299
[19:45:15] 654.0, 123.1, 5.306
[19:45:16] 653.9, 123.0, 5.353
[19:45:17] 653.9, 123.1, 5.313
[19:45:18] 654.0, 123.1, 5.294
[19:45:19] 654.3, 123.1, 5.322
[19:45:20] 654.5, 123.1, 5.182
[19:45:21] 642.2, 123.1, 5.180
[19:45:22] 641.6, 123.1, 5.168
[19:45:23] 641.0, 123.2, 5.177
[19:45:24] 640.5, 123.2, 5.177
[19:45:25] 640.2, 122.6, 7.152
[19:45:26] 732.1, 123.2, 5.169
[19:45:27] 637.5, 123.1, 5.176
[19:45:28] 637.4, 123.1, 5.180
[19:45:29] 637.4, 123.2, 5.172
[19:45:30] 637.3, 122.7, 7.147
[19:45:31] 730.4, 123.2, 5.177
[19:45:32] 637.3, 123.1, 5.174
[19:45:33] 637.2, 123.2, 5.173
[19:45:34] 637.2, 123.2, 5.161
[19:45:35] 637.1, 122.7, 7.144
[19:45:36] 729.8, 123.2, 5.176
[19:45:37] 637.1, 123.3, 5.174
[19:45:38] 637.0, 123.3, 5.161
[19:45:39] 637.0, 123.2, 5.169
[19:45:40] 637.0, 122.7, 7.135
[19:45:41] 728.6, 123.3, 5.173
[19:45:42] 637.1, 123.2, 5.160
[19:45:43] 637.0, 123.2, 5.169
[19:45:44] 636.9, 123.3, 5.171
[19:45:45] 636.9, 122.7, 7.133
[19:45:46] 727.2, 123.3, 5.161
[19:45:47] 636.7, 123.2, 5.172
[19:45:48] 636.6, 123.2, 5.171
[19:45:49] 636.6, 123.2, 5.171
[19:45:50] 636.6, 122.8, 7.127
[19:45:51] 725.2, 123.2, 5.168
[19:45:52] 636.7, 123.3, 5.169
[19:45:53] 636.6, 123.3, 5.170
[19:45:54] 636.6, 123.2, 5.158
[19:45:55] 636.6, 122.7, 7.127
[19:45:56] 720.9, 123.2, 5.179
[19:45:57] 637.1, 123.1, 5.175
[19:45:58] 637.0, 123.1, 5.161
[19:45:59] 637.0, 123.2, 5.172
[19:46:00] 636.9, 122.7, 7.132
[19:46:01] 761.5, 123.0, 5.182
[19:46:02] 637.1, 123.1, 5.168
[19:46:03] 637.1, 123.1, 5.174
[19:46:04] 637.0, 123.1, 5.174
[19:46:05] 636.9, 122.6, 7.231
[19:46:06] 745.9, 123.1, 5.167
[19:46:07] 636.7, 123.1, 5.176
[19:46:08] 636.7, 123.1, 5.174
[19:46:09] 636.7, 123.2, 5.169
[19:46:10] 636.6, 123.2, 5.160
[19:46:11] 761.5, 123.2, 5.217
[19:46:12] 687.3, 123.2, 5.172
[19:46:13] 637.8, 123.2, 5.170
[19:46:14] 637.7, 123.2, 5.159
[19:46:15] 637.7, 123.2, 5.171
[19:46:16] 653.8, 122.6, 7.707
[19:46:17] 924.6, 123.2, 5.183
[19:46:18] 639.8, 123.2, 5.165
[19:46:19] 639.4, 123.1, 5.170
[19:46:20] 639.1, 123.2, 5.170
[19:46:21] 638.8, 123.2, 5.166
[19:46:22] 739.8, 122.6, 7.715
[19:46:23] 947.7, 123.1, 5.815
[19:46:24] 745.9, 123.2, 5.180
[19:46:25] 637.6, 123.2, 5.178
[19:46:26] 637.5, 123.2, 5.167
[19:46:27] 637.5, 123.1, 5.175
[19:46:28] 637.4, 122.5, 7.702
[19:46:29] 916.0, 122.4, 7.744
[19:46:30] 949.6, 122.5, 7.756
[19:46:31] 949.5, 123.2, 5.246
[19:46:32] 693.5, 123.2, 5.195
[19:46:33] 639.2, 123.1, 5.183
[19:46:34] 639.0, 123.1, 5.171
[19:46:35] 638.8, 123.1, 5.181
[19:46:36] 649.7, 122.4, 7.724
[19:46:37] 948.5, 122.6, 7.750
[19:46:38] 948.8, 122.5, 7.764
[19:46:39] 949.2, 122.5, 7.761
[19:46:40] 949.7, 122.5, 7.772
[19:46:41] 950.2, 122.4, 7.782
[19:46:42] 933.9, 123.0, 5.204
[19:46:43] 645.9, 123.2, 5.199
[19:46:44] 639.4, 123.2, 5.190
[19:46:45] 639.3, 123.1, 5.186
[19:46:46] 639.1, 123.2, 5.171
[19:46:47] 735.7, 122.5, 7.748
[19:46:48] 950.0, 122.4, 7.763
[19:46:49] 950.2, 122.4, 7.770
[19:46:50] 950.6, 122.4, 7.785
[19:46:51] 951.0, 122.4, 7.788
[19:46:52] 951.5, 122.5, 7.786
[19:46:53] 952.0, 122.4, 7.789
[19:46:54] 952.4, 122.4, 7.790
[19:46:55] 952.8, 122.4, 7.799
[19:46:56] 953.2, 122.3, 7.804
[19:46:57] 953.7, 122.4, 7.800
[19:46:58] 954.1, 122.9, 5.242
[19:46:59] 683.3, 123.0, 5.213
[19:47:00] 641.2, 123.0, 5.204
[19:47:01] 641.0, 123.0, 5.199
[19:47:02] 640.8, 123.0, 5.184
<<<[20:01:04] 640.1, 123.0, 5.186
[20:01:05] 639.9, 123.0, 5.186
[20:01:06] 639.7, 122.9, 5.183
[20:01:07] 640.2, 123.0, 5.315
[20:01:08] 655.8, 123.0, 5.323
[20:01:09] 655.6, 122.9, 5.323
[20:01:10] 655.7, 122.9, 5.312
[20:01:11] 655.9, 123.0, 5.305
[20:01:12] 655.8, 122.9, 5.308
[20:01:13] 655.8, 123.0, 5.186
[20:01:14] 638.2, 122.9, 5.181
[20:01:15] 638.1, 122.9, 5.182
[20:01:16] 638.1, 123.0, 5.184
[20:01:17] 638.1, 122.9, 5.181
[20:01:18] 681.1, 123.0, 5.237
[20:01:19] 690.6, 123.0, 5.173
[20:01:20] 637.3, 123.0, 5.176
[20:01:21] 637.3, 123.0, 5.173
[20:01:22] 637.2, 123.1, 5.170
[20:01:23] 674.5, 123.0, 5.232
[20:01:24] 691.2, 123.1, 5.176
[20:01:25] 637.6, 123.0, 5.173
[20:01:26] 637.5, 123.1, 5.172
[20:01:27] 637.5, 123.1, 5.174
[20:01:28] 672.5, 123.0, 5.227
[20:01:29] 692.6, 123.0, 5.172
[20:01:30] 637.3, 123.1, 5.178
[20:01:31] 637.3, 123.1, 5.172
[20:01:32] 637.2, 123.0, 5.178
[20:01:33] 670.1, 123.0, 5.237
[20:01:34] 693.7, 123.0, 5.178
[20:01:35] 637.5, 123.1, 5.173
[20:01:36] 637.4, 123.0, 5.173
[20:01:37] 637.3, 122.9, 5.175
[20:01:38] 667.0, 123.0, 5.242
[20:01:39] 695.3, 122.9, 5.178
[20:01:40] 637.1, 123.0, 5.176
[20:01:41] 637.0, 123.0, 5.174
[20:01:42] 637.0, 123.0, 5.174
[20:01:43] 663.0, 122.9, 5.246
[20:01:44] 696.9, 123.0, 5.175
[20:01:45] 637.1, 123.0, 5.173
[20:01:46] 637.0, 123.0, 5.175
[20:01:47] 637.0, 122.9, 5.170
[20:01:48] 656.9, 122.9, 5.255
[20:01:49] 698.5, 122.9, 5.174
[20:01:50] 636.7, 123.0, 5.174
[20:01:51] 636.8, 123.0, 5.173
[20:01:52] 636.9, 123.0, 5.170
[20:01:53] 643.0, 122.9, 6.270
[20:01:54] 754.0, 123.0, 5.173
[20:01:55] 637.1, 122.9, 5.174
[20:01:56] 637.0, 123.0, 5.168
[20:01:57] 636.9, 123.0, 5.169
[20:01:58] 636.8, 122.9, 6.370
[20:01:59] 744.1, 123.0, 5.174
[20:02:00] 636.7, 122.9, 5.169
[20:02:01] 636.6, 122.9, 5.170
[20:02:02] 636.6, 123.0, 5.174
[20:02:03] 636.6, 122.4, 7.650
[20:02:04] 810.1, 122.9, 5.180
[20:02:05] 637.1, 122.9, 5.173
[20:02:06] 636.9, 123.0, 5.173
[20:02:07] 636.9, 123.0, 5.174
[20:02:08] 636.9, 122.9, 5.174
[20:02:09] 752.4, 122.4, 7.255
[20:02:10] 826.4, 123.0, 5.178
[20:02:11] 637.3, 122.9, 5.178
[20:02:12] 637.2, 122.9, 5.176
[20:02:13] 637.1, 122.9, 5.177
[20:02:14] 637.1, 122.4, 7.487
[20:02:15] 838.6, 122.3, 7.746
[20:02:16] 934.7, 123.0, 5.197
[20:02:17] 660.5, 122.9, 5.179
[20:02:18] 637.6, 122.9, 5.175
[20:02:19] 637.5, 123.0, 5.175
[20:02:20] 637.4, 122.9, 5.173
[20:02:21] 703.0, 122.4, 7.737
[20:02:22] 948.1, 122.3, 7.762
[20:02:23] 948.4, 122.2, 7.773
[20:02:24] 903.4, 123.0, 5.193
[20:02:25] 639.2, 122.9, 5.187
[20:02:26] 639.1, 123.0, 5.182
[20:02:27] 638.9, 122.9, 5.179
[20:02:28] 638.8, 123.0, 5.176
[20:02:29] 745.7, 122.3, 7.751
[20:02:30] 949.4, 122.3, 7.766
[20:02:31] 949.6, 122.4, 7.772
[20:02:32] 950.0, 122.3, 7.784
[20:02:33] 950.5, 122.4, 7.786
[20:02:34] 951.0, 122.4, 7.340
[20:02:35] 840.8, 123.0, 5.195
[20:02:36] 640.0, 123.1, 5.189
[20:02:37] 639.8, 123.0, 5.183
[20:02:38] 639.6, 123.0, 5.177
[20:02:39] 639.5, 122.5, 7.402
[20:02:40] 833.9, 122.4, 7.762
[20:02:41] 951.4, 122.4, 7.768
[20:02:42] 951.5, 122.5, 7.780
[20:02:43] 951.8, 122.5, 7.787
[20:02:44] 952.1, 122.4, 7.798
[20:02:45] 952.5, 122.3, 7.796
[20:02:46] 952.9, 122.4, 7.800
[20:02:47] 953.3, 122.3, 7.803
[20:02:48] 953.7, 122.5, 7.804
[20:02:49] 954.0, 122.4, 7.807
[20:02:50] 954.4, 122.4, 7.809
[20:02:51] 897.7, 123.1, 5.213
[20:02:52] 642.2, 123.1, 5.200
[20:02:53] 642.0, 123.1, 5.194
[20:02:54] 641.6, 123.1, 5.189
[20:02:55] 641.2, 123.0, 5.187
