<<<[11:17:27] 644.6, 122.6, 5.244
[11:17:28] 644.5, 122.7, 5.240
[11:17:29] 644.4, 122.5, 5.269
[11:17:30] 652.0, 122.7, 5.481
[11:17:31] 669.3, 122.6, 5.499
[11:17:32] 669.1, 122.6, 5.476
[11:17:33] 669.1, 122.6, 5.381
[11:17:34] 661.1, 122.7, 5.378
[11:17:35] 661.3, 122.5, 5.392
[11:17:36] 661.4, 122.7, 5.395
[11:17:37] 662.0, 122.6, 5.386
[11:17:38] 662.0, 122.6, 5.377
[11:17:39] 661.9, 122.6, 5.390
[11:17:40] 662.1, 122.6, 5.404
[11:17:41] 662.2, 122.5, 5.476
[11:17:42] 668.9, 122.7, 5.420
[11:17:43] 668.4, 122.5, 5.456
[11:17:44] 657.9, 122.7, 5.256
[11:17:45] 645.3, 122.7, 5.256
[11:17:46] 645.3, 122.7, 5.245
[11:17:47] 645.2, 122.7, 5.251
[11:17:48] 645.2, 122.7, 5.252
[11:17:49] 740.6, 122.7, 5.242
[11:17:50] 643.2, 122.7, 5.237
[11:17:51] 643.2, 122.7, 5.240
[11:17:52] 643.3, 122.7, 5.240
[11:17:53] 643.3, 122.7, 5.240
[11:17:54] 728.8, 122.6, 5.248
[11:17:55] 643.7, 122.7, 5.243
[11:17:56] 643.7, 122.8, 5.238
[11:17:57] 643.6, 122.7, 5.243
[11:17:58] 643.7, 122.8, 5.232
[11:17:59] 714.4, 122.6, 5.272
[11:18:00] 688.4, 122.6, 5.243
[11:18:01] 643.6, 122.7, 5.241
[11:18:02] 643.6, 122.6, 5.239
[11:18:03] 643.6, 122.7, 5.244
[11:18:04] 673.1, 122.1, 7.279
[11:18:05] 793.7, 122.6, 5.251
[11:18:06] 643.7, 122.6, 5.244
[11:18:07] 643.7, 122.6, 5.242
[11:18:08] 643.6, 122.7, 5.241
[11:18:09] 643.6, 122.0, 7.444
[11:18:10] 852.8, 122.7, 5.285
[11:18:11] 692.2, 122.5, 5.249
[11:18:12] 644.3, 122.7, 5.246
[11:18:13] 644.2, 122.6, 5.238
[11:18:14] 644.2, 122.7, 5.241
[11:18:15] 682.1, 122.0, 7.517
[11:18:16] 919.3, 122.6, 5.800
[11:18:17] 748.7, 122.6, 5.248
[11:18:18] 644.7, 122.6, 5.247
[11:18:19] 644.6, 122.7, 5.243
[11:18:20] 644.5, 122.6, 5.247
[11:18:21] 644.4, 122.1, 7.476
[11:18:22] 877.0, 122.1, 7.494
[11:18:23] 916.4, 122.1, 7.506
[11:18:24] 909.7, 122.6, 5.264
[11:18:25] 647.3, 122.6, 5.258
[11:18:26] 647.0, 122.6, 5.249
[11:18:27] 646.7, 122.7, 5.247
[11:18:28] 646.4, 122.6, 5.245
[11:18:29] 725.2, 122.1, 7.491
[11:18:30] 915.8, 122.0, 7.496
[11:18:31] 915.9, 122.0, 7.508
[11:18:32] 916.1, 122.0, 7.515
[11:18:33] 916.3, 121.9, 7.522
[11:18:34] 916.1, 122.6, 5.271
[11:18:35] 649.5, 122.5, 5.260
[11:18:36] 649.0, 122.6, 5.252
[11:18:37] 648.4, 122.5, 5.254
[11:18:38] 647.9, 122.5, 5.248
[11:18:39] 696.1, 122.0, 7.494
[11:18:40] 915.8, 122.1, 7.500
[11:18:41] 915.9, 122.1, 7.503
[11:18:42] 916.2, 122.1, 7.511
[11:18:43] 916.4, 122.1, 7.517
[11:18:44] 916.8, 122.2, 7.515
[11:18:45] 917.0, 122.0, 7.519
[11:18:46] 917.4, 122.0, 7.525
[11:18:47] 917.6, 122.1, 7.519
[11:18:48] 917.9, 122.1, 7.524
[11:18:49] 918.1, 122.5, 5.279
[11:18:50] 656.2, 122.6, 5.263
[11:18:51] 645.9, 122.5, 5.258
[11:18:52] 645.8, 122.6, 5.256
