<<<[16:59:02] 640.3, 122.2, 5.212
[16:59:03] 640.0, 122.3, 5.209
[16:59:04] 639.7, 122.3, 5.246
[16:59:05] 646.9, 122.3, 5.346
[16:59:06] 656.0, 122.1, 5.358
[16:59:07] 655.9, 122.1, 5.406
[16:59:08] 656.1, 122.3, 5.354
[16:59:09] 656.2, 122.2, 5.390
[16:59:10] 656.5, 122.1, 5.373
[16:59:11] 656.6, 122.1, 5.356
[16:59:12] 656.7, 122.1, 5.392
[16:59:13] 656.8, 122.2, 5.365
[16:59:14] 656.9, 122.2, 5.408
[16:59:15] 657.0, 122.2, 5.356
[16:59:16] 657.1, 122.2, 5.380
[16:59:17] 657.2, 122.2, 5.385
[16:59:18] 657.6, 122.2, 5.357
[16:59:19] 657.6, 122.1, 5.385
[16:59:20] 657.6, 122.2, 5.350
[16:59:21] 657.5, 122.1, 5.411
[16:59:22] 657.6, 122.2, 5.355
[16:59:23] 657.4, 122.1, 5.392
[16:59:24] 657.5, 122.1, 5.372
[16:59:25] 657.4, 122.2, 5.386
[16:59:26] 657.5, 122.2, 5.357
[16:59:27] 657.4, 122.3, 5.389
[16:59:28] 657.6, 122.2, 5.355
[16:59:29] 657.6, 122.2, 5.403
[16:59:30] 657.9, 122.3, 5.348
[16:59:31] 657.7, 122.2, 5.402
[16:59:32] 657.8, 122.2, 5.346
[16:59:33] 657.8, 122.2, 5.385
[16:59:34] 658.0, 122.3, 5.341
[16:59:35] 658.4, 122.3, 5.353
[16:59:36] 658.6, 122.2, 5.356
[16:59:37] 658.6, 122.3, 5.458
[16:59:38] 659.0, 122.2, 5.407
[16:59:39] 658.7, 122.1, 5.356
[16:59:40] 664.4, 122.2, 5.355
[16:59:41] 663.8, 122.2, 5.360
[16:59:42] 658.5, 122.1, 5.492
[16:59:43] 658.6, 122.2, 5.399
[16:59:44] 658.5, 122.2, 5.355
[16:59:45] 659.1, 122.1, 5.469
[16:59:46] 668.4, 122.1, 5.361
[16:59:47] 657.5, 122.2, 5.372
[16:59:48] 657.4, 122.1, 5.356
[16:59:49] 657.5, 122.2, 5.360
[16:59:50] 657.6, 122.1, 5.502
[16:59:51] 665.2, 122.1, 5.356
[16:59:52] 657.7, 122.1, 5.367
[16:59:53] 657.7, 122.2, 5.353
[16:59:54] 657.7, 122.1, 5.357
[16:59:55] 657.7, 122.1, 5.490
[16:59:56] 669.1, 122.2, 5.480
[16:59:57] 669.4, 122.3, 5.450
[16:59:58] 669.0, 122.3, 5.357
[16:59:59] 656.3, 122.3, 5.343
[17:00:00] 656.4, 122.3, 5.418
[17:00:01] 656.9, 122.3, 5.344
[17:00:02] 657.1, 122.2, 5.346
[17:00:03] 657.2, 122.2, 5.394
[17:00:04] 663.2, 122.2, 5.346
[17:00:05] 662.5, 122.2, 5.350
[17:00:06] 662.2, 122.3, 5.347
[17:00:07] 656.3, 122.3, 5.349
[17:00:08] 656.6, 122.3, 5.451
[17:00:09] 666.4, 122.3, 5.448
[17:00:10] 666.3, 122.3, 5.347
[17:00:11] 657.3, 122.4, 5.388
[17:00:12] 657.2, 122.2, 5.353
[17:00:13] 657.6, 122.2, 5.423
[17:00:14] 657.5, 122.4, 5.341
[17:00:15] 657.9, 122.3, 5.347
[17:00:16] 658.2, 122.3, 5.404
[17:00:17] 658.0, 122.3, 5.341
[17:00:18] 658.2, 122.3, 5.367
[17:00:19] 657.8, 122.4, 5.342
[17:00:20] 657.7, 122.3, 5.490
[17:00:21] 668.7, 122.3, 5.487
[17:00:22] 669.1, 122.2, 5.476
[17:00:23] 669.0, 122.4, 5.436
[17:00:24] 668.7, 122.3, 5.434
[17:00:25] 668.3, 122.4, 5.406
[17:00:26] 661.3, 122.3, 5.365
[17:00:27] 660.7, 122.3, 5.368
[17:00:28] 660.3, 122.3, 5.367
[17:00:29] 660.0, 122.3, 5.365
[17:00:30] 648.1, 122.3, 5.201
[17:00:31] 636.5, 122.3, 5.199
[17:00:32] 636.6, 122.4, 5.201
[17:00:33] 636.8, 122.4, 5.199
[17:00:34] 636.9, 122.3, 5.197
[17:00:35] 735.9, 122.4, 5.198
[17:00:36] 636.5, 122.3, 5.197
[17:00:37] 636.5, 122.3, 5.193
[17:00:38] 636.4, 122.4, 5.193
[17:00:39] 636.4, 122.3, 5.193
[17:00:40] 727.8, 122.3, 5.198
[17:00:41] 636.1, 122.4, 5.193
[17:00:42] 636.1, 122.3, 5.196
[17:00:43] 636.1, 122.3, 5.191
[17:00:44] 636.2, 122.4, 5.194
[17:00:45] 719.3, 122.4, 5.227
[17:00:46] 680.8, 122.4, 5.191
[17:00:47] 636.1, 122.4, 5.193
[17:00:48] 636.1, 122.4, 5.189
[17:00:49] 636.1, 122.4, 5.191
[17:00:50] 675.4, 121.8, 7.217
[17:00:51] 798.1, 122.5, 5.190
[17:00:52] 636.5, 122.3, 5.191
[17:00:53] 636.4, 122.4, 5.191
[17:00:54] 636.4, 122.3, 5.188
[17:00:55] 636.3, 121.6, 7.971
[17:00:56] 891.0, 122.4, 5.239
[17:00:57] 684.1, 122.3, 5.202
[17:00:58] 637.1, 122.3, 5.197
[17:00:59] 636.9, 122.3, 5.194
[17:01:00] 636.9, 122.3, 5.196
[17:01:01] 688.4, 121.5, 8.020
[17:01:02] 976.4, 122.1, 5.746
[17:01:03] 745.5, 122.3, 5.206
[17:01:04] 637.5, 122.2, 5.202
[17:01:05] 637.4, 122.3, 5.201
[17:01:06] 637.3, 122.3, 5.201
[17:01:07] 637.2, 121.5, 8.010
[17:01:08] 936.4, 121.6, 8.020
[17:01:09] 977.2, 121.6, 8.032
[17:01:10] 944.5, 122.2, 5.215
[17:01:11] 639.2, 122.2, 5.205
[17:01:12] 639.0, 122.3, 5.203
[17:01:13] 638.7, 122.3, 5.200
[17:01:14] 638.5, 122.3, 5.199
[17:01:15] 754.6, 121.6, 8.021
[17:01:16] 977.2, 121.6, 8.035
[17:01:17] 977.3, 121.7, 8.046
[17:01:18] 977.7, 121.7, 8.050
[17:01:19] 978.0, 121.6, 8.050
[17:01:20] 954.4, 122.3, 5.226
[17:01:21] 641.8, 122.4, 5.212
[17:01:22] 641.4, 122.4, 5.209
[17:01:23] 641.0, 122.3, 5.206
[17:01:24] 640.6, 122.4, 5.200
[17:01:25] 732.5, 121.7, 8.019
[17:01:26] 977.6, 121.6, 8.039
[17:01:27] 977.8, 121.6, 8.051
[17:01:28] 978.0, 121.7, 8.052
[17:01:29] 978.4, 121.6, 8.055
[17:01:30] 978.8, 121.5, 8.068
[17:01:31] 979.2, 121.7, 8.061
[17:01:32] 979.6, 121.6, 8.072
[17:01:33] 980.0, 121.6, 8.067
[17:01:34] 980.3, 121.5, 8.072
[17:01:35] 933.1, 122.3, 5.232
[17:01:36] 640.6, 122.2, 5.224
[17:01:37] 640.4, 122.3, 5.217
[17:01:38] 640.2, 122.1, 5.218
<<<[17:03:37] 640.1, 122.3, 5.208
[17:03:38] 639.9, 122.4, 5.208
[17:03:39] 639.6, 122.3, 5.253
[17:03:40] 648.7, 122.3, 5.392
[17:03:41] 658.9, 122.4, 5.368
[17:03:42] 658.7, 122.3, 5.345
[17:03:43] 658.5, 122.3, 5.385
[17:03:44] 658.5, 122.3, 5.359
[17:03:45] 658.4, 122.3, 5.399
[17:03:46] 658.6, 122.4, 5.350
[17:03:47] 658.3, 122.3, 5.377
[17:03:48] 658.4, 122.4, 5.370
[17:03:49] 658.3, 122.3, 5.346
[17:03:50] 658.3, 122.3, 5.387
[17:03:51] 658.2, 122.3, 5.348
[17:03:52] 658.1, 122.3, 5.395
[17:03:53] 658.2, 122.3, 5.362
[17:03:54] 658.2, 122.4, 5.360
[17:03:55] 658.0, 122.3, 5.372
[17:03:56] 658.0, 122.3, 5.346
[17:03:57] 658.0, 122.3, 5.401
[17:03:58] 658.0, 122.4, 5.344
[17:03:59] 657.7, 122.2, 5.358
[17:04:00] 657.9, 122.4, 5.347
[17:04:01] 657.8, 122.2, 5.400
[17:04:02] 658.0, 122.2, 5.349
[17:04:03] 657.8, 122.2, 5.385
[17:04:04] 657.9, 122.1, 5.357
[17:04:05] 657.9, 122.2, 5.374
[17:04:06] 658.0, 122.2, 5.366
[17:04:07] 657.8, 122.2, 5.371
[17:04:08] 657.8, 122.2, 5.388
[17:04:09] 657.7, 122.2, 5.509
[17:04:10] 665.4, 122.2, 5.352
[17:04:11] 657.5, 122.3, 5.357
[17:04:12] 657.8, 122.2, 5.370
[17:04:13] 657.8, 122.1, 5.358
[17:04:14] 657.8, 122.3, 5.481
[17:04:15] 664.6, 122.4, 5.352
[17:04:16] 657.7, 122.3, 5.349
[17:04:17] 657.8, 122.3, 5.345
[17:04:18] 657.7, 122.3, 5.348
[17:04:19] 657.6, 122.3, 5.494
[17:04:20] 669.5, 122.2, 5.381
[17:04:21] 661.1, 122.3, 5.428
[17:04:22] 660.7, 122.3, 5.410
[17:04:23] 660.5, 122.3, 5.351
[17:04:24] 660.1, 122.3, 5.353
[17:04:25] 659.9, 122.4, 5.379
[17:04:26] 660.3, 122.4, 5.413
[17:04:27] 659.9, 122.3, 5.429
[17:04:28] 659.9, 122.4, 5.348
[17:04:29] 659.6, 122.4, 5.349
[17:04:30] 659.5, 122.4, 5.495
[17:04:31] 673.1, 122.3, 5.471
[17:04:32] 672.5, 122.3, 5.357
[17:04:33] 661.3, 122.4, 5.412
[17:04:34] 660.7, 122.4, 5.342
[17:04:35] 660.5, 122.3, 5.341
[17:04:36] 655.4, 122.3, 5.349
[17:04:37] 655.6, 122.3, 5.472
[17:04:38] 664.6, 122.4, 5.354
[17:04:39] 654.6, 122.4, 5.346
[17:04:40] 654.9, 122.3, 5.482
[17:04:41] 655.5, 122.3, 5.343
[17:04:42] 655.7, 122.3, 5.356
[17:04:43] 655.7, 122.4, 5.498
[17:04:44] 671.1, 122.4, 5.345
[17:04:45] 658.9, 122.4, 5.413
[17:04:46] 658.6, 122.4, 5.338
[17:04:47] 658.7, 122.4, 5.364
[17:04:48] 658.3, 122.4, 5.340
[17:04:49] 658.1, 122.4, 5.484
[17:04:50] 664.8, 122.4, 5.345
[17:04:51] 656.9, 122.4, 5.336
[17:04:52] 656.7, 122.4, 5.376
[17:04:53] 657.1, 122.4, 5.347
[17:04:54] 657.0, 122.4, 5.345
[17:04:55] 657.4, 122.4, 5.501
[17:04:56] 673.7, 122.3, 5.470
[17:04:57] 673.1, 122.4, 5.427
[17:04:58] 667.4, 122.5, 5.434
[17:04:59] 667.1, 122.4, 5.438
[17:05:00] 667.0, 122.3, 5.368
[17:05:01] 658.1, 122.4, 5.370
[17:05:02] 658.0, 122.4, 5.372
[17:05:03] 658.0, 122.4, 5.370
[17:05:04] 658.1, 122.4, 5.201
[17:05:05] 641.0, 122.4, 5.205
[17:05:06] 640.5, 122.5, 5.201
[17:05:07] 640.2, 122.4, 5.213
[17:05:08] 639.9, 122.3, 5.202
[17:05:09] 639.6, 121.9, 7.204
[17:05:10] 739.4, 122.4, 5.197
[17:05:11] 637.5, 122.4, 5.203
[17:05:12] 637.5, 122.5, 5.194
[17:05:13] 637.4, 122.4, 5.193
[17:05:14] 637.3, 121.9, 7.215
[17:05:15] 726.8, 122.4, 5.197
[17:05:16] 637.1, 122.4, 5.192
[17:05:17] 637.0, 122.5, 5.193
[17:05:18] 636.9, 122.4, 5.194
[17:05:19] 636.8, 121.9, 7.526
[17:05:20] 764.2, 122.3, 5.203
[17:05:21] 636.9, 122.4, 5.205
[17:05:22] 636.9, 122.4, 5.197
[17:05:23] 636.9, 122.5, 5.194
[17:05:24] 637.0, 121.9, 6.392
[17:05:25] 792.4, 122.3, 5.232
[17:05:26] 683.1, 122.3, 5.201
[17:05:27] 637.1, 122.4, 5.201
[17:05:28] 637.1, 122.4, 5.198
[17:05:29] 637.1, 122.4, 5.195
[17:05:30] 704.0, 121.8, 7.496
[17:05:31] 872.1, 122.4, 5.206
[17:05:32] 637.6, 122.3, 5.200
[17:05:33] 637.5, 122.4, 5.210
[17:05:34] 637.5, 122.4, 5.198
[17:05:35] 637.4, 121.9, 7.191
[17:05:36] 829.0, 121.6, 8.022
[17:05:37] 947.5, 122.3, 5.213
[17:05:38] 638.2, 122.4, 5.201
[17:05:39] 638.1, 122.4, 5.201
[17:05:40] 638.0, 122.4, 5.196
[17:05:41] 637.9, 122.3, 5.198
[17:05:42] 739.6, 121.7, 8.015
[17:05:43] 977.4, 121.6, 8.029
[17:05:44] 977.5, 121.9, 7.256
[17:05:45] 805.9, 122.5, 5.209
[17:05:46] 638.4, 122.4, 5.201
[17:05:47] 638.2, 122.4, 5.198
[17:05:48] 638.1, 122.4, 5.200
[17:05:49] 638.0, 121.7, 7.979
[17:05:50] 905.3, 121.7, 8.022
[17:05:51] 978.2, 121.7, 8.035
[17:05:52] 978.3, 121.7, 8.041
[17:05:53] 978.6, 121.7, 8.046
[17:05:54] 979.0, 122.0, 7.287
[17:05:55] 811.7, 122.5, 5.207
[17:05:56] 638.6, 122.4, 5.199
[17:05:57] 638.4, 122.5, 5.198
[17:05:58] 638.3, 122.5, 5.194
[17:05:59] 638.1, 121.7, 7.956
[17:06:00] 897.5, 121.6, 8.030
[17:06:01] 979.0, 121.8, 8.036
[17:06:02] 979.1, 121.7, 8.044
[17:06:03] 979.4, 121.7, 8.053
[17:06:04] 979.7, 121.8, 8.055
[17:06:05] 980.1, 121.7, 8.064
[17:06:06] 980.4, 121.7, 8.063
[17:06:07] 980.8, 121.6, 8.068
[17:06:08] 981.1, 121.7, 8.070
[17:06:09] 981.5, 122.4, 5.444
[17:06:10] 741.8, 122.4, 5.221
[17:06:11] 639.6, 122.4, 5.212
[17:06:12] 639.5, 122.4, 5.207
