<<<[17:46:13] 649.9, 122.6, 5.211
[17:46:14] 643.2, 122.7, 5.194
[17:46:15] 642.6, 122.7, 5.227
[17:46:16] 647.9, 122.7, 5.324
[17:46:17] 656.3, 122.7, 5.338
[17:46:18] 656.4, 122.7, 5.331
[17:46:19] 656.3, 122.8, 5.231
[17:46:20] 643.0, 122.7, 5.233
[17:46:21] 642.8, 122.7, 5.196
[17:46:22] 642.2, 122.7, 5.193
[17:46:23] 641.8, 122.7, 5.195
[17:46:24] 697.1, 122.6, 5.217
[17:46:25] 675.2, 122.6, 5.190
[17:46:26] 638.0, 122.7, 5.192
[17:46:27] 637.9, 122.7, 5.191
[17:46:28] 637.9, 122.7, 5.191
[17:46:29] 694.5, 122.6, 5.212
[17:46:30] 674.7, 122.6, 5.191
[17:46:31] 637.5, 122.6, 5.186
[17:46:32] 637.4, 122.6, 5.185
[17:46:33] 637.4, 122.6, 5.186
[17:46:34] 693.0, 122.6, 5.212
[17:46:35] 676.0, 122.6, 5.192
[17:46:36] 637.3, 122.7, 5.192
[17:46:37] 637.3, 122.6, 5.194
[17:46:38] 637.5, 122.7, 5.189
[17:46:39] 692.2, 122.6, 5.215
[17:46:40] 676.2, 122.6, 5.192
[17:46:41] 637.6, 122.6, 5.195
[17:46:42] 637.6, 122.6, 5.193
[17:46:43] 637.6, 122.6, 5.194
[17:46:44] 690.8, 122.6, 5.215
[17:46:45] 676.6, 122.6, 5.194
[17:46:46] 637.1, 122.6, 5.191
[17:46:47] 637.1, 122.6, 5.187
[17:46:48] 637.1, 122.6, 5.192
[17:46:49] 689.2, 122.7, 5.215
[17:46:50] 678.2, 122.6, 5.193
[17:46:51] 638.6, 122.7, 5.190
[17:46:52] 638.5, 122.8, 5.186
[17:46:53] 638.5, 122.8, 5.184
[17:46:54] 688.2, 122.7, 5.210
[17:46:55] 677.6, 122.7, 5.187
[17:46:56] 637.3, 122.7, 5.187
[17:46:57] 637.2, 122.7, 5.184
[17:46:58] 637.1, 122.6, 5.186
[17:46:59] 683.5, 122.6, 5.218
[17:47:00] 682.8, 122.6, 5.196
[17:47:01] 637.5, 122.5, 5.193
[17:47:02] 637.5, 122.5, 5.194
[17:47:03] 637.5, 122.5, 5.196
[17:47:04] 678.4, 122.5, 5.225
[17:47:05] 678.5, 122.5, 5.196
[17:47:06] 637.3, 122.5, 5.193
[17:47:07] 637.3, 122.6, 5.190
[17:47:08] 637.3, 122.6, 5.190
[17:47:09] 661.7, 122.5, 5.579
[17:47:10] 735.5, 122.5, 5.194
[17:47:11] 637.5, 122.6, 5.190
[17:47:12] 637.5, 122.6, 5.190
[17:47:13] 637.4, 122.6, 5.188
[17:47:14] 637.4, 122.1, 7.270
[17:47:15] 789.4, 122.6, 5.190
[17:47:16] 637.1, 122.6, 5.189
[17:47:17] 637.1, 122.6, 5.185
[17:47:18] 637.0, 122.6, 5.184
[17:47:19] 637.0, 122.0, 7.830
[17:47:20] 854.4, 122.7, 5.220
[17:47:21] 681.1, 122.6, 5.187
[17:47:22] 637.5, 122.6, 5.186
[17:47:23] 637.4, 122.7, 5.184
[17:47:24] 637.3, 122.7, 5.182
[17:47:25] 680.6, 122.0, 8.055
[17:47:26] 979.6, 122.7, 5.233
[17:47:27] 682.9, 122.5, 5.198
[17:47:28] 638.2, 122.6, 5.196
[17:47:29] 638.2, 122.6, 5.193
[17:47:30] 638.1, 122.6, 5.189
[17:47:31] 655.6, 122.0, 8.055
[17:47:32] 984.9, 122.0, 8.082
[17:47:33] 985.2, 122.7, 5.634
[17:47:34] 743.5, 122.7, 5.201
[17:47:35] 638.8, 122.8, 5.188
[17:47:36] 638.6, 122.7, 5.185
[17:47:37] 638.5, 122.7, 5.185
[17:47:38] 638.3, 122.0, 8.046
[17:47:39] 952.4, 121.9, 8.084
[17:47:40] 988.0, 121.9, 8.090
[17:47:41] 988.1, 122.0, 8.101
[17:47:42] 988.4, 122.1, 7.438
[17:47:43] 825.2, 122.6, 5.218
[17:47:44] 642.0, 122.6, 5.206
[17:47:45] 641.8, 122.6, 5.202
[17:47:46] 641.6, 122.7, 5.196
[17:47:47] 641.3, 121.9, 7.643
[17:47:48] 852.4, 121.9, 8.091
[17:47:49] 988.0, 121.9, 8.099
[17:47:50] 988.2, 121.9, 8.111
[17:47:51] 988.5, 122.0, 8.116
[17:47:52] 988.9, 122.0, 8.123
[17:47:53] 989.4, 121.9, 8.125
[17:47:54] 989.8, 121.9, 8.141
[17:47:55] 990.3, 121.9, 8.141
[17:47:56] 990.2, 122.6, 5.275
[17:47:57] 689.6, 122.6, 5.221
[17:47:58] 641.2, 122.6, 5.217
[17:47:59] 641.1, 122.6, 5.212
[17:48:00] 640.9, 122.6, 5.210
[17:48:01] 654.4, 121.9, 8.097
[17:48:02] 988.6, 121.9, 8.111
[17:48:03] 988.7, 121.9, 8.122
[17:48:04] 989.1, 121.9, 8.131
[17:48:05] 989.5, 121.9, 8.134
[17:48:06] 990.0, 121.9, 8.146
[17:48:07] 990.5, 121.9, 8.140
[17:48:08] 991.0, 121.9, 8.139
[17:48:09] 991.3, 121.9, 8.145
[17:48:10] 991.7, 121.9, 8.149
[17:48:11] 992.2, 121.9, 8.150
[17:48:12] 992.6, 121.9, 8.153
[17:48:13] 993.0, 122.0, 8.150
[17:48:14] 993.3, 122.0, 8.149
[17:48:15] 993.7, 122.0, 8.156
[17:48:16] 994.1, 121.9, 8.151
[17:48:17] 994.3, 121.9, 8.159
[17:48:18] 994.6, 122.6, 5.267
[17:48:19] 683.7, 122.6, 5.235
[17:48:20] 643.2, 122.6, 5.225
[17:48:21] 643.0, 122.6, 5.217
