<<<[05:31:33] 647.8, 124.8, 5.175
[05:31:34] 647.5, 124.7, 5.173
[05:31:35] 647.2, 124.5, 5.385
[05:31:36] 665.4, 124.7, 5.324
[05:31:37] 665.3, 124.7, 5.340
[05:31:38] 665.7, 124.6, 5.327
[05:31:39] 665.7, 124.7, 5.421
[05:31:40] 665.8, 124.6, 5.248
[05:31:41] 654.2, 124.7, 5.168
[05:31:42] 646.1, 124.7, 5.177
[05:31:43] 646.0, 124.7, 5.179
[05:31:44] 645.9, 124.6, 5.177
[05:31:45] 724.8, 124.8, 5.186
[05:31:46] 660.1, 124.8, 5.176
[05:31:47] 645.1, 124.6, 5.172
[05:31:48] 645.0, 124.7, 5.175
[05:31:49] 645.0, 124.7, 5.173
[05:31:50] 718.9, 124.8, 5.181
[05:31:51] 659.5, 124.7, 5.176
[05:31:52] 645.1, 124.7, 5.169
[05:31:53] 645.0, 124.8, 5.174
[05:31:54] 644.9, 124.8, 5.172
[05:31:55] 717.8, 124.7, 5.180
[05:31:56] 660.1, 124.8, 5.169
[05:31:57] 644.5, 124.8, 5.161
[05:31:58] 644.4, 124.8, 5.167
[05:31:59] 644.4, 124.8, 5.168
[05:32:00] 717.0, 124.8, 5.177
[05:32:01] 659.5, 124.7, 5.171
[05:32:02] 644.7, 124.7, 5.170
[05:32:03] 644.6, 124.8, 5.175
[05:32:04] 644.6, 124.7, 5.168
[05:32:05] 715.4, 124.7, 5.184
[05:32:06] 660.1, 124.8, 5.176
[05:32:07] 644.7, 124.7, 5.185
[05:32:08] 644.8, 124.8, 5.182
[05:32:09] 644.8, 124.7, 5.186
[05:32:10] 714.4, 124.7, 5.174
[05:32:11] 659.9, 124.8, 5.170
[05:32:12] 644.3, 124.7, 5.164
[05:32:13] 644.2, 124.8, 5.151
[05:32:14] 644.1, 124.7, 5.164
[05:32:15] 708.7, 124.8, 5.177
[05:32:16] 660.1, 124.7, 5.167
[05:32:17] 643.7, 124.7, 5.166
[05:32:18] 643.7, 124.7, 5.166
[05:32:19] 643.7, 124.8, 5.168
[05:32:20] 701.4, 124.6, 5.259
[05:32:21] 708.1, 124.8, 5.185
[05:32:22] 645.3, 124.7, 5.177
[05:32:23] 645.1, 124.7, 5.182
[05:32:24] 645.1, 124.6, 5.184
[05:32:25] 673.9, 124.6, 6.284
[05:32:26] 771.9, 124.7, 5.169
[05:32:27] 643.9, 124.7, 5.172
[05:32:28] 643.9, 124.8, 5.165
[05:32:29] 643.9, 124.8, 5.151
[05:32:30] 643.7, 124.1, 8.009
[05:32:31] 869.7, 124.7, 5.175
[05:32:32] 644.5, 124.8, 5.168
[05:32:33] 644.4, 124.8, 5.169
[05:32:34] 644.3, 124.7, 5.166
[05:32:35] 644.2, 124.7, 5.170
[05:32:36] 802.8, 124.3, 7.351
[05:32:37] 851.0, 124.7, 5.178
[05:32:38] 644.7, 124.7, 5.170
[05:32:39] 644.6, 124.8, 5.179
[05:32:40] 644.5, 124.8, 5.169
[05:32:41] 644.4, 124.1, 7.532
[05:32:42] 857.9, 124.0, 8.050
[05:32:43] 1000.2, 124.6, 6.330
[05:32:44] 770.1, 124.8, 5.187
[05:32:45] 645.7, 124.7, 5.165
[05:32:46] 645.5, 124.7, 5.173
[05:32:47] 645.3, 124.8, 5.170
[05:32:48] 645.1, 124.1, 8.030
[05:32:49] 969.9, 124.1, 8.056
[05:32:50] 1001.4, 124.0, 8.073
[05:32:51] 1001.6, 124.2, 7.599
[05:32:52] 861.8, 124.7, 5.193
[05:32:53] 646.9, 124.8, 5.184
[05:32:54] 646.7, 124.8, 5.179
[05:32:55] 646.5, 124.7, 5.177
[05:32:56] 646.2, 124.2, 6.932
[05:32:57] 837.8, 124.0, 8.059
[05:32:58] 1002.2, 124.1, 8.075
[05:32:59] 1002.3, 124.1, 8.086
[05:33:00] 1002.7, 124.1, 8.097
[05:33:01] 1003.0, 124.1, 8.106
[05:33:02] 1003.5, 124.0, 8.115
[05:33:03] 1004.1, 124.5, 6.419
[05:33:04] 786.7, 124.7, 5.202
[05:33:05] 647.5, 124.8, 5.194
[05:33:06] 647.4, 124.8, 5.188
[05:33:07] 647.2, 124.7, 5.187
[05:33:08] 646.9, 124.0, 8.026
[05:33:09] 934.9, 124.0, 8.084
[05:33:10] 1003.6, 124.0, 8.095
[05:33:11] 1003.8, 124.0, 8.107
[05:33:12] 1004.2, 123.9, 8.117
[05:33:13] 1004.6, 124.0, 8.113
[05:33:14] 1005.0, 124.0, 8.118
[05:33:15] 1005.4, 124.1, 8.127
[05:33:16] 1005.9, 124.1, 8.126
[05:33:17] 1006.3, 124.0, 8.126
[05:33:18] 1006.8, 124.0, 8.131
[05:33:19] 1007.2, 124.1, 8.136
[05:33:20] 1007.7, 124.0, 8.140
[05:33:21] 1008.1, 124.0, 8.143
[05:33:22] 887.8, 124.7, 5.225
[05:33:23] 650.0, 124.6, 5.214
[05:33:24] 649.7, 124.8, 5.201
[05:33:25] 649.4, 124.8, 5.196
