<<<[10:15:50] 651.5, 123.2, 5.254
[10:15:51] 651.0, 123.2, 5.258
[10:15:52] 650.7, 123.1, 5.390
[10:15:53] 659.9, 123.2, 5.337
[10:15:54] 659.2, 123.1, 5.257
[10:15:55] 647.9, 123.1, 5.279
[10:15:56] 648.0, 123.2, 5.267
[10:15:57] 648.2, 123.1, 5.264
[10:15:58] 648.2, 122.9, 6.840
[10:15:59] 743.3, 123.2, 5.253
[10:16:00] 647.5, 123.2, 5.253
[10:16:01] 647.4, 123.1, 5.243
[10:16:02] 647.4, 123.2, 5.251
[10:16:03] 647.3, 122.8, 6.930
[10:16:04] 742.0, 123.1, 5.251
[10:16:05] 647.3, 123.2, 5.243
[10:16:06] 647.2, 123.1, 5.247
[10:16:07] 647.1, 123.1, 5.248
[10:16:08] 647.1, 122.8, 7.004
[10:16:09] 742.2, 123.1, 5.267
[10:16:10] 648.1, 123.2, 5.245
[10:16:11] 647.9, 123.1, 5.265
[10:16:12] 647.8, 123.2, 5.262
[10:16:13] 647.8, 122.9, 7.062
[10:16:14] 740.0, 123.2, 5.247
[10:16:15] 647.1, 123.1, 5.245
[10:16:16] 647.0, 123.2, 5.247
[10:16:17] 646.9, 123.1, 5.246
[10:16:18] 646.9, 122.8, 7.120
[10:16:19] 738.8, 123.2, 5.246
[10:16:20] 646.9, 123.1, 5.248
[10:16:21] 646.8, 123.2, 5.246
[10:16:22] 646.7, 123.1, 5.242
[10:16:23] 646.6, 122.8, 7.183
[10:16:24] 737.2, 123.2, 5.242
[10:16:25] 646.5, 123.1, 5.246
[10:16:26] 646.6, 123.2, 5.243
[10:16:27] 646.5, 123.2, 5.257
[10:16:28] 646.6, 122.8, 7.196
[10:16:29] 732.5, 123.1, 5.242
[10:16:30] 645.9, 123.1, 5.242
[10:16:31] 645.9, 123.2, 5.240
[10:16:32] 645.9, 123.0, 5.243
[10:16:33] 645.9, 122.7, 7.191
[10:16:34] 724.7, 123.1, 5.233
[10:16:35] 645.7, 123.2, 5.239
[10:16:36] 645.7, 123.1, 5.240
[10:16:37] 645.7, 123.2, 5.240
[10:16:38] 645.7, 122.6, 7.212
[10:16:39] 758.7, 123.2, 5.237
[10:16:40] 645.9, 123.1, 5.238
[10:16:41] 645.8, 123.2, 5.237
[10:16:42] 645.8, 123.1, 5.237
[10:16:43] 645.8, 122.7, 6.720
[10:16:44] 776.8, 123.0, 5.249
[10:16:45] 646.1, 123.2, 5.244
[10:16:46] 646.0, 123.1, 5.242
[10:16:47] 646.0, 123.1, 5.238
[10:16:48] 646.0, 123.0, 5.240
[10:16:49] 720.7, 122.6, 7.276
[10:16:50] 788.4, 123.1, 5.248
[10:16:51] 646.9, 123.2, 5.232
[10:16:52] 646.8, 123.0, 5.241
[10:16:53] 646.7, 123.2, 5.240
[10:16:54] 646.5, 122.6, 7.366
[10:16:55] 843.0, 122.7, 7.282
[10:16:56] 793.0, 123.1, 5.241
[10:16:57] 646.9, 123.1, 5.241
[10:16:58] 646.7, 123.2, 5.242
[10:16:59] 646.6, 123.1, 5.239
[10:17:00] 646.6, 122.6, 7.217
[10:17:01] 818.5, 122.5, 7.448
[10:17:02] 915.4, 122.6, 7.473
[10:17:03] 850.0, 123.2, 5.260
[10:17:04] 648.3, 123.1, 5.251
[10:17:05] 648.1, 123.2, 5.245
[10:17:06] 647.8, 123.0, 5.235
[10:17:07] 647.6, 123.0, 5.318
[10:17:08] 771.5, 122.5, 7.463
[10:17:09] 915.6, 122.6, 7.478
[10:17:10] 915.8, 122.5, 7.482
[10:17:11] 916.0, 122.5, 7.485
[10:17:12] 916.0, 123.0, 5.294
[10:17:13] 692.6, 123.1, 5.258
[10:17:14] 648.1, 123.0, 5.255
[10:17:15] 648.0, 123.1, 5.267
[10:17:16] 648.0, 123.0, 5.263
[10:17:17] 682.9, 122.5, 7.448
[10:17:18] 915.0, 122.5, 7.480
[10:17:19] 915.3, 122.5, 7.486
[10:17:20] 915.6, 122.6, 7.492
[10:17:21] 916.1, 122.5, 7.489
[10:17:22] 916.4, 122.6, 7.504
[10:17:23] 917.0, 122.5, 7.506
[10:17:24] 917.4, 122.5, 7.508
[10:17:25] 917.9, 122.6, 7.512
[10:17:26] 857.7, 123.0, 5.277
[10:17:27] 649.9, 123.0, 5.262
[10:17:28] 649.8, 123.1, 5.261
[10:17:29] 649.5, 123.0, 5.256
[10:17:30] 649.3, 123.0, 5.255
[10:17:31] 768.7, 122.6, 7.479
[10:17:32] 917.6, 122.6, 7.483
[10:17:33] 917.7, 122.5, 7.497
[10:17:34] 918.0, 122.6, 7.499
[10:17:35] 918.3, 122.6, 7.505
[10:17:36] 918.6, 122.6, 7.510
[10:17:37] 919.0, 122.6, 7.503
[10:17:38] 919.4, 122.6, 7.514
[10:17:39] 919.8, 122.5, 7.503
[10:17:40] 920.1, 122.6, 7.519
[10:17:41] 920.4, 122.5, 7.517
[10:17:42] 920.7, 122.6, 7.508
[10:17:43] 920.9, 122.5, 7.512
[10:17:44] 921.2, 122.6, 7.520
[10:17:45] 921.5, 122.5, 7.519
[10:17:46] 921.7, 122.6, 7.519
[10:17:47] 921.8, 122.6, 7.522
[10:17:48] 897.1, 123.2, 5.275
[10:17:49] 651.2, 123.1, 5.272
[10:17:50] 650.9, 123.1, 5.264
[10:17:51] 650.7, 123.2, 5.258
