<<<[12:35:49] 648.2, 122.6, 5.271
[12:35:50] 647.9, 122.7, 5.255
[12:35:51] 647.5, 122.6, 5.272
[12:35:52] 647.5, 122.6, 5.464
[12:35:53] 670.5, 122.6, 5.434
[12:35:54] 670.0, 122.6, 5.448
[12:35:55] 669.8, 122.7, 5.427
[12:35:56] 669.5, 122.6, 5.467
[12:35:57] 669.3, 122.6, 5.443
[12:35:58] 669.0, 122.6, 5.405
[12:35:59] 668.6, 122.6, 5.415
[12:36:00] 668.3, 122.5, 5.418
[12:36:01] 667.8, 122.6, 5.534
[12:36:02] 667.9, 122.5, 5.416
[12:36:03] 667.4, 122.5, 5.419
[12:36:04] 667.3, 122.6, 5.415
[12:36:05] 667.5, 122.5, 5.419
[12:36:06] 667.6, 122.6, 5.406
[12:36:07] 667.2, 122.6, 5.417
[12:36:08] 667.0, 122.6, 5.413
[12:36:09] 666.9, 122.6, 5.413
[12:36:10] 666.8, 122.5, 5.408
[12:36:11] 666.6, 122.6, 5.415
[12:36:12] 666.3, 122.5, 5.413
[12:36:13] 666.6, 122.4, 5.524
[12:36:14] 666.4, 122.6, 5.260
[12:36:15] 644.5, 122.5, 5.272
[12:36:16] 644.5, 122.6, 5.273
[12:36:17] 644.6, 122.5, 5.274
[12:36:18] 644.6, 122.6, 5.255
[12:36:19] 741.6, 122.5, 5.279
[12:36:20] 645.1, 122.6, 5.274
[12:36:21] 645.0, 122.5, 5.275
[12:36:22] 645.0, 122.6, 5.254
[12:36:23] 644.8, 122.5, 5.270
[12:36:24] 736.5, 122.6, 5.277
[12:36:25] 644.3, 122.5, 5.272
[12:36:26] 644.3, 122.6, 5.253
[12:36:27] 644.3, 122.6, 5.271
[12:36:28] 644.3, 122.5, 5.270
[12:36:29] 727.6, 122.6, 5.258
[12:36:30] 643.7, 122.5, 5.256
[12:36:31] 643.7, 122.6, 5.276
[12:36:32] 643.9, 122.6, 5.269
[12:36:33] 644.1, 122.5, 5.274
[12:36:34] 714.4, 122.6, 5.291
[12:36:35] 689.6, 122.6, 5.267
[12:36:36] 644.5, 122.6, 5.267
[12:36:37] 644.4, 122.6, 5.269
[12:36:38] 644.4, 122.6, 5.250
[12:36:39] 660.7, 122.0, 7.312
[12:36:40] 805.9, 122.5, 5.274
[12:36:41] 644.5, 122.5, 5.271
[12:36:42] 644.5, 122.6, 5.257
[12:36:43] 644.4, 122.6, 5.269
[12:36:44] 644.4, 122.1, 7.603
[12:36:45] 853.2, 122.5, 5.778
[12:36:46] 743.3, 122.6, 5.260
[12:36:47] 644.5, 122.5, 5.273
[12:36:48] 644.5, 122.5, 5.268
[12:36:49] 644.5, 122.6, 5.272
[12:36:50] 644.5, 121.9, 7.738
[12:36:51] 939.2, 122.1, 7.497
[12:36:52] 868.3, 122.6, 5.278
[12:36:53] 645.9, 122.7, 5.273
[12:36:54] 645.8, 122.5, 5.261
[12:36:55] 645.6, 122.6, 5.272
[12:36:56] 645.5, 122.0, 6.802
[12:36:57] 809.3, 122.0, 7.762
[12:36:58] 947.9, 121.9, 7.772
[12:36:59] 948.0, 122.0, 7.361
[12:37:00] 813.8, 122.5, 5.289
[12:37:01] 646.5, 122.6, 5.267
[12:37:02] 646.4, 122.4, 5.269
[12:37:03] 646.2, 122.5, 5.281
[12:37:04] 646.0, 121.9, 7.629
[12:37:05] 856.7, 122.0, 7.767
[12:37:06] 948.5, 122.0, 7.783
[12:37:07] 948.7, 121.9, 7.791
[12:37:08] 948.9, 121.9, 7.795
[12:37:09] 949.2, 121.9, 7.792
[12:37:10] 949.4, 122.6, 5.343
[12:37:11] 701.8, 122.5, 5.295
[12:37:12] 647.5, 122.4, 5.291
[12:37:13] 647.3, 122.6, 5.286
[12:37:14] 647.2, 122.5, 5.267
[12:37:15] 647.4, 121.9, 7.765
[12:37:16] 948.5, 121.9, 7.783
[12:37:17] 948.6, 122.0, 7.789
[12:37:18] 949.0, 121.9, 7.787
[12:37:19] 949.2, 121.9, 7.808
[12:37:20] 949.7, 121.9, 7.807
[12:37:21] 950.1, 122.0, 7.812
[12:37:22] 950.5, 121.9, 7.809
[12:37:23] 950.9, 121.9, 7.817
[12:37:24] 951.4, 121.9, 7.814
[12:37:25] 951.8, 121.9, 7.822
[12:37:26] 952.3, 122.6, 5.638
[12:37:27] 753.6, 122.5, 5.308
[12:37:28] 649.7, 122.6, 5.299
[12:37:29] 649.5, 122.5, 5.297
[12:37:30] 649.4, 122.6, 5.275
