<<<[23:23:30] 639.8, 124.1, 5.126
[23:23:31] 639.4, 124.1, 5.127
[23:23:32] 639.1, 124.2, 5.126
[23:23:33] 639.4, 124.1, 5.260
[23:23:34] 653.0, 124.2, 5.165
[23:23:35] 640.4, 124.1, 5.138
[23:23:36] 640.1, 124.2, 5.134
[23:23:37] 639.8, 124.1, 5.134
[23:23:38] 639.6, 124.1, 5.134
[23:23:39] 686.1, 124.2, 5.177
[23:23:40] 686.1, 124.1, 5.130
[23:23:41] 637.6, 124.2, 5.129
[23:23:42] 637.5, 124.2, 5.129
[23:23:43] 637.4, 124.2, 5.128
[23:23:44] 683.1, 124.1, 5.171
[23:23:45] 683.6, 124.2, 5.131
[23:23:46] 637.3, 124.1, 5.129
[23:23:47] 637.3, 124.2, 5.129
[23:23:48] 637.3, 124.2, 5.134
[23:23:49] 681.3, 124.1, 5.171
[23:23:50] 687.8, 124.2, 5.130
[23:23:51] 637.3, 124.1, 5.132
[23:23:52] 637.3, 124.2, 5.130
[23:23:53] 637.3, 124.2, 5.129
[23:23:54] 679.0, 124.1, 5.176
[23:23:55] 689.4, 124.2, 5.131
[23:23:56] 637.6, 124.1, 5.128
[23:23:57] 637.5, 124.2, 5.131
[23:23:58] 637.4, 124.2, 5.126
[23:23:59] 676.0, 124.1, 5.179
[23:24:00] 690.4, 124.1, 5.127
[23:24:01] 637.6, 124.2, 5.135
[23:24:02] 637.5, 124.1, 5.125
[23:24:03] 637.5, 124.2, 5.129
[23:24:04] 672.5, 124.2, 5.177
[23:24:05] 691.6, 124.2, 5.128
[23:24:06] 637.5, 124.2, 5.124
[23:24:07] 637.4, 124.2, 5.126
[23:24:08] 637.3, 124.2, 5.124
[23:24:09] 665.6, 124.2, 5.183
[23:24:10] 692.2, 124.2, 5.124
[23:24:11] 636.9, 124.2, 5.124
[23:24:12] 636.9, 124.2, 5.128
[23:24:13] 636.9, 124.2, 5.120
[23:24:14] 651.2, 124.1, 5.892
[23:24:15] 743.7, 124.2, 5.132
[23:24:16] 637.1, 124.2, 5.123
[23:24:17] 637.1, 124.2, 5.124
[23:24:18] 637.1, 124.2, 5.124
[23:24:19] 637.0, 123.7, 7.133
[23:24:20] 786.9, 124.2, 5.126
[23:24:21] 637.5, 124.2, 5.128
[23:24:22] 637.4, 124.2, 5.122
[23:24:23] 637.3, 124.2, 5.123
[23:24:24] 637.4, 123.6, 7.265
[23:24:25] 793.3, 124.2, 5.128
[23:24:26] 637.3, 124.1, 5.126
[23:24:27] 637.2, 124.2, 5.128
[23:24:28] 637.2, 124.1, 5.121
[23:24:29] 637.1, 124.1, 5.130
[23:24:30] 734.7, 123.7, 7.190
[23:24:31] 805.9, 124.1, 5.130
[23:24:32] 637.8, 124.2, 5.124
[23:24:33] 637.7, 124.2, 5.130
[23:24:34] 637.7, 124.2, 5.120
[23:24:35] 637.6, 123.7, 6.824
[23:24:36] 794.9, 123.6, 7.326
[23:24:37] 906.1, 124.2, 5.220
[23:24:38] 700.4, 124.2, 5.135
[23:24:39] 637.8, 124.1, 5.131
[23:24:40] 637.7, 124.2, 5.125
[23:24:41] 637.7, 124.1, 5.129
[23:24:42] 647.5, 123.6, 7.311
[23:24:43] 905.7, 123.7, 7.336
[23:24:44] 906.0, 123.6, 7.346
[23:24:45] 906.5, 124.2, 5.233
[23:24:46] 704.2, 124.1, 5.138
[23:24:47] 638.2, 124.1, 5.132
[23:24:48] 638.2, 124.2, 5.133
[23:24:49] 638.1, 124.1, 5.128
[23:24:50] 638.0, 123.6, 7.317
[23:24:51] 891.2, 123.7, 7.342
[23:24:52] 908.9, 123.6, 7.346
[23:24:53] 909.0, 123.6, 7.353
[23:24:54] 909.1, 123.6, 7.356
[23:24:55] 909.3, 123.6, 7.357
[23:24:56] 909.6, 124.0, 6.281
[23:24:57] 761.1, 124.2, 5.152
[23:24:58] 640.0, 124.2, 5.138
[23:24:59] 639.8, 124.2, 5.138
[23:25:00] 639.7, 124.2, 5.139
[23:25:01] 639.5, 123.5, 7.273
[23:25:02] 842.4, 123.6, 7.342
[23:25:03] 909.5, 123.6, 7.360
[23:25:04] 909.6, 123.5, 7.357
[23:25:05] 909.7, 123.5, 7.364
[23:25:06] 909.9, 123.5, 7.373
[23:25:07] 910.3, 123.6, 7.381
[23:25:08] 910.6, 123.6, 7.375
[23:25:09] 911.0, 123.6, 7.386
[23:25:10] 911.3, 123.6, 7.378
[23:25:11] 911.6, 123.7, 7.373
[23:25:12] 911.9, 123.7, 7.378
[23:25:13] 912.1, 123.7, 7.374
[23:25:14] 808.1, 124.2, 5.164
[23:25:15] 641.2, 124.2, 5.150
[23:25:16] 641.1, 124.2, 5.149
[23:25:17] 641.0, 124.3, 5.143
[23:25:18] 640.8, 124.3, 5.142
<<<[00:37:46] 641.5, 124.9, 5.119
[00:37:47] 641.1, 124.9, 5.130
[00:37:48] 640.9, 124.9, 5.262
[00:37:49] 656.3, 124.9, 5.112
[00:37:50] 641.0, 124.9, 5.119
[00:37:51] 640.6, 124.9, 5.122
[00:37:52] 640.4, 124.9, 5.117
[00:37:53] 640.1, 125.0, 5.120
[00:37:54] 639.8, 124.7, 6.431
[00:37:55] 733.9, 124.9, 5.120
[00:37:56] 638.0, 124.9, 5.113
[00:37:57] 637.9, 124.9, 5.117
[00:37:58] 637.9, 125.0, 5.112
[00:37:59] 637.9, 124.6, 6.486
[00:38:00] 730.9, 125.0, 5.127
[00:38:01] 638.8, 124.8, 5.129
[00:38:02] 638.8, 125.0, 5.116
[00:38:03] 638.6, 124.9, 5.129
[00:38:04] 638.6, 124.8, 6.554
[00:38:05] 730.8, 124.9, 5.105
[00:38:06] 637.1, 125.0, 5.114
[00:38:07] 637.1, 124.9, 5.116
[00:38:08] 637.2, 125.0, 5.111
[00:38:09] 637.2, 124.6, 6.630
[00:38:10] 729.8, 124.9, 5.112
[00:38:11] 637.6, 125.0, 5.117
[00:38:12] 637.6, 124.9, 5.112
[00:38:13] 637.5, 124.8, 5.117
[00:38:14] 637.5, 124.7, 6.697
[00:38:15] 728.4, 124.8, 5.118
[00:38:16] 637.8, 124.9, 5.111
[00:38:17] 637.7, 124.9, 5.110
[00:38:18] 637.7, 125.0, 5.107
[00:38:19] 637.6, 124.6, 6.772
[00:38:20] 725.4, 125.0, 5.108
[00:38:21] 637.5, 124.9, 5.098
[00:38:22] 637.4, 125.0, 5.112
[00:38:23] 637.3, 124.9, 5.126
[00:38:24] 637.5, 124.7, 6.834
[00:38:25] 719.9, 125.0, 5.114
[00:38:26] 637.3, 124.9, 5.105
[00:38:27] 637.3, 125.0, 5.110
[00:38:28] 637.3, 124.9, 5.105
[00:38:29] 637.2, 124.5, 7.034
[00:38:30] 756.7, 124.9, 5.109
[00:38:31] 637.5, 125.0, 5.116
[00:38:32] 637.4, 125.0, 5.104
[00:38:33] 637.4, 124.9, 5.108
[00:38:34] 637.3, 124.5, 7.068
[00:38:35] 784.7, 125.0, 5.113
[00:38:36] 636.9, 124.9, 5.107
[00:38:37] 636.9, 125.0, 5.104
[00:38:38] 636.9, 124.9, 5.112
[00:38:39] 636.9, 124.8, 5.149
[00:38:40] 759.7, 125.0, 5.125
[00:38:41] 669.5, 124.9, 5.114
[00:38:42] 637.3, 124.9, 5.110
[00:38:43] 637.3, 124.9, 5.124
[00:38:44] 637.3, 124.8, 5.122
[00:38:45] 657.1, 124.4, 7.255
[00:38:46] 882.7, 125.0, 5.118
[00:38:47] 637.8, 124.9, 5.110
[00:38:48] 637.7, 124.9, 5.105
[00:38:49] 637.6, 125.0, 5.110
[00:38:50] 637.6, 124.9, 5.108
[00:38:51] 715.0, 124.5, 7.254
[00:38:52] 904.0, 124.4, 7.105
[00:38:53] 778.0, 124.9, 5.109
[00:38:54] 637.3, 124.9, 5.113
[00:38:55] 637.3, 124.8, 5.114
[00:38:56] 637.4, 124.9, 5.107
[00:38:57] 637.3, 124.4, 7.201
[00:38:58] 835.3, 124.4, 7.282
[00:38:59] 906.3, 124.3, 7.292
[00:39:00] 906.4, 124.4, 7.140
[00:39:01] 782.7, 124.8, 5.129
[00:39:02] 638.8, 124.8, 5.114
[00:39:03] 638.7, 125.0, 5.115
[00:39:04] 638.5, 124.9, 5.106
[00:39:05] 638.3, 124.4, 7.071
[00:39:06] 812.6, 124.3, 7.282
[00:39:07] 906.7, 124.3, 7.290
[00:39:08] 906.7, 124.3, 7.293
[00:39:09] 906.9, 124.4, 7.299
[00:39:10] 907.1, 124.3, 7.303
[00:39:11] 907.4, 124.3, 7.296
[00:39:12] 839.8, 124.8, 5.131
[00:39:13] 640.2, 125.0, 5.125
[00:39:14] 640.0, 124.8, 5.117
[00:39:15] 639.8, 124.9, 5.118
[00:39:16] 639.6, 124.7, 5.340
[00:39:17] 766.2, 124.4, 7.292
[00:39:18] 906.5, 124.3, 7.296
[00:39:19] 906.7, 124.4, 7.301
[00:39:20] 907.0, 124.4, 7.305
[00:39:21] 907.3, 124.4, 7.311
[00:39:22] 907.7, 124.4, 7.311
[00:39:23] 908.1, 124.4, 7.322
[00:39:24] 908.5, 124.5, 7.301
[00:39:25] 908.9, 124.4, 7.327
[00:39:26] 909.2, 124.4, 7.324
[00:39:27] 909.6, 124.5, 7.322
[00:39:28] 909.9, 124.4, 7.320
[00:39:29] 875.4, 124.9, 5.230
[00:39:30] 648.9, 125.0, 5.132
[00:39:31] 640.8, 125.0, 5.126
[00:39:32] 640.6, 125.0, 5.121
