<<<[19:33:40] 637.1, 123.4, 5.175
[19:33:41] 637.0, 123.4, 5.172
[19:33:42] 637.0, 123.3, 5.323
[19:33:43] 655.2, 123.4, 5.320
[19:33:44] 654.9, 123.4, 5.317
[19:33:45] 654.8, 123.3, 5.184
[19:33:46] 637.5, 123.4, 5.165
[19:33:47] 637.5, 123.2, 5.183
[19:33:48] 637.5, 123.3, 5.185
[19:33:49] 637.5, 123.4, 5.184
[19:33:50] 656.2, 123.3, 5.332
[19:33:51] 713.0, 123.3, 5.182
[19:33:52] 637.3, 123.3, 5.187
[19:33:53] 637.3, 123.3, 5.182
[19:33:54] 637.2, 123.3, 5.161
[19:33:55] 651.8, 123.3, 5.365
[19:33:56] 715.2, 123.3, 5.183
[19:33:57] 637.1, 123.3, 5.159
[19:33:58] 637.0, 123.4, 5.161
[19:33:59] 637.0, 123.3, 5.178
[19:34:00] 650.2, 123.3, 5.374
[19:34:01] 716.4, 123.3, 5.184
[19:34:02] 637.3, 123.2, 5.162
[19:34:03] 637.2, 123.3, 5.180
[19:34:04] 637.2, 123.4, 5.182
[19:34:05] 648.7, 123.3, 5.386
[19:34:06] 717.4, 123.3, 5.160
[19:34:07] 637.1, 123.4, 5.178
[19:34:08] 637.1, 123.3, 5.178
[19:34:09] 637.0, 123.4, 5.174
[19:34:10] 645.7, 123.4, 5.374
[19:34:11] 717.8, 123.4, 5.179
[19:34:12] 637.1, 123.3, 5.178
[19:34:13] 637.0, 123.4, 5.176
[19:34:14] 637.0, 123.4, 5.155
[19:34:15] 637.5, 123.4, 5.410
[19:34:16] 720.5, 123.3, 5.181
[19:34:17] 637.1, 123.3, 5.177
[19:34:18] 637.0, 123.3, 5.161
[19:34:19] 636.9, 123.2, 5.179
[19:34:20] 636.9, 123.3, 5.431
[19:34:21] 720.1, 123.3, 5.177
[19:34:22] 636.9, 123.3, 5.163
[19:34:23] 636.9, 123.4, 5.176
[19:34:24] 636.9, 123.2, 5.184
[19:34:25] 636.8, 123.4, 5.449
[19:34:26] 710.9, 123.3, 5.159
[19:34:27] 636.7, 123.4, 5.176
[19:34:28] 636.7, 123.3, 5.178
[19:34:29] 636.7, 123.4, 5.177
[19:34:30] 636.7, 122.8, 7.178
[19:34:31] 741.0, 123.3, 5.176
[19:34:32] 636.9, 123.4, 5.177
[19:34:33] 636.8, 123.3, 5.175
[19:34:34] 636.8, 123.4, 5.159
[19:34:35] 636.8, 122.8, 7.291
[19:34:36] 803.4, 123.3, 5.182
[19:34:37] 636.7, 123.3, 5.178
[19:34:38] 636.7, 123.3, 5.161
[19:34:39] 636.7, 123.3, 5.175
[19:34:40] 636.6, 123.3, 5.177
[19:34:41] 727.4, 122.8, 7.223
[19:34:42] 788.4, 123.4, 5.163
[19:34:43] 637.3, 123.3, 5.179
[19:34:44] 637.2, 123.4, 5.176
[19:34:45] 637.1, 123.2, 5.178
[19:34:46] 637.0, 122.8, 7.188
[19:34:47] 815.0, 122.8, 7.475
[19:34:48] 902.8, 123.2, 5.192
[19:34:49] 637.8, 123.4, 5.182
[19:34:50] 637.7, 123.3, 5.161
[19:34:51] 637.6, 123.3, 5.183
[19:34:52] 637.6, 123.1, 5.190
[19:34:53] 709.5, 122.7, 7.473
[19:34:54] 918.3, 122.7, 7.498
[19:34:55] 918.6, 122.7, 7.410
[19:34:56] 849.1, 123.2, 5.202
[19:34:57] 639.4, 123.3, 5.194
[19:34:58] 639.2, 123.3, 5.171
[19:34:59] 639.1, 123.2, 5.181
[19:35:00] 638.8, 123.0, 6.079
[19:35:01] 781.3, 122.6, 7.493
[19:35:02] 920.5, 122.6, 7.509
[19:35:03] 920.7, 122.7, 7.521
[19:35:04] 921.1, 122.7, 7.529
[19:35:05] 921.5, 122.6, 7.524
[19:35:06] 921.9, 123.3, 5.223
[19:35:07] 685.9, 123.3, 5.202
[19:35:08] 639.4, 123.3, 5.190
[19:35:09] 639.3, 123.3, 5.191
[19:35:10] 639.1, 123.4, 5.171
[19:35:11] 639.5, 122.7, 7.483
[19:35:12] 921.7, 122.7, 7.509
[19:35:13] 921.8, 122.7, 7.522
[19:35:14] 922.1, 122.7, 7.531
[19:35:15] 922.5, 122.7, 7.529
[19:35:16] 922.8, 122.7, 7.536
[19:35:17] 923.1, 122.7, 7.536
[19:35:18] 923.5, 122.7, 7.537
[19:35:19] 923.8, 122.7, 7.540
[19:35:20] 924.2, 122.6, 7.546
[19:35:21] 924.5, 122.8, 7.551
[19:35:22] 916.2, 123.3, 5.203
[19:35:23] 642.0, 123.4, 5.207
[19:35:24] 641.8, 123.3, 5.201
[19:35:25] 641.5, 123.3, 5.195
