<<<[21:01:57] 639.9, 123.0, 5.197
[21:01:58] 639.7, 123.1, 5.183
[21:01:59] 639.5, 123.0, 5.327
[21:02:00] 654.0, 123.0, 5.249
[21:02:01] 646.5, 123.1, 5.202
[21:02:02] 640.2, 123.0, 5.190
[21:02:03] 639.9, 123.2, 5.202
[21:02:04] 639.8, 123.2, 5.201
[21:02:05] 639.7, 122.7, 7.105
[21:02:06] 733.1, 123.2, 5.188
[21:02:07] 637.3, 123.2, 5.190
[21:02:08] 637.3, 123.2, 5.191
[21:02:09] 637.3, 123.1, 5.192
[21:02:10] 637.3, 122.8, 7.083
[21:02:11] 727.4, 123.1, 5.192
[21:02:12] 637.6, 123.2, 5.198
[21:02:13] 637.5, 123.1, 5.192
[21:02:14] 637.6, 123.1, 5.185
[21:02:15] 637.5, 122.6, 7.077
[21:02:16] 727.0, 123.1, 5.192
[21:02:17] 637.6, 123.1, 5.193
[21:02:18] 637.6, 123.1, 5.187
[21:02:19] 637.5, 123.2, 5.188
[21:02:20] 637.5, 122.6, 7.066
[21:02:21] 726.0, 123.1, 5.175
[21:02:22] 637.1, 123.2, 5.184
[21:02:23] 637.1, 123.1, 5.190
[21:02:24] 637.1, 123.1, 5.198
[21:02:25] 637.1, 122.6, 7.048
[21:02:26] 725.0, 123.1, 5.182
[21:02:27] 637.3, 123.1, 5.197
[21:02:28] 637.3, 123.1, 5.191
[21:02:29] 637.3, 123.1, 5.198
[21:02:30] 637.4, 122.7, 7.032
[21:02:31] 723.1, 123.1, 5.190
[21:02:32] 637.3, 123.0, 5.198
[21:02:33] 637.3, 123.0, 5.200
[21:02:34] 637.3, 123.1, 5.181
[21:02:35] 637.3, 122.5, 6.995
[21:02:36] 719.9, 123.0, 5.202
[21:02:37] 637.3, 123.0, 5.173
[21:02:38] 637.2, 123.1, 5.181
[21:02:39] 637.2, 123.0, 5.197
[21:02:40] 637.2, 122.7, 6.902
[21:02:41] 712.4, 123.0, 5.193
[21:02:42] 637.6, 123.1, 5.190
[21:02:43] 637.5, 123.0, 5.190
[21:02:44] 637.4, 123.1, 5.192
[21:02:45] 637.4, 122.6, 6.492
[21:02:46] 749.5, 123.1, 5.182
[21:02:47] 636.9, 123.1, 5.189
[21:02:48] 636.9, 123.1, 5.197
[21:02:49] 637.0, 123.1, 5.189
[21:02:50] 637.0, 123.1, 5.180
[21:02:51] 746.1, 123.1, 5.205
[21:02:52] 663.6, 123.1, 5.194
[21:02:53] 637.5, 123.1, 5.173
[21:02:54] 637.4, 123.1, 5.188
[21:02:55] 637.3, 123.1, 5.192
[21:02:56] 681.9, 122.6, 7.217
[21:02:57] 823.9, 123.0, 5.195
[21:02:58] 637.8, 123.1, 5.183
[21:02:59] 637.7, 123.0, 5.193
[21:03:00] 637.6, 123.1, 5.198
[21:03:01] 637.6, 122.4, 7.288
[21:03:02] 822.5, 122.5, 7.230
[21:03:03] 822.9, 123.0, 5.206
[21:03:04] 638.4, 123.1, 5.195
[21:03:05] 638.3, 123.0, 5.196
[21:03:06] 638.2, 123.1, 5.189
[21:03:07] 638.0, 122.4, 7.320
[21:03:08] 826.8, 122.5, 7.512
[21:03:09] 920.5, 122.6, 7.141
[21:03:10] 779.2, 123.0, 5.197
[21:03:11] 638.6, 123.0, 5.204
[21:03:12] 638.5, 123.1, 5.202
[21:03:13] 638.4, 123.1, 5.192
[21:03:14] 638.3, 122.6, 7.375
[21:03:15] 835.7, 122.5, 7.512
[21:03:16] 921.1, 122.5, 7.527
[21:03:17] 921.3, 122.5, 7.525
[21:03:18] 921.6, 122.6, 7.205
[21:03:19] 779.8, 123.0, 5.213
[21:03:20] 640.2, 123.1, 5.209
[21:03:21] 640.0, 123.1, 5.205
[21:03:22] 639.9, 123.1, 5.190
[21:03:23] 639.6, 122.5, 7.445
[21:03:24] 854.6, 122.5, 7.525
[21:03:25] 922.3, 122.5, 7.519
[21:03:26] 922.4, 122.5, 7.534
[21:03:27] 922.6, 122.4, 7.547
[21:03:28] 922.9, 122.5, 7.545
[21:03:29] 923.3, 122.5, 7.548
[21:03:30] 923.7, 122.4, 7.559
[21:03:31] 924.0, 123.0, 5.463
[21:03:32] 728.2, 123.1, 5.219
[21:03:33] 640.6, 123.1, 5.212
[21:03:34] 640.4, 123.1, 5.191
[21:03:35] 640.2, 123.0, 5.201
[21:03:36] 639.9, 122.5, 7.498
[21:03:37] 895.9, 122.6, 7.526
[21:03:38] 923.3, 122.5, 7.530
[21:03:39] 923.4, 122.4, 7.542
[21:03:40] 923.6, 122.5, 7.547
[21:03:41] 924.0, 122.5, 7.553
[21:03:42] 924.3, 122.5, 7.562
[21:03:43] 924.7, 122.5, 7.556
[21:03:44] 925.0, 122.6, 7.552
[21:03:45] 925.4, 122.5, 7.560
[21:03:46] 925.7, 122.6, 7.557
[21:03:47] 925.9, 122.5, 7.557
[21:03:48] 926.2, 122.4, 7.569
[21:03:49] 926.4, 122.5, 7.561
[21:03:50] 926.6, 122.5, 7.570
[21:03:51] 926.8, 122.5, 7.567
[21:03:52] 871.7, 123.0, 5.237
[21:03:53] 642.6, 123.0, 5.227
[21:03:54] 642.4, 123.1, 5.219
[21:03:55] 642.2, 123.0, 5.214
