<<<[12:52:19] 646.1, 122.6, 5.264
[12:52:20] 646.1, 122.6, 5.261
[12:52:21] 646.0, 122.5, 5.454
[12:52:22] 659.1, 122.6, 5.387
[12:52:23] 659.3, 122.6, 5.337
[12:52:24] 658.6, 122.6, 5.263
[12:52:25] 646.1, 122.6, 5.264
[12:52:26] 646.1, 122.6, 5.264
[12:52:27] 646.0, 122.6, 5.263
[12:52:28] 646.0, 122.1, 7.263
[12:52:29] 742.6, 122.5, 5.261
[12:52:30] 645.1, 122.6, 5.257
[12:52:31] 645.1, 122.6, 5.260
[12:52:32] 645.1, 122.5, 5.259
[12:52:33] 645.1, 122.1, 7.258
[12:52:34] 738.0, 122.6, 5.260
[12:52:35] 645.3, 122.5, 5.260
[12:52:36] 645.3, 122.4, 5.260
[12:52:37] 645.2, 122.6, 5.258
[12:52:38] 645.2, 122.1, 7.249
[12:52:39] 735.5, 122.5, 5.257
[12:52:40] 645.3, 122.5, 5.255
[12:52:41] 645.2, 122.6, 5.259
[12:52:42] 645.2, 122.5, 5.252
[12:52:43] 645.1, 122.0, 7.233
[12:52:44] 730.9, 122.6, 5.257
[12:52:45] 645.1, 122.5, 5.258
[12:52:46] 645.0, 122.5, 5.255
[12:52:47] 644.9, 122.5, 5.254
[12:52:48] 644.8, 122.2, 7.188
[12:52:49] 722.3, 122.7, 5.253
[12:52:50] 644.7, 122.6, 5.250
[12:52:51] 644.6, 122.6, 5.249
[12:52:52] 644.6, 122.6, 5.247
[12:52:53] 644.6, 122.1, 7.095
[12:52:54] 754.0, 122.6, 5.256
[12:52:55] 644.7, 122.6, 5.256
[12:52:56] 644.7, 122.6, 5.252
[12:52:57] 644.7, 122.5, 5.252
[12:52:58] 644.6, 122.5, 5.316
[12:52:59] 764.0, 122.6, 5.261
[12:53:00] 651.2, 122.6, 5.253
[12:53:01] 644.5, 122.7, 5.251
[12:53:02] 644.4, 122.7, 5.248
[12:53:03] 644.3, 122.6, 5.248
[12:53:04] 691.2, 122.0, 7.320
[12:53:05] 807.7, 122.6, 5.254
[12:53:06] 644.9, 122.6, 5.250
[12:53:07] 644.8, 122.6, 5.257
[12:53:08] 644.8, 122.5, 5.252
[12:53:09] 644.8, 122.0, 7.044
[12:53:10] 803.8, 121.9, 7.440
[12:53:11] 861.8, 122.6, 5.263
[12:53:12] 645.9, 122.6, 5.259
[12:53:13] 645.8, 122.5, 5.257
[12:53:14] 645.7, 122.5, 5.251
[12:53:15] 645.5, 122.5, 5.330
[12:53:16] 767.8, 122.0, 7.446
[12:53:17] 909.3, 122.0, 7.456
[12:53:18] 909.1, 122.5, 5.277
[12:53:19] 658.9, 122.6, 5.266
[12:53:20] 645.9, 122.5, 5.258
[12:53:21] 645.8, 122.5, 5.257
[12:53:22] 645.7, 122.5, 5.260
[12:53:23] 698.5, 122.1, 7.437
[12:53:24] 908.9, 122.0, 7.456
[12:53:25] 909.1, 121.9, 7.464
[12:53:26] 909.5, 122.0, 7.480
[12:53:27] 910.0, 122.0, 7.363
[12:53:28] 818.0, 122.5, 5.277
[12:53:29] 647.1, 122.5, 5.272
[12:53:30] 647.0, 122.6, 5.266
[12:53:31] 646.9, 122.6, 5.266
[12:53:32] 646.7, 122.0, 7.309
[12:53:33] 826.6, 122.0, 7.456
[12:53:34] 911.1, 122.0, 7.464
[12:53:35] 911.2, 122.0, 7.480
[12:53:36] 911.5, 122.1, 7.477
[12:53:37] 911.9, 122.0, 7.496
[12:53:38] 912.3, 122.0, 7.493
[12:53:39] 912.7, 122.0, 7.497
[12:53:40] 913.1, 122.0, 7.503
[12:53:41] 913.5, 122.1, 7.378
[12:53:42] 823.1, 122.5, 5.288
[12:53:43] 648.9, 122.5, 5.282
[12:53:44] 648.7, 122.6, 5.271
[12:53:45] 648.5, 122.6, 5.266
[12:53:46] 648.2, 122.0, 7.267
[12:53:47] 820.3, 121.9, 7.463
[12:53:48] 911.8, 122.0, 7.480
[12:53:49] 912.0, 122.0, 7.484
[12:53:50] 912.3, 122.1, 7.488
[12:53:51] 912.6, 122.0, 7.496
[12:53:52] 913.0, 122.1, 7.500
[12:53:53] 913.4, 122.0, 7.505
[12:53:54] 913.8, 122.0, 7.501
[12:53:55] 914.1, 122.0, 7.510
[12:53:56] 914.5, 122.0, 7.504
[12:53:57] 914.9, 121.9, 7.519
[12:53:58] 915.3, 121.9, 7.517
[12:53:59] 915.6, 122.0, 7.519
[12:54:00] 916.0, 122.1, 7.518
[12:54:01] 916.2, 122.0, 7.524
[12:54:02] 916.6, 122.0, 7.526
[12:54:03] 916.9, 122.0, 7.520
[12:54:04] 917.1, 122.4, 5.804
[12:54:05] 754.0, 122.5, 5.294
[12:54:06] 649.1, 122.5, 5.285
[12:54:07] 649.0, 122.6, 5.284
[12:54:08] 648.9, 122.5, 5.276
