<<<[13:51:22] 638.6, 122.6, 5.196
[13:51:23] 638.5, 122.7, 5.216
[13:51:24] 638.6, 122.7, 5.218
[13:51:25] 638.9, 122.5, 5.382
[13:51:26] 657.3, 122.6, 5.373
[13:51:27] 657.1, 122.6, 5.327
[13:51:28] 657.0, 122.6, 5.388
[13:51:29] 657.0, 122.6, 5.344
[13:51:30] 656.9, 122.6, 5.321
[13:51:31] 656.8, 122.6, 5.361
[13:51:32] 656.8, 122.5, 5.443
[13:51:33] 657.0, 122.7, 5.352
[13:51:34] 656.9, 122.6, 5.358
[13:51:35] 657.4, 122.7, 5.357
[13:51:36] 657.2, 122.7, 5.412
[13:51:37] 657.3, 122.7, 5.378
[13:51:38] 657.1, 122.6, 5.456
[13:51:39] 664.8, 122.7, 5.391
[13:51:40] 659.5, 122.7, 5.287
[13:51:41] 647.9, 122.7, 5.218
[13:51:42] 641.6, 122.7, 5.199
[13:51:43] 641.2, 122.8, 5.214
[13:51:44] 640.9, 122.8, 5.213
[13:51:45] 640.5, 122.6, 6.093
[13:51:46] 734.9, 122.7, 5.194
[13:51:47] 638.0, 122.8, 5.197
[13:51:48] 637.9, 122.7, 5.213
[13:51:49] 637.9, 122.6, 5.212
[13:51:50] 637.9, 122.5, 6.150
[13:51:51] 729.4, 122.7, 5.215
[13:51:52] 638.2, 122.7, 5.212
[13:51:53] 638.1, 122.6, 5.216
[13:51:54] 638.1, 122.6, 5.195
[13:51:55] 638.0, 122.5, 6.240
[13:51:56] 723.1, 122.6, 5.213
[13:51:57] 638.0, 122.7, 5.205
[13:51:58] 637.9, 122.7, 5.193
[13:51:59] 637.9, 122.7, 5.217
[13:52:00] 638.0, 122.2, 7.237
[13:52:01] 759.7, 122.7, 5.212
[13:52:02] 638.2, 122.7, 5.194
[13:52:03] 638.1, 122.7, 5.215
[13:52:04] 638.1, 122.7, 5.214
[13:52:05] 638.1, 122.1, 7.539
[13:52:06] 783.9, 122.7, 5.202
[13:52:07] 638.4, 122.6, 5.217
[13:52:08] 638.4, 122.7, 5.219
[13:52:09] 638.3, 122.7, 5.219
[13:52:10] 638.3, 122.6, 5.198
[13:52:11] 750.8, 122.5, 6.501
[13:52:12] 770.1, 122.7, 5.225
[13:52:13] 639.0, 122.7, 5.207
[13:52:14] 638.8, 122.7, 5.192
[13:52:15] 638.7, 122.8, 5.220
[13:52:16] 638.7, 122.1, 7.764
[13:52:17] 888.2, 122.2, 7.291
[13:52:18] 830.5, 122.8, 5.203
[13:52:19] 639.2, 122.7, 5.221
[13:52:20] 639.2, 122.7, 5.223
[13:52:21] 639.3, 122.8, 5.221
[13:52:22] 639.3, 122.1, 7.592
[13:52:23] 847.5, 122.0, 7.826
[13:52:24] 956.7, 122.1, 7.848
[13:52:25] 901.6, 122.7, 5.242
[13:52:26] 640.6, 122.6, 5.204
[13:52:27] 640.4, 122.7, 5.226
[13:52:28] 640.2, 122.7, 5.223
[13:52:29] 640.0, 122.7, 5.211
[13:52:30] 769.3, 122.1, 7.830
[13:52:31] 957.1, 122.1, 7.840
[13:52:32] 957.3, 122.0, 7.857
[13:52:33] 957.6, 122.0, 7.858
[13:52:34] 958.0, 122.7, 5.377
[13:52:35] 720.7, 122.6, 5.245
[13:52:36] 640.8, 122.7, 5.237
[13:52:37] 640.7, 122.7, 5.229
[13:52:38] 640.5, 122.6, 5.206
[13:52:39] 640.3, 122.0, 7.821
[13:52:40] 933.1, 121.9, 7.848
[13:52:41] 958.7, 122.0, 7.859
[13:52:42] 958.9, 122.1, 7.860
[13:52:43] 959.2, 122.0, 7.867
[13:52:44] 959.4, 122.1, 7.870
[13:52:45] 959.7, 122.0, 7.876
[13:52:46] 960.1, 122.1, 7.873
[13:52:47] 960.4, 122.0, 7.885
[13:52:48] 960.8, 122.7, 5.436
[13:52:49] 723.7, 122.7, 5.260
[13:52:50] 645.7, 122.7, 5.277
[13:52:51] 645.9, 122.7, 5.284
[13:52:52] 646.0, 122.7, 5.278
[13:52:53] 646.0, 122.0, 7.879
[13:52:54] 950.4, 121.9, 7.916
[13:52:55] 966.6, 122.0, 7.906
[13:52:56] 966.6, 122.1, 7.922
[13:52:57] 966.8, 122.0, 7.930
[13:52:58] 967.1, 122.0, 7.932
[13:52:59] 967.4, 121.9, 7.943
[13:53:00] 967.7, 121.9, 7.949
[13:53:01] 968.1, 122.0, 7.947
[13:53:02] 968.4, 121.9, 7.951
[13:53:03] 968.7, 121.9, 7.954
[13:53:04] 969.0, 121.9, 7.944
[13:53:05] 969.2, 122.0, 7.949
[13:53:06] 969.5, 121.8, 7.961
[13:53:07] 969.8, 122.0, 7.950
[13:53:08] 969.9, 121.9, 7.953
[13:53:09] 970.1, 121.9, 7.953
[13:53:10] 970.3, 121.9, 7.951
[13:53:11] 952.2, 122.6, 5.321
[13:53:12] 650.2, 122.6, 5.310
[13:53:13] 650.0, 122.5, 5.302
[13:53:14] 649.7, 122.6, 5.271
[13:53:15] 649.4, 122.6, 5.294
