<<<[19:18:25] 638.3, 123.6, 5.151
[19:18:26] 638.3, 123.6, 5.155
[19:18:27] 638.3, 123.6, 5.152
[19:18:28] 647.1, 123.5, 5.324
[19:18:29] 658.3, 123.5, 5.279
[19:18:30] 658.0, 123.5, 5.318
[19:18:31] 657.9, 123.5, 5.322
[19:18:32] 657.8, 123.6, 5.301
[19:18:33] 657.7, 123.6, 5.298
[19:18:34] 657.5, 123.5, 5.293
[19:18:35] 657.4, 123.6, 5.276
[19:18:36] 657.2, 123.5, 5.279
[19:18:37] 657.2, 123.6, 5.305
[19:18:38] 657.2, 123.5, 5.285
[19:18:39] 657.4, 123.6, 5.287
[19:18:40] 657.2, 123.5, 5.452
[19:18:41] 666.6, 123.6, 5.341
[19:18:42] 654.8, 123.6, 5.390
[19:18:43] 662.1, 123.5, 5.173
[19:18:44] 641.2, 123.6, 5.149
[19:18:45] 640.6, 123.6, 5.150
[19:18:46] 640.2, 123.6, 5.152
[19:18:47] 639.9, 123.6, 5.149
[19:18:48] 639.5, 123.4, 6.478
[19:18:49] 732.7, 123.5, 5.150
[19:18:50] 636.9, 123.6, 5.149
[19:18:51] 636.9, 123.6, 5.150
[19:18:52] 636.9, 123.5, 5.150
[19:18:53] 636.9, 123.4, 6.538
[19:18:54] 725.8, 123.6, 5.148
[19:18:55] 636.7, 123.5, 5.148
[19:18:56] 636.6, 123.6, 5.146
[19:18:57] 636.6, 123.5, 5.147
[19:18:58] 636.6, 123.3, 6.620
[19:18:59] 724.8, 123.6, 5.146
[19:19:00] 636.5, 123.5, 5.146
[19:19:01] 636.5, 123.6, 5.149
[19:19:02] 636.5, 123.5, 5.147
[19:19:03] 636.5, 123.3, 6.708
[19:19:04] 723.1, 123.6, 5.153
[19:19:05] 637.1, 123.5, 5.146
[19:19:06] 637.0, 123.5, 5.148
[19:19:07] 636.9, 123.6, 5.145
[19:19:08] 636.9, 123.2, 6.801
[19:19:09] 718.0, 123.6, 5.149
[19:19:10] 636.3, 123.4, 5.149
[19:19:11] 636.3, 123.5, 5.148
[19:19:12] 636.3, 123.4, 5.148
[19:19:13] 636.4, 123.0, 7.396
[19:19:14] 756.9, 123.4, 5.150
[19:19:15] 637.1, 123.6, 5.146
[19:19:16] 637.0, 123.5, 5.146
[19:19:17] 637.0, 123.5, 5.150
[19:19:18] 636.9, 122.8, 7.120
[19:19:19] 807.1, 123.4, 5.169
[19:19:20] 665.0, 123.5, 5.156
[19:19:21] 637.3, 123.4, 5.155
[19:19:22] 637.2, 123.5, 5.151
[19:19:23] 637.2, 123.5, 5.151
[19:19:24] 729.0, 123.0, 7.261
[19:19:25] 852.4, 123.5, 5.157
[19:19:26] 637.1, 123.4, 5.152
[19:19:27] 637.1, 123.4, 5.151
[19:19:28] 637.1, 123.5, 5.152
[19:19:29] 637.1, 122.8, 7.867
[19:19:30] 874.8, 122.8, 8.044
[19:19:31] 874.9, 123.5, 5.161
[19:19:32] 637.8, 123.5, 5.158
[19:19:33] 637.7, 123.4, 5.158
[19:19:34] 637.7, 123.4, 5.155
[19:19:35] 637.6, 123.2, 5.356
[19:19:36] 808.3, 122.7, 8.127
[19:19:37] 998.1, 122.6, 8.133
[19:19:38] 986.6, 123.3, 5.188
[19:19:39] 670.9, 123.3, 5.166
[19:19:40] 638.2, 123.4, 5.161
[19:19:41] 638.1, 123.4, 5.160
[19:19:42] 638.0, 123.3, 5.155
[19:19:43] 677.6, 122.7, 8.117
[19:19:44] 997.3, 122.7, 8.133
[19:19:45] 997.5, 122.6, 8.146
[19:19:46] 997.9, 122.6, 8.154
[19:19:47] 998.5, 122.7, 8.161
[19:19:48] 941.6, 123.3, 5.185
[19:19:49] 639.8, 123.4, 5.169
[19:19:50] 639.7, 123.5, 5.167
[19:19:51] 639.5, 123.4, 5.160
[19:19:52] 639.2, 123.5, 5.161
[19:19:53] 778.0, 122.7, 8.128
[19:19:54] 998.8, 122.7, 8.142
[19:19:55] 998.9, 122.7, 8.153
[19:19:56] 999.3, 122.6, 8.158
[19:19:57] 999.7, 122.7, 8.170
[19:19:58] 1000.2, 122.6, 8.171
[19:19:59] 1000.7, 122.7, 8.174
[19:20:00] 1001.2, 122.7, 8.180
[19:20:01] 1001.6, 122.7, 8.174
[19:20:02] 1002.0, 123.5, 5.469
[19:20:03] 732.9, 123.4, 5.183
[19:20:04] 640.2, 123.5, 5.169
[19:20:05] 640.1, 123.4, 5.165
[19:20:06] 639.9, 123.5, 5.164
[19:20:07] 639.7, 122.7, 8.119
[19:20:08] 981.1, 122.7, 8.152
[19:20:09] 1001.4, 122.8, 8.149
[19:20:10] 1001.5, 122.7, 8.165
[19:20:11] 1001.8, 122.8, 8.172
[19:20:12] 1002.1, 122.7, 8.177
[19:20:13] 1002.4, 122.7, 8.171
[19:20:14] 1002.7, 122.7, 8.176
[19:20:15] 1002.9, 122.6, 8.180
[19:20:16] 1003.1, 122.7, 8.181
[19:20:17] 1003.4, 122.8, 8.178
[19:20:18] 1003.6, 122.7, 8.179
[19:20:19] 1003.8, 122.8, 8.178
[19:20:20] 1004.0, 122.8, 8.178
[19:20:21] 1004.3, 122.8, 8.183
[19:20:22] 1004.6, 122.8, 8.190
[19:20:23] 1004.8, 122.8, 8.180
[19:20:24] 1004.9, 122.8, 8.180
[19:20:25] 1005.0, 122.8, 8.176
[19:20:26] 980.9, 123.5, 5.198
[19:20:27] 642.2, 123.4, 5.184
[19:20:28] 642.0, 123.5, 5.188
[19:20:29] 641.9, 123.4, 5.173
[19:20:30] 641.5, 123.5, 5.171
<<<[19:20:46] 638.5, 123.6, 5.153
[19:20:47] 638.4, 123.6, 5.173
[19:20:48] 638.3, 123.5, 5.318
[19:20:49] 653.6, 123.4, 5.330
[19:20:50] 653.8, 123.5, 5.290
[19:20:51] 653.8, 123.4, 5.294
[19:20:52] 653.9, 123.5, 5.329
[19:20:53] 653.9, 123.5, 5.306
[19:20:54] 654.0, 123.4, 5.326
[19:20:55] 654.2, 123.4, 5.355
[19:20:56] 654.3, 123.4, 5.315
[19:20:57] 654.4, 123.5, 5.311
[19:20:58] 654.8, 123.4, 5.287
[19:20:59] 654.9, 123.5, 5.345
[19:21:00] 660.9, 123.4, 5.344
[19:21:01] 654.8, 123.5, 5.405
[19:21:02] 654.9, 123.4, 5.310
[19:21:03] 654.9, 123.5, 5.307
[19:21:04] 661.7, 123.5, 5.230
[19:21:05] 647.1, 123.5, 5.211
[19:21:06] 640.8, 123.5, 5.155
[19:21:07] 640.3, 123.5, 5.172
[19:21:08] 640.0, 123.5, 5.167
[19:21:09] 639.6, 123.0, 7.139
[19:21:10] 735.7, 123.6, 5.155
[19:21:11] 637.5, 123.5, 5.175
[19:21:12] 637.5, 123.5, 5.170
[19:21:13] 637.4, 123.4, 5.170
[19:21:14] 637.4, 123.0, 7.144
[19:21:15] 731.3, 123.5, 5.172
[19:21:16] 637.5, 123.4, 5.168
[19:21:17] 637.4, 123.5, 5.174
[19:21:18] 637.4, 123.5, 5.156
[19:21:19] 637.4, 123.1, 7.140
[19:21:20] 730.2, 123.5, 5.173
[19:21:21] 637.5, 123.5, 5.172
[19:21:22] 637.5, 123.5, 5.160
[19:21:23] 637.5, 123.5, 5.173
[19:21:24] 637.5, 123.0, 7.144
[19:21:25] 727.2, 123.6, 5.174
[19:21:26] 638.0, 123.5, 5.160
[19:21:27] 637.9, 123.5, 5.171
[19:21:28] 637.8, 123.5, 5.169
[19:21:29] 637.7, 123.0, 7.193
[19:21:30] 722.5, 123.4, 5.164
[19:21:31] 637.8, 123.5, 5.176
[19:21:32] 637.7, 123.5, 5.175
[19:21:33] 637.7, 123.5, 5.173
[19:21:34] 637.7, 122.9, 7.599
[19:21:35] 760.7, 123.5, 5.173
[19:21:36] 637.6, 123.5, 5.169
[19:21:37] 637.5, 123.5, 5.169
[19:21:38] 637.5, 123.5, 5.158
[19:21:39] 637.4, 123.5, 5.172
[19:21:40] 781.1, 123.5, 5.227
[19:21:41] 692.4, 123.5, 5.177
[19:21:42] 637.6, 123.5, 5.154
[19:21:43] 637.5, 123.6, 5.166
[19:21:44] 637.4, 123.5, 5.172
[19:21:45] 680.6, 122.9, 7.959
[19:21:46] 895.7, 123.5, 5.157
[19:21:47] 637.5, 123.5, 5.177
[19:21:48] 637.5, 123.5, 5.167
[19:21:49] 637.4, 123.4, 5.169
[19:21:50] 637.3, 123.4, 5.352
[19:21:51] 804.0, 122.7, 8.047
[19:21:52] 968.9, 123.4, 5.185
[19:21:53] 646.9, 123.3, 5.177
[19:21:54] 637.6, 123.5, 5.156
[19:21:55] 637.5, 123.5, 5.170
[19:21:56] 637.4, 123.4, 5.168
[19:21:57] 704.2, 122.8, 8.049
[19:21:58] 989.0, 122.7, 8.062
[19:21:59] 989.1, 122.9, 7.353
[19:22:00] 837.2, 123.5, 5.182
[19:22:01] 638.2, 123.4, 5.175
[19:22:02] 638.1, 123.5, 5.164
[19:22:03] 638.0, 123.5, 5.172
[19:22:04] 637.9, 122.7, 7.667
[19:22:05] 856.5, 122.7, 8.058
[19:22:06] 989.8, 122.7, 8.069
[19:22:07] 990.1, 122.7, 8.078
[19:22:08] 990.4, 122.7, 8.086
[19:22:09] 990.9, 122.9, 7.877
[19:22:10] 904.0, 123.5, 5.178
[19:22:11] 639.8, 123.4, 5.186
[19:22:12] 639.7, 123.4, 5.176
[19:22:13] 639.5, 123.5, 5.176
[19:22:14] 639.3, 123.2, 5.979
[19:22:15] 813.2, 122.7, 8.055
[19:22:16] 990.8, 122.7, 8.073
[19:22:17] 991.0, 122.8, 8.080
[19:22:18] 991.4, 122.8, 8.090
[19:22:19] 991.8, 122.7, 8.088
[19:22:20] 992.1, 122.7, 8.092
[19:22:21] 992.5, 122.8, 8.097
[19:22:22] 992.9, 122.7, 8.100
[19:22:23] 993.2, 122.6, 8.107
[19:22:24] 993.6, 122.8, 8.101
[19:22:25] 905.5, 123.4, 5.198
[19:22:26] 640.6, 123.4, 5.176
[19:22:27] 640.5, 123.5, 5.196
[19:22:28] 640.4, 123.4, 5.189
