<<<[19:51:15] 637.3, 123.0, 5.189
[19:51:16] 637.3, 123.1, 5.189
[19:51:17] 637.3, 123.0, 5.358
[19:51:18] 654.0, 123.0, 5.299
[19:51:19] 653.9, 123.0, 5.316
[19:51:20] 653.9, 123.0, 5.314
[19:51:21] 654.0, 122.9, 5.319
[19:51:22] 654.0, 123.0, 5.302
[19:51:23] 654.0, 122.9, 5.314
[19:51:24] 654.1, 123.0, 5.324
[19:51:25] 654.0, 123.0, 5.342
[19:51:26] 654.1, 122.9, 5.335
[19:51:27] 654.1, 123.0, 5.312
[19:51:28] 654.1, 122.9, 5.323
[19:51:29] 654.4, 123.0, 5.399
[19:51:30] 654.7, 123.1, 5.309
[19:51:31] 654.6, 123.0, 5.329
[19:51:32] 655.2, 123.0, 5.322
[19:51:33] 655.5, 123.0, 5.313
[19:51:34] 655.4, 123.0, 5.420
[19:51:35] 663.8, 123.0, 5.336
[19:51:36] 657.1, 123.1, 5.313
[19:51:37] 656.9, 123.0, 5.310
[19:51:38] 656.6, 122.9, 5.410
[19:51:39] 656.9, 123.1, 5.306
[19:51:40] 656.6, 122.9, 5.424
[19:51:41] 656.6, 123.1, 5.324
[19:51:42] 656.2, 123.0, 5.434
[19:51:43] 666.4, 122.9, 5.373
[19:51:44] 661.1, 123.0, 5.322
[19:51:45] 654.0, 122.9, 5.321
[19:51:46] 653.4, 123.0, 5.172
[19:51:47] 636.5, 123.0, 5.188
[19:51:48] 636.5, 123.0, 5.180
[19:51:49] 636.6, 123.0, 5.183
[19:51:50] 636.6, 123.0, 5.172
[19:51:51] 706.9, 123.0, 5.192
[19:51:52] 660.7, 123.0, 5.178
[19:51:53] 636.3, 123.0, 5.182
[19:51:54] 636.3, 123.0, 5.169
[19:51:55] 636.3, 123.0, 5.178
[19:51:56] 697.3, 122.9, 5.192
[19:51:57] 661.7, 123.0, 5.180
[19:51:58] 636.5, 123.0, 5.171
[19:51:59] 636.5, 123.0, 5.183
[19:52:00] 636.5, 122.9, 5.178
[19:52:01] 690.6, 123.0, 5.192
[19:52:02] 663.0, 123.0, 5.171
[19:52:03] 636.5, 123.0, 5.180
[19:52:04] 636.5, 123.1, 5.175
[19:52:05] 636.4, 123.0, 5.178
[19:52:06] 679.8, 123.0, 5.346
[19:52:07] 712.2, 123.0, 5.180
[19:52:08] 636.7, 122.9, 5.181
[19:52:09] 636.6, 123.0, 5.177
[19:52:10] 636.6, 123.0, 5.165
[19:52:11] 636.8, 122.7, 7.028
[19:52:12] 783.1, 122.9, 5.179
[19:52:13] 636.7, 123.0, 5.177
[19:52:14] 636.6, 123.0, 5.168
[19:52:15] 636.5, 123.0, 5.174
[19:52:16] 636.5, 122.4, 7.797
[19:52:17] 843.3, 123.0, 5.183
[19:52:18] 636.9, 123.0, 5.170
[19:52:19] 636.8, 123.0, 5.178
[19:52:20] 636.7, 123.0, 5.181
[19:52:21] 636.7, 122.9, 5.177
[19:52:22] 727.4, 122.3, 7.864
[19:52:23] 919.7, 123.0, 5.188
[19:52:24] 637.5, 123.0, 5.182
[19:52:25] 637.4, 122.9, 5.181
[19:52:26] 637.3, 123.0, 5.171
[19:52:27] 637.2, 123.0, 5.176
[19:52:28] 738.8, 122.4, 7.862
[19:52:29] 963.4, 122.3, 7.881
[19:52:30] 917.6, 123.1, 5.181
[19:52:31] 637.6, 123.0, 5.182
[19:52:32] 637.5, 123.1, 5.180
[19:52:33] 637.5, 122.9, 5.182
[19:52:34] 637.4, 123.0, 5.173
[19:52:35] 763.2, 122.3, 7.866
[19:52:36] 963.4, 122.3, 7.880
[19:52:37] 963.6, 122.4, 7.882
[19:52:38] 963.9, 122.5, 7.533
[19:52:39] 859.5, 123.1, 5.192
[19:52:40] 638.4, 123.0, 5.186
[19:52:41] 638.3, 123.0, 5.188
[19:52:42] 638.2, 123.0, 5.175
[19:52:43] 638.0, 122.5, 6.733
[19:52:44] 812.8, 122.4, 7.874
[19:52:45] 964.2, 122.3, 7.882
[19:52:46] 964.3, 122.4, 7.894
[19:52:47] 964.7, 122.3, 7.909
[19:52:48] 965.1, 122.3, 7.909
[19:52:49] 965.5, 122.4, 7.911
[19:52:50] 965.9, 122.3, 7.913
[19:52:51] 966.3, 122.9, 5.519
[19:52:52] 739.8, 123.1, 5.198
[19:52:53] 639.0, 122.9, 5.197
[19:52:54] 638.9, 123.0, 5.182
[19:52:55] 638.7, 123.0, 5.182
[19:52:56] 638.6, 122.4, 7.846
[19:52:57] 915.8, 122.3, 7.884
[19:52:58] 966.0, 122.4, 7.891
[19:52:59] 966.1, 122.4, 7.903
[19:53:00] 966.3, 122.3, 7.904
[19:53:01] 966.6, 122.3, 7.912
[19:53:02] 966.9, 122.4, 7.916
[19:53:03] 967.2, 122.4, 7.912
[19:53:04] 967.5, 122.3, 7.919
[19:53:05] 967.9, 122.3, 7.932
[19:53:06] 968.2, 122.4, 7.927
[19:53:07] 968.6, 122.4, 7.928
[19:53:08] 968.9, 122.3, 7.935
[19:53:09] 969.1, 122.3, 7.928
[19:53:10] 969.4, 122.3, 7.932
[19:53:11] 969.6, 122.6, 7.636
[19:53:12] 811.7, 123.0, 5.207
[19:53:13] 640.4, 122.9, 5.198
[19:53:14] 640.2, 122.9, 5.187
[19:53:15] 640.0, 123.0, 5.191
