<<<[03:10:47] 644.8, 125.2, 5.147
[03:10:48] 644.8, 125.1, 5.148
[03:10:49] 644.7, 125.0, 5.352
[03:10:50] 660.9, 125.0, 5.299
[03:10:51] 661.1, 125.1, 5.183
[03:10:52] 647.7, 125.2, 5.146
[03:10:53] 647.2, 125.1, 5.148
[03:10:55] 646.8, 125.1, 5.148
[03:10:56] 646.5, 125.1, 5.152
[03:10:57] 653.8, 125.1, 5.427
[03:10:58] 730.2, 125.2, 5.140
[03:10:59] 643.6, 125.2, 5.138
[03:10:59] 643.5, 125.1, 5.140
[03:11:00] 643.5, 125.1, 5.137
[03:11:01] 644.1, 125.1, 5.463
[03:11:02] 732.7, 125.1, 5.140
[03:11:03] 643.4, 125.1, 5.140
[03:11:04] 643.4, 125.1, 5.136
[03:11:05] 643.3, 125.1, 5.137
[03:11:06] 643.6, 125.1, 5.499
[03:11:07] 735.1, 125.1, 5.147
[03:11:08] 643.9, 125.1, 5.140
[03:11:09] 643.8, 125.1, 5.142
[03:11:10] 643.7, 125.1, 5.138
[03:11:11] 643.8, 125.1, 5.527
[03:11:12] 735.9, 125.1, 5.137
[03:11:13] 643.2, 125.1, 5.137
[03:11:14] 643.1, 125.1, 5.134
[03:11:16] 643.1, 125.0, 5.137
[03:11:17] 643.1, 125.1, 5.568
[03:11:18] 735.9, 125.1, 5.136
[03:11:19] 642.8, 125.1, 5.133
[03:11:20] 642.8, 125.1, 5.138
[03:11:21] 642.8, 125.1, 5.133
[03:11:22] 642.7, 125.1, 5.612
[03:11:23] 735.1, 125.1, 5.138
[03:11:24] 643.2, 125.1, 5.138
[03:11:25] 643.2, 125.1, 5.137
[03:11:26] 643.1, 125.1, 5.136
[03:11:27] 643.1, 125.1, 5.654
[03:11:28] 732.5, 125.2, 5.138
[03:11:29] 643.4, 125.2, 5.137
[03:11:30] 643.3, 125.2, 5.137
[03:11:31] 643.3, 125.1, 5.135
[03:11:32] 643.2, 125.1, 5.701
[03:11:33] 729.0, 125.1, 5.137
[03:11:34] 643.2, 125.2, 5.137
[03:11:35] 643.2, 125.1, 5.137
[03:11:36] 643.2, 125.1, 5.144
[03:11:37] 643.2, 125.0, 5.749
[03:11:38] 721.3, 125.1, 5.142
[03:11:39] 643.4, 125.1, 5.138
[03:11:40] 643.3, 125.1, 5.135
[03:11:41] 643.3, 125.1, 5.135
[03:11:42] 643.2, 124.6, 7.153
[03:11:43] 755.2, 125.2, 5.136
[03:11:44] 643.4, 125.2, 5.138
[03:11:45] 643.3, 125.2, 5.134
[03:11:46] 643.2, 125.2, 5.133
[03:11:47] 643.2, 124.6, 7.301
[03:11:48] 816.6, 125.1, 5.142
[03:11:49] 649.7, 125.2, 5.130
[03:11:50] 642.4, 125.2, 5.133
[03:11:51] 642.4, 125.2, 5.128
[03:11:52] 642.4, 125.2, 5.127
[03:11:53] 736.9, 124.7, 7.164
[03:11:54] 818.1, 125.3, 5.138
[03:11:55] 643.6, 125.3, 5.133
[03:11:56] 643.5, 125.3, 5.134
[03:11:57] 643.5, 125.2, 5.130
[03:11:58] 643.4, 124.6, 7.420
[03:11:59] 847.5, 124.5, 7.619
[03:12:00] 886.3, 125.1, 5.147
[03:12:01] 644.5, 125.2, 5.140
[03:12:02] 644.3, 125.1, 5.139
[03:12:03] 644.2, 125.2, 5.137
[03:12:04] 644.1, 125.2, 5.138
[03:12:05] 764.8, 124.6, 7.619
[03:12:06] 949.8, 124.5, 7.633
[03:12:07] 949.9, 125.0, 6.112
[03:12:08] 764.6, 125.1, 5.152
[03:12:09] 644.7, 125.2, 5.142
[03:12:10] 644.6, 125.3, 5.134
[03:12:11] 644.4, 125.3, 5.132
[03:12:12] 644.2, 124.6, 7.592
[03:12:13] 906.9, 124.5, 7.635
[03:12:14] 951.4, 124.5, 7.641
[03:12:15] 951.5, 124.5, 7.645
[03:12:16] 951.7, 124.5, 7.656
[03:12:17] 952.0, 125.1, 6.260
[03:12:18] 773.3, 125.2, 5.158
[03:12:19] 645.9, 125.2, 5.149
[03:12:20] 645.7, 125.2, 5.147
[03:12:21] 645.6, 125.1, 5.142
[03:12:22] 645.4, 124.5, 7.574
[03:12:23] 887.8, 124.6, 7.630
[03:12:24] 951.6, 124.5, 7.643
[03:12:25] 951.7, 124.5, 7.650
[03:12:26] 952.0, 124.5, 7.658
[03:12:27] 952.3, 124.6, 7.660
[03:12:28] 952.6, 124.5, 7.665
[03:12:29] 953.0, 124.5, 7.666
[03:12:30] 953.3, 124.6, 7.668
[03:12:31] 953.7, 124.6, 7.673
[03:12:32] 954.0, 125.2, 5.427
[03:12:33] 745.7, 125.2, 5.163
[03:12:34] 646.7, 125.2, 5.156
[03:12:35] 646.5, 125.2, 5.153
[03:12:36] 646.3, 125.2, 5.150
