<<<[23:05:28] 641.5, 124.0, 5.151
[23:05:29] 641.1, 123.9, 5.165
[23:05:30] 641.0, 124.0, 5.293
[23:05:31] 651.4, 123.9, 5.249
[23:05:32] 651.5, 123.9, 5.172
[23:05:33] 642.4, 124.0, 5.173
[23:05:34] 642.1, 123.9, 5.164
[23:05:35] 641.7, 124.1, 5.143
[23:05:36] 641.3, 123.5, 6.972
[23:05:37] 734.7, 124.0, 5.150
[23:05:38] 638.6, 123.9, 5.162
[23:05:39] 638.5, 124.0, 5.140
[23:05:40] 638.5, 124.0, 5.140
[23:05:41] 638.4, 123.5, 6.957
[23:05:42] 732.1, 124.0, 5.164
[23:05:43] 638.2, 123.9, 5.144
[23:05:44] 638.1, 124.0, 5.138
[23:05:45] 638.1, 123.9, 5.139
[23:05:46] 638.0, 123.5, 6.938
[23:05:47] 730.8, 123.9, 5.140
[23:05:48] 638.0, 124.0, 5.140
[23:05:49] 637.9, 123.9, 5.140
[23:05:50] 637.9, 124.0, 5.156
[23:05:51] 637.8, 123.5, 6.919
[23:05:52] 731.3, 124.0, 5.143
[23:05:53] 638.0, 123.9, 5.139
[23:05:54] 637.9, 124.0, 5.161
[23:05:55] 637.9, 123.8, 5.146
[23:05:56] 637.9, 123.4, 6.903
[23:05:57] 730.6, 123.9, 5.141
[23:05:58] 638.0, 123.9, 5.160
[23:05:59] 637.9, 123.9, 5.138
[23:06:00] 637.9, 123.9, 5.141
[23:06:01] 637.9, 123.6, 6.874
[23:06:02] 729.8, 123.9, 5.160
[23:06:03] 638.2, 123.9, 5.137
[23:06:04] 638.1, 123.9, 5.139
[23:06:05] 638.1, 124.0, 5.134
[23:06:06] 638.0, 123.6, 6.846
[23:06:07] 728.6, 124.0, 5.140
[23:06:08] 637.6, 124.0, 5.136
[23:06:09] 637.6, 123.9, 5.134
[23:06:10] 637.6, 124.0, 5.155
[23:06:11] 637.6, 123.6, 6.813
[23:06:12] 726.8, 124.0, 5.140
[23:06:13] 638.0, 123.9, 5.143
[23:06:14] 637.9, 124.0, 5.154
[23:06:15] 637.8, 124.1, 5.135
[23:06:16] 637.8, 123.6, 6.766
[23:06:17] 724.7, 123.9, 5.134
[23:06:18] 637.5, 124.0, 5.153
[23:06:19] 637.5, 124.0, 5.136
[23:06:20] 637.4, 124.0, 5.133
[23:06:21] 637.4, 123.5, 6.679
[23:06:22] 718.5, 124.0, 5.152
[23:06:23] 637.3, 123.9, 5.134
[23:06:24] 637.3, 123.9, 5.138
[23:06:25] 637.3, 124.0, 5.138
[23:06:26] 637.3, 123.8, 5.332
[23:06:27] 756.5, 123.9, 5.146
[23:06:28] 637.6, 123.9, 5.139
[23:06:29] 637.6, 124.0, 5.133
[23:06:30] 637.5, 124.0, 5.154
[23:06:31] 637.5, 123.9, 5.141
[23:06:32] 740.2, 123.8, 5.170
[23:06:33] 680.2, 123.9, 5.139
[23:06:34] 637.8, 124.0, 5.157
[23:06:35] 637.7, 123.9, 5.137
[23:06:36] 637.7, 123.8, 5.139
[23:06:37] 660.9, 123.3, 7.425
[23:06:38] 863.0, 124.0, 5.162
[23:06:39] 638.2, 124.0, 5.157
[23:06:40] 638.2, 123.9, 5.160
[23:06:41] 638.3, 123.9, 5.156
[23:06:42] 638.3, 123.4, 6.736
[23:06:43] 812.2, 123.4, 7.659
[23:06:44] 869.1, 124.0, 5.146
[23:06:45] 638.8, 124.0, 5.142
[23:06:46] 638.7, 124.0, 5.158
[23:06:47] 638.6, 124.0, 5.134
[23:06:48] 638.4, 123.6, 5.717
[23:06:49] 795.1, 123.3, 7.785
[23:06:50] 960.9, 123.3, 7.797
[23:06:51] 930.0, 124.0, 5.158
[23:06:52] 639.4, 124.0, 5.147
[23:06:53] 639.3, 124.0, 5.141
[23:06:54] 639.2, 124.0, 5.158
[23:06:55] 639.0, 123.9, 5.162
[23:06:56] 763.2, 123.3, 7.778
[23:06:57] 961.3, 123.3, 7.803
[23:06:58] 961.5, 123.4, 7.803
[23:06:59] 961.9, 123.3, 7.816
[23:07:00] 951.0, 124.0, 5.198
[23:07:01] 688.0, 124.0, 5.161
[23:07:02] 640.2, 124.0, 5.172
[23:07:03] 640.1, 124.1, 5.143
[23:07:04] 639.9, 123.9, 5.142
[23:07:05] 698.9, 123.4, 7.778
[23:07:06] 961.1, 123.4, 7.801
[23:07:07] 961.4, 123.4, 7.811
[23:07:08] 961.9, 123.3, 7.817
[23:07:09] 962.4, 123.3, 7.822
[23:07:10] 962.9, 123.4, 7.828
[23:07:11] 963.3, 123.3, 7.825
[23:07:12] 963.8, 123.3, 7.827
[23:07:13] 964.3, 123.5, 7.238
[23:07:14] 806.3, 123.9, 5.195
[23:07:15] 642.2, 123.8, 5.164
[23:07:16] 642.0, 124.0, 5.157
[23:07:17] 641.8, 123.9, 5.150
[23:07:18] 641.4, 123.3, 7.746
[23:07:19] 894.1, 123.2, 7.805
[23:07:20] 963.8, 123.3, 7.818
[23:07:21] 964.0, 123.3, 7.821
[23:07:22] 964.3, 123.2, 7.828
[23:07:23] 964.5, 123.4, 7.825
[23:07:24] 964.9, 123.2, 7.835
[23:07:25] 965.2, 123.2, 7.850
[23:07:26] 965.6, 123.2, 7.838
[23:07:27] 965.9, 123.3, 7.843
[23:07:28] 966.2, 123.3, 7.845
[23:07:29] 966.5, 123.3, 7.847
[23:07:30] 966.8, 123.3, 7.845
[23:07:31] 967.0, 123.2, 7.851
[23:07:32] 967.3, 123.3, 7.850
[23:07:33] 967.6, 123.2, 7.857
[23:07:34] 967.9, 123.3, 7.853
[23:07:35] 968.0, 124.0, 5.190
[23:07:36] 644.3, 123.9, 5.175
[23:07:37] 644.0, 123.9, 5.171
[23:07:38] 643.7, 124.0, 5.180
