<<<[14:29:47] 646.9, 122.6, 5.265
[14:29:48] 646.8, 122.7, 5.266
[14:29:49] 646.7, 122.6, 5.261
[14:29:50] 647.2, 122.6, 5.402
[14:29:51] 663.8, 122.5, 5.411
[14:29:52] 663.7, 122.5, 5.419
[14:29:53] 663.5, 122.6, 5.282
[14:29:54] 650.0, 122.7, 5.265
[14:29:55] 649.5, 122.6, 5.268
[14:29:56] 649.1, 122.7, 5.263
[14:29:57] 648.8, 122.6, 5.263
[14:29:58] 738.2, 122.7, 5.264
[14:29:59] 650.2, 122.7, 5.259
[14:30:00] 649.6, 122.6, 5.262
[14:30:01] 649.2, 122.6, 5.259
[14:30:02] 648.7, 122.6, 5.256
[14:30:03] 735.1, 122.7, 5.266
[14:30:04] 652.0, 122.6, 5.257
[14:30:05] 646.9, 122.7, 5.263
[14:30:06] 646.8, 122.7, 5.252
[14:30:07] 646.6, 122.7, 5.255
[14:30:08] 733.3, 122.7, 5.260
[14:30:09] 652.6, 122.8, 5.255
[14:30:10] 645.5, 122.7, 5.251
[14:30:11] 645.4, 122.7, 5.254
[14:30:12] 645.4, 122.8, 5.249
[14:30:13] 731.3, 122.7, 5.261
[14:30:14] 654.0, 122.7, 5.250
[14:30:15] 645.3, 122.7, 5.255
[14:30:16] 645.2, 122.7, 5.251
[14:30:17] 645.2, 122.6, 5.255
[14:30:18] 729.6, 122.7, 5.260
[14:30:19] 654.8, 122.6, 5.253
[14:30:20] 645.3, 122.7, 5.250
[14:30:21] 645.2, 122.7, 5.250
[14:30:22] 645.1, 122.8, 5.249
[14:30:23] 726.8, 122.6, 5.260
[14:30:24] 656.3, 122.6, 5.252
[14:30:25] 645.5, 122.7, 5.257
[14:30:26] 645.5, 122.6, 5.250
[14:30:27] 645.5, 122.6, 5.251
[14:30:28] 723.7, 122.7, 5.256
[14:30:29] 657.3, 122.6, 5.251
[14:30:30] 645.1, 122.8, 5.246
[14:30:31] 645.0, 122.7, 5.250
[14:30:32] 644.9, 122.7, 5.248
[14:30:33] 717.2, 122.6, 5.258
[14:30:34] 658.7, 122.8, 5.246
[14:30:35] 644.7, 122.7, 5.256
[14:30:36] 644.7, 122.6, 5.251
[14:30:37] 644.7, 122.7, 5.247
[14:30:38] 708.5, 122.7, 5.258
[14:30:39] 659.9, 122.6, 5.253
[14:30:40] 644.7, 122.7, 5.251
[14:30:41] 644.7, 122.7, 5.248
[14:30:42] 644.6, 122.6, 5.246
[14:30:43] 693.0, 122.7, 5.353
[14:30:44] 710.7, 122.6, 5.253
[14:30:45] 644.5, 122.6, 5.254
[14:30:46] 644.5, 122.6, 5.250
[14:30:47] 644.6, 122.6, 5.250
[14:30:48] 645.0, 122.2, 7.294
[14:30:49] 826.6, 122.6, 5.252
[14:30:50] 644.9, 122.6, 5.252
[14:30:51] 644.8, 122.5, 5.252
[14:30:52] 644.8, 122.6, 5.251
[14:30:53] 644.7, 122.0, 7.627
[14:30:54] 851.6, 122.6, 5.265
[14:30:55] 665.0, 122.6, 5.258
[14:30:56] 644.9, 122.7, 5.250
[14:30:57] 644.8, 122.6, 5.249
[14:30:58] 644.7, 122.7, 5.247
[14:30:59] 679.0, 122.0, 7.734
[14:31:00] 946.1, 122.7, 5.391
[14:31:01] 720.1, 122.6, 5.259
[14:31:02] 645.5, 122.7, 5.253
[14:31:03] 645.4, 122.6, 5.251
[14:31:04] 645.3, 122.7, 5.250
[14:31:05] 645.2, 122.1, 7.720
[14:31:06] 925.8, 122.0, 7.759
[14:31:07] 948.7, 122.2, 7.464
[14:31:08] 842.4, 122.7, 5.267
[14:31:09] 646.7, 122.7, 5.263
[14:31:10] 646.6, 122.7, 5.253
[14:31:11] 646.4, 122.6, 5.256
[14:31:12] 646.2, 122.2, 7.032
[14:31:13] 816.8, 122.0, 7.758
[14:31:14] 948.1, 122.0, 7.768
[14:31:15] 948.2, 122.1, 7.749
[14:31:16] 948.5, 122.0, 7.787
[14:31:17] 948.9, 122.4, 6.938
[14:31:18] 781.7, 122.7, 5.271
[14:31:19] 647.3, 122.6, 5.270
[14:31:20] 647.2, 122.6, 5.264
[14:31:21] 647.0, 122.6, 5.261
[14:31:22] 646.8, 122.0, 7.730
[14:31:23] 900.8, 121.9, 7.774
[14:31:24] 949.2, 121.8, 7.787
[14:31:25] 949.4, 121.9, 7.789
[14:31:26] 949.6, 121.8, 7.803
[14:31:27] 950.0, 121.9, 7.804
[14:31:28] 950.4, 121.9, 7.808
[14:31:29] 950.7, 121.9, 7.815
[14:31:30] 951.2, 121.9, 7.814
[14:31:31] 951.6, 122.0, 7.817
[14:31:32] 909.5, 122.5, 5.296
[14:31:33] 649.1, 122.5, 5.283
[14:31:34] 648.9, 122.6, 5.273
[14:31:35] 648.7, 122.5, 5.278
[14:31:36] 648.6, 122.6, 5.269
[14:31:37] 774.1, 122.0, 7.775
[14:31:38] 949.8, 121.9, 7.791
[14:31:39] 950.0, 122.0, 7.799
[14:31:40] 950.3, 121.9, 7.801
[14:31:41] 950.7, 122.1, 7.803
[14:31:42] 951.1, 122.0, 7.809
[14:31:43] 951.4, 122.0, 7.811
[14:31:44] 951.9, 121.9, 7.820
[14:31:45] 952.3, 122.0, 7.812
[14:31:46] 952.7, 121.9, 7.822
[14:31:47] 953.0, 122.0, 7.824
[14:31:48] 953.4, 122.0, 7.821
[14:31:49] 953.7, 122.0, 7.826
[14:31:50] 953.9, 121.9, 7.828
[14:31:51] 954.2, 121.9, 7.834
[14:31:52] 954.5, 121.9, 7.840
[14:31:53] 954.8, 121.8, 7.843
[14:31:54] 955.1, 122.0, 7.836
[14:31:55] 955.4, 122.5, 6.138
[14:31:56] 778.0, 122.5, 5.298
[14:31:57] 650.2, 122.6, 5.289
[14:31:58] 650.0, 122.5, 5.280
[14:31:59] 649.9, 122.6, 5.275
