<<<[20:52:41] 640.1, 123.2, 5.178
[20:52:42] 639.7, 123.2, 5.167
[20:52:43] 639.4, 123.2, 5.315
[20:52:44] 651.4, 123.2, 5.303
[20:52:45] 651.8, 123.2, 5.323
[20:52:46] 652.4, 123.2, 5.318
[20:52:47] 652.8, 123.1, 5.313
[20:52:48] 653.2, 123.1, 5.291
[20:52:49] 653.3, 123.1, 5.314
[20:52:50] 653.5, 123.2, 5.305
[20:52:51] 653.8, 123.2, 5.421
[20:52:52] 659.1, 123.2, 5.315
[20:52:53] 658.4, 123.2, 5.307
[20:52:54] 658.2, 123.2, 5.290
[20:52:55] 658.4, 123.2, 5.316
[20:52:56] 657.8, 123.2, 5.177
[20:52:57] 637.5, 123.2, 5.169
[20:52:58] 637.5, 123.2, 5.169
[20:52:59] 637.4, 123.2, 5.168
[20:53:00] 637.4, 123.2, 5.166
[20:53:01] 687.8, 123.2, 5.204
[20:53:02] 687.4, 123.2, 5.170
[20:53:03] 636.5, 123.2, 5.163
[20:53:04] 636.5, 123.2, 5.164
[20:53:05] 636.5, 123.1, 5.163
[20:53:06] 682.5, 123.1, 5.205
[20:53:07] 682.9, 123.2, 5.161
[20:53:08] 636.7, 123.1, 5.170
[20:53:09] 636.7, 123.1, 5.164
[20:53:10] 636.7, 123.1, 5.174
[20:53:11] 679.2, 123.1, 5.207
[20:53:12] 687.6, 123.1, 5.166
[20:53:13] 636.7, 123.1, 5.167
[20:53:14] 636.7, 123.1, 5.168
[20:53:15] 636.7, 123.1, 5.162
[20:53:16] 673.7, 123.1, 5.211
[20:53:17] 689.4, 123.2, 5.166
[20:53:18] 636.7, 123.1, 5.165
[20:53:19] 636.6, 123.1, 5.165
[20:53:20] 636.6, 123.0, 5.165
[20:53:21] 663.6, 123.1, 5.216
[20:53:22] 692.2, 123.1, 5.168
[20:53:23] 636.9, 123.1, 5.164
[20:53:24] 636.8, 123.2, 5.158
[20:53:25] 636.7, 123.2, 5.161
[20:53:26] 636.7, 123.0, 5.932
[20:53:27] 755.0, 123.1, 5.162
[20:53:28] 636.9, 123.3, 5.185
[20:53:29] 637.0, 123.2, 5.181
[20:53:30] 637.0, 123.2, 5.180
[20:53:31] 637.1, 122.5, 7.951
[20:53:32] 825.6, 123.3, 5.165
[20:53:33] 637.1, 123.2, 5.157
[20:53:34] 637.0, 123.3, 5.158
[20:53:35] 636.8, 123.2, 5.156
[20:53:36] 636.8, 123.2, 5.158
[20:53:37] 780.7, 122.7, 7.233
[20:53:38] 825.2, 123.2, 5.164
[20:53:39] 636.9, 123.3, 5.162
[20:53:40] 636.9, 123.3, 5.161
[20:53:41] 636.8, 123.2, 5.156
[20:53:42] 636.7, 122.6, 7.811
[20:53:43] 870.9, 122.6, 8.006
[20:53:44] 959.5, 123.3, 5.179
[20:53:45] 650.6, 123.2, 5.166
[20:53:46] 637.3, 123.2, 5.165
[20:53:47] 637.2, 123.3, 5.158
[20:53:48] 637.1, 123.2, 5.158
[20:53:49] 711.7, 122.5, 7.992
[20:53:50] 980.5, 122.5, 8.009
[20:53:51] 980.7, 122.4, 8.013
[20:53:52] 953.4, 123.3, 5.185
[20:53:53] 654.4, 123.3, 5.167
[20:53:54] 638.0, 123.2, 5.167
[20:53:55] 637.8, 123.3, 5.166
[20:53:56] 637.8, 123.2, 5.166
[20:53:57] 738.4, 122.5, 7.998
[20:53:58] 981.5, 122.5, 8.018
[20:53:59] 981.6, 122.5, 8.029
[20:54:00] 982.0, 122.6, 8.026
[20:54:01] 982.4, 122.6, 8.035
[20:54:02] 982.7, 122.6, 8.020
[20:54:03] 909.7, 123.2, 5.203
[20:54:04] 640.6, 123.2, 5.203
[20:54:05] 640.5, 123.2, 5.193
[20:54:06] 640.3, 123.2, 5.166
[20:54:07] 639.9, 123.2, 5.172
[20:54:08] 794.7, 122.5, 8.000
[20:54:09] 982.5, 122.5, 8.019
[20:54:10] 982.7, 122.5, 8.030
[20:54:11] 982.9, 122.5, 8.037
[20:54:12] 983.3, 122.5, 8.039
[20:54:13] 983.7, 122.5, 8.042
[20:54:14] 984.1, 122.5, 8.047
[20:54:15] 984.5, 122.5, 8.051
[20:54:16] 984.9, 122.5, 8.054
[20:54:17] 985.2, 122.5, 8.052
[20:54:18] 985.6, 122.5, 8.049
[20:54:19] 985.9, 123.2, 5.260
[20:54:20] 711.5, 123.2, 5.184
[20:54:21] 640.0, 123.2, 5.177
[20:54:22] 639.8, 123.3, 5.180
