<<<[20:50:42] 641.0, 123.1, 5.170
[20:50:43] 640.6, 123.1, 5.174
[20:50:44] 640.2, 123.1, 5.238
[20:50:45] 647.9, 123.1, 5.310
[20:50:46] 653.8, 123.1, 5.188
[20:50:47] 639.0, 123.1, 5.182
[20:50:48] 639.0, 123.2, 5.184
[20:50:49] 639.0, 123.2, 5.181
[20:50:50] 639.0, 123.2, 5.181
[20:50:51] 655.6, 123.2, 5.344
[20:50:52] 713.8, 123.2, 5.170
[20:50:53] 637.5, 123.2, 5.178
[20:50:54] 637.4, 123.2, 5.173
[20:50:55] 637.4, 123.2, 5.176
[20:50:56] 648.5, 123.1, 5.363
[20:50:57] 716.0, 123.0, 5.175
[20:50:58] 637.5, 123.1, 5.167
[20:50:59] 637.4, 123.1, 5.170
[20:51:00] 637.4, 123.1, 5.169
[20:51:01] 644.7, 123.1, 5.376
[20:51:02] 718.0, 123.1, 5.178
[20:51:03] 637.5, 123.2, 5.167
[20:51:04] 637.4, 123.2, 5.167
[20:51:05] 637.4, 123.2, 5.171
[20:51:06] 643.0, 123.1, 5.399
[20:51:07] 719.7, 123.1, 5.169
[20:51:08] 637.3, 123.1, 5.168
[20:51:09] 637.2, 123.2, 5.167
[20:51:10] 637.2, 123.1, 5.166
[20:51:11] 637.6, 123.2, 5.417
[20:51:12] 721.5, 123.2, 5.167
[20:51:13] 636.9, 123.3, 5.163
[20:51:14] 636.9, 123.2, 5.163
[20:51:15] 636.9, 123.3, 5.164
[20:51:16] 637.0, 123.3, 5.438
[20:51:17] 722.9, 123.3, 5.164
[20:51:18] 636.9, 123.3, 5.160
[20:51:19] 636.8, 123.2, 5.159
[20:51:20] 636.7, 123.1, 5.164
[20:51:21] 636.7, 123.1, 5.477
[20:51:22] 723.7, 123.1, 5.167
[20:51:23] 637.3, 123.2, 5.169
[20:51:24] 637.2, 123.3, 5.165
[20:51:25] 637.2, 123.2, 5.165
[20:51:26] 637.2, 123.1, 5.510
[20:51:27] 721.5, 123.1, 5.173
[20:51:28] 636.9, 123.1, 5.166
[20:51:29] 636.9, 123.1, 5.168
[20:51:30] 636.9, 123.2, 5.168
[20:51:31] 636.8, 123.1, 5.553
[20:51:32] 718.4, 123.1, 5.169
[20:51:33] 637.1, 123.1, 5.170
[20:51:34] 637.0, 123.0, 5.170
[20:51:35] 637.0, 123.1, 5.173
[20:51:36] 637.0, 122.6, 7.184
[20:51:37] 760.1, 123.1, 5.170
[20:51:38] 637.3, 123.2, 5.170
[20:51:39] 637.2, 123.1, 5.173
[20:51:40] 637.2, 123.1, 5.165
[20:51:41] 637.1, 122.7, 7.256
[20:51:42] 745.5, 123.1, 5.172
[20:51:43] 637.1, 123.1, 5.165
[20:51:44] 637.0, 123.1, 5.165
[20:51:45] 636.9, 123.1, 5.161
[20:51:46] 636.8, 122.5, 7.449
[20:51:47] 814.2, 123.1, 5.176
[20:51:48] 637.5, 123.1, 5.167
[20:51:49] 637.3, 123.1, 5.162
[20:51:50] 637.3, 123.0, 5.164
[20:51:51] 637.2, 123.1, 5.161
[20:51:52] 723.3, 122.6, 7.366
[20:51:53] 867.4, 123.1, 5.176
[20:51:54] 637.5, 123.1, 5.171
[20:51:55] 637.4, 123.2, 5.165
[20:51:56] 637.3, 123.1, 5.169
[20:51:57] 637.2, 122.6, 7.205
[20:51:58] 825.0, 122.4, 7.855
[20:51:59] 945.3, 123.1, 5.189
[20:52:00] 642.4, 123.2, 5.170
[20:52:01] 637.3, 123.1, 5.169
[20:52:02] 637.3, 123.1, 5.169
[20:52:03] 637.2, 123.0, 5.169
[20:52:04] 706.3, 122.4, 7.848
[20:52:05] 961.8, 122.3, 7.874
[20:52:06] 962.2, 122.5, 7.752
[20:52:07] 884.3, 123.1, 5.187
[20:52:08] 639.4, 123.1, 5.180
[20:52:09] 639.2, 123.0, 5.175
[20:52:10] 639.0, 123.0, 5.172
[20:52:11] 638.8, 122.8, 5.655
[20:52:12] 795.3, 122.4, 7.859
[20:52:13] 963.8, 122.4, 7.879
[20:52:14] 964.1, 122.4, 7.886
[20:52:15] 964.4, 122.5, 7.887
[20:52:16] 964.8, 122.5, 7.895
[20:52:17] 964.8, 123.1, 5.273
[20:52:18] 700.4, 123.1, 5.189
[20:52:19] 639.6, 123.2, 5.178
[20:52:20] 639.5, 123.0, 5.184
[20:52:21] 639.3, 123.1, 5.175
[20:52:22] 653.4, 122.5, 7.854
[20:52:23] 963.4, 122.5, 7.884
[20:52:24] 963.7, 122.4, 7.884
[20:52:25] 964.1, 122.5, 7.893
[20:52:26] 964.6, 122.5, 7.906
[20:52:27] 965.2, 122.5, 7.907
[20:52:28] 965.8, 122.5, 7.909
[20:52:29] 966.3, 122.5, 7.914
[20:52:30] 966.8, 122.5, 7.912
[20:52:31] 967.2, 122.4, 7.907
wattsup: [error] Reading final time stamp: Bad address
