<<<[04:29:02] 646.5, 125.0, 5.155
[04:29:03] 646.0, 125.0, 5.153
[04:29:04] 645.7, 125.0, 5.291
[04:29:05] 657.9, 125.0, 5.158
[04:29:06] 643.6, 125.1, 5.156
[04:29:07] 643.6, 125.1, 5.160
[04:29:08] 643.6, 125.1, 5.155
[04:29:09] 643.7, 125.1, 5.157
[04:29:10] 723.5, 125.2, 5.162
[04:29:11] 660.5, 125.2, 5.150
[04:29:12] 642.8, 125.1, 5.145
[04:29:13] 642.7, 125.1, 5.149
[04:29:14] 642.7, 125.2, 5.150
[04:29:15] 719.7, 125.2, 5.156
[04:29:16] 659.9, 125.1, 5.145
[04:29:17] 642.4, 125.1, 5.128
[04:29:18] 642.3, 125.2, 5.145
[04:29:19] 642.2, 125.1, 5.145
[04:29:20] 718.2, 125.1, 5.154
[04:29:21] 660.5, 125.2, 5.149
[04:29:22] 642.4, 125.2, 5.145
[04:29:23] 642.3, 125.1, 5.145
[04:29:24] 642.3, 125.1, 5.145
[04:29:25] 716.4, 125.1, 5.157
[04:29:26] 661.5, 125.1, 5.145
[04:29:27] 642.2, 125.0, 5.146
[04:29:28] 642.1, 125.0, 5.152
[04:29:29] 642.1, 125.1, 5.147
[04:29:30] 714.0, 125.1, 5.155
[04:29:31] 662.4, 125.1, 5.144
[04:29:32] 642.0, 125.1, 5.143
[04:29:33] 641.9, 125.1, 5.122
[04:29:34] 641.9, 125.2, 5.146
[04:29:35] 710.7, 125.1, 5.157
[04:29:36] 663.4, 125.1, 5.144
[04:29:37] 641.8, 125.1, 5.145
[04:29:38] 641.8, 125.1, 5.141
[04:29:39] 641.8, 125.2, 5.142
[04:29:40] 704.8, 125.2, 5.153
[04:29:41] 664.0, 125.2, 5.145
[04:29:42] 641.6, 125.2, 5.140
[04:29:43] 641.6, 125.1, 5.147
[04:29:44] 641.6, 125.0, 5.146
[04:29:45] 694.9, 125.1, 5.148
[04:29:46] 664.2, 125.1, 5.143
[04:29:47] 642.0, 125.1, 5.142
[04:29:48] 641.9, 125.2, 5.143
[04:29:49] 641.9, 125.2, 5.121
[04:29:50] 673.5, 125.1, 5.279
[04:29:51] 716.4, 125.2, 5.143
[04:29:52] 641.8, 125.2, 5.144
[04:29:53] 641.8, 125.2, 5.141
[04:29:54] 641.8, 125.1, 5.141
[04:29:55] 641.8, 124.7, 7.161
[04:29:56] 810.5, 125.2, 5.144
[04:29:57] 642.0, 125.2, 5.141
[04:29:58] 641.9, 125.2, 5.147
[04:29:59] 642.0, 125.1, 5.143
[04:30:00] 642.0, 124.6, 6.935
[04:30:01] 808.3, 125.1, 5.293
[04:30:02] 719.1, 125.1, 5.146
[04:30:03] 642.2, 125.1, 5.144
[04:30:04] 642.2, 125.1, 5.144
[04:30:05] 642.2, 125.1, 5.119
[04:30:06] 642.0, 124.6, 7.365
[04:30:07] 897.3, 124.6, 7.221
[04:30:08] 830.5, 125.1, 5.152
[04:30:09] 643.0, 125.1, 5.145
[04:30:10] 642.9, 125.2, 5.143
[04:30:11] 642.8, 125.1, 5.143
[04:30:12] 642.8, 124.6, 6.639
[04:30:13] 797.7, 124.6, 7.383
[04:30:14] 921.7, 124.5, 7.398
[04:30:15] 921.9, 124.8, 6.806
[04:30:16] 774.5, 125.2, 5.159
[04:30:17] 644.1, 125.2, 5.150
[04:30:18] 643.9, 125.2, 5.149
[04:30:19] 643.8, 125.2, 5.146
[04:30:20] 643.7, 124.6, 7.359
[04:30:21] 877.6, 124.6, 7.396
[04:30:22] 923.3, 124.5, 7.408
[04:30:23] 923.5, 124.5, 7.424
[04:30:24] 923.9, 124.5, 7.426
[04:30:25] 924.2, 124.6, 7.431
[04:30:26] 890.4, 125.2, 5.170
[04:30:27] 645.3, 125.1, 5.160
[04:30:28] 645.1, 125.2, 5.158
[04:30:29] 645.0, 125.2, 5.152
[04:30:30] 644.8, 125.1, 5.147
[04:30:31] 758.3, 124.5, 7.400
[04:30:32] 923.5, 124.5, 7.422
[04:30:33] 923.8, 124.5, 7.426
[04:30:34] 924.1, 124.6, 7.428
[04:30:35] 924.5, 124.5, 7.434
[04:30:36] 924.9, 124.5, 7.442
[04:30:37] 925.4, 124.5, 7.440
[04:30:38] 925.8, 124.5, 7.452
[04:30:39] 926.3, 124.6, 7.449
[04:30:40] 926.7, 124.6, 7.456
[04:30:41] 927.2, 125.0, 6.174
[04:30:42] 772.1, 125.1, 5.174
[04:30:43] 646.1, 125.1, 5.170
[04:30:44] 646.0, 125.1, 5.162
[04:30:45] 645.7, 125.1, 5.157
