<<<[07:51:57] 645.2, 124.1, 5.206
[07:51:58] 645.2, 124.1, 5.197
[07:51:59] 645.1, 124.1, 5.206
[07:52:00] 650.2, 124.1, 5.473
[07:52:01] 674.3, 124.0, 5.441
[07:52:02] 674.2, 124.1, 5.360
[07:52:03] 664.6, 124.1, 5.375
[07:52:04] 664.6, 124.1, 5.356
[07:52:05] 664.7, 124.0, 5.368
[07:52:06] 664.6, 124.0, 5.362
[07:52:07] 664.5, 124.1, 5.420
[07:52:08] 664.5, 124.1, 5.205
[07:52:09] 644.9, 124.1, 5.208
[07:52:10] 644.9, 124.1, 5.196
[07:52:11] 644.8, 124.1, 5.207
[07:52:12] 644.8, 124.0, 5.211
[07:52:13] 716.0, 124.1, 5.225
[07:52:14] 670.1, 124.0, 5.192
[07:52:15] 643.6, 124.1, 5.200
[07:52:16] 643.7, 124.0, 5.200
[07:52:17] 643.9, 124.1, 5.200
[07:52:18] 710.5, 124.0, 5.205
[07:52:19] 669.3, 124.0, 5.201
[07:52:20] 643.9, 123.9, 5.207
[07:52:21] 644.0, 124.1, 5.205
[07:52:22] 644.2, 124.0, 5.201
[07:52:23] 708.1, 124.1, 5.212
[07:52:24] 670.7, 124.0, 5.198
[07:52:25] 643.6, 124.1, 5.194
[07:52:26] 643.6, 124.2, 5.185
[07:52:27] 643.5, 124.0, 5.202
[07:52:28] 703.0, 124.1, 5.212
[07:52:29] 671.9, 124.1, 5.198
[07:52:30] 643.6, 124.1, 5.187
[07:52:31] 643.5, 124.0, 5.204
[07:52:32] 643.7, 123.9, 5.205
[07:52:33] 697.7, 124.1, 5.212
[07:52:34] 673.3, 124.0, 5.188
[07:52:35] 643.2, 124.0, 5.197
[07:52:36] 643.2, 124.1, 5.197
[07:52:37] 643.2, 124.1, 5.194
[07:52:38] 677.2, 124.0, 5.396
[07:52:39] 729.4, 124.1, 5.200
[07:52:40] 643.7, 124.1, 5.196
[07:52:41] 643.6, 124.1, 5.193
[07:52:42] 643.5, 124.2, 5.182
[07:52:43] 643.5, 123.6, 7.308
[07:52:44] 840.4, 124.1, 5.201
[07:52:45] 644.1, 124.1, 5.201
[07:52:46] 644.0, 124.1, 5.186
[07:52:47] 643.9, 124.1, 5.199
[07:52:48] 643.9, 123.4, 7.711
[07:52:49] 865.0, 124.0, 5.456
[07:52:50] 727.8, 124.1, 5.193
[07:52:51] 643.9, 124.2, 5.201
[07:52:52] 643.8, 124.1, 5.195
[07:52:53] 643.8, 124.1, 5.196
[07:52:54] 644.1, 123.4, 8.084
[07:52:55] 999.6, 123.6, 7.217
[07:52:56] 801.4, 124.1, 5.208
[07:52:57] 644.5, 124.1, 5.207
[07:52:58] 644.4, 124.2, 5.189
[07:52:59] 644.3, 124.2, 5.198
[07:53:00] 644.3, 123.3, 8.048
[07:53:01] 925.0, 123.3, 8.108
[07:53:02] 1001.2, 123.4, 8.118
[07:53:03] 952.0, 124.1, 5.221
[07:53:04] 645.5, 124.0, 5.214
[07:53:05] 645.5, 124.2, 5.211
[07:53:06] 645.5, 124.2, 5.190
[07:53:07] 645.4, 124.1, 5.204
[07:53:08] 772.7, 123.4, 8.093
[07:53:09] 1000.6, 123.3, 8.119
[07:53:10] 1000.8, 123.3, 8.125
[07:53:11] 1001.2, 123.4, 8.136
[07:53:12] 1001.6, 123.5, 7.908
[07:53:13] 891.6, 124.1, 5.227
[07:53:14] 646.7, 124.0, 5.206
[07:53:15] 646.5, 124.1, 5.216
[07:53:16] 646.3, 124.0, 5.210
[07:53:17] 646.1, 123.7, 6.036
[07:53:18] 824.1, 123.3, 8.146
[07:53:19] 1005.9, 123.3, 8.161
[07:53:20] 1006.1, 123.4, 8.170
[07:53:21] 1006.5, 123.3, 8.183
[07:53:22] 1007.0, 123.3, 8.182
[07:53:23] 1007.4, 123.3, 8.186
[07:53:24] 1007.8, 123.3, 8.190
[07:53:25] 1008.2, 123.2, 8.187
[07:53:26] 1008.6, 123.2, 8.193
[07:53:27] 1009.0, 123.6, 7.320
[07:53:28] 816.8, 124.1, 5.233
[07:53:29] 647.9, 124.1, 5.225
[07:53:30] 647.7, 124.0, 5.208
[07:53:31] 647.5, 124.0, 5.217
[07:53:32] 647.3, 123.3, 8.065
[07:53:33] 927.4, 123.3, 8.129
[07:53:34] 1004.6, 123.4, 8.139
[07:53:35] 1004.6, 123.4, 8.140
[07:53:36] 1004.8, 123.4, 8.141
[07:53:37] 1005.0, 123.4, 8.148
[07:53:38] 1005.3, 123.3, 8.161
[07:53:39] 1005.7, 123.5, 8.153
[07:53:40] 1006.0, 123.3, 8.160
[07:53:41] 1006.3, 123.3, 8.163
[07:53:42] 1006.6, 123.5, 8.161
[07:53:43] 1007.0, 123.4, 8.164
[07:53:44] 1007.2, 123.4, 8.166
[07:53:45] 1007.5, 123.5, 8.168
[07:53:46] 1007.7, 123.4, 8.163
[07:53:47] 1008.0, 123.4, 8.167
[07:53:48] 1008.2, 123.4, 8.172
[07:53:49] 1008.5, 123.3, 8.174
[07:53:50] 1008.7, 123.3, 8.176
[07:53:51] 1008.9, 123.4, 8.176
[07:53:52] 874.8, 124.0, 5.244
[07:53:53] 648.9, 124.2, 5.233
[07:53:54] 648.7, 124.1, 5.213
[07:53:55] 648.4, 124.1, 5.227
