<<<[14:47:15] 645.7, 122.5, 5.261
[14:47:16] 645.6, 122.5, 5.259
[14:47:17] 645.6, 122.4, 5.260
[14:47:18] 651.6, 122.5, 5.379
[14:47:19] 661.1, 122.5, 5.396
[14:47:20] 661.2, 122.5, 5.384
[14:47:21] 661.1, 122.5, 5.266
[14:47:22] 647.3, 122.6, 5.257
[14:47:23] 647.0, 122.5, 5.256
[14:47:24] 646.7, 122.6, 5.254
[14:47:25] 646.5, 122.5, 5.259
[14:47:26] 697.9, 122.6, 5.279
[14:47:27] 687.1, 122.5, 5.252
[14:47:28] 644.9, 122.6, 5.253
[14:47:29] 644.8, 122.6, 5.252
[14:47:30] 644.8, 122.5, 5.248
[14:47:31] 694.7, 122.6, 5.287
[14:47:32] 688.2, 122.5, 5.253
[14:47:33] 644.5, 122.6, 5.250
[14:47:34] 644.5, 122.5, 5.248
[14:47:35] 644.4, 122.5, 5.248
[14:47:36] 692.8, 122.6, 5.282
[14:47:37] 692.3, 122.5, 5.254
[14:47:38] 644.3, 122.5, 5.251
[14:47:39] 644.3, 122.5, 5.252
[14:47:40] 644.2, 122.5, 5.250
[14:47:41] 690.8, 122.5, 5.291
[14:47:42] 690.8, 122.5, 5.259
[14:47:43] 644.9, 122.5, 5.250
[14:47:44] 644.9, 122.6, 5.248
[14:47:45] 644.9, 122.6, 5.251
[14:47:46] 689.2, 122.5, 5.286
[14:47:47] 689.5, 122.6, 5.245
[14:47:48] 643.7, 122.5, 5.247
[14:47:49] 643.7, 122.6, 5.246
[14:47:50] 643.7, 122.6, 5.244
[14:47:51] 685.9, 122.6, 5.291
[14:47:52] 693.4, 122.5, 5.247
[14:47:53] 643.7, 122.6, 5.248
[14:47:54] 643.7, 122.6, 5.248
[14:47:55] 643.7, 122.5, 5.246
[14:47:56] 681.9, 122.6, 5.291
[14:47:57] 694.7, 122.6, 5.247
[14:47:58] 643.9, 122.6, 5.246
[14:47:59] 643.8, 122.5, 5.244
[14:48:00] 643.8, 122.6, 5.245
[14:48:01] 675.8, 122.6, 5.295
[14:48:02] 695.5, 122.5, 5.250
[14:48:03] 644.7, 122.5, 5.249
[14:48:04] 644.7, 122.5, 5.251
[14:48:05] 644.6, 122.4, 5.251
[14:48:06] 666.6, 122.5, 5.304
[14:48:07] 698.3, 122.5, 5.247
[14:48:08] 643.6, 122.5, 5.245
[14:48:09] 643.5, 122.6, 5.244
[14:48:10] 643.5, 122.5, 5.246
[14:48:11] 643.5, 122.5, 5.997
[14:48:12] 752.8, 122.6, 5.251
[14:48:13] 643.6, 122.5, 5.245
[14:48:14] 643.6, 122.6, 5.243
[14:48:15] 643.5, 122.5, 5.242
[14:48:16] 643.5, 122.0, 7.625
[14:48:17] 818.7, 122.5, 5.252
[14:48:18] 643.9, 122.5, 5.248
[14:48:19] 643.8, 122.5, 5.249
[14:48:20] 643.8, 122.4, 5.246
[14:48:21] 643.8, 122.3, 5.409
[14:48:22] 784.5, 122.4, 6.119
[14:48:23] 761.1, 122.5, 5.253
[14:48:24] 644.1, 122.4, 5.249
[14:48:25] 644.1, 122.5, 5.248
[14:48:26] 644.0, 122.4, 5.246
[14:48:27] 644.0, 121.9, 7.670
[14:48:28] 883.5, 121.9, 7.680
[14:48:29] 883.0, 122.5, 5.262
[14:48:30] 644.9, 122.4, 5.254
[14:48:31] 644.8, 122.5, 5.252
[14:48:32] 644.6, 122.5, 5.251
[14:48:33] 644.6, 122.3, 5.410
[14:48:34] 784.7, 121.9, 7.711
[14:48:35] 941.6, 121.9, 7.735
[14:48:36] 941.8, 122.4, 6.280
[14:48:37] 767.0, 122.5, 5.259
[14:48:38] 645.5, 122.6, 5.255
[14:48:39] 645.3, 122.6, 5.248
[14:48:40] 645.2, 122.6, 5.244
[14:48:41] 645.0, 121.9, 7.668
[14:48:42] 885.7, 121.9, 7.722
[14:48:43] 942.9, 122.0, 7.736
[14:48:44] 943.1, 122.0, 7.737
[14:48:45] 943.4, 121.9, 7.740
[14:48:46] 943.7, 121.9, 7.720
[14:48:47] 888.2, 122.5, 5.279
[14:48:48] 647.3, 122.5, 5.270
[14:48:49] 647.1, 122.5, 5.265
[14:48:50] 646.9, 122.4, 5.264
[14:48:51] 646.6, 122.3, 5.417
[14:48:52] 785.7, 121.9, 7.719
[14:48:53] 942.9, 121.9, 7.750
[14:48:54] 943.2, 121.8, 7.754
[14:48:55] 943.4, 121.7, 7.764
[14:48:56] 943.8, 121.9, 7.768
[14:48:57] 944.2, 121.7, 7.781
[14:48:58] 944.8, 121.7, 7.778
[14:48:59] 945.2, 121.8, 7.780
[14:49:00] 945.7, 121.8, 7.759
[14:49:01] 946.0, 121.7, 7.784
[14:49:02] 946.4, 122.4, 5.350
[14:49:03] 706.5, 122.3, 5.280
[14:49:04] 647.7, 122.4, 5.276
[14:49:05] 647.5, 122.4, 5.266
[14:49:06] 647.4, 122.5, 5.263
