<<<[04:03:57] 644.7, 125.2, 5.132
[04:03:58] 644.4, 125.1, 5.140
[04:03:59] 644.2, 125.1, 5.209
[04:04:00] 644.6, 125.2, 5.147
[04:04:01] 644.4, 125.2, 5.150
[04:04:02] 644.2, 125.1, 5.146
[04:04:03] 644.0, 125.1, 5.147
[04:04:04] 643.9, 124.7, 7.073
[04:04:05] 736.9, 125.2, 5.143
[04:04:06] 642.4, 125.2, 5.142
[04:04:07] 642.4, 125.2, 5.138
[04:04:08] 642.3, 125.1, 5.137
[04:04:09] 642.3, 124.7, 7.073
[04:04:10] 735.1, 125.2, 5.141
[04:04:11] 642.6, 125.1, 5.141
[04:04:12] 642.5, 125.1, 5.140
[04:04:13] 642.4, 125.1, 5.126
[04:04:14] 642.4, 124.7, 7.069
[04:04:15] 734.5, 125.2, 5.142
[04:04:16] 642.4, 125.2, 5.138
[04:04:17] 642.3, 125.1, 5.139
[04:04:18] 642.3, 125.1, 5.135
[04:04:19] 642.3, 124.7, 7.062
[04:04:20] 734.1, 125.1, 5.144
[04:04:21] 642.4, 125.1, 5.143
[04:04:22] 642.3, 125.1, 5.140
[04:04:23] 642.3, 125.2, 5.138
[04:04:24] 642.2, 124.7, 7.058
[04:04:25] 733.9, 125.1, 5.142
[04:04:26] 642.0, 125.2, 5.136
[04:04:27] 642.0, 125.1, 5.141
[04:04:28] 642.0, 125.2, 5.136
[04:04:29] 641.9, 124.7, 7.055
[04:04:30] 733.7, 125.1, 5.149
[04:04:31] 642.6, 125.1, 5.149
[04:04:32] 642.6, 125.2, 5.148
[04:04:33] 642.6, 125.2, 5.149
[04:04:34] 642.7, 124.7, 7.048
[04:04:35] 733.1, 125.2, 5.139
[04:04:36] 642.4, 125.2, 5.137
[04:04:37] 642.3, 125.2, 5.135
[04:04:38] 642.2, 125.1, 5.138
[04:04:39] 642.2, 124.7, 7.039
[04:04:40] 732.5, 125.2, 5.139
[04:04:41] 641.8, 125.1, 5.139
[04:04:42] 641.8, 125.1, 5.140
[04:04:43] 641.8, 125.2, 5.135
[04:04:44] 641.8, 124.7, 7.040
[04:04:45] 731.1, 125.1, 5.132
[04:04:46] 642.4, 125.2, 5.141
[04:04:47] 642.3, 125.2, 5.141
[04:04:48] 642.3, 125.1, 5.135
[04:04:49] 642.2, 124.6, 7.032
[04:04:50] 729.6, 125.2, 5.144
[04:04:51] 642.4, 125.1, 5.141
[04:04:52] 642.3, 125.2, 5.137
[04:04:53] 642.3, 125.1, 5.136
[04:04:54] 642.2, 124.7, 7.012
[04:04:55] 726.2, 125.2, 5.138
[04:04:56] 642.0, 125.1, 5.137
[04:04:57] 641.9, 125.1, 5.141
[04:04:58] 642.0, 125.2, 5.137
[04:04:59] 642.0, 124.7, 6.969
[04:05:00] 718.9, 125.1, 5.138
[04:05:01] 641.8, 125.1, 5.123
[04:05:02] 641.8, 125.2, 5.139
[04:05:03] 641.8, 125.2, 5.142
[04:05:04] 641.8, 124.6, 6.877
[04:05:05] 754.4, 125.2, 5.141
[04:05:06] 642.4, 125.2, 5.138
[04:05:07] 642.3, 125.1, 5.140
[04:05:08] 642.2, 125.1, 5.137
[04:05:09] 642.2, 125.0, 5.408
[04:05:10] 765.4, 125.2, 5.149
[04:05:11] 654.8, 125.1, 5.144
[04:05:12] 642.8, 125.1, 5.138
[04:05:13] 642.6, 125.1, 5.138
[04:05:14] 642.5, 125.2, 5.137
[04:05:15] 706.0, 125.0, 6.130
[04:05:16] 758.7, 125.1, 5.143
[04:05:17] 642.6, 125.2, 5.126
[04:05:18] 642.4, 125.1, 5.141
[04:05:19] 642.4, 125.1, 5.140
[04:05:20] 642.3, 124.7, 7.238
[04:05:21] 844.1, 125.0, 6.177
[04:05:22] 759.9, 125.0, 5.150
[04:05:23] 643.4, 125.2, 5.148
[04:05:24] 643.3, 125.2, 5.143
[04:05:25] 643.2, 125.1, 5.140
[04:05:26] 643.1, 124.7, 7.260
[04:05:27] 855.7, 124.7, 7.307
[04:05:28] 911.8, 125.0, 6.250
[04:05:29] 760.5, 125.2, 5.159
[04:05:30] 643.9, 125.1, 5.149
[04:05:31] 643.7, 125.1, 5.145
[04:05:32] 643.6, 125.2, 5.146
[04:05:33] 643.5, 124.6, 7.287
[04:05:34] 884.1, 124.7, 7.300
[04:05:35] 911.6, 124.6, 7.318
[04:05:36] 911.8, 124.7, 7.328
[04:05:37] 911.8, 125.1, 5.264
[04:05:38] 711.7, 125.2, 5.159
[04:05:39] 644.1, 125.1, 5.155
[04:05:40] 644.0, 125.2, 5.149
[04:05:41] 643.9, 125.1, 5.147
[04:05:42] 669.9, 124.6, 7.300
[04:05:43] 910.5, 124.6, 7.316
[04:05:44] 910.7, 124.6, 7.330
[04:05:45] 911.1, 124.6, 7.338
[04:05:46] 911.6, 124.4, 7.346
[04:05:47] 912.1, 124.6, 7.340
[04:05:48] 912.5, 124.5, 7.341
[04:05:49] 912.9, 124.7, 7.284
[04:05:50] 874.1, 125.1, 5.172
[04:05:51] 645.9, 125.2, 5.164
[04:05:52] 645.7, 125.1, 5.157
[04:05:53] 645.5, 125.1, 5.152
[04:05:54] 645.2, 124.8, 5.918
[04:05:55] 779.2, 124.5, 7.321
[04:05:56] 913.2, 124.6, 7.336
[04:05:57] 913.3, 124.6, 7.348
[04:05:58] 913.6, 124.6, 7.342
[04:05:59] 913.9, 124.5, 7.345
[04:06:00] 914.2, 124.6, 7.351
[04:06:01] 914.5, 124.5, 7.351
[04:06:02] 914.8, 124.6, 7.356
[04:06:03] 915.1, 124.5, 7.362
[04:06:04] 915.4, 124.7, 7.357
[04:06:05] 915.7, 124.5, 7.360
[04:06:06] 916.0, 124.7, 7.360
[04:06:07] 916.3, 124.6, 7.364
[04:06:08] 916.5, 124.7, 7.365
[04:06:09] 916.8, 124.6, 7.369
[04:06:10] 826.0, 125.1, 5.175
[04:06:11] 646.5, 125.2, 5.164
[04:06:12] 646.4, 125.1, 5.162
[04:06:13] 646.2, 125.2, 5.156
