<<<[17:01:43] 636.9, 122.2, 5.210
[17:01:44] 636.9, 122.2, 5.210
[17:01:45] 637.0, 122.3, 5.293
[17:01:46] 648.1, 122.1, 5.341
[17:01:47] 653.2, 122.1, 5.290
[17:01:48] 647.7, 122.2, 5.212
[17:01:49] 637.8, 122.1, 5.210
[17:01:50] 637.7, 122.2, 5.207
[17:01:51] 637.6, 122.3, 5.215
[17:01:52] 637.6, 121.9, 6.492
[17:01:53] 731.9, 122.2, 5.204
[17:01:54] 636.7, 122.2, 5.200
[17:01:55] 636.6, 122.3, 5.198
[17:01:56] 636.6, 122.3, 5.197
[17:01:57] 636.6, 122.0, 6.390
[17:01:58] 730.2, 122.3, 5.197
[17:01:59] 636.3, 122.3, 5.197
[17:02:00] 636.3, 122.3, 5.196
[17:02:01] 636.4, 122.4, 5.195
[17:02:02] 636.4, 122.0, 6.333
[17:02:03] 729.8, 122.4, 5.202
[17:02:04] 637.5, 122.3, 5.203
[17:02:05] 637.4, 122.2, 5.198
[17:02:06] 637.3, 122.3, 5.200
[17:02:07] 637.2, 121.9, 6.274
[17:02:08] 729.6, 122.3, 5.198
[17:02:09] 636.5, 122.2, 5.199
[17:02:10] 636.5, 122.3, 5.195
[17:02:11] 636.4, 122.3, 5.195
[17:02:12] 636.4, 122.0, 6.198
[17:02:13] 729.0, 122.3, 5.201
[17:02:14] 637.3, 122.3, 5.201
[17:02:15] 637.2, 122.3, 5.207
[17:02:16] 637.2, 122.4, 5.198
[17:02:17] 637.1, 122.0, 6.081
[17:02:18] 727.4, 122.3, 5.198
[17:02:19] 636.5, 122.4, 5.198
[17:02:20] 636.5, 122.4, 5.198
[17:02:21] 636.5, 122.2, 5.198
[17:02:22] 636.5, 122.1, 5.885
[17:02:23] 725.0, 122.4, 5.200
[17:02:24] 637.1, 122.3, 5.200
[17:02:25] 637.0, 122.3, 5.197
[17:02:26] 637.0, 122.4, 5.195
[17:02:27] 636.9, 122.2, 5.329
[17:02:28] 721.3, 122.4, 5.200
[17:02:29] 636.9, 122.4, 5.197
[17:02:30] 636.8, 122.3, 5.198
[17:02:31] 636.7, 122.3, 5.199
[17:02:32] 636.7, 122.3, 5.199
[17:02:33] 713.8, 122.3, 5.203
[17:02:34] 636.7, 122.2, 5.199
[17:02:35] 636.6, 122.3, 5.200
[17:02:36] 636.6, 122.3, 5.200
[17:02:37] 636.6, 122.2, 5.200
[17:02:38] 729.0, 122.3, 5.207
[17:02:39] 654.2, 122.2, 5.206
[17:02:40] 637.1, 122.2, 5.206
[17:02:41] 637.0, 122.3, 5.200
[17:02:42] 637.0, 122.2, 5.201
[17:02:43] 685.9, 122.0, 6.522
[17:02:44] 765.2, 122.3, 5.205
[17:02:45] 637.5, 122.3, 5.204
[17:02:46] 637.4, 122.2, 5.202
[17:02:47] 637.2, 122.3, 5.199
[17:02:48] 637.2, 121.6, 7.746
[17:02:49] 881.1, 122.2, 5.219
[17:02:50] 657.7, 122.3, 5.203
[17:02:51] 636.5, 122.3, 5.207
[17:02:52] 636.5, 122.3, 5.200
[17:02:53] 636.6, 122.3, 5.199
[17:02:54] 679.8, 121.6, 7.786
[17:02:55] 948.3, 121.9, 6.666
[17:02:56] 772.1, 122.2, 5.211
[17:02:57] 637.6, 122.2, 5.208
[17:02:58] 637.6, 122.2, 5.209
[17:02:59] 637.4, 122.2, 5.203
[17:03:00] 637.4, 121.6, 7.743
[17:03:01] 882.1, 121.6, 7.808
[17:03:02] 950.8, 121.6, 7.826
[17:03:03] 950.2, 122.1, 5.361
[17:03:04] 711.5, 122.3, 5.216
[17:03:05] 638.2, 122.3, 5.211
[17:03:06] 638.2, 122.2, 5.207
[17:03:07] 638.0, 122.3, 5.202
[17:03:08] 665.6, 121.8, 7.784
[17:03:09] 949.2, 121.7, 7.813
[17:03:10] 949.6, 121.7, 7.819
[17:03:11] 950.1, 121.8, 7.827
[17:03:12] 950.6, 121.7, 7.831
[17:03:13] 951.2, 122.1, 6.861
[17:03:14] 784.5, 122.3, 5.230
[17:03:15] 639.8, 122.3, 5.220
[17:03:16] 639.7, 122.3, 5.213
[17:03:17] 639.6, 122.4, 5.206
[17:03:18] 639.4, 121.7, 7.665
[17:03:19] 857.1, 121.6, 7.814
[17:03:20] 952.2, 121.7, 7.818
[17:03:21] 952.3, 121.7, 7.831
[17:03:22] 952.6, 121.6, 7.844
[17:03:23] 953.0, 121.7, 7.849
[17:03:24] 953.5, 121.6, 7.858
[17:03:25] 953.9, 121.6, 7.860
[17:03:26] 954.3, 121.7, 7.853
[17:03:27] 954.7, 121.7, 7.858
[17:03:28] 955.1, 121.6, 7.867
[17:03:29] 955.4, 122.3, 5.260
[17:03:30] 665.6, 122.4, 5.229
[17:03:31] 640.6, 122.4, 5.224
[17:03:32] 640.5, 122.3, 5.221
