<<<[21:07:58] 659.4, 123.0, 5.326
[21:07:59] 658.9, 122.9, 5.380
[21:08:00] 658.5, 123.0, 5.406
[21:08:01] 658.3, 123.0, 5.334
[21:08:02] 658.5, 123.1, 5.343
[21:08:03] 658.0, 123.1, 5.333
[21:08:04] 657.9, 123.0, 5.455
[21:08:05] 658.4, 123.1, 5.251
[21:08:06] 645.9, 123.0, 5.197
[21:08:07] 638.2, 123.1, 5.201
[21:08:08] 638.2, 123.0, 5.202
[21:08:09] 638.2, 123.1, 5.214
[21:08:10] 638.4, 122.6, 7.094
[21:08:11] 733.9, 123.0, 5.201
[21:08:12] 638.2, 123.1, 5.205
[21:08:13] 638.1, 123.0, 5.178
[21:08:14] 638.1, 123.1, 5.184
[21:08:15] 638.0, 122.6, 7.080
[21:08:16] 731.1, 123.0, 5.201
[21:08:17] 637.8, 123.1, 5.200
[21:08:18] 637.8, 123.1, 5.191
[21:08:19] 637.7, 123.0, 5.194
[21:08:20] 637.7, 122.6, 7.066
[21:08:21] 729.4, 123.0, 5.203
[21:08:22] 638.2, 122.9, 5.188
[21:08:23] 638.1, 123.0, 5.199
[21:08:24] 638.0, 123.1, 5.203
[21:08:25] 637.9, 122.5, 7.050
[21:08:26] 726.6, 123.0, 5.193
[21:08:27] 637.6, 123.1, 5.203
[21:08:28] 637.5, 123.0, 5.197
[21:08:29] 637.6, 122.9, 5.180
[21:08:30] 637.5, 122.6, 7.105
[21:08:31] 720.1, 123.0, 5.201
[21:08:32] 638.0, 122.9, 5.207
[21:08:33] 637.9, 123.0, 5.200
[21:08:34] 637.9, 122.9, 5.187
[21:08:35] 637.8, 122.5, 6.307
[21:08:36] 758.5, 123.0, 5.207
[21:08:37] 637.6, 122.9, 5.199
[21:08:38] 637.6, 123.0, 5.185
[21:08:39] 637.5, 122.9, 5.201
[21:08:40] 637.5, 122.9, 5.195
[21:08:41] 752.8, 123.0, 5.419
[21:08:42] 719.1, 123.0, 5.195
[21:08:43] 637.5, 123.1, 5.197
[21:08:44] 637.5, 123.0, 5.200
[21:08:45] 637.5, 123.0, 5.175
[21:08:46] 655.0, 122.4, 7.960
[21:08:47] 918.3, 123.0, 5.204
[21:08:48] 638.2, 123.1, 5.204
[21:08:49] 638.1, 123.1, 5.198
[21:08:50] 638.0, 123.0, 5.187
[21:08:51] 638.0, 123.0, 5.201
[21:08:52] 790.4, 122.3, 7.970
[21:08:53] 938.4, 122.9, 5.211
[21:08:54] 638.8, 123.0, 5.200
[21:08:55] 638.6, 122.9, 5.201
[21:08:56] 638.5, 122.9, 5.200
[21:08:57] 638.4, 123.0, 5.203
[21:08:58] 724.3, 122.2, 7.970
[21:08:59] 976.6, 122.3, 7.982
[21:09:00] 976.7, 123.0, 5.510
[21:09:01] 737.4, 123.0, 5.189
[21:09:02] 638.6, 123.0, 5.193
[21:09:03] 638.5, 123.0, 5.206
[21:09:04] 638.4, 123.0, 5.198
[21:09:05] 638.3, 122.3, 7.950
[21:09:06] 932.5, 122.3, 7.990
[21:09:07] 977.4, 122.4, 7.991
[21:09:08] 977.6, 122.3, 7.998
[21:09:09] 977.9, 122.3, 8.004
[21:09:10] 970.3, 123.0, 5.233
[21:09:11] 680.2, 123.0, 5.215
[21:09:12] 639.6, 123.0, 5.214
[21:09:13] 639.5, 123.0, 5.204
[21:09:14] 639.3, 123.0, 5.195
[21:09:15] 673.7, 122.4, 7.968
[21:09:16] 976.8, 122.3, 7.978
[21:09:17] 976.9, 122.3, 8.002
[21:09:18] 977.3, 122.3, 8.016
[21:09:19] 977.8, 122.4, 8.012
[21:09:20] 978.2, 122.3, 8.017
[21:09:21] 978.7, 122.3, 8.018
[21:09:22] 979.1, 122.4, 8.024
[21:09:23] 979.6, 122.3, 8.027
[21:09:24] 980.0, 122.4, 7.486
[21:09:25] 872.7, 123.0, 5.229
[21:09:26] 641.6, 123.0, 5.209
[21:09:27] 641.4, 123.0, 5.220
[21:09:28] 641.3, 122.9, 5.221
[21:09:29] 641.2, 122.4, 7.338
[21:09:30] 837.4, 122.3, 7.996
[21:09:31] 979.2, 122.4, 7.996
[21:09:32] 979.3, 122.3, 8.010
[21:09:33] 979.5, 122.4, 8.021
[21:09:34] 979.9, 122.3, 8.022
[21:09:35] 980.3, 122.3, 8.018
[21:09:36] 980.6, 122.4, 8.031
[21:09:37] 981.0, 122.3, 8.019
[21:09:38] 981.3, 122.4, 8.027
[21:09:39] 981.7, 122.4, 8.030
[21:09:40] 982.0, 122.4, 8.031
[21:09:41] 982.3, 122.3, 8.033
[21:09:42] 982.6, 122.4, 8.040
[21:09:43] 982.9, 122.4, 8.033
[21:09:44] 983.1, 122.3, 8.047
[21:09:45] 983.4, 122.2, 8.047
[21:09:46] 983.6, 122.3, 8.049
[21:09:47] 983.9, 122.3, 8.058
[21:09:48] 984.3, 123.0, 5.970
[21:09:49] 778.4, 123.1, 5.209
[21:09:50] 641.2, 123.0, 5.210
[21:09:51] 641.1, 123.0, 5.220
[21:09:52] 641.0, 123.0, 5.210
