<<<[17:31:31] 637.7, 122.5, 5.192
[17:31:32] 637.6, 122.5, 5.193
[17:31:33] 637.5, 122.5, 5.274
[17:31:34] 647.7, 122.5, 5.334
[17:31:35] 654.6, 122.5, 5.357
[17:31:36] 654.7, 122.5, 5.356
[17:31:37] 654.6, 122.5, 5.335
[17:31:38] 654.6, 122.5, 5.330
[17:31:39] 654.6, 122.4, 5.327
[17:31:40] 654.6, 122.5, 5.347
[17:31:41] 654.9, 122.5, 5.344
[17:31:42] 655.0, 122.5, 5.344
[17:31:43] 655.7, 122.5, 5.351
[17:31:44] 656.0, 122.4, 5.410
[17:31:45] 664.2, 122.5, 5.407
[17:31:46] 657.7, 122.4, 5.448
[17:31:47] 657.8, 122.5, 5.350
[17:31:48] 657.8, 122.5, 5.345
[17:31:49] 663.6, 122.5, 5.409
[17:31:50] 663.6, 122.4, 5.276
[17:31:51] 647.5, 122.5, 5.210
[17:31:52] 638.4, 122.5, 5.208
[17:31:53] 638.3, 122.3, 5.209
[17:31:54] 638.3, 122.5, 5.204
[17:31:55] 638.3, 121.8, 7.206
[17:31:56] 736.1, 122.5, 5.192
[17:31:57] 637.1, 122.4, 5.192
[17:31:58] 636.9, 122.5, 5.190
[17:31:59] 636.9, 122.5, 5.190
[17:32:00] 636.8, 122.0, 7.188
[17:32:01] 729.0, 122.5, 5.194
[17:32:02] 637.1, 122.5, 5.191
[17:32:03] 637.0, 122.5, 5.191
[17:32:04] 636.9, 122.4, 5.189
[17:32:05] 636.9, 122.0, 7.189
[17:32:06] 725.6, 122.5, 5.194
[17:32:07] 636.9, 122.6, 5.191
[17:32:08] 636.8, 122.5, 5.190
[17:32:09] 636.8, 122.5, 5.188
[17:32:10] 636.7, 122.0, 7.197
[17:32:11] 720.1, 122.4, 5.194
[17:32:12] 636.9, 122.5, 5.190
[17:32:13] 636.8, 122.4, 5.194
[17:32:14] 636.7, 122.5, 5.191
[17:32:15] 636.7, 121.8, 7.459
[17:32:16] 758.1, 122.5, 5.196
[17:32:17] 636.9, 122.4, 5.194
[17:32:18] 636.8, 122.5, 5.190
[17:32:19] 636.7, 122.4, 5.195
[17:32:20] 636.8, 122.1, 6.405
[17:32:21] 785.1, 122.5, 5.200
[17:32:22] 636.3, 122.3, 5.199
[17:32:23] 636.3, 122.5, 5.195
[17:32:24] 636.4, 122.5, 5.192
[17:32:25] 636.4, 122.5, 5.198
[17:32:26] 712.6, 121.9, 7.295
[17:32:27] 812.0, 122.5, 5.195
[17:32:28] 636.9, 122.5, 5.192
[17:32:29] 636.8, 122.5, 5.197
[17:32:30] 636.8, 122.5, 5.188
[17:32:31] 636.7, 121.9, 7.724
[17:32:32] 855.9, 121.9, 7.690
[17:32:33] 875.6, 122.6, 5.197
[17:32:34] 637.5, 122.6, 5.191
[17:32:35] 637.4, 122.6, 5.199
[17:32:36] 637.3, 122.6, 5.189
[17:32:37] 637.2, 122.1, 6.341
[17:32:38] 808.9, 121.9, 7.970
[17:32:39] 972.9, 121.8, 7.981
[17:32:40] 951.4, 122.4, 5.206
[17:32:41] 638.8, 122.5, 5.198
[17:32:42] 638.5, 122.5, 5.192
[17:32:43] 638.3, 122.5, 5.194
[17:32:44] 638.1, 122.3, 5.194
[17:32:45] 716.6, 121.7, 7.955
[17:32:46] 972.3, 121.8, 7.990
[17:32:47] 972.5, 121.7, 8.001
[17:32:48] 972.9, 121.8, 8.010
[17:32:49] 973.4, 121.9, 7.310
[17:32:50] 818.0, 122.5, 5.207
[17:32:51] 638.4, 122.4, 5.201
[17:32:52] 638.3, 122.5, 5.196
[17:32:53] 638.1, 122.4, 5.195
[17:32:54] 638.0, 121.8, 7.835
[17:32:55] 870.1, 121.7, 7.972
[17:32:56] 974.0, 121.8, 8.005
[17:32:57] 974.2, 121.7, 8.008
[17:32:58] 974.5, 121.8, 8.015
[17:32:59] 974.9, 121.7, 8.020
[17:33:00] 975.2, 121.8, 8.021
[17:33:01] 975.6, 121.7, 8.024
[17:33:02] 976.1, 121.8, 8.029
[17:33:03] 976.4, 121.8, 7.413
[17:33:04] 829.8, 122.4, 5.225
[17:33:05] 640.2, 122.5, 5.220
[17:33:06] 640.0, 122.5, 5.209
[17:33:07] 639.9, 122.5, 5.208
[17:33:08] 639.7, 121.9, 7.545
[17:33:09] 843.1, 121.9, 7.994
[17:33:10] 975.4, 121.8, 8.002
[17:33:11] 975.5, 121.8, 8.009
[17:33:12] 975.7, 121.9, 8.012
[17:33:13] 976.1, 121.8, 8.018
[17:33:14] 976.4, 121.9, 8.019
[17:33:15] 976.7, 121.8, 8.000
[17:33:16] 977.0, 121.8, 8.028
[17:33:17] 977.4, 121.8, 8.036
[17:33:18] 977.7, 121.8, 8.036
[17:33:19] 978.0, 121.8, 8.035
[17:33:20] 978.3, 121.8, 8.040
[17:33:21] 978.6, 121.8, 8.038
[17:33:22] 978.8, 121.8, 8.039
[17:33:23] 979.1, 121.7, 8.046
[17:33:24] 979.3, 121.7, 8.043
[17:33:25] 979.5, 121.8, 8.025
[17:33:26] 979.7, 121.7, 8.047
[17:33:27] 829.2, 122.5, 5.228
[17:33:28] 640.8, 122.3, 5.224
[17:33:29] 640.7, 122.4, 5.217
[17:33:30] 640.5, 122.4, 5.213
<<<[17:35:50] 641.8, 122.4, 5.208
[17:35:51] 641.4, 122.4, 5.228
[17:35:52] 641.1, 122.5, 5.394
[17:35:53] 656.0, 122.4, 5.360
[17:35:54] 656.0, 122.5, 5.347
[17:35:55] 656.0, 122.4, 5.382
[17:35:56] 656.2, 122.5, 5.398
[17:35:57] 656.2, 122.4, 5.390
[17:35:58] 656.4, 122.4, 5.343
[17:35:59] 656.5, 122.4, 5.381
[17:36:00] 656.7, 122.5, 5.371
[17:36:01] 657.2, 122.4, 5.372
[17:36:02] 657.3, 122.4, 5.350
[17:36:03] 663.0, 122.5, 5.371
[17:36:04] 657.7, 122.4, 5.369
[17:36:05] 657.7, 122.6, 5.368
[17:36:06] 658.0, 122.5, 5.346
[17:36:07] 657.8, 122.5, 5.495
[17:36:08] 668.7, 122.5, 5.383
[17:36:09] 656.9, 122.5, 5.225
[17:36:10] 638.4, 122.4, 5.203
[17:36:11] 638.3, 122.4, 5.225
[17:36:12] 638.3, 122.5, 5.220
[17:36:13] 638.2, 122.4, 5.217
[17:36:14] 666.6, 122.4, 5.327
[17:36:15] 705.4, 122.5, 5.221
[17:36:16] 637.3, 122.4, 5.216
[17:36:17] 637.3, 122.5, 5.214
[17:36:18] 637.2, 122.4, 5.194
[17:36:19] 659.9, 122.4, 5.329
[17:36:20] 706.0, 122.5, 5.216
[17:36:21] 637.5, 122.4, 5.215
[17:36:22] 637.4, 122.4, 5.193
[17:36:23] 637.3, 122.5, 5.211
[17:36:24] 656.5, 122.5, 5.339
[17:36:25] 707.3, 122.5, 5.225
[17:36:26] 638.0, 122.4, 5.209
[17:36:27] 637.9, 122.4, 5.216
[17:36:28] 637.9, 122.4, 5.216
[17:36:29] 645.5, 122.5, 5.340
[17:36:30] 713.0, 122.5, 5.199
[17:36:31] 637.3, 122.5, 5.216
[17:36:32] 637.3, 122.4, 5.219
[17:36:33] 637.3, 122.5, 5.212
[17:36:34] 637.3, 122.4, 6.686
[17:36:35] 758.5, 122.6, 5.215
[17:36:36] 637.5, 122.6, 5.208
[17:36:37] 637.4, 122.5, 5.211
[17:36:38] 637.3, 122.6, 5.190
[17:36:39] 637.2, 122.0, 7.643
[17:36:40] 785.5, 122.6, 5.212
[17:36:41] 637.5, 122.6, 5.212
[17:36:42] 637.5, 122.6, 5.194
[17:36:43] 637.4, 122.5, 5.206
[17:36:44] 637.3, 122.2, 6.455
[17:36:45] 811.5, 122.5, 5.369
[17:36:46] 715.6, 122.6, 5.198
[17:36:47] 637.5, 122.6, 5.211
[17:36:48] 637.4, 122.5, 5.210
[17:36:49] 637.4, 122.6, 5.209
[17:36:50] 637.4, 121.9, 7.965
[17:36:51] 955.9, 122.4, 6.898
[17:36:52] 779.0, 122.5, 5.216
[17:36:53] 637.8, 122.6, 5.214
[17:36:54] 637.7, 122.5, 5.193
[17:36:55] 637.7, 122.6, 5.213
[17:36:56] 637.6, 121.8, 7.946
[17:36:57] 910.1, 121.9, 7.982
[17:36:58] 975.0, 122.0, 7.578
[17:36:59] 855.0, 122.5, 5.222
[17:37:00] 638.6, 122.6, 5.215
[17:37:01] 638.4, 122.5, 5.211
[17:37:02] 638.3, 122.5, 5.202
[17:37:03] 638.1, 121.9, 6.916
[17:37:04] 820.5, 121.8, 7.997
[17:37:05] 975.4, 121.8, 7.986
[17:37:06] 975.5, 121.7, 8.022
[17:37:07] 975.8, 121.7, 8.030
[17:37:08] 975.7, 122.3, 5.434
[17:37:09] 719.3, 122.5, 5.230
[17:37:10] 639.0, 122.5, 5.208
[17:37:11] 638.8, 122.4, 5.220
[17:37:12] 638.7, 122.4, 5.218
[17:37:13] 651.4, 121.7, 7.993
[17:37:14] 975.4, 121.8, 8.022
[17:37:15] 975.6, 121.8, 8.008
[17:37:16] 975.9, 121.7, 8.031
[17:37:17] 976.3, 121.7, 8.029
[17:37:18] 976.7, 121.8, 8.034
[17:37:19] 977.1, 121.8, 8.036
[17:37:20] 977.6, 121.8, 8.047
[17:37:21] 978.0, 121.7, 8.044
[17:37:22] 977.7, 122.4, 5.439
[17:37:23] 721.5, 122.5, 5.248
[17:37:24] 641.6, 122.5, 5.243
[17:37:25] 641.5, 122.5, 5.245
[17:37:26] 641.3, 122.4, 5.209
[17:37:27] 656.2, 121.8, 8.030
[17:37:28] 980.3, 121.8, 8.052
[17:37:29] 980.4, 121.8, 8.057
[17:37:30] 980.7, 121.9, 8.060
[17:37:31] 981.1, 121.9, 8.070
[17:37:32] 981.5, 121.8, 8.076
[17:37:33] 981.9, 121.8, 8.075
[17:37:34] 982.3, 121.9, 8.067
[17:37:35] 982.6, 121.8, 8.057
[17:37:36] 982.9, 121.8, 8.074
[17:37:37] 983.3, 121.9, 8.080
[17:37:38] 983.5, 121.8, 8.081
[17:37:39] 983.8, 121.7, 8.081
[17:37:40] 984.1, 121.8, 8.082
[17:37:41] 984.3, 121.8, 8.086
[17:37:42] 984.6, 121.8, 8.085
[17:37:43] 984.8, 121.8, 8.085
[17:37:44] 984.9, 121.8, 8.095
[17:37:45] 985.1, 122.5, 5.373
[17:37:46] 655.4, 122.4, 5.225
[17:37:47] 640.0, 122.4, 5.233
[17:37:48] 640.0, 122.5, 5.226
[17:37:49] 639.9, 122.6, 5.218
<<<[17:40:02] 642.2, 122.4, 5.214
[17:40:03] 641.8, 122.5, 5.230
[17:40:04] 641.5, 122.3, 5.383
[17:40:05] 652.6, 122.4, 5.388
[17:40:06] 653.1, 122.5, 5.355
[17:40:07] 653.5, 122.5, 5.366
[17:40:08] 653.9, 122.3, 5.361
[17:40:09] 654.3, 122.4, 5.374
[17:40:10] 654.6, 122.5, 5.358
[17:40:11] 654.7, 122.5, 5.371
[17:40:12] 655.3, 122.4, 5.404
[17:40:13] 655.9, 122.5, 5.374
[17:40:14] 656.4, 122.5, 5.376
[17:40:15] 656.9, 122.4, 5.380
[17:40:16] 662.1, 122.4, 5.374
[17:40:17] 661.6, 122.5, 5.448
[17:40:18] 661.4, 122.5, 5.408
[17:40:19] 660.9, 122.3, 5.499
[17:40:20] 666.0, 122.4, 5.399
[17:40:21] 665.4, 122.4, 5.237
[17:40:22] 641.0, 122.4, 5.214
[17:40:23] 640.6, 122.4, 5.229
[17:40:24] 640.3, 122.3, 5.227
[17:40:25] 640.1, 122.3, 5.233
[17:40:26] 640.6, 122.2, 5.561
[17:40:27] 727.8, 122.3, 5.225
[17:40:28] 637.6, 122.4, 5.221
[17:40:29] 637.5, 122.4, 5.210
[17:40:30] 637.5, 122.4, 5.204
[17:40:31] 637.6, 122.3, 5.587
[17:40:32] 729.8, 122.4, 5.223
[17:40:33] 637.5, 122.4, 5.218
[17:40:34] 637.4, 122.4, 5.200
[17:40:35] 637.4, 122.4, 5.219
[17:40:36] 637.3, 122.4, 5.598
[17:40:37] 728.6, 122.5, 5.218
[17:40:38] 637.8, 122.4, 5.202
[17:40:39] 637.7, 122.5, 5.215
[17:40:40] 637.7, 122.4, 5.215
[17:40:41] 637.6, 122.4, 5.613
[17:40:42] 723.1, 122.5, 5.198
[17:40:43] 637.1, 122.5, 5.214
[17:40:44] 637.1, 122.5, 5.216
[17:40:45] 637.1, 122.5, 5.201
[17:40:46] 637.1, 122.1, 7.233
[17:40:47] 760.3, 122.5, 5.222
[17:40:48] 638.4, 122.5, 5.218
[17:40:49] 638.3, 122.6, 5.216
[17:40:50] 638.2, 122.4, 5.195
[17:40:51] 638.0, 121.8, 7.895
[17:40:52] 788.4, 122.5, 5.210
[17:40:53] 637.1, 122.5, 5.210
[17:40:54] 637.0, 122.4, 5.194
[17:40:55] 637.0, 122.4, 5.216
[17:40:56] 637.0, 122.5, 5.215
[17:40:57] 788.0, 122.4, 5.676
[17:40:58] 743.2, 122.5, 5.198
[17:40:59] 637.5, 122.4, 5.218
[17:41:00] 637.5, 122.4, 5.214
[17:41:01] 637.5, 122.5, 5.197
[17:41:02] 637.4, 121.8, 7.974
[17:41:03] 936.1, 122.0, 7.246
[17:41:04] 804.2, 122.5, 5.223
[17:41:05] 638.4, 122.4, 5.221
[17:41:06] 638.3, 122.4, 5.197
[17:41:07] 638.1, 122.5, 5.222
[17:41:08] 638.2, 121.8, 7.935
[17:41:09] 895.5, 121.8, 7.998
[17:41:10] 976.4, 122.0, 7.677
[17:41:11] 877.2, 122.6, 5.227
[17:41:12] 639.4, 122.6, 5.220
[17:41:13] 639.3, 122.6, 5.222
[17:41:14] 639.1, 122.5, 5.201
[17:41:15] 638.9, 122.1, 6.613
[17:41:16] 815.8, 121.8, 7.999
[17:41:17] 976.4, 121.8, 8.016
[17:41:18] 976.6, 121.8, 8.021
[17:41:19] 976.9, 121.8, 8.032
[17:41:20] 976.7, 122.6, 5.280
[17:41:21] 688.8, 122.5, 5.234
[17:41:22] 640.0, 122.6, 5.208
[17:41:23] 639.8, 122.6, 5.231
[17:41:24] 639.9, 122.6, 5.230
[17:41:25] 657.7, 121.9, 7.989
[17:41:26] 976.0, 121.9, 8.018
[17:41:27] 976.3, 121.8, 8.024
[17:41:28] 976.7, 121.9, 8.029
[17:41:29] 977.1, 121.9, 8.035
[17:41:30] 977.6, 121.9, 8.042
[17:41:31] 978.1, 121.9, 8.040
[17:41:32] 978.5, 122.0, 8.041
[17:41:33] 978.9, 121.9, 8.038
[17:41:34] 972.7, 122.5, 5.269
[17:41:35] 690.6, 122.5, 5.242
[17:41:36] 640.8, 122.6, 5.235
[17:41:37] 640.6, 122.6, 5.229
[17:41:38] 640.5, 122.5, 5.209
[17:41:39] 673.7, 121.8, 8.009
[17:41:40] 977.4, 121.8, 8.028
[17:41:41] 977.6, 121.8, 8.034
[17:41:42] 977.9, 121.8, 8.040
[17:41:43] 978.2, 121.7, 8.042
[17:41:44] 978.6, 121.7, 8.048
[17:41:45] 979.0, 121.8, 8.036
[17:41:46] 979.4, 121.8, 8.050
[17:41:47] 979.7, 121.8, 8.055
[17:41:48] 980.1, 121.8, 8.057
[17:41:49] 980.4, 121.8, 8.053
[17:41:50] 980.8, 121.9, 8.056
[17:41:51] 981.1, 121.9, 8.051
[17:41:52] 981.4, 122.0, 8.051
[17:41:53] 981.6, 122.0, 8.050
[17:41:54] 981.8, 121.9, 8.048
[17:41:55] 982.1, 121.9, 8.043
[17:41:56] 982.2, 121.8, 8.052
[17:41:57] 914.6, 122.6, 5.253
[17:41:58] 642.0, 122.7, 5.217
[17:41:59] 641.8, 122.6, 5.235
[17:42:00] 641.5, 122.6, 5.235
<<<[17:44:10] 642.2, 122.5, 5.207
[17:44:11] 641.8, 122.5, 5.211
[17:44:12] 641.6, 122.6, 5.265
[17:44:13] 650.2, 122.5, 5.345
[17:44:14] 657.7, 122.5, 5.361
[17:44:15] 657.6, 122.5, 5.374
[17:44:16] 657.5, 122.4, 5.362
[17:44:17] 657.5, 122.4, 5.354
[17:44:18] 657.5, 122.3, 5.351
[17:44:19] 657.4, 122.4, 5.350
[17:44:20] 657.6, 122.5, 5.351
[17:44:21] 657.8, 122.5, 5.351
[17:44:22] 658.1, 122.5, 5.364
[17:44:23] 658.3, 122.5, 5.393
[17:44:24] 663.8, 122.5, 5.387
[17:44:25] 657.9, 122.4, 5.469
[17:44:26] 658.1, 122.4, 5.398
[17:44:27] 658.1, 122.4, 5.382
[17:44:28] 665.0, 122.4, 5.390
[17:44:29] 664.7, 122.5, 5.242
[17:44:30] 645.1, 122.5, 5.205
[17:44:31] 640.0, 122.5, 5.207
[17:44:32] 639.8, 122.6, 5.199
[17:44:33] 639.6, 122.6, 5.200
[17:44:34] 639.4, 122.3, 6.873
[17:44:35] 737.4, 122.6, 5.196
[17:44:36] 637.8, 122.5, 5.198
[17:44:37] 637.8, 122.5, 5.198
[17:44:38] 637.8, 122.5, 5.198
[17:44:39] 637.8, 122.3, 6.896
[17:44:40] 730.4, 122.5, 5.201
[17:44:41] 637.8, 122.5, 5.195
[17:44:42] 637.7, 122.4, 5.200
[17:44:43] 637.7, 122.5, 5.197
[17:44:44] 637.7, 122.3, 6.913
[17:44:45] 726.4, 122.5, 5.198
[17:44:46] 637.3, 122.5, 5.198
[17:44:47] 637.3, 122.5, 5.197
[17:44:48] 637.3, 122.5, 5.193
[17:44:49] 637.2, 122.3, 6.939
[17:44:50] 720.7, 122.5, 5.196
[17:44:51] 638.6, 122.5, 5.203
[17:44:52] 638.6, 122.5, 5.203
[17:44:53] 638.6, 122.5, 5.203
[17:44:54] 638.6, 122.1, 7.337
[17:44:55] 758.9, 122.6, 5.193
[17:44:56] 637.5, 122.5, 5.194
[17:44:57] 637.5, 122.6, 5.191
[17:44:58] 637.5, 122.5, 5.192
[17:44:59] 637.5, 122.0, 7.350
[17:45:00] 785.5, 122.6, 5.197
[17:45:01] 638.0, 122.5, 5.195
[17:45:02] 637.9, 122.5, 5.193
[17:45:03] 638.0, 122.6, 5.194
[17:45:04] 637.9, 122.6, 5.198
[17:45:05] 738.8, 122.3, 6.993
[17:45:06] 787.4, 122.6, 5.196
[17:45:07] 637.8, 122.6, 5.189
[17:45:08] 637.7, 122.6, 5.193
[17:45:09] 637.7, 122.6, 5.188
[17:45:10] 637.7, 122.0, 7.886
[17:45:11] 884.5, 122.1, 7.393
[17:45:12] 849.8, 122.6, 5.201
[17:45:13] 638.8, 122.5, 5.195
[17:45:14] 638.6, 122.5, 5.192
[17:45:15] 638.5, 122.6, 5.188
[17:45:16] 638.3, 122.1, 7.471
[17:45:17] 839.6, 121.9, 7.975
[17:45:18] 974.0, 122.0, 7.986
[17:45:19] 923.3, 122.7, 5.200
[17:45:20] 638.6, 122.7, 5.192
[17:45:21] 638.4, 122.6, 5.192
[17:45:22] 638.3, 122.6, 5.188
[17:45:23] 638.2, 122.5, 5.187
[17:45:24] 750.8, 121.8, 7.978
[17:45:25] 974.0, 121.8, 8.000
[17:45:26] 974.3, 121.8, 8.003
[17:45:27] 974.7, 121.8, 8.013
[17:45:28] 975.2, 122.3, 7.039
[17:45:29] 782.7, 122.6, 5.212
[17:45:30] 639.6, 122.6, 5.204
[17:45:31] 639.5, 122.6, 5.199
[17:45:32] 639.3, 122.6, 5.195
[17:45:33] 639.1, 121.9, 7.960
[17:45:34] 919.1, 121.9, 8.001
[17:45:35] 976.8, 121.9, 8.013
[17:45:36] 976.9, 121.9, 8.013
[17:45:37] 977.0, 121.8, 8.023
[17:45:38] 977.3, 121.8, 8.034
[17:45:39] 977.7, 121.8, 8.032
[17:45:40] 978.0, 121.8, 8.040
[17:45:41] 978.4, 121.8, 8.043
[17:45:42] 978.7, 122.2, 7.046
[17:45:43] 781.9, 122.5, 5.217
[17:45:44] 640.0, 122.5, 5.207
[17:45:45] 639.8, 122.5, 5.201
[17:45:46] 639.7, 122.5, 5.200
[17:45:47] 639.5, 121.8, 7.970
[17:45:48] 927.0, 121.8, 8.003
[17:45:49] 977.2, 121.9, 8.010
[17:45:50] 977.3, 121.9, 8.017
[17:45:51] 977.6, 121.9, 8.020
[17:45:52] 977.9, 121.9, 8.030
[17:45:53] 978.2, 121.8, 8.027
[17:45:54] 978.5, 121.9, 8.029
[17:45:55] 978.8, 121.9, 8.041
[17:45:56] 979.2, 121.9, 8.039
[17:45:57] 979.5, 121.9, 8.044
[17:45:58] 979.9, 121.9, 8.045
[17:45:59] 980.2, 121.9, 8.045
[17:46:00] 980.5, 121.9, 8.047
[17:46:01] 980.8, 121.9, 8.048
[17:46:02] 981.0, 121.9, 8.051
[17:46:03] 981.3, 121.9, 8.049
[17:46:04] 981.5, 121.9, 8.054
[17:46:05] 981.7, 122.6, 5.240
[17:46:06] 663.2, 122.5, 5.220
[17:46:07] 640.6, 122.6, 5.212
[17:46:08] 640.5, 122.6, 5.206
<<<[17:48:25] 642.0, 122.5, 5.210
[17:48:26] 641.8, 122.4, 5.209
[17:48:27] 641.4, 122.5, 5.211
[17:48:28] 648.3, 122.4, 5.346
[17:48:29] 658.7, 122.5, 5.397
[17:48:30] 658.8, 122.5, 5.352
[17:48:31] 658.7, 122.6, 5.361
[17:48:32] 658.8, 122.5, 5.379
[17:48:33] 658.8, 122.6, 5.337
[17:48:34] 658.8, 122.6, 5.352
[17:48:35] 658.8, 122.6, 5.347
[17:48:36] 659.1, 122.6, 5.350
[17:48:37] 659.1, 122.6, 5.343
[17:48:38] 665.4, 122.6, 5.382
[17:48:39] 658.3, 122.6, 5.378
[17:48:40] 658.3, 122.6, 5.341
[17:48:41] 658.5, 122.6, 5.339
[17:48:42] 658.5, 122.6, 5.473
[17:48:43] 670.3, 122.6, 5.367
[17:48:44] 656.9, 122.7, 5.273
[17:48:45] 648.1, 122.7, 5.201
[17:48:46] 640.6, 122.7, 5.197
[17:48:47] 640.3, 122.7, 5.198
[17:48:48] 640.1, 122.7, 5.196
[17:48:49] 713.6, 122.8, 5.202
[17:48:50] 659.7, 122.6, 5.193
[17:48:51] 638.8, 122.7, 5.190
[17:48:52] 638.8, 122.6, 5.191
[17:48:53] 638.9, 122.6, 5.193
[17:48:54] 708.1, 122.7, 5.200
[17:48:55] 659.3, 122.6, 5.194
[17:48:56] 637.8, 122.6, 5.191
[17:48:57] 637.7, 122.6, 5.189
[17:48:58] 637.7, 122.5, 5.193
[17:48:59] 703.0, 122.5, 5.210
[17:49:00] 660.5, 122.4, 5.200
[17:49:01] 638.2, 122.4, 5.200
[17:49:02] 638.2, 122.4, 5.200
[17:49:03] 638.1, 122.4, 5.199
[17:49:04] 697.7, 122.4, 5.207
[17:49:05] 660.3, 122.5, 5.193
[17:49:06] 637.8, 122.5, 5.190
[17:49:07] 637.7, 122.6, 5.190
[17:49:08] 637.6, 122.6, 5.189
[17:49:09] 685.3, 122.5, 5.371
[17:49:10] 710.5, 122.6, 5.190
[17:49:11] 637.1, 122.6, 5.190
[17:49:12] 637.1, 122.5, 5.190
[17:49:13] 637.1, 122.5, 5.189
[17:49:14] 637.3, 122.3, 6.815
[17:49:15] 784.7, 122.7, 5.194
[17:49:16] 638.0, 122.6, 5.193
[17:49:17] 637.9, 122.6, 5.194
[17:49:18] 637.9, 122.6, 5.189
[17:49:19] 637.9, 121.9, 7.853
[17:49:20] 864.2, 122.5, 5.210
[17:49:21] 662.4, 122.5, 5.198
[17:49:22] 638.4, 122.6, 5.193
[17:49:23] 638.2, 122.6, 5.194
[17:49:24] 638.1, 122.6, 5.189
[17:49:25] 686.9, 121.9, 7.958
[17:49:26] 970.7, 122.5, 5.353
[17:49:27] 712.4, 122.6, 5.193
[17:49:28] 637.8, 122.6, 5.193
[17:49:29] 637.7, 122.6, 5.194
[17:49:30] 637.7, 122.6, 5.187
[17:49:31] 638.2, 121.9, 7.948
[17:49:32] 973.1, 122.0, 7.966
[17:49:33] 973.1, 122.4, 6.901
[17:49:34] 786.1, 122.7, 5.202
[17:49:35] 638.8, 122.6, 5.197
[17:49:36] 638.7, 122.7, 5.193
[17:49:37] 638.7, 122.7, 5.192
[17:49:38] 638.7, 121.9, 7.924
[17:49:40] 978.0, 122.0, 8.014
wattsup: [error] Reading final time stamp: Bad address
[17:49:47] 639.0, 122.5, 5.198
wattsup: [error] Reading final time stamp: Bad address
[17:49:54] 975.0, 122.0, 8.008
wattsup: [error] Reading final time stamp: Bad address
[17:50:01] 640.0, 122.6, 5.198
wattsup: [error] Reading final time stamp: Bad address
[17:50:08] 975.5, 121.9, 8.013
wattsup: [error] Reading final time stamp: Bad address
[17:50:15] 977.8, 121.9, 8.024
[17:50:16] 978.4, 121.8, 8.033
[17:50:17] 978.6, 121.8, 8.030
[17:50:18] 978.9, 121.8, 8.034
[17:50:19] 979.1, 121.9, 8.035
[17:50:20] 979.3, 121.8, 8.034
[17:50:21] 943.7, 122.5, 5.230
[17:50:22] 641.8, 122.6, 5.225
[17:50:23] 641.8, 122.6, 5.215
[17:50:24] 641.6, 122.6, 5.212
<<<[17:52:30] 643.9, 122.6, 5.199
[17:52:31] 638.2, 122.7, 5.190
[17:52:32] 638.1, 122.7, 5.234
[17:52:33] 647.5, 122.7, 5.326
[17:52:34] 656.0, 122.5, 5.342
[17:52:35] 656.0, 122.6, 5.357
[17:52:36] 656.0, 122.7, 5.348
[17:52:37] 656.0, 122.7, 5.336
[17:52:38] 656.0, 122.7, 5.328
[17:52:39] 656.0, 122.6, 5.364
[17:52:40] 656.2, 122.7, 5.341
[17:52:41] 656.4, 122.6, 5.343
[17:52:42] 656.8, 122.8, 5.335
[17:52:43] 656.9, 122.6, 5.464
[17:52:44] 664.4, 122.7, 5.422
[17:52:45] 657.3, 122.5, 5.417
[17:52:46] 657.5, 122.5, 5.339
[17:52:47] 657.5, 122.5, 5.337
[17:52:48] 662.8, 122.4, 5.433
[17:52:49] 662.9, 122.5, 5.281
[17:52:50] 649.9, 122.4, 5.201
[17:52:51] 638.6, 122.5, 5.200
[17:52:52] 638.6, 122.6, 5.197
[17:52:53] 638.7, 122.5, 5.198
[17:52:54] 638.7, 122.0, 7.178
[17:52:55] 733.9, 122.6, 5.191
[17:52:56] 637.6, 122.6, 5.188
[17:52:57] 637.5, 122.6, 5.182
[17:52:58] 637.4, 122.5, 5.184
[17:52:59] 637.4, 122.1, 7.172
[17:53:00] 729.0, 122.6, 5.193
[17:53:01] 637.5, 122.6, 5.186
[17:53:02] 637.4, 122.6, 5.190
[17:53:03] 637.4, 122.6, 5.189
[17:53:04] 637.4, 122.1, 7.168
[17:53:05] 726.2, 122.6, 5.195
[17:53:06] 638.6, 122.6, 5.193
[17:53:07] 638.4, 122.5, 5.195
[17:53:08] 638.3, 122.5, 5.190
[17:53:09] 638.2, 122.0, 7.194
[17:53:10] 720.3, 122.6, 5.194
[17:53:11] 637.3, 122.6, 5.192
[17:53:12] 637.2, 122.5, 5.192
[17:53:13] 637.2, 122.5, 5.188
[17:53:14] 637.2, 121.9, 7.517
[17:53:15] 757.9, 122.6, 5.196
[17:53:16] 637.1, 122.6, 5.193
[17:53:17] 637.1, 122.5, 5.189
[17:53:18] 637.1, 122.5, 5.192
[17:53:19] 637.1, 122.4, 5.284
[17:53:20] 777.4, 122.5, 5.201
[17:53:21] 644.7, 122.4, 5.196
[17:53:22] 637.3, 122.5, 5.192
[17:53:23] 637.2, 122.5, 5.190
[17:53:24] 637.2, 122.5, 5.194
[17:53:25] 698.5, 122.0, 7.358
[17:53:26] 827.8, 122.5, 5.194
[17:53:27] 637.5, 122.5, 5.194
[17:53:28] 637.4, 122.6, 5.192
[17:53:29] 637.4, 122.5, 5.190
[17:53:30] 637.4, 121.9, 7.564
[17:53:31] 843.7, 121.9, 7.860
[17:53:32] 889.8, 122.4, 5.197
[17:53:33] 637.5, 122.5, 5.192
[17:53:34] 637.4, 122.6, 5.190
[17:53:35] 637.3, 122.5, 5.190
[17:53:36] 637.2, 122.1, 5.656
[17:53:37] 800.2, 121.8, 7.977
[17:53:38] 973.1, 121.9, 7.986
[17:53:39] 953.4, 122.6, 5.210
[17:53:40] 649.5, 122.5, 5.197
[17:53:41] 637.8, 122.6, 5.198
[17:53:42] 637.9, 122.6, 5.195
[17:53:43] 637.8, 122.5, 5.191
[17:53:44] 716.4, 121.9, 7.970
[17:53:45] 972.9, 121.9, 7.993
[17:53:46] 973.2, 121.7, 8.011
[17:53:47] 973.6, 121.8, 8.015
[17:53:48] 974.1, 122.4, 6.228
[17:53:49] 772.9, 122.5, 5.209
[17:53:50] 639.0, 122.5, 5.206
[17:53:51] 638.9, 122.5, 5.201
[17:53:52] 638.7, 122.5, 5.195
[17:53:53] 638.5, 121.9, 7.920
[17:53:54] 892.8, 121.8, 7.994
[17:53:55] 975.6, 121.8, 8.004
[17:53:56] 975.7, 121.7, 8.014
[17:53:57] 975.9, 121.8, 8.025
[17:53:58] 976.2, 121.6, 8.033
[17:53:59] 976.6, 121.7, 8.029
[17:54:00] 976.9, 121.8, 8.036
[17:54:01] 977.4, 121.8, 8.043
[17:54:02] 977.7, 122.4, 6.310
[17:54:03] 769.9, 122.6, 5.213
[17:54:04] 639.6, 122.6, 5.206
[17:54:05] 639.5, 122.5, 5.200
[17:54:06] 639.3, 122.5, 5.198
[17:54:07] 639.1, 121.9, 7.964
[17:54:08] 918.5, 121.8, 8.008
[17:54:09] 976.6, 121.7, 8.018
[17:54:10] 976.7, 121.8, 8.022
[17:54:11] 977.0, 121.8, 8.029
[17:54:12] 977.3, 121.7, 8.037
[17:54:13] 977.7, 121.7, 8.041
[17:54:14] 978.0, 121.7, 8.039
[17:54:15] 978.3, 121.7, 8.028
[17:54:16] 978.4, 121.8, 8.027
[17:54:17] 978.4, 121.9, 8.024
[17:54:18] 978.5, 121.7, 8.026
[17:54:19] 978.7, 121.9, 8.027
[17:54:20] 978.9, 121.8, 8.022
[17:54:21] 978.9, 121.8, 8.028
[17:54:22] 979.1, 121.9, 8.022
[17:54:23] 979.2, 121.9, 8.030
[17:54:24] 979.3, 121.8, 8.033
[17:54:25] 979.4, 122.5, 5.303
[17:54:26] 712.6, 122.5, 5.223
[17:54:27] 641.0, 122.4, 5.216
[17:54:28] 640.8, 122.5, 5.212
<<<[17:54:44] 640.5, 122.5, 5.203
[17:54:45] 640.1, 122.4, 5.204
[17:54:46] 639.7, 122.4, 5.365
[17:54:47] 653.6, 122.5, 5.338
[17:54:48] 653.7, 122.5, 5.336
[17:54:49] 653.9, 122.5, 5.331
[17:54:50] 654.1, 122.5, 5.371
[17:54:51] 654.5, 122.4, 5.369
[17:54:52] 654.7, 122.5, 5.334
[17:54:53] 655.0, 122.4, 5.352
[17:54:54] 655.3, 122.4, 5.354
[17:54:55] 655.8, 122.4, 5.348
[17:54:56] 656.0, 122.5, 5.345
[17:54:57] 662.8, 122.4, 5.382
[17:54:58] 657.3, 122.3, 5.354
[17:54:59] 657.2, 122.4, 5.351
[17:55:00] 657.5, 122.4, 5.349
[17:55:01] 657.4, 122.3, 5.477
[17:55:02] 669.1, 122.5, 5.380
[17:55:03] 654.8, 122.4, 5.246
[17:55:04] 641.0, 122.4, 5.207
[17:55:05] 640.6, 122.4, 5.203
[17:55:06] 640.2, 122.5, 5.211
[17:55:07] 640.0, 122.5, 5.217
[17:55:08] 703.2, 122.4, 5.222
[17:55:09] 668.7, 122.4, 5.202
[17:55:10] 637.3, 122.3, 5.200
[17:55:11] 637.2, 122.3, 5.209
[17:55:12] 637.3, 122.3, 5.203
[17:55:13] 697.1, 122.4, 5.220
[17:55:14] 669.7, 122.5, 5.199
[17:55:15] 637.5, 122.5, 5.202
[17:55:16] 637.4, 122.4, 5.204
[17:55:17] 637.4, 122.5, 5.200
[17:55:18] 693.4, 122.5, 5.217
[17:55:19] 670.1, 122.5, 5.200
[17:55:20] 637.5, 122.5, 5.200
[17:55:21] 637.5, 122.5, 5.196
[17:55:22] 637.4, 122.4, 5.197
[17:55:23] 687.1, 122.5, 5.214
[17:55:24] 670.7, 122.6, 5.197
[17:55:25] 637.5, 122.5, 5.196
[17:55:26] 637.4, 122.6, 5.187
[17:55:27] 637.3, 122.7, 5.211
[17:55:28] 672.9, 122.6, 5.447
[17:55:29] 723.9, 122.5, 5.191
[17:55:30] 637.3, 122.6, 5.192
[17:55:31] 637.2, 122.6, 5.195
[17:55:32] 637.2, 122.6, 5.192
[17:55:33] 637.2, 122.0, 7.278
[17:55:34] 786.1, 122.5, 5.193
[17:55:35] 636.9, 122.6, 5.192
[17:55:36] 636.9, 122.5, 5.196
[17:55:37] 636.9, 122.6, 5.196
[17:55:38] 636.9, 121.8, 7.785
[17:55:39] 852.2, 122.6, 5.218
[17:55:40] 674.7, 122.5, 5.199
[17:55:41] 637.1, 122.6, 5.195
[17:55:42] 637.0, 122.5, 5.195
[17:55:43] 637.0, 122.5, 5.220
[17:55:44] 675.4, 121.8, 7.974
[17:55:45] 972.9, 122.5, 5.514
[17:55:46] 725.6, 122.4, 5.202
[17:55:47] 637.3, 122.5, 5.196
[17:55:48] 637.2, 122.3, 5.199
[17:55:49] 637.1, 122.5, 5.201
[17:55:50] 637.1, 121.7, 7.975
[17:55:51] 970.1, 121.8, 7.993
[17:55:52] 970.6, 121.9, 7.275
[17:55:53] 799.3, 122.4, 5.212
[17:55:54] 638.4, 122.4, 5.205
[17:55:55] 638.3, 122.5, 5.206
[17:55:56] 638.2, 122.4, 5.198
[17:55:57] 638.1, 121.7, 7.915
[17:55:58] 892.0, 121.8, 7.985
[17:55:59] 974.2, 121.8, 7.995
[17:56:00] 974.4, 121.9, 8.001
[17:56:01] 974.7, 121.8, 8.011
[17:56:02] 943.7, 122.6, 5.214
[17:56:03] 639.0, 122.5, 5.206
[17:56:04] 638.9, 122.6, 5.200
[17:56:05] 638.8, 122.5, 5.194
[17:56:06] 638.6, 122.6, 5.193
[17:56:07] 739.0, 121.7, 8.023
[17:56:08] 978.6, 121.9, 8.033
[17:56:09] 978.7, 121.8, 8.039
[17:56:10] 979.0, 121.8, 8.046
[17:56:11] 979.4, 121.9, 8.051
[17:56:12] 979.8, 121.8, 8.059
[17:56:13] 980.2, 121.8, 8.059
[17:56:14] 980.6, 121.8, 8.062
[17:56:15] 980.9, 121.7, 8.067
[17:56:16] 944.5, 122.5, 5.225
[17:56:17] 640.0, 122.5, 5.213
[17:56:18] 639.9, 122.5, 5.208
[17:56:19] 639.7, 122.4, 5.212
[17:56:20] 639.6, 122.3, 5.233
[17:56:21] 768.9, 121.8, 8.001
[17:56:22] 975.8, 121.7, 8.015
[17:56:23] 975.9, 121.8, 8.018
[17:56:24] 976.2, 121.7, 8.031
[17:56:25] 976.6, 121.7, 8.038
[17:56:26] 977.0, 121.8, 8.032
[17:56:27] 977.4, 121.7, 8.035
[17:56:28] 977.8, 121.8, 8.035
[17:56:29] 978.1, 121.9, 8.039
[17:56:30] 978.5, 121.9, 8.038
[17:56:31] 978.8, 121.9, 8.041
[17:56:32] 979.1, 121.9, 8.033
[17:56:33] 979.4, 121.9, 8.038
[17:56:34] 979.7, 121.8, 8.041
[17:56:35] 980.0, 122.0, 8.039
[17:56:36] 980.2, 122.0, 8.040
[17:56:37] 980.4, 121.9, 8.048
[17:56:38] 980.6, 122.5, 6.590
[17:56:39] 800.4, 122.5, 5.330
[17:56:40] 654.4, 122.6, 5.324
[17:56:41] 654.2, 122.5, 5.212
[17:56:42] 640.8, 122.6, 5.216
<<<[17:56:57] 640.8, 122.5, 5.214
[17:56:58] 640.4, 122.5, 5.218
[17:56:59] 640.1, 122.5, 5.366
[17:57:00] 655.8, 122.4, 5.355
[17:57:01] 655.8, 122.4, 5.391
[17:57:02] 656.0, 122.4, 5.362
[17:57:03] 656.1, 122.5, 5.374
[17:57:04] 656.3, 122.5, 5.390
[17:57:05] 656.4, 122.5, 5.446
[17:57:06] 656.7, 122.6, 5.385
[17:57:07] 656.9, 122.6, 5.405
[17:57:08] 657.2, 122.5, 5.371
[17:57:09] 657.2, 122.4, 5.489
[17:57:10] 663.6, 122.5, 5.368
[17:57:11] 657.5, 122.5, 5.369
[17:57:12] 657.8, 122.5, 5.354
[17:57:13] 657.7, 122.6, 5.354
[17:57:14] 658.1, 122.5, 5.494
[17:57:15] 664.4, 122.6, 5.231
[17:57:16] 644.3, 122.5, 5.216
[17:57:17] 637.8, 122.5, 5.200
[17:57:18] 637.7, 122.5, 5.219
[17:57:19] 637.8, 122.5, 5.215
[17:57:20] 637.7, 122.1, 7.142
[17:57:21] 734.1, 122.5, 5.218
[17:57:22] 637.6, 122.5, 5.219
[17:57:23] 637.6, 122.6, 5.216
[17:57:24] 637.7, 122.5, 5.212
[17:57:25] 637.7, 122.1, 7.122
[17:57:26] 728.8, 122.5, 5.212
[17:57:27] 637.1, 122.5, 5.213
[17:57:28] 637.0, 122.5, 5.211
[17:57:29] 637.0, 122.6, 5.209
[17:57:30] 637.0, 122.0, 7.124
[17:57:31] 725.8, 122.5, 5.210
[17:57:32] 636.9, 122.6, 5.210
[17:57:33] 636.8, 122.6, 5.190
[17:57:34] 636.7, 122.5, 5.210
[17:57:35] 636.7, 122.1, 7.163
[17:57:36] 720.7, 122.6, 5.214
[17:57:37] 637.3, 122.4, 5.217
[17:57:38] 637.3, 122.5, 5.218
[17:57:39] 637.3, 122.5, 5.217
[17:57:40] 637.3, 121.9, 7.092
[17:57:41] 761.9, 122.4, 5.220
[17:57:42] 637.6, 122.5, 5.218
[17:57:43] 637.5, 122.4, 5.216
[17:57:44] 637.5, 122.5, 5.216
[17:57:45] 637.4, 122.5, 5.213
[17:57:46] 763.6, 122.5, 5.222
[17:57:47] 659.9, 122.6, 5.212
[17:57:48] 636.7, 122.5, 5.209
[17:57:49] 636.7, 122.6, 5.186
[17:57:50] 636.6, 122.6, 5.205
[17:57:51] 679.0, 122.0, 7.498
[17:57:52] 847.7, 122.6, 5.216
[17:57:53] 637.6, 122.5, 5.217
[17:57:54] 637.5, 122.6, 5.213
[17:57:55] 637.5, 122.5, 5.212
[17:57:56] 637.5, 122.0, 7.083
[17:57:57] 826.2, 122.0, 7.969
[17:57:58] 909.9, 122.5, 5.221
[17:57:59] 638.2, 122.7, 5.218
[17:58:00] 638.1, 122.5, 5.215
[17:58:01] 638.0, 122.6, 5.213
[17:58:02] 637.9, 122.6, 5.220
[17:58:03] 783.5, 121.8, 7.983
[17:58:04] 973.7, 121.9, 7.989
[17:58:05] 957.9, 122.5, 5.219
[17:58:06] 665.4, 122.6, 5.218
[17:58:07] 637.8, 122.6, 5.214
[17:58:08] 637.7, 122.6, 5.211
[17:58:09] 637.6, 122.5, 5.214
[17:58:10] 699.1, 121.9, 7.974
[17:58:11] 973.7, 121.9, 7.983
[17:58:12] 973.9, 122.0, 7.991
[17:58:13] 974.2, 121.9, 8.000
[17:58:14] 974.5, 122.4, 7.127
[17:58:15] 794.9, 122.6, 5.228
[17:58:16] 639.4, 122.6, 5.223
[17:58:17] 639.2, 122.6, 5.220
[17:58:18] 639.1, 122.5, 5.218
[17:58:19] 638.9, 121.9, 7.831
[17:58:20] 870.1, 121.8, 7.987
[17:58:21] 975.0, 121.9, 7.998
[17:58:22] 975.1, 121.8, 8.001
[17:58:23] 975.4, 121.9, 8.013
[17:58:24] 975.7, 121.8, 8.014
[17:58:25] 976.0, 121.8, 8.021
[17:58:26] 976.3, 121.9, 8.018
[17:58:27] 976.6, 121.8, 8.021
[17:58:28] 977.0, 122.1, 7.254
[17:58:29] 797.3, 122.6, 5.236
[17:58:30] 639.8, 122.5, 5.228
[17:58:31] 639.6, 122.5, 5.221
[17:58:32] 639.4, 122.6, 5.219
[17:58:33] 639.3, 121.9, 7.868
[17:58:34] 876.8, 121.8, 8.004
[17:58:35] 976.0, 121.8, 8.016
[17:58:36] 976.1, 121.8, 8.017
[17:58:37] 976.3, 121.8, 8.017
[17:58:38] 976.6, 121.9, 8.020
[17:58:39] 976.9, 121.9, 8.026
[17:58:40] 977.3, 121.8, 8.034
[17:58:41] 977.6, 121.9, 8.031
[17:58:42] 977.9, 121.9, 8.035
[17:58:43] 978.2, 121.8, 8.033
[17:58:44] 978.5, 121.8, 8.038
[17:58:45] 978.8, 121.9, 8.038
[17:58:46] 979.0, 121.8, 8.038
[17:58:47] 979.3, 121.9, 8.046
[17:58:48] 979.6, 121.9, 8.040
[17:58:49] 979.8, 121.9, 8.042
[17:58:50] 980.1, 121.9, 8.048
[17:58:51] 980.4, 122.5, 5.610
[17:58:52] 746.9, 122.4, 5.455
[17:58:53] 665.0, 122.5, 5.319
[17:58:54] 648.5, 122.5, 5.240
[17:58:55] 639.6, 122.5, 5.235
<<<[17:59:10] 638.5, 122.5, 5.217
[17:59:11] 638.4, 122.5, 5.215
[17:59:12] 638.3, 122.5, 5.216
[17:59:13] 638.4, 122.4, 5.359
[17:59:14] 656.0, 122.5, 5.360
[17:59:15] 655.9, 122.4, 5.380
[17:59:16] 656.0, 122.5, 5.380
[17:59:17] 656.0, 122.4, 5.423
[17:59:18] 656.3, 122.5, 5.360
[17:59:19] 656.3, 122.4, 5.354
[17:59:20] 656.5, 122.5, 5.372
[17:59:21] 656.8, 122.4, 5.364
[17:59:22] 657.2, 122.5, 5.365
[17:59:23] 657.3, 122.4, 5.362
[17:59:24] 664.8, 122.6, 5.391
[17:59:25] 657.1, 122.5, 5.372
[17:59:26] 657.0, 122.5, 5.357
[17:59:27] 657.2, 122.6, 5.359
[17:59:28] 657.3, 122.5, 5.480
[17:59:29] 670.3, 122.5, 5.388
[17:59:30] 657.1, 122.5, 5.295
[17:59:31] 645.7, 122.5, 5.231
[17:59:32] 645.0, 122.5, 5.219
[17:59:33] 639.0, 122.5, 5.221
[17:59:34] 638.9, 122.6, 5.219
[17:59:35] 710.3, 122.5, 5.227
[17:59:36] 662.8, 122.6, 5.214
[17:59:37] 637.1, 122.5, 5.213
[17:59:38] 637.1, 122.6, 5.211
[17:59:39] 637.1, 122.5, 5.210
[17:59:40] 704.0, 122.6, 5.226
[17:59:41] 663.0, 122.5, 5.194
[17:59:42] 636.9, 122.6, 5.216
[17:59:43] 636.9, 122.6, 5.216
[17:59:44] 637.1, 122.6, 5.213
[17:59:45] 700.8, 122.5, 5.229
[17:59:46] 664.6, 122.5, 5.216
[17:59:47] 637.3, 122.5, 5.211
[17:59:48] 637.2, 122.6, 5.213
[17:59:49] 637.2, 122.4, 5.218
[17:59:50] 692.6, 122.5, 5.230
[17:59:51] 666.0, 122.5, 5.217
[17:59:52] 637.1, 122.4, 5.216
[17:59:53] 637.1, 122.5, 5.215
[17:59:54] 637.1, 122.4, 5.219
[17:59:55] 677.8, 122.4, 5.423
[17:59:56] 718.7, 122.5, 5.216
[17:59:57] 636.9, 122.4, 5.196
[17:59:58] 636.8, 122.5, 5.212
[17:59:59] 636.8, 122.5, 5.211
[18:00:00] 636.8, 122.2, 7.210
[18:00:01] 785.5, 122.5, 5.221
[18:00:02] 637.8, 122.6, 5.213
[18:00:03] 637.7, 122.5, 5.214
[18:00:04] 637.6, 122.6, 5.209
[18:00:05] 637.6, 121.9, 7.795
[18:00:06] 855.5, 122.6, 5.234
[18:00:07] 670.7, 122.5, 5.221
[18:00:08] 638.0, 122.6, 5.217
[18:00:09] 637.9, 122.5, 5.213
[18:00:10] 637.8, 122.6, 5.217
[18:00:11] 674.1, 121.9, 7.970
[18:00:12] 972.9, 122.4, 5.476
[18:00:13] 724.8, 122.6, 5.201
[18:00:14] 637.8, 122.6, 5.216
[18:00:15] 637.7, 122.6, 5.217
[18:00:16] 637.7, 122.5, 5.218
[18:00:17] 637.7, 122.0, 7.957
[18:00:18] 960.5, 121.9, 7.977
[18:00:19] 974.2, 122.2, 7.304
[18:00:20] 801.6, 122.7, 5.219
[18:00:21] 638.2, 122.7, 5.211
[18:00:22] 638.1, 122.7, 5.206
[18:00:23] 638.0, 122.8, 5.204
[18:00:24] 637.8, 122.0, 7.787
[18:00:25] 865.4, 122.0, 7.970
[18:00:26] 973.5, 122.0, 7.987
[18:00:27] 973.7, 122.0, 7.990
[18:00:28] 974.0, 122.0, 7.994
[18:00:29] 966.0, 122.8, 5.230
[18:00:30] 678.2, 122.7, 5.223
[18:00:31] 638.8, 122.7, 5.227
[18:00:32] 638.8, 122.6, 5.222
[18:00:33] 638.7, 122.6, 5.220
[18:00:34] 677.2, 121.9, 7.971
[18:00:35] 973.7, 122.0, 7.983
[18:00:36] 973.9, 121.9, 7.995
[18:00:37] 974.2, 122.0, 8.006
[18:00:38] 974.7, 122.0, 8.007
[18:00:39] 975.1, 121.9, 8.007
[18:00:40] 975.5, 122.0, 8.008
[18:00:41] 975.9, 122.0, 8.016
[18:00:42] 976.4, 122.0, 8.015
[18:00:43] 976.7, 122.6, 5.600
[18:00:44] 732.3, 122.8, 5.231
[18:00:45] 640.4, 122.7, 5.205
[18:00:46] 640.2, 122.7, 5.226
[18:00:47] 640.0, 122.6, 5.223
[18:00:48] 640.0, 121.9, 7.976
[18:00:49] 973.7, 122.0, 7.996
[18:00:50] 974.0, 121.9, 8.001
[18:00:51] 974.4, 121.9, 8.008
[18:00:52] 974.9, 121.9, 8.012
[18:00:53] 975.4, 122.0, 8.016
[18:00:54] 975.9, 121.9, 8.022
[18:00:55] 976.3, 122.0, 8.020
[18:00:56] 976.7, 122.0, 8.019
[18:00:57] 977.2, 122.0, 8.022
[18:00:58] 977.5, 122.1, 8.023
[18:00:59] 977.9, 121.9, 8.029
[18:01:00] 978.3, 121.9, 8.033
[18:01:01] 978.6, 121.9, 8.034
[18:01:02] 978.9, 122.0, 8.027
[18:01:03] 979.2, 121.9, 8.029
[18:01:04] 979.4, 121.9, 8.035
[18:01:05] 979.6, 122.0, 8.037
[18:01:06] 979.7, 122.5, 5.347
[18:01:07] 719.9, 122.6, 5.249
[18:01:08] 641.2, 122.5, 5.241
[18:01:09] 641.0, 122.7, 5.232
[18:01:10] 640.8, 122.6, 5.228
