<<<[09:16:48] 644.6, 123.4, 5.203
[09:16:50] 644.2, 123.5, 5.221
[09:16:57] 643.5, 123.2, 5.938
[09:16:58] 738.4, 123.4, 5.205
[09:16:59] 643.6, 123.5, 5.203
[09:17:00] 643.5, 123.4, 5.206
[09:17:01] 643.4, 123.4, 5.206
[09:17:02] 643.3, 123.2, 5.789
[09:17:03] 737.6, 123.3, 5.235
[09:17:04] 643.7, 123.3, 5.212
[09:17:05] 643.6, 123.3, 5.207
[09:17:06] 643.5, 123.4, 5.206
[09:17:07] 643.5, 123.1, 5.697
[09:17:08] 736.5, 123.4, 5.207
[09:17:09] 643.0, 123.4, 5.213
[09:17:10] 643.0, 123.4, 5.209
[09:17:11] 643.0, 123.3, 5.206
[09:17:12] 643.0, 123.0, 5.596
[09:17:13] 736.1, 123.3, 5.211
[09:17:14] 643.4, 123.3, 5.206
[09:17:15] 643.4, 123.3, 5.210
[09:17:16] 643.3, 123.3, 5.205
[09:17:17] 643.2, 123.1, 5.467
[09:17:18] 735.1, 123.4, 5.212
[09:17:19] 643.4, 123.4, 5.209
[09:17:20] 643.3, 123.4, 5.205
[09:17:21] 643.2, 123.5, 5.196
[09:17:22] 643.1, 123.4, 5.284
[09:17:23] 732.9, 123.5, 5.205
[09:17:24] 642.8, 123.5, 5.202
[09:17:25] 642.8, 123.5, 5.200
[09:17:26] 642.7, 123.5, 5.200
[09:17:27] 642.7, 123.5, 5.198
[09:17:28] 729.4, 123.5, 5.202
[09:17:29] 642.8, 123.4, 5.203
[09:17:30] 642.7, 123.5, 5.198
[09:17:31] 642.7, 123.4, 5.202
[09:17:32] 642.7, 123.4, 5.198
[09:17:33] 722.5, 123.5, 5.204
[09:17:34] 642.6, 123.5, 5.199
[09:17:35] 642.6, 123.5, 5.200
[09:17:36] 642.6, 123.4, 5.200
[09:17:37] 642.6, 123.5, 5.200
[09:17:38] 732.5, 123.4, 5.209
[09:17:39] 668.6, 123.5, 5.198
[09:17:40] 642.4, 123.5, 5.196
[09:17:41] 642.3, 123.5, 5.197
[09:17:42] 642.3, 123.5, 5.196
[09:17:43] 701.6, 123.4, 5.363
[09:17:44] 720.7, 123.4, 5.202
[09:17:45] 642.8, 123.4, 5.200
[09:17:46] 642.7, 123.4, 5.202
[09:17:47] 642.7, 123.4, 5.200
[09:17:48] 642.7, 122.9, 7.584
[09:17:49] 874.2, 123.4, 5.208
[09:17:50] 643.0, 123.4, 5.212
[09:17:51] 643.0, 123.4, 5.206
[09:17:52] 643.0, 123.4, 5.205
[09:17:53] 642.9, 123.3, 5.202
[09:17:54] 757.5, 122.7, 7.611
[09:17:55] 899.2, 123.3, 5.221
[09:17:56] 643.7, 123.4, 5.208
[09:17:57] 643.6, 123.4, 5.206
[09:17:58] 643.4, 123.4, 5.207
[09:17:59] 643.4, 123.4, 5.206
[09:18:00] 736.9, 122.7, 7.615
[09:18:01] 936.3, 122.7, 7.632
[09:18:02] 929.8, 123.2, 5.245
[09:18:03] 674.5, 123.2, 5.223
[09:18:04] 643.9, 123.3, 5.213
[09:18:05] 643.8, 123.3, 5.213
[09:18:06] 643.7, 123.3, 5.213
[09:18:07] 696.9, 122.7, 7.619
[09:18:08] 936.4, 122.7, 7.640
[09:18:09] 936.7, 122.8, 7.652
[09:18:10] 937.3, 122.8, 7.654
[09:18:11] 937.8, 123.4, 5.424
[09:18:12] 729.4, 123.4, 5.226
[09:18:13] 645.1, 123.4, 5.217
[09:18:14] 644.9, 123.4, 5.215
[09:18:15] 644.9, 123.4, 5.207
[09:18:16] 644.7, 122.9, 7.605
[09:18:17] 909.5, 122.9, 7.632
[09:18:18] 939.4, 122.8, 7.645
[09:18:19] 939.5, 122.9, 7.648
[09:18:20] 939.7, 122.8, 7.656
[09:18:21] 940.0, 122.8, 7.662
[09:18:22] 940.4, 122.8, 7.666
[09:18:23] 940.7, 122.8, 7.665
[09:18:24] 941.1, 122.8, 7.676
[09:18:25] 907.7, 123.4, 5.244
[09:18:26] 646.9, 123.3, 5.233
[09:18:27] 646.8, 123.4, 5.225
[09:18:28] 646.6, 123.5, 5.214
[09:18:29] 646.3, 123.4, 5.216
[09:18:30] 747.1, 122.9, 7.633
[09:18:31] 939.2, 122.9, 7.646
[09:18:32] 939.4, 122.8, 7.655
[09:18:33] 939.7, 122.8, 7.666
[09:18:34] 940.1, 122.8, 7.666
[09:18:35] 940.6, 122.9, 7.674
[09:18:36] 941.0, 122.9, 7.676
[09:18:37] 941.5, 122.9, 7.674
[09:18:38] 941.9, 122.9, 7.680
[09:18:39] 942.3, 122.9, 7.685
[09:18:40] 942.7, 122.9, 7.682
[09:18:41] 943.1, 122.9, 7.683
[09:18:42] 943.4, 122.9, 7.684
[09:18:43] 943.6, 122.9, 7.680
[09:18:44] 943.8, 122.9, 7.687
[09:18:45] 944.1, 122.8, 7.684
[09:18:46] 944.4, 122.8, 7.690
[09:18:47] 873.7, 123.4, 5.250
[09:18:48] 648.3, 123.4, 5.240
[09:18:49] 648.1, 123.4, 5.230
[09:18:50] 647.8, 123.5, 5.224
