<<<[07:04:14] 646.3, 124.2, 5.198
[07:04:15] 646.1, 124.2, 5.204
[07:04:16] 645.9, 124.1, 5.407
[07:04:17] 668.0, 124.2, 5.341
[07:04:18] 662.4, 124.2, 5.347
[07:04:19] 662.0, 124.2, 5.218
[07:04:20] 646.1, 124.1, 5.212
[07:04:21] 646.1, 124.2, 5.210
[07:04:22] 646.0, 124.1, 5.206
[07:04:23] 645.9, 124.2, 5.206
[07:04:24] 697.3, 124.2, 5.226
[07:04:25] 687.8, 124.1, 5.199
[07:04:26] 643.7, 124.0, 5.203
[07:04:27] 643.7, 124.1, 5.197
[07:04:28] 643.7, 124.1, 5.195
[07:04:29] 693.2, 124.1, 5.212
[07:04:30] 692.5, 124.1, 5.197
[07:04:31] 643.6, 124.1, 5.197
[07:04:32] 643.6, 124.0, 5.195
[07:04:33] 643.5, 124.1, 5.194
[07:04:34] 692.0, 124.1, 5.226
[07:04:35] 691.7, 124.1, 5.197
[07:04:36] 643.7, 124.1, 5.189
[07:04:37] 643.6, 124.1, 5.200
[07:04:38] 643.6, 124.2, 5.194
[07:04:39] 690.8, 124.1, 5.231
[07:04:40] 690.7, 124.1, 5.193
[07:04:41] 643.6, 124.2, 5.195
[07:04:42] 643.6, 124.2, 5.198
[07:04:43] 643.6, 124.1, 5.198
[07:04:44] 689.8, 124.1, 5.230
[07:04:45] 689.9, 124.0, 5.181
[07:04:46] 643.2, 124.0, 5.197
[07:04:47] 643.2, 124.0, 5.195
[07:04:48] 643.2, 124.1, 5.191
[07:04:49] 687.3, 124.1, 5.235
[07:04:50] 687.8, 124.1, 5.194
[07:04:51] 643.7, 124.1, 5.193
[07:04:52] 643.6, 124.1, 5.188
[07:04:53] 643.5, 124.2, 5.187
[07:04:54] 684.3, 124.2, 5.230
[07:04:55] 692.0, 124.1, 5.196
[07:04:56] 643.7, 124.2, 5.187
[07:04:57] 643.5, 124.2, 5.186
[07:04:58] 643.5, 124.3, 5.187
[07:04:59] 679.6, 124.2, 5.231
[07:05:00] 692.6, 124.2, 5.188
[07:05:01] 643.0, 124.2, 5.181
[07:05:02] 643.0, 124.2, 5.189
[07:05:03] 642.9, 124.2, 5.193
[07:05:04] 670.1, 124.0, 5.763
[07:05:05] 743.9, 124.1, 5.193
[07:05:06] 643.0, 124.2, 5.193
[07:05:07] 643.0, 124.2, 5.193
[07:05:08] 643.0, 124.2, 5.201
[07:05:09] 643.1, 124.0, 5.800
[07:05:10] 756.1, 124.1, 5.189
[07:05:11] 643.6, 124.1, 5.189
[07:05:12] 643.5, 124.0, 5.197
[07:05:13] 643.5, 124.1, 5.197
[07:05:14] 643.5, 123.5, 7.873
[07:05:15] 825.2, 124.2, 5.196
[07:05:16] 643.6, 124.2, 5.197
[07:05:17] 643.6, 124.2, 5.172
[07:05:18] 643.4, 124.0, 5.199
[07:05:19] 643.5, 124.1, 5.195
[07:05:20] 781.1, 123.5, 7.270
[07:05:21] 825.6, 124.1, 5.200
[07:05:22] 644.1, 124.0, 5.211
[07:05:23] 644.2, 124.0, 5.202
[07:05:24] 644.1, 124.0, 5.208
[07:05:25] 644.1, 123.4, 7.692
[07:05:26] 865.2, 123.3, 7.949
[07:05:27] 968.1, 124.0, 5.273
[07:05:28] 700.2, 124.0, 5.211
[07:05:29] 645.1, 124.0, 5.209
[07:05:30] 645.0, 124.0, 5.206
[07:05:31] 645.0, 124.1, 5.202
[07:05:32] 696.3, 123.4, 7.935
[07:05:33] 980.9, 123.4, 7.951
[07:05:34] 981.2, 123.5, 7.957
[07:05:35] 970.5, 124.2, 5.277
[07:05:36] 702.6, 124.2, 5.220
[07:05:37] 645.9, 124.2, 5.206
[07:05:38] 645.8, 124.2, 5.207
[07:05:39] 645.6, 124.1, 5.204
[07:05:40] 695.5, 123.5, 7.938
[07:05:41] 981.7, 123.5, 7.953
[07:05:42] 981.9, 123.4, 7.967
[07:05:43] 982.3, 123.4, 7.972
[07:05:44] 982.8, 123.4, 7.985
[07:05:45] 983.4, 123.3, 7.993
[07:05:46] 974.6, 124.1, 5.289
[07:05:47] 704.2, 124.1, 5.222
[07:05:48] 646.3, 124.2, 5.223
[07:05:49] 646.3, 124.2, 5.190
[07:05:50] 646.1, 124.1, 5.203
[07:05:51] 692.2, 123.4, 7.944
[07:05:52] 982.3, 123.3, 7.965
[07:05:53] 982.4, 123.4, 7.981
[07:05:54] 982.9, 123.4, 7.991
[07:05:55] 983.4, 123.4, 7.987
[07:05:56] 983.9, 123.4, 7.994
[07:05:57] 984.5, 123.4, 7.995
[07:05:58] 985.0, 123.4, 8.010
[07:05:59] 985.6, 123.4, 8.011
[07:06:00] 986.0, 123.4, 8.008
[07:06:01] 986.5, 123.3, 8.001
[07:06:02] 986.8, 123.4, 8.010
[07:06:03] 951.4, 124.0, 5.248
[07:06:04] 649.9, 124.2, 5.225
[07:06:05] 649.5, 124.1, 5.206
[07:06:06] 649.1, 124.1, 5.217
