<<<[23:41:09] 648.2, 124.4, 5.130
[23:41:10] 641.2, 124.4, 5.121
[23:41:11] 640.7, 124.4, 5.127
[23:41:12] 640.8, 124.3, 5.312
[23:41:13] 656.7, 124.4, 5.303
[23:41:14] 656.7, 124.4, 5.258
[23:41:15] 656.3, 124.2, 5.283
[23:41:16] 656.2, 124.4, 5.251
[23:41:17] 656.2, 124.4, 5.272
[23:41:18] 656.5, 124.4, 5.251
[23:41:19] 656.3, 124.4, 5.245
[23:41:20] 656.3, 124.4, 5.204
[23:41:21] 651.2, 124.5, 5.123
[23:41:22] 638.0, 124.4, 5.128
[23:41:23] 637.9, 124.3, 5.123
[23:41:24] 637.9, 124.4, 5.128
[23:41:25] 637.8, 123.9, 7.066
[23:41:26] 733.7, 124.4, 5.126
[23:41:27] 637.3, 124.3, 5.123
[23:41:28] 637.3, 124.3, 5.128
[23:41:29] 637.3, 124.4, 5.125
[23:41:30] 637.3, 123.9, 7.066
[23:41:31] 729.0, 124.2, 5.128
[23:41:32] 637.8, 124.3, 5.130
[23:41:33] 637.7, 124.3, 5.121
[23:41:34] 637.6, 124.4, 5.126
[23:41:35] 637.6, 123.9, 7.049
[23:41:36] 728.6, 124.4, 5.131
[23:41:37] 637.6, 124.3, 5.123
[23:41:38] 637.5, 124.4, 5.124
[23:41:39] 637.5, 124.4, 5.121
[23:41:40] 637.5, 123.8, 7.034
[23:41:41] 727.4, 124.4, 5.125
[23:41:42] 637.5, 124.4, 5.124
[23:41:43] 637.4, 124.4, 5.119
[23:41:44] 637.4, 124.4, 5.122
[23:41:45] 637.4, 123.9, 7.016
[23:41:46] 726.4, 124.4, 5.126
[23:41:47] 636.9, 124.4, 5.118
[23:41:48] 636.8, 124.3, 5.124
[23:41:49] 636.8, 124.4, 5.111
[23:41:50] 636.7, 123.8, 6.998
[23:41:51] 722.5, 124.3, 5.119
[23:41:52] 637.1, 124.3, 5.119
[23:41:53] 637.0, 124.3, 5.117
[23:41:54] 636.9, 124.3, 5.125
[23:41:55] 636.9, 123.8, 6.976
[23:41:56] 717.6, 124.3, 5.128
[23:41:57] 636.7, 124.3, 5.118
[23:41:58] 636.6, 124.3, 5.123
[23:41:59] 636.6, 124.3, 5.120
[23:42:00] 636.6, 123.8, 6.939
[23:42:01] 755.4, 124.3, 5.121
[23:42:02] 636.9, 124.3, 5.123
[23:42:03] 636.9, 124.3, 5.117
[23:42:04] 637.0, 124.4, 5.118
[23:42:05] 637.0, 124.4, 5.115
[23:42:06] 760.9, 124.3, 5.140
[23:42:07] 659.7, 124.2, 5.122
[23:42:08] 637.1, 124.3, 5.121
[23:42:09] 637.0, 124.3, 5.119
[23:42:10] 636.9, 124.3, 5.120
[23:42:11] 699.3, 124.0, 6.714
[23:42:12] 777.0, 124.3, 5.132
[23:42:13] 637.1, 124.3, 5.123
[23:42:14] 637.1, 124.3, 5.126
[23:42:15] 637.0, 124.3, 5.120
[23:42:16] 637.0, 123.8, 7.556
[23:42:17] 862.2, 124.1, 6.811
[23:42:18] 776.4, 124.3, 5.135
[23:42:19] 637.8, 124.3, 5.125
[23:42:20] 637.7, 124.3, 5.126
[23:42:21] 637.6, 124.3, 5.116
[23:42:22] 637.5, 123.7, 7.607
[23:42:23] 879.0, 123.6, 7.673
[23:42:24] 950.8, 124.2, 5.328
[23:42:25] 722.9, 124.2, 5.138
[23:42:26] 638.6, 124.2, 5.129
[23:42:27] 638.4, 124.3, 5.126
[23:42:28] 638.3, 124.3, 5.125
[23:42:29] 638.2, 123.6, 7.642
[23:42:30] 916.0, 123.7, 7.687
[23:42:31] 951.2, 123.7, 7.693
[23:42:32] 951.4, 123.6, 7.706
[23:42:33] 944.3, 124.3, 5.156
[23:42:34] 670.1, 124.3, 5.141
[23:42:35] 638.6, 124.3, 5.128
[23:42:36] 638.5, 124.3, 5.132
[23:42:37] 638.4, 124.2, 5.125
[23:42:38] 679.0, 123.7, 7.670
[23:42:39] 949.8, 123.7, 7.692
[23:42:40] 950.1, 123.6, 7.703
[23:42:41] 950.5, 123.6, 7.709
[23:42:42] 951.1, 123.7, 7.718
[23:42:43] 951.6, 123.7, 7.718
[23:42:44] 952.2, 123.6, 7.724
[23:42:45] 952.7, 123.8, 7.293
[23:42:46] 849.4, 124.3, 5.162
[23:42:47] 641.0, 124.3, 5.147
[23:42:48] 640.9, 124.4, 5.148
[23:42:49] 640.6, 124.3, 5.138
[23:42:50] 640.4, 123.6, 7.289
[23:42:51] 830.4, 123.7, 7.692
[23:42:52] 952.6, 123.7, 7.711
[23:42:53] 952.7, 123.6, 7.717
[23:42:54] 953.1, 123.6, 7.731
[23:42:55] 953.4, 123.6, 7.722
[23:42:56] 953.8, 123.6, 7.740
[23:42:57] 954.2, 123.7, 7.727
[23:42:58] 954.5, 123.7, 7.739
[23:42:59] 954.9, 123.6, 7.740
[23:43:00] 955.3, 123.6, 7.740
[23:43:01] 955.7, 123.6, 7.744
[23:43:02] 956.0, 123.5, 7.742
[23:43:03] 956.3, 123.7, 7.741
[23:43:04] 956.5, 123.7, 7.737
[23:43:05] 956.8, 124.2, 6.095
[23:43:06] 776.4, 124.2, 5.175
[23:43:07] 642.0, 124.2, 5.156
[23:43:08] 641.8, 124.2, 5.159
[23:43:09] 641.6, 124.2, 5.144
<<<[23:48:59] 640.2, 124.2, 5.132
[23:49:00] 639.9, 124.2, 5.134
[23:49:01] 639.7, 124.3, 5.128
[23:49:02] 645.1, 124.2, 5.300
[23:49:03] 660.1, 124.3, 5.295
[23:49:04] 660.0, 124.2, 5.287
[23:49:05] 659.8, 124.2, 5.321
[23:49:06] 659.8, 124.2, 5.287
[23:49:07] 659.7, 124.3, 5.300
[23:49:08] 660.2, 124.3, 5.283
[23:49:09] 660.1, 124.3, 5.289
[23:49:10] 659.8, 124.3, 5.230
[23:49:11] 659.2, 124.3, 5.135
[23:49:12] 639.2, 124.4, 5.130
[23:49:13] 639.2, 124.4, 5.130
[23:49:14] 639.1, 124.3, 5.126
[23:49:15] 639.0, 123.8, 6.720
[23:49:16] 733.5, 124.3, 5.124
[23:49:17] 637.8, 124.4, 5.122
[23:49:18] 637.8, 124.4, 5.121
[23:49:19] 637.6, 124.3, 5.122
[23:49:20] 637.6, 123.8, 6.642
[23:49:21] 730.9, 124.3, 5.125
[23:49:22] 638.0, 124.3, 5.119
[23:49:23] 637.9, 124.3, 5.123
[23:49:24] 638.0, 124.4, 5.122
[23:49:25] 638.0, 124.0, 6.580
[23:49:26] 730.8, 124.3, 5.124
[23:49:27] 636.9, 124.4, 5.121
[23:49:28] 636.9, 124.4, 5.119
[23:49:29] 637.0, 124.3, 5.122
[23:49:30] 637.1, 124.0, 6.504
[23:49:31] 728.6, 124.4, 5.127
[23:49:32] 637.5, 124.3, 5.120
[23:49:33] 637.5, 124.3, 5.120
[23:49:34] 637.5, 124.4, 5.120
[23:49:35] 637.4, 124.0, 6.397
[23:49:36] 727.4, 124.3, 5.120
[23:49:37] 637.3, 124.4, 5.123
[23:49:38] 637.3, 124.4, 5.117
[23:49:39] 637.2, 124.2, 5.119
[23:49:40] 637.2, 124.0, 6.251
[23:49:41] 724.7, 124.2, 5.129
[23:49:42] 637.8, 124.3, 5.122
[23:49:43] 637.6, 124.3, 5.119
[23:49:44] 637.6, 124.3, 5.120
[23:49:45] 637.5, 124.1, 5.636
[23:49:46] 718.9, 124.3, 5.120
[23:49:47] 636.7, 124.3, 5.117
[23:49:48] 636.7, 124.4, 5.118
[23:49:49] 636.7, 124.3, 5.118
[23:49:50] 636.8, 124.4, 5.117
[23:49:51] 748.3, 124.3, 5.120
[23:49:52] 645.1, 124.3, 5.120
[23:49:53] 637.1, 124.4, 5.117
[23:49:54] 637.1, 124.3, 5.119
[23:49:55] 637.0, 124.3, 5.113
[23:49:56] 726.0, 124.3, 5.204
[23:49:57] 695.5, 124.3, 5.118
[23:49:58] 637.5, 124.3, 5.118
[23:49:59] 637.4, 124.4, 5.117
[23:50:00] 637.3, 124.4, 5.114
[23:50:01] 654.8, 123.8, 7.265
[23:50:02] 822.7, 124.3, 5.122
[23:50:03] 636.9, 124.4, 5.119
[23:50:04] 636.9, 124.4, 5.120
[23:50:05] 636.9, 124.4, 5.116
[23:50:06] 636.9, 123.8, 7.027
[23:50:07] 816.8, 123.8, 7.204
[23:50:08] 817.4, 124.3, 5.125
[23:50:09] 637.6, 124.4, 5.119
[23:50:10] 637.6, 124.4, 5.119
[23:50:11] 637.4, 124.4, 5.116
[23:50:12] 637.4, 123.7, 7.341
[23:50:13] 833.3, 123.6, 7.668
[23:50:14] 949.6, 124.2, 6.257
[23:50:15] 769.3, 124.4, 5.131
[23:50:16] 638.4, 124.2, 5.126
[23:50:17] 638.3, 124.3, 5.123
[23:50:18] 638.2, 124.3, 5.121
[23:50:19] 638.0, 123.8, 7.578
[23:50:20] 869.3, 123.8, 7.675
[23:50:21] 951.0, 123.7, 7.695
[23:50:22] 951.2, 123.7, 7.698
[23:50:23] 951.5, 124.3, 5.247
[23:50:24] 708.3, 124.4, 5.143
[23:50:25] 640.0, 124.3, 5.129
[23:50:26] 639.8, 124.4, 5.129
[23:50:27] 639.6, 124.3, 5.121
[23:50:28] 639.4, 123.7, 7.658
[23:50:29] 942.4, 123.7, 7.702
[23:50:30] 952.6, 123.7, 7.682
[23:50:31] 952.6, 123.8, 7.704
[23:50:32] 952.8, 123.7, 7.706
[23:50:33] 953.2, 123.7, 7.711
[23:50:34] 953.5, 123.8, 7.718
[23:50:35] 953.9, 123.7, 7.719
[23:50:36] 896.7, 124.3, 5.156
[23:50:37] 641.8, 124.4, 5.147
[23:50:38] 641.6, 124.3, 5.139
[23:50:39] 641.3, 124.3, 5.134
[23:50:40] 641.0, 124.3, 5.134
[23:50:41] 777.6, 123.6, 7.687
[23:50:42] 952.6, 123.8, 7.698
[23:50:43] 952.7, 123.7, 7.709
[23:50:44] 953.1, 123.7, 7.717
[23:50:45] 953.5, 123.8, 7.714
[23:50:46] 953.8, 123.7, 7.723
[23:50:47] 954.2, 123.6, 7.727
[23:50:48] 954.7, 123.6, 7.730
[23:50:49] 955.0, 123.7, 7.732
[23:50:50] 955.5, 123.7, 7.738
[23:50:51] 955.9, 123.7, 7.736
[23:50:52] 956.3, 123.8, 7.741
[23:50:53] 956.6, 123.7, 7.736
[23:50:54] 956.9, 123.7, 7.741
[23:50:55] 957.1, 123.7, 7.732
[23:50:56] 836.3, 124.3, 5.163
[23:50:57] 642.8, 124.3, 5.153
[23:50:58] 642.7, 124.4, 5.145
[23:50:59] 642.3, 124.4, 5.144
<<<[23:52:56] 640.9, 124.3, 5.133
[23:52:57] 640.6, 124.4, 5.126
[23:52:58] 640.3, 124.3, 5.281
[23:52:59] 651.8, 124.3, 5.299
[23:53:00] 652.2, 124.3, 5.308
[23:53:01] 652.8, 124.3, 5.345
[23:53:02] 666.2, 124.3, 5.332
[23:53:03] 665.7, 124.3, 5.260
[23:53:04] 659.3, 124.3, 5.285
[23:53:05] 658.7, 124.3, 5.260
[23:53:06] 658.4, 124.3, 5.371
[23:53:07] 658.5, 124.3, 5.199
[23:53:08] 647.5, 124.3, 5.198
[23:53:09] 646.9, 124.3, 5.133
[23:53:10] 638.4, 124.3, 5.132
[23:53:11] 638.4, 124.3, 5.128
[23:53:12] 686.9, 124.3, 5.158
[23:53:13] 686.5, 124.3, 5.124
[23:53:14] 637.8, 124.3, 5.123
[23:53:15] 637.8, 124.3, 5.124
[23:53:16] 637.8, 124.4, 5.122
[23:53:17] 681.3, 124.3, 5.154
[23:53:18] 681.7, 124.3, 5.128
[23:53:19] 637.3, 124.4, 5.122
[23:53:20] 637.3, 124.4, 5.128
[23:53:21] 637.4, 124.3, 5.119
[23:53:22] 679.6, 124.3, 5.161
[23:53:23] 685.5, 124.4, 5.122
[23:53:24] 637.6, 124.3, 5.122
[23:53:25] 637.6, 124.2, 5.122
[23:53:26] 637.6, 124.4, 5.119
[23:53:27] 678.0, 124.3, 5.162
[23:53:28] 686.3, 124.3, 5.123
[23:53:29] 637.6, 124.3, 5.122
[23:53:30] 637.6, 124.4, 5.119
[23:53:31] 637.5, 124.4, 5.123
[23:53:32] 675.4, 124.4, 5.159
[23:53:33] 687.3, 124.4, 5.123
[23:53:34] 637.6, 124.4, 5.117
[23:53:35] 637.5, 124.3, 5.118
[23:53:36] 637.5, 124.3, 5.118
[23:53:37] 671.7, 124.4, 5.185
[23:53:38] 689.4, 124.3, 5.141
[23:53:39] 638.4, 124.4, 5.145
[23:53:40] 638.4, 124.4, 5.142
[23:53:41] 638.4, 124.3, 5.140
[23:53:42] 666.0, 124.3, 5.162
[23:53:43] 689.2, 124.4, 5.118
[23:53:44] 637.3, 124.3, 5.119
[23:53:45] 637.3, 124.4, 5.116
[23:53:46] 637.2, 124.3, 5.119
[23:53:47] 647.1, 124.2, 5.770
[23:53:48] 744.9, 124.3, 5.120
[23:53:49] 637.5, 124.3, 5.119
[23:53:50] 637.4, 124.3, 5.122
[23:53:51] 637.4, 124.4, 5.116
[23:53:52] 637.4, 123.8, 7.146
[23:53:53] 783.3, 124.2, 5.123
[23:53:54] 637.5, 124.4, 5.120
[23:53:55] 637.5, 124.4, 5.115
[23:53:56] 637.4, 124.3, 5.137
[23:53:57] 637.5, 123.7, 7.461
[23:53:58] 832.1, 124.4, 5.132
[23:53:59] 644.5, 124.4, 5.119
[23:54:00] 637.3, 124.3, 5.117
[23:54:01] 637.3, 124.4, 5.121
[23:54:02] 637.2, 124.3, 5.118
[23:54:03] 698.5, 123.7, 7.654
[23:54:04] 931.5, 124.4, 5.133
[23:54:05] 646.1, 124.3, 5.123
[23:54:06] 638.0, 124.3, 5.122
[23:54:07] 637.9, 124.4, 5.119
[23:54:08] 637.8, 124.2, 5.119
[23:54:09] 715.8, 123.7, 7.660
[23:54:10] 948.5, 123.8, 7.675
[23:54:11] 886.5, 124.3, 5.137
[23:54:12] 639.2, 124.3, 5.131
[23:54:13] 639.1, 124.3, 5.124
[23:54:14] 638.9, 124.3, 5.122
[23:54:15] 638.7, 124.4, 5.119
[23:54:16] 752.4, 123.6, 7.665
[23:54:17] 949.8, 123.7, 7.682
[23:54:18] 950.0, 123.7, 7.691
[23:54:19] 950.4, 123.8, 7.274
[23:54:20] 825.6, 124.4, 5.142
[23:54:21] 640.2, 124.3, 5.133
[23:54:22] 640.0, 124.3, 5.129
[23:54:23] 639.8, 124.4, 5.124
[23:54:24] 639.6, 123.8, 7.226
[23:54:25] 826.8, 123.8, 7.675
[23:54:26] 951.0, 123.6, 7.690
[23:54:27] 951.1, 123.8, 7.694
[23:54:28] 951.5, 123.7, 7.709
[23:54:29] 951.9, 123.8, 7.707
[23:54:30] 952.3, 123.7, 7.710
[23:54:31] 952.7, 123.8, 7.718
[23:54:32] 952.4, 124.3, 5.237
[23:54:33] 704.6, 124.3, 5.151
[23:54:34] 640.6, 124.4, 5.140
[23:54:35] 640.5, 124.3, 5.137
[23:54:36] 640.4, 124.4, 5.133
[23:54:37] 667.0, 123.7, 7.679
[23:54:38] 950.6, 123.7, 7.689
[23:54:39] 950.8, 123.7, 7.707
[23:54:40] 951.3, 123.7, 7.713
[23:54:41] 951.9, 123.7, 7.714
[23:54:42] 952.3, 123.7, 7.719
[23:54:43] 952.8, 123.7, 7.723
[23:54:44] 953.2, 123.7, 7.718
[23:54:45] 953.7, 123.7, 7.728
[23:54:46] 954.2, 123.7, 7.728
[23:54:47] 954.6, 123.7, 7.731
[23:54:48] 955.1, 123.8, 7.733
[23:54:49] 955.5, 123.7, 7.731
[23:54:50] 955.8, 123.8, 7.730
[23:54:51] 956.1, 123.7, 7.732
[23:54:52] 939.2, 124.3, 5.260
[23:54:53] 651.2, 124.4, 5.152
[23:54:54] 641.8, 124.4, 5.145
[23:54:55] 641.6, 124.3, 5.142
<<<wattsup: [error] Reading final time stamp: Bad address
[23:56:56] 656.4, 124.4, 5.242
wattsup: [error] Reading final time stamp: Bad address
[23:57:03] 639.6, 124.3, 5.126
wattsup: [error] Reading final time stamp: Bad address
[23:57:10] 637.3, 124.4, 5.115
wattsup: [error] Reading final time stamp: Bad address
[23:57:17] 637.0, 124.4, 6.011
wattsup: [error] Reading final time stamp: Bad address
[23:57:24] 636.5, 124.4, 5.114
wattsup: [error] Reading final time stamp: Bad address
[23:57:31] 636.8, 124.5, 5.114
wattsup: [error] Reading final time stamp: Bad address
[23:57:38] 715.0, 124.6, 5.143
wattsup: [error] Reading final time stamp: Bad address
[23:57:45] 636.2, 124.5, 5.105
wattsup: [error] Reading final time stamp: Bad address
[23:57:52] 636.4, 124.4, 5.108
wattsup: [error] Reading final time stamp: Bad address
[23:57:59] 925.8, 124.5, 5.245
[23:58:00] 636.9, 124.5, 5.117
[23:58:02] 636.8, 124.4, 5.116
[23:58:04] 943.9, 123.8, 7.666
[23:58:06] 662.3, 124.4, 5.127
[23:58:08] 637.5, 124.5, 5.118
[23:58:09] 637.4, 124.5, 5.112
[23:58:10] 670.1, 123.9, 7.650
[23:58:12] 949.0, 123.8, 7.691
[23:58:13] 949.5, 123.7, 7.689
[23:58:14] 905.5, 124.4, 5.140
[23:58:15] 639.2, 124.5, 5.130
[23:58:16] 639.1, 124.4, 5.126
[23:58:17] 638.9, 124.5, 5.117
[23:58:19] 746.9, 123.9, 7.667
[23:58:21] 951.0, 123.8, 7.689
[23:58:23] 951.8, 123.9, 7.708
[23:58:25] 952.7, 123.8, 7.706
[23:58:26] 953.1, 124.3, 6.828
[23:58:27] 777.8, 124.5, 5.147
[23:58:28] 640.4, 124.5, 5.132
[23:58:30] 640.6, 124.5, 5.123
[23:58:32] 901.6, 123.9, 7.680
[23:58:33] 952.6, 123.9, 7.689
[23:58:34] 952.8, 123.9, 7.701
[23:58:35] 953.0, 123.9, 7.704
[23:58:36] 953.4, 123.9, 7.714
[23:58:38] 954.3, 123.9, 7.719
[23:58:39] 954.7, 123.8, 7.713
[23:58:41] 955.3, 123.9, 7.727
[23:58:42] 955.7, 123.8, 7.733
[23:58:43] 956.1, 123.9, 7.728
[23:58:44] 956.4, 123.8, 7.725
[23:58:45] 956.7, 123.8, 7.729
[23:58:46] 956.9, 124.6, 5.204
[23:58:47] 699.1, 124.5, 5.153
[23:58:49] 640.8, 124.5, 5.140
<<<[00:00:46] 643.0, 124.5, 5.119
[00:00:47] 642.3, 124.5, 5.125
[00:00:48] 641.7, 124.5, 5.326
[00:00:49] 658.9, 124.4, 5.312
[00:00:50] 659.0, 124.4, 5.285
[00:00:51] 659.1, 124.5, 5.291
[00:00:52] 659.1, 124.4, 5.317
[00:00:53] 659.3, 124.3, 5.400
[00:00:54] 659.6, 124.5, 5.277
[00:00:55] 659.7, 124.4, 5.281
[00:00:56] 659.5, 124.5, 5.355
[00:00:57] 659.0, 124.5, 5.124
[00:00:58] 638.4, 124.5, 5.119
[00:00:59] 638.3, 124.5, 5.125
[00:01:00] 638.2, 124.4, 5.121
[00:01:01] 638.2, 124.3, 5.184
[00:01:02] 734.1, 124.4, 5.120
[00:01:03] 638.0, 124.4, 5.120
[00:01:04] 637.9, 124.4, 5.117
[00:01:05] 637.8, 124.5, 5.122
[00:01:06] 637.8, 124.4, 5.121
[00:01:07] 732.1, 124.5, 5.126
[00:01:08] 637.5, 124.4, 5.115
[00:01:09] 637.5, 124.4, 5.123
[00:01:10] 637.5, 124.5, 5.119
[00:01:11] 637.5, 124.5, 5.119
[00:01:12] 731.5, 124.4, 5.125
[00:01:13] 637.3, 124.4, 5.120
[00:01:14] 637.3, 124.4, 5.126
[00:01:15] 637.3, 124.3, 5.117
[00:01:16] 637.3, 124.5, 5.112
[00:01:17] 730.9, 124.4, 5.122
[00:01:18] 636.7, 124.5, 5.136
[00:01:19] 636.8, 124.5, 5.120
[00:01:20] 636.9, 124.4, 5.110
[00:01:21] 636.9, 124.5, 5.116
[00:01:22] 729.4, 124.5, 5.116
[00:01:23] 637.5, 124.5, 5.122
[00:01:24] 637.4, 124.5, 5.113
[00:01:25] 637.4, 124.5, 5.115
[00:01:26] 637.4, 124.5, 5.115
[00:01:27] 726.8, 124.5, 5.118
[00:01:28] 637.3, 124.6, 5.138
[00:01:29] 637.4, 124.5, 5.140
[00:01:30] 637.5, 124.5, 5.137
[00:01:31] 637.6, 124.5, 5.145
[00:01:32] 723.1, 124.5, 5.118
[00:01:33] 637.5, 124.5, 5.117
[00:01:34] 637.4, 124.5, 5.117
[00:01:35] 637.4, 124.5, 5.118
[00:01:36] 637.4, 124.5, 5.113
[00:01:37] 723.7, 124.4, 5.144
[00:01:38] 674.3, 124.4, 5.118
[00:01:39] 637.6, 124.4, 5.123
[00:01:40] 637.6, 124.5, 5.118
[00:01:41] 637.6, 124.5, 5.119
[00:01:42] 699.8, 124.5, 5.399
[00:01:43] 725.8, 124.5, 5.122
[00:01:44] 637.6, 124.5, 5.115
[00:01:45] 637.5, 124.6, 5.118
[00:01:46] 637.5, 124.5, 5.111
[00:01:47] 637.4, 124.0, 7.541
[00:01:48] 843.7, 124.5, 5.118
[00:01:49] 637.8, 124.5, 5.115
[00:01:50] 637.6, 124.5, 5.111
[00:01:51] 637.6, 124.5, 5.114
[00:01:52] 637.5, 124.2, 5.626
[00:01:53] 789.4, 124.0, 7.356
[00:01:54] 853.2, 124.5, 5.126
[00:01:55] 638.6, 124.5, 5.121
[00:01:56] 638.5, 124.5, 5.118
[00:01:57] 638.3, 124.6, 5.113
[00:01:58] 638.2, 124.1, 6.696
[00:01:59] 807.3, 124.0, 7.655
[00:02:00] 950.2, 124.0, 7.192
[00:02:01] 798.7, 124.5, 5.131
[00:02:02] 638.8, 124.6, 5.119
[00:02:03] 638.6, 124.5, 5.118
[00:02:04] 638.5, 124.5, 5.115
[00:02:05] 638.4, 123.9, 7.456
[00:02:06] 845.3, 123.8, 7.663
[00:02:07] 950.8, 123.9, 7.687
[00:02:08] 951.0, 123.8, 7.686
[00:02:09] 951.4, 124.4, 5.476
[00:02:10] 735.9, 124.4, 5.138
[00:02:11] 639.8, 124.4, 5.137
[00:02:12] 639.6, 124.4, 5.126
[00:02:13] 639.5, 124.4, 5.132
[00:02:14] 639.3, 123.8, 7.648
[00:02:15] 922.7, 123.7, 7.683
[00:02:16] 952.4, 123.7, 7.692
[00:02:17] 952.6, 123.8, 7.704
[00:02:18] 952.9, 123.7, 7.705
[00:02:19] 953.3, 123.7, 7.719
[00:02:20] 953.7, 123.8, 7.710
[00:02:21] 954.1, 123.7, 7.720
[00:02:22] 920.5, 124.3, 5.165
[00:02:23] 642.0, 124.4, 5.150
[00:02:24] 641.8, 124.3, 5.141
[00:02:25] 641.5, 124.4, 5.141
[00:02:26] 641.2, 124.4, 5.138
[00:02:27] 765.2, 123.8, 7.686
[00:02:28] 953.2, 123.7, 7.693
[00:02:29] 953.3, 123.8, 7.708
[00:02:30] 953.7, 123.7, 7.711
[00:02:31] 954.1, 123.8, 7.717
[00:02:32] 954.5, 123.8, 7.718
[00:02:33] 954.9, 123.7, 7.722
[00:02:34] 955.3, 123.8, 7.724
[00:02:35] 955.7, 123.7, 7.732
[00:02:36] 956.1, 123.7, 7.734
[00:02:37] 956.5, 123.8, 7.735
[00:02:38] 956.9, 123.7, 7.732
[00:02:39] 957.3, 123.7, 7.738
[00:02:40] 957.7, 123.8, 7.741
[00:02:41] 958.0, 123.7, 7.742
[00:02:42] 839.2, 124.4, 5.165
[00:02:43] 642.6, 124.4, 5.158
[00:02:44] 642.4, 124.5, 5.148
[00:02:45] 642.2, 124.5, 5.145
<<<[00:03:00] 638.9, 124.5, 5.126
[00:03:01] 638.9, 124.3, 5.121
[00:03:02] 638.8, 124.3, 5.123
[00:03:03] 639.4, 124.4, 5.274
[00:03:04] 657.3, 124.3, 5.267
[00:03:05] 657.2, 124.4, 5.260
[00:03:06] 657.2, 124.4, 5.274
[00:03:07] 657.2, 124.3, 5.287
[00:03:08] 657.0, 124.4, 5.258
[00:03:09] 657.2, 124.4, 5.330
[00:03:10] 657.0, 124.4, 5.246
[00:03:11] 657.4, 124.4, 5.127
[00:03:12] 639.6, 124.3, 5.123
[00:03:13] 639.4, 124.4, 5.125
[00:03:14] 639.3, 124.4, 5.120
[00:03:15] 639.1, 124.4, 5.124
[00:03:16] 639.0, 124.4, 5.992
[00:03:17] 731.1, 124.3, 5.121
[00:03:18] 637.8, 124.5, 5.117
[00:03:19] 637.7, 124.4, 5.118
[00:03:20] 637.7, 124.4, 5.119
[00:03:21] 637.7, 124.3, 5.989
[00:03:22] 725.4, 124.5, 5.119
[00:03:23] 637.6, 124.3, 5.120
[00:03:24] 637.6, 124.3, 5.118
[00:03:25] 637.6, 124.5, 5.117
[00:03:26] 637.5, 124.3, 5.992
[00:03:27] 724.7, 124.4, 5.124
[00:03:28] 638.0, 124.3, 5.119
[00:03:29] 637.9, 124.4, 5.116
[00:03:30] 637.9, 124.4, 5.117
[00:03:31] 637.8, 124.4, 5.997
[00:03:32] 724.3, 124.3, 5.122
[00:03:33] 637.8, 124.4, 5.117
[00:03:34] 637.8, 124.4, 5.113
[00:03:35] 637.6, 124.5, 5.113
[00:03:36] 637.6, 124.3, 6.006
[00:03:37] 723.7, 124.4, 5.118
[00:03:38] 638.2, 124.4, 5.116
[00:03:39] 638.1, 124.4, 5.116
[00:03:40] 638.2, 124.4, 5.114
[00:03:41] 638.2, 124.3, 6.011
[00:03:42] 720.3, 124.5, 5.115
[00:03:43] 636.9, 124.5, 5.114
[00:03:44] 636.9, 124.4, 5.111
[00:03:45] 637.0, 124.5, 5.112
[00:03:46] 637.0, 124.4, 6.014
[00:03:47] 713.8, 124.4, 5.114
[00:03:48] 637.5, 124.5, 5.111
[00:03:49] 637.4, 124.5, 5.115
[00:03:50] 637.4, 124.4, 5.108
[00:03:51] 637.3, 123.9, 7.100
[00:03:52] 752.6, 124.4, 5.113
[00:03:53] 637.5, 124.4, 5.118
[00:03:54] 637.5, 124.5, 5.114
[00:03:55] 637.4, 124.4, 5.113
[00:03:56] 637.3, 123.8, 7.458
[00:03:57] 780.6, 124.3, 5.132
[00:03:58] 637.6, 124.4, 5.117
[00:03:59] 637.4, 124.5, 5.113
[00:04:00] 637.4, 124.5, 5.120
[00:04:01] 637.4, 124.4, 5.114
[00:04:02] 772.5, 124.3, 5.202
[00:04:03] 701.2, 124.3, 5.118
[00:04:04] 637.6, 124.4, 5.118
[00:04:05] 637.5, 124.4, 5.115
[00:04:06] 637.6, 124.3, 5.120
[00:04:07] 637.4, 123.8, 7.630
[00:04:08] 935.1, 124.4, 5.208
[00:04:09] 700.4, 124.5, 5.123
[00:04:10] 638.2, 124.5, 5.119
[00:04:11] 638.0, 124.4, 5.119
[00:04:12] 638.0, 124.4, 5.114
[00:04:13] 643.4, 123.9, 7.637
[00:04:14] 949.0, 123.8, 7.662
[00:04:15] 941.8, 124.4, 5.214
[00:04:16] 702.4, 124.4, 5.126
[00:04:17] 639.0, 124.5, 5.123
[00:04:18] 638.9, 124.5, 5.115
[00:04:19] 638.7, 124.5, 5.114
[00:04:20] 680.8, 123.8, 7.645
[00:04:21] 949.0, 123.8, 7.671
[00:04:22] 949.4, 123.8, 7.680
[00:04:23] 949.8, 123.9, 7.688
[00:04:24] 893.1, 124.5, 5.137
[00:04:25] 640.0, 124.5, 5.127
[00:04:26] 639.8, 124.4, 5.127
[00:04:27] 639.6, 124.5, 5.120
[00:04:28] 639.4, 124.4, 5.120
[00:04:29] 755.8, 123.8, 7.663
[00:04:30] 951.0, 123.8, 7.678
[00:04:31] 951.2, 123.8, 7.689
[00:04:32] 951.5, 123.8, 7.697
[00:04:33] 952.0, 123.8, 7.701
[00:04:34] 952.5, 123.8, 7.715
[00:04:35] 953.0, 123.8, 7.712
[00:04:36] 953.5, 124.4, 6.192
[00:04:37] 764.4, 124.5, 5.142
[00:04:38] 641.0, 124.4, 5.138
[00:04:39] 640.8, 124.4, 5.128
[00:04:40] 640.6, 124.5, 5.122
[00:04:41] 640.3, 123.9, 7.642
[00:04:42] 907.5, 123.9, 7.674
[00:04:43] 952.6, 123.9, 7.690
[00:04:44] 952.8, 123.9, 7.701
[00:04:45] 953.1, 123.8, 7.697
[00:04:46] 953.4, 123.8, 7.708
[00:04:47] 953.9, 123.8, 7.716
[00:04:48] 954.3, 123.8, 7.709
[00:04:49] 954.6, 123.8, 7.717
[00:04:50] 955.0, 123.8, 7.724
[00:04:51] 955.4, 123.8, 7.723
[00:04:52] 955.8, 123.8, 7.729
[00:04:53] 956.1, 123.8, 7.722
[00:04:54] 956.4, 123.8, 7.729
[00:04:55] 956.6, 123.8, 7.724
[00:04:56] 956.8, 124.4, 5.321
[00:04:57] 705.4, 124.4, 5.155
[00:04:58] 642.6, 124.5, 5.140
[00:04:59] 642.3, 124.5, 5.138
[00:05:00] 642.1, 124.5, 5.135
