<<<[14:42:53] 642.4, 122.6, 5.213
[14:42:54] 642.0, 122.7, 5.210
[14:42:55] 642.3, 122.6, 5.348
[14:42:56] 656.3, 122.7, 5.287
[14:42:57] 648.9, 122.6, 5.230
[14:42:58] 643.7, 122.7, 5.212
[14:42:59] 643.2, 122.7, 5.211
[14:43:00] 642.8, 122.6, 5.210
[14:43:01] 650.8, 122.6, 5.464
[14:43:02] 723.5, 122.7, 5.206
[14:43:03] 639.6, 122.7, 5.209
[14:43:04] 639.5, 122.6, 5.205
[14:43:05] 639.5, 122.7, 5.210
[14:43:06] 647.1, 122.5, 5.485
[14:43:07] 725.4, 122.7, 5.208
[14:43:08] 639.4, 122.6, 5.207
[14:43:09] 639.3, 122.6, 5.208
[14:43:10] 639.3, 122.7, 5.204
[14:43:11] 644.9, 122.6, 5.499
[14:43:12] 726.4, 122.7, 5.211
[14:43:13] 639.4, 122.6, 5.204
[14:43:14] 639.3, 122.6, 5.202
[14:43:15] 639.3, 122.6, 5.209
[14:43:16] 639.8, 122.5, 5.520
[14:43:17] 727.4, 122.6, 5.210
[14:43:18] 639.2, 122.6, 5.206
[14:43:19] 639.2, 122.5, 5.209
[14:43:20] 639.2, 122.6, 5.207
[14:43:21] 639.5, 122.5, 5.535
[14:43:22] 728.4, 122.5, 5.206
[14:43:23] 638.8, 122.6, 5.209
[14:43:24] 638.8, 122.5, 5.209
[14:43:25] 638.8, 122.5, 5.210
[14:43:26] 639.0, 122.6, 5.557
[14:43:27] 729.0, 122.5, 5.211
[14:43:28] 639.4, 122.5, 5.210
[14:43:29] 639.3, 122.6, 5.206
[14:43:30] 639.2, 122.6, 5.205
[14:43:31] 639.2, 122.5, 5.577
[14:43:32] 729.0, 122.5, 5.209
[14:43:33] 639.2, 122.5, 5.213
[14:43:34] 639.1, 122.6, 5.202
[14:43:35] 639.1, 122.5, 5.208
[14:43:36] 639.1, 122.6, 5.593
[14:43:37] 727.0, 122.5, 5.209
[14:43:38] 639.4, 122.6, 5.202
[14:43:39] 639.3, 122.6, 5.206
[14:43:40] 639.2, 122.5, 5.203
[14:43:41] 639.1, 122.6, 5.620
[14:43:42] 722.9, 122.5, 5.202
[14:43:43] 638.8, 122.7, 5.201
[14:43:44] 638.7, 122.7, 5.203
[14:43:45] 638.7, 122.6, 5.206
[14:43:46] 638.7, 122.6, 5.639
[14:43:47] 715.2, 122.6, 5.207
[14:43:48] 640.6, 122.7, 5.238
[14:43:49] 640.9, 122.6, 5.235
[14:43:50] 641.2, 122.7, 5.242
[14:43:51] 641.4, 122.0, 7.287
[14:43:52] 754.8, 122.6, 5.259
[14:43:53] 644.9, 122.6, 5.252
[14:43:54] 644.9, 122.6, 5.251
[14:43:55] 644.9, 122.5, 5.253
[14:43:56] 645.0, 122.0, 7.522
[14:43:57] 825.2, 122.7, 5.258
[14:43:58] 644.9, 122.6, 5.251
[14:43:59] 644.8, 122.6, 5.249
[14:44:00] 644.7, 122.7, 5.248
[14:44:01] 644.7, 122.5, 5.253
[14:44:02] 752.8, 122.0, 7.315
[14:44:03] 805.6, 122.6, 5.263
[14:44:04] 645.3, 122.5, 5.258
[14:44:05] 645.2, 122.6, 5.258
[14:44:06] 645.1, 122.6, 5.255
[14:44:07] 645.1, 121.9, 7.641
[14:44:08] 868.5, 122.1, 7.491
[14:44:09] 868.5, 122.5, 5.269
[14:44:10] 645.9, 122.5, 5.260
[14:44:11] 645.9, 122.6, 5.260
[14:44:12] 645.9, 122.6, 5.250
[14:44:13] 645.9, 122.2, 6.722
[14:44:14] 806.3, 121.9, 7.724
[14:44:15] 943.3, 122.0, 7.736
[14:44:16] 942.7, 122.5, 5.329
[14:44:17] 700.8, 122.5, 5.268
[14:44:18] 646.3, 122.5, 5.266
[14:44:19] 646.2, 122.5, 5.263
[14:44:20] 646.1, 122.6, 5.260
[14:44:21] 681.9, 121.9, 7.717
[14:44:22] 942.6, 121.9, 7.735
[14:44:23] 942.9, 122.0, 7.747
[14:44:24] 943.3, 121.9, 7.749
[14:44:25] 943.7, 122.1, 7.745
[14:44:26] 932.3, 122.6, 5.284
[14:44:27] 654.0, 122.6, 5.273
[14:44:28] 647.1, 122.6, 5.267
[14:44:29] 647.0, 122.7, 5.260
[14:44:30] 646.8, 122.6, 5.257
[14:44:31] 733.3, 122.1, 7.722
[14:44:32] 943.9, 121.9, 7.739
[14:44:33] 944.1, 121.9, 7.745
[14:44:34] 944.4, 122.0, 7.752
[14:44:35] 944.8, 122.0, 7.752
[14:44:36] 945.3, 122.0, 7.767
[14:44:37] 945.8, 121.9, 7.777
[14:44:38] 946.3, 122.1, 7.774
[14:44:39] 946.8, 122.0, 7.775
[14:44:40] 947.2, 122.0, 7.425
[14:44:41] 825.8, 122.7, 5.292
[14:44:42] 649.5, 122.6, 5.276
[14:44:43] 649.3, 122.7, 5.271
[14:44:44] 649.0, 122.6, 5.267
[14:44:45] 648.6, 122.2, 7.452
[14:44:46] 837.8, 122.0, 7.741
[14:44:47] 946.1, 122.0, 7.747
[14:44:48] 946.2, 122.0, 7.761
[14:44:49] 946.5, 122.0, 7.770
[14:44:50] 946.9, 121.9, 7.778
[14:44:51] 947.3, 122.0, 7.779
[14:44:52] 947.7, 122.0, 7.778
[14:44:53] 948.0, 121.9, 7.783
[14:44:54] 948.4, 121.9, 7.795
[14:44:55] 948.8, 122.0, 7.791
[14:44:56] 949.2, 122.0, 7.791
[14:44:57] 949.5, 121.9, 7.791
[14:44:58] 949.8, 121.9, 7.791
[14:44:59] 950.0, 121.9, 7.794
[14:45:00] 950.2, 122.0, 7.797
[14:45:01] 950.5, 122.0, 7.797
[14:45:02] 950.6, 121.9, 7.797
[14:45:03] 950.8, 121.9, 7.799
[14:45:04] 951.1, 122.0, 7.798
[14:45:05] 852.0, 122.6, 5.303
[14:45:06] 650.6, 122.6, 5.287
[14:45:07] 650.4, 122.5, 5.283
[14:45:08] 650.1, 122.5, 5.281
[14:45:09] 649.8, 122.6, 5.274
