<<<[14:23:16] 636.2, 122.6, 5.161
[14:23:17] 635.9, 122.6, 5.157
[14:23:18] 635.6, 122.6, 5.295
[14:23:19] 645.1, 122.6, 5.283
[14:23:20] 645.6, 122.6, 5.232
[14:23:21] 645.5, 122.7, 5.189
[14:23:22] 637.3, 122.6, 5.160
[14:23:23] 636.8, 122.7, 5.178
[14:23:24] 636.5, 122.5, 5.184
[14:23:25] 636.2, 122.1, 7.166
[14:23:26] 728.8, 122.5, 5.160
[14:23:27] 633.1, 122.5, 5.158
[14:23:28] 633.0, 122.6, 5.159
[14:23:29] 633.0, 122.5, 5.156
[14:23:30] 632.9, 122.0, 7.163
[14:23:31] 723.5, 122.5, 5.159
[14:23:32] 632.9, 122.5, 5.154
[14:23:33] 632.8, 122.5, 5.154
[14:23:34] 632.8, 122.6, 5.157
[14:23:35] 632.7, 122.1, 7.149
[14:23:36] 722.9, 122.5, 5.153
[14:23:37] 632.5, 122.5, 5.153
[14:23:38] 632.5, 122.5, 5.151
[14:23:39] 632.5, 122.6, 5.148
[14:23:40] 632.4, 122.2, 7.148
[14:23:41] 722.3, 122.6, 5.151
[14:23:42] 632.1, 122.6, 5.149
[14:23:43] 632.1, 122.7, 5.172
[14:23:44] 632.3, 122.7, 5.171
[14:23:45] 632.5, 122.1, 7.136
[14:23:46] 720.9, 122.6, 5.152
[14:23:47] 632.3, 122.6, 5.151
[14:23:48] 632.3, 122.7, 5.143
[14:23:49] 632.2, 122.6, 5.148
[14:23:50] 632.2, 122.1, 7.133
[14:23:51] 718.9, 122.6, 5.150
[14:23:52] 632.3, 122.7, 5.149
[14:23:53] 632.3, 122.6, 5.150
[14:23:54] 632.2, 122.5, 5.146
[14:23:55] 632.2, 122.2, 7.121
[14:23:56] 714.8, 122.6, 5.147
[14:23:57] 632.1, 122.6, 5.143
[14:23:58] 632.0, 122.6, 5.148
[14:23:59] 632.0, 122.7, 5.146
[14:24:00] 632.0, 122.2, 7.106
[14:24:01] 706.7, 122.6, 5.148
[14:24:02] 632.1, 122.6, 5.147
[14:24:03] 632.0, 122.5, 5.149
[14:24:04] 632.0, 122.6, 5.148
[14:24:05] 632.0, 122.1, 7.237
[14:24:06] 741.2, 122.6, 5.149
[14:24:07] 632.1, 122.5, 5.152
[14:24:08] 632.1, 122.5, 5.146
[14:24:09] 632.0, 122.6, 5.147
[14:24:10] 632.0, 122.6, 5.152
[14:24:11] 760.3, 122.6, 5.198
[14:24:12] 683.1, 122.5, 5.153
[14:24:13] 632.5, 122.5, 5.153
[14:24:14] 632.4, 122.6, 5.150
[14:24:15] 632.3, 122.6, 5.150
[14:24:16] 674.1, 122.0, 7.482
[14:24:17] 859.1, 122.6, 5.153
[14:24:18] 632.9, 122.6, 5.150
[14:24:19] 632.8, 122.6, 5.148
[14:24:20] 632.7, 122.6, 5.150
[14:24:21] 632.6, 122.2, 6.211
[14:24:22] 788.0, 121.9, 7.671
[14:24:23] 921.1, 122.5, 5.168
[14:24:24] 636.5, 122.6, 5.157
[14:24:25] 636.0, 122.5, 5.154
[14:24:26] 635.6, 122.5, 5.155
[14:24:27] 635.2, 122.5, 5.153
[14:24:28] 717.2, 121.9, 7.677
[14:24:29] 937.6, 121.9, 7.694
[14:24:30] 937.8, 122.5, 5.840
[14:24:31] 748.3, 122.7, 5.161
[14:24:32] 634.1, 122.5, 5.158
[14:24:33] 634.0, 122.5, 5.155
[14:24:34] 633.8, 122.7, 5.153
[14:24:35] 633.7, 122.0, 7.631
[14:24:36] 881.3, 122.0, 7.681
[14:24:37] 939.0, 122.1, 7.691
[14:24:38] 939.1, 122.0, 7.705
[14:24:39] 939.4, 121.9, 7.719
[14:24:40] 939.9, 122.5, 5.897
[14:24:41] 747.7, 122.6, 5.178
[14:24:42] 635.7, 122.6, 5.169
[14:24:43] 635.5, 122.5, 5.164
[14:24:44] 635.3, 122.6, 5.161
[14:24:45] 635.1, 122.0, 7.666
[14:24:46] 906.7, 121.9, 7.695
[14:24:47] 939.8, 122.0, 7.703
[14:24:48] 940.0, 122.0, 7.719
[14:24:49] 940.3, 122.0, 7.725
[14:24:50] 940.7, 121.9, 7.732
[14:24:51] 941.1, 121.9, 7.733
[14:24:52] 941.5, 122.0, 7.737
[14:24:53] 941.9, 121.9, 7.735
[14:24:54] 942.3, 122.0, 7.743
[14:24:55] 942.3, 122.6, 5.257
[14:24:56] 694.9, 122.5, 5.184
[14:24:57] 636.3, 122.6, 5.178
[14:24:58] 636.2, 122.5, 5.176
[14:24:59] 636.0, 122.6, 5.168
[14:25:00] 652.2, 121.9, 7.694
[14:25:01] 939.6, 121.8, 7.716
[14:25:02] 939.8, 121.9, 7.730
[14:25:03] 940.3, 121.9, 7.732
[14:25:04] 940.7, 121.9, 7.733
[14:25:05] 941.2, 122.0, 7.733
[14:25:06] 941.7, 122.0, 7.736
[14:25:07] 942.2, 121.8, 7.752
[14:25:08] 942.8, 121.9, 7.750
[14:25:09] 943.3, 121.9, 7.744
[14:25:10] 943.7, 121.8, 7.752
[14:25:11] 944.0, 121.9, 7.758
[14:25:12] 944.4, 121.9, 7.762
[14:25:13] 944.9, 121.9, 7.760
[14:25:14] 945.3, 121.9, 7.761
[14:25:15] 945.6, 121.9, 7.755
[14:25:16] 945.8, 121.9, 7.767
[14:25:17] 946.1, 121.9, 7.759
[14:25:18] 946.4, 121.9, 7.761
[14:25:19] 946.6, 121.9, 7.761
[14:25:20] 830.4, 122.5, 5.205
[14:25:21] 638.8, 122.6, 5.193
[14:25:22] 638.6, 122.5, 5.188
[14:25:23] 638.4, 122.5, 5.205
