<<<[11:04:05] 647.3, 122.6, 5.245
[11:04:06] 646.9, 122.6, 5.242
[11:04:07] 646.5, 122.6, 5.429
[11:04:08] 657.3, 122.7, 5.273
[11:04:09] 645.5, 122.7, 5.277
[11:04:10] 645.5, 122.7, 5.250
[11:04:11] 645.3, 122.6, 5.283
[11:04:12] 645.5, 122.7, 5.272
[11:04:13] 692.0, 122.7, 5.283
[11:04:14] 692.1, 122.7, 5.245
[11:04:15] 643.7, 122.7, 5.242
[11:04:16] 643.7, 122.7, 5.241
[11:04:17] 643.7, 122.7, 5.245
[11:04:18] 688.2, 122.6, 5.289
[11:04:19] 694.5, 122.7, 5.246
[11:04:20] 644.3, 122.8, 5.243
[11:04:21] 644.2, 122.7, 5.243
[11:04:22] 644.2, 122.7, 5.241
[11:04:23] 686.1, 122.7, 5.294
[11:04:24] 696.7, 122.8, 5.241
[11:04:25] 643.9, 122.8, 5.240
[11:04:26] 643.9, 122.7, 5.241
[11:04:27] 643.8, 122.7, 5.243
[11:04:28] 684.5, 122.7, 5.299
[11:04:29] 698.1, 122.8, 5.248
[11:04:30] 643.7, 122.8, 5.242
[11:04:31] 643.7, 122.8, 5.243
[11:04:32] 643.7, 122.7, 5.241
[11:04:33] 682.3, 122.7, 5.298
[11:04:34] 700.0, 122.8, 5.241
[11:04:35] 643.7, 122.8, 5.242
[11:04:36] 643.7, 122.7, 5.239
[11:04:37] 643.7, 122.7, 5.237
[11:04:38] 680.0, 122.7, 5.299
[11:04:39] 700.8, 122.8, 5.245
[11:04:40] 644.3, 122.9, 5.235
[11:04:41] 644.2, 122.9, 5.237
[11:04:42] 644.1, 122.8, 5.235
[11:04:43] 677.0, 122.7, 5.303
[11:04:44] 702.4, 122.7, 5.238
[11:04:45] 643.9, 122.7, 5.240
[11:04:46] 643.8, 122.8, 5.238
[11:04:47] 643.7, 122.8, 5.265
[11:04:48] 675.4, 122.7, 5.312
[11:04:49] 704.0, 122.7, 5.243
[11:04:50] 643.9, 122.7, 5.241
[11:04:51] 643.8, 122.7, 5.236
[11:04:52] 643.7, 122.7, 5.239
[11:04:53] 669.9, 122.8, 5.320
[11:04:54] 706.1, 122.8, 5.237
[11:04:55] 643.4, 122.8, 5.234
[11:04:56] 643.4, 122.8, 5.232
[11:04:57] 643.4, 122.8, 5.233
[11:04:58] 662.3, 122.7, 5.323
[11:04:59] 706.9, 122.7, 5.236
[11:05:00] 643.6, 122.7, 5.237
[11:05:01] 643.5, 122.8, 5.239
[11:05:02] 643.4, 122.7, 5.237
[11:05:03] 643.5, 122.6, 6.397
[11:05:04] 763.6, 122.7, 5.235
[11:05:05] 643.6, 122.7, 5.239
[11:05:06] 643.6, 122.7, 5.238
[11:05:07] 643.5, 122.7, 5.262
[11:05:08] 643.6, 122.2, 7.306
[11:05:09] 791.6, 122.7, 5.237
[11:05:10] 643.6, 122.8, 5.235
[11:05:11] 643.5, 122.8, 5.236
[11:05:12] 643.5, 122.8, 5.232
[11:05:13] 643.5, 122.2, 7.461
[11:05:14] 826.2, 122.7, 5.247
[11:05:15] 663.2, 122.8, 5.240
[11:05:16] 643.9, 122.8, 5.235
[11:05:17] 643.8, 122.8, 5.238
[11:05:18] 643.7, 122.7, 5.241
[11:05:19] 695.3, 122.1, 7.752
[11:05:20] 933.5, 122.7, 5.257
[11:05:21] 666.4, 122.7, 5.242
[11:05:22] 644.1, 122.8, 5.240
[11:05:23] 644.1, 122.8, 5.270
[11:05:24] 644.2, 122.8, 5.263
[11:05:25] 718.5, 122.1, 7.763
[11:05:26] 948.7, 122.0, 7.783
[11:05:27] 902.4, 122.7, 5.259
[11:05:28] 645.7, 122.8, 5.249
[11:05:29] 645.5, 122.7, 5.255
[11:05:30] 645.5, 122.6, 5.246
[11:05:31] 645.3, 122.7, 5.245
[11:05:32] 761.7, 122.0, 7.770
[11:05:33] 949.6, 122.0, 7.795
[11:05:34] 949.9, 122.1, 7.807
[11:05:35] 950.5, 122.4, 6.991
[11:05:36] 791.0, 122.6, 5.268
[11:05:37] 647.1, 122.7, 5.256
[11:05:38] 646.8, 122.6, 5.251
[11:05:39] 646.6, 122.7, 5.251
[11:05:40] 646.4, 122.0, 7.638
[11:05:41] 857.3, 122.0, 7.793
[11:05:42] 952.6, 122.1, 7.799
[11:05:43] 952.7, 122.0, 7.798
[11:05:44] 952.8, 122.1, 7.802
[11:05:45] 952.9, 122.1, 7.802
[11:05:46] 953.1, 122.0, 7.806
[11:05:47] 953.4, 122.1, 7.815
[11:05:48] 914.6, 122.7, 5.271
[11:05:49] 647.5, 122.6, 5.259
[11:05:50] 647.2, 122.6, 5.254
[11:05:51] 646.9, 122.7, 5.254
[11:05:52] 646.7, 122.8, 5.244
[11:05:53] 742.6, 122.0, 7.775
[11:05:54] 950.6, 122.1, 7.791
[11:05:55] 950.8, 122.1, 7.798
[11:05:56] 951.1, 122.0, 7.811
[11:05:57] 951.5, 121.9, 7.813
[11:05:58] 952.0, 122.0, 7.823
[11:05:59] 952.4, 121.9, 7.827
[11:06:00] 953.0, 121.9, 7.830
[11:06:01] 953.4, 122.0, 7.831
[11:06:02] 953.9, 122.0, 7.837
[11:06:03] 954.4, 122.0, 7.831
[11:06:04] 954.7, 122.0, 7.830
[11:06:05] 955.1, 122.1, 7.830
[11:06:06] 955.3, 122.1, 7.827
[11:06:07] 955.6, 122.6, 6.161
[11:06:08] 779.0, 122.6, 5.280
[11:06:09] 648.1, 122.7, 5.267
[11:06:10] 647.9, 122.6, 5.262
[11:06:11] 647.7, 122.6, 5.260
<<<[11:08:15] 644.9, 122.7, 5.238
[11:08:16] 644.8, 122.8, 5.241
[11:08:17] 644.6, 122.8, 5.237
[11:08:18] 644.8, 122.6, 5.237
[11:08:19] 644.7, 122.7, 5.239
[11:08:20] 644.5, 122.7, 5.237
[11:08:21] 644.4, 122.8, 5.234
[11:08:22] 644.3, 122.7, 5.235
