<<<[22:39:59] 639.7, 123.4, 5.175
[22:40:00] 639.5, 123.4, 5.188
[22:40:01] 639.3, 123.5, 5.164
[22:40:02] 639.2, 123.4, 5.318
[22:40:03] 651.6, 123.5, 5.176
[22:40:04] 640.2, 123.3, 5.181
[22:40:05] 639.9, 123.5, 5.172
[22:40:06] 639.7, 123.4, 5.177
[22:40:07] 639.5, 123.5, 5.175
[22:40:08] 733.3, 123.4, 5.168
[22:40:09] 637.8, 123.5, 5.167
[22:40:10] 637.7, 123.5, 5.170
[22:40:11] 637.7, 123.4, 5.169
[22:40:12] 637.7, 123.5, 5.163
[22:40:13] 731.7, 123.4, 5.155
[22:40:14] 636.7, 123.5, 5.174
[22:40:15] 636.9, 123.4, 5.166
[22:40:16] 637.1, 123.4, 5.163
[22:40:17] 637.2, 123.5, 5.163
[22:40:18] 731.9, 123.4, 5.170
[22:40:19] 637.5, 123.5, 5.163
[22:40:20] 637.5, 123.4, 5.171
[22:40:21] 637.5, 123.5, 5.167
[22:40:22] 637.4, 123.4, 5.163
[22:40:23] 730.4, 123.5, 5.165
[22:40:24] 637.5, 123.4, 5.166
[22:40:25] 637.5, 123.5, 5.163
[22:40:26] 637.5, 123.4, 5.159
[22:40:27] 637.4, 123.5, 5.167
[22:40:28] 729.8, 123.4, 5.175
[22:40:29] 637.6, 123.5, 5.156
[22:40:30] 637.4, 123.4, 5.178
[22:40:31] 637.5, 123.5, 5.169
[22:40:32] 637.4, 123.4, 5.159
[22:40:33] 728.6, 123.5, 5.170
[22:40:34] 637.3, 123.4, 5.171
[22:40:35] 637.3, 123.5, 5.161
[22:40:36] 637.3, 123.4, 5.164
[22:40:37] 637.3, 123.4, 5.163
[22:40:38] 726.0, 123.5, 5.172
[22:40:39] 637.1, 123.5, 5.162
[22:40:40] 637.1, 123.5, 5.162
[22:40:41] 637.1, 123.4, 5.168
[22:40:42] 637.1, 123.5, 5.160
[22:40:43] 721.9, 123.4, 5.168
[22:40:44] 636.5, 123.5, 5.162
[22:40:45] 636.6, 123.4, 5.155
[22:40:46] 636.6, 123.5, 5.166
[22:40:47] 636.7, 123.5, 5.157
[22:40:48] 713.2, 123.6, 5.165
[22:40:49] 637.1, 123.5, 5.159
[22:40:50] 637.1, 123.5, 5.163
[22:40:51] 637.0, 123.5, 5.157
[22:40:52] 637.0, 123.6, 5.154
[22:40:53] 696.3, 123.5, 5.199
[22:40:54] 683.7, 123.6, 5.160
[22:40:55] 636.9, 123.5, 5.166
[22:40:56] 636.9, 123.5, 5.167
[22:40:57] 636.9, 123.6, 5.153
[22:40:58] 650.2, 122.9, 7.157
[22:40:59] 791.8, 123.5, 5.167
[22:41:00] 637.3, 123.5, 5.159
[22:41:01] 637.2, 123.4, 5.154
[22:41:02] 637.1, 123.5, 5.163
[22:41:03] 637.1, 123.0, 7.338
[22:41:04] 834.3, 123.4, 5.211
[22:41:05] 687.6, 123.5, 5.163
[22:41:06] 637.3, 123.5, 5.166
[22:41:07] 637.3, 123.4, 5.166
[22:41:08] 637.2, 123.5, 5.168
[22:41:09] 650.6, 122.9, 7.427
[22:41:10] 914.6, 123.0, 7.186
[22:41:11] 797.3, 123.5, 5.185
[22:41:12] 638.2, 123.5, 5.176
[22:41:13] 638.1, 123.4, 5.166
[22:41:14] 638.0, 123.5, 5.167
[22:41:15] 637.8, 123.0, 7.328
[22:41:16] 832.5, 122.9, 7.444
[22:41:17] 916.8, 122.9, 7.463
[22:41:18] 916.8, 123.5, 5.238
[22:41:19] 693.4, 123.6, 5.171
[22:41:20] 638.2, 123.4, 5.174
[22:41:21] 638.1, 123.5, 5.166
[22:41:22] 638.0, 123.5, 5.166
[22:41:23] 646.5, 122.9, 7.440
[22:41:24] 915.8, 122.9, 7.454
[22:41:25] 916.0, 122.9, 7.476
[22:41:26] 916.4, 122.9, 7.479
[22:41:27] 916.9, 122.8, 7.492
[22:41:28] 917.4, 123.0, 7.241
[22:41:29] 806.7, 123.5, 5.196
[22:41:30] 641.0, 123.4, 5.191
[22:41:31] 640.8, 123.4, 5.185
[22:41:32] 640.6, 123.4, 5.189
[22:41:33] 640.3, 122.9, 7.312
[22:41:34] 830.9, 123.0, 7.469
[22:41:35] 919.5, 122.8, 7.484
[22:41:36] 919.6, 122.9, 7.491
[22:41:37] 919.7, 122.9, 7.490
[22:41:38] 920.0, 122.9, 7.478
[22:41:39] 920.2, 122.9, 7.502
[22:41:40] 920.6, 122.9, 7.507
[22:41:41] 921.0, 122.9, 7.514
[22:41:42] 921.3, 122.9, 7.500
[22:41:43] 921.6, 122.9, 7.512
[22:41:44] 914.2, 123.5, 5.209
[22:41:45] 642.0, 123.4, 5.191
[22:41:46] 641.8, 123.5, 5.178
[22:41:47] 641.5, 123.5, 5.184
[22:41:48] 641.2, 123.5, 5.184
