<<<[02:04:14] 642.1, 124.9, 5.112
[02:04:15] 641.6, 124.9, 5.109
[02:04:16] 641.2, 124.8, 5.169
[02:04:17] 651.0, 124.7, 5.328
[02:04:18] 662.3, 124.8, 5.275
[02:04:19] 662.1, 124.8, 5.320
[02:04:20] 662.0, 124.8, 5.270
[02:04:21] 661.9, 124.8, 5.265
[02:04:22] 661.6, 124.8, 5.270
[02:04:23] 661.2, 124.8, 5.262
[02:04:24] 660.9, 124.8, 5.380
[02:04:25] 661.0, 124.9, 5.264
[02:04:26] 660.8, 124.9, 5.260
[02:04:27] 660.3, 124.8, 5.386
[02:04:28] 660.9, 124.9, 5.279
[02:04:29] 660.5, 124.9, 5.262
[02:04:30] 660.3, 124.8, 5.261
[02:04:31] 660.3, 124.8, 5.257
[02:04:32] 660.0, 124.8, 5.278
[02:04:33] 659.8, 124.8, 5.261
[02:04:34] 659.4, 124.7, 5.382
[02:04:35] 668.6, 124.9, 5.265
[02:04:36] 658.9, 124.8, 5.349
[02:04:37] 658.6, 124.8, 5.183
[02:04:38] 646.5, 124.9, 5.108
[02:04:39] 638.0, 124.9, 5.110
[02:04:40] 638.1, 125.0, 5.107
[02:04:41] 638.2, 125.0, 5.104
[02:04:42] 732.5, 125.0, 5.107
[02:04:43] 637.6, 125.0, 5.095
[02:04:44] 637.6, 125.0, 5.094
[02:04:45] 637.5, 125.0, 5.092
[02:04:46] 637.5, 124.9, 5.103
[02:04:47] 723.1, 125.0, 5.099
[02:04:48] 637.5, 125.0, 5.091
[02:04:49] 637.4, 125.0, 5.093
[02:04:50] 637.4, 125.1, 5.096
[02:04:51] 637.3, 125.0, 5.093
[02:04:52] 720.1, 124.9, 5.126
[02:04:53] 680.2, 124.9, 5.095
[02:04:54] 637.3, 125.0, 5.099
[02:04:55] 637.2, 125.0, 5.093
[02:04:56] 637.2, 125.0, 5.089
[02:04:57] 701.8, 124.9, 5.493
[02:04:58] 729.2, 125.0, 5.101
[02:04:59] 637.1, 124.9, 5.098
[02:05:00] 637.1, 124.9, 5.093
[02:05:01] 637.1, 125.0, 5.092
[02:05:02] 637.2, 124.5, 7.187
[02:05:03] 856.1, 124.9, 5.100
[02:05:04] 637.6, 125.0, 5.098
[02:05:05] 637.5, 125.0, 5.093
[02:05:06] 637.5, 124.9, 5.099
[02:05:07] 637.4, 124.4, 7.200
[02:05:08] 827.6, 124.9, 5.563
[02:05:09] 745.7, 124.9, 5.100
[02:05:10] 637.8, 125.0, 5.105
[02:05:11] 637.7, 124.9, 5.101
[02:05:12] 637.7, 124.9, 5.092
[02:05:13] 637.6, 124.4, 7.626
[02:05:14] 893.7, 124.3, 7.668
[02:05:15] 936.1, 124.9, 5.108
[02:05:16] 638.2, 125.0, 5.105
[02:05:17] 638.2, 125.0, 5.096
[02:05:18] 638.1, 125.0, 5.101
[02:05:19] 638.0, 125.0, 5.095
[02:05:20] 710.5, 124.2, 7.667
[02:05:21] 954.4, 124.4, 7.684
[02:05:22] 954.6, 124.2, 7.712
[02:05:23] 954.4, 124.9, 5.155
[02:05:24] 688.8, 125.0, 5.111
[02:05:25] 639.4, 124.9, 5.107
[02:05:26] 639.3, 125.0, 5.107
[02:05:27] 639.0, 125.0, 5.099
[02:05:28] 663.2, 124.3, 7.667
[02:05:29] 955.1, 124.3, 7.688
[02:05:30] 955.3, 124.2, 7.704
[02:05:31] 955.8, 124.3, 7.706
[02:05:32] 956.2, 124.3, 7.713
[02:05:33] 956.7, 124.3, 7.715
[02:05:34] 957.2, 124.4, 7.130
[02:05:35] 805.6, 125.0, 5.119
[02:05:36] 640.4, 124.9, 5.114
[02:05:37] 640.2, 125.0, 5.109
[02:05:38] 640.1, 125.0, 5.109
[02:05:39] 639.8, 124.3, 7.626
[02:05:40] 886.8, 124.3, 7.696
[02:05:41] 957.9, 124.3, 7.704
[02:05:42] 958.0, 124.2, 7.717
[02:05:43] 958.2, 124.3, 7.714
[02:05:44] 958.5, 124.3, 7.727
[02:05:45] 958.9, 124.3, 7.717
[02:05:46] 959.2, 124.2, 7.732
[02:05:47] 959.6, 124.2, 7.739
[02:05:48] 959.9, 124.2, 7.735
[02:05:49] 960.3, 124.3, 7.736
[02:05:50] 960.6, 124.3, 7.739
[02:05:51] 961.0, 124.3, 7.741
[02:05:52] 903.2, 124.9, 5.132
[02:05:53] 641.8, 124.9, 5.119
[02:05:54] 641.6, 124.9, 5.118
[02:05:55] 641.3, 125.0, 5.117
