<<<[02:18:26] 639.5, 125.1, 5.091
[02:18:27] 639.2, 125.1, 5.089
[02:18:28] 639.0, 125.0, 5.247
[02:18:29] 650.0, 125.1, 5.168
[02:18:30] 644.1, 125.1, 5.096
[02:18:31] 637.6, 125.0, 5.096
[02:18:32] 637.6, 125.0, 5.098
[02:18:33] 637.7, 125.1, 5.100
[02:18:34] 637.9, 125.0, 5.526
[02:18:35] 729.0, 125.0, 5.093
[02:18:36] 637.8, 125.0, 5.091
[02:18:37] 637.7, 125.1, 5.092
[02:18:38] 637.6, 125.1, 5.093
[02:18:39] 637.6, 125.1, 5.543
[02:18:40] 725.4, 125.1, 5.092
[02:18:41] 637.8, 125.0, 5.114
[02:18:42] 637.8, 125.0, 5.090
[02:18:43] 637.7, 125.1, 5.113
[02:18:44] 637.9, 125.0, 5.562
[02:18:45] 724.8, 125.2, 5.087
[02:18:46] 637.5, 125.2, 5.088
[02:18:47] 637.4, 125.1, 5.090
[02:18:48] 637.4, 125.2, 5.085
[02:18:49] 637.4, 125.1, 5.579
[02:18:50] 724.5, 125.1, 5.092
[02:18:51] 637.1, 125.1, 5.090
[02:18:52] 637.1, 125.0, 5.088
[02:18:53] 637.1, 125.0, 5.087
[02:18:54] 637.0, 125.0, 5.601
[02:18:55] 723.9, 125.1, 5.090
[02:18:56] 637.5, 125.0, 5.090
[02:18:57] 637.4, 125.2, 5.086
[02:18:58] 637.4, 125.1, 5.084
[02:18:59] 637.3, 125.1, 5.621
[02:19:00] 723.7, 125.2, 5.088
[02:19:01] 637.3, 125.2, 5.086
[02:19:02] 637.2, 125.1, 5.094
[02:19:03] 637.2, 125.1, 5.088
[02:19:04] 637.2, 125.1, 5.638
[02:19:05] 722.9, 125.0, 5.089
[02:19:06] 637.5, 125.1, 5.090
[02:19:07] 637.4, 125.1, 5.090
[02:19:08] 637.3, 125.1, 5.089
[02:19:09] 637.3, 125.0, 5.654
[02:19:10] 720.1, 125.1, 5.088
[02:19:11] 636.9, 125.1, 5.087
[02:19:12] 636.9, 125.1, 5.087
[02:19:13] 636.8, 125.1, 5.083
[02:19:14] 636.8, 125.0, 5.675
[02:19:15] 718.0, 125.0, 5.091
[02:19:16] 637.3, 125.1, 5.083
[02:19:17] 637.2, 125.1, 5.085
[02:19:18] 637.1, 125.1, 5.083
[02:19:19] 637.0, 125.1, 5.690
[02:19:20] 713.0, 125.1, 5.088
[02:19:21] 636.9, 125.2, 5.105
[02:19:22] 637.0, 125.1, 5.083
[02:19:23] 636.9, 125.2, 5.104
[02:19:24] 637.0, 124.7, 7.076
[02:19:25] 751.2, 125.1, 5.084
[02:19:26] 636.3, 125.1, 5.087
[02:19:27] 636.3, 125.1, 5.082
[02:19:28] 636.3, 125.1, 5.083
[02:19:29] 636.4, 124.5, 7.545
[02:19:30] 778.4, 125.2, 5.086
[02:19:31] 636.5, 125.2, 5.084
[02:19:32] 636.5, 125.2, 5.089
[02:19:33] 636.6, 125.1, 5.084
[02:19:34] 636.5, 125.1, 5.081
[02:19:35] 773.1, 125.0, 5.773
[02:19:36] 748.1, 125.1, 5.090
[02:19:37] 637.1, 125.1, 5.088
[02:19:38] 637.1, 125.2, 5.085
[02:19:39] 637.0, 125.1, 5.082
[02:19:40] 636.9, 124.4, 7.720
[02:19:41] 932.5, 125.0, 5.809
[02:19:42] 751.6, 125.1, 5.093
[02:19:43] 637.3, 125.0, 5.089
[02:19:44] 637.3, 125.0, 5.090
[02:19:45] 637.2, 125.1, 5.085
[02:19:46] 637.2, 124.4, 7.713
[02:19:47] 924.8, 124.4, 7.756
[02:19:48] 966.8, 125.0, 5.850
[02:19:49] 757.7, 125.1, 5.104
[02:19:50] 639.0, 125.1, 5.097
[02:19:51] 638.8, 125.2, 5.090
[02:19:52] 638.6, 125.1, 5.089
[02:19:53] 638.4, 124.5, 7.710
[02:19:54] 911.1, 124.5, 7.761
[02:19:55] 967.2, 124.5, 7.769
[02:19:56] 967.3, 124.5, 7.774
[02:19:57] 967.5, 124.7, 7.141
[02:19:58] 816.6, 125.1, 5.108
[02:19:59] 639.2, 125.2, 5.100
[02:20:00] 639.1, 125.2, 5.090
[02:20:01] 638.9, 125.2, 5.088
[02:20:02] 638.7, 124.5, 7.681
[02:20:03] 884.3, 124.5, 7.762
[02:20:04] 967.7, 124.5, 7.778
[02:20:05] 967.9, 124.5, 7.779
[02:20:06] 968.1, 124.5, 7.780
[02:20:07] 968.4, 124.5, 7.792
[02:20:08] 968.8, 124.5, 7.797
[02:20:09] 969.2, 124.5, 7.793
[02:20:10] 969.6, 124.6, 7.316
[02:20:11] 832.9, 125.1, 5.122
[02:20:12] 641.6, 125.2, 5.107
[02:20:13] 641.4, 125.1, 5.102
[02:20:14] 641.1, 125.2, 5.100
[02:20:15] 640.7, 124.6, 7.150
[02:20:16] 830.2, 124.5, 7.765
[02:20:17] 968.5, 124.5, 7.776
[02:20:18] 968.6, 124.4, 7.785
[02:20:19] 968.9, 124.4, 7.796
[02:20:20] 969.2, 124.4, 7.799
[02:20:21] 969.6, 124.5, 7.804
[02:20:22] 970.1, 124.5, 7.816
[02:20:23] 970.7, 124.5, 7.806
[02:20:24] 971.0, 124.5, 7.806
[02:20:25] 971.4, 124.5, 7.811
[02:20:26] 971.7, 124.5, 7.816
[02:20:27] 972.1, 124.5, 7.811
[02:20:28] 972.4, 124.5, 7.818
[02:20:29] 972.7, 124.5, 7.816
[02:20:30] 973.0, 124.5, 7.820
[02:20:31] 973.4, 124.5, 7.822
[02:20:32] 889.4, 125.1, 5.139
[02:20:33] 643.6, 125.2, 5.121
[02:20:34] 643.3, 125.1, 5.114
[02:20:35] 642.9, 125.2, 5.110
