<<<[19:08:46] 650.7, 123.6, 5.164
[19:08:47] 638.6, 123.5, 5.185
[19:08:48] 638.7, 123.4, 5.317
[19:08:49] 651.8, 123.6, 5.339
[19:08:50] 652.3, 123.5, 5.294
[19:08:51] 652.6, 123.5, 5.307
[19:08:52] 652.9, 123.5, 5.309
[19:08:53] 653.3, 123.5, 5.344
[19:08:54] 653.8, 123.5, 5.296
[19:08:55] 653.9, 123.5, 5.315
[19:08:56] 654.1, 123.6, 5.298
[19:08:57] 654.5, 123.5, 5.312
[19:08:58] 654.8, 123.6, 5.293
[19:08:59] 655.2, 123.5, 5.331
[19:09:00] 655.4, 123.6, 5.309
[19:09:01] 655.6, 123.5, 5.437
[19:09:02] 663.8, 123.5, 5.285
[19:09:03] 656.0, 123.6, 5.288
[19:09:04] 656.1, 123.5, 5.287
[19:09:05] 656.1, 123.6, 5.287
[19:09:06] 656.1, 123.5, 5.423
[19:09:07] 664.8, 123.6, 5.338
[19:09:08] 664.2, 123.5, 5.181
[19:09:09] 644.7, 123.6, 5.158
[19:09:10] 637.8, 123.6, 5.157
[19:09:11] 637.8, 123.6, 5.154
[19:09:12] 637.8, 123.6, 5.154
[19:09:13] 637.8, 123.2, 6.818
[19:09:14] 733.1, 123.6, 5.147
[19:09:15] 636.9, 123.7, 5.144
[19:09:16] 636.9, 123.6, 5.148
[19:09:17] 636.9, 123.7, 5.144
[19:09:18] 636.8, 123.3, 6.718
[19:09:19] 727.0, 123.6, 5.148
[19:09:20] 637.5, 123.7, 5.147
[19:09:21] 637.4, 123.6, 5.146
[19:09:22] 637.4, 123.7, 5.152
[19:09:23] 637.4, 123.2, 6.655
[19:09:24] 724.1, 123.7, 5.152
[19:09:25] 637.5, 123.6, 5.146
[19:09:26] 637.4, 123.7, 5.149
[19:09:27] 637.4, 123.6, 5.149
[19:09:28] 637.3, 123.3, 6.089
[19:09:29] 717.8, 123.6, 5.150
[19:09:30] 637.1, 123.7, 5.148
[19:09:31] 637.1, 123.6, 5.148
[19:09:32] 637.1, 123.6, 5.146
[19:09:33] 637.0, 123.6, 5.148
[19:09:34] 753.8, 123.5, 5.158
[19:09:35] 638.0, 123.6, 5.149
[19:09:36] 637.9, 123.6, 5.146
[19:09:37] 637.8, 123.6, 5.147
[19:09:38] 637.6, 123.6, 5.146
[19:09:39] 721.7, 123.6, 5.726
[19:09:40] 743.3, 123.5, 5.158
[19:09:41] 637.8, 123.6, 5.152
[19:09:42] 637.7, 123.7, 5.150
[19:09:43] 637.6, 123.6, 5.146
[19:09:44] 637.5, 123.0, 7.921
[19:09:45] 923.5, 123.6, 5.157
[19:09:46] 640.6, 123.6, 5.153
[19:09:47] 640.2, 123.7, 5.150
[19:09:48] 639.8, 123.6, 5.146
[19:09:49] 639.5, 123.7, 5.146
[19:09:50] 730.0, 122.9, 7.925
[19:09:51] 975.8, 123.6, 5.212
[19:09:52] 693.0, 123.6, 5.158
[19:09:53] 637.8, 123.6, 5.153
[19:09:54] 637.7, 123.5, 5.154
[19:09:55] 637.7, 123.6, 5.150
[19:09:56] 637.6, 122.9, 7.917
[19:09:57] 971.3, 122.9, 7.942
[19:09:58] 977.6, 122.9, 7.963
[19:09:59] 897.3, 123.5, 5.166
[19:10:00] 639.0, 123.6, 5.157
[19:10:01] 638.8, 123.5, 5.156
[19:10:02] 638.7, 123.6, 5.155
[19:10:03] 638.6, 123.5, 5.151
[19:10:04] 778.8, 122.8, 7.931
[19:10:05] 976.4, 123.0, 7.944
[19:10:06] 976.5, 122.9, 7.948
[19:10:07] 976.8, 123.0, 7.956
[19:10:08] 977.2, 122.9, 7.958
[19:10:09] 958.3, 123.7, 5.175
[19:10:10] 648.3, 123.6, 5.165
[19:10:11] 639.2, 123.6, 5.159
[19:10:12] 639.1, 123.6, 5.153
[19:10:13] 638.9, 123.6, 5.150
[19:10:14] 716.2, 122.9, 7.930
[19:10:15] 976.4, 122.8, 7.948
[19:10:16] 976.6, 122.8, 7.963
[19:10:17] 977.0, 122.9, 7.960
[19:10:18] 977.3, 122.8, 7.963
[19:10:19] 977.8, 123.0, 7.963
[19:10:20] 978.1, 122.9, 7.969
[19:10:21] 978.5, 122.9, 7.979
[19:10:22] 978.9, 123.0, 7.969
[19:10:23] 979.3, 122.9, 7.980
[19:10:24] 979.7, 123.7, 5.204
[19:10:25] 687.6, 123.8, 5.167
[19:10:26] 639.8, 123.7, 5.159
[19:10:27] 639.6, 123.8, 5.153
