<<<[20:17:05] 639.9, 122.8, 5.188
[20:17:06] 639.6, 122.8, 5.186
[20:17:07] 639.4, 122.9, 5.183
[20:17:08] 639.5, 122.7, 5.314
[20:17:09] 650.0, 122.8, 5.229
[20:17:10] 641.8, 122.9, 5.193
[20:17:11] 641.5, 122.9, 5.191
[20:17:12] 641.2, 122.8, 5.190
[20:17:13] 640.9, 122.7, 5.191
[20:17:14] 731.9, 122.8, 5.190
[20:17:15] 637.1, 122.9, 5.183
[20:17:16] 637.1, 122.8, 5.179
[20:17:17] 637.0, 122.9, 5.177
[20:17:18] 637.0, 122.9, 5.177
[20:17:19] 725.4, 122.8, 5.186
[20:17:20] 636.7, 122.9, 5.180
[20:17:21] 636.7, 122.9, 5.177
[20:17:22] 636.7, 122.8, 5.180
[20:17:23] 636.6, 122.9, 5.178
[20:17:24] 724.8, 122.8, 5.181
[20:17:25] 636.9, 122.8, 5.176
[20:17:26] 636.8, 122.9, 5.174
[20:17:27] 636.8, 122.8, 5.177
[20:17:28] 636.7, 123.0, 5.176
[20:17:29] 724.1, 122.9, 5.186
[20:17:30] 637.8, 122.9, 5.180
[20:17:31] 637.7, 122.9, 5.176
[20:17:32] 637.5, 122.9, 5.177
[20:17:33] 637.5, 122.9, 5.178
[20:17:34] 722.7, 122.8, 5.185
[20:17:35] 638.2, 122.9, 5.179
[20:17:36] 638.1, 122.8, 5.181
[20:17:37] 637.9, 122.9, 5.179
[20:17:38] 637.8, 122.8, 5.182
[20:17:39] 721.1, 122.9, 5.187
[20:17:40] 639.8, 122.8, 5.183
[20:17:41] 639.4, 122.8, 5.176
[20:17:42] 639.1, 122.9, 5.181
[20:17:43] 638.8, 122.8, 5.177
[20:17:44] 718.4, 122.9, 5.184
[20:17:45] 640.8, 122.8, 5.178
[20:17:46] 640.2, 122.9, 5.180
[20:17:47] 639.8, 122.8, 5.178
[20:17:48] 639.4, 122.9, 5.179
[20:17:49] 714.4, 122.9, 5.179
[20:17:50] 641.8, 123.0, 5.176
[20:17:51] 636.5, 122.8, 5.178
[20:17:52] 636.5, 122.9, 5.176
[20:17:53] 636.5, 122.9, 5.176
[20:17:54] 709.5, 123.0, 5.178
[20:17:55] 643.2, 122.8, 5.178
[20:17:56] 636.9, 123.0, 5.174
[20:17:57] 636.8, 122.8, 5.176
[20:17:58] 636.7, 122.9, 5.174
[20:17:59] 700.2, 122.8, 5.237
[20:18:00] 693.5, 122.9, 5.178
[20:18:01] 636.5, 122.8, 5.177
[20:18:02] 636.5, 122.9, 5.176
[20:18:03] 636.5, 122.8, 5.176
[20:18:04] 682.3, 123.0, 5.240
[20:18:05] 696.1, 122.8, 5.177
[20:18:06] 636.9, 122.8, 5.176
[20:18:07] 636.8, 122.9, 5.175
[20:18:08] 636.8, 122.9, 5.175
[20:18:09] 636.7, 122.4, 7.270
[20:18:10] 809.7, 122.9, 5.178
[20:18:11] 636.9, 122.9, 5.176
[20:18:12] 636.9, 122.9, 5.177
[20:18:13] 636.8, 123.0, 5.174
[20:18:14] 636.8, 122.3, 7.417
[20:18:15] 832.7, 122.9, 5.257
[20:18:16] 701.0, 122.9, 5.181
[20:18:17] 637.1, 122.8, 5.175
[20:18:18] 637.0, 122.9, 5.175
[20:18:19] 636.9, 122.9, 5.175
[20:18:20] 636.9, 122.2, 7.737
[20:18:21] 932.5, 122.4, 7.348
[20:18:22] 825.4, 122.9, 5.184
[20:18:23] 637.6, 122.9, 5.180
[20:18:24] 637.5, 122.9, 5.176
[20:18:25] 637.5, 122.8, 5.177
[20:18:26] 637.4, 122.3, 7.221
[20:18:27] 821.7, 122.2, 7.765
[20:18:28] 950.8, 122.3, 7.778
[20:18:29] 951.0, 122.8, 6.247
[20:18:30] 759.3, 122.9, 5.188
[20:18:31] 638.4, 122.9, 5.179
[20:18:32] 638.2, 123.0, 5.175
[20:18:33] 638.1, 123.0, 5.172
[20:18:34] 637.9, 122.3, 7.737
[20:18:35] 914.2, 122.3, 7.774
[20:18:36] 952.6, 122.3, 7.788
[20:18:37] 952.7, 122.3, 7.787
[20:18:38] 952.9, 122.2, 7.797
[20:18:39] 953.2, 122.4, 7.763
[20:18:40] 889.4, 122.9, 5.207
[20:18:41] 640.6, 122.9, 5.195
[20:18:42] 640.4, 123.0, 5.190
[20:18:43] 640.2, 122.9, 5.189
[20:18:44] 639.9, 122.7, 5.338
[20:18:45] 786.1, 122.3, 7.775
[20:18:46] 951.8, 122.3, 7.785
[20:18:47] 952.0, 122.3, 7.793
[20:18:48] 952.3, 122.3, 7.799
[20:18:49] 952.7, 122.3, 7.803
[20:18:50] 953.1, 122.3, 7.811
[20:18:51] 953.6, 122.2, 7.817
[20:18:52] 954.0, 122.3, 7.817
[20:18:53] 954.4, 122.2, 7.820
[20:18:54] 954.8, 122.3, 7.814
[20:18:55] 955.1, 122.9, 5.577
[20:18:56] 749.8, 122.9, 5.211
[20:18:57] 641.2, 122.9, 5.202
[20:18:58] 641.0, 122.9, 5.196
[20:18:59] 640.7, 123.0, 5.190
