<<<[21:23:39] 637.6, 123.1, 5.179
[21:23:40] 637.6, 123.1, 5.180
[21:23:41] 637.5, 123.2, 5.184
[21:23:42] 637.6, 123.2, 5.320
[21:23:43] 655.0, 123.2, 5.301
[21:23:44] 654.7, 123.2, 5.304
[21:23:45] 654.6, 123.1, 5.184
[21:23:46] 640.0, 123.1, 5.176
[21:23:47] 639.6, 123.1, 5.189
[21:23:48] 639.3, 123.1, 5.188
[21:23:49] 639.1, 123.1, 5.182
[21:23:50] 638.9, 122.8, 7.095
[21:23:51] 730.8, 123.1, 5.181
[21:23:52] 636.9, 123.1, 5.184
[21:23:53] 636.9, 123.1, 5.188
[21:23:54] 636.9, 123.1, 5.170
[21:23:55] 636.8, 122.7, 7.135
[21:23:56] 723.1, 123.1, 5.186
[21:23:57] 637.3, 123.1, 5.188
[21:23:58] 637.2, 123.1, 5.169
[21:23:59] 637.1, 123.1, 5.181
[21:24:00] 637.0, 122.6, 7.156
[21:24:01] 721.5, 123.1, 5.183
[21:24:02] 637.1, 123.1, 5.175
[21:24:03] 637.0, 123.1, 5.178
[21:24:04] 637.0, 123.2, 5.182
[21:24:05] 636.9, 122.7, 7.159
[21:24:06] 718.9, 123.1, 5.177
[21:24:07] 637.1, 123.1, 5.183
[21:24:08] 637.0, 123.1, 5.187
[21:24:09] 636.9, 123.1, 5.182
[21:24:10] 636.9, 122.6, 7.167
[21:24:11] 714.2, 123.1, 5.190
[21:24:12] 636.7, 123.0, 5.189
[21:24:13] 636.7, 123.1, 5.183
[21:24:14] 636.7, 123.1, 5.175
[21:24:15] 636.7, 122.6, 7.446
[21:24:16] 753.6, 123.1, 5.185
[21:24:17] 636.9, 123.1, 5.183
[21:24:18] 636.8, 123.1, 5.171
[21:24:19] 636.8, 123.1, 5.181
[21:24:20] 636.8, 122.6, 6.378
[21:24:21] 784.3, 123.1, 5.189
[21:24:22] 636.5, 123.0, 5.179
[21:24:23] 636.5, 123.0, 5.194
[21:24:24] 636.5, 123.1, 5.190
[21:24:25] 636.5, 123.1, 5.182
[21:24:26] 719.3, 122.7, 7.244
[21:24:27] 810.9, 123.2, 5.192
[21:24:28] 637.1, 123.2, 5.187
[21:24:29] 637.1, 123.2, 5.186
[21:24:30] 637.0, 123.2, 5.171
[21:24:31] 636.9, 122.4, 7.880
[21:24:32] 877.0, 122.6, 7.359
[21:24:33] 821.5, 123.1, 5.185
[21:24:34] 636.9, 123.1, 5.170
[21:24:35] 636.8, 123.1, 5.189
[21:24:36] 636.8, 123.1, 5.183
[21:24:37] 636.8, 122.5, 7.576
[21:24:38] 848.9, 122.4, 8.054
[21:24:39] 986.8, 122.4, 8.056
[21:24:40] 891.6, 123.1, 5.203
[21:24:41] 638.6, 123.1, 5.200
[21:24:42] 638.5, 123.1, 5.183
[21:24:43] 638.3, 123.2, 5.189
[21:24:44] 638.2, 123.2, 5.200
[21:24:45] 796.9, 122.4, 8.048
[21:24:46] 986.6, 122.5, 8.072
[21:24:47] 986.9, 122.4, 8.075
[21:24:48] 987.4, 122.3, 8.093
[21:24:49] 974.8, 123.1, 5.262
[21:24:50] 693.2, 123.1, 5.198
[21:24:51] 639.2, 123.0, 5.200
[21:24:52] 639.0, 123.0, 5.201
[21:24:53] 638.9, 123.2, 5.200
[21:24:54] 692.0, 122.4, 8.052
[21:24:55] 986.8, 122.5, 8.073
[21:24:56] 987.1, 122.4, 8.094
[21:24:57] 987.6, 122.4, 8.096
[21:24:58] 988.2, 122.4, 8.098
[21:24:59] 988.8, 122.5, 8.114
[21:25:00] 989.4, 122.3, 8.117
[21:25:01] 990.0, 122.4, 8.110
[21:25:02] 990.6, 122.5, 7.555
[21:25:03] 892.8, 123.1, 5.223
[21:25:04] 641.0, 123.1, 5.212
[21:25:05] 640.8, 123.1, 5.209
[21:25:06] 640.7, 123.1, 5.190
[21:25:07] 640.5, 122.6, 7.224
[21:25:08] 835.9, 122.3, 8.080
[21:25:09] 990.4, 122.4, 8.092
[21:25:10] 990.6, 122.5, 8.107
[21:25:11] 990.8, 122.5, 8.109
[21:25:12] 991.2, 122.4, 8.112
[21:25:13] 991.6, 122.5, 8.109
[21:25:14] 992.0, 122.5, 8.118
[21:25:15] 992.3, 122.5, 8.117
[21:25:16] 992.6, 122.5, 8.115
[21:25:17] 992.9, 122.5, 8.131
[21:25:18] 993.3, 122.4, 8.127
[21:25:19] 993.7, 122.3, 8.134
[21:25:20] 994.0, 122.4, 8.140
[21:25:21] 994.3, 122.5, 8.132
[21:25:22] 994.6, 122.4, 8.133
[21:25:23] 994.9, 122.5, 8.138
[21:25:24] 995.2, 122.4, 8.139
[21:25:25] 854.4, 123.2, 5.227
[21:25:26] 641.8, 123.1, 5.211
[21:25:27] 641.6, 123.1, 5.211
[21:25:28] 641.3, 123.1, 5.209
