<<<[09:20:25] 648.4, 123.3, 5.247
[09:20:26] 648.1, 123.3, 5.240
[09:20:27] 647.9, 123.3, 5.242
[09:20:28] 647.8, 123.3, 5.478
[09:20:29] 670.1, 123.3, 5.393
[09:20:30] 670.0, 123.2, 5.442
[09:20:31] 670.0, 123.3, 5.538
[09:20:32] 676.0, 123.3, 5.405
[09:20:33] 675.4, 123.3, 5.414
[09:20:34] 670.1, 123.2, 5.482
[09:20:35] 670.5, 123.3, 5.445
[09:20:36] 670.8, 123.3, 5.386
[09:20:37] 670.3, 123.3, 5.462
[09:20:38] 670.5, 123.3, 5.455
[09:20:39] 670.7, 123.3, 5.383
[09:20:40] 670.6, 123.2, 5.427
[09:20:41] 670.6, 123.2, 5.478
[09:20:42] 670.9, 123.2, 5.444
[09:20:43] 670.7, 123.3, 5.396
[09:20:44] 670.6, 123.3, 5.442
[09:20:45] 670.5, 123.3, 5.532
[09:20:46] 671.1, 123.3, 5.455
[09:20:47] 670.9, 123.3, 5.387
[09:20:48] 670.6, 123.2, 5.394
[09:20:49] 670.0, 123.2, 5.389
[09:20:50] 669.4, 123.3, 5.426
[09:20:51] 669.3, 123.3, 5.386
[09:20:52] 668.9, 123.3, 5.389
[09:20:53] 668.6, 123.2, 5.495
[09:20:54] 668.8, 123.3, 5.387
[09:20:55] 668.5, 123.3, 5.391
[09:20:56] 668.2, 123.3, 5.377
[09:20:57] 668.1, 123.3, 5.403
[09:20:58] 667.8, 123.3, 5.425
[09:20:59] 668.3, 123.3, 5.502
[09:21:00] 676.2, 123.3, 5.425
[09:21:01] 663.4, 123.4, 5.374
[09:21:02] 663.7, 123.3, 5.377
[09:21:03] 664.2, 123.3, 5.412
[09:21:04] 664.2, 123.3, 5.390
[09:21:05] 664.4, 123.4, 5.372
[09:21:06] 664.9, 123.4, 5.390
[09:21:07] 665.3, 123.4, 5.376
[09:21:08] 665.4, 123.3, 5.400
[09:21:09] 665.1, 123.3, 5.404
[09:21:10] 665.4, 123.4, 5.375
[09:21:11] 665.5, 123.4, 5.408
[09:21:12] 665.2, 123.3, 5.530
[09:21:13] 678.4, 123.3, 5.491
[09:21:14] 672.9, 123.5, 5.263
[09:21:15] 650.2, 123.4, 5.275
[09:21:16] 649.9, 123.4, 5.240
[09:21:17] 649.5, 123.3, 5.228
[09:21:18] 648.9, 123.4, 5.238
[09:21:19] 679.4, 123.4, 5.330
[09:21:20] 709.7, 123.4, 5.238
[09:21:21] 645.3, 123.4, 5.237
[09:21:22] 645.3, 123.4, 5.234
[09:21:23] 645.2, 123.3, 5.232
[09:21:24] 673.9, 123.3, 5.322
[09:21:25] 709.5, 123.4, 5.236
[09:21:26] 645.5, 123.4, 5.224
[09:21:27] 645.4, 123.5, 5.234
[09:21:28] 645.4, 123.5, 5.231
[09:21:29] 669.3, 123.5, 5.326
[09:21:30] 710.5, 123.4, 5.232
[09:21:31] 645.1, 123.4, 5.228
[09:21:32] 645.2, 123.4, 5.232
[09:21:33] 645.2, 123.4, 5.224
[09:21:34] 651.8, 123.3, 6.366
[09:21:35] 768.3, 123.5, 5.238
[09:21:36] 645.7, 123.4, 5.238
[09:21:37] 645.7, 123.4, 5.235
[09:21:38] 645.7, 123.4, 5.235
[09:21:39] 645.5, 122.9, 7.271
[09:21:40] 810.9, 123.5, 5.228
[09:21:41] 645.9, 123.5, 5.238
[09:21:42] 645.8, 123.5, 5.229
[09:21:43] 645.7, 123.5, 5.232
[09:21:44] 645.7, 122.8, 7.989
[09:21:45] 863.4, 123.4, 5.250
[09:21:46] 664.4, 123.4, 5.237
[09:21:47] 645.7, 123.4, 5.240
[09:21:48] 645.7, 123.3, 5.230
[09:21:49] 645.6, 123.4, 5.233
[09:21:50] 755.4, 122.8, 7.822
[09:21:51] 911.8, 123.3, 5.237
[09:21:52] 646.7, 123.3, 5.244
[09:21:53] 646.6, 123.4, 5.223
[09:21:54] 646.4, 123.4, 5.237
[09:21:55] 646.4, 122.9, 6.382
[09:21:56] 825.6, 122.6, 8.108
[09:21:57] 996.7, 123.1, 6.562
[09:21:58] 774.3, 123.3, 5.249
[09:21:59] 647.1, 123.3, 5.242
[09:22:00] 647.0, 123.3, 5.246
[09:22:01] 646.9, 123.3, 5.245
[09:22:02] 646.8, 122.6, 8.102
[09:22:03] 965.0, 122.6, 8.119
[09:22:04] 997.9, 122.7, 8.122
[09:22:05] 998.1, 122.8, 7.326
[09:22:06] 846.1, 123.4, 5.253
[09:22:07] 648.3, 123.4, 5.243
[09:22:08] 648.2, 123.3, 5.248
[09:22:09] 648.0, 123.3, 5.247
[09:22:10] 647.8, 122.6, 7.994
[09:22:11] 896.1, 122.6, 8.130
[09:22:12] 997.9, 122.6, 8.138
[09:22:13] 998.1, 122.5, 8.143
[09:22:14] 998.4, 122.5, 8.160
[09:22:15] 998.8, 122.5, 8.163
[09:22:16] 999.1, 122.5, 8.159
[09:22:17] 940.4, 123.3, 5.271
[09:22:18] 649.1, 123.3, 5.251
[09:22:19] 648.9, 123.4, 5.252
[09:22:20] 648.8, 123.3, 5.247
[09:22:21] 648.5, 123.4, 5.232
[09:22:22] 757.5, 122.7, 8.120
[09:22:23] 997.9, 122.6, 8.137
[09:22:24] 998.1, 122.7, 8.128
[09:22:25] 998.3, 122.7, 8.151
[09:22:26] 998.8, 122.7, 8.154
[09:22:27] 999.3, 122.7, 8.163
[09:22:28] 999.7, 122.7, 8.168
[09:22:29] 1000.2, 122.6, 8.158
[09:22:30] 1000.6, 122.6, 8.175
[09:22:31] 1001.1, 122.6, 8.178
[09:22:32] 1001.5, 122.6, 8.171
[09:22:33] 1001.9, 122.6, 8.181
[09:22:34] 1002.2, 123.1, 7.100
[09:22:35] 818.5, 123.4, 5.268
[09:22:36] 649.7, 123.4, 5.262
[09:22:37] 649.5, 123.4, 5.240
[09:22:38] 649.3, 123.4, 5.253
