<<<[04:41:44] 646.0, 125.0, 5.153
[04:41:45] 645.9, 125.1, 5.149
[04:41:46] 645.8, 125.2, 5.148
[04:41:47] 654.4, 125.1, 5.304
[04:41:48] 664.4, 125.0, 5.298
[04:41:49] 664.5, 125.1, 5.205
[04:41:50] 651.8, 125.2, 5.149
[04:41:51] 644.9, 125.2, 5.148
[04:41:52] 644.9, 125.1, 5.149
[04:41:53] 644.9, 125.1, 5.147
[04:41:54] 644.9, 124.6, 7.122
[04:41:55] 742.4, 125.2, 5.147
[04:41:56] 646.3, 125.2, 5.141
[04:41:57] 646.2, 125.2, 5.141
[04:41:58] 646.1, 125.1, 5.143
[04:41:59] 645.9, 124.6, 7.119
[04:42:00] 738.0, 125.2, 5.143
[04:42:01] 644.5, 125.2, 5.144
[04:42:02] 644.5, 125.1, 5.142
[04:42:03] 644.4, 125.1, 5.139
[04:42:04] 644.4, 124.7, 7.115
[04:42:05] 736.9, 125.2, 5.142
[04:42:06] 644.3, 125.1, 5.140
[04:42:07] 644.2, 125.1, 5.139
[04:42:08] 644.2, 125.2, 5.138
[04:42:09] 644.2, 124.7, 7.108
[04:42:10] 735.7, 125.2, 5.140
[04:42:11] 644.1, 125.2, 5.139
[04:42:12] 644.2, 125.1, 5.141
[04:42:13] 644.3, 125.1, 5.138
[04:42:14] 644.4, 124.7, 7.107
[04:42:15] 733.3, 125.1, 5.142
[04:42:16] 644.1, 125.0, 5.142
[04:42:17] 644.1, 125.1, 5.140
[04:42:18] 644.0, 125.1, 5.138
[04:42:19] 644.0, 124.7, 7.106
[04:42:20] 729.0, 125.1, 5.141
[04:42:21] 644.1, 125.1, 5.137
[04:42:22] 644.0, 125.2, 5.137
[04:42:23] 643.9, 125.2, 5.135
[04:42:24] 643.9, 124.7, 7.121
[04:42:25] 769.3, 125.1, 5.136
[04:42:26] 644.3, 125.2, 5.135
[04:42:27] 644.2, 125.1, 5.136
[04:42:28] 644.2, 125.1, 5.139
[04:42:29] 644.3, 124.6, 7.380
[04:42:30] 802.4, 125.2, 5.139
[04:42:31] 643.7, 125.2, 5.141
[04:42:32] 643.7, 125.2, 5.138
[04:42:33] 643.7, 125.1, 5.139
[04:42:34] 643.7, 125.2, 5.135
[04:42:35] 777.6, 125.2, 5.164
[04:42:36] 683.3, 125.2, 5.138
[04:42:37] 643.9, 125.2, 5.137
[04:42:38] 643.8, 125.2, 5.134
[04:42:39] 643.7, 125.2, 5.135
[04:42:40] 657.7, 124.5, 7.711
[04:42:41] 933.5, 125.2, 5.148
[04:42:42] 644.5, 125.1, 5.142
[04:42:43] 644.4, 125.1, 5.138
[04:42:44] 644.3, 125.1, 5.139
[04:42:45] 644.3, 125.1, 5.139
[04:42:46] 730.9, 124.5, 7.726
[04:42:47] 963.2, 124.7, 7.184
[04:42:48] 804.6, 125.1, 5.151
[04:42:49] 645.1, 125.1, 5.148
[04:42:50] 645.0, 125.1, 5.144
[04:42:51] 644.9, 125.1, 5.143
[04:42:52] 644.8, 124.4, 7.637
[04:42:53] 879.2, 124.4, 7.738
[04:42:54] 964.8, 124.4, 7.750
[04:42:55] 965.0, 124.5, 7.242
[04:42:56] 812.6, 125.0, 5.164
[04:42:57] 646.5, 125.0, 5.157
[04:42:58] 646.4, 125.1, 5.152
[04:42:59] 646.2, 125.1, 5.148
[04:43:00] 646.1, 124.5, 7.522
[04:43:01] 856.9, 124.5, 7.740
[04:43:02] 965.2, 124.5, 7.759
[04:43:03] 965.4, 124.5, 7.768
[04:43:04] 965.8, 124.4, 7.775
[04:43:05] 966.2, 124.3, 7.780
[04:43:06] 966.6, 124.5, 7.537
[04:43:07] 875.4, 125.1, 5.178
[04:43:08] 648.3, 125.1, 5.164
[04:43:09] 648.1, 125.0, 5.159
[04:43:10] 647.8, 125.0, 5.158
[04:43:11] 647.5, 124.7, 6.436
[04:43:12] 813.6, 124.4, 7.751
[04:43:13] 966.4, 124.3, 7.767
[04:43:14] 966.6, 124.5, 7.771
[04:43:15] 966.9, 124.5, 7.781
[04:43:16] 967.3, 124.4, 7.784
[04:43:17] 967.7, 124.5, 7.793
[04:43:18] 968.2, 124.4, 7.801
[04:43:19] 968.7, 124.4, 7.798
[04:43:20] 969.1, 124.4, 7.806
[04:43:21] 969.6, 124.4, 7.800
[04:43:22] 970.0, 124.4, 7.802
[04:43:23] 970.3, 124.5, 7.801
[04:43:24] 891.8, 125.1, 5.186
[04:43:25] 649.7, 125.1, 5.173
[04:43:26] 649.5, 125.2, 5.163
[04:43:27] 649.2, 125.1, 5.162
[04:43:28] 648.9, 125.1, 5.155
