<<<[10:28:51] 646.5, 123.0, 5.253
[10:28:52] 646.5, 122.9, 5.250
[10:28:53] 646.6, 122.9, 5.243
[10:28:54] 654.6, 122.8, 5.496
[10:28:55] 675.2, 122.9, 5.413
[10:28:56] 669.1, 122.9, 5.431
[10:28:57] 669.1, 122.9, 5.455
[10:28:58] 669.1, 122.9, 5.397
[10:28:59] 669.0, 122.8, 5.422
[10:29:00] 668.7, 122.9, 5.395
[10:29:01] 668.4, 122.8, 5.469
[10:29:02] 668.2, 122.9, 5.400
[10:29:03] 668.2, 122.9, 5.397
[10:29:04] 668.0, 122.9, 5.397
[10:29:05] 667.7, 122.9, 5.406
[10:29:06] 667.3, 122.9, 5.499
[10:29:07] 667.1, 123.0, 5.288
[10:29:08] 650.4, 122.9, 5.253
[10:29:09] 649.8, 122.9, 5.247
[10:29:10] 649.5, 122.9, 5.254
[10:29:11] 649.2, 122.8, 5.253
[10:29:12] 743.0, 123.0, 5.250
[10:29:13] 645.5, 122.9, 5.242
[10:29:14] 645.5, 122.9, 5.248
[10:29:15] 645.5, 123.0, 5.246
[10:29:16] 645.6, 122.9, 5.241
[10:29:17] 739.4, 123.0, 5.247
[10:29:18] 645.5, 122.9, 5.244
[10:29:19] 645.4, 123.0, 5.244
[10:29:20] 645.4, 123.0, 5.242
[10:29:21] 645.4, 122.8, 5.244
[10:29:22] 736.1, 123.0, 5.240
[10:29:23] 646.3, 123.0, 5.235
[10:29:24] 646.2, 123.0, 5.244
[10:29:25] 646.1, 123.0, 5.240
[10:29:26] 646.0, 123.0, 5.253
[10:29:27] 731.5, 123.1, 5.249
[10:29:28] 647.7, 123.0, 5.243
[10:29:29] 647.4, 123.0, 5.246
[10:29:30] 647.1, 122.9, 5.244
[10:29:31] 646.9, 122.9, 5.244
[10:29:32] 720.9, 123.0, 5.281
[10:29:33] 697.1, 122.9, 5.241
[10:29:34] 645.7, 123.0, 5.244
[10:29:35] 645.6, 122.8, 5.251
[10:29:36] 645.6, 122.9, 5.246
[10:29:37] 699.5, 122.8, 5.901
[10:29:38] 749.6, 122.9, 5.248
[10:29:39] 645.9, 122.8, 5.254
[10:29:40] 645.8, 122.9, 5.248
[10:29:41] 645.7, 122.9, 5.249
[10:29:42] 645.7, 122.3, 7.473
[10:29:43] 866.6, 122.8, 5.250
[10:29:44] 646.9, 123.0, 5.238
[10:29:45] 646.9, 122.9, 5.236
[10:29:46] 646.8, 122.9, 5.237
[10:29:47] 646.7, 122.5, 7.006
[10:29:48] 822.5, 122.3, 7.306
[10:29:49] 817.0, 122.9, 5.251
[10:29:50] 645.9, 122.9, 5.250
[10:29:51] 645.8, 122.9, 5.248
[10:29:52] 645.8, 122.9, 5.245
[10:29:53] 645.8, 122.4, 7.773
[10:29:54] 883.1, 122.4, 7.845
[10:29:55] 952.2, 122.8, 5.313
[10:29:56] 703.2, 122.9, 5.251
[10:29:57] 646.9, 122.9, 5.250
[10:29:58] 646.7, 122.9, 5.244
[10:29:59] 646.6, 122.9, 5.247
[10:30:00] 693.7, 122.3, 7.856
[10:30:01] 961.4, 122.2, 7.870
[10:30:02] 961.6, 122.3, 7.872
[10:30:03] 962.0, 122.8, 6.079
[10:30:04] 760.1, 123.1, 5.259
[10:30:05] 647.7, 123.1, 5.240
[10:30:06] 647.6, 122.9, 5.247
[10:30:07] 647.3, 123.0, 5.244
[10:30:08] 647.1, 122.4, 7.841
[10:30:09] 941.2, 122.3, 7.866
[10:30:10] 963.2, 122.3, 7.874
[10:30:11] 963.4, 122.4, 7.871
[10:30:12] 963.6, 122.3, 7.879
[10:30:13] 964.0, 122.3, 7.876
[10:30:14] 964.3, 122.5, 7.647
[10:30:15] 890.8, 123.0, 5.268
[10:30:16] 648.9, 122.9, 5.261
[10:30:17] 648.7, 123.0, 5.259
[10:30:18] 648.5, 123.0, 5.254
[10:30:19] 648.3, 122.5, 6.473
[10:30:20] 811.5, 122.3, 7.864
[10:30:21] 963.2, 122.3, 7.877
[10:30:22] 963.4, 122.2, 7.876
[10:30:23] 963.5, 122.3, 7.876
[10:30:24] 963.8, 122.3, 7.889
[10:30:25] 964.1, 122.3, 7.893
[10:30:26] 964.4, 122.3, 7.890
[10:30:27] 964.7, 122.2, 7.906
[10:30:28] 965.1, 122.3, 7.905
[10:30:29] 965.4, 122.2, 7.910
[10:30:30] 965.7, 122.2, 7.913
[10:30:31] 966.0, 122.2, 7.920
[10:30:32] 966.3, 122.8, 6.408
[10:30:33] 789.4, 122.9, 5.281
[10:30:34] 649.7, 122.9, 5.270
[10:30:35] 649.5, 123.0, 5.254
[10:30:36] 649.3, 122.9, 5.254
