<<<[03:45:03] 643.9, 125.1, 5.150
[03:45:04] 643.7, 125.0, 5.150
[03:45:05] 643.7, 125.0, 5.227
[03:45:06] 650.2, 125.1, 5.154
[03:45:07] 643.6, 125.1, 5.145
[03:45:08] 643.5, 125.1, 5.141
[03:45:09] 643.4, 125.1, 5.141
[03:45:10] 643.4, 124.6, 7.084
[03:45:11] 738.4, 125.1, 5.140
[03:45:12] 643.2, 125.1, 5.143
[03:45:13] 643.1, 125.2, 5.151
[03:45:14] 643.1, 125.1, 5.148
[03:45:15] 643.1, 124.7, 7.068
[03:45:16] 733.7, 125.2, 5.135
[03:45:17] 642.6, 125.2, 5.133
[03:45:18] 642.6, 125.3, 5.137
[03:45:19] 642.6, 125.2, 5.134
[03:45:20] 642.6, 124.7, 7.066
[03:45:21] 733.9, 125.2, 5.136
[03:45:22] 642.8, 125.2, 5.151
[03:45:23] 642.8, 125.1, 5.143
[03:45:24] 642.9, 125.2, 5.134
[03:45:25] 642.8, 124.7, 7.065
[03:45:26] 733.9, 125.1, 5.150
[03:45:27] 643.6, 125.2, 5.135
[03:45:28] 643.4, 125.2, 5.134
[03:45:29] 643.4, 125.3, 5.133
[03:45:30] 643.3, 124.7, 7.053
[03:45:31] 733.5, 125.2, 5.135
[03:45:32] 642.8, 125.2, 5.132
[03:45:33] 642.7, 125.3, 5.154
[03:45:34] 643.0, 125.3, 5.135
[03:45:35] 643.0, 124.8, 7.047
[03:45:36] 732.9, 125.2, 5.135
[03:45:37] 643.0, 125.2, 5.137
[03:45:38] 642.9, 125.3, 5.144
[03:45:39] 642.9, 125.3, 5.133
[03:45:40] 642.9, 124.7, 7.042
[03:45:41] 732.5, 125.2, 5.136
[03:45:42] 642.8, 125.2, 5.148
[03:45:43] 642.8, 125.2, 5.132
[03:45:44] 642.8, 125.1, 5.131
[03:45:45] 642.7, 124.8, 7.020
[03:45:46] 731.5, 125.2, 5.142
[03:45:47] 643.2, 125.2, 5.128
[03:45:48] 643.0, 125.3, 5.128
[03:45:49] 642.9, 125.2, 5.158
[03:45:50] 643.2, 124.8, 7.016
[03:45:51] 730.8, 125.3, 5.130
[03:45:52] 642.6, 125.2, 5.129
[03:45:53] 642.5, 125.2, 5.131
[03:45:54] 642.5, 125.3, 5.140
[03:45:55] 642.6, 124.8, 6.997
[03:45:56] 728.4, 125.2, 5.129
[03:45:57] 642.4, 125.3, 5.128
[03:45:58] 642.3, 125.2, 5.140
[03:45:59] 642.4, 125.2, 5.126
[03:46:00] 642.3, 124.8, 6.964
[03:46:01] 724.3, 125.2, 5.132
[03:46:02] 642.4, 125.2, 5.138
[03:46:03] 642.4, 125.2, 5.127
[03:46:04] 642.4, 125.2, 5.127
[03:46:05] 642.3, 124.8, 6.878
[03:46:06] 716.6, 125.2, 5.136
[03:46:07] 643.0, 125.2, 5.132
[03:46:08] 642.9, 125.2, 5.128
[03:46:09] 642.8, 125.2, 5.148
[03:46:10] 642.9, 124.9, 6.621
[03:46:11] 753.6, 125.2, 5.130
[03:46:12] 642.4, 125.2, 5.128
[03:46:13] 642.3, 125.3, 5.131
[03:46:14] 642.3, 125.2, 5.137
[03:46:15] 642.4, 125.3, 5.130
[03:46:16] 756.1, 125.3, 5.136
[03:46:17] 661.5, 125.3, 5.128
[03:46:18] 642.4, 125.3, 5.136
[03:46:19] 642.4, 125.3, 5.133
[03:46:20] 642.4, 125.3, 5.128
[03:46:21] 702.2, 125.0, 6.479
[03:46:22] 763.6, 125.2, 5.134
[03:46:23] 643.2, 125.3, 5.129
[03:46:24] 643.1, 125.2, 5.129
[03:46:25] 643.0, 125.3, 5.129
[03:46:26] 642.9, 124.8, 7.174
[03:46:27] 846.3, 125.2, 5.264
[03:46:28] 715.2, 125.3, 5.135
[03:46:29] 643.0, 125.2, 5.129
[03:46:30] 642.9, 125.3, 5.138
[03:46:31] 642.9, 125.2, 5.131
[03:46:32] 642.8, 124.8, 7.210
[03:46:33] 885.3, 124.7, 7.234
[03:46:34] 899.0, 125.2, 5.160
[03:46:35] 668.0, 125.3, 5.138
[03:46:36] 643.6, 125.2, 5.134
[03:46:37] 643.5, 125.3, 5.131
[03:46:38] 643.4, 125.2, 5.129
[03:46:39] 712.1, 124.7, 7.222
[03:46:40] 901.8, 124.7, 7.240
[03:46:41] 902.0, 124.7, 7.253
[03:46:42] 902.3, 125.2, 5.317
[03:46:43] 721.9, 125.3, 5.144
[03:46:44] 644.1, 125.3, 5.139
[03:46:45] 644.0, 125.2, 5.138
[03:46:46] 643.9, 125.2, 5.145
[03:46:47] 643.9, 124.8, 7.207
[03:46:48] 878.8, 124.7, 7.234
[03:46:49] 903.2, 124.6, 7.265
[03:46:50] 903.5, 124.8, 7.256
[03:46:51] 903.7, 124.7, 7.259
[03:46:52] 904.0, 124.7, 7.258
[03:46:53] 904.3, 124.7, 7.264
[03:46:54] 904.3, 125.2, 5.176
[03:46:55] 674.5, 125.2, 5.151
[03:46:56] 644.9, 125.3, 5.142
[03:46:57] 644.7, 125.2, 5.167
[03:46:58] 644.9, 125.2, 5.164
[03:46:59] 691.2, 124.7, 7.233
[03:47:00] 903.0, 124.7, 7.246
[03:47:01] 903.2, 124.8, 7.258
[03:47:02] 903.5, 124.8, 7.258
[03:47:03] 903.8, 124.6, 7.263
[03:47:04] 904.1, 124.7, 7.263
[03:47:05] 904.6, 124.8, 7.273
[03:47:06] 905.0, 124.8, 7.266
[03:47:07] 905.3, 124.7, 7.275
[03:47:08] 905.7, 124.7, 7.285
[03:47:09] 906.1, 124.7, 7.284
[03:47:10] 906.4, 124.7, 7.284
[03:47:11] 906.8, 124.6, 7.284
[03:47:12] 907.1, 125.1, 5.276
[03:47:13] 716.8, 125.2, 5.167
[03:47:14] 647.9, 125.2, 5.182
[03:47:15] 647.8, 125.2, 5.147
[03:47:16] 647.4, 125.3, 5.146
