<<<[07:49:50] 646.5, 124.1, 5.186
[07:49:51] 646.2, 124.2, 5.189
[07:49:52] 645.8, 124.2, 5.184
[07:49:53] 645.9, 124.1, 5.271
[07:49:54] 655.0, 124.2, 5.189
[07:49:55] 644.1, 124.1, 5.189
[07:49:56] 644.0, 124.1, 5.189
[07:49:57] 644.0, 124.2, 5.190
[07:49:58] 644.0, 123.7, 6.231
[07:49:59] 739.6, 124.1, 5.188
[07:50:00] 643.9, 124.1, 5.186
[07:50:01] 643.9, 124.0, 5.188
[07:50:02] 644.0, 124.0, 5.187
[07:50:03] 644.0, 123.8, 6.111
[07:50:04] 739.2, 124.1, 5.185
[07:50:05] 643.2, 124.0, 5.188
[07:50:06] 643.2, 124.1, 5.181
[07:50:07] 643.2, 124.0, 5.184
[07:50:08] 643.2, 123.8, 6.016
[07:50:09] 738.0, 124.0, 5.186
[07:50:10] 643.4, 124.1, 5.186
[07:50:11] 643.3, 124.0, 5.186
[07:50:12] 643.3, 124.1, 5.182
[07:50:13] 643.3, 123.7, 5.921
[07:50:14] 737.6, 124.1, 5.189
[07:50:15] 643.7, 123.9, 5.188
[07:50:16] 643.6, 124.2, 5.183
[07:50:17] 643.6, 124.0, 5.189
[07:50:18] 643.6, 123.8, 5.821
[07:50:19] 737.2, 124.2, 5.183
[07:50:20] 643.6, 124.1, 5.185
[07:50:21] 643.5, 124.1, 5.181
[07:50:22] 643.5, 124.2, 5.177
[07:50:23] 643.4, 123.9, 5.716
[07:50:24] 737.6, 124.2, 5.183
[07:50:25] 643.2, 124.2, 5.179
[07:50:26] 643.2, 124.1, 5.182
[07:50:27] 643.2, 124.1, 5.184
[07:50:28] 643.2, 123.8, 5.575
[07:50:29] 736.3, 124.1, 5.182
[07:50:30] 643.4, 124.1, 5.188
[07:50:31] 643.4, 124.1, 5.180
[07:50:32] 643.3, 123.9, 5.183
[07:50:33] 643.3, 123.9, 5.386
[07:50:34] 734.5, 124.0, 5.180
[07:50:35] 643.0, 124.0, 5.187
[07:50:36] 643.0, 124.1, 5.179
[07:50:37] 642.9, 124.0, 5.180
[07:50:38] 642.9, 124.0, 5.192
[07:50:39] 732.5, 124.1, 5.186
[07:50:40] 643.2, 124.0, 5.184
[07:50:41] 643.1, 124.1, 5.179
[07:50:42] 643.0, 124.2, 5.179
[07:50:43] 643.0, 124.1, 5.177
[07:50:44] 728.2, 124.1, 5.187
[07:50:45] 643.4, 124.1, 5.180
[07:50:46] 643.3, 124.0, 5.181
[07:50:47] 643.2, 124.2, 5.175
[07:50:48] 643.2, 124.1, 5.176
[07:50:49] 742.0, 124.2, 5.191
[07:50:50] 669.5, 124.0, 5.181
[07:50:51] 642.8, 124.1, 5.179
[07:50:52] 642.7, 124.1, 5.175
[07:50:53] 642.7, 124.2, 5.173
[07:50:54] 723.1, 124.1, 5.351
[07:50:55] 722.6, 124.2, 5.179
[07:50:56] 642.8, 124.1, 5.180
[07:50:57] 642.8, 124.1, 5.178
[07:50:58] 642.8, 124.1, 5.179
[07:50:59] 662.6, 123.4, 7.247
[07:51:00] 844.3, 124.1, 5.185
[07:51:01] 643.2, 124.1, 5.182
[07:51:02] 643.1, 124.1, 5.184
[07:51:03] 643.1, 124.1, 5.181
[07:51:04] 643.0, 123.5, 7.555
[07:51:05] 852.2, 123.7, 7.111
[07:51:06] 784.1, 124.0, 5.187
[07:51:07] 643.4, 124.1, 5.183
[07:51:08] 643.3, 124.0, 5.185
[07:51:09] 643.3, 124.0, 5.187
[07:51:10] 643.3, 123.5, 7.778
[07:51:11] 914.4, 123.4, 7.817
[07:51:12] 947.7, 124.0, 5.219
[07:51:13] 677.4, 124.1, 5.190
[07:51:14] 644.1, 124.0, 5.188
[07:51:15] 644.0, 124.1, 5.187
[07:51:16] 643.9, 124.1, 5.186
[07:51:17] 719.9, 123.4, 7.805
[07:51:18] 965.0, 123.4, 7.830
[07:51:19] 965.2, 123.3, 7.841
[07:51:20] 965.3, 124.0, 5.467
[07:51:21] 730.6, 124.1, 5.206
[07:51:22] 645.5, 124.0, 5.198
[07:51:23] 645.4, 124.1, 5.195
[07:51:24] 645.1, 124.0, 5.193
[07:51:25] 652.8, 123.3, 7.815
[07:51:26] 965.8, 123.3, 7.833
[07:51:27] 966.0, 123.4, 7.845
[07:51:28] 966.3, 123.3, 7.852
[07:51:29] 966.8, 123.4, 7.851
[07:51:30] 967.3, 123.5, 7.856
[07:51:31] 967.7, 123.5, 7.362
[07:51:32] 862.4, 124.1, 5.220
[07:51:33] 647.1, 124.0, 5.210
[07:51:34] 646.9, 124.1, 5.201
[07:51:35] 646.7, 124.0, 5.199
[07:51:36] 646.4, 123.4, 7.438
[07:51:37] 843.1, 123.4, 7.829
[07:51:38] 967.5, 123.5, 7.840
[07:51:39] 967.7, 123.3, 7.851
[07:51:40] 968.0, 123.4, 7.859
[07:51:41] 968.4, 123.3, 7.867
[07:51:42] 968.9, 123.4, 7.873
[07:51:43] 969.3, 123.5, 7.868
[07:51:44] 969.7, 123.4, 7.877
[07:51:45] 970.2, 123.5, 7.879
[07:51:46] 970.7, 123.4, 7.882
[07:51:47] 971.1, 123.5, 7.882
[07:51:48] 971.6, 123.4, 7.883
[07:51:49] 971.9, 124.1, 5.392
[07:51:50] 720.3, 124.1, 5.232
[07:51:51] 648.9, 124.1, 5.218
[07:51:52] 648.6, 124.1, 5.215
[07:51:53] 648.3, 124.1, 5.211
