<<<[02:58:47] 641.6, 125.1, 5.101
[02:58:48] 641.2, 125.1, 5.099
[02:58:49] 640.8, 125.1, 5.176
[02:58:50] 650.8, 125.0, 5.280
[02:58:51] 660.3, 125.1, 5.226
[02:58:52] 659.8, 125.0, 5.222
[02:58:53] 654.4, 125.2, 5.234
[02:58:54] 654.5, 125.0, 5.238
[02:58:55] 654.7, 125.1, 5.287
[02:58:56] 655.1, 125.0, 5.317
[02:58:57] 655.2, 125.1, 5.223
[02:58:58] 655.7, 125.1, 5.098
[02:58:59] 638.6, 125.1, 5.096
[02:59:00] 638.5, 125.1, 5.097
[02:59:01] 638.4, 125.1, 5.094
[02:59:02] 638.3, 125.1, 5.094
[02:59:03] 650.8, 125.0, 5.335
[02:59:04] 720.1, 125.1, 5.096
[02:59:05] 637.6, 125.0, 5.094
[02:59:06] 637.5, 125.1, 5.091
[02:59:07] 637.6, 125.1, 5.089
[02:59:08] 638.2, 125.0, 5.328
[02:59:09] 720.9, 125.1, 5.091
[02:59:10] 637.6, 125.1, 5.089
[02:59:11] 637.5, 125.0, 5.091
[02:59:12] 637.5, 125.1, 5.090
[02:59:13] 637.5, 125.1, 5.339
[02:59:14] 721.9, 125.1, 5.090
[02:59:15] 637.3, 125.0, 5.091
[02:59:16] 637.3, 125.1, 5.090
[02:59:17] 637.3, 125.1, 5.092
[02:59:18] 637.3, 125.1, 5.348
[02:59:19] 715.6, 125.0, 5.090
[02:59:20] 637.3, 125.0, 5.090
[02:59:21] 637.2, 125.0, 5.089
[02:59:22] 637.2, 125.1, 5.088
[02:59:23] 637.2, 124.7, 7.072
[02:59:24] 751.8, 125.1, 5.094
[02:59:25] 637.3, 125.1, 5.092
[02:59:26] 637.3, 125.1, 5.090
[02:59:27] 637.2, 125.0, 5.089
[02:59:28] 637.2, 124.5, 7.226
[02:59:29] 775.6, 125.1, 5.093
[02:59:30] 637.6, 125.1, 5.091
[02:59:31] 637.5, 125.1, 5.089
[02:59:32] 637.4, 125.0, 5.087
[02:59:33] 637.4, 124.8, 6.014
[02:59:34] 781.9, 125.2, 5.397
[02:59:35] 725.6, 125.2, 5.090
[02:59:36] 637.6, 125.1, 5.086
[02:59:37] 637.5, 125.1, 5.083
[02:59:38] 637.4, 125.2, 5.086
[02:59:39] 637.6, 124.6, 7.385
[02:59:40] 921.9, 125.1, 5.419
[02:59:41] 727.6, 125.2, 5.095
[02:59:42] 638.2, 125.1, 5.093
[02:59:43] 638.1, 125.1, 5.097
[02:59:44] 638.1, 125.2, 5.095
[02:59:45] 638.1, 124.6, 7.385
[02:59:46] 920.7, 124.5, 7.414
[02:59:47] 921.1, 125.1, 5.450
[02:59:48] 730.2, 125.1, 5.094
[02:59:49] 637.8, 125.0, 5.091
[02:59:50] 637.7, 125.2, 5.086
[02:59:51] 637.6, 125.1, 5.083
[02:59:52] 637.5, 124.6, 7.392
[02:59:53] 915.4, 124.5, 7.418
[02:59:54] 924.6, 124.6, 7.426
[02:59:55] 924.8, 124.5, 7.432
[02:59:56] 925.0, 125.1, 5.488
[02:59:57] 734.3, 125.0, 5.100
[02:59:58] 638.8, 125.2, 5.098
[02:59:59] 638.6, 125.0, 5.103
[03:00:00] 638.6, 125.1, 5.099
[03:00:01] 638.6, 124.5, 7.397
[03:00:02] 909.3, 124.5, 7.413
[03:00:03] 925.2, 124.4, 7.436
[03:00:04] 925.4, 124.5, 7.441
[03:00:05] 925.6, 124.4, 7.447
[03:00:06] 925.9, 124.4, 7.452
[03:00:07] 926.2, 124.5, 7.456
[03:00:08] 926.6, 124.5, 7.462
[03:00:09] 927.0, 125.0, 5.540
[03:00:10] 739.8, 125.1, 5.115
[03:00:11] 640.2, 125.1, 5.110
[03:00:12] 640.1, 125.1, 5.106
[03:00:13] 640.0, 125.0, 5.103
[03:00:14] 639.8, 124.4, 7.410
[03:00:15] 897.3, 124.4, 7.437
[03:00:16] 926.8, 124.4, 7.440
[03:00:17] 926.9, 124.5, 7.452
[03:00:18] 927.1, 124.5, 7.456
[03:00:19] 927.5, 124.6, 7.458
[03:00:20] 927.8, 124.6, 7.459
[03:00:21] 928.1, 124.5, 7.460
[03:00:22] 928.4, 124.5, 7.457
[03:00:23] 928.6, 124.5, 7.470
[03:00:24] 928.9, 124.4, 7.454
[03:00:25] 929.1, 124.5, 7.461
[03:00:26] 929.3, 124.5, 7.463
[03:00:27] 929.4, 124.5, 7.464
[03:00:28] 929.7, 124.5, 7.470
[03:00:29] 929.9, 124.5, 7.473
[03:00:30] 930.1, 125.1, 5.180
[03:00:31] 697.5, 125.1, 5.123
[03:00:32] 641.4, 125.1, 5.114
[03:00:33] 641.2, 125.1, 5.109
