<<<[10:22:41] 651.0, 123.2, 5.248
[10:22:42] 650.5, 123.1, 5.252
[10:22:43] 650.0, 123.1, 5.463
[10:22:44] 667.4, 123.1, 5.450
[10:22:45] 667.8, 123.2, 5.446
[10:22:46] 668.2, 123.1, 5.414
[10:22:47] 668.4, 123.2, 5.379
[10:22:48] 668.0, 123.1, 5.395
[10:22:49] 668.0, 123.2, 5.409
[10:22:50] 667.9, 123.1, 5.383
[10:22:51] 667.8, 123.2, 5.410
[10:22:52] 667.8, 123.1, 5.398
[10:22:53] 668.1, 123.2, 5.411
[10:22:54] 662.3, 123.1, 5.255
[10:22:55] 647.3, 123.2, 5.249
[10:22:56] 647.2, 123.1, 5.242
[10:22:57] 647.2, 123.2, 5.246
[10:22:58] 647.2, 123.1, 5.256
[10:22:59] 730.8, 123.2, 5.252
[10:23:00] 656.5, 123.1, 5.248
[10:23:01] 647.1, 123.2, 5.235
[10:23:02] 647.0, 123.1, 5.243
[10:23:03] 646.8, 123.2, 5.241
[10:23:04] 723.3, 123.1, 5.250
[10:23:05] 657.5, 123.1, 5.245
[10:23:06] 646.5, 123.2, 5.245
[10:23:07] 646.5, 123.1, 5.260
[10:23:08] 646.6, 123.2, 5.264
[10:23:09] 721.1, 123.2, 5.249
[10:23:10] 658.9, 123.2, 5.245
[10:23:11] 645.9, 123.1, 5.240
[10:23:12] 645.9, 123.1, 5.243
[10:23:13] 645.9, 123.1, 5.241
[10:23:14] 715.6, 123.1, 5.253
[10:23:15] 660.1, 123.1, 5.243
[10:23:16] 646.5, 123.0, 5.244
[10:23:17] 646.4, 123.2, 5.241
[10:23:18] 646.4, 123.1, 5.240
[10:23:19] 707.7, 123.1, 5.251
[10:23:20] 661.3, 123.1, 5.242
[10:23:21] 646.3, 123.1, 5.228
[10:23:22] 646.1, 123.0, 5.241
[10:23:23] 646.1, 123.1, 5.242
[10:23:24] 691.6, 123.1, 5.350
[10:23:25] 714.6, 123.1, 5.247
[10:23:26] 646.3, 123.1, 5.244
[10:23:27] 646.2, 123.1, 5.232
[10:23:28] 646.2, 123.2, 5.236
[10:23:29] 646.2, 122.7, 7.351
[10:23:30] 832.7, 123.1, 5.250
[10:23:31] 646.5, 123.1, 5.241
[10:23:32] 646.4, 123.1, 5.237
[10:23:33] 646.4, 123.1, 5.233
[10:23:34] 646.3, 122.4, 7.736
[10:23:35] 862.8, 123.0, 5.365
[10:23:36] 715.6, 123.2, 5.248
[10:23:37] 646.5, 123.0, 5.244
[10:23:38] 646.5, 123.1, 5.238
[10:23:39] 646.4, 123.0, 5.240
[10:23:40] 646.4, 122.4, 8.015
[10:23:41] 982.7, 122.9, 6.679
[10:23:42] 792.2, 123.1, 5.255
[10:23:43] 647.1, 123.0, 5.248
[10:23:44] 647.0, 123.1, 5.238
[10:23:45] 646.9, 123.1, 5.240
[10:23:46] 646.8, 122.4, 7.930
[10:23:47] 889.4, 122.4, 8.042
[10:23:48] 985.7, 122.3, 8.061
[10:23:49] 970.5, 123.1, 5.264
[10:23:50] 670.7, 123.1, 5.253
[10:23:51] 647.3, 123.1, 5.252
[10:23:52] 647.3, 123.1, 5.249
[10:23:53] 647.2, 123.0, 5.246
[10:23:54] 710.5, 122.4, 8.046
[10:23:55] 985.9, 122.4, 8.056
[10:23:56] 986.0, 122.3, 8.073
[10:23:57] 986.4, 122.3, 8.072
[10:23:58] 986.8, 122.4, 8.073
[10:23:59] 977.8, 123.1, 5.282
[10:24:00] 673.3, 123.1, 5.267
[10:24:01] 648.9, 123.1, 5.256
[10:24:02] 648.7, 123.2, 5.251
[10:24:03] 648.5, 123.1, 5.251
[10:24:04] 692.6, 122.4, 8.038
[10:24:05] 986.2, 122.5, 8.053
[10:24:06] 986.4, 122.4, 8.057
[10:24:07] 986.7, 122.4, 8.069
[10:24:08] 987.1, 122.5, 8.079
[10:24:09] 987.6, 122.5, 8.075
[10:24:10] 988.0, 122.5, 8.086
[10:24:11] 988.5, 122.5, 8.081
[10:24:12] 988.9, 122.4, 8.086
[10:24:13] 989.3, 122.5, 8.088
[10:24:14] 982.5, 123.1, 5.274
[10:24:15] 649.7, 123.2, 5.258
[10:24:16] 649.6, 123.1, 5.262
[10:24:17] 649.5, 123.2, 5.255
