<<<[19:47:17] 638.2, 123.2, 5.178
[19:47:18] 638.0, 123.2, 5.167
[19:47:19] 637.9, 123.2, 5.343
[19:47:20] 653.4, 123.3, 5.301
[19:47:21] 653.4, 123.2, 5.296
[19:47:22] 653.4, 123.1, 5.306
[19:47:23] 653.5, 123.1, 5.322
[19:47:24] 653.9, 123.1, 5.342
[19:47:25] 654.3, 123.1, 5.210
[19:47:26] 644.7, 123.1, 5.173
[19:47:27] 637.1, 123.1, 5.182
[19:47:28] 637.1, 123.2, 5.180
[19:47:29] 637.1, 123.1, 5.179
[19:47:30] 637.1, 122.6, 7.156
[19:47:31] 733.1, 123.2, 5.178
[19:47:32] 636.9, 123.2, 5.180
[19:47:33] 636.9, 123.1, 5.176
[19:47:34] 636.8, 123.1, 5.164
[19:47:35] 636.7, 122.6, 7.157
[19:47:36] 731.1, 123.2, 5.182
[19:47:37] 636.9, 123.1, 5.183
[19:47:38] 636.9, 123.1, 5.163
[19:47:39] 636.8, 123.0, 5.175
[19:47:40] 636.7, 122.6, 7.152
[19:47:41] 730.4, 123.2, 5.179
[19:47:42] 636.7, 123.1, 5.168
[19:47:43] 636.7, 123.1, 5.175
[19:47:44] 636.7, 123.2, 5.175
[19:47:45] 636.6, 122.7, 7.149
[19:47:46] 729.6, 123.2, 5.163
[19:47:47] 636.5, 123.2, 5.174
[19:47:48] 636.5, 123.2, 5.177
[19:47:49] 636.5, 123.2, 5.172
[19:47:50] 636.4, 122.7, 7.142
[19:47:51] 728.4, 123.2, 5.174
[19:47:52] 636.5, 123.2, 5.173
[19:47:53] 636.4, 123.1, 5.178
[19:47:54] 636.4, 123.1, 5.164
[19:47:55] 636.4, 122.6, 7.142
[19:47:56] 726.2, 123.1, 5.181
[19:47:57] 636.7, 123.1, 5.177
[19:47:58] 636.6, 123.0, 5.160
[19:47:59] 636.5, 123.1, 5.173
[19:48:00] 636.4, 122.6, 7.140
[19:48:01] 722.5, 123.0, 5.179
[19:48:02] 636.5, 123.1, 5.165
[19:48:03] 636.4, 123.0, 5.177
[19:48:04] 636.3, 123.0, 5.176
[19:48:05] 636.3, 122.6, 7.139
[19:48:06] 714.0, 123.1, 5.169
[19:48:07] 636.5, 123.0, 5.174
[19:48:08] 636.4, 123.1, 5.175
[19:48:09] 636.3, 123.1, 5.175
[19:48:10] 636.3, 122.5, 7.227
[19:48:11] 747.9, 123.0, 5.177
[19:48:12] 636.5, 123.1, 5.176
[19:48:13] 636.4, 123.1, 5.188
[19:48:14] 636.5, 123.1, 5.161
[19:48:15] 636.4, 123.2, 5.186
[19:48:16] 763.4, 123.1, 5.229
[19:48:17] 690.0, 123.0, 5.178
[19:48:18] 636.7, 123.1, 5.168
[19:48:19] 636.6, 123.2, 5.175
[19:48:20] 636.6, 123.1, 5.174
[19:48:21] 658.1, 122.5, 7.723
[19:48:22] 878.6, 123.1, 5.170
[19:48:23] 637.1, 123.2, 5.193
[19:48:24] 637.2, 123.0, 5.194
[19:48:25] 637.4, 123.1, 5.187
[19:48:26] 637.5, 123.2, 5.175
[19:48:27] 756.3, 122.5, 7.734
[19:48:28] 948.1, 123.0, 5.251
[19:48:29] 693.7, 123.0, 5.183
[19:48:30] 637.1, 123.1, 5.171
[19:48:31] 637.0, 123.1, 5.194
[19:48:32] 637.1, 123.0, 5.191
[19:48:33] 637.7, 122.4, 7.727
[19:48:34] 949.2, 122.5, 7.753
[19:48:35] 949.4, 122.4, 7.778
[19:48:36] 934.3, 123.0, 5.211
[19:48:37] 647.1, 123.0, 5.193
[19:48:38] 638.0, 123.1, 5.174
[19:48:39] 637.9, 123.1, 5.183
[19:48:40] 637.8, 123.0, 5.183
[19:48:41] 724.8, 122.5, 7.746
[19:48:42] 950.0, 122.4, 7.772
[19:48:43] 950.3, 122.3, 7.783
[19:48:44] 950.7, 122.4, 7.788
[19:48:45] 951.3, 122.4, 7.798
[19:48:46] 951.8, 122.8, 6.056
[19:48:47] 761.1, 123.0, 5.223
[19:48:48] 641.0, 123.0, 5.223
[19:48:49] 640.9, 123.0, 5.211
[19:48:50] 640.7, 123.0, 5.178
[19:48:51] 640.4, 122.4, 7.722
[19:48:52] 894.5, 122.4, 7.774
[19:48:53] 953.4, 122.5, 7.781
[19:48:54] 953.5, 122.4, 7.789
[19:48:55] 953.7, 122.3, 7.797
[19:48:56] 954.0, 122.4, 7.804
[19:48:57] 954.3, 122.5, 7.809
[19:48:58] 954.7, 122.4, 7.812
[19:48:59] 955.1, 122.3, 7.813
[19:49:00] 955.4, 122.3, 7.830
[19:49:01] 955.8, 122.3, 7.823
[19:49:02] 956.1, 122.9, 5.237
[19:49:03] 672.7, 122.9, 5.222
[19:49:04] 640.6, 123.0, 5.210
[19:49:05] 640.5, 122.9, 5.206
[19:49:06] 640.3, 123.0, 5.191
<<<[19:49:21] 647.9, 123.0, 5.271
[19:49:22] 647.9, 123.1, 5.171
[19:49:23] 637.8, 123.0, 5.167
[19:49:24] 643.6, 123.0, 5.302
[19:49:25] 655.2, 123.0, 5.308
[19:49:26] 655.0, 122.9, 5.302
[19:49:27] 655.2, 123.0, 5.303
[19:49:28] 655.4, 122.9, 5.300
[19:49:29] 655.4, 122.9, 5.303
[19:49:30] 655.3, 123.0, 5.178
[19:49:31] 638.2, 123.0, 5.175
[19:49:32] 638.1, 123.1, 5.172
[19:49:33] 638.1, 123.0, 5.174
[19:49:34] 638.0, 123.1, 5.174
[19:49:35] 685.1, 123.0, 5.209
[19:49:36] 685.1, 123.0, 5.172
[19:49:37] 637.8, 122.9, 5.174
[19:49:38] 637.6, 123.0, 5.172
[19:49:39] 637.5, 123.0, 5.171
[19:49:40] 681.7, 123.0, 5.212
[19:49:41] 682.1, 122.8, 5.176
[19:49:42] 636.9, 123.0, 5.172
[19:49:43] 636.8, 122.9, 5.174
[19:49:44] 636.8, 123.0, 5.170
[19:49:45] 679.8, 123.1, 5.208
[19:49:46] 686.1, 123.1, 5.169
[19:49:47] 637.1, 123.0, 5.166
[19:49:48] 637.0, 123.1, 5.169
[19:49:49] 636.9, 123.0, 5.164
[19:49:50] 678.0, 123.0, 5.210
[19:49:51] 687.3, 123.1, 5.166
[19:49:52] 636.7, 123.1, 5.166
[19:49:53] 636.6, 123.0, 5.164
[19:49:54] 636.6, 123.1, 5.162
[19:49:55] 676.2, 123.1, 5.210
[19:49:56] 688.4, 123.1, 5.167
[19:49:57] 636.7, 123.1, 5.162
[19:49:58] 636.6, 123.2, 5.161
[19:49:59] 636.5, 123.0, 5.163
[19:50:00] 673.1, 123.1, 5.215
[19:50:01] 689.4, 123.1, 5.166
[19:50:02] 636.5, 123.1, 5.163
[19:50:03] 636.5, 123.0, 5.166
[19:50:04] 636.5, 123.1, 5.165
[19:50:05] 667.8, 123.1, 5.217
[19:50:06] 690.8, 123.0, 5.166
[19:50:07] 636.5, 123.0, 5.165
[19:50:08] 636.4, 123.1, 5.162
[19:50:09] 636.4, 123.1, 5.162
[19:50:10] 657.7, 123.1, 5.218
[19:50:11] 692.2, 123.1, 5.164
[19:50:12] 637.5, 123.1, 5.161
[19:50:13] 637.4, 123.0, 5.164
[19:50:14] 637.4, 123.0, 5.160
[19:50:15] 637.4, 123.0, 5.936
[19:50:16] 747.7, 123.1, 5.162
[19:50:17] 636.5, 123.1, 5.162
[19:50:18] 636.4, 123.1, 5.162
[19:50:19] 636.4, 123.1, 5.157
[19:50:20] 636.4, 122.5, 7.690
[19:50:21] 816.0, 123.1, 5.174
[19:50:22] 637.5, 123.2, 5.164
[19:50:23] 637.4, 123.1, 5.163
[19:50:24] 637.2, 123.1, 5.162
[19:50:25] 637.1, 123.1, 5.182
[19:50:26] 780.6, 123.0, 6.042
[19:50:27] 759.1, 123.2, 5.167
[19:50:28] 636.7, 123.1, 5.165
[19:50:29] 636.7, 123.1, 5.178
[19:50:30] 636.7, 123.2, 5.160
[19:50:31] 636.6, 122.4, 7.681
[19:50:32] 878.6, 122.5, 7.751
[19:50:33] 884.1, 123.1, 5.175
[19:50:34] 637.6, 123.0, 5.172
[19:50:35] 637.5, 123.1, 5.169
[19:50:36] 637.4, 123.1, 5.170
[19:50:37] 637.3, 123.0, 5.171
[19:50:38] 765.8, 122.4, 7.751
[19:50:39] 950.0, 122.4, 7.773
[19:50:40] 950.3, 122.5, 7.268
[19:50:41] 820.9, 123.0, 5.185
[19:50:42] 638.8, 123.1, 5.178
[19:50:43] 638.6, 123.0, 5.174
[19:50:44] 638.4, 123.0, 5.174
[19:50:45] 638.2, 122.5, 7.612
[19:50:46] 855.2, 122.4, 7.768
[19:50:47] 952.0, 122.3, 7.781
[19:50:48] 952.2, 122.4, 7.788
[19:50:49] 952.5, 122.4, 7.797
[19:50:50] 952.8, 122.4, 7.800
[19:50:51] 937.6, 123.0, 5.208
[19:50:52] 656.3, 123.0, 5.190
[19:50:53] 639.2, 123.1, 5.182
[19:50:54] 639.1, 123.1, 5.180
[19:50:55] 638.9, 122.9, 5.181
[19:50:56] 722.9, 122.3, 7.775
[19:50:57] 952.0, 122.4, 7.789
[19:50:58] 952.2, 122.3, 7.795
[19:50:59] 952.5, 122.3, 7.803
[19:51:00] 953.0, 122.4, 7.809
[19:51:01] 953.4, 122.4, 7.816
[19:51:02] 953.9, 122.3, 7.819
[19:51:03] 954.4, 122.4, 7.820
[19:51:04] 954.8, 122.3, 7.825
[19:51:05] 955.3, 122.3, 7.826
[19:51:06] 955.7, 122.3, 7.830
[19:51:07] 823.3, 122.9, 5.210
[19:51:08] 641.4, 123.0, 5.203
[19:51:09] 641.2, 123.0, 5.195
[19:51:10] 641.0, 123.0, 5.189
<<<[19:53:20] 639.5, 122.9, 5.179
[19:53:21] 639.2, 122.9, 5.180
[19:53:22] 639.0, 122.9, 5.331
[19:53:23] 655.0, 123.0, 5.336
[19:53:24] 655.0, 122.9, 5.320
[19:53:25] 654.9, 122.9, 5.326
[19:53:26] 655.2, 122.9, 5.319
[19:53:27] 655.1, 123.0, 5.308
[19:53:28] 655.4, 122.9, 5.218
[19:53:29] 642.2, 123.0, 5.192
[19:53:30] 641.8, 122.9, 5.182
[19:53:31] 641.2, 123.0, 5.181
[19:53:32] 640.8, 123.0, 5.185
[19:53:33] 640.7, 122.9, 5.590
[19:53:34] 730.8, 123.0, 5.175
[19:53:35] 636.7, 123.0, 5.177
[19:53:36] 636.7, 123.0, 5.177
[19:53:37] 636.8, 123.1, 5.173
[19:53:38] 636.8, 123.0, 5.605
[19:53:39] 729.4, 122.9, 5.176
[19:53:40] 637.3, 123.0, 5.176
[19:53:41] 637.2, 123.0, 5.172
[19:53:42] 637.2, 123.0, 5.171
[19:53:43] 637.1, 122.9, 5.624
[19:53:44] 729.8, 123.1, 5.180
[19:53:45] 637.6, 123.0, 5.173
[19:53:46] 637.5, 123.0, 5.171
[19:53:47] 637.4, 123.1, 5.170
[19:53:48] 637.3, 123.0, 5.653
[19:53:49] 729.2, 123.1, 5.171
[19:53:50] 636.7, 123.1, 5.169
[19:53:51] 636.6, 123.1, 5.167
[19:53:52] 636.6, 123.2, 5.164
[19:53:53] 636.6, 123.0, 5.680
[19:53:54] 727.8, 123.1, 5.166
[19:53:55] 636.1, 123.0, 5.168
[19:53:56] 636.2, 123.1, 5.170
[19:53:57] 636.2, 123.0, 5.166
[19:53:58] 636.3, 123.0, 5.716
[19:53:59] 724.8, 123.0, 5.169
[19:54:00] 636.7, 123.0, 5.170
[19:54:01] 636.7, 123.0, 5.170
[19:54:02] 636.6, 123.0, 5.172
[19:54:03] 636.6, 123.0, 5.756
[19:54:04] 720.9, 123.0, 5.169
[19:54:05] 636.7, 123.0, 5.170
[19:54:06] 636.6, 122.9, 5.172
[19:54:07] 636.5, 123.0, 5.171
[19:54:08] 636.5, 122.9, 5.795
[19:54:09] 712.8, 123.0, 5.172
[19:54:10] 636.7, 123.0, 5.170
[19:54:11] 636.6, 123.1, 5.166
[19:54:12] 636.6, 123.0, 5.166
[19:54:13] 636.5, 122.6, 7.243
[19:54:14] 746.7, 123.0, 5.179
[19:54:15] 637.1, 123.0, 5.173
[19:54:16] 637.0, 123.0, 5.169
[19:54:17] 637.0, 122.9, 5.172
[19:54:18] 636.9, 122.4, 7.316
[19:54:19] 807.7, 123.0, 5.182
[19:54:20] 643.6, 123.1, 5.173
[19:54:21] 636.9, 122.9, 5.199
[19:54:22] 636.9, 123.0, 5.171
[19:54:23] 636.8, 123.0, 5.168
[19:54:24] 718.7, 122.5, 7.343
[19:54:25] 818.9, 123.0, 5.180
[19:54:26] 637.5, 122.9, 5.177
[19:54:27] 637.4, 123.0, 5.175
[19:54:28] 637.3, 122.9, 5.173
[19:54:29] 637.2, 122.4, 7.116
[19:54:30] 816.8, 122.3, 7.757
[19:54:31] 935.1, 123.0, 5.192
[19:54:32] 647.7, 122.9, 5.181
[19:54:33] 637.5, 123.0, 5.175
[19:54:34] 637.4, 123.0, 5.173
[19:54:35] 637.2, 122.9, 5.174
[19:54:36] 705.0, 122.3, 7.757
[19:54:37] 949.6, 122.2, 7.774
[19:54:38] 949.9, 122.4, 7.629
[19:54:39] 881.3, 122.9, 5.197
[19:54:40] 639.4, 122.9, 5.188
[19:54:41] 639.2, 123.0, 5.184
[19:54:42] 639.0, 122.9, 5.177
[19:54:43] 638.7, 122.7, 5.962
[19:54:44] 793.2, 122.3, 7.773
[19:54:45] 952.0, 122.4, 7.783
[19:54:46] 952.2, 122.3, 7.797
[19:54:47] 952.5, 122.3, 7.798
[19:54:48] 952.8, 122.4, 7.804
[19:54:49] 952.6, 122.9, 5.293
[19:54:50] 704.4, 122.9, 5.200
[19:54:51] 639.4, 123.0, 5.191
[19:54:52] 639.3, 123.0, 5.185
[19:54:53] 639.1, 122.9, 5.182
[19:54:54] 658.7, 122.3, 7.757
[19:54:55] 950.8, 122.3, 7.783
[19:54:56] 951.0, 122.3, 7.799
[19:54:57] 951.5, 122.3, 7.804
[19:54:58] 952.0, 122.2, 7.817
[19:54:59] 952.5, 122.2, 7.825
[19:55:00] 953.2, 122.3, 7.821
[19:55:01] 953.7, 122.2, 7.825
[19:55:02] 954.2, 122.2, 7.828
[19:55:03] 954.6, 122.2, 7.830
[19:55:04] 955.1, 122.3, 7.833
[19:55:05] 894.9, 122.9, 5.222
[19:55:06] 642.2, 122.9, 5.207
[19:55:07] 641.9, 122.9, 5.201
[19:55:08] 641.6, 123.0, 5.202
<<<[19:57:11] 641.0, 122.9, 5.189
[19:57:12] 640.6, 122.9, 5.190
[19:57:13] 640.3, 122.8, 5.310
[19:57:14] 651.4, 122.9, 5.369
[19:57:15] 652.0, 122.9, 5.311
[19:57:16] 652.2, 122.8, 5.393
[19:57:17] 652.8, 122.9, 5.348
[19:57:18] 653.4, 122.8, 5.314
[19:57:19] 653.6, 122.9, 5.201
[19:57:20] 646.7, 122.8, 5.188
[19:57:21] 638.0, 123.0, 5.187
[19:57:22] 638.0, 122.9, 5.185
[19:57:23] 638.0, 122.9, 5.187
[19:57:24] 638.0, 122.4, 7.072
[19:57:25] 733.1, 122.9, 5.180
[19:57:26] 637.5, 123.0, 5.180
[19:57:27] 637.4, 122.9, 5.176
[19:57:28] 637.3, 122.9, 5.174
[19:57:29] 637.3, 122.5, 7.065
[19:57:30] 731.7, 122.9, 5.182
[19:57:31] 637.6, 123.0, 5.176
[19:57:32] 637.5, 123.0, 5.176
[19:57:33] 637.5, 123.0, 5.177
[19:57:34] 637.4, 122.5, 7.050
[19:57:35] 731.1, 122.9, 5.181
[19:57:36] 637.6, 123.0, 5.176
[19:57:37] 637.5, 122.9, 5.179
[19:57:38] 637.5, 123.0, 5.178
[19:57:39] 637.4, 122.4, 7.035
[19:57:40] 730.6, 123.0, 5.179
[19:57:41] 637.6, 122.9, 5.181
[19:57:42] 637.5, 123.0, 5.176
[19:57:43] 637.5, 122.9, 5.176
[19:57:44] 637.5, 122.5, 7.013
[19:57:45] 729.2, 122.9, 5.173
[19:57:46] 636.7, 123.0, 5.172
[19:57:47] 636.7, 122.9, 5.176
[19:57:48] 636.7, 123.0, 5.173
[19:57:49] 636.7, 122.4, 6.980
[19:57:50] 726.4, 123.0, 5.177
[19:57:51] 637.3, 123.0, 5.176
[19:57:52] 637.3, 122.9, 5.176
[19:57:53] 637.2, 123.0, 5.175
[19:57:54] 637.2, 122.5, 6.939
[19:57:55] 722.5, 123.0, 5.174
[19:57:56] 637.1, 123.0, 5.173
[19:57:57] 637.1, 122.9, 5.171
[19:57:58] 637.0, 123.0, 5.169
[19:57:59] 636.9, 122.6, 6.874
[19:58:00] 714.8, 122.9, 5.175
[19:58:01] 636.9, 123.0, 5.171
[19:58:02] 636.8, 123.0, 5.172
[19:58:03] 636.8, 122.9, 5.175
[19:58:04] 636.8, 122.9, 5.234
[19:58:05] 748.3, 122.9, 5.179
[19:58:06] 636.5, 123.0, 5.171
[19:58:07] 636.5, 122.9, 5.171
[19:58:08] 636.5, 123.0, 5.171
[19:58:09] 636.6, 122.9, 5.170
[19:58:10] 727.2, 123.0, 5.459
[19:58:11] 727.0, 122.9, 5.177
[19:58:12] 637.3, 123.1, 5.171
[19:58:13] 637.2, 122.9, 5.171
[19:58:14] 637.1, 123.0, 5.171
[19:58:15] 637.1, 122.4, 7.736
[19:58:16] 903.6, 123.0, 5.181
[19:58:17] 637.5, 123.1, 5.175
[19:58:18] 637.4, 123.0, 5.171
[19:58:19] 637.3, 123.0, 5.171
[19:58:20] 637.3, 123.1, 5.168
[19:58:21] 717.4, 122.3, 7.749
[19:58:22] 949.6, 123.0, 5.525
[19:58:23] 734.1, 122.9, 5.187
[19:58:24] 638.2, 122.9, 5.180
[19:58:25] 638.1, 123.0, 5.175
[19:58:26] 637.9, 122.9, 5.174
[19:58:27] 637.8, 122.3, 7.739
[19:58:28] 918.1, 122.3, 7.772
[19:58:29] 952.2, 122.4, 7.782
[19:58:30] 941.0, 123.0, 5.222
[19:58:31] 681.7, 123.1, 5.186
[19:58:32] 638.8, 123.1, 5.181
[19:58:33] 638.7, 123.0, 5.179
[19:58:34] 638.6, 123.1, 5.172
[19:58:35] 694.9, 122.4, 7.758
[19:58:36] 950.6, 122.3, 7.776
[19:58:37] 950.9, 122.4, 7.787
[19:58:38] 951.3, 122.5, 7.790
[19:58:39] 951.8, 122.4, 7.801
[19:58:40] 952.3, 122.5, 7.274
[19:58:41] 800.6, 123.0, 5.204
[19:58:42] 640.4, 123.1, 5.188
[19:58:43] 640.2, 123.1, 5.185
[19:58:44] 639.9, 123.1, 5.181
[19:58:45] 639.7, 122.4, 7.702
[19:58:46] 876.4, 122.4, 7.779
[19:58:47] 953.0, 122.4, 7.789
[19:58:48] 953.1, 122.4, 7.799
[19:58:49] 953.4, 122.3, 7.811
[19:58:50] 953.8, 122.3, 7.814
[19:58:51] 954.2, 122.2, 7.824
[19:58:52] 954.6, 122.3, 7.820
[19:58:53] 955.0, 122.3, 7.827
[19:58:54] 955.3, 122.3, 7.829
[19:58:55] 955.7, 122.3, 7.834
[19:58:56] 956.1, 123.0, 5.230
[19:58:57] 665.6, 122.8, 5.210
[19:58:58] 640.8, 122.9, 5.197
[19:58:59] 640.6, 122.9, 5.198
