<<<[01:47:54] 637.3, 124.9, 5.091
[01:47:55] 637.2, 125.0, 5.097
[01:47:56] 637.1, 124.9, 5.091
[01:47:57] 637.6, 125.0, 5.297
[01:47:58] 661.3, 124.9, 5.250
[01:47:59] 660.9, 124.9, 5.303
[01:48:00] 660.6, 124.9, 5.259
[01:48:01] 660.2, 124.9, 5.277
[01:48:02] 660.4, 124.8, 5.271
[01:48:03] 660.1, 124.9, 5.266
[01:48:04] 660.0, 124.8, 5.263
[01:48:05] 659.5, 125.0, 5.103
[01:48:06] 637.6, 124.9, 5.101
[01:48:07] 637.5, 124.9, 5.101
[01:48:08] 637.5, 125.0, 5.101
[01:48:09] 637.5, 124.8, 5.102
[01:48:10] 726.4, 124.9, 5.105
[01:48:11] 642.4, 124.9, 5.097
[01:48:12] 636.9, 125.0, 5.095
[01:48:13] 636.9, 124.9, 5.097
[01:48:14] 636.8, 125.0, 5.096
[01:48:15] 718.4, 124.9, 5.101
[01:48:16] 642.8, 124.9, 5.095
[01:48:17] 637.3, 125.0, 5.095
[01:48:18] 637.2, 124.9, 5.093
[01:48:19] 637.1, 125.0, 5.093
[01:48:20] 716.4, 124.8, 5.104
[01:48:21] 644.3, 125.0, 5.101
[01:48:22] 637.3, 124.9, 5.094
[01:48:23] 637.2, 125.0, 5.096
[01:48:24] 637.1, 124.9, 5.096
[01:48:25] 714.6, 125.0, 5.103
[01:48:26] 645.5, 124.9, 5.096
[01:48:27] 636.7, 124.9, 5.098
[01:48:28] 636.7, 124.9, 5.093
[01:48:29] 636.6, 125.0, 5.092
[01:48:30] 711.5, 124.8, 5.108
[01:48:31] 646.3, 124.9, 5.093
[01:48:32] 636.7, 125.0, 5.092
[01:48:33] 636.7, 124.9, 5.092
[01:48:34] 636.7, 125.0, 5.088
[01:48:35] 707.9, 125.0, 5.100
[01:48:36] 647.5, 124.9, 5.096
[01:48:37] 636.7, 125.0, 5.090
[01:48:38] 636.6, 125.0, 5.087
[01:48:39] 636.6, 125.0, 5.089
[01:48:40] 702.0, 125.0, 5.166
[01:48:41] 701.4, 125.0, 5.093
[01:48:42] 637.1, 125.0, 5.094
[01:48:43] 637.0, 124.9, 5.093
[01:48:44] 636.9, 124.9, 5.089
[01:48:45] 690.2, 125.0, 5.171
[01:48:46] 700.2, 125.0, 5.090
[01:48:47] 636.5, 125.0, 5.093
[01:48:48] 636.5, 125.0, 5.090
[01:48:49] 636.5, 125.0, 5.089
[01:48:50] 636.4, 124.5, 7.169
[01:48:51] 835.1, 125.0, 5.094
[01:48:52] 636.9, 125.0, 5.091
[01:48:53] 636.8, 124.9, 5.092
[01:48:54] 636.8, 125.0, 5.089
[01:48:55] 636.7, 124.3, 7.918
[01:48:56] 881.9, 125.0, 5.193
[01:48:57] 702.6, 125.0, 5.099
[01:48:58] 637.3, 125.0, 5.092
[01:48:59] 637.2, 125.0, 5.094
[01:49:00] 637.1, 124.9, 5.093
[01:49:01] 652.6, 124.2, 8.144
[01:49:02] 1013.8, 124.8, 6.347
[01:49:03] 781.1, 124.9, 5.100
[01:49:04] 637.5, 125.0, 5.097
[01:49:05] 637.4, 125.0, 5.095
[01:49:06] 637.3, 124.9, 5.091
[01:49:07] 637.2, 124.3, 8.085
[01:49:08] 932.5, 124.2, 8.148
[01:49:09] 1013.6, 124.2, 8.166
[01:49:10] 941.2, 125.0, 5.113
[01:49:11] 638.8, 125.1, 5.102
[01:49:12] 638.6, 125.0, 5.096
[01:49:13] 638.5, 125.0, 5.097
[01:49:14] 638.3, 125.1, 5.092
[01:49:15] 764.6, 124.2, 8.144
[01:49:16] 1012.6, 124.2, 8.156
[01:49:17] 1012.9, 124.3, 8.168
[01:49:18] 1013.3, 124.3, 8.177
[01:49:19] 1013.8, 124.2, 8.190
[01:49:20] 933.5, 125.0, 5.123
[01:49:21] 640.4, 125.0, 5.114
[01:49:22] 640.2, 125.0, 5.106
[01:49:23] 639.9, 125.0, 5.102
[01:49:24] 639.6, 124.9, 5.103
[01:49:25] 803.4, 124.2, 8.161
[01:49:26] 1014.2, 124.1, 8.174
[01:49:27] 1014.4, 124.2, 8.187
[01:49:28] 1014.9, 124.2, 8.197
[01:49:29] 1015.3, 124.2, 8.203
[01:49:30] 1015.9, 124.2, 8.211
[01:49:31] 1016.4, 124.2, 8.202
[01:49:32] 1017.0, 124.2, 8.210
[01:49:33] 1017.4, 124.2, 8.207
[01:49:34] 1017.9, 124.3, 7.271
[01:49:35] 860.1, 124.9, 5.131
[01:49:36] 641.2, 124.9, 5.122
[01:49:37] 641.0, 124.9, 5.117
[01:49:38] 640.7, 125.0, 5.112
[01:49:39] 640.4, 124.3, 7.927
[01:49:40] 888.8, 124.1, 8.177
[01:49:41] 1016.2, 124.2, 8.186
[01:49:42] 1016.4, 124.2, 8.203
[01:49:43] 1016.8, 124.1, 8.203
[01:49:44] 1017.2, 124.1, 8.210
[01:49:45] 1017.6, 124.2, 8.218
[01:49:46] 1018.0, 124.1, 8.214
[01:49:47] 1018.4, 124.2, 8.215
[01:49:48] 1018.8, 124.3, 8.217
[01:49:49] 1019.3, 124.2, 8.222
[01:49:50] 1019.7, 124.2, 8.227
[01:49:51] 1020.1, 124.2, 8.230
[01:49:52] 1020.5, 124.1, 8.223
[01:49:53] 1020.7, 124.2, 8.226
[01:49:54] 1021.0, 124.2, 8.226
[01:49:55] 1021.2, 124.2, 8.229
[01:49:56] 1021.5, 124.2, 8.233
[01:49:57] 1021.7, 124.1, 8.231
[01:49:58] 1021.9, 124.2, 8.236
[01:49:59] 983.5, 124.9, 5.266
[01:50:00] 657.5, 124.9, 5.140
[01:50:01] 643.4, 124.9, 5.130
[01:50:02] 643.1, 124.9, 5.145
[01:50:03] 642.9, 125.0, 5.143
