<<<[20:03:11] 637.7, 122.9, 5.173
[20:03:12] 637.6, 123.0, 5.178
[20:03:13] 637.5, 123.0, 5.291
[20:03:14] 648.3, 122.9, 5.299
[20:03:15] 648.4, 123.0, 5.216
[20:03:16] 641.8, 123.0, 5.178
[20:03:17] 641.2, 123.0, 5.182
[20:03:18] 640.8, 123.0, 5.184
[20:03:19] 640.4, 123.0, 5.176
[20:03:20] 715.4, 122.9, 5.182
[20:03:21] 653.4, 123.0, 5.171
[20:03:22] 636.7, 122.9, 5.171
[20:03:23] 636.6, 123.0, 5.174
[20:03:24] 636.6, 122.9, 5.172
[20:03:25] 712.6, 123.0, 5.204
[20:03:26] 655.8, 122.9, 5.177
[20:03:27] 636.9, 122.9, 5.176
[20:03:28] 636.9, 123.0, 5.172
[20:03:29] 636.9, 122.9, 5.178
[20:03:30] 711.9, 123.0, 5.183
[20:03:31] 656.0, 123.0, 5.173
[20:03:32] 637.1, 123.0, 5.174
[20:03:33] 637.0, 123.0, 5.171
[20:03:34] 637.0, 123.0, 5.171
[20:03:35] 709.7, 123.0, 5.182
[20:03:36] 657.5, 123.0, 5.175
[20:03:37] 636.9, 123.0, 5.171
[20:03:38] 636.9, 123.0, 5.174
[20:03:39] 636.8, 122.9, 5.173
[20:03:40] 707.5, 123.0, 5.181
[20:03:41] 658.7, 122.9, 5.175
[20:03:42] 636.7, 123.0, 5.173
[20:03:43] 636.6, 123.0, 5.170
[20:03:44] 636.6, 123.0, 5.170
[20:03:45] 706.0, 122.9, 5.184
[20:03:46] 659.9, 123.1, 5.171
[20:03:47] 636.7, 123.0, 5.172
[20:03:48] 636.7, 123.0, 5.170
[20:03:49] 636.8, 123.0, 5.185
[20:03:50] 705.0, 123.0, 5.180
[20:03:51] 661.1, 123.1, 5.172
[20:03:52] 636.9, 123.0, 5.168
[20:03:53] 636.8, 123.1, 5.170
[20:03:54] 636.8, 123.1, 5.168
[20:03:55] 700.8, 123.0, 5.181
[20:03:56] 662.1, 123.1, 5.171
[20:03:57] 636.5, 123.0, 5.170
[20:03:58] 636.4, 122.9, 5.169
[20:03:59] 636.4, 123.0, 5.172
[20:04:00] 696.9, 122.9, 5.184
[20:04:01] 663.8, 122.9, 5.172
[20:04:02] 636.9, 123.1, 5.169
[20:04:03] 636.8, 122.9, 5.171
[20:04:04] 636.7, 122.9, 5.167
[20:04:05] 690.8, 123.0, 5.186
[20:04:06] 666.4, 122.9, 5.172
[20:04:07] 636.5, 122.9, 5.189
[20:04:08] 636.6, 123.0, 5.185
[20:04:09] 636.7, 122.9, 5.186
[20:04:10] 678.6, 122.9, 5.377
[20:04:11] 718.4, 123.0, 5.172
[20:04:12] 636.9, 123.0, 5.166
[20:04:13] 636.8, 123.0, 5.168
[20:04:14] 636.6, 123.0, 5.168
[20:04:15] 636.6, 122.5, 7.201
[20:04:16] 791.0, 123.0, 5.171
[20:04:17] 636.7, 123.0, 5.176
[20:04:18] 636.7, 123.0, 5.171
[20:04:19] 636.7, 123.0, 5.169
[20:04:20] 636.7, 122.3, 7.954
[20:04:21] 867.8, 123.0, 5.195
[20:04:22] 670.7, 123.0, 5.171
[20:04:23] 637.1, 123.1, 5.191
[20:04:24] 637.2, 123.0, 5.182
[20:04:25] 637.2, 123.0, 5.185
[20:04:26] 679.4, 122.3, 8.145
[20:04:27] 997.3, 122.9, 5.449
[20:04:28] 723.5, 123.1, 5.178
[20:04:29] 637.5, 123.1, 5.172
[20:04:30] 637.4, 123.1, 5.169
[20:04:31] 637.2, 123.0, 5.172
[20:04:32] 637.2, 122.3, 8.140
[20:04:33] 993.7, 122.3, 8.162
[20:04:34] 999.8, 122.5, 7.256
[20:04:35] 803.8, 123.1, 5.185
[20:04:36] 638.6, 123.0, 5.178
[20:04:37] 638.4, 122.9, 5.171
[20:04:38] 638.2, 123.1, 5.166
[20:04:39] 638.0, 122.2, 8.061
[20:04:40] 905.0, 122.3, 8.169
[20:04:41] 1000.4, 122.2, 8.185
[20:04:42] 1000.7, 122.3, 8.192
[20:04:43] 1001.0, 122.3, 8.200
[20:04:44] 963.2, 123.0, 5.201
[20:04:45] 640.6, 123.1, 5.189
[20:04:46] 640.4, 123.0, 5.185
[20:04:47] 640.1, 123.1, 5.184
[20:04:48] 639.9, 123.0, 5.174
[20:04:49] 730.8, 122.3, 8.164
[20:04:50] 1000.2, 122.3, 8.181
[20:04:51] 1000.4, 122.3, 8.190
[20:04:52] 1000.8, 122.3, 8.204
[20:04:53] 1001.2, 122.3, 8.206
[20:04:54] 1001.7, 122.3, 8.212
[20:04:55] 1002.3, 122.3, 8.212
[20:04:56] 1002.7, 122.2, 8.220
[20:04:57] 1003.1, 122.2, 8.226
[20:04:58] 965.4, 123.0, 5.217
[20:04:59] 641.4, 122.9, 5.202
[20:05:00] 641.2, 123.0, 5.195
[20:05:01] 641.1, 122.9, 5.192
[20:05:02] 640.7, 123.0, 5.206
[20:05:03] 743.2, 122.3, 8.177
[20:05:04] 1001.6, 122.2, 8.192
[20:05:05] 1001.8, 122.2, 8.211
[20:05:06] 1002.2, 122.3, 8.217
[20:05:07] 1002.7, 122.2, 8.216
[20:05:08] 1003.1, 122.3, 8.225
[20:05:09] 1003.6, 122.3, 8.227
[20:05:10] 1004.1, 122.4, 8.228
[20:05:11] 1004.6, 122.2, 8.239
[20:05:12] 1005.1, 122.3, 8.235
[20:05:13] 1005.6, 122.3, 8.237
[20:05:14] 1006.0, 122.3, 8.238
[20:05:15] 1006.4, 122.2, 8.243
[20:05:16] 1006.8, 122.2, 8.246
[20:05:17] 1007.1, 122.3, 8.248
[20:05:18] 1007.5, 122.3, 8.249
[20:05:19] 1007.9, 122.2, 8.253
[20:05:20] 1008.2, 122.2, 8.250
[20:05:21] 878.2, 123.1, 5.225
[20:05:22] 643.9, 123.0, 5.218
[20:05:23] 643.6, 123.0, 5.210
[20:05:24] 643.3, 122.9, 5.199
