<<<[20:44:51] 642.2, 123.0, 5.202
[20:44:52] 641.8, 123.1, 5.195
[20:44:53] 641.4, 123.1, 5.198
[20:44:54] 641.2, 123.1, 5.315
[20:44:55] 655.2, 123.0, 5.206
[20:44:56] 644.1, 123.1, 5.206
[20:44:57] 643.5, 123.0, 5.205
[20:44:58] 643.1, 123.1, 5.199
[20:44:59] 642.6, 123.1, 5.201
[20:45:00] 642.3, 122.6, 7.130
[20:45:01] 734.9, 123.1, 5.181
[20:45:02] 638.0, 123.1, 5.196
[20:45:03] 637.9, 123.1, 5.191
[20:45:04] 637.9, 123.1, 5.188
[20:45:05] 637.9, 122.6, 7.119
[20:45:06] 731.9, 123.1, 5.189
[20:45:07] 638.2, 123.0, 5.196
[20:45:08] 638.2, 123.1, 5.188
[20:45:09] 638.2, 123.0, 5.196
[20:45:10] 638.1, 122.6, 7.112
[20:45:11] 731.9, 123.0, 5.198
[20:45:12] 638.6, 123.0, 5.195
[20:45:13] 638.5, 122.9, 5.197
[20:45:14] 638.4, 123.0, 5.191
[20:45:15] 638.3, 122.5, 7.103
[20:45:16] 730.6, 122.9, 5.193
[20:45:17] 637.6, 122.9, 5.177
[20:45:18] 637.5, 123.0, 5.186
[20:45:19] 637.4, 123.0, 5.186
[20:45:20] 637.4, 122.5, 7.086
[20:45:21] 730.2, 123.0, 5.196
[20:45:22] 637.3, 122.9, 5.189
[20:45:23] 637.3, 123.0, 5.193
[20:45:24] 637.3, 123.0, 5.188
[20:45:25] 637.3, 122.7, 7.066
[20:45:26] 730.0, 123.1, 5.189
[20:45:27] 637.6, 123.2, 5.193
[20:45:28] 637.5, 123.2, 5.186
[20:45:29] 637.5, 123.1, 5.189
[20:45:30] 637.5, 122.6, 7.040
[20:45:31] 728.8, 123.1, 5.191
[20:45:32] 637.6, 123.2, 5.194
[20:45:33] 637.5, 123.2, 5.179
[20:45:34] 637.4, 123.1, 5.188
[20:45:35] 637.5, 122.6, 7.014
[20:45:36] 726.2, 123.0, 5.190
[20:45:37] 637.6, 123.1, 5.191
[20:45:38] 637.5, 123.1, 5.196
[20:45:39] 637.5, 123.0, 5.191
[20:45:40] 637.4, 122.5, 6.989
[20:45:41] 723.5, 123.0, 5.199
[20:45:42] 637.5, 123.2, 5.187
[20:45:43] 637.4, 123.1, 5.191
[20:45:44] 637.4, 123.0, 5.193
[20:45:45] 637.3, 122.6, 6.994
[20:45:46] 716.8, 123.1, 5.188
[20:45:47] 637.1, 123.1, 5.194
[20:45:48] 637.1, 123.0, 5.187
[20:45:49] 637.0, 123.1, 5.169
[20:45:50] 637.0, 122.8, 5.608
[20:45:51] 753.0, 123.0, 5.201
[20:45:52] 637.3, 123.0, 5.191
[20:45:53] 637.2, 123.0, 5.202
[20:45:54] 637.4, 122.9, 5.202
[20:45:55] 637.6, 122.9, 5.204
[20:45:56] 741.6, 123.0, 5.471
[20:45:57] 722.3, 123.0, 5.197
[20:45:58] 637.5, 123.0, 5.194
[20:45:59] 637.4, 123.0, 5.200
[20:46:00] 637.4, 123.0, 5.194
[20:46:01] 637.4, 122.4, 7.836
[20:46:02] 919.3, 123.0, 5.214
[20:46:03] 638.0, 122.9, 5.208
[20:46:04] 637.9, 122.9, 5.200
[20:46:05] 637.9, 123.0, 5.176
[20:46:06] 637.8, 123.0, 5.196
[20:46:07] 753.4, 122.3, 7.852
[20:46:08] 953.6, 122.9, 5.239
[20:46:09] 679.8, 123.0, 5.202
[20:46:10] 638.2, 123.1, 5.197
[20:46:11] 638.1, 123.1, 5.202
[20:46:12] 638.0, 123.1, 5.195
[20:46:13] 668.9, 122.4, 7.840
[20:46:14] 961.1, 122.4, 7.876
[20:46:15] 961.4, 122.6, 7.415
[20:46:16] 863.2, 123.1, 5.209
[20:46:17] 639.4, 123.1, 5.208
[20:46:18] 639.2, 123.1, 5.196
[20:46:19] 639.0, 123.1, 5.195
[20:46:20] 638.8, 122.5, 7.175
[20:46:21] 824.1, 122.4, 7.856
[20:46:22] 963.4, 122.4, 7.870
[20:46:23] 963.6, 122.4, 7.882
[20:46:24] 963.8, 122.4, 7.888
[20:46:25] 964.3, 122.5, 7.526
[20:46:26] 871.5, 123.1, 5.224
[20:46:27] 640.0, 123.1, 5.210
[20:46:28] 639.9, 123.1, 5.204
[20:46:29] 639.7, 123.0, 5.206
[20:46:30] 639.5, 122.5, 6.827
[20:46:31] 815.2, 122.4, 7.866
[20:46:32] 964.2, 122.4, 7.881
[20:46:33] 964.3, 122.3, 7.890
[20:46:34] 964.6, 122.3, 7.893
[20:46:35] 965.0, 122.3, 7.905
[20:46:36] 965.3, 122.3, 7.910
[20:46:37] 965.8, 122.3, 7.912
[20:46:38] 966.2, 122.3, 7.916
[20:46:39] 966.6, 122.4, 7.919
[20:46:40] 967.1, 122.7, 7.438
[20:46:41] 808.3, 123.0, 5.240
[20:46:42] 641.8, 123.1, 5.227
[20:46:43] 641.7, 123.1, 5.224
[20:46:44] 641.7, 123.1, 5.221
