<<<[03:21:20] 646.2, 125.2, 5.159
[03:21:21] 645.9, 125.2, 5.158
[03:21:22] 645.6, 125.2, 5.284
[03:21:23] 661.7, 125.2, 5.230
[03:21:24] 650.8, 125.3, 5.160
[03:21:25] 643.7, 125.3, 5.161
[03:21:26] 643.7, 125.3, 5.137
[03:21:27] 643.6, 125.2, 5.161
[03:21:28] 643.7, 125.2, 5.600
[03:21:29] 736.1, 125.3, 5.157
[03:21:30] 643.4, 125.3, 5.132
[03:21:31] 643.3, 125.3, 5.152
[03:21:32] 643.2, 125.3, 5.154
[03:21:33] 643.1, 125.2, 5.640
[03:21:34] 733.3, 125.3, 5.133
[03:21:35] 642.6, 125.3, 5.155
[03:21:36] 642.6, 125.3, 5.152
[03:21:37] 642.6, 125.3, 5.155
[03:21:38] 642.7, 125.2, 5.681
[03:21:39] 732.9, 125.2, 5.162
[03:21:40] 643.6, 125.2, 5.157
[03:21:41] 643.5, 125.3, 5.157
[03:21:42] 643.5, 125.2, 5.131
[03:21:43] 643.4, 125.2, 5.740
[03:21:44] 731.7, 125.2, 5.149
[03:21:45] 642.2, 125.3, 5.157
[03:21:46] 642.2, 125.2, 5.132
[03:21:47] 642.2, 125.1, 5.145
[03:21:48] 642.2, 125.0, 5.796
[03:21:49] 730.9, 125.2, 5.143
[03:21:50] 642.6, 125.2, 5.131
[03:21:51] 642.5, 125.2, 5.152
[03:21:52] 642.5, 125.2, 5.150
[03:21:53] 642.5, 125.1, 5.853
[03:21:54] 730.2, 125.3, 5.132
[03:21:55] 642.2, 125.2, 5.152
[03:21:56] 642.2, 125.3, 5.146
[03:21:57] 642.2, 125.3, 5.150
[03:21:58] 642.2, 125.1, 5.900
[03:21:59] 728.0, 125.2, 5.149
[03:22:00] 642.6, 125.2, 5.148
[03:22:01] 642.5, 125.2, 5.144
[03:22:02] 642.5, 125.3, 5.126
[03:22:03] 642.4, 125.2, 5.971
[03:22:04] 724.5, 125.3, 5.149
[03:22:05] 642.4, 125.3, 5.146
[03:22:06] 642.4, 125.3, 5.129
[03:22:07] 642.3, 125.2, 5.140
[03:22:08] 642.2, 125.1, 6.047
[03:22:09] 718.0, 125.2, 5.150
[03:22:10] 642.6, 125.2, 5.128
[03:22:11] 642.5, 125.2, 5.143
[03:22:12] 642.4, 125.2, 5.142
[03:22:13] 642.4, 124.7, 7.158
[03:22:14] 753.2, 125.3, 5.130
[03:22:15] 642.2, 125.3, 5.155
[03:22:16] 642.2, 125.3, 5.143
[03:22:17] 642.2, 125.3, 5.143
[03:22:18] 642.2, 124.7, 7.210
[03:22:19] 809.9, 125.3, 5.156
[03:22:20] 658.1, 125.3, 5.145
[03:22:21] 642.4, 125.3, 5.148
[03:22:22] 642.4, 125.3, 5.124
[03:22:23] 642.3, 125.3, 5.143
[03:22:24] 735.5, 124.8, 7.147
[03:22:25] 828.0, 125.3, 5.155
[03:22:26] 643.0, 125.3, 5.130
[03:22:27] 642.9, 125.3, 5.147
[03:22:28] 642.8, 125.2, 5.142
[03:22:29] 642.7, 124.6, 7.538
[03:22:30] 860.1, 124.6, 7.560
[03:22:31] 894.9, 125.2, 5.158
[03:22:32] 643.4, 125.1, 5.152
[03:22:33] 643.3, 125.2, 5.150
[03:22:34] 643.2, 125.2, 5.131
[03:22:35] 643.1, 124.9, 5.728
[03:22:36] 797.9, 124.6, 7.699
[03:22:37] 960.1, 124.5, 7.712
[03:22:38] 954.0, 125.2, 5.161
[03:22:39] 666.8, 125.2, 5.163
[03:22:40] 644.1, 125.2, 5.153
[03:22:41] 643.9, 125.2, 5.149
[03:22:42] 643.8, 125.2, 5.131
[03:22:43] 675.2, 124.6, 7.692
[03:22:44] 959.3, 124.6, 7.711
[03:22:45] 959.5, 124.5, 7.714
[03:22:46] 959.9, 124.6, 7.734
[03:22:47] 960.5, 124.5, 7.740
[03:22:48] 916.2, 125.2, 5.168
[03:22:49] 645.3, 125.2, 5.157
[03:22:50] 645.1, 125.3, 5.137
[03:22:51] 644.8, 125.3, 5.153
[03:22:52] 644.6, 125.3, 5.146
[03:22:53] 749.1, 124.6, 7.709
[03:22:54] 961.3, 124.7, 7.724
[03:22:55] 961.5, 124.6, 7.726
[03:22:56] 961.8, 124.6, 7.741
[03:22:57] 962.3, 124.6, 7.747
[03:22:58] 962.7, 124.6, 7.745
[03:22:59] 963.2, 124.6, 7.749
[03:23:00] 963.6, 124.6, 7.754
[03:23:01] 964.1, 124.6, 7.759
[03:23:02] 964.5, 124.8, 6.972
[03:23:03] 788.2, 125.2, 5.176
[03:23:04] 646.1, 125.2, 5.163
[03:23:05] 645.9, 125.2, 5.161
[03:23:06] 645.7, 125.3, 5.135
[03:23:07] 645.4, 124.6, 7.678
[03:23:08] 902.2, 124.5, 7.728
[03:23:09] 963.2, 124.6, 7.740
[03:23:10] 963.4, 124.6, 7.748
[03:23:11] 963.8, 124.6, 7.750
[03:23:12] 964.1, 124.5, 7.755
[03:23:13] 964.5, 124.6, 7.753
[03:23:14] 964.8, 124.6, 7.758
[03:23:15] 965.2, 124.6, 7.765
[03:23:16] 965.6, 124.6, 7.764
[03:23:17] 965.9, 124.6, 7.767
[03:23:18] 966.2, 124.6, 7.766
[03:23:19] 966.6, 124.6, 7.764
[03:23:20] 966.8, 124.6, 7.768
[03:23:21] 967.0, 124.6, 7.770
[03:23:22] 967.2, 124.6, 7.768
[03:23:23] 967.4, 124.6, 7.775
[03:23:24] 967.7, 124.6, 7.774
[03:23:25] 967.9, 124.6, 7.770
[03:23:26] 968.0, 125.2, 5.255
[03:23:27] 719.1, 125.1, 5.189
[03:23:28] 648.1, 125.1, 5.177
[03:23:29] 647.9, 125.2, 5.168
[03:23:30] 647.6, 125.2, 5.152
