<<<[05:41:48] 645.3, 124.7, 5.163
[05:41:49] 645.2, 124.6, 5.160
[05:41:50] 645.1, 124.7, 5.242
[05:41:51] 655.2, 124.6, 5.309
[05:41:52] 662.1, 124.6, 5.335
[05:41:53] 662.1, 124.7, 5.279
[05:41:54] 661.9, 124.6, 5.292
[05:41:55] 661.9, 124.7, 5.308
[05:41:56] 662.0, 124.7, 5.288
[05:41:57] 662.0, 124.6, 5.306
[05:41:58] 662.0, 124.6, 5.342
[05:41:59] 662.6, 124.5, 5.281
[05:42:00] 655.0, 124.7, 5.165
[05:42:01] 644.1, 124.6, 5.166
[05:42:02] 644.1, 124.7, 5.164
[05:42:03] 644.1, 124.6, 5.164
[05:42:04] 644.1, 124.4, 5.995
[05:42:05] 738.6, 124.6, 5.160
[05:42:06] 643.7, 124.7, 5.162
[05:42:07] 643.6, 124.6, 5.164
[05:42:08] 643.7, 124.6, 5.163
[05:42:09] 643.7, 124.3, 5.614
[05:42:10] 733.7, 124.6, 5.166
[05:42:11] 643.9, 124.7, 5.160
[05:42:12] 643.8, 124.6, 5.161
[05:42:13] 643.8, 124.7, 5.159
[05:42:14] 643.7, 124.4, 5.353
[05:42:15] 731.9, 124.7, 5.162
[05:42:16] 643.7, 124.6, 5.159
[05:42:17] 643.7, 124.7, 5.157
[05:42:18] 643.6, 124.6, 5.157
[05:42:19] 643.5, 124.6, 5.174
[05:42:20] 730.0, 124.6, 5.164
[05:42:21] 643.9, 124.6, 5.156
[05:42:22] 643.8, 124.7, 5.156
[05:42:23] 643.7, 124.7, 5.154
[05:42:24] 643.6, 124.7, 5.160
[05:42:25] 724.3, 124.6, 5.162
[05:42:26] 643.4, 124.7, 5.156
[05:42:27] 643.3, 124.7, 5.155
[05:42:28] 643.3, 124.6, 5.158
[05:42:29] 643.3, 124.7, 5.155
[05:42:30] 738.6, 124.6, 5.169
[05:42:31] 667.0, 124.7, 5.156
[05:42:32] 643.4, 124.6, 5.158
[05:42:33] 643.3, 124.7, 5.157
[05:42:34] 643.3, 124.6, 5.152
[05:42:35] 711.9, 124.7, 5.318
[05:42:36] 724.1, 124.6, 5.168
[05:42:37] 644.5, 124.7, 5.168
[05:42:38] 644.4, 124.6, 5.155
[05:42:39] 644.3, 124.6, 5.153
[05:42:40] 644.1, 124.0, 7.889
[05:42:41] 898.5, 124.6, 5.161
[05:42:42] 643.6, 124.7, 5.158
[05:42:43] 643.6, 124.7, 5.155
[05:42:44] 643.6, 124.7, 5.152
[05:42:45] 643.5, 124.7, 5.150
[05:42:46] 778.2, 124.0, 7.896
[05:42:47] 927.4, 124.6, 5.161
[05:42:48] 643.7, 124.7, 5.155
[05:42:49] 643.6, 124.6, 5.158
[05:42:50] 643.6, 124.8, 5.154
[05:42:51] 643.6, 124.7, 5.165
[05:42:52] 757.5, 123.9, 7.894
[05:42:53] 980.9, 123.9, 7.912
[05:42:54] 961.4, 124.6, 5.186
[05:42:55] 674.3, 124.6, 5.178
[05:42:56] 645.7, 124.6, 5.175
[05:42:57] 645.6, 124.7, 5.166
[05:42:58] 645.4, 124.7, 5.169
[05:42:59] 721.1, 123.9, 7.928
[05:43:00] 985.3, 124.0, 7.946
[05:43:01] 985.4, 123.9, 7.953
[05:43:02] 985.8, 124.0, 7.960
[05:43:03] 986.0, 124.6, 5.380
[05:43:04] 727.2, 124.6, 5.174
[05:43:05] 645.7, 124.6, 5.163
[05:43:06] 645.5, 124.7, 5.160
[05:43:07] 645.3, 124.6, 5.160
[05:43:08] 645.3, 124.0, 7.894
[05:43:09] 981.3, 124.0, 7.914
[05:43:10] 981.5, 124.0, 7.923
[05:43:11] 981.8, 124.0, 7.929
[05:43:12] 982.2, 124.0, 7.941
[05:43:13] 982.7, 124.0, 7.944
[05:43:14] 983.2, 123.9, 7.945
[05:43:15] 983.6, 123.9, 7.947
[05:43:16] 984.0, 124.2, 7.504
[05:43:17] 868.1, 124.6, 5.182
[05:43:18] 646.7, 124.6, 5.173
[05:43:19] 646.5, 124.7, 5.168
[05:43:20] 646.3, 124.6, 5.165
[05:43:21] 646.1, 124.2, 6.940
[05:43:22] 830.4, 124.0, 7.915
[05:43:23] 983.1, 124.0, 7.928
[05:43:24] 983.2, 124.0, 7.938
[05:43:25] 983.5, 124.0, 7.944
[05:43:26] 983.9, 124.0, 7.943
[05:43:27] 984.1, 123.9, 7.951
[05:43:28] 984.5, 124.0, 7.951
[05:43:29] 984.8, 123.9, 7.952
[05:43:30] 985.1, 124.0, 7.954
[05:43:31] 985.5, 124.0, 7.957
[05:43:32] 985.8, 124.0, 7.959
[05:43:33] 986.1, 123.9, 7.966
[05:43:34] 986.4, 124.0, 7.969
[05:43:35] 986.8, 124.0, 7.956
[05:43:36] 987.0, 124.0, 7.972
[05:43:37] 987.2, 123.9, 7.971
[05:43:38] 987.5, 124.7, 5.539
[05:43:39] 762.6, 124.6, 5.184
[05:43:40] 646.7, 124.7, 5.181
[05:43:41] 646.6, 124.6, 5.170
