<<<[18:25:41] 637.3, 122.9, 5.199
[18:25:42] 637.3, 122.9, 5.191
[18:25:43] 637.2, 123.0, 5.194
[18:25:44] 637.3, 123.0, 5.328
[18:25:45] 649.3, 123.0, 5.199
[18:25:46] 637.6, 123.1, 5.192
[18:25:47] 637.5, 122.9, 5.195
[18:25:48] 637.5, 122.9, 5.197
[18:25:49] 637.5, 122.8, 5.183
[18:25:50] 732.1, 122.9, 5.195
[18:25:51] 637.6, 123.0, 5.194
[18:25:52] 637.5, 123.0, 5.194
[18:25:53] 637.4, 123.0, 5.190
[18:25:54] 637.3, 122.9, 5.190
[18:25:55] 730.2, 122.9, 5.197
[18:25:56] 636.9, 123.0, 5.191
[18:25:57] 636.9, 123.0, 5.192
[18:25:58] 636.9, 123.0, 5.191
[18:25:59] 636.8, 122.9, 5.190
[18:26:00] 730.0, 122.9, 5.197
[18:26:01] 636.5, 123.0, 5.198
[18:26:02] 636.5, 122.9, 5.193
[18:26:03] 636.5, 122.9, 5.191
[18:26:04] 636.5, 122.9, 5.193
[18:26:05] 729.8, 122.9, 5.175
[18:26:06] 636.3, 123.0, 5.192
[18:26:07] 636.3, 123.0, 5.196
[18:26:08] 636.3, 123.0, 5.190
[18:26:09] 636.3, 122.9, 5.190
[18:26:10] 729.6, 122.9, 5.197
[18:26:11] 636.3, 122.9, 5.195
[18:26:12] 636.3, 123.0, 5.190
[18:26:13] 636.3, 123.0, 5.193
[18:26:14] 636.4, 123.0, 5.188
[18:26:15] 728.8, 123.0, 5.193
[18:26:16] 636.3, 122.9, 5.191
[18:26:17] 636.3, 123.1, 5.185
[18:26:18] 636.3, 123.1, 5.184
[18:26:19] 636.3, 122.9, 5.189
[18:26:20] 728.4, 123.0, 5.189
[18:26:21] 635.9, 123.0, 5.163
[18:26:22] 635.9, 123.1, 5.183
[18:26:23] 635.9, 123.1, 5.180
[18:26:24] 635.9, 123.0, 5.182
[18:26:25] 726.4, 123.0, 5.200
[18:26:26] 638.4, 123.1, 5.191
[18:26:27] 638.3, 123.0, 5.188
[18:26:28] 638.3, 123.0, 5.184
[18:26:29] 638.2, 123.1, 5.188
[18:26:30] 726.4, 123.1, 5.190
[18:26:31] 636.1, 123.1, 5.185
[18:26:32] 636.1, 123.1, 5.181
[18:26:33] 636.1, 123.2, 5.181
[18:26:34] 636.1, 123.1, 5.180
[18:26:35] 720.7, 123.0, 5.189
[18:26:36] 636.1, 123.1, 5.183
[18:26:37] 636.0, 123.1, 5.160
[18:26:38] 636.0, 123.0, 5.183
[18:26:39] 636.0, 123.1, 5.183
[18:26:40] 713.4, 123.0, 5.225
[18:26:41] 684.7, 123.0, 5.188
[18:26:42] 636.3, 123.1, 5.180
[18:26:43] 636.2, 123.0, 5.183
[18:26:44] 636.2, 123.0, 5.181
[18:26:45] 693.7, 123.1, 5.732
[18:26:46] 737.8, 123.0, 5.186
[18:26:47] 636.3, 123.0, 5.185
[18:26:48] 636.2, 123.1, 5.183
[18:26:49] 636.2, 123.0, 5.184
[18:26:50] 636.2, 122.5, 7.483
[18:26:51] 862.2, 123.1, 5.189
[18:26:52] 636.9, 123.0, 5.190
[18:26:53] 636.8, 123.0, 5.163
[18:26:54] 636.6, 123.1, 5.183
[18:26:55] 636.6, 122.5, 6.992
[18:26:56] 824.1, 122.5, 7.216
[18:26:57] 811.1, 123.0, 5.190
[18:26:58] 636.7, 123.0, 5.188
[18:26:59] 636.6, 122.9, 5.189
[18:27:00] 636.6, 122.9, 5.188
[18:27:01] 636.6, 122.3, 7.880
[18:27:02] 887.4, 122.3, 7.988
[18:27:03] 967.2, 123.0, 5.254
[18:27:04] 691.6, 122.9, 5.198
[18:27:05] 637.6, 123.0, 5.192
[18:27:06] 637.5, 123.0, 5.186
[18:27:07] 637.4, 123.1, 5.189
[18:27:08] 677.2, 122.4, 7.970
[18:27:09] 977.0, 122.3, 8.000
[18:27:10] 977.3, 122.3, 8.004
[18:27:11] 977.7, 122.9, 5.910
[18:27:12] 755.2, 122.9, 5.208
[18:27:13] 638.8, 123.1, 5.203
[18:27:14] 638.7, 123.1, 5.193
[18:27:15] 638.5, 123.1, 5.191
[18:27:16] 638.3, 122.3, 7.956
[18:27:17] 935.9, 122.3, 7.999
[18:27:18] 980.1, 122.4, 8.001
[18:27:19] 980.2, 122.4, 8.018
[18:27:20] 980.5, 122.4, 8.023
[18:27:21] 980.9, 122.3, 8.028
[18:27:22] 981.2, 122.3, 8.032
[18:27:23] 902.4, 123.1, 5.221
[18:27:24] 640.8, 123.1, 5.209
[18:27:25] 640.6, 123.1, 5.184
[18:27:26] 640.3, 123.0, 5.201
[18:27:27] 640.0, 123.0, 5.194
[18:27:28] 774.8, 122.5, 7.991
[18:27:29] 979.8, 122.4, 8.004
[18:27:30] 980.0, 122.4, 8.014
[18:27:31] 980.4, 122.5, 8.022
[18:27:32] 980.8, 122.3, 8.024
[18:27:33] 981.2, 122.4, 8.030
[18:27:34] 981.6, 122.4, 8.035
[18:27:35] 982.2, 122.4, 8.046
[18:27:36] 982.6, 122.4, 8.045
[18:27:37] 983.1, 122.4, 8.048
[18:27:38] 983.5, 122.4, 8.044
[18:27:39] 983.8, 122.4, 8.046
[18:27:40] 984.2, 122.3, 8.053
[18:27:41] 830.0, 123.1, 5.210
[18:27:42] 641.0, 123.1, 5.215
[18:27:43] 640.8, 123.1, 5.209
[18:27:44] 640.6, 123.1, 5.202
