<<<[11:52:20] 645.8, 122.6, 5.246
[11:52:21] 645.7, 122.7, 5.246
[11:52:22] 645.5, 122.7, 5.244
[11:52:23] 653.2, 122.6, 5.458
[11:52:24] 670.7, 122.6, 5.425
[11:52:25] 665.0, 122.5, 5.435
[11:52:26] 665.1, 122.6, 5.384
[11:52:27] 665.4, 122.5, 5.465
[11:52:28] 665.6, 122.4, 5.393
[11:52:29] 665.5, 122.6, 5.429
[11:52:30] 665.4, 122.5, 5.471
[11:52:31] 665.5, 122.5, 5.374
[11:52:32] 665.2, 122.5, 5.381
[11:52:33] 664.7, 122.6, 5.385
[11:52:34] 664.4, 122.5, 5.495
[11:52:35] 664.5, 122.6, 5.384
[11:52:36] 664.3, 122.5, 5.428
[11:52:37] 663.9, 122.5, 5.498
[11:52:38] 671.5, 122.5, 5.393
[11:52:39] 661.1, 122.6, 5.379
[11:52:40] 661.3, 122.5, 5.500
[11:52:41] 661.9, 122.6, 5.390
[11:52:42] 661.7, 122.5, 5.383
[11:52:43] 661.9, 122.5, 5.489
[11:52:44] 670.3, 122.6, 5.437
[11:52:45] 670.0, 122.6, 5.381
[11:52:46] 660.7, 122.6, 5.382
[11:52:47] 660.2, 122.5, 5.245
[11:52:48] 643.6, 122.6, 5.247
[11:52:49] 643.6, 122.7, 5.245
[11:52:50] 643.6, 122.7, 5.244
[11:52:51] 643.6, 122.7, 5.240
[11:52:52] 682.1, 122.5, 5.299
[11:52:53] 699.1, 122.6, 5.242
[11:52:54] 643.4, 122.6, 5.241
[11:52:55] 643.4, 122.6, 5.239
[11:52:56] 643.4, 122.7, 5.239
[11:52:57] 672.9, 122.7, 5.303
[11:52:58] 700.6, 122.6, 5.241
[11:52:59] 643.4, 122.6, 5.240
[11:53:00] 643.3, 122.7, 5.238
[11:53:01] 643.3, 122.7, 5.236
[11:53:02] 665.2, 122.5, 5.311
[11:53:03] 702.4, 122.6, 5.243
[11:53:04] 643.6, 122.6, 5.240
[11:53:05] 643.5, 122.6, 5.237
[11:53:06] 643.4, 122.5, 5.241
[11:53:07] 643.5, 122.5, 6.201
[11:53:08] 762.0, 122.7, 5.241
[11:53:09] 643.6, 122.6, 5.237
[11:53:10] 643.5, 122.6, 5.235
[11:53:11] 643.5, 122.7, 5.236
[11:53:12] 643.4, 122.1, 7.358
[11:53:13] 793.7, 122.7, 5.239
[11:53:14] 644.1, 122.8, 5.234
[11:53:15] 644.1, 122.7, 5.234
[11:53:16] 644.1, 122.7, 5.234
[11:53:17] 644.0, 122.1, 7.546
[11:53:18] 834.7, 122.7, 5.333
[11:53:19] 707.5, 122.7, 5.242
[11:53:20] 643.6, 122.7, 5.239
[11:53:21] 643.5, 122.6, 5.238
[11:53:22] 643.5, 122.7, 5.236
[11:53:23] 681.3, 122.0, 7.951
[11:53:24] 960.5, 122.7, 5.350
[11:53:25] 710.5, 122.7, 5.242
[11:53:26] 643.7, 122.7, 5.240
[11:53:27] 643.7, 122.6, 5.237
[11:53:28] 643.6, 122.6, 5.237
[11:53:29] 683.1, 122.0, 7.941
[11:53:30] 970.9, 122.0, 7.952
[11:53:31] 959.9, 122.7, 5.259
[11:53:32] 665.2, 122.7, 5.245
[11:53:33] 644.3, 122.7, 5.242
[11:53:34] 644.2, 122.7, 5.241
[11:53:35] 644.2, 122.7, 5.238
[11:53:36] 689.8, 122.0, 7.954
[11:53:37] 971.1, 122.0, 7.963
[11:53:38] 971.2, 122.0, 7.976
[11:53:39] 971.6, 122.0, 7.984
[11:53:40] 958.9, 122.6, 5.275
[11:53:41] 668.6, 122.6, 5.252
[11:53:42] 644.9, 122.6, 5.249
[11:53:43] 644.8, 122.6, 5.246
[11:53:44] 644.6, 122.6, 5.243
[11:53:45] 705.0, 122.0, 7.952
[11:53:46] 971.9, 122.0, 7.966
[11:53:47] 972.0, 121.9, 7.980
[11:53:48] 972.3, 121.9, 7.988
[11:53:49] 972.7, 121.9, 7.996
[11:53:50] 973.2, 122.0, 7.996
[11:53:51] 973.6, 121.9, 7.994
[11:53:52] 974.0, 121.9, 8.001
[11:53:53] 953.6, 122.7, 5.283
[11:53:54] 672.9, 122.7, 5.260
[11:53:55] 646.3, 122.7, 5.254
[11:53:56] 646.1, 122.6, 5.250
[11:53:57] 645.9, 122.7, 5.246
[11:53:58] 737.2, 121.9, 7.964
[11:53:59] 972.7, 122.0, 7.978
[11:54:00] 972.9, 122.0, 7.985
[11:54:01] 973.2, 122.1, 7.985
[11:54:02] 973.6, 122.0, 7.985
[11:54:03] 974.1, 122.0, 8.003
[11:54:04] 974.6, 122.0, 8.007
[11:54:05] 975.0, 122.1, 8.007
[11:54:06] 975.4, 122.0, 8.000
[11:54:07] 975.7, 121.9, 8.012
[11:54:08] 976.1, 122.1, 8.007
[11:54:09] 976.4, 122.1, 8.013
[11:54:10] 976.7, 122.0, 8.016
[11:54:11] 977.0, 122.1, 8.007
[11:54:12] 977.2, 122.1, 8.009
[11:54:13] 977.4, 122.3, 7.371
[11:54:14] 811.8, 122.6, 5.272
[11:54:15] 647.5, 122.7, 5.264
[11:54:16] 647.4, 122.7, 5.263
[11:54:17] 647.1, 122.7, 5.253
