<<<[09:28:46] 647.2, 123.4, 5.236
[09:28:47] 647.0, 123.4, 5.232
[09:28:48] 646.9, 123.4, 5.232
[09:28:49] 647.2, 123.2, 5.388
[09:28:50] 666.4, 123.3, 5.370
[09:28:51] 666.0, 123.3, 5.260
[09:28:52] 654.4, 123.3, 5.238
[09:28:53] 647.3, 123.4, 5.219
[09:28:54] 647.1, 123.4, 5.231
[09:28:55] 647.1, 123.4, 5.235
[09:28:56] 647.1, 123.0, 6.888
[09:28:57] 743.0, 123.4, 5.223
[09:28:58] 645.9, 123.4, 5.226
[09:28:59] 645.8, 123.5, 5.228
[09:29:00] 645.7, 123.4, 5.223
[09:29:01] 645.7, 123.0, 6.838
[09:29:02] 738.8, 123.4, 5.233
[09:29:03] 645.5, 123.4, 5.224
[09:29:04] 645.5, 123.3, 5.226
[09:29:05] 645.4, 123.5, 5.228
[09:29:06] 645.4, 123.1, 6.798
[09:29:07] 738.4, 123.4, 5.226
[09:29:08] 645.7, 123.4, 5.229
[09:29:09] 645.6, 123.5, 5.226
[09:29:10] 645.6, 123.5, 5.224
[09:29:11] 645.6, 123.0, 6.745
[09:29:12] 736.5, 123.4, 5.228
[09:29:13] 645.5, 123.4, 5.221
[09:29:14] 645.5, 123.4, 5.231
[09:29:15] 645.5, 123.3, 5.227
[09:29:16] 645.5, 122.9, 6.637
[09:29:17] 733.9, 123.3, 5.233
[09:29:18] 645.3, 123.3, 5.237
[09:29:19] 645.3, 123.3, 5.220
[09:29:20] 645.3, 123.3, 5.231
[09:29:21] 645.4, 123.0, 6.452
[09:29:22] 729.0, 123.4, 5.221
[09:29:23] 645.7, 123.4, 5.226
[09:29:24] 645.6, 123.4, 5.229
[09:29:25] 645.6, 123.4, 5.217
[09:29:26] 645.6, 123.1, 5.692
[09:29:27] 719.3, 123.4, 5.230
[09:29:28] 645.3, 123.4, 5.214
[09:29:29] 645.2, 123.4, 5.223
[09:29:30] 645.2, 123.4, 5.224
[09:29:31] 645.2, 123.4, 5.223
[09:29:32] 747.7, 123.4, 5.229
[09:29:33] 646.5, 123.4, 5.224
[09:29:34] 646.2, 123.3, 5.227
[09:29:35] 646.1, 123.3, 5.223
[09:29:36] 646.1, 123.3, 5.222
[09:29:37] 706.1, 123.3, 5.794
[09:29:38] 748.1, 123.4, 5.227
[09:29:39] 645.9, 123.4, 5.227
[09:29:40] 645.8, 123.3, 5.225
[09:29:41] 645.7, 123.4, 5.222
[09:29:42] 645.7, 122.9, 7.448
[09:29:43] 877.0, 123.4, 5.267
[09:29:44] 697.1, 123.5, 5.225
[09:29:45] 645.7, 123.5, 5.222
[09:29:46] 645.6, 123.5, 5.213
[09:29:47] 645.6, 123.5, 5.219
[09:29:48] 688.4, 123.0, 7.466
[09:29:49] 919.3, 123.0, 7.241
[09:29:50] 803.6, 123.5, 5.233
[09:29:51] 646.9, 123.5, 5.226
[09:29:52] 646.7, 123.5, 5.214
[09:29:53] 646.6, 123.5, 5.205
[09:29:54] 646.4, 123.0, 7.401
[09:29:55] 850.0, 122.9, 7.485
[09:29:56] 921.1, 122.9, 7.502
[09:29:57] 921.3, 123.4, 5.866
[09:29:58] 751.8, 123.4, 5.239
[09:29:59] 647.5, 123.4, 5.236
[09:30:00] 647.5, 123.4, 5.225
[09:30:01] 647.5, 123.3, 5.231
[09:30:02] 647.4, 122.7, 7.464
[09:30:03] 897.3, 122.7, 7.495
[09:30:04] 922.7, 122.8, 7.513
[09:30:05] 922.8, 122.8, 7.519
[09:30:06] 923.0, 122.8, 7.519
[09:30:07] 923.3, 122.8, 7.515
[09:30:08] 917.7, 123.4, 5.260
[09:30:09] 653.4, 123.5, 5.246
[09:30:10] 648.1, 123.5, 5.240
[09:30:11] 647.9, 123.4, 5.237
[09:30:12] 647.7, 123.3, 5.237
[09:30:13] 722.5, 122.7, 7.490
[09:30:14] 922.3, 122.8, 7.517
[09:30:15] 922.5, 122.8, 7.518
[09:30:16] 922.7, 122.9, 7.518
[09:30:17] 923.0, 122.8, 7.530
[09:30:18] 923.4, 122.7, 7.542
[09:30:19] 923.9, 122.8, 7.537
[09:30:20] 924.4, 122.9, 7.542
[09:30:21] 924.8, 122.9, 7.544
[09:30:22] 925.2, 122.9, 7.533
[09:30:23] 925.6, 122.9, 7.546
[09:30:24] 925.9, 123.4, 5.269
[09:30:25] 651.4, 123.4, 5.248
[09:30:26] 651.1, 123.4, 5.246
[09:30:27] 650.8, 123.4, 5.246
[09:30:28] 650.4, 123.4, 5.247
