<<<[04:27:04] 647.0, 125.1, 5.130
[04:27:05] 646.5, 125.2, 5.130
[04:27:06] 646.0, 125.1, 5.327
[04:27:07] 659.7, 125.1, 5.344
[04:27:08] 660.1, 125.1, 5.291
[04:27:09] 660.4, 125.2, 5.295
[04:27:10] 661.0, 125.2, 5.165
[04:27:11] 652.4, 125.1, 5.159
[04:27:12] 644.3, 125.1, 5.158
[04:27:13] 644.3, 125.1, 5.155
[04:27:14] 644.2, 125.1, 5.153
[04:27:15] 644.1, 124.7, 6.828
[04:27:16] 737.6, 125.1, 5.131
[04:27:17] 642.8, 125.2, 5.153
[04:27:18] 642.9, 125.2, 5.150
[04:27:19] 643.0, 125.2, 5.150
[04:27:20] 643.2, 124.8, 6.804
[04:27:21] 736.1, 125.2, 5.126
[04:27:22] 642.6, 125.3, 5.126
[04:27:23] 642.5, 125.2, 5.128
[04:27:24] 642.5, 125.3, 5.123
[04:27:25] 642.5, 124.7, 6.778
[04:27:26] 734.7, 125.2, 5.125
[04:27:27] 642.0, 125.2, 5.121
[04:27:28] 642.0, 125.1, 5.127
[04:27:29] 642.0, 125.2, 5.126
[04:27:30] 642.0, 124.8, 6.756
[04:27:31] 734.1, 125.2, 5.127
[04:27:32] 642.4, 125.2, 5.127
[04:27:33] 642.3, 125.2, 5.123
[04:27:34] 642.3, 125.2, 5.125
[04:27:35] 642.2, 124.8, 6.735
[04:27:36] 733.9, 125.2, 5.126
[04:27:37] 642.4, 125.2, 5.125
[04:27:38] 642.4, 125.2, 5.124
[04:27:39] 642.3, 125.3, 5.121
[04:27:40] 642.3, 124.8, 6.691
[04:27:41] 732.1, 125.2, 5.123
[04:27:42] 642.4, 125.2, 5.122
[04:27:43] 642.3, 125.3, 5.119
[04:27:44] 642.2, 125.3, 5.123
[04:27:45] 642.2, 124.8, 6.639
[04:27:46] 729.8, 125.2, 5.126
[04:27:47] 642.2, 125.2, 5.118
[04:27:48] 642.1, 125.2, 5.119
[04:27:49] 642.0, 125.1, 5.121
[04:27:50] 642.0, 124.9, 6.536
[04:27:51] 724.7, 125.3, 5.121
[04:27:52] 642.0, 125.2, 5.119
[04:27:53] 641.9, 125.2, 5.122
[04:27:54] 641.9, 125.2, 5.120
[04:27:55] 641.8, 124.9, 5.763
[04:27:56] 765.8, 125.2, 5.123
[04:27:57] 641.8, 125.2, 5.122
[04:27:58] 641.8, 125.2, 5.122
[04:27:59] 641.7, 125.2, 5.120
[04:28:00] 641.7, 125.1, 5.121
[04:28:01] 751.4, 125.0, 5.161
[04:28:02] 688.6, 125.1, 5.130
[04:28:03] 642.0, 125.1, 5.126
[04:28:04] 641.9, 125.1, 5.122
[04:28:05] 641.9, 125.0, 5.124
[04:28:06] 706.3, 125.0, 5.617
[04:28:07] 749.8, 125.2, 5.123
[04:28:08] 642.2, 125.1, 5.126
[04:28:09] 642.1, 125.1, 5.123
[04:28:10] 642.1, 125.1, 5.121
[04:28:11] 642.0, 124.5, 7.633
[04:28:12] 894.3, 125.1, 5.168
[04:28:13] 691.0, 125.1, 5.128
[04:28:14] 642.4, 125.1, 5.128
[04:28:15] 642.3, 125.1, 5.123
[04:28:16] 642.2, 125.2, 5.148
[04:28:17] 665.4, 124.5, 7.657
[04:28:18] 955.1, 124.7, 7.306
[04:28:19] 869.3, 125.2, 5.140
[04:28:20] 643.7, 125.2, 5.132
[04:28:21] 643.5, 125.2, 5.126
[04:28:22] 643.4, 125.2, 5.128
[04:28:23] 643.3, 124.7, 6.949
[04:28:24] 820.3, 124.5, 7.668
[04:28:25] 956.9, 124.5, 7.685
[04:28:26] 957.1, 124.6, 7.339
[04:28:27] 872.7, 125.1, 5.145
[04:28:28] 644.7, 125.2, 5.134
[04:28:29] 644.5, 125.2, 5.132
[04:28:30] 644.3, 125.2, 5.129
[04:28:31] 644.1, 124.6, 6.901
[04:28:32] 819.1, 124.5, 7.677
[04:28:33] 957.7, 124.5, 7.696
[04:28:34] 958.0, 124.6, 7.707
[04:28:35] 958.4, 124.5, 7.719
[04:28:36] 958.9, 124.5, 7.722
[04:28:37] 959.3, 124.6, 7.386
[04:28:38] 877.0, 125.2, 5.155
[04:28:39] 645.7, 125.2, 5.145
[04:28:40] 645.5, 125.2, 5.141
[04:28:41] 645.3, 125.1, 5.136
[04:28:42] 645.1, 124.6, 6.829
[04:28:43] 817.6, 124.6, 7.679
[04:28:44] 958.9, 124.5, 7.702
[04:28:45] 959.1, 124.6, 7.711
[04:28:46] 959.4, 124.6, 7.711
[04:28:47] 959.8, 124.5, 7.729
[04:28:48] 960.2, 124.4, 7.736
[04:28:49] 960.7, 124.5, 7.734
[04:28:50] 961.2, 124.5, 7.742
[04:28:51] 961.7, 124.4, 7.741
[04:28:52] 962.1, 124.4, 7.745
[04:28:53] 962.5, 124.4, 7.748
[04:28:54] 962.9, 125.0, 6.297
[04:28:55] 788.2, 125.2, 5.156
[04:28:56] 646.1, 125.1, 5.155
[04:28:57] 646.0, 125.0, 5.148
[04:28:58] 645.8, 125.1, 5.141
