<<<[00:20:08] 649.2, 124.5, 5.118
[00:20:09] 637.1, 124.6, 5.122
[00:20:10] 637.0, 124.6, 5.123
[00:20:11] 637.2, 124.5, 5.271
[00:20:12] 656.5, 124.6, 5.127
[00:20:13] 638.0, 124.6, 5.117
[00:20:14] 637.9, 124.6, 5.125
[00:20:15] 637.9, 124.7, 5.125
[00:20:16] 637.8, 124.6, 5.126
[00:20:17] 637.8, 124.6, 5.698
[00:20:18] 733.3, 124.6, 5.123
[00:20:19] 637.6, 124.6, 5.124
[00:20:20] 637.5, 124.6, 5.117
[00:20:21] 637.5, 124.6, 5.132
[00:20:22] 637.5, 124.5, 5.720
[00:20:23] 731.7, 124.7, 5.129
[00:20:24] 637.5, 124.7, 5.120
[00:20:25] 637.5, 124.6, 5.124
[00:20:26] 637.4, 124.6, 5.118
[00:20:27] 637.4, 124.6, 5.770
[00:20:28] 731.1, 124.7, 5.123
[00:20:29] 637.3, 124.7, 5.112
[00:20:30] 637.2, 124.6, 5.120
[00:20:31] 637.2, 124.6, 5.123
[00:20:32] 637.2, 124.6, 5.819
[00:20:33] 730.6, 124.7, 5.124
[00:20:34] 637.1, 124.6, 5.119
[00:20:35] 637.1, 124.6, 5.122
[00:20:36] 637.1, 124.7, 5.119
[00:20:37] 637.1, 124.6, 5.881
[00:20:38] 729.8, 124.6, 5.120
[00:20:39] 637.1, 124.7, 5.121
[00:20:40] 637.1, 124.6, 5.121
[00:20:41] 637.1, 124.6, 5.127
[00:20:42] 637.0, 124.6, 5.927
[00:20:43] 729.2, 124.6, 5.121
[00:20:44] 637.1, 124.6, 5.121
[00:20:45] 637.1, 124.7, 5.107
[00:20:46] 637.0, 124.6, 5.118
[00:20:47] 636.9, 124.6, 5.983
[00:20:48] 727.8, 124.6, 5.119
[00:20:49] 637.1, 124.7, 5.121
[00:20:50] 637.0, 124.6, 5.119
[00:20:51] 637.1, 124.7, 5.118
[00:20:52] 637.2, 124.6, 6.032
[00:20:53] 725.4, 124.6, 5.125
[00:20:54] 637.1, 124.7, 5.114
[00:20:55] 637.0, 124.7, 5.120
[00:20:56] 637.0, 124.6, 5.115
[00:20:57] 636.9, 124.6, 6.107
[00:20:58] 720.9, 124.7, 5.117
[00:20:59] 636.7, 124.6, 5.120
[00:21:00] 636.7, 124.7, 5.116
[00:21:01] 636.6, 124.7, 5.101
[00:21:02] 636.5, 124.2, 7.088
[00:21:03] 761.3, 124.7, 5.122
[00:21:04] 636.7, 124.7, 5.115
[00:21:05] 636.7, 124.7, 5.120
[00:21:06] 636.7, 124.6, 5.116
[00:21:07] 636.7, 124.1, 7.300
[00:21:08] 792.6, 124.7, 5.120
[00:21:09] 637.1, 124.7, 5.119
[00:21:10] 637.0, 124.7, 5.118
[00:21:11] 637.0, 124.7, 5.123
[00:21:12] 636.9, 124.3, 6.275
[00:21:13] 790.0, 124.8, 5.131
[00:21:14] 655.4, 124.7, 5.119
[00:21:15] 637.1, 124.8, 5.115
[00:21:16] 637.0, 124.7, 5.114
[00:21:17] 636.9, 124.6, 5.101
[00:21:18] 676.6, 124.0, 7.646
[00:21:19] 895.5, 124.7, 5.119
[00:21:20] 637.1, 124.7, 5.120
[00:21:21] 637.0, 124.6, 5.121
[00:21:22] 637.0, 124.6, 5.121
[00:21:23] 637.0, 124.6, 5.123
[00:21:24] 747.9, 124.0, 7.654
[00:21:25] 950.4, 124.4, 6.600
[00:21:26] 770.9, 124.6, 5.132
[00:21:27] 638.2, 124.6, 5.133
[00:21:28] 638.0, 124.6, 5.126
[00:21:29] 638.0, 124.7, 5.126
[00:21:30] 637.9, 124.0, 7.625
[00:21:31] 892.2, 124.0, 7.682
[00:21:32] 953.0, 123.9, 7.688
[00:21:33] 953.1, 124.4, 6.774
[00:21:34] 780.7, 124.6, 5.145
[00:21:35] 639.8, 124.6, 5.142
[00:21:36] 639.6, 124.6, 5.136
[00:21:37] 639.5, 124.7, 5.129
[00:21:38] 639.2, 124.1, 7.589
[00:21:39] 872.1, 124.0, 7.679
[00:21:40] 953.6, 124.0, 7.689
[00:21:41] 953.7, 123.9, 7.699
[00:21:42] 953.9, 124.0, 7.704
[00:21:43] 954.2, 124.0, 7.706
[00:21:44] 954.5, 124.1, 7.260
[00:21:45] 843.9, 124.5, 5.156
[00:21:46] 640.6, 124.5, 5.151
[00:21:47] 640.5, 124.6, 5.145
[00:21:48] 640.2, 124.6, 5.139
[00:21:49] 640.1, 124.0, 7.327
[00:21:50] 834.1, 124.0, 7.684
[00:21:51] 953.8, 123.9, 7.691
[00:21:52] 953.9, 123.9, 7.705
[00:21:53] 954.2, 124.0, 7.707
[00:21:54] 954.6, 123.9, 7.711
[00:21:55] 954.9, 124.0, 7.715
[00:21:56] 955.2, 124.0, 7.718
[00:21:57] 955.6, 124.0, 7.722
[00:21:58] 955.9, 123.9, 7.728
[00:21:59] 956.3, 124.0, 7.728
[00:22:00] 956.8, 124.0, 7.729
[00:22:01] 957.1, 123.9, 7.731
[00:22:02] 841.2, 124.6, 5.277
[00:22:03] 655.8, 124.6, 5.266
[00:22:04] 655.5, 124.6, 5.252
[00:22:05] 655.1, 124.6, 5.125
<<<[02:33:30] 641.2, 125.2, 5.095
[02:33:31] 640.8, 125.2, 5.098
[02:33:32] 640.5, 125.2, 5.097
[02:33:33] 640.9, 125.2, 5.245
[02:33:34] 660.7, 125.2, 5.225
[02:33:35] 652.4, 125.2, 5.129
[02:33:36] 641.6, 125.2, 5.090
[02:33:37] 641.1, 125.2, 5.091
[02:33:38] 640.7, 125.2, 5.090
[02:33:39] 640.3, 124.9, 5.905
[02:33:40] 733.7, 125.1, 5.093
[02:33:41] 638.0, 125.1, 5.092
[02:33:42] 638.0, 125.1, 5.090
[02:33:43] 637.9, 125.1, 5.089
[02:33:44] 637.8, 124.8, 5.778
[02:33:45] 731.9, 125.1, 5.097
[02:33:46] 638.8, 125.1, 5.085
[02:33:47] 638.5, 125.1, 5.088
[02:33:48] 638.4, 125.1, 5.089
[02:33:49] 638.2, 124.9, 5.712
[02:33:50] 731.9, 125.1, 5.087
[02:33:51] 636.7, 125.1, 5.088
[02:33:52] 636.7, 125.1, 5.085
[02:33:53] 636.8, 125.2, 5.087
[02:33:54] 636.9, 124.8, 5.634
[02:33:55] 730.4, 125.1, 5.090
[02:33:56] 637.3, 125.2, 5.086
[02:33:57] 637.2, 125.1, 5.087
[02:33:58] 637.3, 125.1, 5.081
[02:33:59] 637.2, 124.9, 5.544
[02:34:00] 730.4, 125.2, 5.091
[02:34:01] 637.3, 125.2, 5.087
[02:34:02] 637.3, 125.2, 5.086
[02:34:03] 637.2, 125.2, 5.084
[02:34:04] 637.1, 125.0, 5.430
[02:34:05] 729.6, 125.2, 5.089
[02:34:06] 637.8, 125.2, 5.085
[02:34:07] 637.6, 125.2, 5.085
[02:34:08] 637.5, 125.2, 5.082
[02:34:09] 637.4, 125.1, 5.274
[02:34:10] 728.4, 125.2, 5.085
[02:34:11] 636.5, 125.2, 5.087
[02:34:12] 636.6, 125.2, 5.088
[02:34:13] 636.6, 125.2, 5.085
[02:34:14] 636.7, 125.1, 5.099
[02:34:15] 725.4, 125.1, 5.088
[02:34:16] 637.1, 125.1, 5.084
[02:34:17] 637.0, 125.2, 5.084
[02:34:18] 637.1, 125.1, 5.081
[02:34:19] 637.0, 125.1, 5.084
[02:34:20] 722.1, 125.1, 5.083
[02:34:21] 636.7, 125.2, 5.082
[02:34:22] 636.7, 125.1, 5.081
[02:34:23] 636.6, 125.2, 5.081
[02:34:24] 636.7, 125.2, 5.078
[02:34:25] 738.4, 125.1, 5.093
[02:34:26] 662.1, 125.2, 5.082
[02:34:27] 636.5, 125.1, 5.083
[02:34:28] 636.5, 125.2, 5.080
[02:34:29] 636.5, 125.1, 5.080
[02:34:30] 721.9, 125.1, 5.233
[02:34:31] 710.7, 125.2, 5.083
[02:34:32] 636.9, 125.2, 5.083
[02:34:33] 636.8, 125.2, 5.080
[02:34:34] 636.9, 125.2, 5.078
[02:34:35] 666.2, 124.9, 6.761
[02:34:36] 784.3, 125.2, 5.083
[02:34:37] 637.1, 125.2, 5.082
[02:34:38] 637.1, 125.1, 5.082
[02:34:39] 636.9, 125.1, 5.081
[02:34:40] 636.9, 124.5, 7.615
[02:34:41] 869.7, 125.2, 5.251
[02:34:42] 717.0, 125.3, 5.086
[02:34:43] 637.3, 125.3, 5.085
[02:34:44] 637.2, 125.2, 5.082
[02:34:45] 637.2, 125.2, 5.081
[02:34:46] 637.2, 124.6, 7.724
[02:34:47] 948.9, 124.6, 7.761
[02:34:48] 909.7, 125.2, 5.099
[02:34:49] 638.6, 125.2, 5.087
[02:34:50] 638.5, 125.1, 5.086
[02:34:51] 638.2, 125.2, 5.084
[02:34:52] 638.1, 125.2, 5.081
[02:34:53] 779.2, 124.5, 7.748
[02:34:54] 966.6, 124.5, 7.772
[02:34:55] 966.9, 124.5, 7.774
[02:34:56] 915.0, 125.2, 5.109
[02:34:57] 639.8, 125.2, 5.097
[02:34:58] 639.6, 125.2, 5.089
[02:34:59] 639.3, 125.2, 5.087
[02:35:00] 639.1, 125.2, 5.084
[02:35:01] 769.1, 124.6, 7.757
[02:35:02] 966.8, 124.5, 7.770
[02:35:03] 967.0, 124.5, 7.781
[02:35:04] 967.4, 124.5, 7.788
[02:35:05] 967.9, 124.6, 7.788
[02:35:06] 968.3, 124.5, 7.795
[02:35:07] 924.6, 125.2, 5.118
[02:35:08] 640.8, 125.2, 5.111
[02:35:09] 640.6, 125.1, 5.102
[02:35:10] 640.5, 125.1, 5.096
[02:35:11] 640.2, 125.2, 5.094
[02:35:12] 748.7, 124.6, 7.766
[02:35:13] 968.5, 124.5, 7.776
[02:35:14] 968.6, 124.5, 7.784
[02:35:15] 968.9, 124.6, 7.790
[02:35:16] 969.2, 124.6, 7.798
[02:35:17] 969.7, 124.5, 7.808
[02:35:18] 970.1, 124.5, 7.810
[02:35:19] 970.6, 124.5, 7.815
[02:35:20] 971.1, 124.5, 7.817
[02:35:21] 971.5, 124.5, 7.813
[02:35:22] 971.9, 124.5, 7.817
[02:35:23] 972.3, 124.4, 7.821
[02:35:24] 898.9, 125.1, 5.132
[02:35:25] 643.0, 125.2, 5.120
[02:35:26] 642.8, 125.1, 5.111
[02:35:27] 642.4, 125.2, 5.108
[02:35:28] 642.0, 125.2, 5.103
