<<<[10:34:38] 648.1, 122.9, 5.247
[10:34:39] 647.7, 122.9, 5.249
[10:34:40] 647.5, 122.8, 5.413
[10:34:41] 660.1, 122.9, 5.299
[10:34:42] 652.0, 122.9, 5.252
[10:34:43] 645.9, 122.9, 5.254
[10:34:44] 645.9, 122.8, 5.254
[10:34:45] 646.0, 122.9, 5.254
[10:34:46] 646.0, 122.8, 6.661
[10:34:47] 741.2, 123.0, 5.249
[10:34:48] 645.9, 122.9, 5.247
[10:34:49] 645.8, 122.9, 5.239
[10:34:50] 645.8, 123.0, 5.240
[10:34:51] 645.7, 122.7, 6.698
[10:34:52] 740.2, 123.0, 5.242
[10:34:53] 645.9, 123.0, 5.243
[10:34:54] 645.8, 123.0, 5.242
[10:34:55] 645.6, 123.0, 5.241
[10:34:56] 645.6, 122.8, 6.735
[10:34:57] 739.2, 122.9, 5.246
[10:34:58] 645.5, 122.9, 5.245
[10:34:59] 645.4, 123.0, 5.240
[10:35:00] 645.4, 123.0, 5.241
[10:35:01] 645.3, 122.7, 6.784
[10:35:02] 739.4, 122.9, 5.242
[10:35:03] 644.9, 122.9, 5.251
[10:35:04] 645.0, 122.9, 5.242
[10:35:05] 645.0, 122.9, 5.241
[10:35:06] 645.0, 122.7, 6.851
[10:35:07] 737.6, 122.9, 5.246
[10:35:08] 645.3, 122.8, 5.248
[10:35:09] 645.3, 122.9, 5.243
[10:35:10] 645.2, 122.8, 5.246
[10:35:11] 645.1, 122.5, 6.910
[10:35:12] 736.5, 123.0, 5.241
[10:35:13] 645.3, 122.9, 5.241
[10:35:14] 645.2, 122.9, 5.233
[10:35:15] 645.2, 123.0, 5.236
[10:35:16] 645.2, 122.7, 6.969
[10:35:17] 734.5, 122.9, 5.240
[10:35:18] 645.3, 122.9, 5.235
[10:35:19] 645.2, 123.0, 5.234
[10:35:20] 645.2, 122.9, 5.238
[10:35:21] 645.2, 122.6, 7.003
[10:35:22] 729.8, 122.8, 5.238
[10:35:23] 645.3, 122.9, 5.248
[10:35:24] 645.3, 122.8, 5.239
[10:35:25] 645.3, 122.9, 5.239
[10:35:26] 645.2, 122.7, 7.062
[10:35:27] 721.5, 123.0, 5.238
[10:35:28] 645.5, 122.9, 5.238
[10:35:29] 645.4, 122.9, 5.232
[10:35:30] 645.4, 122.9, 5.234
[10:35:31] 645.4, 122.3, 7.433
[10:35:32] 754.0, 122.8, 5.246
[10:35:33] 645.5, 122.9, 5.243
[10:35:34] 645.5, 122.9, 5.249
[10:35:35] 645.4, 122.9, 5.244
[10:35:36] 645.4, 122.6, 6.040
[10:35:37] 787.8, 122.9, 5.264
[10:35:38] 676.6, 122.9, 5.249
[10:35:39] 645.3, 122.9, 5.245
[10:35:40] 645.3, 122.9, 5.246
[10:35:41] 645.3, 122.8, 5.242
[10:35:42] 690.0, 122.3, 7.728
[10:35:43] 904.0, 122.9, 5.256
[10:35:44] 646.5, 122.9, 5.248
[10:35:45] 646.4, 122.9, 5.243
[10:35:46] 646.2, 122.9, 5.245
[10:35:47] 646.1, 122.9, 5.243
[10:35:48] 778.4, 122.3, 7.737
[10:35:49] 945.7, 123.0, 5.479
[10:35:50] 728.8, 123.0, 5.250
[10:35:51] 646.1, 122.9, 5.246
[10:35:52] 646.0, 122.8, 5.250
[10:35:53] 646.0, 122.9, 5.243
[10:35:54] 657.1, 122.3, 7.725
[10:35:55] 947.1, 122.3, 7.760
[10:35:56] 947.4, 122.2, 7.770
[10:35:57] 938.8, 122.8, 5.285
[10:35:58] 681.3, 122.9, 5.262
[10:35:59] 647.1, 122.9, 5.284
[10:36:00] 647.2, 122.9, 5.279
[10:36:01] 647.2, 122.9, 5.277
[10:36:02] 716.0, 122.3, 7.748
[10:36:03] 948.9, 122.2, 7.770
[10:36:04] 949.1, 122.2, 7.780
[10:36:05] 949.6, 122.3, 7.778
[10:36:06] 950.1, 122.3, 7.791
[10:36:07] 950.6, 122.4, 7.423
[10:36:08] 855.0, 122.9, 5.275
[10:36:09] 649.5, 122.8, 5.267
[10:36:10] 649.3, 122.9, 5.264
[10:36:11] 649.1, 122.9, 5.254
[10:36:12] 648.8, 122.4, 7.362
[10:36:13] 832.5, 122.3, 7.764
[10:36:14] 951.2, 122.3, 7.773
[10:36:15] 951.3, 122.3, 7.785
[10:36:16] 951.6, 122.3, 7.793
[10:36:17] 952.0, 122.2, 7.799
[10:36:18] 952.4, 122.2, 7.803
[10:36:19] 952.9, 122.2, 7.810
[10:36:20] 953.4, 122.2, 7.818
[10:36:21] 953.9, 122.2, 7.806
[10:36:22] 954.2, 122.3, 7.814
[10:36:23] 954.6, 122.3, 7.814
[10:36:24] 837.0, 122.8, 5.280
[10:36:25] 650.2, 122.8, 5.272
[10:36:26] 650.0, 122.8, 5.269
[10:36:27] 649.8, 122.8, 5.265
