<<<[22:18:24] 639.2, 123.5, 5.155
[22:18:25] 639.0, 123.6, 5.180
[22:18:26] 639.0, 123.5, 5.282
[22:18:27] 648.1, 123.5, 5.260
[22:18:28] 648.0, 123.7, 5.182
[22:18:29] 639.6, 123.5, 5.183
[22:18:30] 639.6, 123.6, 5.157
[22:18:31] 639.4, 123.6, 5.189
[22:18:32] 674.1, 123.5, 5.231
[22:18:33] 699.7, 123.6, 5.154
[22:18:34] 637.8, 123.7, 5.152
[22:18:35] 637.7, 123.6, 5.152
[22:18:36] 637.7, 123.5, 5.155
[22:18:37] 670.3, 123.7, 5.240
[22:18:38] 700.0, 123.6, 5.155
[22:18:39] 637.5, 123.6, 5.151
[22:18:40] 637.5, 123.6, 5.154
[22:18:41] 637.5, 123.6, 5.177
[22:18:42] 669.5, 123.5, 5.238
[22:18:43] 700.8, 123.5, 5.154
[22:18:44] 637.1, 123.6, 5.156
[22:18:45] 637.2, 123.5, 5.158
[22:18:46] 637.2, 123.6, 5.153
[22:18:47] 666.8, 123.6, 5.244
[22:18:48] 702.4, 123.5, 5.158
[22:18:49] 638.0, 123.6, 5.157
[22:18:50] 637.9, 123.6, 5.152
[22:18:51] 637.8, 123.5, 5.155
[22:18:52] 665.4, 123.6, 5.250
[22:18:53] 703.4, 123.5, 5.157
[22:18:54] 637.3, 123.6, 5.153
[22:18:55] 637.3, 123.5, 5.152
[22:18:56] 637.3, 123.5, 5.157
[22:18:57] 663.0, 123.6, 5.259
[22:18:58] 704.8, 123.6, 5.151
[22:18:59] 637.1, 123.6, 5.155
[22:19:00] 637.1, 123.6, 5.150
[22:19:01] 637.1, 123.6, 5.156
[22:19:02] 659.3, 123.5, 5.262
[22:19:03] 705.4, 123.6, 5.151
[22:19:04] 637.5, 123.6, 5.176
[22:19:05] 637.6, 123.6, 5.175
[22:19:06] 637.8, 123.6, 5.166
[22:19:07] 654.6, 123.6, 5.274
[22:19:08] 706.7, 123.6, 5.152
[22:19:09] 637.5, 123.6, 5.150
[22:19:10] 637.4, 123.7, 5.151
[22:19:11] 637.3, 123.6, 5.148
[22:19:12] 637.8, 123.5, 5.278
[22:19:13] 710.7, 123.7, 5.154
[22:19:14] 637.3, 123.6, 5.151
[22:19:15] 637.2, 123.5, 5.151
[22:19:16] 637.2, 123.6, 5.148
[22:19:17] 637.2, 123.3, 6.689
[22:19:18] 747.3, 123.6, 5.158
[22:19:19] 637.5, 123.6, 5.154
[22:19:20] 637.4, 123.5, 5.147
[22:19:21] 637.3, 123.6, 5.149
[22:19:22] 637.3, 123.0, 7.353
[22:19:23] 811.5, 123.6, 5.154
[22:19:24] 637.6, 123.6, 5.151
[22:19:25] 637.5, 123.5, 5.158
[22:19:26] 637.4, 123.5, 5.154
[22:19:27] 637.3, 123.5, 5.165
[22:19:28] 762.6, 123.2, 6.885
[22:19:29] 763.2, 123.6, 5.155
[22:19:30] 637.5, 123.6, 5.153
[22:19:31] 637.4, 123.5, 5.158
[22:19:32] 637.4, 123.6, 5.152
[22:19:33] 637.3, 123.0, 7.382
[22:19:34] 866.8, 123.0, 7.235
[22:19:35] 826.2, 123.6, 5.159
[22:19:36] 638.4, 123.5, 5.156
[22:19:37] 638.3, 123.5, 5.152
[22:19:38] 638.2, 123.6, 5.148
[22:19:39] 638.0, 123.0, 6.991
[22:19:40] 802.4, 123.0, 7.417
[22:19:41] 913.8, 122.9, 7.433
[22:19:42] 913.5, 123.6, 5.183
[22:19:43] 669.5, 123.6, 5.165
[22:19:44] 638.6, 123.5, 5.158
[22:19:45] 638.5, 123.6, 5.154
[22:19:46] 638.4, 123.6, 5.155
[22:19:47] 674.8, 122.9, 7.414
[22:19:48] 913.4, 123.0, 7.438
[22:19:49] 913.7, 123.0, 7.446
[22:19:50] 914.0, 123.0, 7.445
[22:19:51] 914.4, 123.1, 7.450
[22:19:52] 914.1, 123.6, 5.189
[22:19:53] 673.1, 123.6, 5.165
[22:19:54] 639.2, 123.6, 5.161
[22:19:55] 639.0, 123.6, 5.158
[22:19:56] 638.8, 123.5, 5.153
[22:19:57] 697.9, 123.0, 7.426
[22:19:58] 914.4, 123.1, 7.439
[22:19:59] 914.6, 123.0, 7.444
[22:20:00] 914.9, 122.9, 7.455
[22:20:01] 915.3, 123.0, 7.463
[22:20:02] 915.7, 123.0, 7.467
[22:20:03] 916.1, 122.9, 7.473
[22:20:04] 916.6, 123.0, 7.470
[22:20:05] 917.0, 122.9, 7.478
[22:20:06] 917.5, 122.9, 7.480
[22:20:07] 895.7, 123.6, 5.191
[22:20:08] 641.0, 123.6, 5.174
[22:20:09] 640.9, 123.5, 5.170
[22:20:10] 640.6, 123.7, 5.161
[22:20:11] 640.4, 123.7, 5.160
[22:20:12] 743.7, 123.0, 7.437
[22:20:13] 916.2, 123.1, 7.447
[22:20:14] 916.3, 123.1, 7.454
[22:20:15] 916.6, 123.0, 7.455
[22:20:16] 916.9, 123.0, 7.476
[22:20:17] 917.3, 123.1, 7.470
[22:20:18] 917.7, 123.1, 7.476
[22:20:19] 918.1, 123.0, 7.477
[22:20:20] 918.5, 123.1, 7.478
[22:20:21] 918.8, 123.1, 7.477
[22:20:22] 919.2, 123.0, 7.474
[22:20:23] 919.4, 123.0, 7.479
[22:20:24] 919.6, 123.1, 7.472
[22:20:25] 919.8, 123.0, 7.482
[22:20:26] 920.0, 123.0, 7.464
[22:20:27] 920.1, 123.0, 7.487
[22:20:28] 920.3, 123.1, 7.483
[22:20:29] 920.6, 123.0, 7.500
[22:20:30] 920.9, 122.9, 7.492
[22:20:31] 921.1, 123.6, 5.349
[22:20:32] 722.7, 123.6, 5.185
[22:20:33] 641.8, 123.5, 5.179
[22:20:34] 641.6, 123.6, 5.175
[22:20:35] 641.4, 123.5, 5.171
