<<<[09:56:43] 649.9, 123.3, 5.254
[09:56:44] 649.9, 123.5, 5.258
[09:56:45] 649.8, 123.4, 5.259
[09:56:46] 657.1, 123.3, 5.395
[09:56:47] 671.3, 123.3, 5.393
[09:56:48] 671.0, 123.3, 5.463
[09:56:49] 671.1, 123.3, 5.382
[09:56:50] 670.6, 123.4, 5.442
[09:56:51] 670.5, 123.2, 5.499
[09:56:52] 670.5, 123.2, 5.452
[09:56:53] 670.3, 123.3, 5.530
[09:56:54] 670.6, 123.3, 5.362
[09:56:55] 659.9, 123.3, 5.258
[09:56:56] 650.0, 123.2, 5.267
[09:56:57] 649.9, 123.3, 5.252
[09:56:58] 649.9, 123.3, 5.261
[09:56:59] 649.9, 122.8, 6.839
[09:57:00] 744.1, 123.3, 5.254
[09:57:01] 649.7, 123.3, 5.252
[09:57:02] 649.5, 123.5, 5.240
[09:57:03] 649.4, 123.5, 5.243
[09:57:04] 649.3, 123.0, 6.558
[09:57:05] 734.3, 123.4, 5.250
[09:57:06] 649.1, 123.4, 5.258
[09:57:07] 649.0, 123.4, 5.251
[09:57:08] 649.1, 123.4, 5.244
[09:57:09] 649.1, 123.1, 6.032
[09:57:10] 726.6, 123.4, 5.251
[09:57:11] 648.3, 123.4, 5.246
[09:57:12] 648.3, 123.4, 5.250
[09:57:13] 648.3, 123.4, 5.245
[09:57:14] 648.3, 123.4, 5.248
[09:57:15] 759.7, 123.4, 5.254
[09:57:16] 649.9, 123.4, 5.243
[09:57:17] 649.7, 123.5, 5.233
[09:57:18] 649.5, 123.3, 5.247
[09:57:19] 649.3, 123.5, 5.241
[09:57:20] 729.6, 123.3, 5.298
[09:57:21] 699.7, 123.4, 5.246
[09:57:22] 648.5, 123.3, 5.250
[09:57:23] 648.4, 123.3, 5.251
[09:57:24] 648.4, 123.3, 5.246
[09:57:25] 648.4, 122.7, 7.630
[09:57:26] 871.5, 123.4, 5.257
[09:57:27] 648.9, 123.3, 5.252
[09:57:28] 648.8, 123.4, 5.247
[09:57:29] 648.8, 123.3, 5.243
[09:57:30] 648.7, 123.3, 5.244
[09:57:31] 768.7, 122.7, 7.641
[09:57:32] 927.6, 123.3, 5.268
[09:57:33] 654.4, 123.3, 5.259
[09:57:34] 648.7, 123.4, 5.251
[09:57:35] 648.6, 123.3, 5.253
[09:57:36] 648.5, 123.4, 5.250
[09:57:37] 726.4, 122.7, 7.640
[09:57:38] 938.8, 122.8, 7.658
[09:57:39] 939.1, 123.3, 5.319
[09:57:40] 706.0, 123.4, 5.262
[09:57:41] 649.5, 123.3, 5.250
[09:57:42] 649.4, 123.2, 5.251
[09:57:43] 649.3, 123.3, 5.253
[09:57:44] 649.2, 122.8, 7.631
[09:57:45] 933.7, 122.8, 7.649
[09:57:46] 940.8, 122.8, 7.666
[09:57:47] 940.9, 122.8, 7.674
[09:57:48] 941.2, 122.7, 7.675
[09:57:49] 883.9, 123.5, 5.270
[09:57:50] 650.6, 123.4, 5.256
[09:57:51] 650.5, 123.5, 5.260
[09:57:52] 650.4, 123.4, 5.250
[09:57:53] 650.2, 123.4, 5.236
[09:57:54] 768.9, 122.9, 7.635
[09:57:55] 939.8, 122.8, 7.659
[09:57:56] 940.1, 122.8, 7.674
[09:57:57] 940.5, 122.8, 7.682
[09:57:58] 940.9, 122.7, 7.675
[09:57:59] 941.3, 122.8, 7.689
[09:58:00] 941.7, 122.7, 7.697
[09:58:01] 942.3, 122.7, 7.690
[09:58:02] 942.7, 122.7, 7.698
[09:58:03] 934.1, 123.4, 5.293
[09:58:04] 663.0, 123.3, 5.275
[09:58:05] 651.6, 123.3, 5.262
[09:58:06] 651.3, 123.4, 5.256
[09:58:07] 651.2, 123.4, 5.250
[09:58:08] 730.4, 122.8, 7.657
[09:58:09] 941.4, 122.7, 7.674
[09:58:10] 941.5, 122.7, 7.681
[09:58:11] 941.8, 122.7, 7.690
[09:58:12] 942.2, 122.8, 7.692
[09:58:13] 942.5, 122.7, 7.695
[09:58:14] 943.0, 122.8, 7.694
[09:58:15] 943.3, 122.7, 7.688
[09:58:16] 943.6, 122.8, 7.692
[09:58:17] 943.9, 122.8, 7.701
[09:58:18] 944.2, 122.7, 7.698
[09:58:19] 944.5, 122.7, 7.703
[09:58:20] 944.7, 122.7, 7.706
[09:58:21] 944.9, 122.7, 7.694
[09:58:22] 945.2, 122.8, 7.702
[09:58:23] 945.4, 122.7, 7.706
[09:58:24] 945.6, 122.7, 7.704
[09:58:25] 945.8, 122.8, 7.708
[09:58:26] 945.3, 123.3, 5.405
[09:58:27] 666.8, 123.3, 5.381
[09:58:28] 666.6, 123.3, 5.382
[09:58:29] 666.2, 123.4, 5.263
[09:58:30] 651.0, 123.3, 5.266
