<<<[19:10:33] 639.0, 123.7, 5.149
[19:10:34] 638.8, 123.7, 5.144
[19:10:35] 645.1, 123.7, 5.294
[19:10:36] 656.5, 123.6, 5.294
[19:10:37] 656.4, 123.6, 5.324
[19:10:38] 656.2, 123.6, 5.285
[19:10:39] 656.2, 123.5, 5.289
[19:10:40] 656.3, 123.7, 5.283
[19:10:41] 656.4, 123.6, 5.156
[19:10:42] 640.0, 123.6, 5.155
[19:10:43] 639.7, 123.6, 5.152
[19:10:44] 639.4, 123.6, 5.152
[19:10:45] 639.2, 123.7, 5.152
[19:10:46] 638.9, 123.5, 6.291
[19:10:47] 733.1, 123.7, 5.144
[19:10:48] 636.7, 123.7, 5.143
[19:10:49] 636.7, 123.6, 5.141
[19:10:50] 636.6, 123.7, 5.144
[19:10:51] 636.6, 123.5, 6.376
[19:10:52] 731.3, 123.6, 5.146
[19:10:53] 637.1, 123.6, 5.146
[19:10:54] 637.1, 123.7, 5.145
[19:10:55] 637.0, 123.7, 5.146
[19:10:56] 637.0, 123.5, 6.451
[19:10:57] 729.2, 123.6, 5.145
[19:10:58] 636.9, 123.7, 5.147
[19:10:59] 636.9, 123.6, 5.149
[19:11:00] 636.9, 123.6, 5.148
[19:11:01] 636.9, 123.3, 6.545
[19:11:02] 726.2, 123.5, 5.150
[19:11:03] 637.8, 123.5, 5.153
[19:11:04] 637.8, 123.6, 5.151
[19:11:05] 637.8, 123.4, 5.152
[19:11:06] 637.8, 123.2, 6.631
[19:11:07] 720.5, 123.6, 5.151
[19:11:08] 637.1, 123.5, 5.149
[19:11:09] 637.0, 123.6, 5.146
[19:11:10] 636.9, 123.6, 5.146
[19:11:11] 636.9, 123.1, 7.155
[19:11:12] 757.9, 123.6, 5.149
[19:11:13] 637.1, 123.7, 5.146
[19:11:14] 637.0, 123.6, 5.144
[19:11:15] 637.0, 123.6, 5.144
[19:11:16] 636.9, 123.1, 7.311
[19:11:17] 783.5, 123.6, 5.153
[19:11:18] 637.5, 123.6, 5.148
[19:11:19] 637.4, 123.6, 5.148
[19:11:20] 637.4, 123.6, 5.147
[19:11:21] 637.3, 123.6, 5.146
[19:11:22] 754.0, 123.6, 5.328
[19:11:23] 718.2, 123.5, 5.155
[19:11:24] 637.8, 123.6, 5.154
[19:11:25] 637.7, 123.6, 5.152
[19:11:26] 637.7, 123.6, 5.149
[19:11:27] 637.6, 123.0, 7.570
[19:11:28] 907.9, 123.6, 5.353
[19:11:29] 719.1, 123.6, 5.155
[19:11:30] 638.0, 123.6, 5.154
[19:11:31] 637.9, 123.6, 5.153
[19:11:32] 637.8, 123.5, 5.153
[19:11:33] 637.8, 122.9, 7.579
[19:11:34] 918.3, 123.0, 7.604
[19:11:35] 934.5, 123.5, 5.379
[19:11:36] 719.7, 123.5, 5.164
[19:11:37] 638.6, 123.6, 5.161
[19:11:38] 638.5, 123.5, 5.154
[19:11:39] 638.4, 123.5, 5.154
[19:11:40] 645.3, 123.0, 7.589
[19:11:41] 935.5, 122.9, 7.610
[19:11:42] 935.6, 122.9, 7.623
[19:11:43] 936.0, 123.0, 7.616
[19:11:44] 926.2, 123.7, 5.185
[19:11:45] 672.9, 123.6, 5.166
[19:11:46] 639.0, 123.6, 5.161
[19:11:47] 638.9, 123.6, 5.156
[19:11:48] 638.7, 123.5, 5.154
[19:11:49] 708.7, 122.9, 7.603
[19:11:50] 935.9, 123.0, 7.620
[19:11:51] 936.1, 122.8, 7.630
[19:11:52] 936.5, 122.9, 7.633
[19:11:53] 936.8, 123.0, 7.638
[19:11:54] 937.2, 122.9, 7.630
[19:11:55] 937.7, 123.0, 7.646
[19:11:56] 938.1, 123.1, 7.274
[19:11:57] 793.7, 123.5, 5.179
[19:11:58] 640.4, 123.6, 5.171
[19:11:59] 640.2, 123.7, 5.164
[19:12:00] 640.1, 123.5, 5.160
[19:12:01] 639.8, 123.1, 7.405
[19:12:02] 837.0, 123.0, 7.614
[19:12:03] 937.8, 123.0, 7.618
[19:12:04] 937.9, 123.0, 7.632
[19:12:05] 938.1, 123.1, 7.623
[19:12:06] 938.4, 122.9, 7.644
[19:12:07] 938.8, 123.0, 7.645
[19:12:08] 939.1, 123.1, 7.646
[19:12:09] 939.5, 123.1, 7.648
[19:12:10] 939.8, 123.0, 7.652
[19:12:11] 940.2, 123.0, 7.651
[19:12:12] 940.5, 123.0, 7.653
[19:12:13] 940.7, 123.0, 7.656
[19:12:14] 941.0, 123.1, 7.651
[19:12:15] 941.2, 123.0, 7.655
[19:12:16] 941.4, 123.4, 6.820
[19:12:17] 786.7, 123.6, 5.187
[19:12:18] 641.2, 123.6, 5.174
[19:12:19] 641.0, 123.6, 5.172
[19:12:20] 640.8, 123.6, 5.165
