<<<[00:45:26] 641.7, 124.9, 5.115
[00:45:27] 641.4, 124.9, 5.107
[00:45:28] 641.0, 124.9, 5.233
[00:45:29] 648.5, 124.9, 5.137
[00:45:30] 641.2, 124.9, 5.130
[00:45:31] 640.9, 124.9, 5.132
[00:45:32] 640.8, 125.0, 5.135
[00:45:33] 640.6, 124.9, 5.108
[00:45:34] 697.3, 125.0, 5.125
[00:45:35] 673.7, 125.0, 5.103
[00:45:36] 638.0, 124.9, 5.102
[00:45:37] 637.9, 125.0, 5.101
[00:45:38] 637.9, 125.0, 5.100
[00:45:39] 691.8, 125.0, 5.122
[00:45:40] 674.8, 124.9, 5.101
[00:45:41] 637.8, 125.0, 5.101
[00:45:42] 637.7, 124.9, 5.097
[00:45:43] 637.7, 124.9, 5.103
[00:45:44] 690.0, 124.9, 5.124
[00:45:45] 675.6, 124.9, 5.099
[00:45:46] 637.1, 125.0, 5.095
[00:45:47] 637.1, 124.9, 5.096
[00:45:48] 637.1, 124.9, 5.118
[00:45:49] 688.8, 124.9, 5.125
[00:45:50] 676.4, 124.9, 5.107
[00:45:51] 638.0, 125.0, 5.100
[00:45:52] 637.9, 124.9, 5.099
[00:45:53] 637.9, 125.0, 5.095
[00:45:54] 686.7, 124.9, 5.121
[00:45:55] 678.0, 124.9, 5.099
[00:45:56] 637.5, 125.0, 5.098
[00:45:57] 637.5, 124.9, 5.097
[00:45:58] 637.4, 125.0, 5.097
[00:45:59] 685.3, 124.9, 5.122
[00:46:00] 679.2, 124.9, 5.096
[00:46:01] 637.3, 125.0, 5.096
[00:46:02] 637.2, 125.0, 5.099
[00:46:03] 637.3, 125.0, 5.093
[00:46:04] 683.5, 125.0, 5.121
[00:46:05] 683.0, 125.0, 5.094
[00:46:06] 636.5, 125.0, 5.093
[00:46:07] 636.6, 125.0, 5.091
[00:46:08] 636.6, 124.9, 5.094
[00:46:09] 681.0, 125.0, 5.122
[00:46:10] 680.9, 125.0, 5.094
[00:46:11] 637.1, 125.0, 5.095
[00:46:12] 637.1, 125.0, 5.091
[00:46:13] 637.0, 125.0, 5.092
[00:46:14] 677.6, 125.0, 5.127
[00:46:15] 678.1, 124.9, 5.095
[00:46:16] 637.1, 125.0, 5.090
[00:46:17] 637.0, 125.0, 5.089
[00:46:18] 637.0, 125.0, 5.091
[00:46:19] 671.9, 124.9, 5.126
[00:46:20] 683.5, 125.0, 5.099
[00:46:21] 637.3, 125.0, 5.093
[00:46:22] 637.1, 125.0, 5.092
[00:46:23] 637.1, 125.0, 5.093
[00:46:24] 662.8, 125.0, 5.126
[00:46:25] 684.3, 124.9, 5.095
[00:46:26] 637.1, 125.0, 5.091
[00:46:27] 637.0, 125.0, 5.091
[00:46:28] 637.0, 124.9, 5.088
[00:46:29] 637.0, 124.9, 5.626
[00:46:30] 743.0, 125.0, 5.093
[00:46:31] 636.7, 124.9, 5.091
[00:46:32] 636.6, 125.0, 5.093
[00:46:33] 636.6, 124.9, 5.087
[00:46:34] 636.6, 124.4, 7.364
[00:46:35] 810.3, 125.0, 5.094
[00:46:36] 637.1, 124.9, 5.095
[00:46:37] 637.0, 125.0, 5.088
[00:46:38] 636.9, 125.0, 5.092
[00:46:39] 636.8, 124.6, 5.824
[00:46:40] 785.9, 124.9, 5.722
[00:46:41] 746.9, 124.9, 5.097
[00:46:42] 637.1, 124.9, 5.092
[00:46:43] 637.0, 125.0, 5.090
[00:46:44] 636.9, 124.9, 5.093
[00:46:45] 636.9, 124.4, 7.498
[00:46:46] 890.4, 124.4, 7.281
[00:46:47] 863.8, 125.0, 5.105
[00:46:48] 637.8, 124.9, 5.098
[00:46:49] 637.7, 125.0, 5.095
[00:46:50] 637.6, 124.9, 5.095
[00:46:51] 637.6, 124.5, 6.566
[00:46:52] 799.8, 124.3, 7.536
[00:46:53] 938.4, 124.3, 7.547
[00:46:54] 938.5, 124.9, 5.841
[00:46:55] 747.5, 124.9, 5.109
[00:46:56] 638.8, 124.9, 5.106
[00:46:57] 638.7, 125.0, 5.100
[00:46:58] 638.5, 124.9, 5.098
[00:46:59] 638.4, 124.3, 7.523
[00:47:00] 924.2, 124.4, 7.543
[00:47:01] 939.6, 124.4, 7.555
[00:47:02] 939.7, 124.4, 7.567
[00:47:03] 940.0, 124.3, 7.573
[00:47:04] 940.5, 124.8, 5.901
[00:47:05] 759.5, 124.9, 5.114
[00:47:06] 639.6, 125.0, 5.109
[00:47:07] 639.5, 125.0, 5.104
[00:47:08] 639.4, 125.0, 5.100
[00:47:09] 639.2, 124.4, 7.482
[00:47:10] 871.5, 124.3, 7.548
[00:47:11] 940.4, 124.4, 7.562
[00:47:12] 940.5, 124.4, 7.567
[00:47:13] 940.8, 124.3, 7.578
[00:47:14] 941.1, 124.3, 7.583
[00:47:15] 941.6, 124.3, 7.583
[00:47:16] 941.9, 124.4, 7.588
[00:47:17] 942.3, 124.4, 7.585
[00:47:18] 942.7, 124.4, 7.586
[00:47:19] 943.0, 124.4, 7.583
[00:47:20] 819.5, 125.1, 5.133
[00:47:21] 645.3, 125.0, 5.113
[00:47:22] 639.8, 125.0, 5.109
[00:47:23] 639.7, 125.1, 5.102
