<<<[16:53:47] 640.3, 122.3, 5.209
[16:53:48] 640.0, 122.4, 5.204
[16:53:49] 639.7, 122.3, 5.357
[16:53:50] 651.8, 122.3, 5.348
[16:53:51] 652.3, 122.3, 5.359
[16:53:52] 652.8, 122.3, 5.368
[16:53:53] 653.3, 122.3, 5.347
[16:53:54] 653.6, 122.3, 5.361
[16:53:55] 653.9, 122.4, 5.375
[16:53:56] 654.3, 122.3, 5.360
[16:53:57] 654.5, 122.3, 5.345
[16:53:58] 654.7, 122.2, 5.357
[16:53:59] 654.9, 122.2, 5.378
[16:54:00] 655.3, 122.2, 5.366
[16:54:01] 655.8, 122.3, 5.354
[16:54:02] 656.1, 122.3, 5.356
[16:54:03] 656.3, 122.3, 5.377
[16:54:04] 656.6, 122.3, 5.391
[16:54:05] 656.7, 122.2, 5.403
[16:54:06] 656.9, 122.3, 5.395
[16:54:07] 657.0, 122.3, 5.382
[16:54:08] 657.2, 122.3, 5.368
[16:54:09] 657.3, 122.3, 5.362
[16:54:10] 657.5, 122.3, 5.350
[16:54:11] 657.6, 122.3, 5.354
[16:54:12] 657.7, 122.3, 5.366
[16:54:13] 657.7, 122.3, 5.363
[16:54:14] 657.8, 122.3, 5.375
[16:54:15] 657.8, 122.3, 5.377
[16:54:16] 657.8, 122.3, 5.373
[16:54:17] 658.2, 122.3, 5.349
[16:54:18] 657.8, 122.3, 5.344
[16:54:19] 657.6, 122.2, 5.344
[16:54:20] 657.4, 122.2, 5.347
[16:54:21] 657.4, 122.2, 5.344
[16:54:22] 657.2, 122.2, 5.341
[16:54:23] 657.0, 122.3, 5.340
[16:54:24] 657.1, 122.2, 5.385
[16:54:25] 657.6, 122.3, 5.341
[16:54:26] 657.2, 122.2, 5.343
[16:54:27] 657.0, 122.2, 5.344
[16:54:28] 656.8, 122.2, 5.342
[16:54:29] 656.9, 122.2, 5.343
[16:54:30] 656.7, 122.2, 5.346
[16:54:31] 656.6, 122.2, 5.343
[16:54:32] 656.7, 122.2, 5.484
[16:54:33] 669.1, 122.3, 5.341
[16:54:34] 656.5, 122.3, 5.341
[16:54:35] 656.4, 122.2, 5.342
[16:54:36] 656.2, 122.3, 5.345
[16:54:37] 656.5, 122.3, 5.337
[16:54:38] 656.2, 122.3, 5.339
[16:54:39] 656.2, 122.2, 5.344
[16:54:40] 656.0, 122.2, 5.368
[16:54:41] 662.3, 122.3, 5.341
[16:54:42] 656.5, 122.2, 5.341
[16:54:43] 656.4, 122.3, 5.339
[16:54:44] 656.2, 122.3, 5.339
[16:54:45] 656.5, 122.3, 5.337
[16:54:46] 656.2, 122.3, 5.332
[16:54:47] 656.1, 122.3, 5.334
[16:54:48] 655.9, 122.3, 5.400
[16:54:49] 663.0, 122.4, 5.462
[16:54:50] 671.1, 122.4, 5.449
[16:54:51] 670.7, 122.3, 5.339
[16:54:52] 657.9, 122.4, 5.340
[16:54:53] 657.4, 122.4, 5.393
[16:54:54] 657.2, 122.3, 5.385
[16:54:55] 656.8, 122.3, 5.364
[16:54:56] 657.0, 122.3, 5.333
[16:54:57] 656.7, 122.4, 5.335
[16:54:58] 656.5, 122.4, 5.334
[16:54:59] 656.2, 122.4, 5.333
[16:55:00] 655.9, 122.2, 5.471
[16:55:01] 665.0, 122.2, 5.335
[16:55:02] 654.2, 122.3, 5.341
[16:55:03] 654.1, 122.3, 5.340
[16:55:04] 654.3, 122.3, 5.341
[16:55:05] 654.3, 122.2, 5.447
[16:55:06] 659.9, 122.2, 5.346
[16:55:07] 654.6, 122.2, 5.344
[16:55:08] 654.6, 122.2, 5.343
[16:55:09] 654.6, 122.2, 5.347
[16:55:10] 654.6, 122.1, 5.464
[16:55:11] 664.8, 122.2, 5.474
[16:55:12] 665.0, 122.2, 5.337
[16:55:13] 654.4, 122.3, 5.336
[16:55:14] 654.2, 122.3, 5.334
[16:55:15] 654.3, 122.3, 5.340
[16:55:16] 654.3, 122.2, 5.458
[16:55:17] 654.8, 122.3, 5.334
[16:55:18] 654.7, 122.2, 5.339
[16:55:19] 654.8, 122.3, 5.338
[16:55:20] 654.6, 122.3, 5.331
[16:55:21] 654.4, 122.2, 5.457
[16:55:22] 665.0, 122.3, 5.333
[16:55:23] 653.2, 122.2, 5.337
[16:55:24] 653.2, 122.3, 5.336
[16:55:25] 653.5, 122.3, 5.338
[16:55:26] 653.5, 122.3, 5.434
[16:55:27] 654.1, 122.3, 5.335
[16:55:28] 654.1, 122.2, 5.334
[16:55:29] 654.2, 122.3, 5.332
[16:55:30] 654.1, 122.2, 5.339
[16:55:31] 654.1, 122.1, 5.470
[16:55:32] 667.2, 122.2, 5.459
[16:55:33] 667.4, 122.2, 5.462
[16:55:34] 667.5, 122.2, 5.435
[16:55:35] 667.4, 122.3, 5.217
[16:55:36] 645.3, 122.2, 5.205
[16:55:37] 637.1, 122.3, 5.200
[16:55:38] 637.0, 122.3, 5.199
[16:55:39] 637.0, 122.3, 5.201
[16:55:40] 637.0, 121.8, 7.235
[16:55:41] 739.2, 122.3, 5.196
[16:55:42] 636.5, 122.3, 5.198
[16:55:43] 636.5, 122.3, 5.195
[16:55:44] 636.5, 122.3, 5.197
[16:55:45] 636.5, 121.8, 7.026
[16:55:46] 791.0, 122.3, 5.200
[16:55:47] 647.1, 122.4, 5.190
[16:55:48] 636.1, 122.3, 5.193
[16:55:49] 636.1, 122.4, 5.188
[16:55:50] 636.0, 122.4, 5.186
[16:55:51] 712.4, 121.8, 7.250
[16:55:52] 810.1, 122.4, 5.192
[16:55:53] 636.3, 122.4, 5.187
[16:55:54] 636.3, 122.4, 5.193
[16:55:55] 636.2, 122.4, 5.189
[16:55:56] 636.2, 121.8, 7.327
[16:55:57] 821.1, 121.8, 7.576
[16:55:58] 872.1, 122.4, 5.203
[16:55:59] 637.3, 122.5, 5.198
[16:56:00] 637.2, 122.5, 5.202
[16:56:01] 637.2, 122.5, 5.195
[16:56:02] 637.2, 122.4, 5.194
[16:56:03] 750.2, 121.8, 7.578
[16:56:04] 926.6, 121.9, 7.597
[16:56:05] 926.8, 122.3, 6.250
[16:56:06] 754.0, 122.5, 5.204
[16:56:07] 637.5, 122.4, 5.202
[16:56:08] 637.4, 122.4, 5.195
[16:56:09] 637.3, 122.3, 5.193
[16:56:10] 637.2, 121.8, 7.601
[16:56:11] 900.0, 121.8, 7.642
[16:56:12] 928.2, 121.8, 7.658
[16:56:13] 928.4, 121.8, 7.650
[16:56:14] 928.6, 121.8, 7.643
[16:56:15] 928.9, 122.4, 5.311
[16:56:16] 705.8, 122.4, 5.217
[16:56:17] 638.8, 122.4, 5.211
[16:56:18] 638.7, 122.4, 5.210
[16:56:19] 638.6, 122.3, 5.202
[16:56:20] 638.4, 121.7, 7.578
[16:56:21] 910.3, 121.8, 7.594
[16:56:22] 929.2, 121.7, 7.614
[16:56:23] 929.3, 121.8, 7.637
[16:56:24] 929.6, 121.8, 7.654
[16:56:25] 929.9, 121.8, 7.675
[16:56:26] 930.3, 121.8, 7.674
[16:56:27] 930.6, 121.7, 7.681
[16:56:28] 931.0, 121.8, 7.665
[16:56:29] 931.2, 121.8, 7.646
[16:56:30] 931.3, 122.4, 5.321
[16:56:31] 705.6, 122.4, 5.219
[16:56:32] 639.4, 122.4, 5.212
[16:56:33] 639.3, 122.4, 5.209
[16:56:34] 639.1, 122.4, 5.204
[16:56:35] 639.4, 121.8, 7.581
[16:56:36] 928.6, 121.7, 7.620
[16:56:37] 928.9, 121.7, 7.634
[16:56:38] 929.3, 121.8, 7.662
[16:56:39] 929.8, 121.8, 7.679
[16:56:40] 930.2, 121.7, 7.691
[16:56:41] 930.7, 121.6, 7.697
[16:56:42] 931.1, 121.7, 7.694
[16:56:43] 931.5, 121.6, 7.681
[16:56:44] 931.9, 121.7, 7.659
[16:56:45] 932.2, 121.7, 7.649
[16:56:46] 932.5, 121.7, 7.643
[16:56:47] 932.7, 121.8, 7.658
[16:56:48] 933.0, 121.8, 7.674
[16:56:49] 933.4, 121.8, 7.690
[16:56:50] 933.7, 121.7, 7.701
[16:56:51] 933.9, 121.7, 7.708
[16:56:52] 934.1, 121.7, 7.703
[16:56:53] 934.3, 121.7, 7.689
[16:56:54] 934.5, 121.7, 7.678
[16:56:55] 890.2, 122.4, 5.240
[16:56:56] 641.8, 122.4, 5.230
[16:56:57] 641.6, 122.3, 5.224
[16:56:58] 641.4, 122.3, 5.218
