<<<[01:19:03] 637.6, 124.9, 5.103
[01:19:04] 637.5, 124.8, 5.100
[01:19:05] 637.5, 124.9, 5.310
[01:19:06] 656.2, 124.8, 5.263
[01:19:07] 656.5, 124.7, 5.254
[01:19:08] 656.7, 124.9, 5.272
[01:19:09] 656.7, 124.8, 5.258
[01:19:10] 656.9, 124.8, 5.354
[01:19:11] 657.4, 124.9, 5.261
[01:19:12] 657.3, 124.9, 5.252
[01:19:13] 657.3, 124.9, 5.261
[01:19:14] 657.9, 124.9, 5.273
[01:19:15] 657.6, 124.9, 5.199
[01:19:16] 645.1, 124.9, 5.129
[01:19:17] 638.8, 124.9, 5.126
[01:19:18] 638.7, 124.9, 5.110
[01:19:19] 638.7, 124.9, 5.124
[01:19:20] 719.1, 124.9, 5.103
[01:19:21] 651.6, 125.0, 5.095
[01:19:22] 637.1, 124.9, 5.098
[01:19:23] 637.1, 125.0, 5.094
[01:19:24] 637.0, 125.0, 5.091
[01:19:25] 713.4, 124.9, 5.103
[01:19:26] 652.2, 125.0, 5.095
[01:19:27] 636.9, 124.9, 5.096
[01:19:28] 636.9, 124.9, 5.100
[01:19:29] 636.9, 124.9, 5.094
[01:19:30] 711.1, 124.9, 5.103
[01:19:31] 654.2, 124.8, 5.098
[01:19:32] 636.9, 125.0, 5.095
[01:19:33] 636.9, 124.9, 5.092
[01:19:34] 636.8, 125.0, 5.096
[01:19:35] 703.2, 124.9, 5.105
[01:19:36] 655.2, 124.9, 5.097
[01:19:37] 637.1, 124.8, 5.094
[01:19:38] 637.0, 124.9, 5.094
[01:19:39] 636.9, 125.0, 5.091
[01:19:40] 692.0, 124.8, 5.213
[01:19:41] 705.4, 124.9, 5.097
[01:19:42] 636.5, 124.8, 5.092
[01:19:43] 636.5, 125.0, 5.092
[01:19:44] 636.5, 124.8, 5.094
[01:19:45] 653.4, 124.8, 6.464
[01:19:46] 772.5, 124.8, 5.100
[01:19:47] 637.3, 124.9, 5.094
[01:19:48] 637.2, 124.9, 5.092
[01:19:49] 637.1, 124.9, 5.094
[01:19:50] 637.0, 124.2, 7.719
[01:19:51] 872.9, 124.9, 5.108
[01:19:52] 659.3, 124.9, 5.099
[01:19:53] 637.1, 124.9, 5.096
[01:19:54] 637.0, 124.9, 5.092
[01:19:55] 637.0, 124.9, 5.093
[01:19:56] 730.6, 124.2, 7.771
[01:19:57] 942.4, 124.9, 5.114
[01:19:58] 660.7, 124.9, 5.106
[01:19:59] 638.0, 124.8, 5.098
[01:20:00] 637.8, 124.9, 5.099
[01:20:01] 637.7, 124.8, 5.097
[01:20:02] 728.0, 124.2, 7.772
[01:20:03] 966.6, 124.2, 7.785
[01:20:04] 945.1, 124.9, 5.126
[01:20:05] 664.2, 124.8, 5.107
[01:20:06] 638.0, 124.9, 5.104
[01:20:07] 637.9, 124.9, 5.101
[01:20:08] 637.8, 124.8, 5.124
[01:20:09] 726.0, 124.2, 7.779
[01:20:10] 967.5, 124.2, 7.791
[01:20:11] 967.7, 124.2, 7.803
[01:20:12] 968.1, 124.1, 7.809
[01:20:13] 947.7, 124.9, 5.132
[01:20:14] 666.4, 124.9, 5.113
[01:20:15] 639.2, 124.8, 5.110
[01:20:16] 639.0, 124.8, 5.106
[01:20:17] 638.9, 124.9, 5.103
[01:20:18] 728.4, 124.2, 7.784
[01:20:19] 967.7, 124.2, 7.796
[01:20:20] 968.0, 124.1, 7.806
[01:20:21] 968.4, 124.2, 7.812
[01:20:22] 968.9, 124.2, 7.826
[01:20:23] 969.5, 124.1, 7.827
[01:20:24] 969.9, 124.2, 7.833
[01:20:25] 970.4, 124.3, 7.820
[01:20:26] 926.4, 124.8, 5.124
[01:20:27] 640.2, 124.9, 5.116
[01:20:28] 640.0, 125.0, 5.112
[01:20:29] 639.9, 124.9, 5.112
[01:20:30] 639.6, 124.9, 5.103
[01:20:31] 735.5, 124.2, 7.828
[01:20:32] 973.5, 124.2, 7.835
[01:20:33] 973.6, 124.2, 7.851
[01:20:34] 974.0, 124.1, 7.859
[01:20:35] 974.4, 124.2, 7.859
[01:20:36] 974.8, 124.2, 7.866
[01:20:37] 975.2, 124.2, 7.867
[01:20:38] 975.6, 124.1, 7.880
[01:20:39] 976.1, 124.2, 7.881
[01:20:40] 976.5, 124.2, 7.880
[01:20:41] 976.9, 124.1, 7.879
[01:20:42] 977.3, 124.1, 7.883
[01:20:43] 977.7, 124.2, 7.878
[01:20:44] 978.0, 124.2, 7.879
[01:20:45] 978.2, 124.1, 7.881
[01:20:46] 978.4, 124.2, 7.884
[01:20:47] 871.9, 124.9, 5.242
[01:20:48] 654.8, 124.8, 5.127
[01:20:49] 640.0, 124.8, 5.120
[01:20:50] 640.0, 124.9, 5.117
