<<<[11:19:19] 644.6, 122.6, 5.236
[11:19:20] 644.6, 122.6, 5.237
[11:19:21] 644.5, 122.7, 5.236
[11:19:22] 651.4, 122.6, 5.391
[11:19:23] 667.0, 122.7, 5.443
[11:19:24] 666.9, 122.6, 5.450
[11:19:25] 667.2, 122.7, 5.444
[11:19:26] 667.3, 122.6, 5.425
[11:19:27] 667.4, 122.7, 5.417
[11:19:28] 667.3, 122.6, 5.403
[11:19:29] 667.3, 122.7, 5.405
[11:19:30] 667.5, 122.6, 5.432
[11:19:31] 667.8, 122.5, 5.405
[11:19:32] 667.7, 122.6, 5.462
[11:19:33] 667.9, 122.5, 5.480
[11:19:34] 668.1, 122.5, 5.487
[11:19:35] 668.3, 122.5, 5.468
[11:19:36] 668.3, 122.5, 5.498
[11:19:37] 668.4, 122.6, 5.507
[11:19:38] 668.5, 122.5, 5.485
[11:19:39] 668.5, 122.6, 5.474
[11:19:40] 668.4, 122.5, 5.496
[11:19:41] 668.6, 122.5, 5.464
[11:19:42] 668.7, 122.6, 5.464
[11:19:43] 668.7, 122.5, 5.449
[11:19:44] 668.7, 122.5, 5.398
[11:19:45] 668.5, 122.6, 5.410
[11:19:46] 668.7, 122.5, 5.463
[11:19:47] 668.9, 122.5, 5.527
[11:19:48] 677.6, 122.6, 5.534
[11:19:49] 677.6, 122.5, 5.545
[11:19:50] 677.5, 122.5, 5.480
[11:19:51] 667.0, 122.7, 5.471
[11:19:52] 667.0, 122.5, 5.471
[11:19:53] 667.0, 122.6, 5.498
[11:19:54] 667.3, 122.6, 5.431
[11:19:55] 667.4, 122.6, 5.424
[11:19:56] 667.5, 122.5, 5.441
[11:19:57] 667.7, 122.6, 5.451
[11:19:58] 668.0, 122.6, 5.407
[11:19:59] 667.9, 122.5, 5.527
[11:20:00] 677.4, 122.6, 5.480
[11:20:01] 676.8, 122.4, 5.551
[11:20:02] 676.8, 122.5, 5.489
[11:20:03] 667.4, 122.5, 5.483
[11:20:04] 667.3, 122.4, 5.471
[11:20:05] 667.4, 122.6, 5.469
[11:20:06] 667.8, 122.5, 5.413
[11:20:07] 667.7, 122.6, 5.402
[11:20:08] 667.6, 122.5, 5.473
[11:20:09] 672.9, 122.6, 5.522
[11:20:10] 673.2, 122.5, 5.465
[11:20:11] 672.6, 122.6, 5.503
[11:20:12] 672.1, 122.6, 5.477
[11:20:13] 671.8, 122.4, 5.470
[11:20:14] 671.6, 122.5, 5.505
[11:20:15] 671.2, 122.5, 5.430
[11:20:16] 671.1, 122.4, 5.448
[11:20:17] 670.8, 122.5, 5.496
[11:20:18] 670.6, 122.5, 5.410
[11:20:19] 670.4, 122.4, 5.545
[11:20:20] 676.8, 122.5, 5.466
[11:20:21] 669.1, 122.5, 5.413
[11:20:22] 669.1, 122.4, 5.505
[11:20:23] 669.1, 122.4, 5.469
[11:20:24] 669.1, 122.4, 5.490
[11:20:25] 675.0, 122.4, 5.505
[11:20:26] 674.5, 122.4, 5.426
[11:20:27] 673.9, 122.4, 5.540
[11:20:28] 674.3, 122.4, 5.485
[11:20:29] 667.8, 122.5, 5.426
[11:20:30] 668.1, 122.5, 5.458
[11:20:31] 668.1, 122.4, 5.476
[11:20:32] 668.1, 122.4, 5.414
[11:20:33] 668.3, 122.5, 5.555
[11:20:34] 676.6, 122.5, 5.461
[11:20:35] 669.7, 122.5, 5.442
[11:20:36] 669.6, 122.5, 5.495
[11:20:37] 669.5, 122.5, 5.427
[11:20:38] 669.4, 122.5, 5.451
[11:20:39] 669.2, 122.6, 5.471
[11:20:40] 669.1, 122.6, 5.407
[11:20:41] 669.3, 122.6, 5.498
[11:20:42] 669.4, 122.5, 5.465
[11:20:43] 669.6, 122.5, 5.403
[11:20:44] 669.5, 122.6, 5.463
[11:20:45] 669.5, 122.6, 5.461
[11:20:46] 669.5, 122.6, 5.419
[11:20:47] 669.4, 122.5, 5.477
[11:20:48] 669.3, 122.6, 5.464
[11:20:49] 669.4, 122.5, 5.522
[11:20:50] 677.8, 122.5, 5.476
[11:20:51] 668.4, 122.7, 5.458
[11:20:52] 668.6, 122.5, 5.529
[11:20:53] 677.8, 122.6, 5.491
[11:20:54] 669.3, 122.6, 5.444
[11:20:55] 669.3, 122.6, 5.449
[11:20:56] 669.3, 122.5, 5.479
[11:20:57] 669.1, 122.6, 5.451
[11:20:58] 669.2, 122.5, 5.456
[11:20:59] 669.0, 122.5, 5.490
[11:21:00] 669.2, 122.5, 5.439
[11:21:01] 669.2, 122.5, 5.456
[11:21:02] 668.9, 122.4, 5.505
[11:21:03] 675.4, 122.4, 5.503
[11:21:04] 674.9, 122.6, 5.372
[11:21:05] 660.1, 122.4, 5.452
[11:21:06] 660.2, 122.6, 5.377
[11:21:07] 660.1, 122.5, 5.394
[11:21:08] 660.6, 122.5, 5.374
[11:21:09] 660.6, 122.5, 5.374
[11:21:10] 660.7, 122.6, 5.371
[11:21:11] 661.1, 122.5, 5.383
[11:21:12] 661.4, 122.5, 5.377
[11:21:13] 661.4, 122.5, 5.376
[11:21:14] 661.3, 122.5, 5.371
[11:21:15] 661.6, 122.5, 5.377
[11:21:16] 661.4, 122.5, 5.416
[11:21:17] 661.4, 122.5, 5.395
[11:21:18] 661.3, 122.5, 5.497
[11:21:19] 671.5, 122.5, 5.478
[11:21:20] 670.9, 122.5, 5.384
[11:21:21] 660.1, 122.5, 5.373
[11:21:22] 660.2, 122.6, 5.375
[11:21:23] 660.5, 122.6, 5.376
[11:21:24] 660.7, 122.5, 5.372
[11:21:25] 660.8, 122.7, 5.369
[11:21:26] 660.6, 122.5, 5.456
[11:21:27] 668.0, 122.7, 5.368
[11:21:28] 660.3, 122.7, 5.363
[11:21:29] 660.4, 122.7, 5.397
[11:21:30] 660.3, 122.6, 5.485
[11:21:31] 660.6, 122.6, 5.381
[11:21:32] 660.5, 122.6, 5.376
[11:21:33] 660.6, 122.6, 5.370
[11:21:34] 660.7, 122.5, 5.484
[11:21:35] 673.9, 122.6, 5.467
[11:21:36] 673.8, 122.5, 5.515
[11:21:37] 667.8, 122.7, 5.373
[11:21:38] 659.7, 122.6, 5.369
[11:21:39] 659.8, 122.7, 5.370
[11:21:40] 660.1, 122.6, 5.368
[11:21:41] 660.3, 122.6, 5.368
[11:21:42] 660.4, 122.6, 5.369
[11:21:43] 660.3, 122.6, 5.430
[11:21:44] 667.4, 122.6, 5.370
[11:21:45] 660.9, 122.5, 5.377
[11:21:46] 660.9, 122.5, 5.369
[11:21:47] 660.8, 122.6, 5.477
[11:21:48] 661.1, 122.5, 5.405
[11:21:49] 661.0, 122.6, 5.393
[11:21:50] 661.0, 122.6, 5.372
[11:21:51] 661.0, 122.6, 5.498
[11:21:52] 676.4, 122.5, 5.368
[11:21:53] 663.0, 122.6, 5.373
[11:21:54] 662.9, 122.5, 5.372
[11:21:55] 662.6, 122.5, 5.389
[11:21:56] 662.9, 122.6, 5.370
[11:21:57] 662.6, 122.5, 5.450
[11:21:58] 662.5, 122.7, 5.370
[11:21:59] 662.3, 122.5, 5.510
[11:22:00] 669.7, 122.6, 5.403
[11:22:01] 660.9, 122.6, 5.391
[11:22:02] 661.0, 122.6, 5.370
[11:22:03] 661.0, 122.6, 5.375
[11:22:04] 661.4, 122.6, 5.376
[11:22:05] 661.6, 122.5, 5.377
[11:22:06] 661.5, 122.6, 5.372
[11:22:07] 662.1, 122.5, 5.490
[11:22:08] 675.2, 122.5, 5.490
[11:22:09] 675.1, 122.6, 5.472
[11:22:10] 675.0, 122.4, 5.481
[11:22:11] 674.6, 122.6, 5.523
[11:22:12] 674.4, 122.5, 5.374
[11:22:13] 659.7, 122.5, 5.425
[11:22:14] 659.8, 122.6, 5.369
[11:22:15] 659.8, 122.6, 5.383
[11:22:16] 660.2, 122.6, 5.365
[11:22:17] 660.2, 122.6, 5.363
[11:22:18] 660.2, 122.7, 5.362
[11:22:19] 660.7, 122.6, 5.368
[11:22:20] 661.4, 122.7, 5.362
[11:22:21] 661.6, 122.6, 5.364
[11:22:22] 661.4, 122.6, 5.366
[11:22:23] 661.6, 122.6, 5.366
[11:22:24] 661.4, 122.6, 5.453
[11:22:25] 661.3, 122.6, 5.372
[11:22:26] 661.0, 122.7, 5.488
[11:22:27] 672.3, 122.6, 5.391
[11:22:28] 664.8, 122.6, 5.365
[11:22:29] 664.1, 122.6, 5.367
[11:22:30] 663.7, 122.6, 5.364
[11:22:31] 663.7, 122.6, 5.367
[11:22:32] 663.2, 122.7, 5.365
[11:22:33] 662.9, 122.6, 5.397
[11:22:34] 662.5, 122.6, 5.486
[11:22:35] 668.2, 122.6, 5.367
[11:22:36] 659.7, 122.6, 5.436
[11:22:37] 659.8, 122.6, 5.375
[11:22:38] 659.8, 122.6, 5.421
[11:22:39] 660.4, 122.6, 5.374
[11:22:40] 660.5, 122.6, 5.369
[11:22:41] 660.7, 122.6, 5.368
[11:22:42] 661.1, 122.7, 5.497
[11:22:43] 676.0, 122.6, 5.509
[11:22:44] 675.9, 122.6, 5.373
[11:22:45] 664.4, 122.6, 5.369
[11:22:46] 664.2, 122.6, 5.365
[11:22:47] 663.7, 122.6, 5.367
[11:22:48] 663.8, 122.6, 5.366
[11:22:49] 663.5, 122.7, 5.444
[11:22:50] 663.3, 122.6, 5.375
[11:22:51] 662.9, 122.7, 5.486
[11:22:52] 669.5, 122.6, 5.369
[11:22:53] 660.7, 122.7, 5.425
[11:22:54] 660.8, 122.6, 5.369
[11:22:55] 660.6, 122.6, 5.382
[11:22:56] 661.0, 122.6, 5.367
[11:22:57] 661.0, 122.6, 5.366
[11:22:58] 660.9, 122.7, 5.366
[11:22:59] 661.4, 122.6, 5.496
[11:23:00] 673.1, 122.6, 5.367
[11:23:01] 659.9, 122.6, 5.392
[11:23:02] 660.0, 122.6, 5.386
[11:23:03] 660.0, 122.6, 5.465
[11:23:04] 660.4, 122.6, 5.374
[11:23:05] 660.3, 122.5, 5.374
[11:23:06] 660.4, 122.6, 5.368
[11:23:07] 660.7, 122.6, 5.400
[11:23:08] 665.8, 122.4, 5.374
[11:23:09] 659.9, 122.6, 5.373
[11:23:10] 660.1, 122.5, 5.372
[11:23:11] 660.5, 122.6, 5.371
[11:23:12] 660.4, 122.5, 5.373
[11:23:13] 660.5, 122.6, 5.408
[11:23:14] 660.4, 122.5, 5.499
[11:23:15] 670.5, 122.5, 5.508
[11:23:16] 671.0, 122.6, 5.484
[11:23:17] 671.5, 122.5, 5.509
[11:23:18] 672.0, 122.6, 5.477
[11:23:19] 672.1, 122.5, 5.521
[11:23:20] 677.2, 122.6, 5.462
[11:23:21] 671.9, 122.5, 5.473
[11:23:22] 672.0, 122.6, 5.485
[11:23:23] 672.1, 122.5, 5.487
[11:23:24] 672.3, 122.5, 5.505
[11:23:25] 672.8, 122.5, 5.375
[11:23:26] 662.1, 122.5, 5.373
[11:23:27] 661.8, 122.6, 5.374
[11:23:28] 661.8, 122.5, 5.375
[11:23:29] 661.7, 122.5, 5.379
[11:23:30] 661.8, 122.5, 5.376
[11:23:31] 661.6, 122.5, 5.378
[11:23:32] 661.6, 122.4, 5.378
[11:23:33] 661.5, 122.4, 5.488
[11:23:34] 668.7, 122.4, 5.402
[11:23:35] 660.3, 122.4, 5.467
[11:23:36] 660.4, 122.4, 5.407
[11:23:37] 660.4, 122.4, 5.492
[11:23:38] 660.8, 122.5, 5.386
[11:23:39] 660.8, 122.5, 5.451
[11:23:40] 660.9, 122.4, 5.412
[11:23:41] 660.8, 122.4, 5.474
[11:23:42] 668.7, 122.5, 5.487
[11:23:43] 668.9, 122.5, 5.372
[11:23:44] 660.3, 122.6, 5.370
[11:23:45] 660.4, 122.6, 5.373
[11:23:46] 660.4, 122.6, 5.374
[11:23:47] 660.9, 122.6, 5.371
[11:23:48] 660.8, 122.6, 5.371
[11:23:49] 660.9, 122.6, 5.374
[11:23:50] 660.8, 122.5, 5.371
[11:23:51] 666.6, 122.6, 5.375
[11:23:52] 666.1, 122.5, 5.372
[11:23:53] 659.9, 122.6, 5.373
[11:23:54] 660.0, 122.5, 5.376
[11:23:55] 660.2, 122.6, 5.376
[11:23:56] 660.5, 122.6, 5.373
[11:23:57] 660.5, 122.5, 5.373
[11:23:58] 660.6, 122.6, 5.373
[11:23:59] 660.5, 122.6, 5.485
[11:24:00] 674.5, 122.5, 5.507
[11:24:01] 674.3, 122.5, 5.487
[11:24:02] 673.9, 122.4, 5.373
[11:24:03] 660.1, 122.4, 5.378
[11:24:04] 660.2, 122.5, 5.377
[11:24:05] 660.2, 122.5, 5.376
[11:24:06] 660.7, 122.5, 5.375
[11:24:07] 660.7, 122.5, 5.380
[11:24:08] 660.8, 122.5, 5.374
[11:24:09] 660.7, 122.5, 5.375
[11:24:10] 661.3, 122.6, 5.377
[11:24:11] 661.5, 122.6, 5.372
[11:24:12] 661.4, 122.6, 5.381
[11:24:13] 661.4, 122.5, 5.375
[11:24:14] 661.3, 122.6, 5.377
[11:24:15] 661.6, 122.6, 5.370
[11:24:16] 661.4, 122.6, 5.375
[11:24:17] 661.4, 122.5, 5.373
[11:24:18] 661.3, 122.6, 5.491
[11:24:19] 674.7, 122.6, 5.387
[11:24:20] 664.6, 122.6, 5.374
[11:24:21] 664.0, 122.5, 5.385
[11:24:22] 663.8, 122.5, 5.378
[11:24:23] 663.3, 122.6, 5.393
[11:24:24] 663.5, 122.6, 5.378
[11:24:25] 663.1, 122.6, 5.384
[11:24:26] 662.9, 122.5, 5.378
[11:24:27] 662.6, 122.6, 5.510
[11:24:28] 669.7, 122.5, 5.376
[11:24:29] 660.1, 122.6, 5.377
[11:24:30] 660.3, 122.6, 5.375
[11:24:31] 660.3, 122.5, 5.434
[11:24:32] 660.7, 122.6, 5.374
[11:24:33] 660.7, 122.6, 5.374
[11:24:34] 660.8, 122.6, 5.375
[11:24:35] 660.8, 122.4, 5.419
[11:24:36] 667.8, 122.5, 5.498
[11:24:37] 675.6, 122.5, 5.504
[11:24:38] 675.6, 122.5, 5.525
[11:24:39] 675.5, 122.5, 5.458
[11:24:40] 675.3, 122.5, 5.501
[11:24:41] 675.3, 122.5, 5.384
[11:24:42] 664.4, 122.6, 5.381
[11:24:43] 664.0, 122.5, 5.377
[11:24:44] 663.8, 122.6, 5.379
[11:24:45] 663.6, 122.6, 5.380
[11:24:46] 663.7, 122.5, 5.376
[11:24:47] 663.3, 122.6, 5.375
[11:24:48] 663.1, 122.6, 5.373
[11:24:49] 662.7, 122.6, 5.499
[11:24:50] 669.5, 122.6, 5.398
[11:24:51] 660.5, 122.6, 5.463
[11:24:52] 660.7, 122.5, 5.402
[11:24:53] 660.6, 122.6, 5.495
[11:24:54] 661.1, 122.6, 5.381
[11:24:55] 661.0, 122.6, 5.458
[11:24:56] 661.3, 122.6, 5.408
[11:24:57] 661.3, 122.5, 5.492
[11:24:58] 670.5, 122.6, 5.497
[11:24:59] 670.6, 122.5, 5.377
[11:25:00] 661.7, 122.6, 5.399
[11:25:01] 661.8, 122.5, 5.392
[11:25:02] 661.7, 122.5, 5.463
[11:25:03] 662.1, 122.5, 5.378
[11:25:04] 661.9, 122.5, 5.379
[11:25:05] 661.9, 122.5, 5.379
[11:25:06] 661.7, 122.4, 5.433
[11:25:07] 668.0, 122.5, 5.383
[11:25:08] 661.7, 122.5, 5.380
[11:25:09] 661.7, 122.6, 5.377
[11:25:10] 661.6, 122.7, 5.373
[11:25:11] 661.7, 122.6, 5.381
[11:25:12] 661.7, 122.6, 5.374
[11:25:13] 661.7, 122.6, 5.377
[11:25:14] 661.6, 122.6, 5.374
[11:25:15] 661.7, 122.6, 5.579
[11:25:16] 681.0, 122.6, 5.517
[11:25:17] 675.4, 122.5, 5.490
[11:25:18] 668.2, 122.5, 5.414
[11:25:19] 660.1, 122.5, 5.466
[11:25:20] 660.3, 122.6, 5.397
[11:25:21] 660.4, 122.6, 5.499
[11:25:22] 660.9, 122.6, 5.417
[11:25:23] 660.8, 122.5, 5.467
[11:25:24] 661.0, 122.5, 5.398
[11:25:25] 660.9, 122.6, 5.503
[11:25:26] 669.9, 122.6, 5.378
[11:25:27] 660.7, 122.5, 5.379
[11:25:28] 660.9, 122.5, 5.381
[11:25:29] 660.9, 122.5, 5.383
[11:25:30] 661.3, 122.5, 5.386
[11:25:31] 661.3, 122.4, 5.385
[11:25:32] 661.5, 122.4, 5.384
[11:25:33] 661.4, 122.5, 5.388
[11:25:34] 662.0, 122.5, 5.511
[11:25:35] 675.2, 122.4, 5.390
[11:25:36] 662.3, 122.5, 5.389
[11:25:37] 662.3, 122.3, 5.392
[11:25:38] 662.1, 122.5, 5.385
[11:25:39] 662.4, 122.5, 5.390
[11:25:40] 662.4, 122.4, 5.388
[11:25:41] 662.3, 122.5, 5.389
[11:25:42] 662.2, 122.4, 5.381
[11:25:43] 662.3, 122.5, 5.425
[11:25:44] 662.8, 122.5, 5.387
[11:25:45] 662.6, 122.5, 5.392
[11:25:46] 662.5, 122.6, 5.380
[11:25:47] 662.3, 122.4, 5.416
[11:25:48] 662.5, 122.5, 5.382
[11:25:49] 662.3, 122.5, 5.389
[11:25:50] 662.2, 122.6, 5.379
[11:25:51] 662.1, 122.5, 5.505
[11:25:52] 673.5, 122.6, 5.500
[11:25:53] 673.7, 122.5, 5.493
[11:25:54] 673.9, 122.6, 5.517
[11:25:55] 674.1, 122.5, 5.490
[11:25:56] 674.1, 122.6, 5.490
[11:25:57] 674.3, 122.5, 5.473
[11:25:58] 674.2, 122.6, 5.512
[11:25:59] 674.2, 122.5, 5.489
[11:26:00] 674.1, 122.6, 5.492
[11:26:01] 674.1, 122.5, 5.495
[11:26:02] 674.2, 122.6, 5.505
[11:26:03] 674.2, 122.4, 5.473
[11:26:04] 673.8, 122.6, 5.474
[11:26:05] 673.7, 122.5, 5.491
[11:26:06] 673.6, 122.6, 5.285
[11:26:07] 649.7, 122.5, 5.286
[11:26:08] 649.4, 122.6, 5.248
[11:26:09] 643.9, 122.5, 5.249
[11:26:10] 643.9, 122.6, 5.244
[11:26:11] 643.8, 122.0, 7.295
[11:26:12] 793.3, 122.6, 5.245
[11:26:13] 643.6, 122.6, 5.242
[11:26:14] 643.6, 122.7, 5.236
[11:26:15] 643.5, 122.6, 5.241
[11:26:16] 643.5, 122.2, 7.046
[11:26:17] 803.2, 122.7, 5.331
[11:26:18] 707.7, 122.7, 5.239
[11:26:19] 643.4, 122.7, 5.239
[11:26:20] 643.4, 122.7, 5.236
[11:26:21] 643.4, 122.6, 5.240
[11:26:22] 643.6, 122.1, 7.376
[11:26:23] 905.0, 122.4, 6.452
[11:26:24] 763.2, 122.5, 5.250
[11:26:25] 643.9, 122.6, 5.250
[11:26:26] 643.9, 122.6, 5.239
[11:26:27] 643.8, 122.6, 5.243
[11:26:28] 643.8, 122.0, 7.394
[11:26:29] 856.3, 121.9, 7.455
[11:26:30] 906.7, 122.1, 7.396
[11:26:31] 870.3, 122.4, 5.260
[11:26:32] 645.1, 122.5, 5.256
[11:26:33] 645.0, 122.6, 5.249
[11:26:34] 644.9, 122.6, 5.246
[11:26:35] 644.8, 122.6, 5.242
[11:26:36] 755.9, 122.0, 7.406
[11:26:37] 906.1, 122.0, 7.447
[11:26:38] 906.3, 122.0, 7.432
[11:26:39] 906.5, 122.1, 7.407
[11:26:40] 906.7, 122.1, 7.324
[11:26:41] 821.3, 122.6, 5.259
[11:26:42] 645.7, 122.6, 5.253
[11:26:43] 645.5, 122.5, 5.249
[11:26:44] 645.4, 122.7, 5.245
[11:26:45] 645.2, 122.1, 7.240
[11:26:46] 818.1, 122.0, 7.452
[11:26:47] 906.9, 122.1, 7.400
[11:26:48] 906.9, 122.1, 7.416
[11:26:49] 907.1, 121.9, 7.457
[11:26:50] 907.3, 122.0, 7.460
[11:26:51] 907.7, 122.0, 7.419
[11:26:52] 907.9, 122.0, 7.447
[11:26:53] 908.2, 122.1, 7.484
[11:26:54] 908.5, 122.0, 7.434
[11:26:55] 908.5, 122.6, 5.286
[11:26:56] 670.9, 122.5, 5.265
[11:26:57] 645.9, 122.6, 5.260
[11:26:58] 645.8, 122.5, 5.256
[11:26:59] 645.6, 122.6, 5.254
[11:27:00] 682.3, 122.0, 7.407
[11:27:01] 906.1, 122.0, 7.447
[11:27:02] 906.3, 121.9, 7.473
[11:27:03] 906.8, 122.1, 7.417
[11:27:04] 907.1, 122.0, 7.445
[11:27:05] 907.5, 122.0, 7.478
[11:27:06] 907.9, 122.0, 7.461
[11:27:07] 908.4, 122.0, 7.438
[11:27:08] 908.7, 122.0, 7.467
[11:27:09] 909.1, 122.1, 7.497
[11:27:10] 909.5, 122.0, 7.447
[11:27:11] 909.8, 121.9, 7.449
[11:27:12] 910.0, 122.0, 7.478
[11:27:13] 910.3, 121.9, 7.503
[11:27:14] 910.6, 122.0, 7.439
[11:27:15] 910.8, 122.0, 7.471
[11:27:16] 911.0, 122.0, 7.493
[11:27:17] 911.3, 122.0, 7.481
[11:27:18] 911.6, 122.1, 7.444
[11:27:19] 892.9, 122.5, 5.282
[11:27:20] 648.1, 122.5, 5.275
[11:27:21] 647.9, 122.6, 5.269
[11:27:22] 647.8, 122.5, 5.261
[11:27:23] 647.5, 122.6, 5.260
