<<<[19:26:50] 640.0, 123.6, 5.157
[19:26:51] 639.6, 123.5, 5.155
[19:26:52] 639.3, 123.4, 5.304
[19:26:53] 651.8, 123.3, 5.304
[19:26:54] 652.3, 123.4, 5.343
[19:26:55] 652.7, 123.4, 5.287
[19:26:56] 653.0, 123.4, 5.338
[19:26:57] 653.5, 123.4, 5.312
[19:26:58] 653.9, 123.3, 5.337
[19:26:59] 654.1, 123.5, 5.283
[19:27:00] 654.3, 123.4, 5.326
[19:27:01] 654.5, 123.3, 5.297
[19:27:02] 654.8, 123.4, 5.325
[19:27:03] 654.9, 123.3, 5.303
[19:27:04] 655.0, 123.5, 5.311
[19:27:05] 655.1, 123.5, 5.318
[19:27:06] 655.4, 123.5, 5.286
[19:27:07] 655.2, 123.4, 5.318
[19:27:08] 655.2, 123.5, 5.278
[19:27:09] 655.2, 123.5, 5.331
[19:27:10] 655.3, 123.4, 5.283
[19:27:11] 655.3, 123.5, 5.299
[19:27:12] 655.2, 123.4, 5.311
[19:27:13] 655.3, 123.5, 5.309
[19:27:14] 655.4, 123.5, 5.327
[19:27:15] 655.4, 123.5, 5.282
[19:27:16] 655.4, 123.4, 5.320
[19:27:17] 655.4, 123.5, 5.295
[19:27:18] 655.5, 123.5, 5.299
[19:27:19] 655.4, 123.4, 5.315
[19:27:20] 655.5, 123.5, 5.286
[19:27:21] 655.4, 123.4, 5.344
[19:27:22] 655.5, 123.5, 5.278
[19:27:23] 655.4, 123.5, 5.268
[19:27:24] 656.0, 123.4, 5.317
[19:27:25] 655.9, 123.5, 5.319
[19:27:26] 655.8, 123.4, 5.280
[19:27:27] 655.8, 123.5, 5.285
[19:27:28] 655.7, 123.3, 5.409
[19:27:29] 662.1, 123.4, 5.356
[19:27:30] 655.0, 123.3, 5.403
[19:27:31] 655.2, 123.3, 5.326
[19:27:32] 655.2, 123.3, 5.353
[19:27:33] 662.8, 123.3, 5.443
[19:27:34] 662.7, 123.3, 5.383
[19:27:35] 654.8, 123.4, 5.411
[19:27:36] 655.0, 123.3, 5.348
[19:27:37] 655.0, 123.4, 5.363
[19:27:38] 662.8, 123.3, 5.298
[19:27:39] 654.8, 123.4, 5.297
[19:27:40] 655.1, 123.3, 5.310
[19:27:41] 655.1, 123.4, 5.303
[19:27:42] 655.2, 123.4, 5.442
[19:27:43] 670.7, 123.3, 5.402
[19:27:44] 670.4, 123.4, 5.317
[19:27:45] 653.2, 123.4, 5.282
[19:27:46] 653.4, 123.5, 5.287
[19:27:47] 653.7, 123.5, 5.301
[19:27:48] 653.9, 123.4, 5.409
[19:27:49] 661.5, 123.4, 5.291
[19:27:50] 655.0, 123.3, 5.312
[19:27:51] 654.8, 123.4, 5.289
[19:27:52] 655.0, 123.4, 5.287
[19:27:53] 655.0, 123.4, 5.439
[19:27:54] 666.0, 123.3, 5.289
[19:27:55] 657.7, 123.4, 5.307
[19:27:56] 657.3, 123.3, 5.395
[19:27:57] 657.2, 123.4, 5.288
[19:27:58] 656.9, 123.3, 5.285
[19:27:59] 656.8, 123.3, 5.291
[19:28:00] 657.0, 123.3, 5.313
[19:28:01] 656.7, 123.3, 5.384
[19:28:02] 656.7, 123.2, 5.288
[19:28:03] 656.4, 123.3, 5.290
[19:28:04] 656.5, 123.2, 5.441
[19:28:05] 670.7, 123.2, 5.439
[19:28:06] 670.6, 123.3, 5.379
[19:28:07] 663.8, 123.3, 5.351
[19:28:08] 663.4, 123.3, 5.349
[19:28:09] 657.7, 123.3, 5.304
[19:28:10] 657.3, 123.3, 5.305
[19:28:11] 656.9, 123.3, 5.302
[19:28:12] 656.6, 123.3, 5.259
[19:28:13] 645.5, 123.3, 5.159
[19:28:14] 636.7, 123.2, 5.163
[19:28:15] 636.7, 123.3, 5.163
[19:28:16] 636.7, 123.2, 5.161
[19:28:17] 636.7, 122.9, 6.254
[19:28:18] 736.1, 123.3, 5.166
[19:28:19] 637.6, 123.3, 5.159
[19:28:20] 637.4, 123.3, 5.155
[19:28:21] 637.3, 123.3, 5.159
[19:28:22] 637.3, 123.2, 5.158
[19:28:23] 747.9, 123.2, 5.168
[19:28:24] 654.6, 123.3, 5.158
[19:28:25] 636.7, 123.3, 5.157
[19:28:26] 636.7, 123.3, 5.159
[19:28:27] 636.6, 123.2, 5.165
[19:28:28] 711.3, 123.3, 5.268
[19:28:29] 710.7, 123.3, 5.159
[19:28:30] 636.5, 123.4, 5.156
[19:28:31] 636.5, 123.2, 5.160
[19:28:32] 636.5, 123.4, 5.155
[19:28:33] 636.5, 122.8, 7.424
[19:28:34] 888.4, 123.3, 5.169
[19:28:35] 656.7, 123.4, 5.158
[19:28:36] 637.5, 123.5, 5.156
[19:28:37] 637.4, 123.5, 5.151
[19:28:38] 637.3, 123.4, 5.153
[19:28:39] 716.4, 122.9, 7.438
[19:28:40] 915.0, 123.3, 5.288
[19:28:41] 708.7, 123.4, 5.161
[19:28:42] 637.6, 123.3, 5.162
[19:28:43] 637.5, 123.4, 5.158
[19:28:44] 637.5, 123.3, 5.157
[19:28:45] 637.4, 122.8, 7.438
[19:28:46] 911.3, 122.9, 7.440
[19:28:47] 911.7, 122.8, 7.454
[19:28:48] 879.2, 123.5, 5.172
[19:28:49] 638.6, 123.4, 5.160
[19:28:50] 638.4, 123.4, 5.158
[19:28:51] 638.2, 123.4, 5.159
[19:28:52] 638.1, 123.4, 5.155
[19:28:53] 743.9, 122.9, 7.439
[19:28:54] 915.4, 122.9, 7.443
[19:28:55] 915.4, 122.8, 7.464
[19:28:56] 915.7, 122.8, 7.463
[19:28:57] 916.0, 122.9, 7.475
[19:28:58] 915.6, 123.4, 5.187
[19:28:59] 663.6, 123.4, 5.171
[19:29:00] 638.6, 123.4, 5.165
[19:29:01] 638.5, 123.4, 5.160
[19:29:02] 638.3, 123.4, 5.160
[19:29:03] 689.8, 122.7, 7.456
[19:29:04] 915.8, 122.8, 7.450
[19:29:05] 915.9, 122.8, 7.471
[19:29:06] 916.1, 122.7, 7.468
[19:29:07] 916.4, 122.7, 7.473
[19:29:08] 916.8, 122.8, 7.485
[19:29:09] 917.1, 122.7, 7.483
[19:29:10] 917.5, 122.8, 7.480
[19:29:11] 917.8, 122.8, 7.492
[19:29:12] 918.1, 122.8, 7.481
[19:29:13] 918.4, 123.3, 5.244
[19:29:14] 699.5, 123.4, 5.177
[19:29:15] 639.0, 123.4, 5.169
[19:29:16] 638.9, 123.4, 5.170
