<<<[01:08:27] 640.5, 124.9, 5.122
[01:08:28] 640.2, 124.8, 5.122
[01:08:29] 640.2, 124.8, 5.319
[01:08:30] 662.1, 124.8, 5.325
[01:08:31] 661.8, 124.7, 5.290
[01:08:32] 661.7, 124.8, 5.273
[01:08:33] 661.4, 124.7, 5.273
[01:08:34] 661.2, 124.7, 5.281
[01:08:35] 661.0, 124.8, 5.281
[01:08:36] 661.0, 124.8, 5.364
[01:08:37] 661.3, 124.8, 5.276
[01:08:38] 661.2, 124.8, 5.277
[01:08:39] 661.4, 124.9, 5.167
[01:08:40] 645.9, 124.8, 5.126
[01:08:41] 638.6, 124.9, 5.127
[01:08:42] 638.5, 124.7, 5.120
[01:08:43] 638.5, 124.9, 5.123
[01:08:44] 638.4, 124.4, 7.068
[01:08:45] 733.7, 124.9, 5.107
[01:08:46] 637.8, 124.8, 5.114
[01:08:47] 637.7, 124.8, 5.121
[01:08:48] 637.7, 124.9, 5.117
[01:08:49] 637.7, 124.3, 7.077
[01:08:50] 727.4, 124.9, 5.116
[01:08:51] 637.5, 124.9, 5.118
[01:08:52] 637.5, 124.9, 5.115
[01:08:53] 637.4, 124.9, 5.116
[01:08:54] 637.4, 124.4, 7.068
[01:08:55] 718.2, 124.8, 5.122
[01:08:56] 637.6, 124.8, 5.121
[01:08:57] 637.5, 124.9, 5.120
[01:08:58] 637.6, 124.9, 5.111
[01:08:59] 637.4, 124.3, 7.095
[01:09:00] 748.9, 124.8, 5.117
[01:09:01] 637.5, 124.9, 5.106
[01:09:02] 637.4, 124.8, 5.114
[01:09:03] 637.3, 124.8, 5.119
[01:09:04] 637.5, 124.4, 6.011
[01:09:05] 773.7, 124.8, 5.149
[01:09:06] 678.0, 124.7, 5.116
[01:09:07] 637.1, 124.8, 5.118
[01:09:08] 637.1, 124.8, 5.118
[01:09:09] 637.1, 124.7, 5.121
[01:09:10] 687.4, 124.3, 7.221
[01:09:11] 839.4, 124.8, 5.128
[01:09:12] 637.8, 124.7, 5.121
[01:09:13] 637.7, 124.8, 5.121
[01:09:14] 637.7, 124.8, 5.114
[01:09:15] 637.6, 124.4, 6.247
[01:09:16] 783.1, 124.3, 7.340
[01:09:17] 900.6, 124.8, 5.119
[01:09:18] 637.8, 124.8, 5.122
[01:09:19] 637.8, 124.7, 5.125
[01:09:20] 637.8, 124.8, 5.120
[01:09:21] 637.7, 124.8, 5.121
[01:09:22] 699.8, 124.3, 7.334
[01:09:23] 912.2, 124.2, 7.354
[01:09:24] 912.5, 124.3, 7.169
[01:09:25] 793.7, 124.7, 5.134
[01:09:26] 639.4, 124.9, 5.121
[01:09:27] 639.2, 124.8, 5.129
[01:09:28] 639.0, 124.8, 5.122
[01:09:29] 638.8, 124.3, 7.056
[01:09:30] 811.1, 124.2, 7.334
[01:09:31] 913.8, 124.3, 7.363
[01:09:32] 914.0, 124.3, 7.362
[01:09:33] 914.3, 124.3, 7.372
[01:09:34] 914.6, 124.3, 7.371
[01:09:35] 851.8, 124.8, 5.138
[01:09:36] 639.6, 124.9, 5.130
[01:09:37] 639.5, 124.8, 5.125
[01:09:38] 639.3, 124.9, 5.114
[01:09:39] 639.1, 124.8, 5.121
[01:09:40] 761.7, 124.2, 7.351
[01:09:41] 914.6, 124.3, 7.355
[01:09:42] 914.7, 124.2, 7.365
[01:09:43] 915.0, 124.3, 7.375
[01:09:44] 915.3, 124.2, 7.381
[01:09:45] 915.6, 124.3, 7.391
[01:09:46] 916.0, 124.3, 7.388
[01:09:47] 916.4, 124.2, 7.391
[01:09:48] 916.8, 124.3, 7.390
[01:09:49] 917.1, 124.2, 7.394
[01:09:50] 897.7, 124.8, 5.150
[01:09:51] 641.6, 124.8, 5.149
[01:09:52] 641.5, 124.9, 5.139
[01:09:53] 641.2, 124.8, 5.131
[01:09:54] 641.0, 124.9, 5.125
