<<<[02:37:26] 641.0, 125.3, 5.110
[02:37:27] 640.6, 125.2, 5.111
[02:37:28] 640.2, 125.2, 5.110
[02:37:29] 640.1, 125.1, 5.250
[02:37:30] 653.4, 125.2, 5.148
[02:37:31] 643.2, 125.3, 5.146
[02:37:32] 642.8, 125.3, 5.114
[02:37:33] 642.3, 125.2, 5.090
[02:37:34] 641.7, 125.2, 5.109
[02:37:35] 730.8, 125.2, 5.112
[02:37:36] 641.8, 125.3, 5.107
[02:37:37] 641.2, 125.3, 5.109
[02:37:38] 640.9, 125.3, 5.106
[02:37:39] 640.5, 125.2, 5.107
[02:37:40] 725.6, 125.3, 5.111
[02:37:41] 642.0, 125.2, 5.108
[02:37:42] 641.4, 125.3, 5.104
[02:37:43] 640.9, 125.3, 5.103
[02:37:44] 640.4, 125.3, 5.103
[02:37:45] 723.5, 125.2, 5.110
[02:37:46] 643.0, 125.3, 5.104
[02:37:47] 637.3, 125.3, 5.100
[02:37:48] 637.2, 125.2, 5.102
[02:37:49] 637.2, 125.3, 5.082
[02:37:50] 721.5, 125.3, 5.112
[02:37:51] 643.9, 125.3, 5.102
[02:37:52] 637.3, 125.3, 5.100
[02:37:53] 637.2, 125.3, 5.107
[02:37:54] 637.3, 125.3, 5.102
[02:37:55] 720.7, 125.2, 5.111
[02:37:56] 644.7, 125.2, 5.105
[02:37:57] 637.1, 125.3, 5.104
[02:37:58] 637.1, 125.3, 5.102
[02:37:59] 637.1, 125.2, 5.104
[02:38:00] 719.1, 125.2, 5.109
[02:38:01] 645.5, 125.3, 5.101
[02:38:02] 637.1, 125.3, 5.103
[02:38:03] 637.1, 125.3, 5.102
[02:38:04] 637.1, 125.2, 5.100
[02:38:05] 717.4, 125.3, 5.090
[02:38:06] 645.9, 125.1, 5.101
[02:38:07] 637.1, 125.3, 5.103
[02:38:08] 637.1, 125.3, 5.106
[02:38:09] 637.1, 125.2, 5.101
[02:38:10] 715.0, 125.2, 5.108
[02:38:11] 647.3, 125.3, 5.101
[02:38:12] 637.3, 125.3, 5.102
[02:38:13] 637.2, 125.2, 5.101
[02:38:14] 637.1, 125.2, 5.101
[02:38:15] 712.4, 125.2, 5.105
[02:38:16] 647.5, 125.2, 5.097
[02:38:17] 636.3, 125.2, 5.094
[02:38:18] 636.3, 125.2, 5.092
[02:38:19] 636.2, 125.2, 5.098
[02:38:20] 707.5, 125.2, 5.112
[02:38:21] 649.1, 125.2, 5.082
[02:38:22] 636.7, 125.2, 5.099
[02:38:23] 636.7, 125.2, 5.097
[02:38:24] 636.7, 125.2, 5.098
[02:38:25] 698.7, 125.2, 5.180
[02:38:26] 698.7, 125.2, 5.098
[02:38:27] 636.7, 125.2, 5.100
[02:38:28] 636.7, 125.2, 5.099
[02:38:29] 636.7, 125.2, 5.098
[02:38:30] 679.4, 125.3, 5.177
[02:38:31] 701.6, 125.3, 5.097
[02:38:32] 636.9, 125.3, 5.100
[02:38:33] 636.9, 125.3, 5.097
[02:38:34] 636.8, 125.3, 5.094
[02:38:35] 636.8, 124.8, 7.177
[02:38:36] 811.8, 125.3, 5.100
[02:38:37] 637.1, 125.3, 5.081
[02:38:38] 637.0, 125.2, 5.098
[02:38:39] 636.9, 125.3, 5.094
[02:38:40] 636.9, 124.6, 7.188
[02:38:41] 827.2, 125.1, 6.155
[02:38:42] 756.7, 125.2, 5.102
[02:38:43] 637.5, 125.2, 5.099
[02:38:44] 637.4, 125.2, 5.098
[02:38:45] 637.3, 125.2, 5.097
[02:38:46] 637.3, 124.6, 7.608
[02:38:47] 923.9, 124.7, 7.395
[02:38:48] 883.5, 125.2, 5.112
[02:38:49] 638.6, 125.2, 5.109
[02:38:50] 638.5, 125.2, 5.109
[02:38:51] 638.3, 125.2, 5.102
[02:38:52] 638.2, 124.8, 6.397
[02:38:53] 803.2, 124.5, 7.639
[02:38:54] 953.6, 124.6, 7.650
[02:38:55] 953.7, 125.1, 6.249
[02:38:56] 771.1, 125.2, 5.120
[02:38:57] 640.4, 125.2, 5.110
[02:38:58] 640.2, 125.3, 5.101
[02:38:59] 639.9, 125.3, 5.103
[02:39:00] 639.7, 124.6, 7.562
[02:39:01] 876.2, 124.6, 7.646
[02:39:02] 954.2, 124.5, 7.659
[02:39:03] 954.3, 124.5, 7.665
[02:39:04] 954.6, 124.5, 7.673
[02:39:05] 955.0, 124.6, 7.674
[02:39:06] 942.9, 125.3, 5.139
[02:39:07] 657.5, 125.2, 5.123
[02:39:08] 639.8, 125.2, 5.118
[02:39:09] 639.7, 125.2, 5.095
[02:39:10] 639.4, 125.2, 5.108
[02:39:11] 707.3, 124.5, 7.645
[02:39:12] 954.0, 124.5, 7.660
[02:39:13] 954.1, 124.5, 7.669
[02:39:14] 954.5, 124.5, 7.682
[02:39:15] 954.9, 124.5, 7.681
[02:39:16] 955.3, 124.5, 7.682
[02:39:17] 955.7, 124.5, 7.684
[02:39:18] 956.1, 124.6, 7.690
[02:39:19] 956.5, 124.6, 7.698
[02:39:20] 957.0, 124.6, 7.706
[02:39:21] 957.6, 124.6, 7.699
[02:39:22] 913.4, 125.3, 5.146
[02:39:23] 642.4, 125.2, 5.132
[02:39:24] 642.1, 125.1, 5.125
[02:39:25] 641.9, 125.2, 5.102
