<<<[12:39:43] 644.1, 122.6, 5.250
[12:39:44] 644.1, 122.7, 5.250
[12:39:45] 644.2, 122.6, 5.264
[12:39:46] 652.8, 122.5, 5.329
[12:39:47] 653.1, 122.6, 5.326
[12:39:48] 652.8, 122.6, 5.253
[12:39:49] 645.1, 122.5, 5.254
[12:39:50] 645.1, 122.6, 5.253
[12:39:51] 645.0, 122.1, 7.242
[12:39:52] 740.2, 122.7, 5.250
[12:39:53] 644.7, 122.6, 5.252
[12:39:54] 644.7, 122.7, 5.248
[12:39:55] 644.6, 122.6, 5.248
[12:39:56] 644.5, 122.2, 7.242
[12:39:57] 738.8, 122.7, 5.250
[12:39:58] 645.1, 122.6, 5.249
[12:39:59] 644.9, 122.6, 5.249
[12:40:00] 644.8, 122.5, 5.249
[12:40:01] 644.7, 122.1, 7.240
[12:40:02] 738.4, 122.6, 5.250
[12:40:03] 643.9, 122.6, 5.247
[12:40:04] 643.9, 122.6, 5.249
[12:40:05] 643.9, 122.6, 5.249
[12:40:06] 644.0, 122.2, 7.231
[12:40:07] 737.2, 122.6, 5.250
[12:40:08] 644.1, 122.6, 5.248
[12:40:09] 644.1, 122.6, 5.248
[12:40:10] 644.1, 122.6, 5.245
[12:40:11] 644.1, 122.1, 7.228
[12:40:12] 735.5, 122.5, 5.249
[12:40:13] 644.3, 122.7, 5.247
[12:40:14] 644.2, 122.5, 5.249
[12:40:15] 644.2, 122.6, 5.247
[12:40:16] 644.2, 122.2, 7.210
[12:40:17] 731.9, 122.5, 5.250
[12:40:18] 644.5, 122.5, 5.247
[12:40:19] 644.4, 122.5, 5.246
[12:40:20] 644.3, 122.6, 5.247
[12:40:21] 644.2, 122.1, 7.187
[12:40:22] 726.6, 122.5, 5.250
[12:40:23] 643.7, 122.7, 5.246
[12:40:24] 643.7, 122.6, 5.247
[12:40:25] 643.7, 122.5, 5.249
[12:40:26] 643.8, 122.1, 7.117
[12:40:27] 762.8, 122.6, 5.253
[12:40:28] 644.5, 122.5, 5.247
[12:40:29] 644.4, 122.6, 5.248
[12:40:30] 644.3, 122.6, 5.246
[12:40:31] 644.2, 122.1, 6.553
[12:40:32] 780.9, 122.5, 5.255
[12:40:33] 652.0, 122.6, 5.250
[12:40:34] 644.7, 122.5, 5.249
[12:40:35] 644.5, 122.5, 5.249
[12:40:36] 644.5, 122.6, 5.246
[12:40:37] 731.9, 122.5, 6.125
[12:40:38] 753.4, 122.6, 5.250
[12:40:39] 643.9, 122.5, 5.252
[12:40:40] 643.9, 122.6, 5.247
[12:40:41] 643.9, 122.6, 5.243
[12:40:42] 643.9, 122.1, 7.402
[12:40:43] 884.3, 122.6, 5.330
[12:40:44] 705.4, 122.6, 5.250
[12:40:45] 644.3, 122.5, 5.250
[12:40:46] 644.2, 122.5, 5.251
[12:40:47] 644.2, 122.6, 5.247
[12:40:48] 672.7, 122.0, 7.409
[12:40:49] 905.9, 122.0, 7.411
[12:40:50] 865.0, 122.5, 5.260
[12:40:51] 644.9, 122.5, 5.255
[12:40:52] 644.8, 122.6, 5.252
[12:40:53] 644.7, 122.6, 5.248
[12:40:54] 644.7, 122.4, 5.578
[12:40:55] 770.9, 122.1, 7.425
[12:40:56] 907.3, 122.0, 7.442
[12:40:57] 907.6, 122.0, 7.448
[12:40:58] 907.4, 122.5, 5.274
[12:40:59] 662.3, 122.5, 5.261
[12:41:00] 645.3, 122.5, 5.263
[12:41:01] 645.2, 122.5, 5.258
[12:41:02] 645.1, 122.5, 5.253
[12:41:03] 707.7, 121.9, 7.435
[12:41:04] 907.9, 122.0, 7.451
[12:41:05] 908.1, 122.0, 7.453
[12:41:06] 908.5, 122.0, 7.456
[12:41:07] 908.8, 122.1, 7.466
[12:41:08] 909.2, 122.0, 7.460
[12:41:09] 909.6, 122.4, 6.591
[12:41:10] 770.5, 122.6, 5.272
[12:41:11] 646.7, 122.7, 5.262
[12:41:12] 646.6, 122.6, 5.257
[12:41:13] 646.4, 122.6, 5.255
[12:41:14] 646.3, 122.1, 7.381
[12:41:15] 847.9, 122.1, 7.449
[12:41:16] 910.5, 122.1, 7.457
[12:41:17] 910.6, 122.0, 7.466
[12:41:18] 910.8, 122.0, 7.471
[12:41:19] 911.1, 122.0, 7.470
[12:41:20] 911.3, 122.1, 7.484
[12:41:21] 911.7, 122.1, 7.478
[12:41:22] 912.0, 121.9, 7.492
[12:41:23] 912.4, 122.0, 7.487
[12:41:24] 912.6, 122.0, 7.489
[12:41:25] 912.9, 122.0, 7.490
[12:41:26] 913.1, 122.0, 7.487
[12:41:27] 913.3, 122.5, 5.320
[12:41:28] 692.6, 122.6, 5.278
[12:41:29] 647.3, 122.6, 5.266
[12:41:30] 647.2, 122.7, 5.259
[12:41:31] 647.1, 122.6, 5.263
