<<<[06:59:23] 644.7, 124.0, 5.210
[06:59:24] 644.6, 123.9, 5.215
[06:59:25] 644.5, 124.0, 5.194
[06:59:26] 657.3, 123.9, 5.398
[06:59:27] 666.4, 123.9, 5.363
[06:59:28] 666.0, 124.0, 5.348
[06:59:29] 665.8, 124.0, 5.213
[06:59:30] 645.1, 123.9, 5.215
[06:59:31] 644.9, 124.0, 5.217
[06:59:32] 644.8, 124.0, 5.212
[06:59:33] 644.7, 124.1, 5.212
[06:59:34] 644.7, 123.9, 5.746
[06:59:35] 741.6, 124.0, 5.213
[06:59:36] 644.1, 124.0, 5.209
[06:59:37] 644.0, 124.0, 5.211
[06:59:38] 644.0, 124.0, 5.208
[06:59:39] 643.9, 124.0, 5.739
[06:59:40] 737.6, 124.0, 5.206
[06:59:41] 643.7, 124.0, 5.187
[06:59:42] 643.6, 124.0, 5.205
[06:59:43] 643.6, 124.1, 5.207
[06:59:44] 643.6, 123.8, 5.788
[06:59:45] 737.2, 123.9, 5.217
[06:59:46] 644.1, 124.0, 5.208
[06:59:47] 644.0, 124.0, 5.210
[06:59:48] 644.0, 123.9, 5.205
[06:59:49] 643.9, 123.9, 5.834
[06:59:50] 737.1, 124.0, 5.215
[06:59:51] 644.5, 124.0, 5.205
[06:59:52] 644.3, 124.0, 5.203
[06:59:53] 644.2, 124.1, 5.205
[06:59:54] 644.1, 124.0, 5.877
[06:59:55] 736.1, 124.0, 5.207
[06:59:56] 643.9, 124.1, 5.202
[06:59:57] 643.8, 124.0, 5.184
[06:59:58] 643.7, 124.0, 5.205
[06:59:59] 643.7, 124.0, 5.928
[07:00:00] 734.5, 124.0, 5.209
[07:00:01] 643.6, 123.9, 5.209
[07:00:02] 643.6, 124.0, 5.208
[07:00:03] 643.6, 123.9, 5.206
[07:00:04] 643.6, 123.8, 5.986
[07:00:05] 732.1, 124.0, 5.209
[07:00:06] 643.7, 123.9, 5.207
[07:00:07] 643.6, 124.0, 5.208
[07:00:08] 643.6, 123.9, 5.205
[07:00:09] 643.6, 123.9, 6.028
[07:00:10] 727.4, 124.1, 5.208
[07:00:11] 643.9, 124.0, 5.202
[07:00:12] 643.8, 124.1, 5.202
[07:00:13] 643.8, 124.0, 5.182
[07:00:14] 643.7, 123.5, 7.184
[07:00:15] 767.4, 124.1, 5.207
[07:00:16] 643.7, 124.0, 5.204
[07:00:17] 643.6, 124.1, 5.203
[07:00:18] 643.6, 123.9, 5.208
[07:00:19] 643.6, 123.5, 7.471
[07:00:20] 798.9, 123.9, 5.213
[07:00:21] 644.1, 124.0, 5.206
[07:00:22] 644.0, 123.9, 5.208
[07:00:23] 644.0, 124.0, 5.211
[07:00:24] 644.0, 123.6, 6.235
[07:00:25] 799.3, 124.0, 5.305
[07:00:26] 707.7, 124.1, 5.207
[07:00:27] 644.1, 124.0, 5.205
[07:00:28] 644.0, 124.1, 5.202
[07:00:29] 644.0, 124.1, 5.181
[07:00:30] 673.1, 123.4, 7.784
[07:00:31] 942.6, 124.1, 5.221
[07:00:32] 660.1, 124.0, 5.211
[07:00:33] 644.7, 124.0, 5.207
[07:00:34] 644.6, 124.1, 5.204
[07:00:35] 644.5, 124.0, 5.205
[07:00:36] 726.6, 123.4, 7.770
[07:00:37] 962.6, 123.6, 7.347
[07:00:38] 838.2, 124.0, 5.221
[07:00:39] 645.9, 124.0, 5.213
[07:00:40] 645.7, 124.0, 5.217
[07:00:41] 645.6, 124.0, 5.210
[07:00:42] 645.4, 123.4, 7.323
[07:00:43] 836.1, 123.3, 7.812
[07:00:44] 964.2, 123.4, 7.823
[07:00:45] 964.4, 123.4, 7.835
[07:00:46] 946.1, 123.9, 5.240
[07:00:47] 664.6, 123.9, 5.229
[07:00:48] 646.5, 124.0, 5.220
[07:00:49] 646.4, 124.1, 5.216
[07:00:50] 646.2, 124.0, 5.203
[07:00:51] 739.2, 123.4, 7.807
[07:00:52] 964.2, 123.3, 7.820
[07:00:53] 964.5, 123.3, 7.839
[07:00:54] 965.0, 123.3, 7.846
[07:00:55] 965.5, 123.3, 7.853
[07:00:56] 966.0, 123.4, 7.851
[07:00:57] 966.6, 123.9, 6.516
[07:00:58] 786.3, 124.0, 5.240
[07:00:59] 648.1, 124.1, 5.233
[07:01:00] 648.0, 124.0, 5.224
[07:01:01] 647.7, 124.1, 5.199
[07:01:02] 647.4, 123.4, 7.710
[07:01:03] 877.2, 123.4, 7.820
[07:01:04] 967.0, 123.5, 7.835
[07:01:05] 967.2, 123.5, 7.843
[07:01:06] 967.4, 123.4, 7.848
[07:01:07] 967.7, 123.4, 7.850
[07:01:08] 968.1, 123.5, 7.860
[07:01:09] 968.6, 123.5, 7.862
[07:01:10] 969.0, 123.4, 7.862
[07:01:11] 969.4, 123.4, 7.862
[07:01:12] 969.7, 123.5, 7.863
[07:01:13] 970.1, 123.5, 7.873
[07:01:14] 970.5, 123.5, 7.869
[07:01:15] 970.9, 124.0, 6.227
[07:01:16] 788.0, 124.1, 5.249
[07:01:17] 649.5, 124.1, 5.215
[07:01:18] 649.2, 124.2, 5.229
[07:01:19] 649.0, 124.1, 5.224
