<<<[21:09:57] 640.8, 123.1, 5.206
[21:09:58] 640.6, 123.1, 5.191
[21:09:59] 640.3, 123.0, 5.344
[21:10:00] 655.0, 122.9, 5.332
[21:10:01] 654.8, 122.9, 5.216
[21:10:02] 640.2, 122.9, 5.197
[21:10:03] 640.0, 123.0, 5.209
[21:10:04] 639.8, 123.0, 5.209
[21:10:05] 639.7, 123.0, 5.190
[21:10:06] 655.6, 123.0, 5.385
[21:10:07] 716.2, 123.0, 5.205
[21:10:08] 638.4, 123.0, 5.207
[21:10:09] 638.3, 123.0, 5.201
[21:10:10] 638.2, 123.0, 5.182
[21:10:11] 650.8, 122.9, 5.419
[21:10:12] 718.7, 123.0, 5.205
[21:10:13] 638.2, 123.1, 5.200
[21:10:14] 638.1, 123.0, 5.185
[21:10:15] 638.0, 123.0, 5.196
[21:10:16] 648.9, 123.1, 5.434
[21:10:17] 720.5, 123.1, 5.205
[21:10:18] 638.4, 123.0, 5.189
[21:10:19] 638.3, 123.0, 5.200
[21:10:20] 638.3, 123.0, 5.200
[21:10:21] 646.1, 123.0, 5.435
[21:10:22] 720.9, 123.0, 5.181
[21:10:23] 637.6, 123.0, 5.198
[21:10:24] 637.6, 123.0, 5.202
[21:10:25] 637.5, 122.9, 5.205
[21:10:26] 642.8, 123.0, 5.460
[21:10:27] 723.9, 123.1, 5.205
[21:10:28] 638.2, 123.0, 5.199
[21:10:29] 638.1, 123.0, 5.198
[21:10:30] 638.1, 123.1, 5.186
[21:10:31] 638.1, 122.9, 5.494
[21:10:32] 724.3, 123.0, 5.200
[21:10:33] 638.0, 123.1, 5.200
[21:10:34] 637.9, 123.1, 5.179
[21:10:35] 637.9, 123.0, 5.199
[21:10:36] 637.9, 122.9, 5.525
[21:10:37] 716.6, 123.1, 5.180
[21:10:38] 637.5, 123.0, 5.182
[21:10:39] 637.5, 123.0, 5.203
[21:10:40] 637.5, 123.0, 5.200
[21:10:41] 637.6, 122.6, 7.181
[21:10:42] 750.0, 123.1, 5.187
[21:10:43] 637.5, 123.0, 5.205
[21:10:44] 637.7, 123.0, 5.204
[21:10:45] 637.8, 123.0, 5.209
[21:10:46] 637.9, 122.6, 7.335
[21:10:47] 770.3, 123.0, 5.199
[21:10:48] 638.0, 123.0, 5.199
[21:10:49] 637.9, 123.1, 5.194
[21:10:50] 637.9, 123.1, 5.181
[21:10:51] 637.8, 122.8, 5.263
[21:10:52] 765.0, 122.9, 5.624
[21:10:53] 733.3, 123.0, 5.189
[21:10:54] 638.6, 123.1, 5.186
[21:10:55] 638.4, 123.1, 5.198
[21:10:56] 638.3, 123.1, 5.196
[21:10:57] 638.2, 122.5, 7.408
[21:10:58] 891.6, 122.9, 5.655
[21:10:59] 737.1, 123.0, 5.198
[21:11:00] 638.0, 123.0, 5.199
[21:11:01] 637.9, 123.1, 5.192
[21:11:02] 637.9, 123.1, 5.177
[21:11:03] 637.8, 122.6, 7.399
[21:11:04] 874.1, 122.6, 7.435
[21:11:05] 912.2, 122.6, 7.218
[21:11:06] 793.2, 123.0, 5.195
[21:11:07] 638.6, 123.0, 5.201
[21:11:08] 638.6, 123.0, 5.198
[21:11:09] 638.5, 123.0, 5.183
[21:11:10] 638.4, 122.5, 7.362
[21:11:11] 841.8, 122.5, 7.442
[21:11:12] 912.6, 122.5, 7.455
[21:11:13] 912.6, 122.4, 7.457
[21:11:14] 912.9, 122.5, 7.367
[21:11:15] 853.8, 123.0, 5.224
[21:11:16] 640.4, 123.0, 5.220
[21:11:17] 640.4, 122.9, 5.223
[21:11:18] 640.4, 122.9, 5.199
[21:11:19] 640.1, 122.5, 6.202
[21:11:20] 781.1, 122.4, 7.454
[21:11:21] 912.6, 122.4, 7.463
[21:11:22] 912.7, 122.4, 7.469
[21:11:23] 913.1, 122.4, 7.476
[21:11:24] 913.4, 122.3, 7.484
[21:11:25] 913.8, 122.3, 7.486
[21:11:26] 914.3, 122.4, 7.498
[21:11:27] 914.8, 122.4, 7.483
[21:11:28] 914.9, 123.0, 5.286
[21:11:29] 697.3, 123.0, 5.221
[21:11:30] 640.8, 123.0, 5.204
[21:11:31] 640.6, 122.9, 5.208
[21:11:32] 640.5, 123.0, 5.204
[21:11:33] 656.2, 122.4, 7.444
[21:11:34] 913.0, 122.5, 7.456
[21:11:35] 913.1, 122.5, 7.467
[21:11:36] 913.5, 122.4, 7.479
[21:11:37] 913.9, 122.5, 7.482
[21:11:38] 914.3, 122.4, 7.482
[21:11:39] 914.8, 122.4, 7.491
[21:11:40] 915.2, 122.4, 7.496
[21:11:41] 915.6, 122.4, 7.492
[21:11:42] 916.0, 122.5, 7.496
[21:11:43] 916.2, 122.5, 7.491
[21:11:44] 916.5, 122.5, 7.493
[21:11:45] 916.8, 122.5, 7.491
[21:11:46] 916.9, 122.4, 7.489
[21:11:47] 917.1, 122.4, 7.485
[21:11:48] 917.2, 122.4, 7.503
[21:11:49] 917.5, 122.2, 7.500
[21:11:50] 876.4, 123.0, 5.224
[21:11:51] 642.6, 123.0, 5.223
[21:11:52] 642.3, 123.0, 5.215
[21:11:53] 642.1, 123.1, 5.207
