<<<[21:16:29] 641.5, 123.0, 5.187
[21:16:30] 641.1, 123.1, 5.185
[21:16:31] 640.9, 123.0, 5.299
[21:16:32] 649.9, 122.9, 5.321
[21:16:33] 655.2, 123.0, 5.324
[21:16:34] 655.2, 123.0, 5.355
[21:16:35] 655.5, 123.0, 5.356
[21:16:36] 655.6, 123.0, 5.325
[21:16:37] 655.7, 123.0, 5.321
[21:16:38] 655.8, 123.1, 5.306
[21:16:39] 655.8, 123.1, 5.330
[21:16:40] 655.8, 123.0, 5.315
[21:16:41] 656.0, 123.1, 5.381
[21:16:42] 656.1, 123.1, 5.311
[21:16:43] 656.7, 123.0, 5.357
[21:16:44] 656.5, 123.0, 5.311
[21:16:45] 656.6, 123.0, 5.464
[21:16:46] 664.8, 123.1, 5.307
[21:16:47] 654.8, 123.1, 5.319
[21:16:48] 655.0, 123.1, 5.305
[21:16:49] 655.6, 123.1, 5.305
[21:16:50] 655.4, 123.1, 5.326
[21:16:51] 655.5, 123.0, 5.305
[21:16:52] 660.7, 123.0, 5.412
[21:16:53] 667.4, 123.0, 5.332
[21:16:54] 654.2, 123.0, 5.181
[21:16:55] 638.4, 123.0, 5.181
[21:16:56] 638.3, 123.1, 5.178
[21:16:57] 638.3, 123.1, 5.182
[21:16:58] 638.3, 123.1, 5.176
[21:16:59] 663.6, 123.0, 5.305
[21:17:00] 708.7, 123.1, 5.178
[21:17:01] 637.8, 123.1, 5.177
[21:17:02] 637.7, 123.0, 5.173
[21:17:03] 637.7, 123.0, 5.193
[21:17:04] 657.9, 123.1, 5.318
[21:17:05] 710.5, 123.1, 5.179
[21:17:06] 637.8, 123.0, 5.176
[21:17:07] 637.7, 123.0, 5.178
[21:17:08] 637.7, 123.1, 5.179
[21:17:09] 650.8, 123.1, 5.335
[21:17:10] 712.8, 123.0, 5.179
[21:17:11] 637.6, 123.0, 5.177
[21:17:12] 637.6, 123.0, 5.178
[21:17:13] 637.6, 123.1, 5.197
[21:17:14] 637.7, 122.7, 6.885
[21:17:15] 768.0, 123.0, 5.179
[21:17:16] 637.6, 123.1, 5.176
[21:17:17] 637.6, 123.1, 5.177
[21:17:18] 637.5, 123.1, 5.172
[21:17:19] 637.4, 122.8, 7.029
[21:17:20] 753.4, 123.1, 5.174
[21:17:21] 637.5, 123.1, 5.178
[21:17:22] 637.5, 123.1, 5.170
[21:17:23] 637.4, 123.0, 5.174
[21:17:24] 637.4, 122.3, 7.815
[21:17:25] 822.1, 123.0, 5.182
[21:17:26] 637.8, 123.1, 5.177
[21:17:27] 637.7, 123.1, 5.177
[21:17:28] 637.7, 123.1, 5.173
[21:17:29] 637.6, 123.1, 5.171
[21:17:30] 736.7, 122.5, 7.659
[21:17:31] 862.4, 123.0, 5.178
[21:17:32] 638.0, 123.1, 5.173
[21:17:33] 637.9, 123.1, 5.176
[21:17:34] 637.7, 123.1, 5.172
[21:17:35] 637.7, 122.6, 6.448
[21:17:36] 813.8, 122.4, 7.988
[21:17:37] 979.0, 123.0, 5.452
[21:17:38] 725.0, 123.2, 5.178
[21:17:39] 638.2, 123.2, 5.198
[21:17:40] 638.2, 123.2, 5.191
[21:17:41] 638.3, 123.1, 5.191
[21:17:42] 638.3, 122.4, 7.974
[21:17:43] 971.1, 122.4, 7.999
[21:17:44] 980.1, 122.4, 8.007
[21:17:45] 980.2, 123.0, 5.480
[21:17:46] 733.7, 123.1, 5.183
[21:17:47] 638.8, 123.2, 5.181
[21:17:48] 638.7, 123.2, 5.175
[21:17:49] 638.5, 123.2, 5.173
[21:17:50] 638.4, 122.5, 7.973
[21:17:51] 947.1, 122.5, 8.004
[21:17:52] 980.1, 122.4, 8.010
[21:17:53] 980.3, 122.4, 8.020
[21:17:54] 980.6, 122.4, 8.023
[21:17:55] 980.9, 122.4, 8.031
[21:17:56] 981.3, 122.6, 7.264
[21:17:57] 801.2, 123.0, 5.203
[21:17:58] 640.2, 123.0, 5.188
[21:17:59] 640.0, 123.0, 5.186
[21:18:00] 639.8, 123.0, 5.182
[21:18:01] 639.6, 122.3, 7.946
[21:18:02] 902.0, 122.2, 8.013
[21:18:03] 980.9, 122.3, 8.023
[21:18:04] 981.1, 122.3, 8.030
[21:18:05] 981.4, 122.3, 8.036
[21:18:06] 981.7, 122.3, 8.039
[21:18:07] 982.0, 122.2, 8.043
[21:18:08] 982.4, 122.2, 8.048
[21:18:09] 982.7, 122.3, 8.056
[21:18:10] 983.1, 122.3, 8.054
[21:18:11] 983.5, 122.2, 8.055
[21:18:12] 983.8, 122.3, 8.054
[21:18:13] 984.1, 122.8, 7.174
[21:18:14] 808.7, 123.1, 5.199
[21:18:15] 640.4, 123.0, 5.196
[21:18:16] 640.3, 123.1, 5.187
[21:18:17] 640.1, 123.1, 5.182
