<<<[04:25:11] 648.1, 125.2, 5.136
[04:25:12] 647.5, 125.2, 5.135
[04:25:13] 646.9, 125.1, 5.204
[04:25:14] 647.4, 125.2, 5.138
[04:25:15] 646.9, 125.1, 5.135
[04:25:16] 646.5, 125.1, 5.136
[04:25:17] 646.1, 125.2, 5.130
[04:25:18] 645.7, 125.2, 5.132
[04:25:19] 680.0, 125.2, 5.209
[04:25:20] 702.8, 125.1, 5.136
[04:25:21] 643.2, 125.2, 5.132
[04:25:22] 643.1, 125.2, 5.131
[04:25:23] 643.1, 125.1, 5.134
[04:25:24] 677.0, 125.2, 5.205
[04:25:25] 703.0, 125.1, 5.130
[04:25:26] 642.4, 125.1, 5.126
[04:25:27] 642.4, 125.2, 5.130
[04:25:28] 642.4, 125.2, 5.131
[04:25:29] 675.6, 125.1, 5.205
[04:25:30] 704.4, 125.1, 5.133
[04:25:31] 643.2, 125.2, 5.128
[04:25:32] 643.1, 125.2, 5.133
[04:25:33] 643.1, 125.2, 5.128
[04:25:34] 674.3, 125.2, 5.210
[04:25:35] 705.0, 125.1, 5.130
[04:25:36] 642.8, 125.1, 5.131
[04:25:37] 642.8, 125.2, 5.128
[04:25:38] 642.8, 125.2, 5.127
[04:25:39] 673.3, 125.1, 5.209
[04:25:40] 705.6, 125.2, 5.131
[04:25:41] 643.2, 125.2, 5.127
[04:25:42] 643.1, 125.3, 5.128
[04:25:43] 643.0, 125.2, 5.125
[04:25:44] 670.9, 125.2, 5.214
[04:25:45] 706.3, 125.2, 5.128
[04:25:46] 642.6, 125.3, 5.124
[04:25:47] 642.5, 125.2, 5.122
[04:25:48] 642.4, 125.2, 5.126
[04:25:49] 667.4, 125.2, 5.215
[04:25:50] 707.3, 125.2, 5.125
[04:25:51] 642.2, 125.2, 5.128
[04:25:52] 642.2, 125.2, 5.126
[04:25:53] 642.2, 125.1, 5.126
[04:25:54] 661.9, 125.1, 5.224
[04:25:55] 708.1, 125.1, 5.126
[04:25:56] 642.2, 125.1, 5.126
[04:25:57] 642.2, 125.2, 5.125
[04:25:58] 642.1, 125.2, 5.129
[04:25:59] 650.2, 125.2, 5.220
[04:26:00] 710.7, 125.2, 5.130
[04:26:01] 642.4, 125.2, 5.126
[04:26:02] 642.3, 125.2, 5.125
[04:26:03] 642.3, 125.1, 5.123
[04:26:04] 642.3, 125.0, 6.348
[04:26:05] 749.5, 125.2, 5.125
[04:26:06] 642.0, 125.2, 5.126
[04:26:07] 642.0, 125.2, 5.123
[04:26:08] 642.0, 125.3, 5.120
[04:26:09] 642.0, 124.7, 7.317
[04:26:10] 810.3, 125.1, 5.129
[04:26:11] 642.4, 125.1, 5.124
[04:26:12] 642.3, 125.1, 5.125
[04:26:13] 642.3, 125.2, 5.126
[04:26:14] 642.3, 125.2, 5.127
[04:26:15] 757.9, 125.0, 6.453
[04:26:16] 769.1, 125.2, 5.129
[04:26:17] 642.6, 125.1, 5.128
[04:26:18] 642.5, 125.1, 5.128
[04:26:19] 642.5, 125.1, 5.125
[04:26:20] 642.5, 124.6, 7.287
[04:26:21] 843.7, 124.5, 7.387
[04:26:22] 881.5, 125.1, 5.140
[04:26:23] 643.6, 125.1, 5.131
[04:26:24] 643.5, 125.1, 5.131
[04:26:25] 643.4, 125.1, 5.131
[04:26:26] 643.3, 125.2, 5.127
[04:26:27] 740.2, 124.5, 7.379
[04:26:28] 920.7, 124.6, 7.395
[04:26:29] 921.0, 124.6, 7.192
[04:26:30] 827.2, 125.2, 5.142
[04:26:31] 644.7, 125.2, 5.131
[04:26:32] 644.5, 125.2, 5.130
[04:26:33] 644.3, 125.2, 5.126
[04:26:34] 644.1, 124.7, 6.961
[04:26:35] 809.7, 124.7, 7.386
[04:26:36] 922.5, 124.6, 7.407
[04:26:37] 922.6, 124.7, 7.406
[04:26:38] 922.9, 124.7, 7.413
[04:26:39] 923.2, 124.5, 7.430
[04:26:40] 923.1, 125.1, 5.280
[04:26:41] 717.8, 125.1, 5.143
[04:26:42] 644.5, 125.2, 5.140
[04:26:43] 644.4, 125.2, 5.135
[04:26:44] 644.3, 125.3, 5.131
[04:26:45] 672.7, 124.7, 7.384
[04:26:46] 922.1, 124.6, 7.403
[04:26:47] 922.3, 124.6, 7.408
[04:26:48] 922.7, 124.6, 7.420
[04:26:49] 923.1, 124.7, 7.421
[04:26:50] 923.5, 124.7, 7.423
[04:26:51] 923.9, 124.6, 7.420
[04:26:52] 924.3, 124.6, 7.433
[04:26:53] 924.7, 124.7, 7.435
[04:26:54] 925.1, 124.7, 7.442
[04:26:55] 925.6, 124.6, 7.439
[04:26:56] 896.5, 125.2, 5.163
[04:26:57] 646.7, 125.2, 5.148
[04:26:58] 646.5, 125.2, 5.143
[04:26:59] 646.2, 125.3, 5.140
