<<<[06:50:52] 647.2, 124.0, 5.198
[06:50:53] 646.9, 124.0, 5.190
[06:50:54] 646.5, 124.1, 5.187
[06:50:55] 647.1, 124.0, 5.456
[06:50:56] 673.9, 124.1, 5.330
[06:50:57] 667.6, 124.0, 5.350
[06:50:58] 667.0, 124.1, 5.416
[06:50:59] 656.7, 124.1, 5.193
[06:51:00] 645.7, 124.0, 5.190
[06:51:01] 645.6, 124.1, 5.188
[06:51:02] 645.5, 124.1, 5.191
[06:51:03] 645.4, 124.1, 5.187
[06:51:04] 738.0, 124.1, 5.187
[06:51:05] 643.7, 124.2, 5.182
[06:51:06] 643.7, 124.2, 5.182
[06:51:07] 643.6, 124.2, 5.179
[06:51:08] 643.6, 124.2, 5.180
[06:51:09] 731.9, 124.1, 5.192
[06:51:10] 643.7, 124.2, 5.184
[06:51:11] 643.6, 124.2, 5.179
[06:51:12] 643.5, 124.1, 5.181
[06:51:13] 643.5, 124.1, 5.183
[06:51:14] 731.3, 124.1, 5.190
[06:51:15] 642.8, 124.1, 5.184
[06:51:16] 642.9, 124.1, 5.186
[06:51:17] 643.0, 124.1, 5.184
[06:51:18] 643.0, 124.1, 5.183
[06:51:19] 730.6, 124.1, 5.189
[06:51:20] 643.2, 124.1, 5.184
[06:51:21] 643.2, 124.1, 5.183
[06:51:22] 643.3, 124.1, 5.181
[06:51:23] 643.2, 124.1, 5.180
[06:51:24] 729.6, 124.0, 5.187
[06:51:25] 643.2, 124.0, 5.184
[06:51:26] 643.1, 124.0, 5.180
[06:51:27] 643.1, 124.0, 5.182
[06:51:28] 643.1, 124.0, 5.180
[06:51:29] 726.4, 124.1, 5.186
[06:51:30] 643.7, 124.0, 5.180
[06:51:31] 643.5, 124.0, 5.182
[06:51:32] 643.5, 124.1, 5.178
[06:51:33] 643.5, 124.1, 5.181
[06:51:34] 721.3, 124.1, 5.185
[06:51:35] 644.3, 124.1, 5.183
[06:51:36] 644.1, 124.1, 5.181
[06:51:37] 644.0, 124.1, 5.182
[06:51:38] 643.9, 124.0, 5.179
[06:51:39] 711.1, 124.0, 5.186
[06:51:40] 647.3, 124.0, 5.180
[06:51:41] 646.9, 124.0, 5.181
[06:51:42] 646.4, 124.0, 5.181
[06:51:43] 645.9, 124.0, 5.183
[06:51:44] 694.9, 124.1, 5.232
[06:51:45] 695.1, 124.1, 5.185
[06:51:46] 643.9, 124.1, 5.186
[06:51:47] 643.8, 124.1, 5.188
[06:51:48] 643.8, 124.1, 5.183
[06:51:49] 652.4, 123.5, 7.204
[06:51:50] 809.3, 124.0, 5.189
[06:51:51] 643.9, 124.1, 5.188
[06:51:52] 643.9, 124.1, 5.187
[06:51:53] 643.9, 124.1, 5.187
[06:51:54] 643.8, 123.6, 7.443
[06:51:55] 846.9, 124.0, 5.262
[06:51:56] 702.6, 124.0, 5.191
[06:51:57] 644.3, 124.1, 5.188
[06:51:58] 644.2, 124.1, 5.187
[06:51:59] 644.1, 123.9, 5.188
[06:52:00] 681.1, 123.5, 7.541
[06:52:01] 932.3, 124.0, 6.092
[06:52:02] 756.7, 124.0, 5.197
[06:52:03] 644.9, 124.1, 5.204
[06:52:04] 644.9, 124.1, 5.190
[06:52:05] 644.8, 124.0, 5.187
[06:52:06] 644.8, 123.6, 7.530
[06:52:07] 915.4, 123.5, 7.545
[06:52:08] 934.7, 123.5, 7.346
[06:52:09] 825.4, 124.1, 5.203
[06:52:10] 646.7, 124.1, 5.197
[06:52:11] 646.4, 124.0, 5.200
[06:52:12] 646.3, 124.1, 5.186
[06:52:13] 646.0, 123.6, 6.815
[06:52:14] 806.3, 123.4, 7.557
[06:52:15] 934.1, 123.4, 7.565
[06:52:16] 934.3, 123.5, 7.574
[06:52:17] 934.5, 123.4, 7.590
[06:52:18] 935.0, 123.9, 6.299
[06:52:19] 768.5, 124.1, 5.207
[06:52:20] 646.3, 124.1, 5.201
[06:52:21] 646.2, 124.1, 5.197
[06:52:22] 646.0, 124.0, 5.193
[06:52:23] 645.9, 123.5, 7.530
[06:52:24] 885.9, 123.5, 7.567
[06:52:25] 935.7, 123.4, 7.577
[06:52:26] 935.7, 123.4, 7.590
[06:52:27] 936.0, 123.5, 7.589
[06:52:28] 936.4, 123.5, 7.599
[06:52:29] 936.7, 123.5, 7.602
[06:52:30] 937.1, 123.5, 7.604
[06:52:31] 937.5, 123.5, 7.605
[06:52:32] 937.8, 123.4, 7.606
[06:52:33] 893.3, 124.1, 5.223
[06:52:34] 648.5, 124.1, 5.211
[06:52:35] 648.2, 124.1, 5.207
[06:52:36] 648.0, 124.0, 5.201
[06:52:37] 647.7, 124.0, 5.200
[06:52:38] 742.8, 123.4, 7.565
[06:52:39] 935.3, 123.4, 7.589
[06:52:40] 935.6, 123.4, 7.599
[06:52:41] 935.9, 123.5, 7.605
[06:52:42] 936.4, 123.3, 7.610
[06:52:43] 936.9, 123.4, 7.613
[06:52:44] 937.3, 123.4, 7.614
[06:52:45] 937.8, 123.4, 7.621
[06:52:46] 938.2, 123.3, 7.625
[06:52:47] 938.7, 123.3, 7.626
[06:52:48] 939.1, 123.4, 7.626
[06:52:49] 939.5, 123.4, 7.621
[06:52:50] 939.8, 123.3, 7.631
[06:52:51] 940.1, 123.4, 7.627
[06:52:52] 940.4, 123.3, 7.631
[06:52:53] 940.7, 123.4, 7.632
[06:52:54] 940.9, 123.4, 7.629
[06:52:55] 941.1, 123.4, 7.630
[06:52:56] 941.3, 123.5, 7.632
[06:52:57] 827.2, 123.9, 5.243
[06:52:58] 650.2, 124.1, 5.222
[06:52:59] 649.9, 124.0, 5.215
[06:53:00] 649.5, 124.1, 5.211
