<<<[20:10:27] 637.6, 123.0, 5.178
[20:10:28] 637.5, 122.9, 5.177
[20:10:29] 637.5, 123.0, 5.221
[20:10:30] 645.3, 123.0, 5.183
[20:10:31] 644.8, 122.9, 5.180
[20:10:32] 637.5, 123.0, 5.179
[20:10:33] 637.5, 122.9, 5.183
[20:10:34] 637.5, 123.0, 5.180
[20:10:35] 637.5, 122.4, 7.136
[20:10:36] 732.5, 123.0, 5.176
[20:10:37] 637.1, 122.9, 5.177
[20:10:38] 637.0, 122.9, 5.175
[20:10:39] 637.0, 122.8, 5.177
[20:10:40] 637.1, 122.5, 7.133
[20:10:41] 731.1, 123.0, 5.175
[20:10:42] 637.3, 122.9, 5.173
[20:10:43] 637.2, 123.0, 5.173
[20:10:44] 637.1, 122.9, 5.174
[20:10:45] 637.1, 122.5, 7.127
[20:10:46] 730.9, 123.0, 5.178
[20:10:47] 637.3, 122.9, 5.173
[20:10:48] 637.2, 123.0, 5.174
[20:10:49] 637.1, 123.0, 5.172
[20:10:50] 637.1, 122.5, 7.112
[20:10:51] 729.8, 123.0, 5.171
[20:10:52] 636.7, 123.0, 5.170
[20:10:53] 636.6, 122.9, 5.167
[20:10:54] 636.5, 123.0, 5.172
[20:10:55] 636.6, 122.5, 7.111
[20:10:56] 730.0, 123.1, 5.171
[20:10:57] 636.9, 123.0, 5.169
[20:10:58] 636.9, 123.0, 5.172
[20:10:59] 636.9, 123.0, 5.168
[20:11:00] 636.9, 122.5, 7.102
[20:11:01] 729.4, 123.0, 5.173
[20:11:02] 636.9, 123.0, 5.175
[20:11:03] 636.9, 123.0, 5.172
[20:11:04] 636.9, 122.9, 5.167
[20:11:05] 636.8, 122.5, 7.090
[20:11:06] 728.6, 123.1, 5.173
[20:11:07] 636.7, 123.0, 5.170
[20:11:08] 636.7, 123.0, 5.167
[20:11:09] 636.6, 123.0, 5.166
[20:11:10] 636.6, 122.5, 7.076
[20:11:11] 726.6, 123.1, 5.171
[20:11:12] 636.7, 123.0, 5.167
[20:11:13] 636.7, 122.9, 5.165
[20:11:14] 636.6, 123.1, 5.166
[20:11:15] 636.6, 122.5, 7.062
[20:11:16] 724.8, 123.0, 5.165
[20:11:17] 636.5, 123.1, 5.165
[20:11:18] 636.5, 123.0, 5.164
[20:11:19] 636.4, 123.1, 5.164
[20:11:20] 636.4, 122.6, 7.050
[20:11:21] 720.3, 123.0, 5.172
[20:11:22] 637.3, 123.1, 5.171
[20:11:23] 637.2, 123.0, 5.168
[20:11:24] 637.1, 123.1, 5.169
[20:11:25] 637.1, 122.5, 7.111
[20:11:26] 760.5, 123.1, 5.172
[20:11:27] 636.9, 123.0, 5.172
[20:11:28] 636.9, 123.0, 5.174
[20:11:29] 636.9, 123.0, 5.170
[20:11:30] 636.9, 122.7, 5.672
[20:11:31] 770.1, 123.0, 5.184
[20:11:32] 659.7, 123.0, 5.175
[20:11:33] 637.3, 123.0, 5.173
[20:11:34] 637.2, 122.9, 5.171
[20:11:35] 637.1, 123.1, 5.167
[20:11:36] 729.0, 122.9, 5.324
[20:11:37] 716.8, 123.0, 5.178
[20:11:38] 637.1, 122.9, 5.171
[20:11:39] 637.0, 123.0, 5.173
[20:11:40] 637.0, 122.9, 5.168
[20:11:41] 636.9, 122.3, 7.767
[20:11:42] 911.5, 122.9, 5.191
[20:11:43] 662.6, 122.9, 5.173
[20:11:44] 636.5, 122.9, 5.172
[20:11:45] 636.5, 123.0, 5.169
[20:11:46] 636.5, 123.0, 5.167
[20:11:47] 675.2, 122.3, 7.776
[20:11:48] 953.0, 122.4, 7.383
[20:11:49] 842.6, 122.9, 5.182
[20:11:50] 637.6, 122.9, 5.176
[20:11:51] 637.5, 123.0, 5.172
[20:11:52] 637.4, 122.9, 5.174
[20:11:53] 637.3, 122.4, 7.149
[20:11:54] 819.9, 122.3, 7.794
[20:11:55] 954.8, 122.2, 7.816
[20:11:56] 955.0, 122.4, 7.689
[20:11:57] 852.4, 122.9, 5.194
[20:11:58] 638.8, 122.9, 5.181
[20:11:59] 638.6, 123.0, 5.176
[20:12:00] 638.5, 122.9, 5.174
[20:12:01] 638.3, 122.7, 5.837
[20:12:02] 793.7, 122.3, 7.802
[20:12:03] 955.5, 122.3, 7.816
[20:12:04] 955.7, 122.3, 7.828
[20:12:05] 956.1, 122.3, 7.836
[20:12:06] 956.5, 122.3, 7.838
[20:12:07] 957.0, 122.3, 7.840
[20:12:08] 916.8, 123.0, 5.202
[20:12:09] 640.4, 123.0, 5.192
[20:12:10] 640.2, 123.0, 5.184
[20:12:11] 640.0, 123.1, 5.176
[20:12:12] 639.7, 123.0, 5.178
[20:12:13] 744.5, 122.4, 7.803
[20:12:14] 956.1, 122.3, 7.822
[20:12:15] 956.4, 122.3, 7.828
[20:12:16] 956.7, 122.4, 7.837
[20:12:17] 957.1, 122.3, 7.842
[20:12:18] 957.6, 122.3, 7.854
[20:12:19] 958.1, 122.4, 7.849
[20:12:20] 958.6, 122.3, 7.848
[20:12:21] 959.0, 122.4, 7.850
[20:12:22] 959.4, 122.4, 7.851
[20:12:23] 959.7, 122.3, 7.850
[20:12:24] 960.0, 122.4, 7.857
[20:12:25] 954.0, 122.9, 5.218
[20:12:26] 642.2, 122.9, 5.200
[20:12:27] 641.9, 123.1, 5.194
[20:12:28] 641.6, 123.0, 5.188
