<<<[10:42:50] 647.7, 122.8, 5.244
[10:42:51] 647.5, 122.9, 5.245
[10:42:52] 647.2, 122.7, 5.439
[10:42:53] 663.2, 122.8, 5.454
[10:42:54] 663.6, 122.8, 5.441
[10:42:55] 664.0, 122.8, 5.397
[10:42:56] 664.1, 122.9, 5.400
[10:42:57] 664.4, 122.8, 5.500
[10:42:58] 659.1, 123.0, 5.251
[10:42:59] 646.1, 122.9, 5.253
[10:43:00] 646.1, 122.9, 5.251
[10:43:01] 646.1, 122.9, 5.251
[10:43:02] 646.1, 122.8, 5.255
[10:43:03] 742.8, 122.9, 5.249
[10:43:04] 646.1, 122.9, 5.243
[10:43:05] 646.0, 122.9, 5.243
[10:43:06] 645.9, 122.9, 5.238
[10:43:07] 645.8, 122.8, 5.244
[10:43:08] 737.1, 123.0, 5.252
[10:43:09] 645.3, 122.8, 5.245
[10:43:10] 645.2, 123.0, 5.247
[10:43:11] 645.2, 122.9, 5.242
[10:43:12] 645.2, 122.9, 5.245
[10:43:13] 736.7, 122.9, 5.252
[10:43:14] 644.9, 122.8, 5.248
[10:43:15] 644.9, 122.9, 5.247
[10:43:16] 645.0, 122.8, 5.248
[10:43:17] 645.0, 122.8, 5.242
[10:43:18] 735.9, 122.9, 5.248
[10:43:19] 644.9, 122.8, 5.245
[10:43:20] 644.9, 122.8, 5.239
[10:43:21] 645.0, 122.9, 5.233
[10:43:22] 644.9, 122.9, 5.248
[10:43:23] 735.3, 122.9, 5.274
[10:43:24] 645.7, 122.8, 5.266
[10:43:25] 645.7, 122.9, 5.252
[10:43:26] 645.6, 122.9, 5.244
[10:43:27] 645.5, 122.8, 5.240
[10:43:28] 732.5, 122.8, 5.240
[10:43:29] 645.1, 122.9, 5.243
[10:43:30] 645.1, 122.8, 5.240
[10:43:31] 645.1, 122.8, 5.247
[10:43:32] 645.1, 122.9, 5.246
[10:43:33] 728.4, 122.9, 5.248
[10:43:34] 645.5, 122.9, 5.240
[10:43:35] 645.4, 122.9, 5.242
[10:43:36] 645.3, 123.0, 5.241
[10:43:37] 645.3, 123.0, 5.236
[10:43:38] 720.5, 122.9, 5.244
[10:43:39] 646.1, 122.9, 5.240
[10:43:40] 645.9, 123.0, 5.237
[10:43:41] 645.8, 122.9, 5.239
[10:43:42] 645.6, 122.9, 5.239
[10:43:43] 706.9, 123.0, 5.281
[10:43:44] 696.1, 122.9, 5.238
[10:43:45] 645.5, 122.9, 5.245
[10:43:46] 645.4, 122.8, 5.240
[10:43:47] 645.3, 123.0, 5.241
[10:43:48] 671.1, 122.9, 5.864
[10:43:49] 755.4, 122.9, 5.246
[10:43:50] 645.1, 122.9, 5.242
[10:43:51] 645.1, 122.8, 5.243
[10:43:52] 645.0, 122.9, 5.241
[10:43:53] 645.0, 122.3, 7.642
[10:43:54] 871.7, 122.8, 5.250
[10:43:55] 649.5, 122.8, 5.246
[10:43:56] 648.9, 122.8, 5.246
[10:43:57] 648.5, 122.9, 5.243
[10:43:58] 648.0, 122.9, 5.235
[10:43:59] 725.6, 122.3, 7.671
[10:44:00] 930.3, 122.9, 5.253
[10:44:01] 651.0, 122.9, 5.250
[10:44:02] 645.9, 122.9, 5.246
[10:44:03] 645.8, 122.9, 5.245
[10:44:04] 645.7, 122.8, 5.245
[10:44:05] 704.2, 122.2, 7.676
[10:44:06] 940.6, 122.2, 7.700
[10:44:07] 940.6, 122.9, 5.318
[10:44:08] 703.0, 122.9, 5.258
[10:44:09] 646.9, 122.9, 5.252
[10:44:10] 646.8, 122.8, 5.251
[10:44:11] 646.6, 122.9, 5.246
[10:44:12] 659.7, 122.3, 7.681
[10:44:13] 941.0, 122.2, 7.708
[10:44:14] 941.3, 122.2, 7.722
[10:44:15] 941.9, 122.2, 7.721
[10:44:16] 942.5, 122.4, 7.349
[10:44:17] 818.0, 122.8, 5.274
[10:44:18] 648.5, 122.9, 5.263
[10:44:19] 648.3, 122.9, 5.257
[10:44:20] 648.2, 122.9, 5.257
[10:44:21] 647.9, 122.3, 7.608
[10:44:22] 867.4, 122.3, 7.711
[10:44:23] 944.3, 122.3, 7.726
[10:44:24] 944.5, 122.2, 7.734
[10:44:25] 944.8, 122.3, 7.736
[10:44:26] 945.2, 122.3, 7.747
[10:44:27] 945.6, 122.3, 7.753
[10:44:28] 946.1, 122.2, 7.752
[10:44:29] 946.5, 122.3, 7.760
[10:44:30] 945.9, 122.8, 5.291
[10:44:31] 658.5, 122.9, 5.298
[10:44:32] 650.0, 122.8, 5.293
[10:44:33] 649.9, 122.9, 5.286
[10:44:34] 649.7, 122.9, 5.251
[10:44:35] 696.5, 122.2, 7.692
[10:44:36] 943.3, 122.3, 7.731
[10:44:37] 943.7, 122.2, 7.742
[10:44:38] 944.2, 122.2, 7.759
[10:44:39] 944.7, 122.1, 7.757
[10:44:40] 945.3, 122.2, 7.764
[10:44:41] 945.9, 122.2, 7.776
[10:44:42] 951.2, 122.0, 7.783
[10:44:43] 951.2, 122.1, 7.777
[10:44:44] 951.1, 122.1, 7.788
[10:44:45] 951.2, 122.1, 7.771
[10:44:46] 951.2, 122.1, 7.771
[10:44:47] 951.3, 122.2, 7.783
[10:44:48] 951.4, 122.1, 7.785
[10:44:49] 951.5, 122.1, 7.779
[10:44:50] 951.6, 122.2, 7.782
[10:44:51] 951.7, 122.0, 7.790
[10:44:52] 951.7, 122.8, 5.308
[10:44:53] 652.6, 122.8, 5.287
[10:44:54] 652.3, 122.8, 5.275
[10:44:55] 651.9, 122.8, 5.269
