<<<[18:01:58] 640.6, 122.8, 5.179
[18:01:59] 640.1, 122.7, 5.182
[18:02:00] 639.8, 122.7, 5.188
[18:02:01] 640.3, 122.8, 5.322
[18:02:02] 655.6, 122.8, 5.352
[18:02:03] 655.6, 122.7, 5.320
[18:02:04] 655.6, 122.8, 5.337
[18:02:05] 655.7, 122.8, 5.324
[18:02:06] 655.5, 122.7, 5.328
[18:02:07] 655.4, 122.7, 5.328
[18:02:08] 655.3, 122.7, 5.321
[18:02:09] 655.3, 122.8, 5.336
[18:02:10] 655.3, 122.8, 5.315
[18:02:11] 655.2, 122.7, 5.356
[18:02:12] 655.4, 122.6, 5.370
[18:02:13] 655.7, 122.8, 5.314
[18:02:14] 655.9, 122.7, 5.386
[18:02:15] 655.9, 122.7, 5.337
[18:02:16] 656.2, 122.8, 5.333
[18:02:17] 661.5, 122.7, 5.339
[18:02:18] 661.0, 122.7, 5.410
[18:02:19] 660.6, 122.6, 5.338
[18:02:20] 660.2, 122.7, 5.458
[18:02:21] 668.6, 122.7, 5.321
[18:02:22] 655.8, 122.8, 5.439
[18:02:23] 655.9, 122.7, 5.338
[18:02:24] 656.0, 122.7, 5.468
[18:02:25] 662.3, 122.7, 5.338
[18:02:26] 656.0, 122.7, 5.325
[18:02:27] 656.3, 122.8, 5.345
[18:02:28] 661.7, 122.7, 5.499
[18:02:29] 669.1, 122.9, 5.203
[18:02:30] 639.6, 122.9, 5.196
[18:02:31] 639.5, 122.9, 5.197
[18:02:32] 639.4, 122.8, 5.198
[18:02:33] 639.4, 122.9, 5.198
[18:02:34] 658.5, 122.7, 5.391
[18:02:35] 714.8, 122.9, 5.178
[18:02:36] 637.1, 122.8, 5.177
[18:02:37] 637.0, 122.9, 5.178
[18:02:38] 637.0, 122.8, 5.178
[18:02:39] 648.7, 122.7, 5.373
[18:02:40] 715.2, 122.8, 5.182
[18:02:41] 637.1, 122.7, 5.185
[18:02:42] 637.1, 122.8, 5.182
[18:02:43] 637.0, 122.8, 5.181
[18:02:44] 637.4, 122.7, 5.387
[18:02:45] 720.9, 122.7, 5.185
[18:02:46] 637.1, 122.8, 5.182
[18:02:47] 637.0, 122.8, 5.178
[18:02:48] 636.9, 122.8, 5.177
[18:02:49] 636.9, 122.3, 7.140
[18:02:50] 766.6, 122.7, 5.186
[18:02:51] 636.9, 122.7, 5.187
[18:02:52] 636.9, 122.8, 5.182
[18:02:53] 636.8, 122.8, 5.178
[18:02:54] 636.8, 122.4, 7.229
[18:02:55] 754.4, 122.9, 5.178
[18:02:56] 637.1, 122.8, 5.179
[18:02:57] 637.0, 122.8, 5.182
[18:02:58] 637.0, 122.9, 5.177
[18:02:59] 636.9, 122.0, 7.928
[18:03:00] 828.4, 122.8, 5.187
[18:03:01] 637.5, 122.7, 5.184
[18:03:02] 637.5, 122.6, 5.185
[18:03:03] 637.4, 122.8, 5.181
[18:03:04] 637.3, 122.7, 5.182
[18:03:05] 745.3, 122.2, 7.533
[18:03:06] 866.8, 122.7, 5.191
[18:03:07] 638.0, 122.7, 5.186
[18:03:08] 638.0, 122.6, 5.184
[18:03:09] 638.0, 122.7, 5.183
[18:03:10] 637.8, 122.2, 7.238
[18:03:11] 836.5, 122.0, 8.126
[18:03:12] 982.9, 122.8, 5.217
[18:03:13] 675.4, 122.7, 5.188
[18:03:14] 637.6, 122.7, 5.186
[18:03:15] 637.4, 122.8, 5.188
[18:03:16] 637.4, 122.7, 5.185
[18:03:17] 668.4, 122.0, 8.109
[18:03:18] 991.2, 122.0, 8.131
[18:03:19] 991.4, 122.0, 8.141
[18:03:20] 981.7, 122.7, 5.226
[18:03:21] 678.2, 122.8, 5.202
[18:03:22] 638.4, 122.7, 5.191
[18:03:23] 638.2, 122.5, 5.194
[18:03:24] 638.1, 122.7, 5.191
[18:03:25] 677.6, 121.9, 8.122
[18:03:26] 991.6, 121.9, 8.141
[18:03:27] 991.8, 121.9, 8.154
[18:03:28] 992.3, 121.9, 8.172
[18:03:29] 992.8, 121.9, 8.170
[18:03:30] 993.3, 121.8, 8.177
[18:03:31] 978.8, 122.6, 5.245
[18:03:32] 682.5, 122.7, 5.210
[18:03:33] 639.4, 122.6, 5.202
[18:03:34] 639.3, 122.6, 5.197
[18:03:35] 639.0, 122.7, 5.196
[18:03:36] 697.9, 121.9, 8.137
[18:03:37] 993.5, 121.9, 8.153
[18:03:38] 993.7, 121.8, 8.169
[18:03:39] 994.0, 121.9, 8.171
[18:03:40] 994.5, 121.8, 8.175
[18:03:41] 994.9, 121.9, 8.177
[18:03:42] 995.4, 122.0, 8.178
[18:03:43] 995.8, 122.0, 8.177
[18:03:44] 996.2, 122.0, 8.176
[18:03:45] 996.6, 121.9, 8.178
[18:03:46] 996.9, 121.9, 8.185
[18:03:47] 997.2, 122.0, 8.187
[18:03:48] 897.5, 122.7, 5.216
[18:03:49] 640.6, 122.7, 5.208
[18:03:50] 640.4, 122.7, 5.198
[18:03:51] 640.1, 122.8, 5.199
[18:03:52] 639.9, 122.7, 5.194
