<<<[14:14:27] 642.8, 122.6, 5.248
[14:14:28] 642.7, 122.5, 5.248
[14:14:29] 642.6, 122.5, 5.249
[14:14:30] 642.7, 122.6, 5.363
[14:14:31] 658.7, 122.6, 5.393
[14:14:32] 658.6, 122.6, 5.396
[14:14:33] 658.6, 122.6, 5.379
[14:14:34] 658.7, 122.5, 5.388
[14:14:35] 658.9, 122.6, 5.439
[14:14:36] 659.3, 122.6, 5.488
[14:14:37] 659.8, 122.6, 5.384
[14:14:38] 660.1, 122.5, 5.366
[14:14:39] 660.2, 122.6, 5.406
[14:14:40] 660.5, 122.6, 5.247
[14:14:41] 643.0, 122.5, 5.255
[14:14:42] 643.0, 122.7, 5.234
[14:14:43] 642.9, 122.7, 5.249
[14:14:44] 642.9, 122.7, 5.247
[14:14:45] 669.5, 122.6, 5.419
[14:14:46] 715.6, 122.7, 5.230
[14:14:47] 642.8, 122.6, 5.244
[14:14:48] 642.7, 122.6, 5.245
[14:14:49] 642.7, 122.7, 5.245
[14:14:50] 666.0, 122.6, 5.359
[14:14:51] 712.6, 122.5, 5.255
[14:14:52] 642.6, 122.6, 5.245
[14:14:53] 642.5, 122.6, 5.248
[14:14:54] 642.5, 122.6, 5.228
[14:14:55] 663.4, 122.6, 5.375
[14:14:56] 714.2, 122.7, 5.245
[14:14:57] 642.2, 122.7, 5.252
[14:14:58] 642.3, 122.7, 5.229
[14:14:59] 642.4, 122.7, 5.247
[14:15:00] 661.1, 122.6, 5.385
[14:15:01] 714.8, 122.7, 5.244
[14:15:02] 642.2, 122.7, 5.230
[14:15:03] 642.3, 122.7, 5.238
[14:15:04] 642.3, 122.7, 5.242
[14:15:05] 647.7, 122.6, 5.394
[14:15:06] 721.5, 122.7, 5.232
[14:15:07] 642.6, 122.6, 5.247
[14:15:08] 642.6, 122.7, 5.246
[14:15:09] 642.5, 122.6, 5.245
[14:15:10] 642.5, 122.4, 6.913
[14:15:11] 765.6, 122.6, 5.256
[14:15:12] 643.2, 122.5, 5.249
[14:15:13] 643.1, 122.6, 5.249
[14:15:14] 643.0, 122.5, 5.233
[14:15:15] 643.0, 122.0, 7.609
[14:15:16] 794.9, 122.5, 5.259
[14:15:17] 642.8, 122.5, 5.251
[14:15:18] 642.7, 122.5, 5.235
[14:15:19] 642.7, 122.6, 5.253
[14:15:20] 642.7, 122.1, 6.841
[14:15:21] 824.6, 122.6, 5.432
[14:15:22] 720.7, 122.6, 5.239
[14:15:23] 643.2, 122.6, 5.253
[14:15:24] 643.1, 122.7, 5.250
[14:15:25] 643.1, 122.5, 5.250
[14:15:26] 643.2, 121.9, 8.032
[14:15:27] 980.9, 122.7, 5.452
[14:15:28] 728.6, 122.6, 5.258
[14:15:29] 643.7, 122.6, 5.252
[14:15:30] 643.6, 122.6, 5.231
[14:15:31] 643.5, 122.7, 5.251
[14:15:32] 643.4, 121.9, 8.031
[14:15:33] 957.9, 121.9, 8.055
[14:15:34] 983.5, 122.3, 7.195
[14:15:35] 792.2, 122.6, 5.265
[14:15:36] 644.5, 122.6, 5.258
[14:15:37] 644.4, 122.7, 5.256
[14:15:38] 644.3, 122.7, 5.236
[14:15:39] 644.1, 121.9, 8.008
[14:15:40] 913.0, 122.0, 8.058
[14:15:41] 984.1, 121.9, 8.060
[14:15:42] 984.1, 121.9, 8.064
[14:15:43] 984.3, 122.2, 7.703
[14:15:44] 868.9, 122.7, 5.266
[14:15:45] 644.9, 122.7, 5.264
[14:15:46] 644.8, 122.6, 5.236
[14:15:47] 644.7, 122.6, 5.254
[14:15:48] 644.5, 122.2, 6.709
[14:15:49] 823.1, 122.0, 8.047
[14:15:50] 983.3, 122.0, 8.053
[14:15:51] 983.4, 122.0, 8.068
[14:15:52] 983.6, 121.9, 8.069
[14:15:53] 983.9, 122.0, 8.077
[14:15:54] 984.3, 121.9, 8.085
[14:15:55] 984.7, 121.9, 8.085
[14:15:56] 985.0, 121.9, 8.086
[14:15:57] 985.3, 122.6, 5.537
[14:15:58] 730.8, 122.5, 5.257
[14:15:59] 645.5, 122.6, 5.273
[14:16:00] 645.4, 122.4, 5.272
[14:16:01] 645.2, 122.6, 5.263
[14:16:02] 645.1, 121.9, 8.055
[14:16:03] 982.3, 121.9, 8.065
[14:16:04] 982.6, 121.8, 8.075
[14:16:05] 982.9, 121.9, 8.084
[14:16:06] 983.4, 121.9, 8.086
[14:16:07] 983.9, 121.9, 8.097
[14:16:08] 984.4, 121.8, 8.095
[14:16:09] 984.8, 121.9, 8.109
[14:16:10] 985.4, 121.7, 8.109
[14:16:11] 985.8, 121.9, 8.105
[14:16:12] 986.3, 121.8, 8.105
[14:16:13] 986.7, 121.9, 8.109
[14:16:14] 987.1, 121.8, 8.109
[14:16:15] 987.5, 121.9, 8.109
[14:16:16] 987.8, 121.8, 8.116
[14:16:17] 988.0, 121.9, 8.110
[14:16:18] 988.3, 121.8, 8.114
[14:16:19] 988.6, 122.6, 5.302
[14:16:20] 668.0, 122.5, 5.289
[14:16:21] 646.5, 122.6, 5.282
[14:16:22] 646.4, 122.6, 5.254
[14:16:23] 646.2, 122.6, 5.270
