<<<[07:46:05] 648.0, 124.2, 5.210
[07:46:06] 647.7, 124.2, 5.196
[07:46:07] 647.5, 124.2, 5.415
[07:46:08] 670.1, 124.1, 5.427
[07:46:09] 670.0, 124.1, 5.490
[07:46:10] 680.2, 124.1, 5.344
[07:46:11] 668.9, 124.2, 5.377
[07:46:12] 668.8, 124.2, 5.438
[07:46:13] 669.1, 124.3, 5.366
[07:46:14] 669.1, 124.2, 5.426
[07:46:15] 669.2, 124.2, 5.421
[07:46:16] 668.7, 124.2, 5.351
[07:46:17] 668.3, 124.2, 5.352
[07:46:18] 668.2, 124.2, 5.335
[07:46:19] 667.7, 124.3, 5.352
[07:46:20] 667.5, 124.1, 5.484
[07:46:21] 672.7, 124.3, 5.369
[07:46:22] 662.8, 124.2, 5.332
[07:46:23] 663.0, 124.1, 5.474
[07:46:24] 663.5, 124.2, 5.347
[07:46:25] 663.7, 124.1, 5.351
[07:46:26] 663.6, 124.1, 5.470
[07:46:27] 676.4, 124.1, 5.400
[07:46:28] 675.8, 124.1, 5.260
[07:46:29] 655.4, 124.1, 5.257
[07:46:30] 654.7, 124.1, 5.212
[07:46:31] 646.7, 124.2, 5.218
[07:46:32] 646.7, 124.1, 5.216
[07:46:33] 646.7, 123.7, 7.201
[07:46:34] 744.7, 124.2, 5.193
[07:46:35] 644.5, 124.2, 5.203
[07:46:36] 644.5, 124.2, 5.203
[07:46:37] 644.5, 124.1, 5.208
[07:46:38] 644.4, 123.6, 7.157
[07:46:39] 736.7, 124.2, 5.206
[07:46:40] 644.5, 124.1, 5.203
[07:46:41] 644.4, 124.2, 5.207
[07:46:42] 644.4, 124.2, 5.188
[07:46:43] 644.4, 123.8, 7.162
[07:46:44] 733.3, 124.2, 5.203
[07:46:45] 644.3, 124.3, 5.198
[07:46:46] 644.3, 124.2, 5.187
[07:46:47] 644.2, 124.2, 5.194
[07:46:48] 644.1, 123.7, 7.221
[07:46:49] 726.4, 124.1, 5.206
[07:46:50] 644.3, 124.2, 5.190
[07:46:51] 644.2, 124.2, 5.196
[07:46:52] 644.1, 124.1, 5.197
[07:46:53] 644.1, 123.5, 7.503
[07:46:54] 763.2, 124.1, 5.190
[07:46:55] 644.1, 124.2, 5.203
[07:46:56] 644.1, 124.2, 5.204
[07:46:57] 644.0, 124.1, 5.202
[07:46:58] 644.0, 124.2, 5.186
[07:46:59] 783.1, 124.1, 5.260
[07:47:00] 698.7, 124.2, 5.202
[07:47:01] 643.9, 124.1, 5.204
[07:47:02] 643.8, 124.0, 5.192
[07:47:03] 643.8, 124.1, 5.206
[07:47:04] 661.9, 123.3, 8.068
[07:47:05] 960.7, 124.0, 5.217
[07:47:06] 651.4, 124.1, 5.197
[07:47:07] 644.3, 124.0, 5.209
[07:47:08] 644.3, 124.1, 5.207
[07:47:09] 644.2, 124.1, 5.202
[07:47:10] 763.0, 123.3, 8.071
[07:47:11] 997.5, 124.0, 6.003
[07:47:12] 761.3, 124.1, 5.215
[07:47:13] 645.1, 123.9, 5.219
[07:47:14] 645.0, 124.1, 5.195
[07:47:15] 645.0, 124.1, 5.205
[07:47:16] 644.9, 123.4, 8.062
[07:47:17] 967.5, 123.3, 8.088
[07:47:18] 999.2, 123.3, 8.099
[07:47:19] 991.8, 124.0, 5.296
[07:47:20] 705.8, 124.0, 5.222
[07:47:21] 645.7, 124.0, 5.214
[07:47:22] 645.6, 124.0, 5.200
[07:47:23] 645.5, 123.9, 5.210
[07:47:24] 671.3, 123.2, 8.081
[07:47:25] 998.3, 123.2, 8.103
[07:47:26] 998.4, 123.2, 8.112
[07:47:27] 998.7, 123.2, 8.115
[07:47:28] 999.2, 123.1, 8.125
[07:47:29] 999.6, 123.2, 8.136
[07:47:30] 920.7, 124.0, 5.217
[07:47:31] 647.1, 124.1, 5.230
[07:47:32] 647.0, 124.1, 5.216
[07:47:33] 646.8, 124.1, 5.215
[07:47:34] 646.6, 124.1, 5.202
[07:47:35] 785.9, 123.4, 8.089
[07:47:36] 999.0, 123.4, 8.105
[07:47:37] 999.2, 123.4, 8.110
[07:47:38] 999.6, 123.3, 8.115
[07:47:39] 1000.0, 123.4, 8.117
[07:47:40] 1000.5, 123.4, 8.120
[07:47:41] 1000.8, 123.4, 8.121
[07:47:42] 1001.2, 123.4, 8.122
[07:47:43] 1001.6, 123.3, 8.128
[07:47:44] 1002.0, 123.3, 8.131
[07:47:45] 1002.3, 123.3, 8.134
[07:47:46] 987.8, 124.1, 5.224
[07:47:47] 647.9, 124.0, 5.228
[07:47:48] 647.7, 124.1, 5.223
[07:47:49] 647.5, 124.1, 5.226
[07:47:50] 647.4, 124.0, 5.201
