<<<[02:45:40] 640.6, 125.1, 5.100
[02:45:41] 640.3, 125.1, 5.096
[02:45:42] 640.0, 125.1, 5.093
[02:45:43] 645.5, 125.0, 5.265
[02:45:44] 663.0, 125.0, 5.280
[02:45:45] 663.1, 125.1, 5.259
[02:45:46] 662.8, 125.0, 5.315
[02:45:47] 662.8, 125.1, 5.261
[02:45:48] 662.6, 125.1, 5.330
[02:45:49] 662.7, 125.0, 5.270
[02:45:50] 662.6, 125.1, 5.324
[02:45:51] 662.6, 125.0, 5.250
[02:45:52] 662.5, 125.0, 5.300
[02:45:53] 662.6, 125.1, 5.272
[02:45:54] 662.7, 125.0, 5.281
[02:45:55] 662.5, 125.1, 5.290
[02:45:56] 662.6, 125.1, 5.309
[02:45:57] 662.7, 125.1, 5.317
[02:45:58] 662.9, 125.1, 5.270
[02:45:59] 662.6, 125.0, 5.334
[02:46:00] 662.7, 125.1, 5.265
[02:46:01] 662.6, 125.0, 5.330
[02:46:02] 662.6, 125.1, 5.256
[02:46:03] 662.4, 125.0, 5.297
[02:46:04] 662.5, 125.1, 5.321
[02:46:05] 663.0, 125.1, 5.271
[02:46:06] 662.8, 125.1, 5.318
[02:46:07] 662.7, 125.1, 5.263
[02:46:08] 662.5, 125.2, 5.265
[02:46:09] 662.3, 125.1, 5.333
[02:46:10] 662.4, 125.2, 5.252
[02:46:11] 662.2, 125.1, 5.306
[02:46:12] 662.4, 125.1, 5.298
[02:46:13] 662.3, 125.0, 5.258
[02:46:14] 662.2, 125.1, 5.302
[02:46:15] 662.0, 125.1, 5.287
[02:46:16] 662.0, 125.1, 5.270
[02:46:17] 662.0, 125.1, 5.322
[02:46:18] 662.1, 125.1, 5.273
[02:46:19] 662.0, 125.2, 5.260
[02:46:20] 661.8, 125.0, 5.327
[02:46:21] 661.8, 125.1, 5.259
[02:46:22] 661.9, 125.0, 5.274
[02:46:23] 661.7, 125.1, 5.324
[02:46:24] 661.7, 125.1, 5.253
[02:46:25] 661.6, 125.1, 5.240
[02:46:26] 662.0, 125.1, 5.264
[02:46:27] 662.2, 125.0, 5.274
[02:46:28] 662.1, 125.1, 5.255
[02:46:29] 661.8, 125.0, 5.286
[02:46:30] 662.1, 125.1, 5.244
[02:46:31] 661.6, 125.1, 5.360
[02:46:32] 661.4, 125.1, 5.259
[02:46:33] 661.1, 125.0, 5.364
[02:46:34] 672.3, 125.2, 5.247
[02:46:35] 657.9, 125.0, 5.327
[02:46:36] 658.2, 125.1, 5.266
[02:46:37] 658.2, 125.1, 5.381
[02:46:38] 664.4, 125.1, 5.247
[02:46:39] 658.1, 125.1, 5.273
[02:46:40] 658.5, 125.0, 5.245
[02:46:41] 663.8, 125.1, 5.327
[02:46:42] 672.1, 125.0, 5.399
[02:46:43] 665.2, 125.1, 5.256
[02:46:44] 658.1, 125.0, 5.246
[02:46:45] 658.4, 125.1, 5.251
[02:46:46] 658.9, 125.1, 5.264
[02:46:47] 659.1, 125.0, 5.249
[02:46:48] 659.3, 125.1, 5.323
[02:46:49] 659.2, 125.0, 5.380
[02:46:50] 670.1, 125.1, 5.257
[02:46:51] 659.3, 125.0, 5.260
[02:46:52] 659.4, 125.1, 5.291
[02:46:53] 659.2, 125.0, 5.383
[02:46:54] 659.8, 125.1, 5.256
[02:46:55] 659.5, 125.1, 5.248
[02:46:56] 659.7, 125.1, 5.250
[02:46:57] 660.1, 125.0, 5.403
[02:46:58] 675.2, 125.0, 5.387
[02:46:59] 674.9, 125.0, 5.358
[02:47:00] 674.3, 125.1, 5.281
[02:47:01] 663.6, 125.1, 5.247
[02:47:02] 657.7, 125.1, 5.250
[02:47:03] 657.9, 125.0, 5.245
[02:47:04] 658.0, 125.1, 5.267
[02:47:05] 658.6, 125.0, 5.244
[02:47:06] 658.4, 125.0, 5.244
[02:47:07] 658.6, 125.1, 5.270
[02:47:08] 658.8, 125.0, 5.379
[02:47:09] 670.3, 125.1, 5.242
[02:47:10] 657.7, 125.0, 5.302
[02:47:11] 657.8, 125.1, 5.321
[02:47:12] 657.9, 125.0, 5.372
[02:47:13] 663.4, 125.1, 5.242
[02:47:14] 657.7, 125.0, 5.354
[02:47:15] 657.9, 125.1, 5.284
[02:47:16] 657.9, 125.0, 5.390
[02:47:17] 670.1, 125.1, 5.374
[02:47:18] 670.0, 125.0, 5.246
[02:47:19] 660.1, 125.0, 5.265
[02:47:20] 660.1, 125.0, 5.268
[02:47:21] 660.0, 125.1, 5.248
[02:47:22] 660.1, 125.0, 5.245
[02:47:23] 660.2, 124.9, 5.257
[02:47:24] 660.3, 125.1, 5.252
[02:47:25] 660.0, 125.1, 5.245
[02:47:26] 660.2, 125.0, 5.359
[02:47:27] 666.0, 125.0, 5.258
[02:47:28] 657.7, 125.1, 5.254
[02:47:29] 657.9, 125.0, 5.240
[02:47:30] 657.9, 125.0, 5.265
[02:47:31] 663.2, 125.1, 5.245
[02:47:32] 657.7, 125.1, 5.244
[02:47:33] 657.9, 125.1, 5.251
[02:47:34] 658.0, 125.1, 5.394
[02:47:35] 675.6, 125.0, 5.396
[02:47:36] 675.4, 125.1, 5.365
[02:47:37] 675.0, 125.0, 5.385
[02:47:38] 674.4, 125.0, 5.347
[02:47:39] 668.2, 125.1, 5.345
[02:47:40] 668.3, 125.0, 5.337
[02:47:41] 668.4, 125.0, 5.277
[02:47:42] 662.6, 125.1, 5.271
[02:47:43] 662.1, 125.1, 5.272
[02:47:44] 661.8, 125.0, 5.269
[02:47:45] 661.5, 125.1, 5.266
[02:47:46] 661.3, 125.1, 5.268
[02:47:47] 661.1, 125.2, 5.142
[02:47:48] 646.1, 125.2, 5.083
[02:47:49] 636.7, 125.1, 5.082
[02:47:50] 636.6, 125.2, 5.082
[02:47:51] 636.5, 125.1, 5.083
[02:47:52] 636.5, 124.7, 6.796
[02:47:53] 735.1, 125.1, 5.080
[02:47:54] 636.1, 125.2, 5.078
[02:47:55] 636.0, 125.1, 5.078
[02:47:56] 635.9, 125.2, 5.077
[02:47:57] 635.9, 124.9, 5.326
[02:47:58] 763.4, 125.3, 5.083
[02:47:59] 640.2, 125.1, 5.079
[02:48:00] 639.6, 125.2, 5.076
[02:48:01] 639.2, 125.1, 5.078
[02:48:02] 638.7, 125.2, 5.077
[02:48:03] 744.5, 125.2, 5.137
[02:48:04] 691.0, 125.1, 5.079
[02:48:05] 636.1, 125.2, 5.077
[02:48:06] 636.0, 125.2, 5.075
[02:48:07] 635.9, 125.2, 5.076
[02:48:08] 677.8, 124.6, 7.128
[02:48:09] 821.9, 125.1, 5.083
[02:48:10] 636.5, 125.2, 5.076
[02:48:11] 636.3, 125.1, 5.079
[02:48:12] 636.2, 125.2, 5.078
[02:48:13] 636.2, 124.5, 7.615
[02:48:14] 860.9, 124.6, 7.076
[02:48:15] 815.6, 125.1, 5.087
[02:48:16] 637.1, 125.1, 5.084
[02:48:17] 637.0, 125.0, 5.085
[02:48:18] 636.9, 125.1, 5.082
[02:48:19] 636.8, 124.4, 7.765
[02:48:20] 890.0, 124.4, 7.851
[02:48:21] 978.0, 125.0, 5.978
[02:48:22] 753.6, 125.2, 5.089
[02:48:23] 636.7, 125.1, 5.083
[02:48:24] 636.6, 125.1, 5.084
[02:48:25] 636.6, 125.1, 5.082
[02:48:26] 636.6, 124.5, 7.835
[02:48:27] 947.9, 124.4, 7.851
[02:48:28] 978.4, 124.5, 7.860
[02:48:29] 978.6, 124.4, 7.870
[02:48:30] 954.6, 125.2, 5.104
[02:48:31] 650.0, 125.1, 5.087
[02:48:32] 637.3, 125.2, 5.088
[02:48:33] 637.2, 125.1, 5.087
[02:48:34] 637.1, 125.2, 5.080
[02:48:35] 725.4, 124.4, 7.848
[02:48:36] 978.0, 124.5, 7.860
[02:48:37] 978.2, 124.4, 7.870
[02:48:38] 978.4, 124.5, 7.882
[02:48:39] 978.8, 124.4, 7.879
[02:48:40] 979.2, 124.5, 7.882
[02:48:41] 979.6, 124.4, 7.889
[02:48:42] 980.0, 125.2, 5.198
[02:48:43] 706.5, 125.1, 5.102
[02:48:44] 638.4, 125.2, 5.095
[02:48:45] 638.3, 125.1, 5.091
[02:48:46] 638.2, 125.1, 5.089
[02:48:47] 638.0, 124.5, 7.849
[02:48:48] 966.4, 124.4, 7.867
[02:48:49] 980.3, 124.5, 7.875
[02:48:50] 980.4, 124.4, 7.883
[02:48:51] 980.6, 124.5, 7.885
[02:48:52] 980.9, 124.4, 7.888
[02:48:53] 981.2, 124.5, 7.892
[02:48:54] 981.4, 124.4, 7.896
[02:48:55] 981.7, 124.5, 7.896
[02:48:56] 981.9, 124.4, 7.896
[02:48:57] 982.2, 124.4, 7.900
[02:48:58] 982.5, 124.5, 7.899
[02:48:59] 982.7, 124.4, 7.906
[02:49:00] 982.9, 124.5, 7.904
[02:49:01] 983.2, 124.5, 7.904
[02:49:02] 860.9, 125.1, 5.107
[02:49:03] 638.8, 125.2, 5.103
[02:49:04] 638.8, 125.1, 5.098
[02:49:05] 638.7, 125.2, 5.092
<<<[02:51:15] 641.3, 125.1, 5.095
[02:51:16] 640.8, 125.1, 5.096
[02:51:17] 640.4, 125.1, 5.166
[02:51:18] 650.2, 125.0, 5.284
[02:51:19] 659.3, 125.0, 5.308
[02:51:20] 659.4, 125.1, 5.277
[02:51:21] 659.7, 125.0, 5.307
[02:51:22] 660.1, 125.0, 5.267
[02:51:23] 660.2, 125.0, 5.308
[02:51:24] 660.5, 125.0, 5.270
[02:51:25] 660.6, 125.0, 5.329
[02:51:26] 660.8, 125.1, 5.254
[02:51:27] 660.7, 125.1, 5.330
[02:51:28] 660.8, 125.1, 5.252
[02:51:29] 660.8, 125.1, 5.335
[02:51:30] 661.1, 125.1, 5.264
[02:51:31] 661.1, 125.0, 5.325
[02:51:32] 661.3, 125.1, 5.249
[02:51:33] 661.2, 125.0, 5.319
[02:51:34] 661.4, 125.1, 5.251
[02:51:35] 661.3, 125.1, 5.306
[02:51:36] 661.5, 125.1, 5.250
[02:51:37] 661.7, 125.1, 5.301
[02:51:38] 661.9, 125.0, 5.304
[02:51:39] 661.9, 125.1, 5.260
[02:51:40] 661.9, 125.2, 5.324
[02:51:41] 662.1, 125.1, 5.256
[02:51:42] 662.1, 125.0, 5.274
[02:51:43] 661.9, 125.1, 5.311
[02:51:44] 661.9, 125.1, 5.255
[02:51:45] 661.9, 125.0, 5.308
[02:51:46] 662.0, 125.0, 5.273
[02:51:47] 662.0, 125.1, 5.258
[02:51:48] 661.8, 125.0, 5.329
[02:51:49] 661.9, 125.0, 5.251
[02:51:50] 662.0, 125.1, 5.290
[02:51:51] 661.9, 125.0, 5.325
[02:51:52] 661.9, 125.1, 5.252
[02:51:53] 661.9, 125.0, 5.297
[02:51:54] 661.9, 125.0, 5.298
[02:51:55] 661.9, 125.1, 5.260
[02:51:56] 661.8, 125.0, 5.311
[02:51:57] 661.9, 125.1, 5.272
[02:51:58] 662.0, 125.1, 5.263
[02:51:59] 661.6, 125.1, 5.332
[02:52:00] 661.7, 125.0, 5.247
[02:52:01] 662.2, 125.1, 5.251
[02:52:02] 662.2, 125.0, 5.257
[02:52:03] 662.1, 125.1, 5.255
[02:52:04] 661.6, 125.0, 5.363
[02:52:05] 662.0, 125.2, 5.246
[02:52:06] 661.6, 125.0, 5.364
[02:52:07] 661.5, 125.1, 5.254
[02:52:08] 661.2, 125.1, 5.369
[02:52:09] 672.5, 125.1, 5.248
[02:52:10] 658.5, 125.1, 5.372
[02:52:11] 658.8, 125.1, 5.258
[02:52:12] 658.7, 125.1, 5.321
[02:52:13] 665.0, 125.1, 5.248
[02:52:14] 659.9, 125.1, 5.266
[02:52:15] 659.9, 125.1, 5.246
[02:52:16] 665.2, 125.0, 5.334
[02:52:17] 671.5, 125.1, 5.348
[02:52:18] 665.0, 125.1, 5.248
[02:52:19] 658.5, 125.1, 5.257
[02:52:20] 658.8, 125.2, 5.246
[02:52:21] 659.3, 125.2, 5.252
[02:52:22] 659.3, 125.1, 5.289
[02:52:23] 659.4, 125.2, 5.291
[02:52:24] 659.3, 125.1, 5.388
[02:52:25] 671.3, 125.1, 5.251
[02:52:26] 658.5, 125.1, 5.301
[02:52:27] 658.6, 125.1, 5.278
[02:52:28] 658.6, 125.1, 5.351
[02:52:29] 659.2, 125.1, 5.251
[02:52:30] 659.1, 125.2, 5.244
[02:52:31] 659.4, 125.1, 5.248
[02:52:32] 659.8, 125.0, 5.403
[02:52:33] 675.4, 125.1, 5.394
[02:52:34] 675.2, 125.1, 5.351
[02:52:35] 674.6, 125.1, 5.258
[02:52:36] 662.8, 125.0, 5.244
[02:52:37] 662.2, 125.0, 5.245
[02:52:38] 661.9, 125.1, 5.264
[02:52:39] 661.8, 125.0, 5.249
[02:52:40] 661.7, 125.0, 5.248
[02:52:41] 661.4, 125.1, 5.253
[02:52:42] 661.3, 125.1, 5.255
[02:52:43] 661.1, 125.0, 5.367
[02:52:44] 668.6, 125.1, 5.245
[02:52:45] 658.1, 125.0, 5.356
[02:52:46] 658.4, 125.1, 5.297
[02:52:47] 658.3, 125.0, 5.378
[02:52:48] 663.4, 125.1, 5.290
[02:52:49] 658.1, 125.1, 5.375
[02:52:50] 658.3, 125.1, 5.265
[02:52:51] 658.2, 125.1, 5.398
[02:52:52] 670.9, 125.0, 5.369
[02:52:53] 670.9, 125.1, 5.264
[02:52:54] 660.5, 125.1, 5.253
[02:52:55] 660.3, 125.1, 5.262
[02:52:56] 660.1, 125.0, 5.249
[02:52:57] 660.4, 125.2, 5.268
[02:52:58] 660.3, 125.1, 5.248
[02:52:59] 660.2, 125.1, 5.246
[02:53:00] 659.9, 125.0, 5.243
[02:53:01] 660.3, 125.1, 5.333
[02:53:02] 665.4, 125.0, 5.256
[02:53:03] 657.5, 125.1, 5.254
[02:53:04] 657.8, 125.1, 5.241
[02:53:05] 657.8, 125.1, 5.265
[02:53:06] 663.0, 125.1, 5.246
[02:53:07] 657.7, 125.2, 5.243
[02:53:08] 657.9, 125.1, 5.246
[02:53:09] 658.1, 125.1, 5.396
[02:53:10] 674.7, 125.1, 5.394
[02:53:11] 674.6, 125.1, 5.363
[02:53:12] 674.2, 125.1, 5.385
[02:53:13] 673.7, 125.1, 5.324
[02:53:14] 667.0, 125.1, 5.345
[02:53:15] 667.2, 125.0, 5.339
[02:53:16] 667.3, 125.1, 5.345
[02:53:17] 667.1, 125.2, 5.272
[02:53:18] 659.9, 125.0, 5.271
[02:53:19] 659.8, 125.1, 5.271
[02:53:20] 659.8, 125.2, 5.270
[02:53:21] 659.8, 125.1, 5.270
[02:53:22] 659.8, 125.1, 5.166
[02:53:23] 646.9, 125.1, 5.086
[02:53:24] 636.7, 125.2, 5.085
[02:53:25] 636.7, 125.2, 5.084
[02:53:26] 636.7, 125.2, 5.086
[02:53:27] 636.6, 124.6, 6.394
[02:53:28] 737.1, 125.1, 5.087
[02:53:29] 636.5, 125.1, 5.083
[02:53:30] 636.4, 125.2, 5.079
[02:53:31] 636.3, 125.2, 5.079
[02:53:32] 636.3, 125.3, 5.077
[02:53:33] 725.4, 125.1, 5.081
[02:53:34] 636.5, 125.2, 5.080
[02:53:35] 636.4, 125.1, 5.081
[02:53:36] 636.3, 125.1, 5.081
[02:53:37] 636.3, 125.2, 5.080
[02:53:38] 738.8, 125.1, 5.193
[02:53:39] 703.8, 125.1, 5.085
[02:53:40] 636.5, 125.0, 5.085
[02:53:41] 636.4, 125.0, 5.084
[02:53:42] 636.4, 125.1, 5.081
[02:53:43] 667.6, 124.5, 7.176
[02:53:44] 838.2, 125.0, 5.087
[02:53:45] 636.7, 125.2, 5.085
[02:53:46] 636.7, 125.0, 5.083
[02:53:47] 636.5, 125.1, 5.082
[02:53:48] 636.6, 124.5, 7.521
[02:53:49] 853.2, 124.9, 6.561
[02:53:50] 783.5, 125.1, 5.089
[02:53:51] 636.1, 125.1, 5.086
[02:53:52] 636.1, 125.1, 5.085
[02:53:53] 636.2, 125.2, 5.083
[02:53:54] 636.2, 124.4, 7.743
[02:53:55] 881.1, 124.4, 7.859
[02:53:56] 978.8, 124.9, 6.645
[02:53:57] 769.9, 125.1, 5.095
[02:53:58] 638.0, 125.0, 5.087
[02:53:59] 637.7, 125.1, 5.087
[02:54:00] 637.6, 125.1, 5.084
[02:54:01] 637.5, 124.4, 7.846
[02:54:02] 940.2, 124.4, 7.861
[02:54:03] 979.6, 124.5, 7.868
[02:54:04] 979.7, 124.3, 7.877
[02:54:05] 957.5, 125.1, 5.115
[02:54:06] 665.0, 125.2, 5.094
[02:54:07] 637.5, 125.1, 5.090
[02:54:08] 637.4, 125.2, 5.086
[02:54:09] 637.4, 125.1, 5.087
[02:54:10] 720.7, 124.4, 7.858
[02:54:11] 979.6, 124.4, 7.868
[02:54:12] 979.6, 124.4, 7.877
[02:54:13] 979.9, 124.4, 7.886
[02:54:14] 980.2, 124.4, 7.887
[02:54:15] 980.5, 124.3, 7.891
[02:54:16] 980.9, 124.4, 7.902
[02:54:17] 981.2, 125.1, 5.297
[02:54:18] 721.7, 125.1, 5.105
[02:54:19] 638.4, 125.1, 5.102
[02:54:20] 638.4, 125.2, 5.095
[02:54:21] 638.4, 125.1, 5.093
[02:54:22] 638.3, 124.4, 7.855
[02:54:23] 965.2, 124.4, 7.875
[02:54:24] 980.9, 124.4, 7.882
[02:54:25] 981.0, 124.5, 7.884
[02:54:26] 981.2, 124.4, 7.895
[02:54:27] 981.5, 124.5, 7.896
[02:54:28] 981.8, 124.4, 7.902
[02:54:29] 982.2, 124.4, 7.905
[02:54:30] 982.5, 124.5, 7.903
[02:54:31] 982.8, 124.4, 7.907
[02:54:32] 983.0, 124.3, 7.913
[02:54:33] 983.3, 124.5, 7.912
[02:54:34] 983.6, 124.4, 7.909
[02:54:35] 983.8, 124.4, 7.915
[02:54:36] 984.1, 124.5, 7.917
[02:54:37] 855.7, 125.1, 5.110
[02:54:38] 639.6, 125.2, 5.103
[02:54:39] 639.4, 125.1, 5.100
[02:54:40] 639.2, 125.1, 5.097
[02:54:41] 639.1, 125.1, 5.093
