<<<[01:26:38] 639.9, 124.9, 5.105
[01:26:39] 639.6, 124.8, 5.109
[01:26:40] 639.4, 124.9, 5.107
[01:26:41] 639.5, 124.7, 5.323
[01:26:42] 663.6, 124.9, 5.262
[01:26:43] 657.7, 124.8, 5.290
[01:26:44] 658.0, 124.9, 5.283
[01:26:45] 657.9, 124.8, 5.155
[01:26:46] 647.9, 124.9, 5.106
[01:26:47] 637.6, 125.0, 5.110
[01:26:48] 637.6, 124.9, 5.107
[01:26:49] 637.6, 124.9, 5.107
[01:26:50] 637.7, 124.5, 7.000
[01:26:51] 733.1, 124.9, 5.105
[01:26:52] 637.6, 124.9, 5.104
[01:26:53] 637.5, 125.0, 5.098
[01:26:54] 637.5, 124.9, 5.097
[01:26:55] 637.4, 124.4, 6.997
[01:26:56] 730.8, 124.9, 5.105
[01:26:57] 637.5, 124.9, 5.103
[01:26:58] 637.5, 124.9, 5.099
[01:26:59] 637.4, 124.9, 5.103
[01:27:00] 637.4, 124.3, 6.989
[01:27:01] 730.2, 124.9, 5.105
[01:27:02] 637.8, 124.9, 5.100
[01:27:03] 637.6, 124.9, 5.104
[01:27:04] 637.6, 124.9, 5.103
[01:27:05] 637.5, 124.5, 6.984
[01:27:06] 729.8, 125.0, 5.100
[01:27:07] 636.9, 124.9, 5.100
[01:27:08] 636.9, 124.9, 5.101
[01:27:09] 636.9, 124.9, 5.098
[01:27:10] 636.9, 124.4, 6.962
[01:27:11] 727.2, 124.8, 5.106
[01:27:12] 637.3, 125.0, 5.101
[01:27:13] 637.2, 124.9, 5.099
[01:27:14] 637.2, 125.0, 5.093
[01:27:15] 637.1, 124.5, 6.940
[01:27:16] 724.1, 124.9, 5.102
[01:27:17] 636.9, 125.0, 5.099
[01:27:18] 636.9, 124.9, 5.094
[01:27:19] 636.8, 124.9, 5.102
[01:27:20] 636.8, 124.4, 6.868
[01:27:21] 714.8, 124.9, 5.100
[01:27:22] 637.1, 124.9, 5.097
[01:27:23] 637.0, 124.8, 5.100
[01:27:24] 636.9, 124.9, 5.098
[01:27:25] 636.9, 124.4, 6.561
[01:27:26] 750.2, 124.9, 5.092
[01:27:27] 635.9, 124.9, 5.099
[01:27:28] 636.0, 124.9, 5.101
[01:27:29] 636.0, 124.9, 5.098
[01:27:30] 636.1, 124.9, 5.093
[01:27:31] 748.5, 124.9, 5.114
[01:27:32] 661.1, 124.9, 5.101
[01:27:33] 636.7, 124.9, 5.101
[01:27:34] 636.8, 125.0, 5.092
[01:27:35] 636.7, 124.9, 5.101
[01:27:36] 679.8, 124.5, 7.125
[01:27:37] 823.5, 124.9, 5.104
[01:27:38] 637.6, 124.9, 5.098
[01:27:39] 637.4, 124.9, 5.103
[01:27:40] 637.4, 124.9, 5.099
[01:27:41] 637.3, 124.4, 7.089
[01:27:42] 815.0, 124.4, 7.180
[01:27:43] 828.0, 124.9, 5.110
[01:27:44] 638.0, 124.9, 5.107
[01:27:45] 637.9, 124.9, 5.105
[01:27:46] 637.8, 124.8, 5.094
[01:27:47] 637.7, 124.4, 6.839
[01:27:48] 802.4, 124.4, 7.421
[01:27:49] 924.0, 124.4, 7.356
[01:27:50] 834.9, 124.9, 5.108
[01:27:51] 638.6, 124.9, 5.111
[01:27:52] 638.7, 125.0, 5.104
[01:27:53] 638.6, 125.0, 5.104
[01:27:54] 638.6, 124.6, 5.715
[01:27:55] 779.0, 124.2, 7.422
[01:27:56] 924.2, 124.2, 7.433
[01:27:57] 924.4, 124.2, 7.446
[01:27:58] 924.7, 124.2, 7.452
[01:27:59] 893.3, 124.8, 5.129
[01:28:00] 640.2, 124.8, 5.120
[01:28:01] 640.0, 124.8, 5.115
[01:28:02] 639.9, 124.8, 5.107
[01:28:03] 639.6, 124.8, 5.117
[01:28:04] 733.5, 124.3, 7.427
[01:28:05] 924.8, 124.2, 7.440
[01:28:06] 924.9, 124.3, 7.447
[01:28:07] 925.2, 124.3, 7.446
[01:28:08] 925.6, 124.3, 7.460
[01:28:09] 926.1, 124.3, 7.466
[01:28:10] 926.6, 124.3, 7.467
[01:28:11] 927.0, 124.3, 7.468
[01:28:12] 927.3, 124.9, 5.321
[01:28:13] 720.1, 124.9, 5.122
[01:28:14] 640.0, 125.0, 5.111
[01:28:15] 639.8, 124.9, 5.117
[01:28:16] 639.7, 124.9, 5.111
[01:28:17] 639.8, 124.2, 7.429
[01:28:18] 925.6, 124.3, 7.436
[01:28:19] 925.7, 124.2, 7.457
[01:28:20] 926.0, 124.2, 7.463
[01:28:21] 926.4, 124.3, 7.470
[01:28:22] 926.8, 124.2, 7.471
[01:28:23] 927.2, 124.2, 7.474
[01:28:24] 927.6, 124.3, 7.479
[01:28:25] 928.0, 124.2, 7.484
[01:28:26] 928.4, 124.2, 7.484
[01:28:27] 928.8, 124.2, 7.480
[01:28:28] 929.0, 124.2, 7.486
[01:28:29] 929.4, 124.2, 7.480
[01:28:30] 929.7, 124.3, 7.493
[01:28:31] 930.1, 124.3, 7.496
[01:28:32] 930.4, 124.3, 7.493
[01:28:33] 930.7, 124.3, 7.494
[01:28:34] 826.8, 124.9, 5.141
[01:28:35] 642.0, 124.9, 5.135
[01:28:36] 641.9, 124.9, 5.126
[01:28:37] 641.6, 124.9, 5.125
