<<<[09:34:18] 648.3, 123.4, 5.255
[09:34:19] 648.2, 123.5, 5.247
[09:34:20] 648.1, 123.4, 5.492
[09:34:21] 667.2, 123.4, 5.409
[09:34:22] 667.1, 123.4, 5.254
[09:34:23] 648.1, 123.5, 5.233
[09:34:24] 647.9, 123.5, 5.246
[09:34:25] 647.9, 123.5, 5.245
[09:34:26] 647.7, 123.5, 5.254
[09:34:27] 647.7, 123.5, 5.717
[09:34:28] 741.0, 123.5, 5.239
[09:34:29] 646.7, 123.5, 5.236
[09:34:30] 646.6, 123.5, 5.251
[09:34:31] 646.6, 123.4, 5.239
[09:34:32] 646.6, 123.4, 5.749
[09:34:33] 739.8, 123.4, 5.230
[09:34:34] 646.7, 123.5, 5.250
[09:34:35] 646.6, 123.5, 5.236
[09:34:36] 646.6, 123.5, 5.237
[09:34:37] 646.6, 123.4, 5.765
[09:34:38] 738.8, 123.6, 5.240
[09:34:39] 646.1, 123.6, 5.231
[09:34:40] 646.1, 123.5, 5.231
[09:34:41] 646.1, 123.5, 5.222
[09:34:42] 646.2, 123.5, 5.809
[09:34:43] 738.0, 123.5, 5.235
[09:34:44] 646.3, 123.5, 5.234
[09:34:45] 646.3, 123.5, 5.224
[09:34:46] 646.2, 123.5, 5.245
[09:34:47] 646.2, 123.4, 5.829
[09:34:48] 736.7, 123.5, 5.235
[09:34:49] 646.5, 123.4, 5.230
[09:34:50] 646.4, 123.4, 5.247
[09:34:51] 646.4, 123.4, 5.235
[09:34:52] 646.3, 123.4, 5.846
[09:34:53] 733.7, 123.4, 5.242
[09:34:54] 646.5, 123.4, 5.246
[09:34:55] 646.4, 123.4, 5.225
[09:34:56] 646.4, 123.4, 5.235
[09:34:57] 646.4, 123.4, 5.863
[09:34:58] 728.4, 123.6, 5.238
[09:34:59] 646.3, 123.6, 5.231
[09:35:00] 646.3, 123.7, 5.226
[09:35:01] 646.3, 123.6, 5.229
[09:35:02] 646.2, 123.1, 7.210
[09:35:03] 765.8, 123.6, 5.238
[09:35:04] 646.7, 123.6, 5.235
[09:35:05] 646.6, 123.6, 5.227
[09:35:06] 646.6, 123.5, 5.239
[09:35:07] 646.6, 123.0, 7.252
[09:35:08] 792.6, 123.6, 5.237
[09:35:09] 647.1, 123.5, 5.228
[09:35:10] 647.0, 123.5, 5.241
[09:35:11] 646.9, 123.5, 5.238
[09:35:12] 646.7, 123.0, 6.739
[09:35:13] 794.3, 123.5, 5.287
[09:35:14] 702.0, 123.5, 5.244
[09:35:15] 646.7, 123.5, 5.235
[09:35:16] 646.6, 123.5, 5.234
[09:35:17] 646.6, 123.4, 5.231
[09:35:18] 693.9, 123.0, 7.463
[09:35:19] 865.8, 123.5, 5.247
[09:35:20] 647.7, 123.5, 5.238
[09:35:21] 647.6, 123.5, 5.238
[09:35:22] 647.5, 123.4, 5.254
[09:35:23] 647.4, 123.4, 5.250
[09:35:24] 755.8, 122.9, 7.462
[09:35:25] 920.5, 123.4, 6.006
[09:35:26] 758.7, 123.4, 5.270
[09:35:27] 648.3, 123.5, 5.247
[09:35:28] 648.2, 123.5, 5.234
[09:35:29] 648.1, 123.5, 5.244
[09:35:30] 647.9, 123.0, 7.443
[09:35:31] 878.4, 123.0, 7.475
[09:35:32] 922.1, 123.0, 7.496
[09:35:33] 922.2, 123.1, 7.292
[09:35:34] 811.7, 123.5, 5.272
[09:35:35] 649.1, 123.5, 5.252
[09:35:36] 649.0, 123.4, 5.251
[09:35:37] 648.8, 123.5, 5.247
[09:35:38] 648.6, 123.0, 7.406
[09:35:39] 853.0, 122.8, 7.493
[09:35:40] 921.9, 122.8, 7.508
[09:35:41] 922.1, 122.9, 7.508
[09:35:42] 922.4, 122.9, 7.518
[09:35:43] 922.8, 123.0, 7.515
[09:35:44] 923.1, 122.9, 7.377
[09:35:45] 818.9, 123.4, 5.269
[09:35:46] 650.0, 123.4, 5.264
[09:35:47] 649.9, 123.5, 5.257
[09:35:48] 649.7, 123.5, 5.249
[09:35:49] 649.4, 123.1, 6.832
[09:35:50] 802.8, 123.0, 7.482
[09:35:51] 922.3, 122.9, 7.499
[09:35:52] 922.5, 122.9, 7.508
[09:35:53] 922.7, 122.9, 7.511
[09:35:54] 923.0, 122.9, 7.518
[09:35:55] 923.4, 122.9, 7.525
[09:35:56] 923.7, 123.0, 7.527
[09:35:57] 924.1, 122.9, 7.523
[09:35:58] 924.4, 122.9, 7.535
[09:35:59] 924.8, 122.9, 7.536
[09:36:00] 925.2, 122.8, 7.544
[09:36:01] 925.7, 122.9, 7.544
[09:36:02] 872.5, 123.4, 5.291
[09:36:03] 651.2, 123.5, 5.268
[09:36:04] 651.0, 123.5, 5.261
[09:36:05] 650.8, 123.5, 5.262
