<<<[17:33:35] 639.8, 122.3, 5.233
[17:33:36] 639.6, 122.4, 5.231
[17:33:37] 639.6, 122.5, 5.402
[17:33:38] 658.1, 122.4, 5.391
[17:33:39] 658.0, 122.5, 5.281
[17:33:40] 647.3, 122.4, 5.235
[17:33:41] 639.4, 122.5, 5.226
[17:33:42] 639.2, 122.4, 5.203
[17:33:43] 639.0, 122.4, 5.227
[17:33:44] 638.9, 122.0, 7.214
[17:33:45] 734.3, 122.4, 5.225
[17:33:46] 637.3, 122.5, 5.197
[17:33:47] 637.2, 122.5, 5.215
[17:33:48] 637.1, 122.5, 5.213
[17:33:49] 637.1, 121.9, 7.215
[17:33:50] 731.7, 122.5, 5.198
[17:33:51] 637.1, 122.5, 5.213
[17:33:52] 637.0, 122.5, 5.213
[17:33:53] 637.0, 122.6, 5.210
[17:33:54] 636.9, 122.0, 7.205
[17:33:55] 731.5, 122.6, 5.222
[17:33:56] 637.6, 122.5, 5.223
[17:33:57] 637.6, 122.5, 5.220
[17:33:58] 637.7, 122.5, 5.194
[17:33:59] 637.6, 122.0, 7.202
[17:34:00] 731.5, 122.6, 5.216
[17:34:01] 637.3, 122.5, 5.220
[17:34:02] 637.3, 122.6, 5.195
[17:34:03] 637.3, 122.5, 5.215
[17:34:04] 637.2, 122.1, 7.199
[17:34:05] 730.4, 122.5, 5.213
[17:34:06] 636.9, 122.6, 5.194
[17:34:07] 636.8, 122.5, 5.219
[17:34:08] 636.9, 122.5, 5.217
[17:34:09] 636.9, 121.9, 7.193
[17:34:10] 729.2, 122.5, 5.196
[17:34:11] 636.5, 122.3, 5.218
[17:34:12] 636.5, 122.4, 5.215
[17:34:13] 636.5, 122.4, 5.216
[17:34:14] 636.5, 121.8, 7.201
[17:34:15] 728.2, 122.3, 5.233
[17:34:16] 638.2, 122.4, 5.230
[17:34:17] 638.2, 122.4, 5.225
[17:34:18] 638.2, 122.4, 5.197
[17:34:19] 637.9, 121.9, 7.181
[17:34:20] 725.2, 122.5, 5.216
[17:34:21] 636.9, 122.4, 5.208
[17:34:22] 636.8, 122.5, 5.195
[17:34:23] 636.8, 122.4, 5.214
[17:34:24] 636.8, 121.9, 7.203
[17:34:25] 718.7, 122.4, 5.218
[17:34:26] 636.9, 122.5, 5.193
[17:34:27] 636.8, 122.5, 5.211
[17:34:28] 636.8, 122.6, 5.208
[17:34:29] 636.7, 121.8, 7.531
[17:34:30] 756.5, 122.6, 5.191
[17:34:31] 636.5, 122.5, 5.212
[17:34:32] 636.5, 122.4, 5.209
[17:34:33] 636.5, 122.5, 5.209
[17:34:34] 636.5, 122.4, 5.199
[17:34:35] 775.6, 122.5, 5.278
[17:34:36] 693.7, 122.4, 5.217
[17:34:37] 637.3, 122.5, 5.216
[17:34:38] 637.2, 122.5, 5.193
[17:34:39] 637.1, 122.5, 5.210
[17:34:40] 691.0, 122.0, 7.473
[17:34:41] 831.7, 122.5, 5.217
[17:34:42] 637.3, 122.3, 5.200
[17:34:43] 637.2, 122.4, 5.218
[17:34:44] 637.2, 122.4, 5.214
[17:34:45] 637.1, 121.8, 7.218
[17:34:46] 828.8, 121.8, 8.009
[17:34:47] 900.2, 122.4, 5.221
[17:34:48] 637.6, 122.4, 5.216
[17:34:49] 637.5, 122.5, 5.217
[17:34:50] 637.4, 122.4, 5.193
[17:34:51] 637.3, 122.5, 5.212
[17:34:52] 769.7, 121.6, 8.018
[17:34:53] 977.0, 121.7, 8.029
[17:34:54] 976.4, 122.4, 5.294
[17:34:55] 700.8, 122.4, 5.234
[17:34:56] 639.0, 122.5, 5.224
[17:34:57] 638.8, 122.4, 5.229
[17:34:58] 638.8, 122.5, 5.200
[17:34:59] 656.5, 121.7, 8.001
[17:35:00] 976.2, 121.8, 8.021
[17:35:01] 976.4, 121.7, 8.040
[17:35:02] 976.8, 121.8, 8.051
[17:35:03] 977.4, 121.7, 8.059
[17:35:04] 910.9, 122.4, 5.246
[17:35:05] 640.6, 122.5, 5.241
[17:35:06] 640.5, 122.5, 5.211
[17:35:07] 640.3, 122.5, 5.230
[17:35:08] 640.1, 122.5, 5.220
[17:35:09] 767.0, 121.8, 8.018
[17:35:10] 978.2, 121.8, 8.035
[17:35:11] 978.4, 121.8, 8.048
[17:35:12] 978.8, 121.8, 8.055
[17:35:13] 979.2, 121.8, 8.058
[17:35:14] 979.7, 121.8, 8.059
[17:35:15] 980.1, 121.8, 8.051
[17:35:16] 980.6, 121.8, 8.070
[17:35:17] 981.1, 121.8, 8.065
[17:35:18] 980.9, 122.5, 5.335
[17:35:19] 708.3, 122.6, 5.243
[17:35:20] 641.2, 122.5, 5.234
[17:35:21] 641.0, 122.6, 5.237
[17:35:22] 640.9, 122.5, 5.207
[17:35:23] 655.6, 121.8, 8.014
[17:35:24] 978.2, 121.7, 8.045
[17:35:25] 978.5, 121.8, 8.036
[17:35:26] 979.0, 121.7, 8.065
[17:35:27] 979.6, 121.8, 8.066
[17:35:28] 980.1, 121.6, 8.086
[17:35:29] 985.7, 121.8, 8.086
[17:35:30] 985.6, 121.6, 8.087
[17:35:31] 985.6, 121.7, 8.080
[17:35:32] 985.5, 121.7, 8.088
[17:35:33] 985.6, 121.7, 8.090
[17:35:34] 985.7, 121.8, 8.090
[17:35:35] 985.8, 121.8, 8.066
[17:35:36] 985.8, 121.8, 8.096
[17:35:37] 986.0, 121.7, 8.093
[17:35:38] 986.2, 121.8, 8.090
[17:35:39] 986.3, 121.8, 8.098
[17:35:40] 986.4, 121.7, 8.094
[17:35:41] 986.5, 121.9, 8.091
[17:35:42] 854.4, 122.5, 5.247
[17:35:43] 643.2, 122.5, 5.263
[17:35:44] 643.2, 122.4, 5.253
[17:35:45] 643.0, 122.5, 5.255
