<<<[12:31:49] 645.0, 122.6, 5.249
[12:31:50] 645.0, 122.6, 5.247
[12:31:51] 644.8, 122.6, 5.245
[12:31:52] 645.2, 122.5, 5.399
[12:31:53] 658.5, 122.5, 5.258
[12:31:54] 646.9, 122.5, 5.251
[12:31:55] 646.5, 122.5, 5.257
[12:31:56] 646.3, 122.6, 5.251
[12:31:57] 646.1, 122.5, 5.257
[12:31:58] 739.2, 122.6, 5.249
[12:31:59] 644.5, 122.6, 5.248
[12:32:00] 644.5, 122.6, 5.247
[12:32:01] 644.6, 122.6, 5.248
[12:32:02] 644.6, 122.6, 5.246
[12:32:03] 736.9, 122.7, 5.249
[12:32:04] 644.1, 122.7, 5.246
[12:32:05] 644.1, 122.7, 5.244
[12:32:06] 644.1, 122.7, 5.243
[12:32:07] 644.0, 122.8, 5.241
[12:32:08] 736.3, 122.7, 5.248
[12:32:09] 644.3, 122.7, 5.244
[12:32:10] 644.3, 122.7, 5.242
[12:32:11] 644.2, 122.7, 5.240
[12:32:12] 644.2, 122.8, 5.240
[12:32:13] 734.3, 122.8, 5.249
[12:32:14] 644.7, 122.6, 5.245
[12:32:15] 644.5, 122.7, 5.258
[12:32:16] 644.5, 122.6, 5.244
[12:32:17] 644.4, 122.7, 5.249
[12:32:18] 731.9, 122.6, 5.247
[12:32:19] 643.4, 122.7, 5.246
[12:32:20] 643.4, 122.6, 5.245
[12:32:21] 643.5, 122.7, 5.241
[12:32:22] 643.6, 122.6, 5.241
[12:32:23] 724.8, 122.6, 5.246
[12:32:24] 643.7, 122.7, 5.245
[12:32:25] 643.7, 122.7, 5.240
[12:32:26] 643.7, 122.7, 5.239
[12:32:27] 643.7, 122.7, 5.239
[12:32:28] 720.1, 122.6, 5.266
[12:32:29] 685.7, 122.7, 5.240
[12:32:30] 643.9, 122.7, 5.237
[12:32:31] 643.8, 122.7, 5.239
[12:32:32] 643.7, 122.7, 5.237
[12:32:33] 695.1, 122.6, 5.654
[12:32:34] 736.1, 122.6, 5.243
[12:32:35] 643.4, 122.6, 5.246
[12:32:36] 643.3, 122.7, 5.235
[12:32:37] 643.2, 122.7, 5.233
[12:32:38] 643.2, 122.1, 7.277
[12:32:39] 839.4, 122.7, 5.242
[12:32:40] 643.2, 122.7, 5.236
[12:32:41] 643.1, 122.6, 5.236
[12:32:42] 643.1, 122.6, 5.235
[12:32:43] 643.0, 122.2, 6.921
[12:32:44] 795.9, 122.3, 7.262
[12:32:45] 795.3, 122.7, 5.246
[12:32:46] 644.1, 122.7, 5.241
[12:32:47] 643.9, 122.6, 5.241
[12:32:48] 643.8, 122.7, 5.239
[12:32:49] 643.7, 122.2, 7.342
[12:32:50] 847.7, 122.2, 7.378
[12:32:51] 900.0, 122.7, 5.257
[12:32:52] 645.3, 122.7, 5.240
[12:32:53] 645.0, 122.7, 5.241
[12:32:54] 644.9, 122.7, 5.238
[12:32:55] 644.6, 122.6, 5.238
[12:32:56] 693.2, 122.2, 7.380
[12:32:57] 902.8, 122.2, 7.403
[12:32:58] 903.1, 122.2, 7.410
[12:32:59] 903.5, 122.7, 5.305
[12:33:00] 696.9, 122.6, 5.253
[12:33:01] 644.3, 122.5, 5.253
[12:33:02] 644.3, 122.6, 5.244
[12:33:03] 644.1, 122.7, 5.242
[12:33:04] 644.2, 122.1, 7.383
[12:33:05] 903.8, 122.2, 7.408
[12:33:06] 903.9, 122.1, 7.422
[12:33:07] 904.3, 122.1, 7.427
[12:33:08] 904.8, 122.2, 7.428
[12:33:09] 905.2, 122.1, 7.432
[12:33:10] 905.7, 122.3, 7.324
[12:33:11] 805.4, 122.7, 5.262
[12:33:12] 645.7, 122.6, 5.258
[12:33:13] 645.6, 122.7, 5.249
[12:33:14] 645.5, 122.8, 5.245
[12:33:15] 645.3, 122.3, 7.160
[12:33:16] 811.7, 122.1, 7.407
[12:33:17] 905.7, 122.2, 7.422
[12:33:18] 905.9, 122.2, 7.428
[12:33:19] 906.3, 122.2, 7.434
[12:33:20] 906.6, 122.1, 7.438
[12:33:21] 906.9, 122.1, 7.440
[12:33:22] 907.3, 122.1, 7.452
[12:33:23] 907.7, 122.1, 7.438
[12:33:24] 908.1, 122.1, 7.451
[12:33:25] 908.5, 122.2, 7.455
[12:33:26] 908.8, 122.1, 7.458
[12:33:27] 909.2, 122.2, 7.459
[12:33:28] 909.6, 122.6, 5.294
[12:33:29] 667.8, 122.6, 5.269
[12:33:30] 647.1, 122.7, 5.263
[12:33:31] 646.9, 122.7, 5.253
[12:33:32] 646.6, 122.7, 5.254
