[16:43:08],[16:43:24],65536,144649,144649,1074393,0.000244,241.552917,144.mtx,2142988,949.414285714,1.54497209538,14
[16:45:14],[16:45:26],131072,70304,70304,1528092,0.000093,453.331841,lhr71.mtx,1528092,981.69,1.36853936735,10
[16:47:19],[16:47:35],131072,101492,101492,874378,0.000121,343.175407,2cubes_sphere.mtx,1647264,975.178571429,8.66604033582,14
[16:49:24],[16:49:35],131072,22695,22695,1350309,0.000085,514.218979,li.mtx,1350309,955.455555556,1.13735669291,9
[16:51:41],[16:51:58],131072,256000,256000,1011200,0.000132,460.737350,Lin.mtx,1766400,0,0,0
[16:53:26],[16:53:37],1024,3712815,3712815,11108633,0.011029,6461001.947266,333SP.mtx,21167989,972.922222222,1.04112949112,9
[16:56:34],[16:56:53],256,5363260,5363260,79023142,0.077559,23528690.777344,ljournal-2008.mtx,79023142,931.952941176,1.67406432059,17
[16:58:42],[16:58:53],131072,51448,51448,1056610,0.000084,419.281441,3D_51448_3D.mtx,1056610,965.177777778,0.872770528296,9
[17:01:23],[17:01:34],512,1470152,1470152,44279572,0.019769,17231142.386719,Long_Coup_dt0.mtx,87088992,978.855555556,0.925095924289,9
[17:03:17],[17:03:28],65536,45330,45330,1629474,0.000164,410.001160,3dtube.mtx,3170988,953.511111111,0.999382525412,9
[17:05:58],[17:06:08],512,1470152,1470152,44279572,0.019623,17230147.994141,Long_Coup_dt6.mtx,87088992,979.95,0.729725975966,8
[17:07:53],[17:08:05],65536,110971,110971,741934,0.000196,225.393875,598a.mtx,1481971,947.63,1.0964032105,10
[17:09:51],[17:10:09],32768,534388,534388,1088904,0.000569,297.976105,lp1.mtx,1399171,925.46875,1.45246288679,16
[17:11:44],[17:12:00],1024,6815744,6815744,13624320,0.015246,10121333.965820,adaptive.mtx,25118720,971.321428571,1.2616194646,14
[17:13:57],[17:14:14],4096,503625,503625,9027150,0.004326,3460351.152344,af_0_k101.mtx,17550675,980.633333333,1.11215506513,15
[17:15:55],[17:16:07],32768,214765,214765,1679018,0.000377,250.821838,m14b.mtx,3318044,947.13,1.30157596782,10
[17:17:53],[17:18:11],4096,503625,503625,9027150,0.004427,3460355.093750,af_1_k101.mtx,17550675,977.61875,1.765367791,16
[17:20:09],[17:20:27],4096,503625,503625,9027150,0.004442,3460492.105469,af_2_k101.mtx,17550675,978.425,1.66602070815,16
[17:21:55],[17:22:07],1024,3501776,3501776,10501936,0.011580,8861692.337891,M6.mtx,20422977,975.26,1.02097992145,10
[17:23:53],[17:24:11],4096,503625,503625,9027150,0.004229,3460146.612793,af_3_k101.mtx,17550675,983.88125,1.48375315922,16
[17:26:08],[17:26:26],4096,503625,503625,9027150,0.004319,3460334.848145,af_4_k101.mtx,17550675,980.61875,1.38664106296,16
[17:28:24],[17:28:43],4096,503625,503625,9027150,0.004646,3460555.446289,af_5_k101.mtx,17550675,974.5,1.50489397711,17
[17:30:58],[17:31:11],1024,1508065,1508065,27090195,0.012346,10381732.912109,af_shell10.mtx,52672325,982.163636364,1.0083945181,11
[17:33:07],[17:33:26],4096,504855,504855,9046865,0.004432,3468800.263184,af_shell1.mtx,17588875,977.6,1.41462944639,17
[17:35:22],[17:35:41],131072,206500,206500,1273389,0.000142,480.003906,mac_econ_fwd500.mtx,1273389,984.347058824,2.82949125485,17
[17:37:26],[17:37:44],4096,504855,504855,9046865,0.004410,3468732.359619,af_shell2.mtx,17588875,982.91875,1.43536526275,16
[17:39:38],[17:39:53],131072,160000,160000,1750416,0.000115,579.233910,majorbasis.mtx,1750416,1005.29230769,1.67903889104,13
[17:41:38],[17:41:56],4096,504855,504855,9046865,0.004370,3468589.127197,af_shell3.mtx,17588875,980.11875,1.49215395905,16
[17:43:44],[17:44:00],65536,389874,389874,1167685,0.000242,281.712692,mario002.mtx,2101242,976.628571429,1.50780283451,14
[17:45:45],[17:46:03],4096,504855,504855,9046865,0.004375,3468549.264648,af_shell4.mtx,17588875,975.93125,12.700576697,16
[17:47:59],[17:48:16],131072,103430,103430,2121550,0.000131,531.905640,matrix_9.mtx,2121550,991.286666667,1.7832056029,15
[17:50:01],[17:50:19],4096,504855,504855,9046865,0.004416,3468634.100098,af_shell5.mtx,17588875,978.75,0.269258240357,4
[17:52:07],[17:52:20],65536,125329,125329,2678750,0.000203,383.241058,matrix-new_3.mtx,2678750,961.390909091,1.30206447645,11
[17:54:06],[17:54:24],4096,504855,504855,9046865,0.004404,3468603.180908,af_shell6.mtx,17588875,978.1875,0.857959060795,16
[17:56:19],[17:56:37],4096,504855,504855,9046865,0.004353,3468768.867676,af_shell7.mtx,17588875,978.18125,1.51831269424,16
[17:58:33],[17:58:51],4096,504855,504855,9046865,0.004382,3468691.614502,af_shell8.mtx,17588875,978.275,1.33954283246,16
[18:00:47],[18:01:06],4096,504855,504855,9046865,0.004448,3468868.139893,af_shell9.mtx,17588875,977.288235294,1.82656294168,17
[18:03:35],[18:03:47],2048,2707524,2707524,14810202,0.005797,4028475.615234,memchip.mtx,14810202,995.52,1.16172285852,10
[18:06:15],[18:06:28],65536,262111,262111,1234877,0.000190,173.266953,amazon0302.mtx,1234877,971.963636364,1.27868734346,11
[18:08:21],[18:08:34],32768,400727,400727,3200440,0.000408,187.892212,amazon0312.mtx,3200440,962.354545455,1.34662111589,11
[18:10:28],[18:10:42],32768,410236,410236,3356824,0.000412,192.287842,amazon0505.mtx,3356824,961.541666667,5.93821779287,12
[18:12:05],[18:12:16],2048,66463,66463,5209641,0.005363,1081675.739258,mip1.mtx,10298495,936.188888889,0.814376986747,9
[18:13:59],[18:14:12],32768,403394,403394,3387388,0.000409,186.128510,amazon0601.mtx,3387388,965.645454545,1.19191491182,11
[18:15:57],[18:16:08],65536,29957,29957,1995041,0.000168,354.479080,mixtank_new.mtx,1995041,947.633333333,1.13724814062,9
[18:17:47],[18:17:59],16384,735323,735323,5158388,0.000727,34139.527893,amazon-2008.mtx,5158388,966.1,1.12249721603,10
[18:22:47],[18:22:59],512,1504002,1504002,110879972,0.024378,21437940.003906,ML_Geer.mtx,110879972,981.38,0.90310575239,10
[18:25:20],[18:25:33],2048,377002,377002,27689972,0.006218,5333144.508789,ML_Laplace.mtx,27689972,979.118181818,1.07265022836,11
[18:27:27],[18:27:40],262144,80800,80800,311492,0.000049,537.842300,apache1.mtx,542184,982.127272727,1.36720744525,11
[18:29:33],[18:29:44],32768,715176,715176,2766523,0.000339,502.224762,apache2.mtx,4817870,1019.1,1.16999525165,9
[18:31:53],[18:32:12],131072,14000,14000,1853104,0.000145,479.942787,appu.mtx,1853104,954.958823529,1.20687190389,17
[18:49:32],[18:49:43],64,22744080,22744080,639999458,0.178989,129516985.625000,arabic-2005.mtx,639999458,0,0,0
[18:51:56],[18:52:13],2048,45101,45101,14506196,0.008140,5455382.996094,mouse_gene.mtx,28967291,974.94,1.34104436914,15
[18:53:44],[18:53:57],1024,3799275,3799275,11368076,0.012930,9947355.688477,AS365.mtx,22110421,970.545454545,1.13166300506,11
[18:56:02],[18:56:17],1024,11950757,11950757,12711603,0.014314,8693196.664062,asia_osm.mtx,20362934,974.107692308,2.32096184917,13
[18:58:06],[18:58:17],32768,99340,99340,954163,0.000350,290.666443,ASIC_100k.mtx,954163,917.0,1.03923048454,9
[19:00:16],[19:00:27],131072,99190,99190,578890,0.000084,511.123619,ASIC_100ks.mtx,578890,965.6,1.01434160365,9
[19:02:15],[19:02:27],131072,10848,10848,620313,0.000085,354.360886,msc10848.mtx,1229778,947.58,1.18304691369,10
[19:04:16],[19:04:36],32768,321821,321821,2635364,0.000593,341.817291,ASIC_320k.mtx,2635364,932.377777778,1.72612461104,18
[19:06:24],[19:06:35],131072,23052,23052,588933,0.000085,376.607323,msc23052.mtx,1154814,953.322222222,1.01628711798,9
[19:08:23],[19:08:37],65536,321671,321671,1827807,0.000213,447.023758,ASIC_320ks.mtx,1827807,981.875,1.59484847765,12
[19:10:13],[19:10:23],2048,415863,415863,10328399,0.005060,3964420.359375,msdoor.mtx,20240935,977.9375,0.881670998729,8
[19:12:00],[19:12:15],8192,682862,682862,3871773,0.001848,155620.038818,ASIC_680k.mtx,3871773,939.461538462,1.15727695079,13
[19:13:57],[19:14:13],8192,97578,97578,4925574,0.002001,1534001.283691,m_t1.mtx,9753570,980.528571429,1.62807009828,14
[19:16:05],[19:16:22],65536,682712,682712,2329176,0.000257,441.422836,ASIC_680ks.mtx,2329176,1001.19333333,2.55798531835,15
[19:17:55],[19:18:06],512,1696415,1696415,11095298,0.021818,4720587.498047,as-Skitter.mtx,22168298,933.555555556,1.07611555669,9
[19:20:07],[19:20:26],8192,1270432,1270432,8814880,0.002303,1705647.255981,atmosmodd.mtx,8814880,1002.10588235,5.40723595676,17
[19:22:13],[19:22:24],4096,1270432,1270432,8814880,0.002500,1701679.024902,atmosmodj.mtx,8814880,992.144444444,0.926296222252,9
[19:24:14],[19:24:26],4096,1489752,1489752,10319760,0.002902,2196779.331787,atmosmodl.mtx,10319760,992.65,1.02786185842,10
[19:26:24],[19:26:40],8192,1039183,1039183,3114818,0.002001,1066344.745728,NACA0015.mtx,6060802,986.407142857,1.15416282939,14
[19:29:02],[19:29:12],256,943695,943695,39297771,0.040564,15478365.644531,audikw_1.mtx,77651847,916.9625,0.751560875778,8
[19:31:09],[19:31:28],131072,54870,54870,1366097,0.000145,464.689590,nasasrb.mtx,2677324,979.970588235,1.79861538441,17
[19:33:06],[19:33:19],16384,448695,448695,3314611,0.000786,41166.622925,auto.mtx,6582550,965.009090909,1.16654466107,11
[19:35:10],[19:35:21],32768,41092,41092,1683902,0.000335,377.234863,av41092.mtx,1683902,923.144444444,0.878269904239,9
[19:38:27],[19:38:47],262144,87500,87500,312481,0.000076,304.807484,ncvxqp7.mtx,574962,955.722222222,1.8072556099,18
[19:40:37],[19:40:50],4096,36000,36000,7128473,0.003308,2575954.763672,nd12k.mtx,14220946,975.281818182,1.18307625345,11
[19:42:34],[19:42:45],32768,115625,115625,3897557,0.000350,287.491974,barrier2-10.mtx,3897557,953.266666667,0.934523051258,9
[19:44:40],[19:44:51],32768,115625,115625,3897557,0.000349,292.541443,barrier2-11.mtx,3897557,952.088888889,1.16375297536,9
[19:46:46],[19:46:57],32768,115625,115625,3897557,0.000349,288.571686,barrier2-12.mtx,3897557,951.933333333,1.13235251676,9
[19:48:50],[19:49:01],32768,113076,113076,3805068,0.000333,269.781616,barrier2-1.mtx,3805068,954.433333333,0.816496580928,9
[19:50:55],[19:51:05],32768,113076,113076,3805068,0.000331,266.751556,barrier2-2.mtx,3805068,953.6875,1.03493659226,8
[19:52:55],[19:53:10],2048,72000,72000,14393817,0.007497,5440546.860840,nd24k.mtx,28715634,967.592307692,1.13643270366,13
[19:54:53],[19:55:04],32768,113076,113076,3805068,0.000331,275.123932,barrier2-3.mtx,3805068,953.088888889,1.3486161174,9
[19:56:50],[19:57:02],65536,9000,9000,1644345,0.000185,334.519211,nd3k.mtx,3279690,955.47,1.24181319046,10
[19:58:44],[19:58:55],32768,113076,113076,3805068,0.000330,275.873932,barrier2-4.mtx,3805068,954.233333333,0.924962461701,9
[20:00:42],[20:00:56],32768,18000,18000,3457658,0.000436,29798.314178,nd6k.mtx,6897316,971.075,1.32735639525,12
[20:02:39],[20:02:51],32768,115625,115625,3897557,0.000349,288.814789,barrier2-9.mtx,3897557,947.39,16.5881554128,10
[20:05:01],[20:05:19],262144,112211,112211,760631,0.000068,503.658459,Baumann.mtx,760631,1004.75625,2.03346033586,16
[20:07:25],[20:07:40],131072,38744,38744,1771722,0.000117,451.879974,bbmat.mtx,1771722,969.5,1.56990935554,13
[20:10:06],[20:10:18],262144,13992,13992,316740,0.000046,509.266975,bcsstk29.mtx,606958,936.89,0.832406150866,10
[20:12:11],[20:12:24],262144,9506,9506,367280,0.000047,555.042496,nemeth01.mtx,725054,958.063636364,1.31444611721,11
[20:14:16],[20:14:32],131072,28924,28924,1036208,0.000118,499.212479,bcsstk30.mtx,2017706,0,0,0
[20:16:37],[20:16:56],524288,9506,9506,274654,0.000036,552.431444,nemeth15.mtx,539802,944.735294118,1.28335093384,17
[20:18:43],[20:18:54],131072,35588,35588,608502,0.000082,485.408409,bcsstk31.mtx,1157900,953.188888889,1.01482833189,9
[20:20:46],[20:20:57],262144,9506,9506,298259,0.000040,499.455441,nemeth16.mtx,587012,945.777777778,0.827013069597,9
[20:22:51],[20:23:09],131072,44609,44609,1029655,0.000134,369.019470,bcsstk32.mtx,1976076,949.04375,1.48869437344,16
[20:25:01],[20:25:12],262144,9506,9506,319563,0.000042,544.312283,nemeth17.mtx,629620,951.444444444,0.842102014289,9
[20:27:03],[20:27:14],262144,8738,8738,300321,0.000040,579.002640,bcsstk33.mtx,583794,934.655555556,0.961608734374,9
[20:29:07],[20:29:19],262144,9506,9506,352370,0.000046,513.361393,nemeth18.mtx,695234,954.37,1.08171160667,10
[20:31:08],[20:31:19],131072,30237,30237,740200,0.000088,502.983566,bcsstk35.mtx,1450163,969.166666667,0.929755045399,9
[20:33:14],[20:33:28],262144,9506,9506,413904,0.000052,534.527050,nemeth19.mtx,818302,962.675,1.48330992491,12
[20:35:28],[20:35:46],262144,23052,23052,583096,0.000070,503.538410,bcsstk36.mtx,1143140,970.6375,1.58464309862,16
[20:37:44],[20:37:59],262144,9506,9506,490688,0.000059,524.602486,nemeth20.mtx,971870,965.823076923,1.54529252703,13
[20:40:00],[20:40:19],262144,25503,25503,583240,0.000072,517.372780,bcsstk37.mtx,1140977,969.441176471,1.51349180356,17
[20:42:18],[20:42:36],262144,9506,9506,591626,0.000068,505.681580,nemeth21.mtx,1173746,0,0,0
[20:44:28],[20:44:43],131072,46772,46772,1068033,0.000112,501.390076,bcsstk39.mtx,2089294,968.661538462,1.51024117358,13
[20:46:30],[20:46:40],131072,9506,9506,684169,0.000077,502.064781,nemeth22.mtx,1358832,965.6125,0.921191483895,8
[20:48:39],[20:48:50],131072,9506,9506,758158,0.000082,514.488220,nemeth23.mtx,1506810,967.311111111,0.953874490282,9
[20:50:22],[20:50:32],16384,1441295,1441295,1549970,0.000615,313.893188,belgium_osm.mtx,2542027,962.5125,1.11179753103,8
[20:52:20],[20:52:31],131072,9506,9506,758028,0.000083,490.702515,nemeth24.mtx,1506550,965.233333333,1.29871731592,9
[20:54:06],[20:54:17],4096,245874,245874,6698185,0.002844,2427231.848145,BenElechi1.mtx,13150496,983.755555556,0.925095924289,9
[20:56:06],[20:56:17],131072,9506,9506,760632,0.000083,494.135956,nemeth25.mtx,1511758,965.633333333,0.92736184955,9
[20:57:55],[20:58:07],32768,60012,60012,340022,0.000363,521.158936,blockqp1.mtx,640033,906.41,1.02415819091,10
[20:59:55],[21:00:06],131072,9506,9506,760633,0.000084,516.237793,nemeth26.mtx,1511760,966.777777778,1.06330488758,9
[21:01:37],[21:01:48],4096,227362,227362,5757996,0.002551,2015273.103271,bmw3_2.mtx,11288630,984.744444444,0.787557562074,9
[21:03:35],[21:03:51],65536,29920,29920,1031560,0.000240,370.988678,net100.mtx,2033200,925.092857143,1.18107958224,14
[21:05:38],[21:05:52],32768,141347,141347,3740507,0.000433,48325.605530,bmw7st_1.mtx,7339667,997.425,1.44287040305,12
[21:07:32],[21:07:44],32768,36720,36720,1306960,0.000370,309.996887,net125.mtx,2577200,0,0,0
[21:09:29],[21:09:48],8192,148770,148770,5396386,0.002315,1833146.170898,bmwcra_1.mtx,10644002,981.864705882,1.53314025162,17
[21:11:32],[21:11:49],32768,43520,43520,1582360,0.000516,309.006226,net150.mtx,3121200,915.64,1.38794812583,15
[21:13:39],[21:13:51],32768,88343,88343,1265035,0.000367,416.256866,net4-1.mtx,2408949,924.99,1.07559285978,10
[21:16:01],[21:16:20],262144,16320,16320,480760,0.000071,450.787109,net50.mtx,945200,940.505882353,1.3938818366,17
[21:18:00],[21:18:12],2048,986703,986703,12437739,0.005978,4875698.359375,bone010_M.mtx,23888775,982.26,0.956242647031,10
[21:20:07],[21:20:26],131072,23120,23120,756160,0.000141,379.698265,net75.mtx,1489200,930.088235294,1.56426353765,17
[21:22:51],[21:23:08],1024,986703,986703,36326514,0.016639,14018426.886719,bone010.mtx,71666325,0,0,0
[21:25:06],[21:25:23],8192,2216688,2216688,2441238,0.002093,885194.194336,netherlands_osm.mtx,4266503,992.613333333,1.44723491144,15
[21:27:41],[21:28:00],131072,127224,127224,1182804,0.000143,439.870972,boneS01_M.mtx,2238384,987.194117647,1.95913263768,17
[21:29:54],[21:30:05],32768,127224,127224,3421188,0.000336,459.516937,boneS01.mtx,6715152,977.311111111,1.12392609924,9
[21:33:26],[21:33:38],512,3542400,3542400,50194096,0.024489,20598519.740234,nlpkkt120.mtx,96845792,969.88,0.933595201359,10
[21:35:26],[21:35:46],4096,914898,914898,9702186,0.004708,3730074.989746,boneS10_M.mtx,18489474,0,0,0
[21:40:32],[21:40:47],256,8345600,8345600,118931856,0.059829,48865729.378906,nlpkkt160.mtx,229518112,965.6,1.3399196302,13
[21:42:52],[21:43:05],1024,914898,914898,28191660,0.012631,10932751.510742,boneS10.mtx,55468422,982.354545455,1.04042267317,11
[21:51:34],[21:51:49],128,16240000,16240000,232232816,0.111933,95388851.914062,nlpkkt200.mtx,448225632,971.453846154,1.12974836178,13
[21:53:24],[21:53:39],16384,93279,93279,652246,0.000862,400.380737,boyd1.mtx,1211231,904.8,1.34850344399,13
[22:07:49],[22:08:03],64,27993600,27993600,401232976,0.219756,164807062.609375,nlpkkt240.mtx,774472352,952.8,1.13578166916,12
[22:09:42],[22:09:55],32768,466316,466316,890091,0.000376,325.694763,boyd2.mtx,1500397,938.845454545,1.26732620208,11
[22:11:40],[22:11:55],2048,1062400,1062400,14883536,0.007148,5911770.689453,nlpkkt80.mtx,28704672,974.730769231,1.10758546493,13
[22:14:04],[22:14:14],131072,62631,62631,366559,0.000080,449.177475,brack2.mtx,698700,950.8125,1.1709371247,8
[22:15:49],[22:16:04],1024,4163763,4163763,12487976,0.014579,11487524.125000,NLR.mtx,24284175,975.453846154,1.13924089748,13
[22:17:47],[22:18:03],32768,10581,10581,390741,0.000504,439.128113,bundle1.mtx,770901,905.592857143,1.15663569133,14
[22:20:10],[22:20:30],131072,37595,37595,295076,0.000150,394.484314,c-58.mtx,552557,918.683333333,1.49898113545,18
[22:22:33],[22:22:48],131072,41731,41731,300537,0.000115,402.463982,c-62ghs.mtx,559343,925.430769231,1.46727618678,13
[22:24:50],[22:25:05],131072,41731,41731,300537,0.000116,413.691704,c-62.mtx,559343,925.361538462,1.46420808816,13
[22:26:56],[22:27:09],32768,51035,51035,384438,0.000404,514.373077,c-64b.mtx,717841,904.445454545,1.25796635044,11
[22:28:57],[22:29:13],65536,325729,325729,929849,0.000247,328.230255,NotreDame_www.mtx,929849,930.857142857,1.18846496776,14
[22:30:53],[22:31:06],32768,51035,51035,384438,0.000406,497.400024,c-64.mtx,717841,906.045454545,0.861672408078,11
[22:32:56],[22:33:13],65536,20414,20414,1679599,0.000251,343.462067,ns3Da.mtx,1679599,929.246666667,1.4108468694,15
[22:35:00],[22:35:16],65536,57975,57975,294955,0.000243,454.370514,c-67b.mtx,531935,909.978571429,1.33800414874,14
[22:37:14],[22:37:30],65536,57975,57975,294955,0.000246,456.475861,c-67.mtx,531935,911.15,1.20282405791,14
[22:39:26],[22:39:40],65536,64810,64810,315408,0.000214,389.194580,c-68.mtx,566006,913.583333333,1.44385671804,12
[22:41:33],[22:41:43],65536,67458,67458,345714,0.000163,414.209915,c-69.mtx,623970,920.5,0.698212002188,8
[22:43:38],[22:43:50],65536,68924,68924,363955,0.000185,421.368469,c-70.mtx,658986,918.07,0.983920728514,10
[22:45:30],[22:45:41],32768,259789,259789,2251231,0.000318,303.080109,offshore.mtx,4242673,975.488888889,1.24850527916,9
[22:47:27],[22:47:42],65536,76638,76638,468096,0.000229,393.333694,c-71.mtx,859554,918.807692308,1.6212348278,13
[22:49:40],[22:49:55],65536,84064,84064,395811,0.000227,433.427841,c-72.mtx,707558,918.061538462,1.32231641828,13
[22:51:41],[22:51:54],16384,169422,169422,724348,0.000800,392.955383,c-73b.mtx,1279274,908.290909091,1.07149389805,11
[22:53:39],[22:53:52],16384,169422,169422,724348,0.000798,403.369446,c-73.mtx,1279274,908.481818182,1.25612548723,11
[22:55:55],[22:56:06],4096,181343,181343,11063545,0.002602,1980224.473633,ohne2.mtx,11063545,974.811111111,0.930286030619,9
[22:58:02],[22:58:14],65536,73752,73752,1835470,0.000177,474.166962,oilpan.mtx,3597188,979.3,1.24659536338,10
[23:00:53],[23:01:08],262144,39082,39082,559722,0.000056,646.383991,cage11.mtx,559722,956.915384615,1.62141730682,13
[23:03:04],[23:03:16],65536,130228,130228,2032536,0.000177,363.610367,cage12.mtx,2032536,968.61,1.32094663026,10
[23:05:07],[23:05:18],8192,445315,445315,7479343,0.001375,610815.369507,cage13.mtx,7479343,996.866666667,1.03816076683,9
[23:07:17],[23:07:34],262144,16146,16146,515651,0.000064,434.672554,olafu.mtx,1015156,965.833333333,1.30059815299,15
[23:09:47],[23:10:04],2048,1505785,1505785,27130349,0.008619,5823184.680664,cage14.mtx,27130349,980.046666667,1.34008291617,15
[23:12:05],[23:12:25],262144,88263,88263,402623,0.000074,446.410080,olesnik0.mtx,744216,971.233333333,1.8621970298,18
[23:16:42],[23:16:59],512,5154859,5154859,99199551,0.032194,22994467.035156,cage15.mtx,99199551,979.126666667,1.48928021391,15
[23:18:50],[23:19:04],131072,15449,15449,973052,0.000107,447.327972,opt1.mtx,1915453,947.333333333,0.992751507456,12
[23:20:45],[23:21:00],32768,192244,192244,609066,0.000458,185.063232,caidaRouterLevel.mtx,1217878,922.2,1.19807537968,13
[23:22:58],[23:23:11],65536,62451,62451,2034917,0.000192,510.930573,cant.mtx,4007383,982.672727273,1.27926890278,11
[23:25:01],[23:25:13],32768,40216,40216,526139,0.000377,379.052887,case39_A_01.mtx,1042160,910.8,0.870631954387,10
[23:27:02],[23:27:15],32768,40216,40216,526144,0.000375,412.575348,case39_A_02.mtx,1042170,0,0,0
[23:29:05],[23:29:17],32768,40216,40216,526144,0.000376,419.507324,case39_A_03.mtx,1042170,909.9,0.861394218694,10
[23:31:07],[23:31:19],32768,40216,40216,526144,0.000375,454.346802,case39_A_04.mtx,1042170,907.77,1.05645634079,10
[23:33:09],[23:33:22],32768,40216,40216,526144,0.000375,423.147034,case39_A_05.mtx,1042170,908.354545455,0.902887928577,11
[23:35:11],[23:35:23],32768,40216,40216,526144,0.000375,421.559631,case39_A_06.mtx,1042170,908.17,0.824681756801,10
[23:37:13],[23:37:25],32768,40216,40216,526144,0.000374,425.520599,case39_A_07.mtx,1042170,909.6,0.836660026534,10
[23:38:59],[23:39:10],1024,2145852,2145852,17488243,0.010245,7181289.056641,packing-500x100x100-b050.mtx,34043123,965.055555556,0.809816318146,9
[23:40:48],[23:41:01],32768,40216,40216,526144,0.000376,420.929504,case39_A_08.mtx,1042170,908.227272727,1.12013871632,11
[23:42:50],[23:43:05],32768,155924,155924,5416358,0.000459,291.292725,para-10.mtx,5416358,954.861538462,1.31004313584,13
[23:44:44],[23:44:56],32768,40216,40216,526144,0.000374,434.853424,case39_A_09.mtx,1042170,909.39,1.08577161503,10
[23:46:45],[23:46:59],32768,153226,153226,5326228,0.000442,288.146057,para-4.mtx,5326228,956.633333333,1.36829171678,12
[23:48:38],[23:48:50],32768,40216,40216,526144,0.000376,422.858673,case39_A_10.mtx,1042170,908.26,1.02586548826,10
[23:50:40],[23:50:55],32768,155924,155924,5416358,0.000459,290.425385,para-5.mtx,5416358,955.023076923,1.43159612168,13
[23:52:34],[23:52:46],32768,40216,40216,526144,0.000375,435.593842,case39_A_11.mtx,1042170,910.17,0.950841732361,10
[23:54:35],[23:54:50],32768,155924,155924,5416358,0.000458,288.716431,para-6.mtx,5416358,953.215384615,1.70196544928,13
[23:56:29],[23:56:41],32768,40216,40216,526144,0.000375,424.169800,case39_A_12.mtx,1042170,908.85,0.917877987534,10
[23:58:30],[23:58:45],32768,155924,155924,5416358,0.000458,287.940582,para-7.mtx,5416358,954.84,1.35513836932,10
[00:00:24],[00:00:37],32768,40216,40216,526144,0.000376,419.581848,case39_A_13.mtx,1042170,908.672727273,0.92056396656,11
[00:02:26],[00:02:41],32768,155924,155924,5416358,0.000459,293.659973,para-8.mtx,5416358,955.692307692,1.48451573998,13
[00:04:41],[00:04:56],32768,155924,155924,5416358,0.000459,291.956299,para-9.mtx,5416358,954.938461538,1.31823802073,13
[00:06:46],[00:06:57],32768,525825,525825,2100225,0.000319,375.407776,parabolic_fem.mtx,3674625,1003.18888889,1.30847192,9
[00:11:42],[00:11:52],65536,240547,240547,560943,0.000153,222.604477,patents_main.mtx,560943,962.4625,0.758184509206,8
[00:14:20],[00:14:34],1024,3774768,3774768,14970767,0.013928,5866927.916016,patents.mtx,14970767,955.558333333,0.992856429142,12
[00:17:08],[00:17:27],8192,19242,19242,4671337,0.002299,1563380.048706,pattern1.mtx,9323414,987.7,1.51191347403,17
[00:19:34],[00:19:49],262144,13965,13965,491274,0.000058,502.484177,pcrystk02.mtx,954867,949.884615385,1.40211167878,13
[00:21:49],[00:22:01],131072,24696,24696,887937,0.000093,363.425224,pcrystk03.mtx,1726875,955.45,1.02688850417,10
[00:23:55],[00:24:05],65536,52329,52329,1375396,0.000165,402.569473,pct20stif.mtx,2650668,950.2,0.743303437366,8
[00:26:05],[00:26:19],65536,36417,36417,2190591,0.000218,383.663361,pdb1HYS.mtx,4344765,974.358333333,1.2757078645,12
[00:28:22],[00:28:39],131072,9728,9728,367436,0.000126,306.858505,pf2177.mtx,725144,917.66,0.980340077048,15
[00:30:45],[00:31:00],262144,74752,74752,335872,0.000056,555.107166,pfinan512.mtx,571392,966.6,1.51302041269,13
[00:32:57],[00:33:08],131072,22044,22044,500712,0.000084,377.876503,pkustk01.mtx,960521,931.777777778,10.8374636001,9
[00:35:16],[00:35:32],262144,10800,10800,410400,0.000060,511.103607,pkustk02.mtx,800223,936.15,1.4720005823,14
[00:37:26],[00:37:37],65536,63336,63336,1596876,0.000169,402.133347,pkustk03.mtx,3075267,957.466666667,1.0477489097,9
[00:39:16],[00:39:28],32768,40216,40216,526139,0.000377,423.787567,case39.mtx,1042160,908.29,1.05399240984,10
[00:41:08],[00:41:21],32768,55590,55590,2137125,0.000376,303.948151,pkustk04.mtx,4170665,923.1,25.1917374622,11
[00:42:55],[00:43:05],16384,345241,345241,1343126,0.000646,340.709290,c-big.mtx,2341011,922.175,0.874285422502,8
[00:44:59],[00:45:17],131072,37164,37164,1121154,0.000133,442.132896,pkustk05.mtx,2173340,947.025,14.1218580576,16
[00:47:08],[00:47:19],262144,13681,13681,263754,0.000039,510.389088,cbuckle_G.mtx,514896,941.588888889,0.899931410281,9
[00:49:14],[00:49:33],131072,43164,43164,1307466,0.000142,352.310478,pkustk06.mtx,2534794,954.835294118,1.73880999756,17
[00:51:27],[00:51:39],262144,13681,13681,345098,0.000047,513.646545,cbuckle.mtx,676515,952.7,1.22556109599,10
[00:53:21],[00:53:32],65536,16860,16860,1217832,0.000155,358.932602,pkustk07.mtx,2405055,0,0,0
[00:55:23],[00:55:37],131072,70656,70656,949510,0.000107,516.366631,cfd1.mtx,1828364,980.941666667,1.58769137079,12
[00:57:23],[00:57:36],65536,22209,22209,1624440,0.000200,322.039734,pkustk08.mtx,3208670,942.027272727,1.21137856037,11
[00:59:20],[00:59:31],65536,123440,123440,1605669,0.000168,502.450867,cfd2.mtx,3087898,987.755555556,3.13301810865,9
[01:01:20],[01:01:33],131072,33960,33960,808800,0.000097,455.895142,pkustk09.mtx,1554204,944.5,21.2421964281,11
[01:03:33],[01:03:49],65536,80676,80676,2194830,0.000241,368.346313,pkustk10.mtx,4237584,955.642857143,1.5998724439,14
[01:05:54],[01:06:04],512,4802000,4802000,42681372,0.021015,17382191.787109,channel-500x100x100-b050.mtx,83010744,971.65,0.878919791562,8
[01:07:58],[01:08:17],65536,87804,87804,2652858,0.000299,323.406067,pkustk11.mtx,5142514,952.805882353,1.76150690444,17
[01:09:39],[01:09:49],1024,68121,68121,5377761,0.010121,564343.674805,Chebyshev4.mtx,5377761,915.8625,0.806128866869,8
[01:11:28],[01:11:41],16384,94653,94653,3803485,0.000825,62408.626709,pkustk12.mtx,7429105,943.054545455,1.45312430574,11
[01:13:39],[01:13:55],2048,3523317,3523317,19194193,0.007829,5388290.512207,circuit5M_dc.mtx,19194193,996.064285714,1.40540138794,14
[01:15:38],[01:15:52],32768,94893,94893,3355860,0.000421,673.982758,pkustk13.mtx,6542332,948.55,1.12509258878,12
[01:18:44],[01:18:54],128,5558326,5558326,59524291,0.079145,15123595.390625,circuit5M.mtx,59524291,934.3375,1.04634781502,8
[01:20:30],[01:20:46],4096,151926,151926,7494215,0.003895,2707191.888428,pkustk14.mtx,14708717,976.192857143,1.56500309708,14
[01:22:24],[01:22:36],32768,268495,268495,1156647,0.000345,182.571594,citationCiteseer.mtx,2313179,949.8,1.06489436096,10
[01:24:23],[01:24:35],131072,22695,22695,686502,0.000086,426.139259,pli.mtx,1335622,946.61,0.96275645934,10
[01:26:13],[01:26:29],1024,3774768,3774768,16518948,0.015749,6404258.298828,cit-Patents.mtx,16518948,954.778571429,0.956316274214,14
[01:28:16],[01:28:33],32768,85623,85623,2374949,0.000508,187.919952,poisson3Db.mtx,2374949,928.28,1.57107182098,15
[01:30:31],[01:30:44],16384,161070,161070,8185136,0.000741,326891.972961,PR02R.mtx,8185136,997.790909091,27.3675805071,11
[01:32:31],[01:32:49],32768,325557,325557,3216152,0.000549,436.400177,cnr-2000.mtx,3216152,930.45,1.52315462117,16
[01:35:02],[01:35:18],32768,659033,659033,5959282,0.000471,36549.592743,pre2.mtx,5959282,1008.35714286,1.91001656153,14
[01:37:08],[01:37:20],32768,100000,100000,499985,0.000385,218.133789,preferentialAttachment.mtx,999950,913.81,0.995439601382,10
[01:39:24],[01:39:36],262144,14822,14822,365313,0.000045,548.655857,Pres_Poisson.mtx,715804,959.16,1.10109036868,10
[01:41:36],[01:41:48],32768,227320,227320,814134,0.000367,175.911652,coAuthorsCiteseer.mtx,1568787,930.49,1.07093417165,10
[01:43:36],[01:43:47],131072,3140,3140,540022,0.000086,2886.906906,psmigr_2.mtx,540022,909.588888889,0.968899082515,9
[01:45:31],[01:45:47],32768,299067,299067,977676,0.000503,186.345367,coAuthorsDBLP.mtx,1895593,930.15,1.32220054671,14
[01:47:35],[01:47:46],131072,3140,3140,543162,0.000083,2780.984489,psmigr_3.mtx,543162,911.044444444,0.831479419283,9
[01:49:39],[01:49:58],32768,221119,221119,3943588,0.000597,198124.626648,CO.mtx,7666057,1019.45882353,1.75467738732,17
[01:51:30],[01:51:41],4096,217918,217918,5926171,0.002568,2099392.333008,pwtk.mtx,11634424,981.6,1.02740233383,9
[01:53:36],[01:53:54],65536,83334,83334,3046907,0.000285,465.731384,consph.mtx,6010480,979.66875,1.53652153825,16
[01:55:54],[01:56:06],131072,180895,180895,539396,0.000091,441.410896,cont-300.mtx,988195,986.45,1.15260574352,10
[01:57:56],[01:58:09],131072,66127,66127,863353,0.000098,498.864723,qa8fk.mtx,1660579,977.909090909,1.21763895638,11
[01:59:49],[02:00:01],32768,121192,121192,1362087,0.000366,258.439453,cop20k_A.mtx,2624331,931.81,1.01336074524,10
[02:01:47],[02:02:01],1024,434102,434102,16036720,0.013667,6002517.893555,coPapersCiteseer.mtx,31765148,959.4,1.57268348161,12
[02:03:52],[02:04:04],131072,66127,66127,863353,0.000098,505.877235,qa8fm.mtx,1660579,973.48,0.893084542471,10
[02:05:38],[02:05:50],1024,540486,540486,15245729,0.012294,5823355.458008,coPapersDBLP.mtx,30128561,959.11,0.919184421104,10
[02:07:39],[02:07:50],131072,21200,21200,1488768,0.000080,500.054047,raefsky3.mtx,1488768,969.777777778,0.824321644044,9
[02:09:36],[02:09:46],131072,55476,55476,407714,0.000077,408.352631,copter2.mtx,759952,961.625,0.872854512505,8
[02:11:47],[02:12:07],262144,19779,19779,674195,0.000074,509.505924,raefsky4.mtx,1328611,969.244444444,1.86017389337,18
[02:14:04],[02:14:16],2048,416800,416800,22322336,0.005602,4394136.078125,CoupCons3D.mtx,22322336,975.22,1.05242576935,10
[02:15:58],[02:16:09],4096,52804,52804,5333507,0.002744,1544870.656494,crankseg_1.mtx,10614210,971.022222222,1.3180606779,9
[02:18:00],[02:18:17],4096,63838,63838,7106348,0.004083,2544139.606689,crankseg_2.mtx,14148858,967.593333333,1.33389987963,15
[02:20:14],[02:20:31],262144,79841,79841,317377,0.000062,543.031178,rail_79841_E.mtx,554913,970.886666667,1.60825647485,15
[02:22:24],[02:22:39],131072,160000,160000,1750416,0.000115,567.311234,crashbasis.mtx,1750416,1004.59230769,1.67077206403,13
[02:24:37],[02:24:53],262144,79841,79841,316881,0.000062,502.737904,rail_79841.mtx,553921,971.15,1.6255768207,14
[02:26:51],[02:27:07],262144,18010,18010,489478,0.000062,476.484035,crplat2.mtx,943184,947.264285714,1.56461183815,14
[02:28:52],[02:29:03],65536,263743,263743,1302464,0.000173,366.729477,Raj1.mtx,1302464,970.311111111,1.18081369727,9
[02:31:00],[02:31:14],262144,13965,13965,491274,0.000057,397.100410,crystk02.mtx,968583,964.416666667,1.23412136986,12
[02:33:06],[02:33:22],131072,86916,86916,605045,0.000115,416.056534,rajat20.mtx,605045,942.221428571,1.28628955384,14
[02:35:11],[02:35:23],131072,24696,24696,887937,0.000092,355.504883,crystk03.mtx,1751178,970.39,1.229186723,10
[02:37:05],[02:37:18],32768,411676,411676,1893370,0.000391,314.661072,rajat21.mtx,1893370,951.490909091,1.27810551951,11
[02:39:10],[02:39:21],262144,24696,24696,304233,0.000042,473.855492,crystm03.mtx,583770,955.744444444,1.09960711278,9
[02:41:22],[02:41:42],262144,110355,110355,556938,0.000075,526.671978,rajat23.mtx,556938,972.305555556,2.14902360832,18
[02:43:26],[02:43:36],65536,52329,52329,1375396,0.000165,421.259918,ct20stif.mtx,2698463,966.075,0.927024810887,8
[02:45:18],[02:45:31],32768,358172,358172,1948235,0.000397,354.069244,rajat24.mtx,1948235,947.981818182,1.07772334266,11
[02:48:46],[02:49:01],512,2164760,2164760,64685452,0.028488,25155944.869141,Cube_Coup_dt0.mtx,127206144,981.684615385,0.938776744039,13
[02:50:52],[02:51:06],131072,87190,87190,607235,0.000109,382.399323,rajat25.mtx,607235,943.391666667,1.30413338616,12
[02:54:21],[02:54:36],512,2164760,2164760,64685452,0.028437,25156048.496094,Cube_Coup_dt6.mtx,127206144,982.438461538,1.05505265019,13
[02:56:27],[02:56:41],131072,87190,87190,607235,0.000110,405.384277,rajat28.mtx,607235,944.683333333,1.31201710693,12
[02:58:26],[02:58:37],65536,226451,226451,1349261,0.000174,456.559097,CurlCurl_1.mtx,2472071,991.711111111,0.999382525412,9
[03:00:12],[03:00:28],4096,643994,643994,4866270,0.003927,286301.918701,rajat29.mtx,4866270,926.064285714,8.03062060783,14
[03:02:11],[03:02:28],8192,806529,806529,4864159,0.002074,1616931.593994,CurlCurl_2.mtx,8921789,998.9,1.46196215181,15
[03:04:08],[03:04:27],4096,643994,643994,6175377,0.004705,437738.024658,rajat30.mtx,6175377,932.705882353,1.66820459608,17
[03:06:07],[03:06:21],4096,1219574,1219574,7382096,0.003494,2770158.076904,CurlCurl_3.mtx,13544618,0,0,0
[03:08:19],[03:08:34],2048,4690002,4690002,20316253,0.007422,5468544.554688,rajat31.mtx,20316253,997.838461538,1.03518000036,13
[03:10:23],[03:10:38],2048,2380515,2380515,14448191,0.007337,6052626.333496,CurlCurl_4.mtx,26515867,1001.12307692,1.11917129104,13
[03:12:20],[03:12:31],65536,16830,16830,1441591,0.000154,337.541916,ramage02.mtx,2849922,945.333333333,20.3522316549,9
[03:14:41],[03:14:57],65536,389874,389874,1167685,0.000242,279.738647,darcy003.mtx,2101242,979.828571429,1.77941746946,14
[03:16:43],[03:16:53],131072,65536,65536,342127,0.000077,596.624184,rgg_n_2_16_s0.mtx,682389,957.475,1.14646194878,8
[03:18:54],[03:19:13],262144,51537,51537,531157,0.000072,530.509674,dawson5.mtx,1010777,986.105882353,2.06525047284,17
[03:21:00],[03:21:11],32768,326186,326186,807700,0.000310,299.790710,dblp-2010.mtx,1490996,947.166666667,0.920144916123,9
[03:23:06],[03:23:25],131072,131072,131072,728753,0.000145,540.380165,rgg_n_2_17_s0.mtx,1454744,965.723529412,1.49883461073,17
[03:25:02],[03:25:13],32768,116835,116835,766396,0.000312,437.676086,dc1.mtx,766396,923.311111111,0.984823102496,9
[03:27:01],[03:27:11],32768,116835,116835,766396,0.000311,432.364624,dc2.mtx,766396,923.1625,1.00863459687,8
[03:29:02],[03:29:21],65536,262144,262144,1547283,0.000285,526.853149,rgg_n_2_18_s0.mtx,3090647,969.047058824,1.89616257899,17
[03:30:58],[03:31:08],32768,116835,116835,766396,0.000312,436.787201,dc3.mtx,766396,924.8125,0.795986023747,8
[03:33:22],[03:33:34],1048576,8,8,13,0.000011,393.253650,debr_G_01.mtx,21,907.24,1.00219758531,10
[03:35:24],[03:35:44],32768,524288,524288,3269766,0.000608,37773.581085,rgg_n_2_19_s0.mtx,6533773,986.944444444,1.67438951469,18
[03:37:47],[03:37:59],1048576,16,16,29,0.000012,388.055059,debr_G_02.mtx,51,907.0,0.793725393319,10
[03:40:16],[03:40:32],1048576,32,32,61,0.000015,557.534713,debr_G_03.mtx,113,899.914285714,1.40349418181,14
[03:42:07],[03:42:21],4096,1048576,1048576,6891620,0.003512,2801374.462646,rgg_n_2_20_s0.mtx,13774937,996.45,1.06183802908,12
[03:44:27],[03:44:42],1048576,64,64,125,0.000014,586.562649,debr_G_04.mtx,239,904.053846154,0.818643704424,13
[03:46:57],[03:47:11],1048576,128,128,253,0.000013,501.907231,debr_G_05.mtx,492,904.791666667,1.23724043293,12
[03:48:52],[03:49:07],2048,2097152,2097152,14487995,0.007452,6110816.669922,rgg_n_2_21_s0.mtx,28963873,995.815384615,1.21771927663,13
[03:51:11],[03:51:23],1048576,256,256,509,0.000012,466.169744,debr_G_06.mtx,1001,909.0,0.847348806573,10
[03:53:37],[03:53:49],1048576,512,512,1021,0.000012,432.742765,debr_G_07.mtx,2022,908.74,0.958331884057,10
[03:55:49],[03:56:04],1024,4194304,4194304,30359198,0.015424,12734324.301758,rgg_n_2_22_s0.mtx,60701054,995.884615385,1.05600564818,13
[03:58:07],[03:58:19],1048576,1024,1024,2045,0.000011,401.275927,debr_G_08.mtx,4067,909.1,0.954986910905,10
[04:00:33],[04:00:46],1048576,2048,2048,4093,0.000012,392.477137,debr_G_09.mtx,8160,912.254545455,0.894796712681,11
[04:03:31],[04:03:48],512,8388608,8388608,63501393,0.032290,26507892.527344,rgg_n_2_23_s0.mtx,126977218,992.693333333,1.15208024412,15
[04:05:54],[04:06:09],1048576,4096,4096,8189,0.000014,392.969618,debr_G_10.mtx,16349,915.084615385,1.100242039,13
[04:08:16],[04:08:26],524288,8192,8192,16381,0.000019,397.388138,debr_G_11.mtx,32730,917.675,0.688748865698,8
[04:12:57],[04:13:17],256,16777216,16777216,132557200,0.077112,55128335.835938,rgg_n_2_24_s0.mtx,265077571,974.266666667,1.50517625398,18
[04:15:19],[04:15:34],524288,16384,16384,32765,0.000030,453.985472,debr_G_12.mtx,65495,920.776923077,1.04745394329,13
[04:17:33],[04:17:48],262144,22560,22560,1014951,0.000060,505.191525,rim.mtx,1014951,984.223076923,1.50494254741,13
[04:19:42],[04:19:55],262144,32768,32768,65533,0.000050,444.806488,debr_G_13.mtx,131028,923.854545455,1.25144544527,11
[04:22:34],[04:22:51],2048,381689,381689,37464962,0.008638,7272121.324219,RM07R.mtx,37464962,0,0,0
[04:24:39],[04:24:50],131072,65536,65536,131069,0.000089,435.514915,debr_G_14.mtx,262097,924.033333333,0.86922698736,9
[04:26:43],[04:26:54],65536,131072,131072,262141,0.000168,312.426071,debr_G_15.mtx,524238,923.522222222,0.999753055929,9
[04:28:41],[04:28:53],65536,46835,46835,2374001,0.000183,440.524170,rma10.mtx,2374001,960.56,1.21671689394,10
[04:30:30],[04:30:41],32768,262144,262144,524285,0.000331,325.161682,debr_G_16.mtx,1048523,925.411111111,1.11598929151,9
[04:32:18],[04:32:35],512,14081816,14081816,16933413,0.032297,18138941.324219,road_central.mtx,33679146,956.5,1.27121988657,15
[04:34:07],[04:34:18],16384,524288,524288,1048573,0.000631,281.095154,debr_G_17.mtx,2097096,927.855555556,0.901986833005,9
[04:35:47],[04:35:58],8192,1971281,1971281,2766607,0.001299,495127.406738,roadNet-CA.mtx,5245210,1026.22222222,1.33398132402,9
[04:37:30],[04:37:44],8192,1048576,1048576,2097149,0.001661,43945.927124,debr_G_18.mtx,4194245,932.775,1.28005533735,12
[04:39:31],[04:39:51],32768,1090920,1090920,1541898,0.000600,373.597961,roadNet-PA.mtx,2955556,970.361111111,1.92184485699,18
[04:41:22],[04:41:35],8192,1048576,1048576,2097149,0.001607,42238.836792,debr.mtx,4194245,932.554545455,0.89072354283,11
[04:43:10],[04:43:23],16384,1393383,1393383,1921660,0.000749,428.583618,roadNet-TX.mtx,3702778,968.254545455,1.32071856225,11
[04:45:13],[04:45:28],131072,131072,131072,393176,0.000109,530.123169,delaunay_n17.mtx,742844,968.0,1.55266520241,13
[04:47:24],[04:47:43],512,23947347,23947347,28854312,0.037317,23258098.599609,road_usa.mtx,56929515,985.170588235,1.67499418994,17
[04:49:28],[04:49:42],65536,262144,262144,786396,0.000207,396.556778,delaunay_n18.mtx,1485667,964.325,16.6904226529,12
[04:51:34],[04:51:47],32768,524288,524288,1572823,0.000398,385.988434,delaunay_n19.mtx,2971594,969.781818182,1.42370718505,11
[04:53:38],[04:53:54],65536,90449,90449,2455670,0.000239,387.031342,s3dkq4m2.mtx,4820891,989.185714286,1.83881061825,14
[04:55:24],[04:55:34],8192,1048576,1048576,3145686,0.001281,367644.976074,delaunay_n20.mtx,5942733,1001.9625,0.959084850261,8
[04:57:11],[04:57:23],2048,2097152,2097152,6291408,0.005792,3120483.902832,delaunay_n21.mtx,11888276,0,0,0
[04:59:09],[04:59:22],65536,90449,90449,1921955,0.000192,407.076019,s3dkt3m2.mtx,3753461,983.718181818,1.20741510661,11
[05:00:53],[05:01:07],1024,4194304,4194304,12582869,0.013812,6785493.522461,delaunay_n22.mtx,23771400,974.483333333,1.0792229715,12
[05:03:03],[05:03:19],512,8388608,8388608,25165784,0.029611,13936093.748047,delaunay_n23.mtx,47554738,972.107142857,1.32204618771,14
[05:05:04],[05:05:17],65536,90449,90449,1921955,0.000192,444.388229,s4dkt3m2.mtx,3663163,964.818181818,1.14242022345,11
[05:07:36],[05:07:52],256,16777216,16777216,50331601,0.064305,28252977.542969,delaunay_n24.mtx,95092341,960.614285714,1.50421177406,14
[05:09:50],[05:10:01],131072,89400,89400,622812,0.000079,513.508461,denormal.mtx,1156224,995.044444444,1.12260719469,9
[05:12:18],[05:12:33],1024,1157456,1157456,24848204,0.014564,9793806.315430,dielFilterV2real.mtx,48538952,978.169230769,1.40951962105,13
[05:15:30],[05:15:46],512,1102824,1102824,45204422,0.030714,17848511.568359,dielFilterV3real.mtx,89306020,967.135714286,1.26863658134,14
[05:17:51],[05:18:08],131072,182730,182730,885416,0.000131,461.450714,d_pretok.mtx,1641672,991.64,1.86254306438,15
[05:20:04],[05:20:22],131072,170998,170998,958936,0.000139,391.651726,scircuit.mtx,958936,980.325,1.38991906239,16
[05:22:14],[05:22:29],131072,65025,65025,547625,0.000114,335.781067,Dubcova2.mtx,1030225,953.030769231,1.21742768882,13
[05:24:48],[05:25:05],1024,1391349,1391349,32961525,0.016480,12901936.575195,Serena.mtx,64531701,984.313333333,1.16896915652,15
[05:26:48],[05:27:01],32768,146689,146689,1891669,0.000408,349.866547,Dubcova3.mtx,3636649,941.472727273,1.3578665814,11
[05:29:04],[05:29:15],262144,17281,17281,553562,0.000041,612.704849,e40r0100.mtx,553562,960.944444444,1.21391113633,9
[05:31:07],[05:31:24],65536,34920,34920,2339575,0.000260,320.993790,ship_001.mtx,4644230,966.153333333,1.61817455452,15
[05:33:08],[05:33:21],32768,1000000,1000000,2998000,0.000411,2719.316010,ecology1.mtx,4996000,1005.90909091,1.3747426506,11
[05:34:59],[05:35:10],16384,121728,121728,4103881,0.000684,261362.076782,ship_003.mtx,8086034,1001.92222222,1.24166355953,9
[05:36:54],[05:37:08],32768,999999,999999,2997995,0.000410,818.731079,ecology2.mtx,4995991,1006.91666667,3.34585149435,12
[05:38:58],[05:39:16],32768,140874,140874,3977139,0.000540,166827.970795,shipsec1.mtx,7813404,1010.96875,3.03803364654,16
[05:41:19],[05:41:38],2048,923136,923136,20964171,0.009376,8126583.725586,Emilia_923.mtx,41005206,985.694117647,1.47347951072,17
[05:43:20],[05:43:37],8192,179860,179860,5146478,0.002061,1686878.788818,shipsec5.mtx,10113096,985.133333333,1.3489090242,15
[05:45:30],[05:45:42],32768,114919,114919,3384159,0.000354,698.248627,shipsec8.mtx,6653399,973.26,2.90798899585,10
[05:47:41],[05:47:52],131072,17077,17077,446500,0.000089,347.712585,Si10H16.mtx,875923,931.822222222,0.91016210739,9
[05:49:33],[05:49:46],2048,862664,862664,19235140,0.006313,3945919.041016,eu-2005.mtx,19235140,966.572727273,4.83060148882,11
[05:51:29],[05:51:42],32768,97569,97569,2626974,0.000375,361.613251,Si34H36.mtx,5156379,958.763636364,1.06452953951,11
[05:53:37],[05:53:55],4096,185639,185639,7598452,0.004393,2751101.930420,Si41Ge41H72.mtx,15011265,982.58125,1.5129518953,16
[05:56:23],[05:56:42],256,50912018,50912018,54054660,0.071609,41090571.550781,europe_osm.mtx,87659663,970.794117647,1.47985316769,17
[05:58:42],[05:59:01],262144,19896,19896,379247,0.000072,373.068886,Si5H12.mtx,738598,949.158823529,1.71260339268,17
[06:01:01],[06:01:18],262144,16614,16614,1096948,0.000067,465.588585,ex11.mtx,1096948,972.713333333,1.43288365039,15
[06:02:49],[06:02:59],4096,240369,240369,5451000,0.002449,1698772.897705,Si87H76.mtx,10661631,992.1875,0.721868235899,8
[06:04:59],[06:05:18],262144,16782,16782,347890,0.000071,280.776482,ex3sta1.mtx,671494,933.788235294,1.78585367721,17
[06:07:16],[06:07:32],262144,11532,11532,568526,0.000061,506.010895,sinc15.mtx,568526,940.25,1.47781208935,14
[06:09:11],[06:09:27],16384,6001,6001,1137751,0.000982,255383.624573,exdata_1.mtx,2269501,960.307142857,1.43400751428,14
[06:11:16],[06:11:28],131072,16428,16428,973826,0.000093,550.000717,sinc18.mtx,973826,946.86,1.33506554146,10
[06:13:08],[06:13:19],1024,343791,343791,13590452,0.011449,5248528.419922,F1.mtx,26837113,954.6,0.969535971483,9
[06:15:00],[06:15:18],4096,155331,155331,5719417,0.004436,1641165.952393,SiO2.mtx,11283503,960.25,1.43570540154,16
[06:16:54],[06:17:04],16384,71505,71505,2682895,0.000625,287.256714,F2.mtx,5294285,930.6,0.916515138991,8
[06:18:56],[06:19:10],131072,33401,33401,675528,0.000113,303.159775,SiO.mtx,1317655,953.8,1.12620306044,12
[06:20:57],[06:21:10],2048,638802,638802,14626683,0.006514,5595241.602539,Fault_639.mtx,28614564,994.5,1.04446593573,11
[06:42:25],[06:42:36],4096,201822,201822,5748069,0.002570,1962452.470947,fcondp2.mtx,11100482,969.155555556,1.09454314276,9
[06:44:25],[06:44:39],131072,100000,100000,499998,0.000103,201.773560,smallworld.mtx,920011,968.483333333,1.22122434011,12
[06:46:28],[06:46:41],65536,147900,147900,3489300,0.000187,497.194702,FEM_3D_thermal2.mtx,3489300,993.427272727,1.55919029633,11
[06:48:32],[06:48:45],131072,12504,12504,874887,0.000105,1159.637070,sme3Da.mtx,874887,942.563636364,1.10722645074,11
[06:50:32],[06:50:44],131072,143437,143437,409593,0.000085,507.196518,fe_ocean.mtx,751512,965.19,7.23069152986,10
[06:52:37],[06:52:56],65536,29067,29067,2081063,0.000289,204.055176,sme3Db.mtx,2081063,938.805882353,1.83157617376,17
[06:54:38],[06:54:48],65536,99617,99617,662431,0.000158,225.435883,fe_rotor.mtx,1288018,951.525,0.961444226151,8
[06:56:35],[06:56:50],32768,42930,42930,3148656,0.000470,198.369843,sme3Dc.mtx,3148656,935.592307692,1.55091116567,13
[06:58:39],[06:58:52],131072,78136,78136,452591,0.000098,406.259003,fe_tooth.mtx,861697,956.3,1.33075508299,11
[07:01:02],[07:01:15],65536,25710,25710,1889447,0.000201,380.132263,smt.mtx,3753184,968.963636364,1.21226514297,11
[07:03:53],[07:04:05],128,4847571,4847571,68993773,0.089013,22740542.656250,soc-LiveJournal1.mtx,68993773,938.66,11.0826170195,10
[07:05:50],[07:06:02],65536,106437,106437,1406791,0.000184,362.215317,filter3D_E.mtx,2707145,984.7,1.45396010949,10
[07:07:58],[07:08:10],65536,106437,106437,1406808,0.000183,367.046921,filter3D.mtx,2707179,984.377777778,1.27956396894,9
[07:10:17],[07:10:32],262144,74752,74752,335872,0.000057,534.738739,finan512.mtx,596992,981.792307692,1.66385166612,13
[07:12:45],[07:13:05],65536,77360,77360,905468,0.000293,250.097824,soc-Slashdot0811.mtx,905468,924.727777778,1.9527204828,18
[07:14:53],[07:15:03],32768,82168,82168,948464,0.000314,229.733704,soc-Slashdot0902.mtx,948464,921.8125,0.776912961663,8
[07:17:08],[07:17:25],131072,50000,50000,799494,0.000129,222.030403,sparsine.mtx,1548988,967.946666667,1.46098901053,15
[07:19:32],[07:19:52],131072,54924,54924,1508538,0.000147,527.625229,srb1.mtx,2908058,965.727777778,1.98572840136,18
[07:23:02],[07:23:18],512,1564794,1564794,59485419,0.031347,22933752.886719,Flan_1565.mtx,117406044,957.635714286,1.08338566069,14
[07:24:50],[07:25:02],4096,683446,683446,7583376,0.003044,783065.929932,Stanford_Berkeley.mtx,7583376,948.55,1.04331203386,10
[07:26:34],[07:26:53],1024,820878,820878,9837214,0.018691,1747269.452148,flickr.mtx,9837214,926.923529412,1.38798601949,17
[07:28:51],[07:29:03],131072,100196,100196,322442,0.000088,472.651299,ford2.mtx,483446,951.27,1.34688529578,10
[07:30:46],[07:31:00],32768,281903,281903,2312497,0.000441,204.756714,Stanford.mtx,2312497,953.016666667,1.25951930866,12
[07:32:51],[07:33:10],65536,7548,7548,848553,0.000291,1009.043762,fp.mtx,848553,916.094117647,1.71274481745,17
[07:35:05],[07:35:23],131072,21982,21982,1248731,0.000132,510.952385,std1_Jac2.mtx,1248731,943.7375,2.10887262536,16
[07:37:09],[07:37:20],1024,3428755,3428755,18920347,0.010441,5650760.013672,Freescale1.mtx,18920347,983.644444444,0.9441175905,9
[07:39:19],[07:39:37],262144,21982,21982,531826,0.000068,521.185696,std1_Jac3_db.mtx,531826,942.93125,1.60496057195,16
[07:41:06],[07:41:16],4096,199187,199187,5953632,0.002556,2092729.921875,fullb.mtx,11516648,976.425,2.97940849834,8
[07:43:14],[07:43:34],131072,21982,21982,1455848,0.000151,523.906342,std1_Jac3.mtx,1455848,944.044444444,1.87593598038,18
[07:45:37],[07:45:55],512,2987012,2987012,26621990,0.036416,7233422.542969,FullChip.mtx,26621990,942.85,1.39508064283,16
[07:47:33],[07:47:45],2048,1465137,1465137,11235263,0.005540,4431302.480957,StocF-1465.mtx,21005389,1000.62,1.10163514831,10
[07:49:31],[07:49:41],131072,150102,150102,438388,0.000076,493.954056,G2_circuit.mtx,726674,992.625,0.927024810887,8
[07:51:35],[07:51:48],262144,49666,49666,295938,0.000049,530.592522,stokes128.mtx,558594,969.372727273,1.34373354305,11
[07:53:31],[07:53:50],8192,1585478,1585478,4623152,0.002370,1661883.212891,G3_circuit.mtx,7660826,1006.57058824,1.36802335114,17
[07:55:38],[07:55:50],65536,213360,213360,3021648,0.000182,463.020020,stomach.mtx,3021648,1007.02,1.51446360141,10
[07:57:47],[07:58:03],262144,47430,47430,656616,0.000058,476.209015,g7jac160.mtx,656616,969.164285714,1.62155443187,14
[08:00:04],[08:00:23],262144,53570,53570,613632,0.000075,497.347538,struct3.mtx,1148910,968.670588235,1.99108740786,17
[08:02:20],[08:02:36],262144,47430,47430,656616,0.000059,492.522858,g7jac160sc.mtx,656616,971.35,1.52584870997,14
[08:04:45],[08:05:02],262144,53370,53370,747276,0.000065,580.680225,g7jac180.mtx,747276,975.933333333,1.49249976736,15
[08:06:51],[08:07:05],65536,79171,79171,2215638,0.000214,433.067200,t3dh_a.mtx,4352105,988.466666667,1.33687030868,12
[08:09:04],[08:09:21],262144,53370,53370,747276,0.000065,578.739006,g7jac180sc.mtx,747276,973.74,1.58526548775,15
[08:11:32],[08:11:51],262144,59310,59310,837936,0.000071,441.532837,g7jac200.mtx,837936,976.088235294,1.81168831008,17
[08:14:02],[08:14:21],262144,59310,59310,837936,0.000072,424.490086,g7jac200sc.mtx,837936,977.735294118,1.86986667548,17
[08:16:10],[08:16:24],65536,79171,79171,2215638,0.000214,452.962570,t3dh_e.mtx,4352105,989.2,1.21037184369,12
[08:18:16],[08:18:35],32768,113081,113081,3114357,0.000596,67442.635559,Ga10As10H30.mtx,6115633,977.423529412,1.62608494524,17
[08:20:24],[08:20:38],65536,79171,79171,2215638,0.000214,437.257126,t3dh_E.mtx,4352105,988.716666667,1.35574907544,12
[08:22:19],[08:22:36],8192,133123,133123,4508981,0.001991,1005519.637207,Ga19As19H42.mtx,8884839,994.726666667,1.67668986067,15
[08:24:25],[08:24:39],65536,79171,79171,2215638,0.000214,438.173279,t3dh.mtx,4352105,989.05,1.7012250488,12
[08:26:49],[08:27:07],262144,82654,82654,328556,0.000069,509.638359,thermal1.mtx,574458,984.25625,2.06033029816,16
[08:28:54],[08:29:10],4096,1228045,1228045,4904179,0.003843,1774245.767090,thermal2.mtx,8580313,977.057142857,1.55504445766,14
[08:31:11],[08:31:27],65536,204316,204316,2846228,0.000237,178.775909,thermomech_dK.mtx,2846228,971.278571429,26.0699657124,14
[08:33:20],[08:33:31],65536,204316,204316,813716,0.000157,176.515564,thermomech_dM.mtx,1423116,984.277777778,0.997527808332,9
[08:35:17],[08:35:37],16384,61349,61349,3016148,0.001206,331031.658447,Ga3As3H12.mtx,5970947,973.222222222,1.83137943018,18
[08:37:25],[08:37:38],131072,102158,102158,406858,0.000094,176.415810,thermomech_TC.mtx,711558,982.2,1.27279220614,11
[08:39:12],[08:39:22],2048,268096,268096,9378286,0.004936,3494551.480957,Ga41As41H72.mtx,18488476,987.35,0.593717104352,8
[08:41:11],[08:41:23],131072,102158,102158,406858,0.000092,186.988953,thermomech_TK.mtx,711558,985.47,2.82985865371,10
[08:43:03],[08:43:14],32768,61349,61349,1721579,0.000348,366.141327,GaAsH6.mtx,3381809,945.411111111,1.08979554091,9
[08:45:04],[08:45:19],65536,29736,29736,2249892,0.000225,399.655869,thread.mtx,4470048,970.153846154,1.61035848117,13
[08:47:16],[08:47:32],32768,726713,726713,2903837,0.000494,483.241150,tmt_sym.mtx,5080961,996.707142857,1.47864044007,14
[08:49:29],[08:49:41],32768,917825,917825,4584801,0.000379,446.951691,tmt_unsym.mtx,4584801,1019.0,1.57225952056,10
[08:51:39],[08:51:50],524288,66917,66917,66917,0.000022,465.875050,gas_sensor_E.mtx,66917,958.833333333,1.20646407139,9
[08:53:51],[08:54:04],131072,66917,66917,885141,0.000097,521.974129,gas_sensor.mtx,1703365,987.963636364,1.25790065172,11
[08:55:52],[08:56:06],8192,112985,112985,4002590,0.001690,849812.010620,Ge87H76.mtx,7892195,990.4,1.07082522695,12
[08:57:55],[08:58:09],8192,112985,112985,4282190,0.001724,904554.693115,Ge99H100.mtx,8451395,992.633333333,1.37558068546,12
[08:59:55],[09:00:08],8192,153746,153746,4617075,0.001588,955883.128906,gearbox.mtx,8943728,987.454545455,1.329636749,11
[09:01:46],[09:01:59],4096,116158,116158,8516500,0.003143,784671.699219,torso1.mtx,8516500,954.281818182,1.38092076122,11
[09:04:16],[09:04:30],1024,1437960,1437960,32297325,0.014442,12616915.120117,Geo_1438.mtx,63156690,990.166666667,1.37072567966,12
[09:06:18],[09:06:28],131072,115967,115967,1033473,0.000078,540.101822,torso2.mtx,1033473,992.45,0.830662386292,8
[09:08:36],[09:08:53],65536,259156,259156,4429042,0.000264,474.220840,torso3.mtx,4429042,1002.1,1.93183850257,15
[09:10:26],[09:10:42],1024,11548845,11548845,12369181,0.015816,9710895.874023,germany_osm.mtx,20385176,977.064285714,1.21455879282,14
[09:12:19],[09:12:30],32768,116835,116835,766396,0.000311,456.757599,trans4.mtx,766396,925.811111111,0.970045181587,9
[09:14:23],[09:14:40],131072,100000,100000,501198,0.000129,176.430214,G_n_pin_pout.mtx,1000823,962.28,1.85515498005,15
[09:16:17],[09:16:27],32768,116835,116835,766396,0.000312,436.684357,trans5.mtx,766396,923.925,1.01704228034,8
[09:18:28],[09:18:45],65536,178866,178866,961790,0.000261,394.696793,transient.mtx,961790,941.76,1.62923294835,15
[09:20:07],[09:20:17],1024,7733822,7733822,8156517,0.009961,6012265.409180,great-britain_osm.mtx,13407835,979.775,3.01112520497,8
[09:22:21],[09:22:34],2048,1602111,1602111,23500731,0.006243,4961225.918457,Transport.mtx,23500731,1000.15454545,1.36738877651,11
[09:24:22],[09:24:41],2048,589446,589446,11174185,0.009506,4307198.433594,gsm_106857.mtx,21758924,964.829411765,1.52422196387,17
[09:26:32],[09:26:45],131072,22098,22098,978711,0.000102,502.830292,trdheim.mtx,1913501,962.136363636,1.14198609072,11
[09:28:17],[09:28:27],16384,31802,31802,1098006,0.000619,396.076294,gupta1.mtx,2164149,915.0625,0.793626958967,8
[09:30:12],[09:30:23],16384,62064,62064,2155175,0.000688,436.906372,gupta2.mtx,4248162,923.944444444,1.0584171737,9
[09:32:02],[09:32:18],2048,16783,16783,4670105,0.008086,1008958.088867,gupta3.mtx,9307069,937.707142857,1.23662229233,14
[09:33:47],[09:33:58],4096,213453,213453,6099282,0.002614,2136811.040771,troll.mtx,11784722,979.955555556,0.878269904239,9
[09:35:48],[09:36:00],32768,8140,8140,1012521,0.000377,537.866791,TSC_OPF_1047.mtx,2016902,923.61,0.949157521173,10
[09:38:05],[09:38:23],131072,9774,9774,415289,0.000136,501.068008,TSC_OPF_300.mtx,820804,928.38125,1.53265241901,16
[09:40:23],[09:40:42],262144,17361,17361,519260,0.000071,466.352940,gyro_k.mtx,1021159,967.447058824,1.73378798048,17
[09:42:27],[09:42:42],65536,10798,10798,305732,0.000220,523.633743,TSOPF_FS_b162_c1.mtx,608540,917.961538462,1.36524918072,13
[09:44:46],[09:45:03],524288,17361,17361,178896,0.000034,565.262772,gyro_M.mtx,340431,954.586666667,1.59200781684,15
[09:46:36],[09:46:46],16384,30798,30798,904612,0.000625,459.025330,TSOPF_FS_b162_c3.mtx,1801300,917.925,0.855496931613,8
[09:48:46],[09:49:05],262144,17361,17361,519260,0.000071,496.732239,gyro.mtx,1021159,967.641176471,1.75031386212,17
[09:50:42],[09:50:55],16384,40798,40798,1204322,0.000850,476.043945,TSOPF_FS_b162_c4.mtx,2398220,915.918181818,1.36636091453,11
[09:52:50],[09:53:07],131072,67024,67024,1141880,0.000130,458.151993,H2O.mtx,2216736,989.573333333,1.53599768518,15
[09:54:38],[09:54:53],4096,29214,29214,2203949,0.003861,475018.603516,TSOPF_FS_b300_c1.mtx,4400122,937.576923077,1.38960638929,13
[09:56:23],[09:56:35],4096,224617,224617,6306219,0.002811,2245229.535156,halfb.mtx,12169847,980.93,1.2066896867,10
[09:58:08],[09:58:26],2048,56814,56814,4391071,0.008911,1575011.446777,TSOPF_FS_b300_c2.mtx,8767466,944.11875,1.23096443389,16
[10:00:06],[10:00:22],8192,1447360,1447360,5514242,0.001879,1178307.773560,Hamrle3.mtx,5514242,1022.69285714,1.49114734623,14
[10:01:49],[10:02:03],1024,84414,84414,6578753,0.013735,2431260.969727,TSOPF_FS_b300_c3.mtx,13135930,941.858333333,1.0169057096,12
[10:03:54],[10:04:06],131072,3557,3557,1387773,0.000095,517.640907,heart1.mtx,1387773,962.92,1.10977475192,10
[10:05:37],[10:05:53],4096,29214,29214,2203949,0.003846,473937.380615,TSOPF_FS_b300.mtx,4400122,941.642857143,1.08937353276,14
[10:07:47],[10:08:00],262144,2339,2339,682797,0.000048,518.685909,heart2.mtx,682797,950.990909091,14.4883310128,11
[10:09:34],[10:09:45],16384,76216,76216,998359,0.000713,468.094910,TSOPF_FS_b39_c19.mtx,1977600,919.433333333,1.24632793972,9
[10:11:40],[10:11:53],262144,2339,2339,682797,0.000048,551.520096,heart3.mtx,682797,954.263636364,1.26150900063,11
[10:13:22],[10:13:32],8192,120216,120216,1575639,0.001236,16353.691040,TSOPF_FS_b39_c30.mtx,3121160,925.6875,0.789679523604,8
[10:15:23],[10:15:41],65536,392257,392257,1567096,0.000264,366.912170,helm2d03.mtx,2741935,1000.31875,2.11193594541,16
[10:17:29],[10:17:47],65536,28216,28216,368599,0.000265,429.306183,TSOPF_FS_b39_c7.mtx,730080,919.79375,1.41220959404,16
[10:20:04],[10:20:15],128,1139905,1139905,57515616,0.090307,22973365.882812,hollywood-2009.mtx,113057520,940.966666667,1.09544511501,9
[10:22:14],[10:22:31],262144,15374,15374,610299,0.000066,522.706097,TSOPF_RS_b162_c3.mtx,610299,948.0,1.52446712001,15
[10:24:03],[10:24:13],4096,220542,220542,5494489,0.002465,1895892.044189,hood.mtx,10768436,987.8125,0.980353890185,8
[10:26:01],[10:26:12],131072,20374,20374,812749,0.000084,543.127541,TSOPF_RS_b162_c4.mtx,812749,949.433333333,0.952190457139,9
[10:28:28],[10:28:42],1024,1498023,1498023,31207734,0.013914,12205943.157227,Hook_1498.mtx,60917445,995.425,1.3460590626,12
[10:30:18],[10:30:31],4096,25626,25626,6761100,0.003163,1169931.651367,TSOPF_RS_b2052_c1.mtx,6761100,964.481818182,0.927183596429,11
[10:32:14],[10:32:26],65536,226340,226340,565431,0.000178,363.791763,HTC_336_4438.mtx,904522,949.11,1.17256129904,10
[10:34:15],[10:34:29],2048,38120,38120,16171169,0.006746,3036282.229492,TSOPF_RS_b2383_c1.mtx,16171169,972.533333333,1.20300549551,12
[10:36:11],[10:36:23],65536,226340,226340,554881,0.000171,363.941895,HTC_336_9129.mtx,883422,952.75,1.17494680731,10
[10:38:11],[10:38:25],2048,38120,38120,16171169,0.006670,3036314.949219,TSOPF_RS_b2383.mtx,16171169,973.725,0.987526370956,12
[10:40:33],[10:40:51],131072,14538,14538,1474325,0.000141,554.557022,TSOPF_RS_b300_c1.mtx,1474325,945.85,1.3388427839,16
[10:42:30],[10:42:41],256,18318143,18318143,27470081,0.040774,25030626.000000,hugebubbles-00000.mtx,51131166,953.233333333,0.77888809637,9
[10:44:34],[10:44:51],65536,28338,28338,2943887,0.000262,480.802307,TSOPF_RS_b300_c2.mtx,2943887,949.146666667,3.13812399727,15
[10:46:47],[10:47:04],16384,42138,42138,4413449,0.001000,337042.511047,TSOPF_RS_b300_c3.mtx,4413449,969.986666667,18.1594738054,15
[10:48:52],[10:49:06],256,19458087,19458087,29179764,0.053660,35218235.937500,hugebubbles-00010.mtx,55892729,960.591666667,1.06415720434,12
[10:51:06],[10:51:24],262144,38098,38098,684206,0.000070,597.455784,TSOPF_RS_b39_c19.mtx,684206,954.9125,1.7269463657,16
[10:53:26],[10:53:40],131072,60098,60098,1079986,0.000103,581.054077,TSOPF_RS_b39_c30.mtx,1079986,952.008333333,1.65602854914,12
[10:55:40],[10:55:59],256,21198119,21198119,31790179,0.076579,37501949.511719,hugebubbles-00020.mtx,60788928,922.270588235,1.11659393108,17
[10:57:35],[10:57:48],8192,18696,18696,4396289,0.001494,303176.541992,TSOPF_RS_b678_c1.mtx,4396289,0,0,0
[10:59:42],[10:59:58],4096,35696,35696,8781949,0.003974,1637933.822021,TSOPF_RS_b678_c2.mtx,8781949,956.028571429,1.32040500899,14
[11:01:20],[11:01:31],1024,4588484,4588484,6879133,0.011251,5142111.402344,hugetrace-00000.mtx,12803373,928.6,0.947511360237,9
[11:03:27],[11:03:45],131072,20685,20685,1237821,0.000138,349.164452,tsyl201.mtx,2436249,951.6375,1.75850611315,16
[11:05:52],[11:06:06],262144,21498,21498,459277,0.000056,514.323254,tube1.mtx,876007,953.133333333,1.51015083868,12
[11:07:47],[11:08:06],512,12057441,12057441,18082179,0.037605,15772611.287109,hugetrace-00010.mtx,33857462,903.464705882,1.23666590499,17
[11:10:23],[11:10:41],131072,189924,189924,912345,0.000138,469.119270,turon_m.mtx,1690876,983.1,4.56220889482,16
[11:12:21],[11:12:35],256,16002413,16002413,23998813,0.054585,23570598.839844,hugetrace-00020.mtx,45422927,902.466666667,0.91043335225,12
[11:14:25],[11:14:38],131072,120750,120750,1224224,0.000096,461.370567,twotone.mtx,1224224,990.927272727,0.948770409138,11
[11:16:29],[11:16:45],1024,5824554,5824554,8733523,0.016067,6670316.369141,hugetric-00000.mtx,16256855,914.092857143,1.05455764979,14
[11:18:38],[11:18:48],512,6592765,6592765,9885854,0.019949,9510455.451172,hugetric-00010.mtx,18874249,916.9,0.661437827766,8
[11:26:59],[11:27:18],128,18520486,18520486,298113762,0.148625,63957145.406250,uk-2002.mtx,298113762,909.217647059,1.61399587947,17
[11:28:40],[11:28:52],512,7122792,7122792,10680777,0.022284,10547205.171875,hugetric-00020.mtx,20393249,901.7,41.1726851201,10
[11:51:59],[11:52:12],32,39459925,39459925,936364282,0.410008,194283164.218750,uk-2005.mtx,936364282,950.354545455,0.786665732829,11
[11:53:57],[11:54:13],2048,22283,22283,12345963,0.007698,4633139.312500,human_gene1.mtx,24669643,975.378571429,1.46100678175,14
[11:56:11],[11:56:31],4096,14340,14340,9041364,0.004813,3343315.693359,human_gene2.mtx,18068388,985.127777778,1.62986214671,18
[12:07:56],[12:08:14],128,2017169,2017169,283073458,0.136871,55497301.554688,HV15R.mtx,283073458,909.99375,1.03287750363,16
[12:10:31],[12:10:42],65536,189860,189860,1347273,0.000167,346.752747,hvdc2.mtx,1347273,973.655555556,1.03076143496,9
[12:14:05],[12:14:23],131072,47072,47072,1191985,0.000135,504.961609,vanbody.mtx,2336898,980.38125,1.81425561526,16
[12:16:11],[12:16:22],131072,51448,51448,1056610,0.000084,414.556946,ibm_matrix_2.mtx,1056610,971.544444444,0.990074195998,9
[12:18:14],[12:18:27],131072,62424,62424,1717792,0.000100,500.837036,venkat01.mtx,1717792,987.372727273,1.29480845132,11
[12:20:30],[12:20:43],131072,62424,62424,1717792,0.000100,507.603203,venkat25.mtx,1717792,987.190909091,1.34262601945,11
[12:22:46],[12:22:59],131072,62424,62424,1717792,0.000100,481.832939,venkat50.mtx,1717792,982.218181818,2.2662817693,11
[12:24:39],[12:24:51],2048,4026819,4026819,8054237,0.006144,4208470.137695,venturiLevel3.mtx,14940720,988.56,2.99439476355,10
[12:27:03],[12:27:20],262144,37762,37762,1162244,0.000067,533.483585,viscorocks.mtx,1162244,0,0,0
[12:29:12],[12:29:24],32768,58348,58348,2016578,0.000377,220.755127,vsp_bcsstk30_500sep_10in_1Kout.mtx,4033077,950.24,1.11013512691,10
[12:31:18],[12:31:30],65536,56438,56438,300801,0.000182,374.908615,vsp_bump2_e18_aa01_model1_crew1.mtx,600919,916.78,1.21309521473,10
[12:33:15],[12:33:27],16384,139752,139752,552020,0.000776,405.623596,vsp_finan512_scagr7-2c_rlfddd.mtx,1092776,907.53,1.05740247777,10
[12:35:25],[12:35:41],65536,101364,101364,389368,0.000236,345.455338,vsp_mod2_pgp2_slptsk.mtx,778659,922.185714286,1.62694154029,14
[12:37:14],[12:37:25],1024,1382908,1382908,16917053,0.011081,3617273.307617,in-2004.mtx,16917053,950.133333333,1.0434983895,9
[12:39:10],[12:39:23],65536,21996,21996,1221028,0.000194,331.905441,vsp_msc10848_300sep_100in_1Kout.mtx,2441916,947.581818182,0.989782512215,11
[12:41:13],[12:41:26],32768,77328,77328,435586,0.000394,416.630768,vsp_vibrobox_scagr7-2c_rlfddd.mtx,868950,911.727272727,0.892484692093,11
[12:47:33],[12:47:44],32,7414866,7414866,194109311,0.332151,39196516.000000,indochina-2004.mtx,194109311,902.8,5.02991053598,9
[12:49:45],[12:49:57],1024,503712,503712,18660027,0.011300,7193915.856445,inline_1.mtx,36816342,972.21,0.734098086089,10
[12:51:53],[12:52:10],131072,60740,60740,2035281,0.000129,424.687050,water_tank.mtx,2035281,979.606666667,1.99080106713,15
[12:53:45],[12:54:03],8192,309412,309412,1530448,0.002201,8973.084351,ins2.mtx,2751481,914.3125,1.63664099606,16
[12:55:56],[12:56:07],262144,36441,36441,301101,0.000043,544.851349,wathen120.mtx,565761,970.166666667,1.29614813968,9
[12:57:51],[12:58:01],65536,30412,30412,1793881,0.000154,328.912567,invextr1_new.mtx,1793881,953.9375,1.0792792734,8
[13:15:04],[13:15:14],65536,156317,156317,1059331,0.000159,486.699341,wave.mtx,2065176,0,0,0
[13:17:45],[13:17:55],512,9845725,9845725,57156537,0.020701,14164384.263672,wb-edu.mtx,57156537,983.4375,0.875981592272,8
[13:19:26],[13:19:42],2048,6686493,6686493,7013978,0.007664,4734898.680664,italy_osm.mtx,11152452,981.364285714,1.60250123372,14
[13:21:23],[13:21:39],16384,1000005,1000005,3105536,0.000978,365.562622,webbase-1M.mtx,3105536,941.8,1.25242621682,14
[13:23:36],[13:23:51],262144,67759,67759,303364,0.000058,497.420151,k1_san.mtx,559774,969.076923077,1.57341072253,13
[13:51:01],[13:51:13],32,118142155,118142155,1019903190,0.373111,242799289.406250,webbase-2001.mtx,1019903190,963.79,1.06531685427,10
[13:52:52],[13:53:10],2048,2063494,2063494,8130343,0.008735,3669666.690430,kkt_power.mtx,14612663,968.45,1.256980509,16
[13:54:42],[13:54:55],4096,685230,685230,7600595,0.003091,744944.356934,web-BerkStan.mtx,7600595,0,0,0
[13:56:39],[13:56:51],8192,916428,916428,5105039,0.001455,343216.768066,web-Google.mtx,5105039,977.59,0.821522975942,10
[13:58:45],[13:59:01],32768,325729,325729,1497134,0.000490,344.381897,web-NotreDame.mtx,1497134,922.578571429,1.26331682002,14
[14:00:50],[14:01:01],32768,281903,281903,2312497,0.000316,189.700287,web-Stanford.mtx,2312497,970.833333333,1.12546286774,9
[14:04:10],[14:04:20],512,1634989,1634989,19753078,0.019734,4771566.183594,wikipedia-20051105.mtx,19753078,936.0125,1.1709371247,8
[14:06:20],[14:06:31],256,2983494,2983494,37269096,0.039388,11273250.718750,wikipedia-20060925.mtx,37269096,940.566666667,1.12249721603,9
[14:08:35],[14:08:45],256,3148440,3148440,39383235,0.041831,12159249.246094,wikipedia-20061104.mtx,39383235,941.6125,1.06821989777,8
[14:10:58],[14:11:10],256,3566907,3566907,45030389,0.047689,14632872.542969,wikipedia-20070206.mtx,45030389,944.58,1.17541482039,10
[14:12:29],[14:12:40],256,2394385,2394385,5021410,0.043841,1653878.347656,wiki-Talk.mtx,5021410,918.9,0.752772652709,9
[14:16:01],[14:16:18],8192,108384,108384,5138004,0.002082,1680887.070801,x104.mtx,10167624,985.66,1.85429231784,15
[14:18:31],[14:18:50],262144,48600,48600,1181120,0.000073,507.247375,xenon1.mtx,1181120,987.482352941,1.6478989454,17
[14:20:45],[14:21:02],65536,67173,67173,3833077,0.000259,509.693253,laminar_duct3D.mtx,3833077,948.073333333,1.77443574756,15
[14:22:53],[14:23:07],65536,157464,157464,3866688,0.000208,551.735062,xenon2.mtx,3866688,986.433333333,1.26051136008,9
[14:24:59],[14:25:19],65536,399130,399130,1216334,0.000300,277.173340,language.mtx,1216334,943.6,2.14890152817,18
[14:27:19],[14:27:37],262144,22835,22835,676439,0.000070,558.420090,Zd_Jac2_db.mtx,676439,945.15625,1.86814371436,16
[14:29:26],[14:29:38],32768,440020,440020,5560100,0.000379,14334.888092,largebasis.mtx,5560100,1019.49,1.60714031746,10
[14:31:36],[14:31:54],131072,22835,22835,1642833,0.000144,489.575104,Zd_Jac2.mtx,1642833,952.6875,1.59643156759,16
[14:33:54],[14:34:06],1024,952203,952203,23737339,0.011993,9381628.365234,ldoor.mtx,46522475,980.22,0.898665677546,10
[14:36:08],[14:36:27],262144,22835,22835,713907,0.000074,552.126137,Zd_Jac3_db.mtx,713907,949.370588235,1.59954578328,17
[14:38:23],[14:38:37],262144,35152,35152,764014,0.000054,524.319969,lhr34c.mtx,764014,974.408333333,2.67409122673,12
[14:40:22],[14:40:33],65536,22835,22835,1916152,0.000163,486.100113,Zd_Jac3.mtx,1916152,937.855555556,0.860376030338,9
[14:42:29],[14:42:43],262144,35152,35152,764014,0.000054,479.017818,lhr34.mtx,764014,972.266666667,1.12348663642,12
[14:44:44],[14:45:04],262144,22835,22835,663643,0.000074,516.391930,Zd_Jac6_db.mtx,663643,948.755555556,1.62693379713,18
[14:46:54],[14:47:06],131072,70304,70304,1528092,0.000093,448.606987,lhr71c.mtx,1528092,990.4,1.08166538264,10
[14:48:50],[14:49:01],65536,22835,22835,1711983,0.000163,448.597855,Zd_Jac6.mtx,1711983,944.355555556,1.06051466658,9
