<<<[01:01:52] 646.2, 124.7, 5.225
[01:01:53] 646.7, 124.8, 5.127
[01:01:54] 638.6, 124.8, 5.127
[01:01:55] 638.5, 124.7, 5.277
[01:01:56] 657.7, 124.7, 5.287
[01:01:57] 657.5, 124.7, 5.314
[01:01:58] 657.2, 124.7, 5.169
[01:01:59] 642.6, 124.7, 5.133
[01:02:00] 642.0, 124.8, 5.129
[01:02:01] 641.4, 124.8, 5.128
[01:02:02] 640.9, 124.8, 5.126
[01:02:03] 710.1, 124.6, 5.141
[01:02:04] 661.1, 124.7, 5.126
[01:02:05] 637.3, 124.8, 5.104
[01:02:06] 637.2, 124.8, 5.126
[01:02:07] 637.2, 124.7, 5.130
[01:02:08] 705.4, 124.6, 5.137
[01:02:09] 661.3, 124.7, 5.127
[01:02:10] 637.3, 124.8, 5.121
[01:02:11] 637.2, 124.8, 5.111
[01:02:12] 637.1, 124.7, 5.127
[01:02:13] 702.6, 124.7, 5.138
[01:02:14] 662.1, 124.7, 5.124
[01:02:15] 637.1, 124.8, 5.123
[01:02:16] 637.1, 124.8, 5.121
[01:02:17] 637.0, 124.7, 5.120
[01:02:18] 700.8, 124.8, 5.134
[01:02:19] 662.4, 124.8, 5.117
[01:02:20] 636.3, 124.7, 5.121
[01:02:21] 636.3, 124.7, 5.101
[01:02:22] 636.3, 124.8, 5.119
[01:02:23] 698.7, 124.8, 5.137
[01:02:24] 663.8, 124.7, 5.127
[01:02:25] 637.1, 124.8, 5.121
[01:02:26] 637.1, 124.8, 5.120
[01:02:27] 637.0, 124.7, 5.119
[01:02:28] 695.7, 124.8, 5.134
[01:02:29] 664.8, 124.8, 5.122
[01:02:30] 636.9, 124.7, 5.123
[01:02:31] 636.9, 124.7, 5.120
[01:02:32] 636.9, 124.8, 5.118
[01:02:33] 691.6, 124.8, 5.134
[01:02:34] 666.0, 124.8, 5.119
[01:02:35] 636.9, 124.9, 5.119
[01:02:36] 636.8, 124.8, 5.124
[01:02:37] 636.8, 124.8, 5.097
[01:02:38] 684.7, 124.8, 5.134
[01:02:39] 666.8, 124.7, 5.126
[01:02:40] 637.1, 124.7, 5.121
[01:02:41] 637.0, 124.8, 5.122
[01:02:42] 637.0, 124.8, 5.121
[01:02:43] 672.1, 124.6, 5.332
[01:02:44] 718.2, 124.7, 5.123
[01:02:45] 637.1, 124.7, 5.120
[01:02:46] 637.0, 124.8, 5.118
[01:02:47] 637.0, 124.8, 5.118
[01:02:48] 636.9, 124.3, 7.068
[01:02:49] 780.0, 124.7, 5.126
[01:02:50] 637.1, 124.7, 5.120
[01:02:51] 637.0, 124.8, 5.121
[01:02:52] 637.0, 124.7, 5.120
[01:02:53] 637.0, 124.2, 7.550
[01:02:54] 849.6, 124.8, 5.143
[01:02:55] 670.7, 124.7, 5.127
[01:02:56] 638.4, 124.8, 5.122
[01:02:57] 638.2, 124.7, 5.122
[01:02:58] 638.0, 124.7, 5.117
[01:02:59] 710.3, 124.2, 7.636
[01:03:00] 932.9, 124.8, 5.152
[01:03:01] 672.5, 124.7, 5.129
[01:03:02] 637.6, 124.8, 5.122
[01:03:03] 637.5, 124.8, 5.119
[01:03:04] 637.4, 124.7, 5.121
[01:03:05] 713.0, 124.2, 7.641
[01:03:06] 949.8, 124.2, 7.669
[01:03:07] 921.5, 124.7, 5.140
[01:03:08] 638.8, 124.8, 5.131
[01:03:09] 638.7, 124.8, 5.108
[01:03:10] 638.5, 124.7, 5.126
[01:03:11] 638.4, 124.8, 5.123
[01:03:12] 718.5, 124.1, 7.647
[01:03:13] 950.8, 124.2, 7.665
[01:03:14] 951.0, 124.2, 7.672
[01:03:15] 951.3, 124.1, 7.682
[01:03:16] 922.1, 124.8, 5.150
[01:03:17] 640.0, 124.8, 5.140
[01:03:18] 639.9, 124.7, 5.135
[01:03:19] 639.7, 124.8, 5.128
[01:03:20] 639.4, 124.8, 5.126
[01:03:21] 733.3, 124.1, 7.656
[01:03:22] 951.8, 124.1, 7.666
[01:03:23] 951.9, 124.2, 7.677
[01:03:24] 952.2, 124.1, 7.683
[01:03:25] 952.6, 124.2, 7.686
[01:03:26] 952.9, 124.1, 7.696
[01:03:27] 953.4, 124.1, 7.699
[01:03:28] 953.9, 124.2, 7.701
[01:03:29] 919.3, 124.7, 5.161
[01:03:30] 641.6, 124.8, 5.150
[01:03:31] 641.4, 124.7, 5.146
[01:03:32] 641.3, 124.8, 5.140
[01:03:33] 641.1, 124.7, 5.136
[01:03:34] 766.0, 124.0, 7.664
[01:03:35] 952.8, 124.2, 7.681
[01:03:36] 953.0, 124.1, 7.693
[01:03:37] 953.4, 124.2, 7.692
[01:03:38] 953.7, 124.1, 7.701
[01:03:39] 954.2, 124.1, 7.708
[01:03:40] 954.6, 124.1, 7.710
[01:03:41] 955.1, 124.2, 7.712
[01:03:42] 955.6, 124.2, 7.716
[01:03:43] 956.0, 124.1, 7.718
[01:03:44] 956.5, 124.1, 7.726
[01:03:45] 956.9, 124.0, 7.718
[01:03:46] 957.1, 124.2, 7.715
[01:03:47] 957.4, 124.0, 7.719
[01:03:48] 957.6, 124.1, 7.728
[01:03:49] 957.9, 124.6, 5.851
[01:03:50] 769.5, 124.8, 5.169
[01:03:51] 642.4, 124.7, 5.154
[01:03:52] 642.2, 124.8, 5.150
[01:03:53] 641.9, 124.7, 5.143
