<<<[08:35:46] 657.9, 123.9, 5.200
[08:35:47] 644.9, 124.0, 5.216
[08:35:48] 644.9, 124.0, 5.460
[08:35:49] 672.5, 123.9, 5.234
[08:35:50] 649.5, 123.9, 5.199
[08:35:51] 648.9, 124.0, 5.217
[08:35:52] 648.4, 123.9, 5.223
[08:35:53] 648.0, 123.9, 5.218
[08:35:54] 676.8, 123.9, 5.273
[08:35:55] 706.0, 124.0, 5.217
[08:35:56] 644.5, 124.0, 5.213
[08:35:57] 644.5, 123.9, 5.204
[08:35:58] 644.4, 123.9, 5.194
[08:35:59] 668.6, 123.9, 5.293
[08:36:00] 707.1, 123.9, 5.217
[08:36:01] 644.5, 123.9, 5.214
[08:36:02] 644.4, 124.0, 5.192
[08:36:03] 644.3, 123.8, 5.210
[08:36:04] 667.2, 123.9, 5.299
[08:36:05] 708.1, 124.0, 5.216
[08:36:06] 644.1, 123.9, 5.190
[08:36:07] 644.0, 124.0, 5.212
[08:36:08] 644.0, 123.9, 5.206
[08:36:09] 665.8, 123.9, 5.302
[08:36:10] 708.9, 123.9, 5.198
[08:36:11] 644.1, 123.9, 5.208
[08:36:12] 644.0, 123.9, 5.210
[08:36:13] 644.0, 123.9, 5.201
[08:36:14] 664.0, 124.0, 5.282
[08:36:15] 709.1, 124.0, 5.209
[08:36:16] 643.9, 123.9, 5.209
[08:36:17] 643.8, 124.0, 5.203
[08:36:18] 643.8, 124.0, 5.187
[08:36:19] 661.7, 124.0, 5.307
[08:36:20] 710.7, 123.9, 5.204
[08:36:21] 643.6, 123.9, 5.208
[08:36:22] 643.5, 123.9, 5.189
[08:36:23] 643.5, 123.9, 5.207
[08:36:24] 659.1, 123.9, 5.316
[08:36:25] 711.7, 124.0, 5.207
[08:36:26] 643.6, 124.0, 5.184
[08:36:27] 643.5, 124.0, 5.208
[08:36:28] 643.5, 124.0, 5.202
[08:36:29] 655.8, 123.9, 5.309
[08:36:30] 712.2, 124.0, 5.183
[08:36:31] 642.8, 124.0, 5.205
[08:36:32] 642.8, 123.9, 5.200
[08:36:33] 642.8, 124.1, 5.200
[08:36:34] 643.2, 123.9, 5.313
[08:36:35] 718.0, 123.9, 5.207
[08:36:36] 643.4, 124.0, 5.205
[08:36:37] 643.3, 123.8, 5.209
[08:36:38] 643.3, 123.9, 5.187
[08:36:39] 643.3, 123.6, 6.697
[08:36:40] 762.2, 123.9, 5.209
[08:36:41] 643.6, 123.9, 5.203
[08:36:42] 643.5, 123.9, 5.184
[08:36:43] 643.4, 124.0, 5.203
[08:36:44] 643.4, 123.4, 7.242
[08:36:45] 795.1, 123.9, 5.202
[08:36:46] 643.2, 123.8, 5.198
[08:36:47] 643.2, 123.8, 5.208
[08:36:48] 643.2, 123.9, 5.206
[08:36:49] 643.2, 123.2, 7.658
[08:36:50] 837.0, 124.0, 5.205
[08:36:51] 669.7, 124.0, 5.211
[08:36:52] 643.7, 123.8, 5.211
[08:36:53] 643.6, 123.9, 5.206
[08:36:54] 643.6, 123.8, 5.191
[08:36:55] 730.0, 123.3, 7.812
[08:36:56] 912.2, 123.8, 5.218
[08:36:57] 644.3, 123.9, 5.210
[08:36:58] 644.2, 124.0, 5.191
[08:36:59] 644.1, 123.9, 5.213
[08:37:00] 644.1, 123.7, 5.509
[08:37:01] 802.6, 123.2, 7.921
[08:37:02] 977.6, 123.8, 5.398
[08:37:03] 729.0, 124.0, 5.220
[08:37:04] 644.7, 124.0, 5.213
[08:37:05] 644.6, 123.9, 5.211
[08:37:06] 644.5, 123.9, 5.190
[08:37:07] 644.3, 123.2, 7.905
[08:37:08] 953.2, 123.1, 7.940
[08:37:09] 979.2, 123.2, 7.946
[08:37:10] 979.3, 123.5, 7.184
[08:37:11] 791.2, 123.9, 5.230
[08:37:12] 646.1, 123.8, 5.224
[08:37:13] 645.9, 123.8, 5.218
[08:37:14] 645.8, 123.9, 5.198
[08:37:15] 645.5, 123.1, 7.880
[08:37:16] 922.7, 123.1, 7.952
[08:37:17] 980.0, 123.2, 7.956
[08:37:18] 980.1, 123.1, 7.967
[08:37:19] 980.3, 123.1, 7.979
[08:37:20] 980.7, 123.0, 7.979
[08:37:21] 981.1, 123.3, 7.364
[08:37:22] 861.7, 123.7, 5.234
[08:37:23] 647.7, 123.7, 5.246
[08:37:24] 647.8, 123.8, 5.240
[08:37:25] 647.8, 123.9, 5.234
[08:37:26] 647.8, 123.3, 7.695
[08:37:27] 865.2, 123.2, 7.939
[08:37:28] 980.3, 123.3, 7.962
[08:37:29] 980.5, 123.3, 7.974
[08:37:30] 980.9, 123.3, 7.973
[08:37:31] 981.4, 123.3, 7.976
[08:37:32] 981.8, 123.2, 7.975
[08:37:33] 982.2, 123.3, 7.985
[08:37:34] 982.6, 123.3, 7.990
[08:37:35] 983.1, 123.2, 7.972
[08:37:36] 983.5, 123.3, 7.988
[08:37:37] 983.8, 123.3, 7.990
[08:37:38] 984.1, 123.3, 7.994
[08:37:39] 881.3, 123.9, 5.253
[08:37:40] 649.1, 123.9, 5.243
[08:37:41] 648.9, 124.0, 5.231
[08:37:42] 648.7, 123.9, 5.210
<<<[08:39:31] 645.9, 123.8, 5.196
[08:39:32] 645.8, 123.8, 5.196
[08:39:33] 645.6, 123.9, 5.199
[08:39:34] 646.2, 123.9, 5.333
[08:39:35] 656.3, 124.0, 5.200
[08:39:36] 646.1, 123.9, 5.196
[08:39:37] 646.0, 124.0, 5.199
[08:39:38] 646.0, 124.0, 5.193
[08:39:39] 645.8, 124.0, 5.192
[08:39:40] 738.0, 124.0, 5.198
[08:39:41] 644.7, 123.9, 5.194
[08:39:42] 644.6, 124.0, 5.191
[08:39:43] 644.5, 123.9, 5.193
[08:39:44] 644.4, 124.0, 5.187
[08:39:45] 732.3, 124.0, 5.200
[08:39:46] 644.3, 123.9, 5.189
[08:39:47] 644.2, 124.0, 5.190
[08:39:48] 644.1, 123.9, 5.190
[08:39:49] 644.1, 123.9, 5.191
[08:39:50] 732.7, 124.0, 5.194
[08:39:51] 643.6, 124.0, 5.186
[08:39:52] 643.6, 124.0, 5.188
[08:39:53] 643.6, 124.0, 5.189
[08:39:54] 643.6, 124.0, 5.190
[08:39:55] 732.1, 123.9, 5.199
[08:39:56] 643.6, 123.9, 5.192
[08:39:57] 643.7, 124.0, 5.192
[08:39:58] 643.8, 123.9, 5.190
[08:39:59] 643.7, 123.9, 5.194
[08:40:00] 731.1, 123.9, 5.198
[08:40:01] 643.9, 123.9, 5.195
[08:40:02] 643.9, 123.9, 5.193
[08:40:03] 643.9, 123.8, 5.193
[08:40:04] 643.8, 123.8, 5.194
[08:40:05] 730.2, 123.9, 5.205
[08:40:06] 644.5, 123.8, 5.194
[08:40:07] 644.3, 123.9, 5.193
[08:40:08] 644.3, 123.8, 5.192
[08:40:09] 644.2, 123.9, 5.192
[08:40:10] 728.2, 123.8, 5.203
[08:40:11] 644.7, 123.7, 5.202
[08:40:12] 644.6, 123.9, 5.194
[08:40:13] 644.5, 123.9, 5.195
[08:40:14] 644.5, 123.7, 5.196
[08:40:15] 725.0, 123.7, 5.206
[08:40:16] 645.9, 123.9, 5.195
[08:40:17] 645.6, 123.9, 5.195
[08:40:18] 645.5, 123.9, 5.193
[08:40:19] 645.4, 123.9, 5.195
[08:40:20] 721.1, 123.9, 5.197
[08:40:21] 646.7, 123.9, 5.192
[08:40:22] 646.4, 124.0, 5.191
[08:40:23] 646.0, 123.9, 5.192
[08:40:24] 645.8, 123.8, 5.191
[08:40:25] 711.9, 123.9, 5.241
[08:40:26] 696.7, 124.0, 5.189
[08:40:27] 643.7, 124.0, 5.189
[08:40:28] 643.7, 123.9, 5.190
[08:40:29] 643.7, 123.9, 5.191
[08:40:30] 692.2, 123.9, 5.855
[08:40:31] 749.8, 124.0, 5.189
[08:40:32] 644.1, 124.0, 5.189
[08:40:33] 644.0, 124.0, 5.188
[08:40:34] 644.0, 124.0, 5.186
[08:40:35] 643.9, 123.4, 7.421
[08:40:36] 867.0, 124.0, 5.194
[08:40:37] 644.5, 124.0, 5.192
[08:40:38] 644.5, 124.0, 5.189
[08:40:39] 644.4, 124.0, 5.189
[08:40:40] 644.3, 123.4, 7.139
[08:40:41] 833.1, 123.9, 5.970
[08:40:42] 766.4, 124.0, 5.195
[08:40:43] 644.7, 124.0, 5.190
[08:40:44] 644.6, 124.0, 5.188
[08:40:45] 644.5, 124.1, 5.190
[08:40:46] 644.4, 123.2, 7.871
[08:40:47] 913.0, 123.3, 7.945
[08:40:48] 953.6, 124.0, 5.212
[08:40:49] 655.2, 124.0, 5.202
[08:40:50] 645.5, 123.9, 5.197
[08:40:51] 645.3, 124.0, 5.199
[08:40:52] 645.2, 124.0, 5.194
[08:40:53] 742.2, 123.2, 7.937
[08:40:54] 979.8, 123.2, 7.953
[08:40:55] 979.9, 123.3, 7.950
[08:40:56] 958.1, 123.9, 5.224
[08:40:57] 658.3, 123.9, 5.208
[08:40:58] 645.9, 124.0, 5.201
[08:40:59] 645.7, 123.9, 5.201
[08:41:00] 645.6, 123.9, 5.198
[08:41:01] 736.7, 123.3, 7.943
[08:41:02] 980.1, 123.2, 7.956
[08:41:03] 980.3, 123.2, 7.974
[08:41:04] 980.7, 123.3, 7.975
[08:41:05] 981.2, 123.3, 7.969
[08:41:06] 981.7, 123.2, 7.988
[08:41:07] 963.2, 124.0, 5.236
[08:41:08] 662.3, 124.0, 5.215
[08:41:09] 647.1, 124.0, 5.209
[08:41:10] 647.0, 124.1, 5.202
[08:41:11] 646.8, 124.1, 5.198
[08:41:12] 729.0, 123.3, 7.940
[08:41:13] 981.1, 123.3, 7.962
[08:41:14] 981.4, 123.4, 7.974
[08:41:15] 981.8, 123.2, 7.968
[08:41:16] 982.2, 123.2, 7.987
[08:41:17] 982.7, 123.3, 8.006
[08:41:18] 987.8, 123.3, 8.000
[08:41:19] 987.7, 123.2, 7.999
[08:41:20] 987.7, 123.3, 8.005
[08:41:21] 987.7, 123.2, 8.010
[08:41:22] 987.8, 123.2, 8.013
[08:41:23] 987.9, 123.2, 8.015
[08:41:24] 919.9, 123.9, 5.356
[08:41:25] 664.2, 123.9, 5.235
[08:41:26] 650.2, 123.9, 5.222
[08:41:27] 649.8, 123.9, 5.218
[08:41:28] 649.4, 123.9, 5.213
