<<<[22:12:26] 637.1, 123.5, 5.158
[22:12:27] 637.1, 123.5, 5.151
[22:12:28] 637.2, 123.5, 5.151
[22:12:29] 637.7, 123.5, 5.215
[22:12:30] 643.6, 123.5, 5.159
[22:12:31] 637.1, 123.5, 5.158
[22:12:32] 637.1, 123.5, 5.158
[22:12:33] 637.1, 123.5, 5.156
[22:12:34] 637.2, 123.0, 7.074
[22:12:35] 733.1, 123.5, 5.156
[22:12:36] 637.5, 123.5, 5.156
[22:12:37] 637.4, 123.5, 5.149
[22:12:38] 637.3, 123.5, 5.151
[22:12:39] 637.2, 123.0, 7.073
[22:12:40] 730.8, 123.6, 5.154
[22:12:41] 637.1, 123.4, 5.153
[22:12:42] 637.0, 123.5, 5.150
[22:12:43] 637.0, 123.6, 5.152
[22:12:44] 637.0, 123.1, 7.053
[22:12:45] 730.8, 123.5, 5.152
[22:12:46] 636.7, 123.6, 5.158
[22:12:47] 636.7, 123.5, 5.150
[22:12:48] 636.7, 123.6, 5.150
[22:12:49] 636.7, 123.1, 7.047
[22:12:50] 730.4, 123.5, 5.151
[22:12:51] 636.9, 123.5, 5.151
[22:12:52] 636.9, 123.6, 5.148
[22:12:53] 636.8, 123.6, 5.148
[22:12:54] 636.7, 123.1, 7.025
[22:12:55] 730.0, 123.5, 5.155
[22:12:56] 636.9, 123.5, 5.157
[22:12:57] 636.9, 123.5, 5.146
[22:12:58] 636.8, 123.6, 5.147
[22:12:59] 636.8, 123.1, 7.011
[22:13:00] 729.0, 123.6, 5.151
[22:13:01] 637.1, 123.6, 5.148
[22:13:02] 637.0, 123.4, 5.154
[22:13:03] 636.9, 123.5, 5.148
[22:13:04] 636.8, 123.2, 6.987
[22:13:05] 728.2, 123.5, 5.155
[22:13:06] 636.7, 123.4, 5.149
[22:13:07] 636.7, 123.5, 5.158
[22:13:08] 636.7, 123.5, 5.153
[22:13:09] 636.7, 123.0, 6.963
[22:13:10] 725.6, 123.5, 5.153
[22:13:11] 636.7, 123.5, 5.154
[22:13:12] 636.6, 123.5, 5.150
[22:13:13] 636.6, 123.5, 5.149
[22:13:14] 636.6, 123.0, 6.922
[22:13:15] 722.1, 123.5, 5.155
[22:13:16] 636.9, 123.4, 5.153
[22:13:17] 636.8, 123.4, 5.151
[22:13:18] 636.8, 123.5, 5.150
[22:13:19] 636.8, 123.1, 6.869
[22:13:20] 715.2, 123.5, 5.150
[22:13:21] 636.7, 123.6, 5.156
[22:13:22] 636.7, 123.5, 5.148
[22:13:23] 636.6, 123.5, 5.143
[22:13:24] 636.6, 123.4, 5.362
[22:13:25] 748.9, 123.5, 5.156
[22:13:26] 636.7, 123.5, 5.152
[22:13:27] 636.7, 123.5, 5.147
[22:13:28] 636.7, 123.5, 5.154
[22:13:29] 636.6, 123.6, 5.147
[22:13:30] 732.1, 123.4, 5.407
[22:13:31] 721.5, 123.6, 5.154
[22:13:32] 636.9, 123.6, 5.146
[22:13:33] 636.8, 123.6, 5.147
[22:13:34] 636.8, 123.6, 5.145
[22:13:35] 636.8, 123.0, 7.674
[22:13:36] 905.2, 123.5, 5.155
[22:13:37] 637.1, 123.6, 5.156
[22:13:38] 637.1, 123.6, 5.148
[22:13:39] 637.1, 123.5, 5.149
[22:13:40] 637.0, 123.6, 5.148
[22:13:41] 733.9, 122.9, 7.693
[22:13:42] 946.7, 123.5, 5.453
[22:13:43] 724.7, 123.6, 5.160
[22:13:44] 638.0, 123.5, 5.156
[22:13:45] 637.8, 123.5, 5.150
[22:13:46] 637.8, 123.6, 5.152
[22:13:47] 637.8, 122.9, 7.685
[22:13:48] 946.1, 122.9, 7.708
[22:13:49] 946.5, 123.0, 7.723
[22:13:50] 916.0, 123.5, 5.170
[22:13:51] 639.2, 123.6, 5.166
[22:13:52] 639.1, 123.5, 5.158
[22:13:53] 638.9, 123.5, 5.152
[22:13:54] 638.7, 123.6, 5.150
[22:13:55] 755.4, 122.9, 7.699
[22:13:56] 948.1, 123.0, 7.726
[22:13:57] 948.4, 122.9, 7.730
[22:13:58] 948.9, 123.0, 7.737
[22:13:59] 949.4, 122.9, 7.740
[22:14:00] 943.9, 123.6, 5.211
[22:14:01] 681.5, 123.6, 5.170
[22:14:02] 639.8, 123.6, 5.162
[22:14:03] 639.6, 123.5, 5.166
[22:14:04] 639.4, 123.7, 5.158
[22:14:05] 682.9, 122.9, 7.703
[22:14:06] 948.9, 123.0, 7.725
[22:14:07] 949.1, 122.9, 7.737
[22:14:08] 949.5, 122.9, 7.741
[22:14:09] 950.0, 122.9, 7.752
[22:14:10] 950.5, 123.0, 7.756
[22:14:11] 951.1, 122.9, 7.758
[22:14:12] 951.6, 122.9, 7.764
[22:14:13] 952.1, 122.9, 7.763
[22:14:14] 952.6, 123.0, 7.759
[22:14:15] 952.9, 123.5, 5.436
[22:14:16] 740.2, 123.6, 5.185
[22:14:17] 641.2, 123.5, 5.177
[22:14:18] 641.0, 123.6, 5.171
[22:14:19] 640.9, 123.5, 5.170
