<<<[12:08:57] 643.4, 122.8, 5.243
[12:08:58] 643.3, 122.8, 5.244
[12:08:59] 643.2, 122.8, 5.417
[12:09:00] 663.4, 122.7, 5.399
[12:09:01] 663.2, 122.8, 5.368
[12:09:02] 655.2, 122.7, 5.249
[12:09:03] 643.0, 122.8, 5.251
[12:09:04] 642.9, 122.9, 5.252
[12:09:05] 643.0, 122.7, 5.250
[12:09:06] 642.9, 122.4, 6.621
[12:09:07] 738.8, 122.8, 5.250
[12:09:08] 642.6, 122.7, 5.251
[12:09:09] 642.6, 122.7, 5.251
[12:09:10] 642.6, 122.7, 5.251
[12:09:11] 642.6, 122.3, 6.525
[12:09:12] 736.5, 122.7, 5.254
[12:09:13] 642.6, 122.8, 5.248
[12:09:14] 642.6, 122.7, 5.252
[12:09:15] 642.6, 122.8, 5.248
[12:09:16] 642.5, 122.3, 6.462
[12:09:17] 736.7, 122.7, 5.250
[12:09:18] 642.8, 122.8, 5.247
[12:09:19] 642.7, 122.8, 5.250
[12:09:20] 642.7, 122.6, 5.251
[12:09:21] 642.6, 122.3, 6.386
[12:09:22] 736.5, 122.7, 5.260
[12:09:23] 643.2, 122.6, 5.256
[12:09:24] 643.1, 122.7, 5.255
[12:09:25] 643.0, 122.7, 5.249
[12:09:26] 643.0, 122.3, 6.298
[12:09:27] 736.1, 122.7, 5.259
[12:09:28] 643.0, 122.6, 5.258
[12:09:29] 643.0, 122.8, 5.251
[12:09:30] 642.9, 122.6, 5.256
[12:09:31] 642.9, 122.4, 6.189
[12:09:32] 735.3, 122.7, 5.256
[12:09:33] 643.0, 122.6, 5.257
[12:09:34] 642.9, 122.7, 5.256
[12:09:35] 642.9, 122.6, 5.256
[12:09:36] 642.9, 122.4, 6.020
[12:09:37] 733.5, 122.6, 5.258
[12:09:38] 643.0, 122.7, 5.255
[12:09:39] 643.0, 122.7, 5.237
[12:09:40] 642.9, 122.7, 5.255
[12:09:41] 642.9, 122.6, 5.439
[12:09:42] 729.4, 122.6, 5.256
[12:09:43] 643.2, 122.7, 5.257
[12:09:44] 643.1, 122.7, 5.255
[12:09:45] 643.1, 122.6, 5.254
[12:09:46] 643.0, 122.7, 5.256
[12:09:47] 722.9, 122.7, 5.252
[12:09:48] 643.0, 122.6, 5.255
[12:09:49] 643.0, 122.7, 5.253
[12:09:50] 642.9, 122.7, 5.246
[12:09:51] 642.8, 122.7, 5.251
[12:09:52] 739.2, 122.7, 5.266
[12:09:53] 661.5, 122.8, 5.249
[12:09:54] 643.0, 122.8, 5.250
[12:09:55] 642.9, 122.9, 5.246
[12:09:56] 642.9, 122.8, 5.247
[12:09:57] 695.1, 122.7, 6.572
[12:09:58] 774.6, 122.7, 5.255
[12:09:59] 643.2, 122.8, 5.251
[12:10:00] 643.1, 122.8, 5.250
[12:10:01] 643.1, 122.8, 5.250
[12:10:02] 643.0, 122.0, 7.875
[12:10:03] 895.9, 122.7, 5.267
[12:10:04] 664.6, 122.7, 5.264
[12:10:05] 643.6, 122.7, 5.257
[12:10:06] 643.5, 122.8, 5.249
[12:10:07] 643.4, 122.7, 5.252
[12:10:08] 681.7, 122.0, 7.919
[12:10:09] 967.7, 122.4, 6.781
[12:10:10] 785.5, 122.7, 5.273
[12:10:11] 644.7, 122.7, 5.261
[12:10:12] 644.5, 122.7, 5.258
[12:10:13] 644.4, 122.6, 5.258
[12:10:14] 644.2, 122.0, 7.846
[12:10:15] 885.1, 122.0, 7.943
[12:10:16] 970.3, 122.0, 7.965
[12:10:17] 970.5, 122.6, 5.436
[12:10:18] 720.5, 122.6, 5.273
[12:10:19] 644.9, 122.7, 5.268
[12:10:20] 644.7, 122.7, 5.265
[12:10:21] 644.6, 122.7, 5.258
[12:10:22] 644.6, 121.9, 7.933
[12:10:23] 969.1, 122.1, 7.958
[12:10:24] 969.5, 122.1, 7.961
[12:10:25] 969.9, 122.0, 7.971
[12:10:26] 970.5, 122.1, 7.980
[12:10:27] 971.1, 122.2, 7.681
[12:10:28] 862.0, 122.7, 5.289
[12:10:29] 646.9, 122.7, 5.274
[12:10:30] 646.7, 122.8, 5.269
[12:10:31] 646.4, 122.8, 5.266
[12:10:32] 646.2, 122.2, 6.641
[12:10:33] 816.2, 122.1, 7.954
[12:10:34] 972.3, 122.1, 7.970
[12:10:35] 972.4, 122.0, 7.980
[12:10:36] 972.8, 122.0, 7.985
[12:10:37] 973.2, 122.1, 7.989
[12:10:38] 973.6, 122.0, 7.993
[12:10:39] 973.9, 122.0, 7.993
[12:10:40] 974.4, 122.1, 8.012
[12:10:41] 974.9, 122.0, 8.011
[12:10:42] 975.4, 121.9, 8.008
[12:10:43] 975.8, 122.6, 6.137
[12:10:44] 784.5, 122.7, 5.301
[12:10:45] 648.3, 122.7, 5.285
[12:10:46] 648.1, 122.7, 5.280
[12:10:47] 647.9, 122.8, 5.273
