<<<[19:59:03] 638.2, 122.9, 5.185
[19:59:04] 638.1, 123.0, 5.184
[19:59:05] 638.1, 122.9, 5.177
[19:59:06] 644.5, 122.9, 5.303
[19:59:07] 654.4, 122.9, 5.332
[19:59:08] 654.4, 122.9, 5.300
[19:59:09] 654.3, 122.9, 5.321
[19:59:10] 654.3, 123.0, 5.325
[19:59:11] 654.7, 122.9, 5.306
[19:59:12] 655.1, 122.9, 5.225
[19:59:13] 644.7, 122.9, 5.179
[19:59:14] 637.6, 122.9, 5.182
[19:59:15] 637.7, 122.9, 5.183
[19:59:16] 637.8, 122.9, 5.186
[19:59:17] 638.0, 122.5, 6.918
[19:59:18] 732.5, 122.9, 5.183
[19:59:19] 637.6, 123.0, 5.175
[19:59:20] 637.5, 122.9, 5.174
[19:59:21] 637.4, 122.9, 5.178
[19:59:22] 637.4, 122.4, 6.881
[19:59:23] 730.8, 122.9, 5.179
[19:59:24] 637.1, 122.8, 5.182
[19:59:25] 637.1, 122.9, 5.178
[19:59:26] 637.0, 122.8, 5.179
[19:59:27] 637.0, 122.4, 6.847
[19:59:28] 730.0, 122.8, 5.179
[19:59:29] 637.5, 122.9, 5.177
[19:59:30] 637.4, 123.0, 5.177
[19:59:31] 637.4, 122.9, 5.172
[19:59:32] 637.3, 122.5, 6.807
[19:59:33] 729.2, 123.0, 5.178
[19:59:34] 637.1, 123.0, 5.174
[19:59:35] 637.1, 123.0, 5.176
[19:59:36] 637.2, 123.0, 5.175
[19:59:37] 637.4, 122.6, 6.760
[19:59:38] 728.0, 122.9, 5.176
[19:59:39] 637.1, 123.0, 5.172
[19:59:40] 637.1, 123.0, 5.174
[19:59:41] 637.0, 122.9, 5.172
[19:59:42] 636.9, 122.6, 6.690
[19:59:43] 724.8, 123.0, 5.167
[19:59:44] 636.3, 123.1, 5.167
[19:59:45] 636.3, 123.0, 5.168
[19:59:46] 636.2, 122.9, 5.164
[19:59:47] 636.2, 122.6, 6.543
[19:59:48] 719.9, 123.0, 5.180
[19:59:49] 637.1, 122.9, 5.176
[19:59:50] 637.0, 123.1, 5.168
[19:59:51] 636.9, 123.0, 5.170
[19:59:52] 636.8, 122.9, 5.218
[19:59:53] 758.9, 123.0, 5.177
[19:59:54] 637.5, 123.0, 5.170
[19:59:55] 637.3, 123.0, 5.168
[19:59:56] 637.2, 123.0, 5.170
[19:59:57] 637.1, 123.0, 5.169
[19:59:58] 739.4, 123.0, 5.219
[19:59:59] 687.1, 122.9, 5.172
[20:00:00] 636.7, 122.9, 5.174
[20:00:01] 636.7, 123.0, 5.173
[20:00:02] 636.6, 123.0, 5.171
[20:00:03] 674.8, 122.4, 7.255
[20:00:04] 813.4, 122.9, 5.176
[20:00:05] 637.5, 123.0, 5.175
[20:00:06] 637.4, 123.0, 5.176
[20:00:07] 637.3, 122.9, 5.170
[20:00:08] 637.2, 122.3, 7.652
[20:00:09] 853.8, 122.5, 7.225
[20:00:10] 808.9, 123.0, 5.189
[20:00:11] 638.6, 123.0, 5.177
[20:00:12] 638.4, 123.0, 5.170
[20:00:13] 638.2, 123.0, 5.169
[20:00:14] 637.9, 122.4, 7.802
[20:00:15] 885.7, 122.4, 7.886
[20:00:16] 966.8, 122.9, 5.950
[20:00:17] 747.1, 123.0, 5.183
[20:00:18] 638.4, 123.1, 5.180
[20:00:19] 638.3, 123.1, 5.175
[20:00:20] 638.1, 123.0, 5.171
[20:00:21] 638.0, 122.3, 7.869
[20:00:22] 953.0, 122.4, 7.903
[20:00:23] 968.1, 122.3, 7.909
[20:00:24] 968.2, 122.3, 7.928
[20:00:25] 897.3, 123.0, 5.192
[20:00:26] 639.4, 122.9, 5.184
[20:00:27] 639.2, 123.0, 5.177
[20:00:28] 639.0, 123.0, 5.175
[20:00:29] 638.8, 122.9, 5.170
[20:00:30] 765.0, 122.3, 7.903
[20:00:31] 967.4, 122.3, 7.914
[20:00:32] 967.6, 122.2, 7.922
[20:00:33] 968.0, 122.3, 7.933
[20:00:34] 968.4, 122.2, 7.933
[20:00:35] 968.9, 122.3, 7.942
[20:00:36] 969.3, 122.2, 7.943
[20:00:37] 951.8, 123.0, 5.215
[20:00:38] 652.0, 123.0, 5.194
[20:00:39] 639.8, 123.0, 5.190
[20:00:40] 639.6, 123.0, 5.181
[20:00:41] 639.5, 123.0, 5.179
[20:00:42] 719.7, 122.3, 7.904
[20:00:43] 968.5, 122.4, 7.917
[20:00:44] 968.7, 122.3, 7.921
[20:00:45] 968.9, 122.3, 7.928
[20:00:46] 969.3, 122.4, 7.940
[20:00:47] 969.7, 122.4, 7.938
[20:00:48] 970.1, 122.4, 7.944
[20:00:49] 970.5, 122.4, 7.945
[20:00:50] 970.9, 122.3, 7.954
[20:00:51] 971.4, 122.3, 7.958
[20:00:52] 971.8, 122.4, 7.959
[20:00:53] 972.1, 122.2, 7.960
[20:00:54] 972.5, 122.3, 7.956
[20:00:55] 972.7, 122.3, 7.961
[20:00:56] 973.0, 122.9, 5.230
[20:00:57] 657.7, 123.0, 5.206
[20:00:58] 641.0, 123.0, 5.202
[20:00:59] 640.9, 123.1, 5.196
[20:01:00] 640.8, 122.9, 5.193
