<<<[12:12:19] 644.3, 122.6, 5.258
[12:12:20] 644.4, 122.7, 5.240
[12:12:21] 644.2, 122.5, 5.364
[12:12:22] 659.1, 122.5, 5.422
[12:12:23] 659.5, 122.6, 5.479
[12:12:24] 659.6, 122.7, 5.263
[12:12:25] 645.1, 122.7, 5.260
[12:12:26] 645.0, 122.6, 5.260
[12:12:27] 644.9, 122.7, 5.265
[12:12:28] 644.9, 122.7, 5.268
[12:12:29] 726.8, 122.7, 5.245
[12:12:30] 656.0, 122.7, 5.248
[12:12:31] 643.0, 122.6, 5.238
[12:12:32] 643.0, 122.6, 5.237
[12:12:33] 643.0, 122.6, 5.239
[12:12:34] 722.3, 122.6, 5.262
[12:12:35] 657.9, 122.6, 5.241
[12:12:36] 643.6, 122.5, 5.240
[12:12:37] 643.5, 122.6, 5.238
[12:12:38] 643.4, 122.6, 5.251
[12:12:39] 720.5, 122.6, 5.248
[12:12:40] 659.7, 122.7, 5.239
[12:12:41] 643.2, 122.6, 5.239
[12:12:42] 643.1, 122.7, 5.251
[12:12:43] 643.1, 122.7, 5.238
[12:12:44] 717.8, 122.7, 5.246
[12:12:45] 661.7, 122.7, 5.240
[12:12:46] 643.6, 122.7, 5.246
[12:12:47] 643.5, 122.7, 5.235
[12:12:48] 643.4, 122.7, 5.234
[12:12:49] 715.4, 122.7, 5.246
[12:12:50] 663.4, 122.7, 5.253
[12:12:51] 643.2, 122.8, 5.238
[12:12:52] 643.2, 122.7, 5.233
[12:12:53] 643.1, 122.6, 5.235
[12:12:54] 712.6, 122.6, 5.263
[12:12:55] 665.2, 122.6, 5.239
[12:12:56] 643.2, 122.6, 5.238
[12:12:57] 643.2, 122.6, 5.237
[12:12:58] 643.1, 122.6, 5.252
[12:12:59] 710.3, 122.7, 5.250
[12:13:00] 667.2, 122.7, 5.239
[12:13:01] 643.2, 122.7, 5.256
[12:13:02] 643.3, 122.6, 5.247
[12:13:03] 643.2, 122.6, 5.241
[12:13:04] 705.0, 122.6, 5.251
[12:13:05] 668.7, 122.7, 5.245
[12:13:06] 643.9, 122.7, 5.250
[12:13:07] 643.8, 122.6, 5.238
[12:13:08] 643.7, 122.7, 5.238
[12:13:09] 697.9, 122.7, 5.250
[12:13:10] 670.7, 122.8, 5.249
[12:13:11] 643.2, 122.7, 5.237
[12:13:12] 643.2, 122.6, 5.237
[12:13:13] 643.2, 122.8, 5.236
[12:13:14] 684.5, 122.7, 5.439
[12:13:15] 722.3, 122.6, 5.240
[12:13:16] 643.6, 122.7, 5.240
[12:13:17] 643.5, 122.7, 5.237
[12:13:18] 643.5, 122.6, 5.242
[12:13:19] 643.5, 122.4, 7.183
[12:13:20] 789.8, 122.7, 5.241
[12:13:21] 643.9, 122.6, 5.243
[12:13:22] 643.8, 122.7, 5.251
[12:13:23] 643.8, 122.7, 5.240
[12:13:24] 643.7, 122.0, 7.805
[12:13:25] 859.9, 122.8, 5.261
[12:13:26] 676.6, 122.7, 5.255
[12:13:27] 643.7, 122.7, 5.240
[12:13:28] 643.7, 122.7, 5.240
[12:13:29] 643.7, 122.6, 5.240
[12:13:30] 688.6, 121.9, 7.959
[12:13:31] 969.7, 122.7, 5.498
[12:13:32] 728.2, 122.7, 5.246
[12:13:33] 644.3, 122.7, 5.241
[12:13:34] 644.2, 122.7, 5.242
[12:13:35] 644.1, 122.6, 5.237
[12:13:36] 651.6, 122.0, 7.955
[12:13:37] 973.3, 122.1, 7.983
[12:13:38] 973.6, 122.2, 7.316
[12:13:39] 796.5, 122.7, 5.257
[12:13:40] 645.9, 122.8, 5.261
[12:13:41] 645.9, 122.7, 5.259
[12:13:42] 645.8, 122.7, 5.256
[12:13:43] 645.6, 122.0, 7.923
[12:13:44] 909.7, 122.1, 7.985
[12:13:45] 975.6, 122.1, 7.995
[12:13:46] 975.8, 122.0, 8.007
[12:13:47] 976.1, 122.0, 8.017
[12:13:48] 937.0, 122.7, 5.275
[12:13:49] 647.5, 122.7, 5.263
[12:13:50] 647.3, 122.7, 5.259
[12:13:51] 647.1, 122.7, 5.253
[12:13:52] 646.9, 122.7, 5.247
[12:13:53] 767.8, 122.0, 7.988
[12:13:54] 975.8, 121.9, 8.002
[12:13:55] 976.0, 121.9, 8.014
[12:13:56] 976.4, 122.0, 8.014
[12:13:57] 976.7, 121.9, 8.026
[12:13:58] 977.2, 121.9, 8.028
[12:13:59] 977.6, 122.0, 8.034
[12:14:00] 978.2, 121.9, 8.039
[12:14:01] 978.7, 122.0, 7.723
[12:14:02] 880.4, 122.7, 5.297
[12:14:03] 649.3, 122.7, 5.273
[12:14:04] 649.0, 122.6, 5.268
[12:14:05] 648.7, 122.6, 5.264
[12:14:06] 648.4, 122.2, 6.652
[12:14:07] 819.9, 121.9, 8.005
[12:14:08] 977.6, 122.0, 8.011
[12:14:09] 977.7, 121.9, 8.028
[12:14:10] 978.1, 121.8, 8.033
[12:14:11] 978.5, 122.0, 8.044
[12:14:12] 979.0, 122.0, 8.045
[12:14:13] 979.4, 121.9, 8.047
[12:14:14] 979.8, 122.0, 8.045
[12:14:15] 980.2, 121.9, 8.055
[12:14:16] 980.7, 121.9, 8.057
[12:14:17] 981.1, 122.0, 8.055
[12:14:18] 981.4, 122.0, 8.060
[12:14:19] 981.8, 121.9, 8.062
[12:14:20] 982.2, 122.0, 8.063
[12:14:21] 982.5, 122.0, 8.067
[12:14:22] 982.9, 121.9, 8.066
[12:14:23] 983.2, 121.9, 8.066
[12:14:24] 983.5, 122.7, 5.339
[12:14:25] 703.6, 122.7, 5.290
[12:14:26] 649.9, 122.7, 5.288
[12:14:27] 649.7, 122.7, 5.272
