<<<[10:06:01] 651.8, 123.3, 5.267
[10:06:02] 651.4, 123.2, 5.264
[10:06:03] 651.2, 123.3, 5.266
[10:06:04] 659.9, 123.2, 5.396
[10:06:05] 660.3, 123.2, 5.269
[10:06:06] 649.9, 123.3, 5.250
[10:06:07] 649.8, 123.3, 5.253
[10:06:08] 649.8, 123.3, 5.252
[10:06:09] 649.7, 123.3, 5.257
[10:06:10] 713.6, 123.3, 5.312
[10:06:11] 683.9, 123.2, 5.260
[10:06:12] 648.9, 123.3, 5.258
[10:06:13] 648.8, 123.2, 5.250
[10:06:14] 648.8, 123.3, 5.260
[10:06:15] 710.5, 123.2, 5.283
[10:06:16] 681.3, 123.3, 5.267
[10:06:17] 649.3, 123.2, 5.263
[10:06:18] 649.3, 123.2, 5.261
[10:06:19] 649.2, 123.3, 5.256
[10:06:20] 708.3, 123.2, 5.275
[10:06:21] 681.7, 123.3, 5.260
[10:06:22] 648.5, 123.2, 5.259
[10:06:23] 648.5, 123.3, 5.247
[10:06:24] 648.5, 123.2, 5.257
[10:06:25] 706.1, 123.3, 5.275
[10:06:26] 683.7, 123.3, 5.256
[10:06:27] 648.5, 123.3, 5.247
[10:06:28] 648.6, 123.3, 5.261
[10:06:29] 648.8, 123.2, 5.256
[10:06:30] 705.4, 123.3, 5.267
[10:06:31] 684.7, 123.2, 5.251
[10:06:32] 648.1, 123.3, 5.253
[10:06:33] 648.0, 123.3, 5.242
[10:06:34] 648.1, 123.2, 5.253
[10:06:35] 702.4, 123.3, 5.277
[10:06:36] 685.5, 123.2, 5.247
[10:06:37] 648.1, 123.3, 5.253
[10:06:38] 648.0, 123.2, 5.252
[10:06:39] 648.0, 123.3, 5.251
[10:06:40] 700.2, 123.2, 5.273
[10:06:41] 687.1, 123.3, 5.254
[10:06:42] 647.9, 123.1, 5.257
[10:06:43] 647.9, 123.1, 5.255
[10:06:44] 647.9, 123.2, 5.253
[10:06:45] 697.3, 123.2, 5.282
[10:06:46] 687.8, 123.2, 5.248
[10:06:47] 649.3, 123.2, 5.255
[10:06:48] 649.2, 123.2, 5.256
[10:06:49] 649.2, 123.2, 5.242
[10:06:50] 693.4, 123.2, 5.276
[10:06:51] 692.8, 123.3, 5.246
[10:06:52] 648.1, 123.2, 5.249
[10:06:53] 648.1, 123.2, 5.237
[10:06:54] 647.9, 123.2, 5.256
[10:06:55] 687.4, 123.1, 5.284
[10:06:56] 687.7, 123.2, 5.249
[10:06:57] 647.9, 123.1, 5.257
[10:06:58] 647.9, 123.1, 5.257
[10:06:59] 647.8, 123.1, 5.255
[10:07:00] 676.6, 123.0, 5.658
[10:07:01] 741.0, 123.2, 5.253
[10:07:02] 647.9, 123.2, 5.251
[10:07:03] 647.8, 123.3, 5.251
[10:07:04] 647.8, 123.3, 5.250
[10:07:05] 647.8, 122.7, 7.274
[10:07:06] 800.2, 123.3, 5.250
[10:07:07] 649.1, 123.2, 5.242
[10:07:08] 649.0, 123.2, 5.243
[10:07:09] 648.9, 123.2, 5.248
[10:07:10] 648.7, 122.7, 7.694
[10:07:11] 862.0, 123.2, 5.266
[10:07:12] 648.1, 123.3, 5.249
[10:07:13] 648.0, 123.2, 5.249
[10:07:14] 648.0, 123.3, 5.248
[10:07:15] 647.9, 123.2, 5.241
[10:07:16] 767.2, 122.7, 7.372
[10:07:17] 816.2, 123.2, 5.258
[10:07:18] 648.3, 123.2, 5.245
[10:07:19] 648.2, 123.3, 5.252
[10:07:20] 648.1, 123.2, 5.244
[10:07:21] 648.0, 122.7, 7.330
[10:07:22] 832.5, 122.6, 7.754
[10:07:23] 949.4, 123.2, 5.298
[10:07:24] 698.5, 123.3, 5.261
[10:07:25] 649.1, 123.3, 5.255
[10:07:26] 648.9, 123.4, 5.239
[10:07:27] 648.8, 123.3, 5.247
[10:07:28] 661.7, 122.7, 7.727
[10:07:29] 950.2, 122.7, 7.750
[10:07:30] 950.6, 122.6, 7.765
[10:07:31] 951.1, 123.3, 5.839
[10:07:32] 754.8, 123.3, 5.267
[10:07:33] 650.0, 123.4, 5.257
[10:07:34] 649.9, 123.3, 5.254
[10:07:35] 649.7, 123.4, 5.252
[10:07:36] 649.5, 122.7, 7.722
[10:07:37] 926.4, 122.7, 7.764
[10:07:38] 953.4, 122.7, 7.776
[10:07:39] 953.5, 122.7, 7.768
[10:07:40] 953.8, 122.7, 7.787
[10:07:41] 954.1, 122.7, 7.793
[10:07:42] 954.5, 122.8, 7.377
[10:07:43] 823.1, 123.3, 5.277
[10:07:44] 651.0, 123.2, 5.270
[10:07:45] 650.8, 123.3, 5.265
[10:07:46] 650.7, 123.3, 5.246
[10:07:47] 650.5, 122.7, 7.561
[10:07:48] 852.8, 122.6, 7.766
[10:07:49] 953.6, 122.7, 7.780
[10:07:50] 953.8, 122.6, 7.790
[10:07:51] 954.1, 122.7, 7.789
[10:07:52] 954.6, 122.6, 7.800
[10:07:53] 955.1, 122.7, 7.792
[10:07:54] 955.3, 122.6, 7.800
[10:07:55] 955.8, 122.6, 7.806
[10:07:56] 956.2, 122.7, 7.812
[10:07:57] 956.5, 122.6, 7.818
[10:07:58] 956.9, 122.7, 7.806
[10:07:59] 957.3, 122.7, 7.805
[10:08:00] 905.3, 123.2, 5.287
[10:08:01] 653.0, 123.3, 5.277
[10:08:02] 652.7, 123.2, 5.269
[10:08:03] 652.5, 123.3, 5.268
[10:08:04] 652.2, 123.3, 5.266
<<<[10:09:55] 651.2, 123.2, 5.285
[10:09:56] 651.1, 123.2, 5.283
[10:09:57] 650.9, 123.3, 5.349
[10:09:58] 661.9, 123.3, 5.394
[10:09:59] 661.9, 123.3, 5.286
[10:10:00] 651.6, 123.4, 5.278
[10:10:01] 651.4, 123.3, 5.290
[10:10:02] 651.3, 123.2, 5.260
[10:10:03] 651.1, 123.3, 5.282
[10:10:04] 745.5, 123.3, 5.260
[10:10:05] 648.7, 123.3, 5.256
[10:10:06] 648.7, 123.3, 5.249
[10:10:07] 648.7, 123.4, 5.255
[10:10:08] 648.7, 123.4, 5.252
[10:10:09] 743.0, 123.3, 5.254
[10:10:10] 648.9, 123.3, 5.247
[10:10:11] 648.8, 123.4, 5.228
[10:10:12] 648.6, 123.4, 5.275
[10:10:13] 648.7, 123.4, 5.279
[10:10:14] 743.7, 123.3, 5.258
[10:10:15] 648.9, 123.4, 5.250
[10:10:16] 648.8, 123.3, 5.241
[10:10:17] 648.7, 123.3, 5.250
[10:10:18] 648.6, 123.2, 5.254
[10:10:19] 741.0, 123.3, 5.252
[10:10:20] 649.9, 123.2, 5.252
[10:10:21] 649.6, 123.3, 5.253
[10:10:22] 649.4, 123.2, 5.259
[10:10:23] 649.3, 123.3, 5.246
[10:10:24] 739.4, 123.3, 5.258
[10:10:25] 650.6, 123.4, 5.259
[10:10:26] 650.3, 123.3, 5.257
[10:10:27] 650.1, 123.3, 5.249
[10:10:28] 649.8, 123.2, 5.248
[10:10:29] 738.0, 123.2, 5.255
[10:10:30] 651.8, 123.3, 5.255
[10:10:31] 651.4, 123.2, 5.248
[10:10:32] 651.0, 123.2, 5.255
[10:10:33] 650.6, 123.2, 5.278
[10:10:34] 737.1, 123.2, 5.266
[10:10:35] 653.2, 123.2, 5.246
[10:10:36] 652.5, 123.1, 5.256
[10:10:37] 652.0, 123.1, 5.261
[10:10:38] 651.5, 123.2, 5.248
[10:10:39] 733.7, 123.3, 5.255
[10:10:40] 653.8, 123.2, 5.244
[10:10:41] 648.3, 123.1, 5.249
[10:10:42] 648.2, 123.2, 5.258
[10:10:43] 648.2, 123.3, 5.249
[10:10:44] 731.1, 123.2, 5.263
[10:10:45] 654.8, 123.3, 5.254
[10:10:46] 648.3, 123.2, 5.256
[10:10:47] 648.3, 123.1, 5.251
[10:10:48] 648.3, 123.1, 5.253
[10:10:49] 725.2, 123.1, 5.268
[10:10:50] 656.2, 123.2, 5.253
[10:10:51] 648.5, 123.3, 5.246
[10:10:52] 648.4, 123.3, 5.250
[10:10:53] 648.4, 123.3, 5.249
[10:10:54] 714.8, 123.2, 5.319
[10:10:55] 705.8, 123.2, 5.252
[10:10:56] 648.9, 123.2, 5.253
[10:10:57] 648.8, 123.3, 5.253
[10:10:58] 648.7, 123.2, 5.256
[10:10:59] 692.0, 123.1, 6.084
[10:11:00] 759.1, 123.2, 5.249
[10:11:01] 648.5, 123.1, 5.258
[10:11:02] 648.4, 123.1, 5.250
[10:11:03] 648.4, 123.2, 5.251
[10:11:04] 648.3, 122.7, 7.475
[10:11:05] 862.2, 123.2, 5.262
[10:11:06] 649.1, 123.2, 5.253
[10:11:07] 649.0, 123.1, 5.264
[10:11:08] 648.9, 123.1, 5.256
[10:11:09] 648.8, 122.7, 6.720
[10:11:10] 810.5, 122.7, 7.293
[10:11:11] 821.5, 123.2, 5.257
[10:11:12] 649.1, 123.3, 5.258
[10:11:13] 649.0, 123.3, 5.259
[10:11:14] 649.0, 123.3, 5.252
[10:11:15] 648.9, 122.7, 7.648
[10:11:16] 871.9, 122.6, 7.744
[10:11:17] 942.7, 123.1, 5.350
[10:11:18] 711.7, 123.1, 5.267
[10:11:19] 649.9, 123.1, 5.265
[10:11:20] 649.8, 123.1, 5.253
[10:11:21] 649.6, 123.1, 5.259
[10:11:22] 693.4, 122.5, 7.733
[10:11:23] 950.0, 122.4, 7.761
[10:11:24] 950.2, 122.6, 7.763
[10:11:25] 950.6, 123.2, 5.366
[10:11:26] 715.6, 123.2, 5.269
[10:11:27] 650.6, 123.3, 5.270
[10:11:28] 650.5, 123.3, 5.260
[10:11:29] 650.4, 123.2, 5.262
[10:11:30] 650.2, 122.6, 7.719
[10:11:31] 941.2, 122.6, 7.756
[10:11:32] 952.4, 122.6, 7.763
[10:11:33] 952.5, 122.6, 7.773
[10:11:34] 952.8, 122.7, 7.769
[10:11:35] 953.2, 122.6, 7.788
[10:11:36] 953.6, 122.7, 7.433
[10:11:37] 836.8, 123.1, 5.293
[10:11:38] 652.6, 123.2, 5.270
[10:11:39] 652.3, 123.2, 5.271
[10:11:40] 652.1, 123.1, 5.264
[10:11:41] 651.8, 122.5, 7.333
[10:11:42] 833.1, 122.5, 7.751
[10:11:43] 952.4, 122.6, 7.781
[10:11:44] 952.7, 122.4, 7.791
[10:11:45] 953.0, 122.5, 7.794
[10:11:46] 953.4, 122.6, 7.789
[10:11:47] 953.8, 122.5, 7.796
[10:11:48] 954.2, 122.4, 7.806
[10:11:49] 954.6, 122.5, 7.809
[10:11:50] 955.1, 122.6, 7.799
[10:11:51] 955.6, 122.6, 7.809
[10:11:52] 955.9, 122.6, 7.806
[10:11:53] 956.2, 122.7, 7.807
[10:11:54] 956.5, 123.2, 5.317
[10:11:55] 686.7, 123.2, 5.295
[10:11:56] 653.0, 123.2, 5.279
[10:11:57] 652.8, 123.3, 5.276
[10:11:58] 652.6, 123.3, 5.274
