<<<[08:27:28] 644.5, 124.0, 5.189
[08:27:29] 644.4, 124.0, 5.190
[08:27:30] 644.4, 124.0, 5.263
[08:27:31] 658.5, 124.0, 5.406
[08:27:32] 668.6, 124.0, 5.440
[08:27:33] 668.7, 124.0, 5.395
[08:27:34] 669.3, 123.9, 5.358
[08:27:35] 668.9, 124.0, 5.381
[08:27:36] 668.3, 123.9, 5.459
[08:27:37] 668.0, 124.0, 5.329
[08:27:38] 667.5, 123.9, 5.356
[08:27:39] 661.7, 124.0, 5.418
[08:27:40] 671.3, 123.9, 5.204
[08:27:41] 645.9, 124.0, 5.204
[08:27:42] 645.9, 123.9, 5.199
[08:27:43] 645.7, 124.0, 5.197
[08:27:44] 645.5, 123.9, 5.197
[08:27:45] 651.8, 124.0, 5.521
[08:27:46] 733.1, 123.9, 5.202
[08:27:47] 644.7, 124.0, 5.194
[08:27:48] 644.6, 123.9, 5.196
[08:27:49] 644.5, 124.0, 5.188
[08:27:50] 644.7, 123.9, 5.543
[08:27:51] 735.9, 124.0, 5.195
[08:27:52] 644.3, 124.0, 5.193
[08:27:53] 644.2, 124.0, 5.188
[08:27:54] 644.2, 124.0, 5.192
[08:27:55] 644.2, 124.0, 5.563
[08:27:56] 734.9, 124.1, 5.191
[08:27:57] 645.1, 124.0, 5.189
[08:27:58] 645.0, 124.0, 5.189
[08:27:59] 644.8, 124.0, 5.187
[08:28:00] 644.7, 123.9, 5.591
[08:28:01] 729.8, 123.9, 5.193
[08:28:02] 643.9, 123.9, 5.191
[08:28:03] 643.8, 124.0, 5.190
[08:28:04] 643.8, 123.9, 5.191
[08:28:05] 643.8, 123.4, 7.200
[08:28:06] 768.9, 124.0, 5.198
[08:28:07] 644.3, 124.0, 5.188
[08:28:08] 644.2, 124.0, 5.190
[08:28:09] 644.1, 124.0, 5.187
[08:28:10] 644.1, 123.3, 7.601
[08:28:11] 797.5, 124.0, 5.193
[08:28:12] 643.9, 124.0, 5.191
[08:28:13] 643.9, 124.0, 5.184
[08:28:14] 644.0, 124.0, 5.185
[08:28:15] 643.8, 123.7, 6.008
[08:28:16] 806.7, 124.0, 5.236
[08:28:17] 692.6, 124.0, 5.192
[08:28:18] 645.1, 124.0, 5.190
[08:28:19] 645.1, 124.0, 5.187
[08:28:20] 645.0, 124.0, 5.187
[08:28:21] 645.1, 123.4, 7.858
[08:28:22] 969.7, 123.9, 5.240
[08:28:23] 694.5, 123.9, 5.195
[08:28:24] 644.5, 124.0, 5.189
[08:28:25] 644.4, 123.9, 5.189
[08:28:26] 644.4, 124.0, 5.193
[08:28:27] 644.8, 123.2, 7.864
[08:28:28] 972.7, 123.4, 7.884
[08:28:29] 972.3, 123.9, 5.251
[08:28:30] 697.3, 123.9, 5.202
[08:28:31] 644.9, 124.0, 5.196
[08:28:32] 644.8, 123.9, 5.192
[08:28:33] 644.8, 124.1, 5.188
[08:28:34] 657.7, 123.4, 7.863
[08:28:35] 972.3, 123.3, 7.886
[08:28:36] 972.5, 123.4, 7.855
[08:28:37] 972.9, 123.3, 7.907
[08:28:38] 972.4, 124.0, 5.261
[08:28:39] 700.6, 123.9, 5.205
[08:28:40] 645.9, 123.9, 5.201
[08:28:41] 645.8, 124.0, 5.199
[08:28:42] 645.7, 123.9, 5.196
[08:28:43] 675.4, 123.2, 7.880
[08:28:44] 973.5, 123.4, 7.895
[08:28:45] 973.7, 123.3, 7.911
[08:28:46] 974.1, 123.3, 7.910
[08:28:47] 974.6, 123.3, 7.923
[08:28:48] 975.0, 123.2, 7.928
[08:28:49] 975.5, 123.3, 7.932
[08:28:50] 976.0, 123.3, 7.934
[08:28:51] 961.3, 123.9, 5.228
[08:28:52] 653.8, 124.0, 5.214
[08:28:53] 647.1, 124.0, 5.209
[08:28:54] 647.0, 124.0, 5.204
[08:28:55] 646.8, 124.1, 5.197
[08:28:56] 717.4, 123.3, 7.872
[08:28:57] 974.6, 123.4, 7.908
[08:28:58] 974.8, 123.3, 7.918
[08:28:59] 975.3, 123.4, 7.920
[08:29:00] 975.6, 123.3, 7.927
[08:29:01] 976.1, 123.3, 7.930
[08:29:02] 976.5, 123.3, 7.937
[08:29:03] 976.9, 123.3, 7.942
[08:29:04] 977.4, 123.3, 7.936
[08:29:05] 977.8, 123.3, 7.948
[08:29:06] 978.1, 123.2, 7.931
[08:29:07] 978.4, 123.3, 7.948
[08:29:08] 978.8, 123.3, 7.951
[08:29:09] 979.1, 123.2, 7.953
[08:29:10] 979.4, 123.3, 7.952
[08:29:11] 979.6, 123.4, 7.859
[08:29:12] 826.0, 124.0, 5.227
[08:29:13] 648.7, 124.0, 5.217
[08:29:14] 648.5, 124.0, 5.213
[08:29:15] 648.3, 123.9, 5.214
