<<<[08:24:59] 646.0, 124.0, 5.207
[08:25:00] 645.8, 124.0, 5.204
[08:25:01] 645.7, 124.1, 5.357
[08:25:02] 658.1, 124.1, 5.203
[08:25:03] 645.5, 124.0, 5.206
[08:25:04] 645.4, 124.1, 5.204
[08:25:05] 645.3, 124.1, 5.211
[08:25:06] 645.3, 124.0, 5.195
[08:25:07] 698.3, 124.1, 5.229
[08:25:08] 686.7, 124.1, 5.201
[08:25:09] 644.5, 124.1, 5.202
[08:25:10] 644.4, 124.0, 5.191
[08:25:11] 644.4, 124.0, 5.206
[08:25:12] 695.9, 124.0, 5.232
[08:25:13] 688.0, 124.1, 5.201
[08:25:14] 644.5, 124.1, 5.190
[08:25:15] 644.4, 124.1, 5.204
[08:25:16] 644.4, 124.0, 5.199
[08:25:17] 693.5, 124.0, 5.230
[08:25:18] 693.0, 124.0, 5.194
[08:25:19] 644.1, 124.0, 5.200
[08:25:20] 644.1, 123.9, 5.199
[08:25:21] 644.1, 124.0, 5.199
[08:25:22] 691.8, 124.0, 5.228
[08:25:23] 691.7, 124.0, 5.223
[08:25:24] 646.3, 124.0, 5.220
[08:25:25] 646.2, 123.9, 5.225
[08:25:26] 646.1, 124.0, 5.194
[08:25:27] 690.0, 123.9, 5.242
[08:25:28] 690.4, 124.0, 5.202
[08:25:29] 644.5, 124.0, 5.202
[08:25:30] 644.5, 124.1, 5.191
[08:25:31] 644.5, 124.0, 5.199
[08:25:32] 688.6, 124.0, 5.238
[08:25:33] 694.1, 124.1, 5.190
[08:25:34] 644.1, 124.1, 5.186
[08:25:35] 644.1, 124.2, 5.201
[08:25:36] 644.2, 124.1, 5.195
[08:25:37] 686.3, 124.0, 5.237
[08:25:38] 694.9, 124.2, 5.185
[08:25:39] 644.1, 124.1, 5.193
[08:25:40] 644.1, 124.2, 5.210
[08:25:41] 644.2, 124.1, 5.212
[08:25:42] 684.9, 124.2, 5.230
[08:25:43] 695.1, 124.0, 5.195
[08:25:44] 644.3, 124.1, 5.194
[08:25:45] 644.2, 124.0, 5.196
[08:25:46] 644.2, 124.1, 5.187
[08:25:47] 678.6, 124.0, 5.250
[08:25:48] 697.3, 124.0, 5.195
[08:25:49] 644.1, 123.9, 5.191
[08:25:50] 644.0, 124.0, 5.190
[08:25:51] 643.9, 123.9, 5.196
[08:25:52] 672.5, 124.0, 5.250
[08:25:53] 698.1, 123.9, 5.200
[08:25:54] 644.1, 123.9, 5.186
[08:25:55] 644.0, 124.0, 5.195
[08:25:56] 643.9, 124.0, 5.192
[08:25:57] 644.4, 123.8, 6.079
[08:25:58] 760.3, 123.9, 5.190
[08:25:59] 643.4, 124.0, 5.196
[08:26:00] 643.4, 124.0, 5.191
[08:26:01] 643.4, 124.1, 5.192
[08:26:02] 643.4, 123.5, 7.373
[08:26:03] 790.2, 124.0, 5.195
[08:26:04] 643.9, 123.9, 5.193
[08:26:05] 643.8, 124.0, 5.195
[08:26:06] 643.8, 124.0, 5.185
[08:26:07] 643.7, 123.4, 7.246
[08:26:08] 835.3, 124.0, 5.263
[08:26:09] 702.2, 124.0, 5.197
[08:26:10] 644.1, 124.0, 5.184
[08:26:11] 643.9, 124.0, 5.196
[08:26:12] 643.9, 124.0, 5.193
[08:26:13] 644.3, 123.4, 7.910
[08:26:14] 978.0, 123.8, 6.075
[08:26:15] 764.0, 124.0, 5.210
[08:26:16] 645.1, 124.0, 5.197
[08:26:17] 644.9, 123.9, 5.200
[08:26:18] 644.8, 124.0, 5.189
[08:26:19] 644.7, 123.2, 7.899
[08:26:20] 937.2, 123.1, 7.940
[08:26:21] 980.3, 123.4, 7.360
[08:26:22] 839.0, 123.9, 5.206
[08:26:23] 645.7, 124.0, 5.209
[08:26:24] 645.6, 124.1, 5.198
[08:26:25] 645.5, 124.0, 5.200
[08:26:26] 645.3, 123.5, 7.528
[08:26:27] 851.2, 123.3, 7.934
[08:26:28] 980.3, 123.4, 7.946
[08:26:29] 980.4, 123.3, 7.962
[08:26:30] 980.8, 123.4, 7.960
[08:26:31] 973.8, 124.0, 5.308
[08:26:32] 710.9, 124.1, 5.213
[08:26:33] 646.1, 124.0, 5.205
[08:26:34] 646.0, 124.0, 5.196
[08:26:35] 645.8, 123.9, 5.211
[08:26:36] 680.8, 123.3, 7.935
[08:26:37] 979.6, 123.3, 7.955
[08:26:38] 979.8, 123.2, 7.964
[08:26:39] 980.2, 123.3, 7.972
[08:26:40] 980.7, 123.2, 7.982
[08:26:41] 981.2, 123.3, 7.985
[08:26:42] 981.8, 123.3, 7.979
[08:26:43] 982.2, 123.4, 7.990
[08:26:44] 982.8, 123.4, 7.990
[08:26:45] 982.3, 124.0, 5.330
[08:26:46] 714.6, 124.1, 5.214
[08:26:47] 647.3, 123.9, 5.219
[08:26:48] 647.2, 123.9, 5.234
[08:26:49] 647.2, 124.1, 5.224
[08:26:50] 676.2, 123.3, 7.933
[08:26:51] 980.5, 123.4, 7.956
[08:26:52] 980.8, 123.4, 7.965
[08:26:53] 981.2, 123.3, 7.976
[08:26:54] 981.7, 123.3, 7.977
[08:26:55] 982.2, 123.4, 7.973
[08:26:56] 982.7, 123.3, 7.990
[08:26:57] 983.2, 123.2, 7.993
[08:26:58] 983.7, 123.4, 7.996
[08:26:59] 984.2, 123.3, 8.003
[08:27:00] 984.6, 123.3, 7.998
[08:27:01] 985.1, 123.4, 8.001
[08:27:02] 985.5, 123.3, 8.008
[08:27:03] 985.9, 123.4, 8.008
[08:27:04] 986.3, 123.3, 8.009
[08:27:05] 986.7, 123.4, 7.994
[08:27:06] 987.0, 123.4, 8.011
[08:27:07] 987.3, 123.4, 8.006
[08:27:08] 973.8, 124.1, 5.460
[08:27:09] 679.0, 124.1, 5.433
[08:27:10] 669.9, 124.1, 5.214
[08:27:11] 649.1, 124.1, 5.215
