<<<[05:16:05] 645.6, 124.9, 5.151
[05:16:06] 645.5, 125.0, 5.155
[05:16:07] 645.3, 124.9, 5.154
[05:16:08] 654.2, 124.9, 5.310
[05:16:09] 664.2, 124.9, 5.205
[05:16:10] 652.4, 124.9, 5.191
[05:16:11] 651.9, 124.8, 5.156
[05:16:12] 644.7, 124.9, 5.158
[05:16:13] 644.7, 124.8, 5.156
[05:16:14] 644.6, 124.6, 7.011
[05:16:15] 737.8, 124.9, 5.157
[05:16:16] 644.3, 124.8, 5.153
[05:16:17] 644.2, 124.9, 5.151
[05:16:18] 644.1, 124.8, 5.150
[05:16:20] 644.1, 124.5, 7.053
[05:16:21] 731.7, 124.9, 5.154
[05:16:22] 644.3, 124.8, 5.152
[05:16:23] 644.2, 124.9, 5.152
[05:16:24] 644.1, 124.8, 5.151
[05:16:25] 644.1, 124.3, 7.090
[05:16:26] 731.5, 124.9, 5.154
[05:16:27] 644.1, 124.9, 5.149
[05:16:28] 644.0, 124.8, 5.149
[05:16:29] 644.0, 124.9, 5.150
[05:16:30] 644.0, 124.5, 7.097
[05:16:31] 730.2, 124.9, 5.150
[05:16:32] 643.9, 124.9, 5.153
[05:16:33] 643.9, 125.0, 5.148
[05:16:34] 643.9, 124.9, 5.151
[05:16:34] 643.9, 124.5, 7.106
[05:16:36] 730.8, 125.0, 5.151
[05:16:37] 643.9, 124.9, 5.150
[05:16:38] 643.9, 125.0, 5.147
[05:16:39] 643.8, 124.9, 5.146
[05:16:40] 643.8, 124.4, 7.111
[05:16:41] 729.4, 125.0, 5.149
[05:16:42] 643.9, 124.9, 5.147
[05:16:43] 643.8, 125.0, 5.147
[05:16:44] 643.8, 124.9, 5.146
[05:16:45] 643.8, 124.5, 7.106
[05:16:46] 727.8, 124.9, 5.149
[05:16:47] 643.2, 125.0, 5.147
[05:16:48] 643.2, 124.9, 5.145
[05:16:49] 643.2, 124.9, 5.147
[05:16:50] 643.3, 124.5, 7.086
[05:16:51] 724.5, 124.8, 5.148
[05:16:52] 643.6, 124.9, 5.149
[05:16:53] 643.6, 124.8, 5.150
[05:16:54] 643.5, 124.9, 5.148
[05:16:55] 643.5, 124.4, 7.117
[05:16:56] 719.9, 124.9, 5.149
[05:16:57] 643.6, 124.9, 5.149
[05:16:58] 643.6, 124.9, 5.146
[05:16:59] 643.5, 124.9, 5.145
[05:17:00] 643.5, 124.3, 7.366
[05:17:01] 758.5, 124.8, 5.152
[05:17:02] 644.5, 124.8, 5.148
[05:17:03] 644.3, 124.8, 5.148
[05:17:04] 644.2, 124.9, 5.148
[05:17:05] 644.1, 124.5, 6.255
[05:17:06] 787.2, 124.8, 5.154
[05:17:07] 643.7, 124.8, 5.151
[05:17:08] 643.7, 124.9, 5.152
[05:17:09] 643.7, 124.9, 5.147
[05:17:10] 643.7, 124.8, 5.144
[05:17:11] 723.7, 124.4, 7.196
[05:17:12] 813.4, 125.0, 5.151
[05:17:13] 644.3, 125.0, 5.148
[05:17:14] 644.2, 124.8, 5.145
[05:17:15] 644.1, 124.9, 5.147
[05:17:16] 644.0, 124.3, 7.764
[05:17:17] 880.5, 124.3, 7.297
[05:17:18] 823.1, 124.8, 5.156
[05:17:19] 644.5, 125.0, 5.151
[05:17:20] 644.4, 124.8, 5.149
[05:17:21] 644.3, 124.9, 5.145
[05:17:22] 644.2, 124.3, 7.502
[05:17:23] 854.0, 124.2, 7.927
[05:17:24] 986.1, 124.3, 7.912
[05:17:25] 890.0, 124.9, 5.167
[05:17:26] 645.9, 124.9, 5.159
[05:17:27] 645.8, 124.9, 5.153
[05:17:28] 645.6, 124.9, 5.150
[05:17:29] 645.3, 124.9, 5.228
[05:17:30] 803.4, 124.2, 7.929
[05:17:31] 986.6, 124.3, 7.942
[05:17:32] 986.8, 124.2, 7.955
[05:17:33] 987.1, 124.2, 7.958
[05:17:34] 973.7, 125.0, 5.213
[05:17:35] 694.5, 124.9, 5.170
[05:17:36] 646.1, 124.9, 5.163
[05:17:37] 646.0, 124.9, 5.159
[05:17:38] 645.8, 124.8, 5.157
[05:17:39] 703.6, 124.2, 7.935
[05:17:40] 986.4, 124.2, 7.951
[05:17:41] 986.6, 124.1, 7.961
[05:17:42] 987.0, 124.1, 7.977
[05:17:43] 987.6, 124.2, 7.979
[05:17:44] 988.1, 124.2, 7.983
[05:17:45] 988.7, 124.2, 7.989
[05:17:46] 989.3, 124.1, 7.991
[05:17:47] 989.8, 124.4, 7.428
[05:17:48] 887.6, 124.8, 5.189
[05:17:49] 648.7, 124.9, 5.174
[05:17:50] 648.4, 124.9, 5.171
[05:17:51] 648.1, 124.8, 5.167
[05:17:52] 647.8, 124.3, 7.353
[05:17:53] 847.5, 124.2, 7.953
[05:17:54] 988.8, 124.2, 7.963
[05:17:55] 989.0, 124.2, 7.977
[05:17:56] 989.3, 124.1, 7.985
[05:17:57] 989.8, 124.2, 7.994
[05:17:58] 990.3, 124.1, 7.996
[05:17:59] 990.8, 124.1, 7.996
[05:18:00] 991.2, 124.2, 8.004
[05:18:01] 991.7, 124.2, 8.011
[05:18:02] 992.2, 124.1, 8.009
[05:18:03] 992.6, 124.1, 8.009
[05:18:04] 993.0, 124.1, 8.010
[05:18:05] 993.5, 124.2, 8.011
[05:18:06] 993.8, 124.2, 8.010
[05:18:07] 994.1, 124.2, 8.014
[05:18:08] 994.5, 124.1, 8.016
[05:18:09] 994.8, 124.1, 8.017
[05:18:10] 846.9, 124.9, 5.200
[05:18:11] 649.9, 124.8, 5.184
[05:18:12] 649.7, 124.9, 5.179
[05:18:13] 649.4, 124.9, 5.177
[05:18:14] 649.1, 124.9, 5.170
