<<<[23:03:35] 639.6, 123.9, 5.148
[23:03:36] 639.4, 123.9, 5.143
[23:03:37] 639.2, 123.8, 5.152
[23:03:38] 639.3, 123.9, 5.365
[23:03:39] 661.7, 123.9, 5.305
[23:03:40] 661.5, 123.9, 5.333
[23:03:41] 661.3, 123.8, 5.332
[23:03:42] 661.3, 123.9, 5.307
[23:03:43] 661.0, 124.0, 5.302
[23:03:44] 660.9, 123.9, 5.333
[23:03:45] 660.7, 123.9, 5.351
[23:03:46] 660.8, 123.9, 5.331
[23:03:47] 661.0, 123.9, 5.305
[23:03:48] 661.2, 123.8, 5.321
[23:03:49] 661.2, 123.9, 5.329
[23:03:50] 661.2, 124.0, 5.309
[23:03:51] 661.3, 124.0, 5.196
[23:03:52] 651.8, 124.0, 5.183
[23:03:53] 642.8, 124.0, 5.150
[23:03:54] 642.3, 123.9, 5.147
[23:03:55] 641.8, 124.0, 5.146
[23:03:56] 641.5, 123.5, 7.059
[23:03:57] 738.2, 123.9, 5.140
[23:03:58] 638.4, 124.0, 5.143
[23:03:59] 638.2, 123.9, 5.143
[23:04:00] 638.2, 123.9, 5.145
[23:04:01] 638.1, 123.5, 6.976
[23:04:02] 726.8, 123.9, 5.152
[23:04:03] 637.8, 124.0, 5.145
[23:04:04] 637.9, 123.9, 5.150
[23:04:05] 638.0, 124.0, 5.145
[23:04:06] 638.0, 123.4, 6.966
[23:04:07] 726.4, 123.9, 5.145
[23:04:08] 637.6, 123.9, 5.150
[23:04:09] 637.5, 123.9, 5.143
[23:04:10] 637.6, 123.9, 5.147
[23:04:11] 637.5, 123.4, 6.945
[23:04:12] 724.3, 123.9, 5.152
[23:04:13] 637.6, 123.9, 5.138
[23:04:14] 637.5, 123.9, 5.148
[23:04:15] 637.5, 124.0, 5.139
[23:04:16] 637.4, 123.4, 6.958
[23:04:17] 720.9, 123.9, 5.146
[23:04:18] 637.5, 124.0, 5.143
[23:04:19] 637.5, 123.9, 5.140
[23:04:20] 637.5, 123.9, 5.145
[23:04:21] 637.5, 123.5, 7.046
[23:04:22] 765.2, 123.9, 5.150
[23:04:23] 637.6, 124.0, 5.140
[23:04:24] 637.5, 124.0, 5.142
[23:04:25] 637.5, 123.9, 5.145
[23:04:26] 637.5, 123.9, 5.177
[23:04:27] 752.2, 124.0, 5.144
[23:04:28] 637.5, 123.9, 5.144
[23:04:29] 637.5, 124.0, 5.139
[23:04:30] 637.3, 123.9, 5.136
[23:04:31] 637.3, 123.9, 5.141
[23:04:32] 736.5, 124.0, 5.367
[23:04:33] 726.8, 123.9, 5.147
[23:04:34] 637.8, 123.9, 5.147
[23:04:35] 637.7, 123.9, 5.141
[23:04:36] 637.7, 124.0, 5.146
[23:04:37] 637.6, 123.2, 8.027
[23:04:38] 940.6, 124.0, 5.174
[23:04:39] 672.1, 123.9, 5.145
[23:04:40] 637.6, 123.9, 5.153
[23:04:41] 637.6, 124.0, 5.144
[23:04:42] 637.6, 124.0, 5.143
[23:04:43] 712.6, 123.3, 8.034
[23:04:44] 992.4, 123.4, 7.183
[23:04:45] 794.1, 124.0, 5.147
[23:04:46] 638.4, 123.9, 5.157
[23:04:47] 638.3, 124.0, 5.145
[23:04:48] 638.3, 123.9, 5.151
[23:04:49] 638.2, 123.3, 7.993
[23:04:50] 920.9, 123.2, 8.065
[23:04:51] 994.5, 123.2, 8.061
[23:04:52] 994.6, 123.9, 5.446
[23:04:53] 728.0, 123.9, 5.162
[23:04:54] 639.4, 124.0, 5.155
[23:04:55] 639.3, 123.9, 5.155
[23:04:56] 639.2, 123.9, 5.156
[23:04:57] 639.0, 123.2, 8.043
[23:04:58] 985.7, 123.1, 8.078
[23:04:59] 995.5, 123.2, 8.072
[23:05:00] 995.6, 123.1, 8.079
[23:05:01] 995.8, 123.1, 8.065
[23:05:02] 996.0, 123.2, 8.098
[23:05:03] 951.2, 123.9, 5.182
[23:05:04] 641.6, 123.9, 5.168
[23:05:05] 641.4, 124.0, 5.163
[23:05:06] 641.2, 123.9, 5.157
[23:05:07] 640.9, 124.0, 5.155
[23:05:08] 757.5, 123.3, 8.071
[23:05:09] 995.1, 123.2, 8.071
[23:05:10] 995.3, 123.3, 8.081
[23:05:11] 995.6, 123.2, 8.090
[23:05:12] 996.0, 123.3, 8.101
[23:05:13] 996.5, 123.3, 8.098
[23:05:14] 996.9, 123.2, 8.114
[23:05:15] 997.3, 123.3, 8.102
[23:05:16] 997.7, 123.2, 8.109
[23:05:17] 998.1, 123.2, 8.107
[23:05:18] 998.4, 123.3, 8.118
[23:05:19] 978.0, 124.0, 5.186
[23:05:20] 642.6, 124.0, 5.179
[23:05:21] 642.4, 124.0, 5.175
[23:05:22] 642.3, 124.0, 5.168
[23:05:23] 642.0, 124.0, 5.162
