<<<[21:14:10] 638.7, 123.1, 5.179
[21:14:11] 638.6, 123.2, 5.174
[21:14:12] 638.4, 123.2, 5.175
[21:14:13] 638.8, 123.2, 5.230
[21:14:14] 645.9, 123.2, 5.175
[21:14:15] 637.6, 123.2, 5.179
[21:14:16] 637.6, 123.2, 5.175
[21:14:17] 637.6, 123.2, 5.169
[21:14:18] 637.6, 122.8, 6.853
[21:14:19] 731.5, 123.2, 5.173
[21:14:20] 637.6, 123.2, 5.172
[21:14:21] 637.5, 123.1, 5.168
[21:14:22] 637.5, 123.1, 5.178
[21:14:23] 637.4, 122.8, 6.779
[21:14:24] 729.2, 123.2, 5.169
[21:14:25] 636.9, 123.2, 5.170
[21:14:26] 636.9, 123.1, 5.166
[21:14:27] 636.9, 123.1, 5.168
[21:14:28] 636.9, 122.7, 6.736
[21:14:29] 728.8, 123.1, 5.171
[21:14:30] 637.6, 123.1, 5.171
[21:14:31] 637.5, 123.2, 5.173
[21:14:32] 637.5, 123.2, 5.173
[21:14:33] 637.4, 122.7, 6.667
[21:14:34] 728.6, 123.2, 5.172
[21:14:35] 637.1, 123.2, 5.175
[21:14:36] 637.1, 123.2, 5.172
[21:14:37] 637.1, 123.2, 5.172
[21:14:38] 637.1, 122.8, 6.592
[21:14:39] 727.8, 123.2, 5.172
[21:14:40] 638.2, 123.1, 5.177
[21:14:41] 638.2, 123.1, 5.170
[21:14:42] 638.2, 123.1, 5.167
[21:14:43] 638.1, 122.8, 6.510
[21:14:44] 727.8, 123.1, 5.170
[21:14:45] 637.3, 123.2, 5.170
[21:14:46] 637.3, 123.2, 5.168
[21:14:47] 637.2, 123.2, 5.168
[21:14:48] 637.2, 122.9, 6.401
[21:14:49] 726.2, 123.2, 5.171
[21:14:50] 637.8, 123.2, 5.166
[21:14:51] 637.7, 123.1, 5.167
[21:14:52] 637.8, 123.2, 5.168
[21:14:53] 637.8, 122.8, 6.250
[21:14:54] 724.5, 123.2, 5.166
[21:14:55] 637.1, 123.2, 5.168
[21:14:56] 637.1, 123.2, 5.163
[21:14:57] 637.0, 123.1, 5.165
[21:14:58] 637.0, 122.9, 5.916
[21:14:59] 720.3, 123.2, 5.168
[21:15:00] 636.9, 123.1, 5.167
[21:15:01] 636.9, 123.1, 5.170
[21:15:02] 636.9, 123.1, 5.167
[21:15:03] 637.0, 123.1, 5.181
[21:15:04] 713.2, 123.0, 5.174
[21:15:05] 637.3, 123.1, 5.179
[21:15:06] 637.3, 123.1, 5.169
[21:15:07] 637.2, 123.1, 5.175
[21:15:08] 637.2, 123.2, 5.169
[21:15:09] 736.3, 123.2, 5.179
[21:15:10] 649.1, 123.2, 5.179
[21:15:11] 637.3, 123.2, 5.180
[21:15:12] 637.3, 123.1, 5.165
[21:15:13] 637.2, 123.0, 5.170
[21:15:14] 702.6, 123.0, 6.196
[21:15:15] 751.6, 123.1, 5.172
[21:15:16] 637.3, 123.1, 5.171
[21:15:17] 637.2, 123.2, 5.166
[21:15:18] 637.2, 123.1, 5.166
[21:15:19] 637.1, 122.5, 7.595
[21:15:20] 858.9, 123.2, 5.170
[21:15:21] 637.5, 123.1, 5.172
[21:15:22] 637.4, 123.1, 5.173
[21:15:23] 637.4, 123.1, 5.167
[21:15:24] 637.3, 123.2, 5.165
[21:15:25] 735.1, 122.5, 7.611
[21:15:26] 925.2, 123.1, 5.184
[21:15:27] 656.0, 123.2, 5.173
[21:15:28] 637.5, 123.1, 5.176
[21:15:29] 637.4, 123.2, 5.169
[21:15:30] 637.3, 123.2, 5.169
[21:15:31] 683.7, 122.5, 7.611
[21:15:32] 933.7, 122.5, 7.635
[21:15:33] 934.0, 122.9, 6.559
[21:15:34] 766.6, 123.1, 5.190
[21:15:35] 638.8, 123.1, 5.186
[21:15:36] 638.7, 123.1, 5.177
[21:15:37] 638.6, 123.0, 5.187
[21:15:38] 638.4, 122.5, 7.584
[21:15:39] 881.9, 122.4, 7.642
[21:15:40] 936.4, 122.4, 7.657
[21:15:41] 936.6, 122.4, 7.655
[21:15:42] 936.9, 122.5, 7.664
[21:15:43] 930.7, 123.2, 5.215
[21:15:44] 663.8, 123.2, 5.191
[21:15:45] 639.8, 123.1, 5.185
[21:15:46] 639.7, 123.1, 5.185
[21:15:47] 639.5, 123.1, 5.179
[21:15:48] 686.9, 122.5, 7.631
[21:15:49] 935.7, 122.6, 7.648
[21:15:50] 935.9, 122.6, 7.653
[21:15:51] 936.3, 122.6, 7.660
[21:15:52] 936.7, 122.6, 7.674
[21:15:53] 937.2, 122.4, 7.674
[21:15:54] 937.7, 122.5, 7.677
[21:15:55] 938.2, 122.5, 7.682
[21:15:56] 938.6, 122.4, 7.684
[21:15:57] 939.1, 122.9, 6.948
[21:15:58] 775.8, 123.1, 5.207
[21:15:59] 640.6, 123.1, 5.193
[21:16:00] 640.5, 123.1, 5.190
[21:16:01] 640.3, 123.0, 5.192
[21:16:02] 640.1, 122.5, 7.614
[21:16:03] 892.0, 122.5, 7.649
[21:16:04] 938.2, 122.5, 7.664
[21:16:05] 938.3, 122.5, 7.668
[21:16:06] 938.6, 122.6, 7.674
[21:16:07] 939.0, 122.5, 7.682
[21:16:08] 939.4, 122.6, 7.679
[21:16:09] 939.7, 122.5, 7.682
[21:16:10] 940.1, 122.6, 7.687
[21:16:11] 940.3, 122.5, 7.686
[21:16:12] 940.7, 122.5, 7.689
[21:16:13] 941.0, 122.5, 7.695
[21:16:14] 941.3, 122.5, 7.691
[21:16:15] 941.5, 122.5, 7.691
[21:16:16] 941.8, 122.5, 7.696
[21:16:17] 941.9, 122.6, 7.687
[21:16:18] 942.1, 122.6, 7.692
[21:16:19] 942.3, 122.5, 7.699
[21:16:20] 942.4, 122.6, 7.689
[21:16:21] 874.6, 123.2, 5.224
[21:16:22] 643.4, 123.1, 5.208
[21:16:23] 643.1, 123.1, 5.203
[21:16:24] 642.8, 123.2, 5.200
[21:16:25] 642.5, 123.2, 5.197
