<<<[20:31:29] 638.0, 123.0, 5.195
[20:31:30] 638.0, 122.9, 5.190
[20:31:31] 637.9, 122.8, 5.317
[20:31:32] 651.2, 123.0, 5.196
[20:31:33] 638.0, 123.0, 5.195
[20:31:34] 638.0, 123.0, 5.185
[20:31:35] 638.0, 123.0, 5.190
[20:31:36] 637.9, 123.1, 5.188
[20:31:37] 644.7, 122.9, 5.589
[20:31:38] 730.8, 123.0, 5.183
[20:31:39] 637.6, 123.0, 5.186
[20:31:40] 637.5, 123.0, 5.183
[20:31:41] 637.5, 123.0, 5.185
[20:31:42] 637.9, 122.9, 5.519
[20:31:43] 726.6, 122.9, 5.188
[20:31:44] 637.1, 122.9, 5.182
[20:31:45] 637.0, 123.0, 5.182
[20:31:46] 636.9, 122.9, 5.181
[20:31:47] 637.1, 122.9, 5.552
[20:31:48] 728.4, 122.9, 5.184
[20:31:49] 636.5, 123.0, 5.185
[20:31:50] 636.5, 123.0, 5.178
[20:31:51] 636.5, 123.0, 5.180
[20:31:52] 636.6, 122.8, 5.588
[20:31:53] 729.6, 122.9, 5.186
[20:31:54] 637.1, 123.0, 5.182
[20:31:55] 637.1, 122.9, 5.190
[20:31:56] 637.1, 122.8, 5.185
[20:31:57] 637.1, 122.8, 5.623
[20:31:58] 729.2, 122.9, 5.189
[20:31:59] 637.3, 122.8, 5.184
[20:32:00] 637.2, 122.8, 5.189
[20:32:01] 637.1, 122.8, 5.191
[20:32:02] 637.1, 122.8, 5.659
[20:32:03] 729.0, 122.7, 5.197
[20:32:04] 637.5, 122.9, 5.186
[20:32:05] 637.4, 122.8, 5.186
[20:32:06] 637.3, 122.8, 5.183
[20:32:07] 637.3, 122.9, 5.692
[20:32:08] 728.8, 122.8, 5.186
[20:32:09] 637.1, 122.8, 5.184
[20:32:10] 637.0, 123.0, 5.179
[20:32:11] 637.0, 122.9, 5.181
[20:32:12] 637.0, 122.9, 5.712
[20:32:13] 726.4, 123.0, 5.182
[20:32:14] 637.1, 122.9, 5.175
[20:32:15] 637.0, 123.1, 5.175
[20:32:16] 637.0, 123.0, 5.173
[20:32:17] 636.9, 122.9, 5.741
[20:32:18] 724.1, 123.1, 5.175
[20:32:19] 636.9, 122.9, 5.186
[20:32:20] 636.9, 123.0, 5.177
[20:32:21] 636.9, 122.9, 5.176
[20:32:22] 636.8, 122.9, 5.771
[20:32:23] 718.7, 123.0, 5.178
[20:32:24] 636.9, 123.0, 5.178
[20:32:25] 636.8, 122.9, 5.178
[20:32:26] 636.8, 123.0, 5.173
[20:32:27] 636.7, 122.4, 7.197
[20:32:28] 758.7, 123.1, 5.177
[20:32:29] 636.7, 123.0, 5.175
[20:32:30] 636.6, 123.0, 5.172
[20:32:31] 636.6, 122.9, 5.183
[20:32:32] 636.6, 122.5, 7.468
[20:32:33] 789.4, 123.0, 5.180
[20:32:34] 637.1, 123.0, 5.177
[20:32:35] 637.0, 123.0, 5.176
[20:32:36] 637.0, 123.0, 5.178
[20:32:37] 636.9, 122.5, 6.373
[20:32:38] 795.7, 123.0, 5.235
[20:32:39] 692.6, 123.0, 5.179
[20:32:40] 637.1, 123.0, 5.176
[20:32:41] 637.0, 123.1, 5.173
[20:32:42] 636.9, 123.0, 5.172
[20:32:43] 664.8, 122.3, 7.812
[20:32:44] 939.2, 123.1, 5.187
[20:32:45] 645.5, 122.9, 5.181
[20:32:46] 637.3, 123.0, 5.178
[20:32:47] 637.2, 122.9, 5.177
[20:32:48] 637.1, 122.9, 5.175
[20:32:49] 711.3, 122.4, 7.818
[20:32:50] 957.7, 122.4, 7.543
[20:32:51] 880.7, 123.0, 5.192
[20:32:52] 638.2, 123.0, 5.185
[20:32:53] 638.1, 123.0, 5.177
[20:32:54] 638.0, 122.9, 5.179
[20:32:55] 637.8, 122.6, 6.532
[20:32:56] 805.7, 122.3, 7.830
[20:32:57] 959.3, 122.3, 7.855
[20:32:58] 959.5, 122.3, 7.859
[20:32:59] 952.8, 122.9, 5.276
[20:33:00] 701.4, 122.9, 5.213
[20:33:01] 639.4, 123.0, 5.211
[20:33:02] 639.3, 122.9, 5.183
[20:33:03] 639.1, 123.1, 5.176
[20:33:04] 676.2, 122.3, 7.829
[20:33:05] 958.9, 122.2, 7.849
[20:33:06] 959.1, 122.4, 7.854
[20:33:07] 959.5, 122.2, 7.878
[20:33:08] 960.1, 122.3, 7.876
[20:33:09] 960.7, 122.4, 7.875
[20:33:10] 961.2, 122.2, 7.885
[20:33:11] 941.2, 123.0, 5.221
[20:33:12] 655.8, 122.9, 5.206
[20:33:13] 640.2, 123.0, 5.198
[20:33:14] 640.1, 122.9, 5.195
[20:33:15] 639.9, 123.0, 5.189
[20:33:16] 741.6, 122.3, 7.847
[20:33:17] 960.5, 122.4, 7.853
[20:33:18] 960.7, 122.3, 7.866
[20:33:19] 961.1, 122.3, 7.879
[20:33:20] 961.5, 122.3, 7.880
[20:33:21] 962.0, 122.4, 7.884
[20:33:22] 962.5, 122.3, 7.888
[20:33:23] 962.8, 122.4, 7.887
[20:33:24] 963.3, 122.3, 7.895
[20:33:25] 963.8, 122.4, 7.900
[20:33:26] 964.3, 122.3, 7.897
[20:33:27] 964.6, 122.3, 7.899
[20:33:28] 965.0, 122.3, 7.895
[20:33:29] 965.3, 123.0, 5.384
[20:33:30] 731.3, 123.0, 5.218
[20:33:31] 642.0, 123.0, 5.206
[20:33:32] 641.8, 122.9, 5.199
[20:33:33] 641.6, 123.0, 5.195
