<<<[20:58:16] 638.0, 123.2, 5.196
[20:58:17] 638.0, 123.2, 5.190
[20:58:18] 638.0, 123.2, 5.304
[20:58:19] 653.4, 123.1, 5.284
[20:58:20] 647.3, 123.2, 5.192
[20:58:21] 638.2, 123.2, 5.180
[20:58:22] 638.1, 123.2, 5.179
[20:58:23] 638.1, 123.2, 5.196
[20:58:24] 638.1, 122.9, 6.057
[20:58:25] 732.7, 123.3, 5.191
[20:58:26] 638.0, 123.3, 5.172
[20:58:27] 637.9, 123.2, 5.197
[20:58:28] 637.9, 123.2, 5.187
[20:58:29] 637.8, 123.0, 5.751
[20:58:30] 727.2, 123.3, 5.178
[20:58:31] 637.5, 123.3, 5.189
[20:58:32] 637.5, 123.2, 5.190
[20:58:33] 637.5, 123.2, 5.191
[20:58:34] 637.5, 123.0, 5.647
[20:58:35] 726.6, 123.3, 5.191
[20:58:36] 637.8, 123.2, 5.196
[20:58:37] 637.7, 123.1, 5.169
[20:58:38] 637.7, 123.2, 5.174
[20:58:39] 637.6, 123.0, 5.580
[20:58:40] 726.8, 123.2, 5.196
[20:58:41] 638.0, 123.2, 5.187
[20:58:42] 637.9, 123.2, 5.176
[20:58:43] 637.8, 123.1, 5.188
[20:58:44] 637.8, 122.9, 5.488
[20:58:45] 726.4, 123.2, 5.194
[20:58:46] 637.5, 123.2, 5.169
[20:58:47] 637.4, 123.3, 5.186
[20:58:48] 637.4, 123.3, 5.193
[20:58:49] 637.4, 123.0, 5.391
[20:58:50] 725.8, 123.2, 5.171
[20:58:51] 637.3, 123.1, 5.194
[20:58:52] 637.3, 123.2, 5.186
[20:58:53] 637.3, 123.2, 5.163
[20:58:54] 637.2, 123.1, 5.251
[20:58:55] 724.5, 123.2, 5.189
[20:58:56] 637.5, 123.2, 5.186
[20:58:57] 637.4, 123.2, 5.191
[20:58:58] 637.4, 123.2, 5.169
[20:58:59] 637.3, 123.1, 5.186
[20:59:00] 722.5, 123.2, 5.195
[20:59:01] 637.3, 123.1, 5.187
[20:59:02] 637.2, 123.1, 5.172
[20:59:03] 637.2, 123.2, 5.189
[20:59:04] 637.1, 123.1, 5.185
[20:59:05] 718.7, 123.1, 5.193
[20:59:06] 637.6, 123.2, 5.179
[20:59:07] 637.4, 123.0, 5.188
[20:59:08] 637.4, 123.1, 5.188
[20:59:09] 637.4, 123.2, 5.171
[20:59:10] 735.9, 123.2, 5.183
[20:59:11] 661.1, 123.2, 5.186
[20:59:12] 637.5, 123.1, 5.194
[20:59:13] 637.4, 123.2, 5.185
[20:59:14] 637.4, 123.2, 5.170
[20:59:15] 720.3, 123.1, 5.206
[20:59:16] 662.6, 123.1, 5.192
[20:59:17] 637.6, 123.1, 5.186
[20:59:18] 637.5, 123.3, 5.172
[20:59:19] 637.4, 123.2, 5.184
[20:59:20] 672.5, 122.9, 6.877
[20:59:21] 779.8, 123.2, 5.193
[20:59:22] 637.6, 123.2, 5.172
[20:59:23] 637.5, 123.2, 5.185
[20:59:24] 637.4, 123.2, 5.184
[20:59:25] 637.4, 122.6, 7.759
[20:59:26] 877.4, 123.1, 5.350
[20:59:27] 714.0, 123.2, 5.188
[20:59:28] 637.8, 123.2, 5.185
[20:59:29] 637.7, 123.2, 5.186
[20:59:30] 637.7, 123.3, 5.173
[20:59:31] 658.7, 122.7, 7.820
[20:59:32] 961.3, 122.9, 7.031
[20:59:33] 789.2, 123.2, 5.202
[20:59:34] 638.8, 123.2, 5.175
[20:59:35] 638.6, 123.2, 5.190
[20:59:36] 638.5, 123.2, 5.196
[20:59:37] 638.4, 122.5, 7.687
[20:59:38] 861.5, 122.5, 7.847
[20:59:39] 963.4, 122.5, 7.872
[20:59:40] 963.7, 123.0, 5.405
[20:59:41] 723.9, 123.1, 5.185
[20:59:42] 639.0, 123.1, 5.191
[20:59:43] 638.9, 123.1, 5.197
[20:59:44] 638.8, 123.2, 5.192
[20:59:45] 638.7, 122.5, 7.829
[20:59:46] 943.3, 122.5, 7.858
[20:59:47] 965.4, 122.5, 7.869
[20:59:48] 965.5, 122.6, 7.878
[20:59:49] 965.7, 122.6, 7.885
[20:59:50] 966.1, 122.6, 7.891
[20:59:51] 914.8, 123.3, 5.225
[20:59:52] 641.4, 123.3, 5.208
[20:59:53] 641.2, 123.2, 5.205
[20:59:54] 641.0, 123.2, 5.192
[20:59:55] 640.7, 123.2, 5.196
[20:59:56] 783.1, 122.6, 7.861
[20:59:57] 965.0, 122.5, 7.874
[20:59:58] 965.1, 122.5, 7.886
[20:59:59] 965.5, 122.5, 7.897
[21:00:00] 966.0, 122.5, 7.903
[21:00:01] 966.4, 122.6, 7.894
[21:00:02] 966.8, 122.5, 7.904
[21:00:03] 967.2, 122.6, 7.906
[21:00:04] 967.6, 122.5, 7.912
[21:00:05] 968.0, 122.5, 7.907
[21:00:06] 968.4, 122.5, 7.891
[21:00:07] 820.1, 123.2, 5.231
[21:00:08] 642.6, 123.2, 5.222
[21:00:09] 642.4, 123.2, 5.209
[21:00:10] 642.1, 123.2, 5.195
