<<<[02:07:59] 637.7, 125.1, 5.094
[02:08:00] 637.8, 124.9, 5.099
[02:08:01] 637.8, 125.0, 5.183
[02:08:02] 651.0, 125.0, 5.177
[02:08:03] 650.8, 125.0, 5.167
[02:08:04] 650.3, 125.0, 5.099
[02:08:05] 639.6, 125.1, 5.097
[02:08:06] 639.4, 125.1, 5.101
[02:08:07] 639.1, 124.6, 7.032
[02:08:08] 732.5, 125.1, 5.088
[02:08:09] 637.1, 125.0, 5.088
[02:08:10] 637.0, 125.0, 5.093
[02:08:11] 636.9, 125.1, 5.088
[02:08:12] 636.9, 124.6, 7.027
[02:08:13] 731.5, 125.1, 5.093
[02:08:14] 637.1, 125.1, 5.094
[02:08:15] 637.0, 125.1, 5.101
[02:08:16] 637.2, 125.0, 5.102
[02:08:17] 637.3, 124.6, 7.027
[02:08:18] 731.3, 125.1, 5.095
[02:08:19] 636.9, 125.1, 5.091
[02:08:20] 636.9, 125.1, 5.091
[02:08:21] 637.0, 125.1, 5.088
[02:08:22] 637.0, 124.5, 7.018
[02:08:23] 730.2, 125.0, 5.096
[02:08:24] 637.8, 125.0, 5.088
[02:08:25] 637.7, 125.0, 5.089
[02:08:26] 637.6, 125.0, 5.090
[02:08:27] 637.5, 124.5, 7.015
[02:08:28] 730.2, 125.0, 5.090
[02:08:29] 637.1, 125.0, 5.090
[02:08:30] 637.1, 125.0, 5.089
[02:08:31] 637.0, 125.1, 5.085
[02:08:32] 636.9, 124.6, 7.009
[02:08:33] 729.4, 125.1, 5.089
[02:08:34] 637.3, 125.1, 5.092
[02:08:35] 637.2, 125.0, 5.088
[02:08:36] 637.2, 125.1, 5.085
[02:08:37] 637.1, 124.6, 7.004
[02:08:38] 728.4, 125.1, 5.092
[02:08:39] 636.5, 125.1, 5.086
[02:08:40] 636.5, 125.1, 5.088
[02:08:41] 636.5, 125.1, 5.091
[02:08:42] 636.6, 124.5, 6.988
[02:08:43] 725.4, 125.0, 5.090
[02:08:44] 637.1, 125.0, 5.087
[02:08:45] 637.0, 125.0, 5.100
[02:08:46] 637.1, 125.0, 5.092
[02:08:47] 637.0, 124.6, 6.996
[02:08:48] 723.3, 125.1, 5.087
[02:08:49] 636.9, 125.1, 5.088
[02:08:50] 636.8, 125.0, 5.092
[02:08:51] 636.8, 125.0, 5.089
[02:08:52] 636.8, 124.5, 7.015
[02:08:53] 715.8, 125.0, 5.092
[02:08:54] 637.1, 125.1, 5.089
[02:08:55] 637.0, 125.1, 5.086
[02:08:56] 636.9, 125.0, 5.084
[02:08:57] 636.9, 124.5, 6.974
[02:08:58] 750.6, 125.0, 5.091
[02:08:59] 636.5, 125.0, 5.089
[02:09:00] 636.5, 125.1, 5.087
[02:09:01] 636.5, 125.1, 5.086
[02:09:02] 636.5, 125.0, 5.092
[02:09:03] 760.5, 124.9, 5.172
[02:09:04] 698.5, 125.0, 5.090
[02:09:05] 637.1, 124.9, 5.091
[02:09:06] 637.1, 124.9, 5.093
[02:09:07] 637.0, 124.9, 5.090
[02:09:08] 666.0, 124.3, 7.677
[02:09:09] 886.5, 125.1, 5.093
[02:09:10] 637.5, 125.1, 5.093
[02:09:11] 637.4, 125.1, 5.091
[02:09:12] 637.3, 125.1, 5.088
[02:09:13] 637.2, 125.0, 5.092
[02:09:14] 782.5, 124.4, 7.692
[02:09:15] 943.7, 124.9, 5.109
[02:09:16] 652.6, 125.0, 5.095
[02:09:17] 637.5, 125.1, 5.096
[02:09:18] 637.4, 125.1, 5.092
[02:09:19] 637.3, 125.0, 5.090
[02:09:20] 697.9, 124.3, 7.692
[02:09:21] 958.1, 124.3, 7.712
[02:09:22] 958.4, 124.6, 7.169
[02:09:23] 827.6, 125.1, 5.107
[02:09:24] 639.4, 125.0, 5.100
[02:09:25] 639.2, 125.0, 5.093
[02:09:26] 639.0, 125.1, 5.093
[02:09:27] 638.7, 124.5, 7.485
[02:09:28] 850.6, 124.3, 7.707
[02:09:29] 960.1, 124.4, 7.712
[02:09:30] 960.2, 124.4, 7.724
[02:09:31] 960.5, 124.3, 7.734
[02:09:32] 960.8, 124.5, 7.240
[02:09:33] 834.7, 125.0, 5.113
[02:09:34] 639.2, 125.0, 5.103
[02:09:35] 639.0, 124.9, 5.099
[02:09:36] 638.9, 125.1, 5.095
[02:09:37] 638.7, 124.4, 7.319
[02:09:38] 836.5, 124.3, 7.712
[02:09:39] 960.5, 124.4, 7.720
[02:09:40] 960.6, 124.4, 7.733
[02:09:41] 960.9, 124.3, 7.742
[02:09:42] 961.4, 124.3, 7.748
[02:09:43] 961.8, 124.4, 7.748
[02:09:44] 962.2, 124.4, 7.751
[02:09:45] 962.6, 124.3, 7.759
[02:09:46] 963.0, 124.3, 7.763
[02:09:47] 963.5, 124.7, 6.802
[02:09:48] 809.3, 124.9, 5.327
[02:09:49] 666.2, 125.0, 5.314
[02:09:50] 660.3, 125.1, 5.123
[02:09:51] 643.2, 125.1, 5.107
