<<<[14:32:03] 649.0, 122.5, 5.280
[14:32:04] 648.5, 122.6, 5.279
[14:32:05] 648.2, 122.5, 5.280
[14:32:06] 648.0, 122.5, 5.401
[14:32:07] 662.4, 122.5, 5.430
[14:32:08] 662.4, 122.5, 5.421
[14:32:09] 662.4, 122.5, 5.404
[14:32:10] 662.4, 122.7, 5.391
[14:32:11] 662.3, 122.5, 5.430
[14:32:12] 662.4, 122.6, 5.406
[14:32:13] 662.3, 122.6, 5.397
[14:32:14] 662.2, 122.6, 5.389
[14:32:15] 662.2, 122.6, 5.424
[14:32:16] 662.3, 122.6, 5.407
[14:32:17] 662.3, 122.5, 5.401
[14:32:18] 662.4, 122.4, 5.406
[14:32:19] 662.3, 122.6, 5.411
[14:32:20] 662.3, 122.4, 5.402
[14:32:21] 662.4, 122.5, 5.404
[14:32:22] 662.4, 122.5, 5.409
[14:32:23] 662.3, 122.6, 5.404
[14:32:24] 662.3, 122.5, 5.395
[14:32:25] 662.8, 122.5, 5.453
[14:32:26] 662.9, 122.5, 5.393
[14:32:27] 663.0, 122.4, 5.492
[14:32:28] 663.6, 122.5, 5.420
[14:32:29] 663.8, 122.5, 5.411
[14:32:30] 664.3, 122.5, 5.418
[14:32:31] 664.8, 122.5, 5.483
[14:32:32] 664.6, 122.5, 5.402
[14:32:33] 664.9, 122.5, 5.431
[14:32:34] 664.5, 122.6, 5.387
[14:32:35] 664.4, 122.5, 5.543
[14:32:36] 675.6, 122.5, 5.535
[14:32:37] 668.9, 122.6, 5.398
[14:32:38] 663.6, 122.5, 5.428
[14:32:39] 663.3, 122.6, 5.425
[14:32:40] 663.7, 122.5, 5.394
[14:32:41] 663.5, 122.5, 5.405
[14:32:42] 663.4, 122.4, 5.499
[14:32:43] 670.3, 122.6, 5.397
[14:32:44] 663.2, 122.5, 5.393
[14:32:45] 662.8, 122.6, 5.460
[14:32:46] 663.1, 122.5, 5.380
[14:32:47] 663.2, 122.5, 5.414
[14:32:48] 662.9, 122.3, 5.541
[14:32:49] 677.2, 122.5, 5.502
[14:32:50] 676.7, 122.5, 5.482
[14:32:51] 670.1, 122.5, 5.420
[14:32:52] 662.6, 122.5, 5.423
[14:32:53] 662.2, 122.5, 5.269
[14:32:54] 645.7, 122.6, 5.249
[14:32:55] 645.5, 122.6, 5.269
[14:32:56] 645.3, 122.5, 5.265
[14:32:57] 645.1, 122.6, 5.265
[14:32:58] 691.6, 122.6, 5.294
[14:32:59] 691.8, 122.6, 5.268
[14:33:00] 644.3, 122.6, 5.261
[14:33:01] 644.2, 122.5, 5.261
[14:33:02] 644.1, 122.6, 5.245
[14:33:03] 682.9, 122.6, 5.308
[14:33:04] 695.1, 122.5, 5.265
[14:33:05] 643.7, 122.6, 5.267
[14:33:06] 643.7, 122.5, 5.244
[14:33:07] 643.7, 122.5, 5.260
[14:33:08] 672.9, 122.7, 5.306
[14:33:09] 696.9, 122.5, 5.261
[14:33:10] 643.9, 122.7, 5.246
[14:33:11] 643.8, 122.7, 5.264
[14:33:12] 643.9, 122.6, 5.263
[14:33:13] 644.0, 122.6, 5.927
[14:33:14] 759.7, 122.6, 5.244
[14:33:15] 643.7, 122.6, 5.264
[14:33:16] 643.6, 122.6, 5.259
[14:33:17] 643.6, 122.6, 5.256
[14:33:18] 643.6, 122.0, 7.949
[14:33:19] 827.8, 122.6, 5.265
[14:33:20] 644.1, 122.6, 5.259
[14:33:21] 644.0, 122.7, 5.258
[14:33:22] 643.9, 122.6, 5.241
[14:33:23] 643.9, 122.6, 5.262
[14:33:24] 777.8, 122.2, 7.375
[14:33:25] 829.4, 122.7, 5.268
[14:33:26] 644.3, 122.6, 5.242
[14:33:27] 644.2, 122.7, 5.259
[14:33:28] 644.1, 122.7, 5.260
[14:33:29] 644.1, 122.0, 7.657
[14:33:30] 853.2, 122.1, 7.997
[14:33:31] 968.9, 122.7, 5.329
[14:33:32] 702.4, 122.7, 5.263
[14:33:33] 644.1, 122.7, 5.257
[14:33:34] 644.0, 122.8, 5.246
[14:33:35] 644.0, 122.6, 5.266
[14:33:36] 674.3, 122.0, 7.992
[14:33:37] 977.0, 121.9, 8.006
[14:33:38] 977.2, 122.0, 8.015
[14:33:39] 977.2, 122.6, 5.353
[14:33:40] 705.0, 122.7, 5.280
[14:33:41] 645.3, 122.5, 5.269
[14:33:42] 645.1, 122.6, 5.246
[14:33:43] 645.0, 122.6, 5.265
[14:33:44] 645.4, 121.8, 7.997
[14:33:45] 978.2, 122.0, 8.003
[14:33:46] 978.2, 121.9, 8.028
[14:33:47] 978.4, 121.9, 8.032
[14:33:48] 978.6, 121.8, 8.034
[14:33:49] 978.9, 121.9, 8.036
[14:33:50] 979.2, 122.5, 6.248
[14:33:51] 768.3, 122.5, 5.285
[14:33:52] 646.1, 122.5, 5.281
[14:33:53] 646.0, 122.6, 5.276
[14:33:54] 645.8, 122.5, 5.251
[14:33:55] 645.6, 121.8, 7.982
[14:33:56] 934.9, 121.8, 8.021
[14:33:57] 979.0, 121.8, 8.033
[14:33:58] 979.1, 121.9, 8.043
[14:33:59] 979.4, 121.9, 8.041
[14:34:00] 979.7, 121.9, 8.047
[14:34:01] 980.0, 121.8, 8.050
[14:34:02] 980.3, 121.9, 8.058
[14:34:03] 980.6, 121.8, 8.062
[14:34:04] 981.0, 121.8, 8.071
[14:34:05] 981.4, 121.8, 8.043
[14:34:06] 981.7, 121.9, 8.065
[14:34:07] 982.0, 122.4, 6.270
[14:34:08] 788.8, 122.6, 5.294
[14:34:09] 647.1, 122.6, 5.285
[14:34:10] 646.9, 122.6, 5.260
[14:34:11] 646.8, 122.6, 5.272
