<<<[03:27:20] 643.5, 125.3, 5.128
[03:27:21] 643.5, 125.3, 5.130
[03:27:22] 643.6, 125.3, 5.127
[03:27:23] 650.6, 125.2, 5.286
[03:27:24] 663.0, 125.3, 5.297
[03:27:25] 662.7, 125.2, 5.185
[03:27:26] 648.7, 125.3, 5.133
[03:27:27] 643.6, 125.3, 5.134
[03:27:28] 643.6, 125.3, 5.134
[03:27:29] 643.6, 125.3, 5.133
[03:27:30] 704.2, 125.2, 5.188
[03:27:31] 680.2, 125.4, 5.129
[03:27:32] 643.0, 125.3, 5.129
[03:27:33] 642.9, 125.3, 5.127
[03:27:34] 642.9, 125.2, 5.128
[03:27:35] 700.8, 125.4, 5.149
[03:27:36] 679.2, 125.4, 5.128
[03:27:37] 643.0, 125.3, 5.128
[03:27:38] 642.9, 125.3, 5.128
[03:27:39] 643.0, 125.2, 5.131
[03:27:40] 699.1, 125.2, 5.151
[03:27:41] 680.6, 125.2, 5.131
[03:27:42] 643.0, 125.3, 5.129
[03:27:43] 643.0, 125.3, 5.132
[03:27:44] 643.2, 125.2, 5.128
[03:27:45] 696.7, 125.3, 5.153
[03:27:46] 682.3, 125.3, 5.129
[03:27:47] 642.8, 125.3, 5.128
[03:27:48] 642.7, 125.3, 5.127
[03:27:49] 642.7, 125.3, 5.127
[03:27:50] 693.5, 125.3, 5.155
[03:27:51] 683.9, 125.2, 5.130
[03:27:52] 642.8, 125.2, 5.125
[03:27:53] 642.7, 125.3, 5.124
[03:27:54] 642.7, 125.4, 5.128
[03:27:55] 690.0, 125.3, 5.158
[03:27:56] 689.4, 125.3, 5.129
[03:27:57] 642.6, 125.2, 5.127
[03:27:58] 642.6, 125.3, 5.127
[03:27:59] 642.5, 125.3, 5.127
[03:28:00] 685.1, 125.3, 5.158
[03:28:01] 685.3, 125.3, 5.130
[03:28:02] 642.8, 125.3, 5.130
[03:28:03] 642.7, 125.3, 5.124
[03:28:04] 642.7, 125.2, 5.126
[03:28:05] 676.8, 125.3, 5.160
[03:28:06] 688.0, 125.3, 5.128
[03:28:07] 642.6, 125.3, 5.126
[03:28:08] 642.5, 125.3, 5.126
[03:28:09] 642.5, 125.2, 5.130
[03:28:10] 654.4, 125.2, 5.629
[03:28:11] 747.3, 125.3, 5.129
[03:28:12] 642.6, 125.3, 5.127
[03:28:13] 642.5, 125.3, 5.130
[03:28:14] 642.5, 125.2, 5.127
[03:28:15] 642.6, 124.7, 7.251
[03:28:16] 831.9, 125.3, 5.134
[03:28:17] 643.2, 125.3, 5.133
[03:28:18] 643.1, 125.2, 5.131
[03:28:19] 643.1, 125.2, 5.131
[03:28:20] 643.0, 124.7, 7.099
[03:28:21] 828.0, 125.3, 5.182
[03:28:22] 695.1, 125.2, 5.135
[03:28:23] 643.2, 125.2, 5.133
[03:28:24] 643.1, 125.3, 5.127
[03:28:25] 643.0, 125.3, 5.129
[03:28:26] 643.0, 124.5, 7.708
[03:28:27] 959.1, 125.1, 5.803
[03:28:28] 759.5, 125.2, 5.139
[03:28:29] 643.7, 125.3, 5.133
[03:28:30] 643.6, 125.3, 5.131
[03:28:31] 643.5, 125.2, 5.129
[03:28:32] 643.4, 124.6, 7.676
[03:28:33] 904.2, 124.6, 7.731
[03:28:34] 964.2, 124.7, 7.673
[03:28:35] 887.2, 125.3, 5.152
[03:28:36] 645.3, 125.3, 5.144
[03:28:37] 645.1, 125.2, 5.140
[03:28:38] 645.0, 125.2, 5.136
[03:28:39] 644.8, 125.0, 5.362
[03:28:40] 795.7, 124.6, 7.727
[03:28:41] 963.8, 124.7, 7.743
[03:28:42] 964.0, 124.6, 7.753
[03:28:43] 964.4, 124.5, 7.764
[03:28:44] 964.8, 125.1, 5.990
[03:28:45] 768.9, 125.3, 5.156
[03:28:46] 645.7, 125.3, 5.146
[03:28:47] 645.5, 125.2, 5.144
[03:28:48] 645.3, 125.2, 5.141
[03:28:49] 645.1, 124.5, 7.691
[03:28:50] 900.2, 124.5, 7.741
[03:28:51] 965.4, 124.6, 7.758
[03:28:52] 965.6, 124.6, 7.766
[03:28:53] 965.9, 124.6, 7.769
[03:28:54] 966.2, 124.5, 7.776
[03:28:55] 966.7, 124.5, 7.779
[03:28:56] 967.1, 124.6, 7.787
[03:28:57] 967.6, 124.6, 7.791
[03:28:58] 968.0, 124.5, 7.787
[03:28:59] 899.6, 125.2, 5.177
[03:29:00] 648.1, 125.2, 5.163
[03:29:01] 647.9, 125.1, 5.158
[03:29:02] 647.6, 125.2, 5.153
[03:29:03] 647.3, 125.2, 5.149
[03:29:04] 790.4, 124.5, 7.747
[03:29:05] 966.0, 124.5, 7.757
[03:29:06] 966.2, 124.6, 7.768
[03:29:07] 966.5, 124.5, 7.776
[03:29:08] 967.0, 124.6, 7.785
[03:29:09] 967.4, 124.6, 7.790
[03:29:10] 968.0, 124.6, 7.787
[03:29:11] 968.4, 124.6, 7.787
[03:29:12] 968.8, 124.5, 7.791
[03:29:13] 969.1, 124.6, 7.799
[03:29:14] 969.6, 124.6, 7.799
[03:29:15] 970.0, 124.6, 7.801
[03:29:16] 970.4, 124.5, 7.803
[03:29:17] 970.7, 124.5, 7.802
[03:29:18] 971.0, 124.6, 7.806
[03:29:19] 971.3, 124.6, 7.808
[03:29:20] 971.6, 124.5, 7.809
[03:29:21] 971.8, 124.6, 7.807
[03:29:22] 972.1, 125.2, 5.277
[03:29:23] 726.0, 125.3, 5.180
[03:29:24] 648.7, 125.2, 5.169
[03:29:25] 648.5, 125.2, 5.160
[03:29:26] 648.3, 125.2, 5.159
