<<<[02:31:24] 640.5, 125.0, 5.116
[02:31:25] 640.2, 125.1, 5.102
[02:31:26] 640.0, 125.1, 5.254
[02:31:27] 656.9, 125.0, 5.157
[02:31:28] 643.7, 125.0, 5.119
[02:31:29] 638.6, 125.1, 5.115
[02:31:30] 638.5, 125.0, 5.105
[02:31:31] 638.4, 125.1, 5.116
[02:31:32] 638.4, 124.6, 7.050
[02:31:33] 732.5, 125.1, 5.111
[02:31:34] 637.6, 125.1, 5.098
[02:31:35] 637.5, 125.0, 5.116
[02:31:36] 637.6, 125.0, 5.119
[02:31:37] 637.6, 124.6, 7.059
[02:31:38] 728.6, 125.0, 5.101
[02:31:39] 637.3, 125.0, 5.112
[02:31:40] 637.3, 125.0, 5.111
[02:31:41] 637.3, 125.0, 5.093
[02:31:42] 637.3, 124.5, 7.057
[02:31:43] 727.6, 125.0, 5.110
[02:31:44] 637.5, 125.0, 5.106
[02:31:45] 637.4, 125.1, 5.107
[02:31:46] 637.4, 125.1, 5.093
[02:31:47] 637.3, 124.6, 7.057
[02:31:48] 727.2, 125.1, 5.118
[02:31:49] 638.2, 125.1, 5.111
[02:31:50] 638.1, 125.1, 5.100
[02:31:51] 638.0, 125.1, 5.117
[02:31:52] 638.1, 124.6, 7.054
[02:31:53] 727.2, 125.1, 5.114
[02:31:54] 638.0, 125.1, 5.103
[02:31:55] 637.9, 125.1, 5.114
[02:31:56] 637.9, 125.1, 5.109
[02:31:57] 637.8, 124.5, 7.053
[02:31:58] 726.0, 125.1, 5.099
[02:31:59] 637.3, 125.0, 5.119
[02:32:00] 637.4, 125.0, 5.120
[02:32:01] 637.6, 125.1, 5.115
[02:32:02] 637.7, 124.6, 7.047
[02:32:03] 724.3, 125.2, 5.106
[02:32:04] 637.5, 125.2, 5.104
[02:32:05] 637.4, 125.1, 5.105
[02:32:06] 637.4, 125.1, 5.096
[02:32:07] 637.3, 124.6, 7.020
[02:32:08] 720.3, 125.1, 5.103
[02:32:09] 637.1, 125.1, 5.105
[02:32:10] 637.0, 125.1, 5.095
[02:32:11] 637.0, 125.2, 5.104
[02:32:12] 637.0, 124.6, 7.036
[02:32:13] 714.8, 125.1, 5.089
[02:32:14] 636.7, 125.2, 5.093
[02:32:15] 636.7, 125.1, 5.104
[02:32:16] 636.6, 125.1, 5.101
[02:32:17] 636.6, 124.7, 7.066
[02:32:18] 752.2, 125.2, 5.097
[02:32:19] 636.9, 125.2, 5.104
[02:32:20] 636.9, 125.0, 5.102
[02:32:21] 636.8, 125.1, 5.101
[02:32:22] 636.8, 124.6, 6.736
[02:32:23] 778.0, 125.1, 5.110
[02:32:24] 637.1, 125.2, 5.111
[02:32:25] 637.1, 125.2, 5.106
[02:32:26] 637.1, 125.2, 5.093
[02:32:27] 637.0, 125.1, 5.104
[02:32:28] 732.9, 125.1, 5.472
[02:32:29] 733.3, 125.1, 5.091
[02:32:30] 637.5, 125.1, 5.095
[02:32:31] 637.4, 125.1, 5.106
[02:32:32] 637.3, 125.2, 5.103
[02:32:33] 637.2, 124.6, 7.475
[02:32:34] 889.2, 125.0, 5.483
[02:32:35] 734.9, 125.2, 5.108
[02:32:36] 637.3, 125.2, 5.108
[02:32:37] 637.3, 125.1, 5.100
[02:32:38] 637.1, 125.2, 5.090
[02:32:39] 637.0, 124.6, 7.489
[02:32:40] 905.7, 124.4, 7.526
[02:32:41] 937.4, 125.1, 5.527
[02:32:42] 732.5, 125.1, 5.107
[02:32:43] 638.0, 125.1, 5.108
[02:32:44] 637.8, 125.2, 5.106
[02:32:45] 637.8, 125.1, 5.085
[02:32:46] 637.9, 124.6, 7.502
[02:32:47] 936.4, 124.5, 7.531
[02:32:48] 936.7, 124.5, 7.544
[02:32:49] 937.1, 124.6, 7.545
[02:32:50] 924.6, 125.1, 5.121
[02:32:51] 638.8, 125.1, 5.120
[02:32:52] 638.8, 125.2, 5.116
[02:32:53] 638.6, 125.1, 5.112
[02:32:54] 638.5, 125.1, 5.105
[02:32:55] 708.9, 124.5, 7.524
[02:32:56] 937.6, 124.6, 7.538
[02:32:57] 937.9, 124.5, 7.546
[02:32:58] 938.2, 124.5, 7.555
[02:32:59] 938.7, 124.5, 7.565
[02:33:00] 939.3, 124.6, 7.564
[02:33:01] 939.7, 124.5, 7.567
[02:33:02] 940.2, 124.5, 7.161
[02:33:03] 803.4, 125.1, 5.130
[02:33:04] 640.2, 125.2, 5.121
[02:33:05] 640.0, 125.2, 5.117
[02:33:06] 639.8, 125.1, 5.105
[02:33:07] 639.5, 124.5, 7.392
[02:33:08] 847.1, 124.5, 7.540
[02:33:09] 940.4, 124.6, 7.550
[02:33:10] 940.5, 124.6, 7.556
[02:33:11] 940.7, 124.4, 7.567
[02:33:12] 941.0, 124.5, 7.572
[02:33:13] 941.4, 124.6, 7.563
[02:33:14] 941.6, 124.5, 7.573
[02:33:15] 942.0, 124.5, 7.575
[02:33:16] 942.3, 124.5, 7.583
[02:33:17] 942.7, 124.6, 7.585
[02:33:18] 943.1, 124.5, 7.587
[02:33:19] 943.4, 124.5, 7.587
[02:33:20] 943.8, 124.5, 7.583
[02:33:21] 944.0, 124.5, 7.589
[02:33:22] 944.2, 125.1, 5.651
[02:33:23] 756.9, 125.0, 5.147
[02:33:24] 641.8, 125.1, 5.150
[02:33:25] 641.8, 125.1, 5.139
[02:33:26] 641.8, 125.1, 5.119
