<<<[08:20:47] 648.8, 124.1, 5.207
[08:20:48] 648.5, 124.1, 5.204
[08:20:49] 648.2, 124.0, 5.205
[08:20:50] 648.1, 124.1, 5.401
[08:20:51] 668.9, 124.0, 5.367
[08:20:52] 668.7, 124.0, 5.346
[08:20:53] 668.5, 124.1, 5.365
[08:20:54] 668.4, 124.1, 5.338
[08:20:55] 668.0, 124.0, 5.348
[08:20:56] 668.0, 124.2, 5.344
[08:20:57] 667.7, 124.0, 5.360
[08:20:58] 667.4, 124.1, 5.368
[08:20:59] 667.4, 124.1, 5.208
[08:21:00] 647.1, 124.1, 5.204
[08:21:01] 647.0, 124.1, 5.206
[08:21:02] 646.9, 124.0, 5.198
[08:21:03] 646.7, 124.1, 5.202
[08:21:04] 671.1, 124.0, 5.336
[08:21:05] 715.8, 124.2, 5.201
[08:21:06] 645.1, 124.1, 5.187
[08:21:07] 645.0, 124.2, 5.194
[08:21:08] 644.9, 124.1, 5.196
[08:21:09] 664.0, 124.2, 5.319
[08:21:10] 715.8, 124.1, 5.187
[08:21:11] 644.7, 124.2, 5.198
[08:21:12] 644.7, 124.1, 5.199
[08:21:13] 644.9, 124.1, 5.196
[08:21:14] 662.1, 124.1, 5.324
[08:21:15] 716.8, 124.1, 5.204
[08:21:16] 644.7, 124.2, 5.197
[08:21:17] 644.6, 124.2, 5.196
[08:21:18] 644.6, 124.1, 5.186
[08:21:19] 657.1, 124.2, 5.343
[08:21:20] 718.5, 124.1, 5.197
[08:21:21] 644.3, 124.1, 5.194
[08:21:22] 644.3, 124.2, 5.183
[08:21:23] 644.2, 124.1, 5.195
[08:21:24] 644.4, 124.1, 5.353
[08:21:25] 725.0, 124.1, 5.198
[08:21:26] 644.5, 124.2, 5.182
[08:21:27] 644.4, 124.1, 5.193
[08:21:28] 644.3, 124.1, 5.192
[08:21:29] 644.3, 123.9, 6.929
[08:21:30] 765.8, 124.1, 5.186
[08:21:31] 644.5, 124.1, 5.200
[08:21:32] 644.6, 124.1, 5.191
[08:21:33] 644.6, 124.1, 5.194
[08:21:34] 644.7, 123.5, 7.541
[08:21:35] 795.7, 124.1, 5.205
[08:21:36] 644.9, 124.0, 5.196
[08:21:37] 644.8, 124.2, 5.191
[08:21:38] 644.7, 124.1, 5.184
[08:21:39] 644.6, 123.5, 6.790
[08:21:40] 826.4, 124.0, 5.402
[08:21:41] 724.5, 124.0, 5.202
[08:21:42] 644.9, 124.0, 5.191
[08:21:43] 644.8, 124.0, 5.201
[08:21:44] 644.9, 124.0, 5.198
[08:21:45] 653.0, 123.4, 7.987
[08:21:46] 988.4, 123.9, 5.411
[08:21:47] 726.0, 124.1, 5.212
[08:21:48] 645.9, 124.0, 5.210
[08:21:49] 645.8, 123.9, 5.210
[08:21:50] 645.8, 123.9, 5.196
[08:21:51] 645.8, 123.3, 8.000
[08:21:52] 988.6, 123.4, 8.015
[08:21:53] 988.9, 124.1, 5.443
[08:21:54] 733.7, 124.1, 5.203
[08:21:55] 646.3, 124.1, 5.209
[08:21:56] 646.2, 124.1, 5.204
[08:21:57] 646.1, 124.2, 5.201
[08:21:58] 646.0, 123.5, 7.998
[08:21:59] 974.6, 123.4, 8.018
[08:22:00] 991.4, 123.4, 8.028
[08:22:01] 991.5, 123.4, 8.036
[08:22:02] 991.8, 124.2, 5.455
[08:22:03] 743.0, 124.2, 5.219
[08:22:04] 647.3, 124.1, 5.210
[08:22:05] 647.1, 124.1, 5.211
[08:22:06] 647.0, 124.2, 5.195
[08:22:07] 646.8, 123.5, 7.986
[08:22:08] 947.7, 123.4, 8.023
[08:22:09] 991.6, 123.5, 8.029
[08:22:10] 991.7, 123.4, 8.041
[08:22:11] 992.1, 123.4, 8.051
[08:22:12] 992.5, 123.4, 8.050
[08:22:13] 992.9, 123.4, 8.060
[08:22:14] 993.3, 123.4, 8.057
[08:22:15] 993.6, 123.5, 7.314
[08:22:16] 811.8, 124.1, 5.227
[08:22:17] 648.1, 124.1, 5.220
[08:22:18] 648.0, 124.1, 5.203
[08:22:19] 647.7, 124.1, 5.210
[08:22:20] 647.5, 123.5, 7.899
[08:22:21] 892.2, 123.4, 8.022
[08:22:22] 992.2, 123.5, 8.038
[08:22:23] 992.3, 123.4, 8.046
[08:22:24] 992.7, 123.5, 8.049
[08:22:25] 993.1, 123.6, 8.029
[08:22:26] 993.5, 123.4, 8.064
[08:22:27] 993.9, 123.5, 8.064
[08:22:28] 994.3, 123.3, 8.082
[08:22:29] 994.8, 123.5, 8.077
[08:22:30] 995.2, 123.4, 8.073
[08:22:31] 995.6, 123.4, 8.082
[08:22:32] 996.0, 123.3, 8.082
[08:22:33] 996.3, 123.4, 8.084
[08:22:34] 996.7, 123.4, 8.086
[08:22:35] 997.0, 123.4, 8.079
[08:22:36] 997.3, 123.4, 8.084
[08:22:37] 860.5, 124.0, 5.241
[08:22:38] 649.7, 124.1, 5.220
[08:22:39] 649.4, 124.0, 5.224
[08:22:40] 649.2, 124.0, 5.219
