<<<[08:47:52] 645.2, 123.7, 5.201
[08:47:53] 645.0, 123.6, 5.203
[08:47:54] 644.9, 123.7, 5.282
[08:47:55] 660.9, 123.7, 5.411
[08:47:56] 668.6, 123.5, 5.447
[08:47:57] 668.6, 123.6, 5.395
[08:47:58] 668.3, 123.6, 5.362
[08:47:59] 667.7, 123.6, 5.362
[08:48:00] 667.3, 123.7, 5.343
[08:48:01] 666.9, 123.7, 5.340
[08:48:02] 666.5, 123.8, 5.285
[08:48:03] 659.3, 123.6, 5.243
[08:48:04] 648.3, 123.8, 5.201
[08:48:05] 647.7, 123.7, 5.202
[08:48:06] 647.3, 123.7, 5.202
[08:48:07] 647.0, 123.4, 6.639
[08:48:08] 738.6, 123.7, 5.197
[08:48:09] 643.9, 123.8, 5.199
[08:48:10] 643.9, 123.7, 5.197
[08:48:11] 643.9, 123.7, 5.197
[08:48:12] 643.8, 123.4, 6.420
[08:48:13] 732.9, 123.8, 5.201
[08:48:14] 643.2, 123.7, 5.193
[08:48:15] 643.2, 123.7, 5.201
[08:48:16] 643.3, 123.8, 5.194
[08:48:17] 643.3, 123.3, 6.345
[08:48:18] 732.3, 123.7, 5.200
[08:48:19] 643.7, 123.6, 5.202
[08:48:20] 643.7, 123.7, 5.196
[08:48:21] 643.6, 123.8, 5.194
[08:48:22] 643.6, 123.3, 6.255
[08:48:23] 731.1, 123.7, 5.215
[08:48:24] 644.9, 123.6, 5.215
[08:48:25] 644.9, 123.7, 5.214
[08:48:26] 644.8, 123.7, 5.198
[08:48:27] 644.7, 123.3, 6.168
[08:48:28] 730.8, 123.7, 5.199
[08:48:29] 643.6, 123.7, 5.202
[08:48:30] 643.5, 123.6, 5.202
[08:48:31] 643.5, 123.7, 5.199
[08:48:32] 643.5, 123.3, 6.004
[08:48:33] 729.0, 123.7, 5.197
[08:48:34] 643.4, 123.7, 5.194
[08:48:35] 643.4, 123.7, 5.198
[08:48:36] 643.4, 123.6, 5.199
[08:48:37] 643.4, 123.6, 5.283
[08:48:38] 725.4, 123.6, 5.199
[08:48:39] 643.6, 123.7, 5.198
[08:48:40] 643.6, 123.7, 5.197
[08:48:41] 643.6, 123.8, 5.197
[08:48:42] 643.5, 123.7, 5.198
[08:48:43] 756.1, 123.7, 5.203
[08:48:44] 655.4, 123.7, 5.198
[08:48:45] 643.6, 123.7, 5.200
[08:48:46] 643.5, 123.7, 5.198
[08:48:47] 643.4, 123.7, 5.199
[08:48:48] 742.6, 123.6, 5.285
[08:48:49] 706.1, 123.7, 5.203
[08:48:50] 643.6, 123.6, 5.201
[08:48:51] 643.6, 123.6, 5.200
[08:48:52] 643.5, 123.7, 5.198
[08:48:53] 683.1, 123.1, 7.263
[08:48:54] 840.0, 123.8, 5.202
[08:48:55] 644.1, 123.7, 5.202
[08:48:56] 644.0, 123.7, 5.196
[08:48:57] 643.9, 123.7, 5.197
[08:48:58] 643.8, 122.9, 8.091
[08:48:59] 906.3, 123.7, 5.307
[08:49:00] 718.2, 123.6, 5.206
[08:49:01] 644.3, 123.7, 5.201
[08:49:02] 644.1, 123.7, 5.201
[08:49:03] 644.2, 123.6, 5.211
[08:49:04] 644.2, 123.0, 8.211
[08:49:05] 987.0, 122.9, 8.218
[08:49:06] 937.0, 123.7, 5.218
[08:49:07] 645.9, 123.6, 5.211
[08:49:08] 645.7, 123.6, 5.206
[08:49:09] 645.6, 123.6, 5.202
[08:49:10] 645.3, 123.7, 5.199
[08:49:11] 779.4, 122.9, 8.227
[08:49:12] 1013.8, 122.9, 8.263
[08:49:13] 1014.2, 122.9, 8.266
[08:49:14] 986.1, 123.7, 5.238
[08:49:15] 667.0, 123.6, 5.224
[08:49:16] 646.5, 123.6, 5.214
[08:49:17] 646.3, 123.7, 5.212
[08:49:18] 646.1, 123.6, 5.206
[08:49:19] 739.2, 123.0, 8.246
[08:49:20] 1015.0, 122.9, 8.263
[08:49:21] 1015.2, 123.0, 8.272
[08:49:22] 1015.6, 122.9, 8.275
[08:49:23] 1016.0, 123.0, 8.294
[08:49:24] 1016.6, 122.9, 8.296
[08:49:25] 1016.5, 123.7, 5.377
[08:49:26] 721.3, 123.7, 5.231
[08:49:27] 647.5, 123.7, 5.223
[08:49:28] 647.4, 123.6, 5.219
[08:49:29] 647.2, 123.7, 5.215
[08:49:30] 661.3, 122.9, 8.251
[08:49:31] 1016.6, 123.0, 8.268
[08:49:32] 1016.7, 122.9, 8.285
[08:49:33] 1017.1, 122.9, 8.301
[08:49:34] 1017.6, 122.9, 8.296
[08:49:35] 1018.1, 122.9, 8.277
[08:49:36] 1018.6, 122.9, 8.314
[08:49:37] 1019.2, 122.9, 8.316
[08:49:38] 1019.8, 122.9, 8.323
[08:49:39] 1020.4, 122.8, 8.329
[08:49:40] 1021.0, 122.8, 8.331
[08:49:41] 1021.5, 122.9, 8.334
[08:49:42] 1022.1, 123.6, 5.979
[08:49:43] 795.7, 123.6, 5.248
[08:49:44] 650.0, 123.6, 5.240
[08:49:45] 649.8, 123.5, 5.237
[08:49:46] 649.5, 123.7, 5.227
