<<<[09:51:05] 658.8, 123.5, 5.232
[09:51:06] 647.7, 123.5, 5.237
[09:51:07] 647.4, 123.4, 5.368
[09:51:08] 661.7, 123.3, 5.373
[09:51:09] 662.0, 123.3, 5.378
[09:51:10] 661.5, 123.5, 5.235
[09:51:11] 646.3, 123.5, 5.232
[09:51:12] 646.4, 123.3, 5.235
[09:51:13] 646.4, 123.3, 5.230
[09:51:14] 646.4, 123.1, 5.723
[09:51:15] 741.8, 123.4, 5.259
[09:51:16] 648.9, 123.4, 5.231
[09:51:17] 648.5, 123.4, 5.219
[09:51:18] 648.2, 123.4, 5.223
[09:51:19] 647.9, 123.3, 5.528
[09:51:20] 739.6, 123.4, 5.229
[09:51:21] 646.1, 123.4, 5.227
[09:51:22] 646.0, 123.3, 5.233
[09:51:23] 646.0, 123.5, 5.228
[09:51:24] 646.0, 123.2, 5.429
[09:51:25] 739.2, 123.3, 5.228
[09:51:26] 645.7, 123.4, 5.238
[09:51:27] 645.7, 123.4, 5.229
[09:51:28] 645.7, 123.3, 5.227
[09:51:29] 645.7, 123.2, 5.381
[09:51:30] 739.2, 123.4, 5.237
[09:51:31] 645.7, 123.4, 5.241
[09:51:32] 645.8, 123.3, 5.246
[09:51:33] 645.9, 123.3, 5.245
[09:51:34] 646.0, 123.4, 5.296
[09:51:35] 738.6, 123.3, 5.231
[09:51:36] 645.7, 123.4, 5.223
[09:51:37] 645.7, 123.4, 5.225
[09:51:38] 645.6, 123.4, 5.230
[09:51:39] 645.6, 123.4, 5.226
[09:51:40] 737.4, 123.4, 5.229
[09:51:41] 645.7, 123.4, 5.226
[09:51:42] 645.6, 123.4, 5.233
[09:51:43] 645.5, 123.3, 5.225
[09:51:44] 645.5, 123.4, 5.226
[09:51:45] 735.9, 123.3, 5.226
[09:51:46] 645.5, 123.3, 5.223
[09:51:47] 645.4, 123.4, 5.223
[09:51:48] 645.5, 123.4, 5.247
[09:51:49] 645.6, 123.3, 5.248
[09:51:50] 733.7, 123.3, 5.235
[09:51:51] 644.9, 123.4, 5.229
[09:51:52] 645.0, 123.3, 5.230
[09:51:53] 645.0, 123.3, 5.227
[09:51:54] 645.1, 123.2, 5.232
[09:51:55] 728.4, 123.2, 5.231
[09:51:56] 645.9, 123.3, 5.233
[09:51:57] 645.9, 123.3, 5.230
[09:51:58] 645.8, 123.3, 5.234
[09:51:59] 645.7, 123.4, 5.228
[09:52:00] 734.9, 123.4, 5.247
[09:52:01] 678.0, 123.4, 5.218
[09:52:02] 646.1, 123.3, 5.232
[09:52:03] 646.0, 123.4, 5.221
[09:52:04] 645.9, 123.4, 5.224
[09:52:05] 706.5, 123.4, 5.458
[09:52:06] 734.9, 123.4, 5.232
[09:52:07] 645.5, 123.5, 5.224
[09:52:08] 645.5, 123.5, 5.235
[09:52:09] 645.6, 123.5, 5.240
[09:52:10] 645.8, 122.8, 7.968
[09:52:11] 902.2, 123.5, 5.232
[09:52:12] 646.5, 123.5, 5.227
[09:52:13] 646.4, 123.4, 5.221
[09:52:14] 646.2, 123.3, 5.230
[09:52:15] 646.1, 123.4, 5.213
[09:52:16] 774.1, 122.8, 7.985
[09:52:17] 938.4, 123.4, 5.238
[09:52:18] 646.9, 123.4, 5.237
[09:52:19] 646.8, 123.4, 5.229
[09:52:20] 646.7, 123.5, 5.223
[09:52:21] 646.6, 123.4, 5.223
[09:52:22] 754.6, 122.7, 7.996
[09:52:23] 982.5, 122.8, 8.019
[09:52:24] 967.4, 123.4, 5.267
[09:52:25] 684.3, 123.4, 5.241
[09:52:26] 647.5, 123.5, 5.239
[09:52:27] 647.3, 123.4, 5.231
[09:52:28] 647.2, 123.3, 5.235
[09:52:29] 715.8, 122.7, 8.005
[09:52:30] 984.3, 122.7, 8.010
[09:52:31] 984.5, 122.8, 7.997
[09:52:32] 984.8, 122.8, 8.035
[09:52:33] 985.3, 123.5, 5.537
[09:52:34] 737.4, 123.4, 5.258
[09:52:35] 648.9, 123.4, 5.243
[09:52:36] 648.8, 123.4, 5.237
[09:52:37] 648.6, 123.4, 5.229
[09:52:38] 648.4, 122.7, 7.996
[09:52:39] 979.8, 122.7, 8.025
[09:52:40] 985.7, 122.6, 8.047
[09:52:41] 986.0, 122.7, 8.052
[09:52:42] 986.2, 122.7, 8.052
[09:52:43] 986.7, 122.7, 8.011
[09:52:44] 987.0, 122.6, 8.061
[09:52:45] 987.5, 122.6, 8.036
[09:52:46] 987.9, 122.7, 7.993
[09:52:47] 885.9, 123.4, 5.273
[09:52:48] 651.8, 123.4, 5.259
[09:52:49] 651.5, 123.5, 5.249
[09:52:50] 651.2, 123.5, 5.249
[09:52:51] 650.8, 123.2, 5.569
[09:52:52] 809.5, 122.8, 8.015
[09:52:53] 987.4, 122.6, 8.038
[09:52:54] 987.5, 122.7, 8.042
[09:52:55] 987.6, 122.7, 8.060
[09:52:56] 988.0, 122.7, 8.053
[09:52:57] 988.3, 122.7, 8.077
[09:52:58] 988.9, 122.8, 8.015
[09:52:59] 989.2, 122.7, 8.068
[09:53:00] 989.6, 122.7, 8.070
[09:53:01] 989.9, 122.6, 8.080
[09:53:02] 990.4, 122.7, 8.081
[09:53:03] 990.7, 122.7, 8.080
[09:53:04] 991.1, 122.8, 8.088
[09:53:05] 991.3, 122.7, 8.089
[09:53:06] 991.7, 122.7, 8.090
[09:53:07] 992.0, 122.7, 8.090
[09:53:08] 992.3, 122.9, 7.847
[09:53:09] 831.7, 123.3, 5.283
[09:53:10] 653.0, 123.4, 5.269
[09:53:11] 652.6, 123.4, 5.264
[09:53:12] 652.4, 123.3, 5.268
