<<<[18:12:24] 639.2, 122.9, 5.180
[18:12:25] 639.0, 123.0, 5.184
[18:12:26] 638.8, 122.8, 5.179
[18:12:27] 639.2, 122.9, 5.324
[18:12:28] 657.3, 122.7, 5.333
[18:12:29] 656.9, 122.9, 5.318
[18:12:30] 656.7, 122.8, 5.315
[18:12:31] 656.2, 122.8, 5.188
[18:12:32] 637.8, 122.9, 5.185
[18:12:33] 637.8, 122.9, 5.183
[18:12:34] 637.8, 123.0, 5.182
[18:12:35] 637.7, 122.8, 5.185
[18:12:36] 685.1, 123.0, 5.220
[18:12:37] 685.1, 122.8, 5.180
[18:12:38] 637.1, 122.9, 5.177
[18:12:39] 637.0, 122.8, 5.177
[18:12:40] 637.0, 122.9, 5.179
[18:12:41] 681.7, 122.8, 5.215
[18:12:42] 682.2, 122.9, 5.171
[18:12:43] 635.9, 122.8, 5.177
[18:12:44] 635.9, 122.8, 5.176
[18:12:45] 636.0, 122.8, 5.174
[18:12:46] 679.0, 122.9, 5.219
[18:12:47] 686.7, 122.8, 5.178
[18:12:48] 636.5, 122.9, 5.175
[18:12:49] 636.5, 122.8, 5.174
[18:12:50] 636.4, 122.9, 5.173
[18:12:51] 676.4, 122.9, 5.226
[18:12:52] 689.0, 122.9, 5.178
[18:12:53] 636.9, 122.9, 5.178
[18:12:54] 636.9, 122.8, 5.176
[18:12:55] 636.8, 122.9, 5.177
[18:12:56] 674.7, 122.8, 5.229
[18:12:57] 690.0, 122.9, 5.180
[18:12:58] 636.9, 122.9, 5.178
[18:12:59] 636.8, 122.8, 5.179
[18:13:00] 636.7, 122.9, 5.178
[18:13:01] 670.5, 122.8, 5.233
[18:13:02] 691.2, 122.9, 5.181
[18:13:03] 636.7, 122.9, 5.175
[18:13:04] 636.6, 122.9, 5.174
[18:13:05] 636.6, 122.9, 5.175
[18:13:06] 664.6, 122.9, 5.232
[18:13:07] 692.2, 122.9, 5.175
[18:13:08] 636.7, 122.8, 5.176
[18:13:09] 636.7, 122.9, 5.173
[18:13:10] 636.6, 122.8, 5.174
[18:13:11] 648.1, 122.8, 5.992
[18:13:12] 747.7, 122.8, 5.180
[18:13:13] 636.7, 122.8, 5.181
[18:13:14] 636.7, 122.8, 5.179
[18:13:15] 636.6, 122.9, 5.174
[18:13:16] 636.6, 122.4, 7.216
[18:13:17] 791.6, 122.9, 5.174
[18:13:18] 636.3, 122.9, 5.176
[18:13:19] 636.3, 122.9, 5.170
[18:13:20] 636.3, 122.9, 5.172
[18:13:21] 636.3, 122.2, 7.716
[18:13:22] 844.1, 122.9, 5.185
[18:13:23] 648.5, 122.9, 5.182
[18:13:24] 638.0, 122.8, 5.178
[18:13:25] 637.9, 122.8, 5.179
[18:13:26] 637.8, 122.8, 5.179
[18:13:27] 729.4, 122.1, 7.844
[18:13:28] 888.2, 122.9, 5.187
[18:13:29] 637.5, 122.8, 5.184
[18:13:30] 637.4, 122.7, 5.178
[18:13:31] 637.3, 122.9, 5.181
[18:13:32] 637.2, 122.9, 5.175
[18:13:33] 780.2, 122.2, 7.841
[18:13:34] 960.5, 122.8, 6.242
[18:13:35] 768.5, 122.9, 5.188
[18:13:36] 638.0, 122.8, 5.185
[18:13:37] 637.9, 122.9, 5.181
[18:13:38] 637.8, 122.8, 5.176
[18:13:39] 637.6, 122.2, 7.773
[18:13:40] 883.7, 122.3, 7.856
[18:13:41] 962.2, 122.1, 7.872
[18:13:42] 962.3, 122.2, 7.884
[18:13:43] 898.3, 122.8, 5.205
[18:13:44] 639.8, 122.6, 5.201
[18:13:45] 639.6, 122.8, 5.192
[18:13:46] 639.5, 122.7, 5.188
[18:13:47] 639.1, 122.8, 5.189
[18:13:48] 768.7, 122.1, 7.865
[18:13:49] 962.0, 122.0, 7.884
[18:13:50] 962.2, 122.1, 7.892
[18:13:51] 962.5, 122.1, 7.895
[18:13:52] 963.0, 122.1, 7.905
[18:13:53] 963.4, 122.1, 7.911
[18:13:54] 963.9, 122.3, 7.329
[18:13:55] 830.9, 122.7, 5.212
[18:13:56] 640.6, 122.8, 5.206
[18:13:57] 640.5, 122.7, 5.203
[18:13:58] 640.4, 122.9, 5.191
[18:13:59] 640.2, 122.2, 7.718
[18:14:00] 864.8, 122.1, 7.872
[18:14:01] 963.6, 122.2, 7.885
[18:14:02] 963.7, 122.1, 7.901
[18:14:03] 964.1, 122.2, 7.905
[18:14:04] 964.5, 122.1, 7.913
[18:14:05] 964.9, 122.2, 7.909
[18:14:06] 965.3, 122.2, 7.909
[18:14:07] 965.7, 122.3, 7.913
[18:14:08] 966.1, 122.2, 7.914
[18:14:09] 966.5, 122.3, 7.916
[18:14:10] 966.8, 122.2, 7.917
[18:14:11] 967.1, 122.3, 7.925
[18:14:12] 967.4, 122.2, 7.922
[18:14:13] 877.2, 123.0, 5.220
[18:14:14] 642.4, 122.9, 5.207
[18:14:15] 642.2, 122.9, 5.204
[18:14:16] 642.1, 122.9, 5.199
[18:14:17] 641.9, 122.9, 5.198
