<<<[00:53:40] 637.5, 125.1, 5.098
[00:53:41] 637.5, 125.0, 5.097
[00:53:42] 637.5, 125.0, 5.093
[00:53:43] 637.8, 125.0, 5.244
[00:53:44] 659.5, 124.9, 5.270
[00:53:45] 653.2, 125.0, 5.103
[00:53:46] 640.0, 125.1, 5.096
[00:53:47] 639.6, 125.0, 5.093
[00:53:48] 639.3, 125.1, 5.094
[00:53:49] 639.1, 124.9, 5.611
[00:53:50] 732.9, 125.0, 5.095
[00:53:51] 636.5, 125.1, 5.093
[00:53:52] 636.6, 125.0, 5.090
[00:53:53] 636.5, 125.1, 5.093
[00:53:54] 636.6, 125.0, 5.195
[00:53:55] 727.0, 125.0, 5.095
[00:53:56] 637.1, 125.1, 5.092
[00:53:57] 637.0, 125.0, 5.092
[00:53:58] 637.0, 125.1, 5.088
[00:53:59] 636.9, 124.9, 5.140
[00:54:00] 727.0, 125.1, 5.095
[00:54:01] 636.7, 125.0, 5.090
[00:54:02] 636.7, 125.1, 5.088
[00:54:03] 636.6, 124.9, 5.092
[00:54:04] 636.6, 125.0, 5.102
[00:54:05] 726.6, 125.1, 5.094
[00:54:06] 636.9, 125.0, 5.089
[00:54:07] 636.8, 125.1, 5.093
[00:54:08] 636.9, 125.0, 5.091
[00:54:09] 637.0, 125.0, 5.096
[00:54:10] 727.0, 125.0, 5.092
[00:54:11] 636.3, 125.0, 5.095
[00:54:12] 636.3, 125.0, 5.092
[00:54:13] 636.4, 125.1, 5.089
[00:54:14] 636.4, 125.0, 5.085
[00:54:15] 724.8, 125.0, 5.097
[00:54:16] 636.7, 125.0, 5.089
[00:54:17] 636.6, 124.9, 5.093
[00:54:18] 636.6, 125.0, 5.087
[00:54:19] 636.5, 125.0, 5.091
[00:54:20] 724.5, 125.0, 5.093
[00:54:21] 636.3, 125.0, 5.089
[00:54:22] 636.3, 125.0, 5.084
[00:54:23] 636.2, 125.0, 5.088
[00:54:24] 636.2, 125.1, 5.086
[00:54:25] 721.1, 125.0, 5.095
[00:54:26] 636.9, 124.9, 5.086
[00:54:27] 636.7, 124.9, 5.092
[00:54:28] 636.7, 125.0, 5.087
[00:54:29] 636.6, 125.0, 5.088
[00:54:30] 717.4, 125.0, 5.087
[00:54:31] 635.9, 125.0, 5.090
[00:54:32] 635.9, 125.0, 5.090
[00:54:33] 636.0, 125.0, 5.087
[00:54:34] 636.0, 125.0, 5.083
[00:54:35] 724.7, 124.9, 5.109
[00:54:36] 669.1, 125.0, 5.090
[00:54:37] 636.5, 125.0, 5.087
[00:54:38] 636.5, 125.0, 5.081
[00:54:39] 636.4, 125.0, 5.088
[00:54:40] 706.5, 125.0, 5.320
[00:54:41] 719.1, 125.1, 5.089
[00:54:42] 636.9, 125.1, 5.082
[00:54:43] 636.7, 125.1, 5.092
[00:54:44] 636.7, 125.0, 5.088
[00:54:45] 636.7, 124.4, 7.433
[00:54:46] 855.0, 125.0, 5.092
[00:54:47] 636.5, 125.0, 5.094
[00:54:48] 636.5, 125.1, 5.094
[00:54:49] 636.5, 125.0, 5.090
[00:54:50] 636.5, 124.5, 6.654
[00:54:51] 817.4, 124.5, 7.164
[00:54:52] 801.6, 125.1, 5.095
[00:54:53] 637.1, 125.0, 5.092
[00:54:54] 637.0, 125.0, 5.085
[00:54:55] 636.9, 125.0, 5.090
[00:54:56] 636.8, 124.4, 7.587
[00:54:57] 858.9, 124.3, 7.841
[00:54:58] 976.2, 125.0, 5.381
[00:54:59] 732.9, 125.0, 5.102
[00:55:00] 637.6, 125.0, 5.099
[00:55:01] 637.5, 125.0, 5.098
[00:55:02] 637.5, 125.0, 5.090
[00:55:03] 637.4, 124.3, 7.819
[00:55:04] 941.2, 124.3, 7.855
[00:55:05] 977.6, 124.3, 7.866
[00:55:06] 977.7, 124.3, 7.878
[00:55:07] 932.7, 124.9, 5.120
[00:55:08] 639.4, 125.0, 5.108
[00:55:09] 639.2, 124.9, 5.102
[00:55:10] 639.0, 124.9, 5.095
[00:55:11] 638.8, 125.0, 5.096
[00:55:12] 768.7, 124.3, 7.849
[00:55:13] 977.0, 124.3, 7.863
[00:55:14] 977.2, 124.3, 7.879
[00:55:15] 977.6, 124.2, 7.883
[00:55:16] 978.0, 124.3, 7.888
[00:55:17] 978.5, 124.2, 7.895
[00:55:18] 979.0, 124.3, 7.897
[00:55:19] 939.0, 124.8, 5.138
[00:55:20] 641.2, 125.0, 5.120
[00:55:21] 641.0, 125.0, 5.114
[00:55:22] 640.7, 124.9, 5.107
[00:55:23] 640.3, 125.0, 5.103
[00:55:24] 762.2, 124.3, 7.861
[00:55:25] 978.2, 124.3, 7.880
[00:55:26] 978.4, 124.3, 7.888
[00:55:27] 978.7, 124.2, 7.902
[00:55:28] 979.3, 124.2, 7.904
[00:55:29] 979.7, 124.2, 7.914
[00:55:30] 980.3, 124.2, 7.918
[00:55:31] 980.9, 124.2, 7.916
[00:55:32] 981.4, 124.2, 7.914
[00:55:33] 981.8, 124.3, 7.914
[00:55:34] 982.1, 124.2, 7.917
[00:55:35] 982.5, 124.2, 7.921
[00:55:36] 982.9, 124.2, 7.928
[00:55:37] 983.3, 124.2, 7.930
[00:55:38] 869.9, 124.9, 5.142
[00:55:39] 642.2, 124.9, 5.130
[00:55:40] 642.0, 124.9, 5.124
[00:55:41] 641.8, 125.0, 5.116
