<<<[18:23:19] 638.0, 123.0, 5.164
[18:23:20] 637.8, 123.0, 5.171
[18:23:21] 637.8, 123.1, 5.247
[18:23:22] 648.5, 123.0, 5.305
[18:23:23] 654.4, 123.0, 5.323
[18:23:24] 654.5, 123.0, 5.337
[18:23:25] 654.7, 123.0, 5.333
[18:23:26] 654.8, 122.9, 5.315
[18:23:27] 654.8, 123.0, 5.310
[18:23:28] 654.9, 122.9, 5.329
[18:23:29] 655.0, 122.9, 5.334
[18:23:30] 655.2, 123.0, 5.305
[18:23:31] 655.3, 122.9, 5.354
[18:23:32] 655.4, 122.9, 5.311
[18:23:33] 655.5, 122.9, 5.355
[18:23:34] 655.7, 123.0, 5.311
[18:23:35] 655.7, 122.9, 5.331
[18:23:36] 655.8, 122.9, 5.329
[18:23:37] 655.8, 122.9, 5.304
[18:23:38] 655.8, 123.0, 5.358
[18:23:39] 656.0, 122.9, 5.313
[18:23:40] 656.0, 122.9, 5.352
[18:23:41] 656.2, 123.0, 5.321
[18:23:42] 656.2, 123.0, 5.309
[18:23:43] 656.2, 123.0, 5.349
[18:23:44] 656.5, 123.1, 5.349
[18:23:45] 656.4, 123.0, 5.306
[18:23:46] 656.6, 123.0, 5.344
[18:23:47] 657.1, 123.0, 5.371
[18:23:48] 656.8, 123.0, 5.308
[18:23:49] 656.9, 123.0, 5.309
[18:23:50] 662.1, 123.1, 5.321
[18:23:51] 661.8, 123.1, 5.306
[18:23:52] 661.2, 123.0, 5.336
[18:23:53] 660.6, 123.1, 5.335
[18:23:54] 660.7, 123.1, 5.311
[18:23:55] 660.4, 123.0, 5.351
[18:23:56] 659.9, 123.0, 5.444
[18:23:57] 670.5, 123.0, 5.431
[18:23:58] 670.0, 123.0, 5.306
[18:23:59] 655.0, 123.0, 5.367
[18:24:00] 655.1, 123.0, 5.308
[18:24:01] 655.3, 123.0, 5.309
[18:24:02] 655.8, 122.9, 5.310
[18:24:03] 655.9, 123.0, 5.315
[18:24:04] 655.8, 123.0, 5.437
[18:24:05] 665.4, 122.9, 5.316
[18:24:06] 656.3, 123.0, 5.328
[18:24:07] 656.3, 123.1, 5.328
[18:24:08] 656.2, 123.1, 5.384
[18:24:09] 656.7, 123.0, 5.302
[18:24:10] 656.6, 123.1, 5.311
[18:24:11] 656.6, 123.0, 5.337
[18:24:12] 661.7, 123.0, 5.430
[18:24:13] 669.1, 123.1, 5.405
[18:24:14] 659.9, 123.1, 5.170
[18:24:15] 636.9, 123.1, 5.162
[18:24:16] 636.8, 123.1, 5.167
[18:24:17] 636.8, 123.1, 5.165
[18:24:18] 636.8, 123.0, 5.165
[18:24:19] 691.4, 123.1, 5.190
[18:24:20] 676.6, 123.0, 5.165
[18:24:21] 636.3, 123.0, 5.162
[18:24:22] 636.3, 123.1, 5.164
[18:24:23] 636.2, 123.0, 5.161
[18:24:24] 681.0, 123.0, 5.193
[18:24:25] 680.6, 123.0, 5.169
[18:24:26] 636.3, 122.9, 5.171
[18:24:27] 636.3, 123.0, 5.167
[18:24:28] 636.3, 123.0, 5.171
[18:24:29] 677.6, 123.0, 5.196
[18:24:30] 677.8, 123.0, 5.164
[18:24:31] 636.1, 123.1, 5.161
[18:24:32] 636.1, 123.1, 5.164
[18:24:33] 636.1, 123.0, 5.161
[18:24:34] 667.2, 123.0, 5.578
[18:24:35] 730.0, 123.1, 5.165
[18:24:36] 636.1, 123.1, 5.162
[18:24:37] 636.1, 123.1, 5.160
[18:24:38] 636.1, 123.1, 5.164
[18:24:39] 636.1, 122.6, 7.188
[18:24:40] 795.7, 123.1, 5.167
[18:24:41] 636.7, 123.2, 5.163
[18:24:42] 636.6, 123.1, 5.161
[18:24:43] 636.6, 123.1, 5.160
[18:24:44] 636.5, 122.4, 7.914
[18:24:45] 863.8, 123.0, 5.174
[18:24:46] 636.3, 123.1, 5.165
[18:24:47] 636.3, 123.0, 5.167
[18:24:48] 636.4, 123.1, 5.166
[18:24:49] 636.4, 123.0, 5.167
[18:24:50] 765.0, 122.5, 7.415
[18:24:51] 871.1, 123.0, 5.173
[18:24:52] 636.5, 123.1, 5.167
[18:24:53] 636.4, 123.1, 5.166
[18:24:54] 636.4, 123.0, 5.169
[18:24:55] 636.4, 122.4, 7.268
[18:24:56] 831.9, 122.2, 7.966
[18:24:57] 975.6, 123.0, 5.732
[18:24:58] 738.4, 123.0, 5.173
[18:24:59] 637.3, 122.9, 5.172
[18:25:00] 637.2, 123.0, 5.171
[18:25:01] 637.1, 122.9, 5.172
[18:25:02] 637.0, 122.3, 7.972
[18:25:03] 967.9, 122.3, 7.976
[18:25:04] 976.6, 122.4, 7.981
[18:25:05] 976.8, 122.6, 7.235
[18:25:06] 809.7, 123.0, 5.183
[18:25:07] 638.4, 123.1, 5.174
[18:25:08] 638.2, 123.0, 5.182
[18:25:09] 638.2, 123.0, 5.171
[18:25:10] 638.0, 122.3, 7.926
[18:25:11] 901.4, 122.4, 7.978
[18:25:12] 978.0, 122.3, 7.983
[18:25:13] 978.0, 122.4, 7.990
[18:25:14] 978.2, 122.3, 7.997
[18:25:15] 978.4, 122.3, 8.001
[18:25:16] 978.6, 122.4, 8.004
[18:25:17] 897.9, 122.9, 5.191
[18:25:18] 638.8, 123.1, 5.180
[18:25:19] 638.6, 123.0, 5.177
[18:25:20] 638.5, 123.1, 5.170
[18:25:21] 638.3, 123.0, 5.169
[18:25:22] 773.3, 122.3, 7.983
[18:25:23] 977.6, 122.2, 7.990
[18:25:24] 977.8, 122.2, 8.001
[18:25:25] 978.0, 122.2, 8.012
[18:25:26] 978.3, 122.2, 8.017
[18:25:27] 978.7, 122.1, 8.021
[18:25:28] 979.1, 122.1, 8.024
[18:25:29] 979.5, 122.2, 8.023
[18:25:30] 979.8, 122.2, 8.027
[18:25:31] 980.2, 122.2, 8.027
[18:25:32] 980.5, 122.1, 8.030
[18:25:33] 980.8, 122.2, 8.034
[18:25:34] 981.1, 122.9, 5.583
[18:25:35] 757.3, 122.9, 5.198
[18:25:36] 639.4, 122.9, 5.189
[18:25:37] 639.3, 122.9, 5.187
