<<<[23:10:14] 651.8, 123.9, 5.176
[23:10:15] 640.2, 124.0, 5.162
[23:10:16] 640.0, 123.9, 5.317
[23:10:17] 654.8, 124.1, 5.237
[23:10:18] 646.1, 124.0, 5.169
[23:10:19] 639.2, 124.1, 5.162
[23:10:20] 639.1, 123.9, 5.163
[23:10:21] 639.1, 124.1, 5.161
[23:10:22] 686.3, 124.0, 5.206
[23:10:23] 686.3, 124.1, 5.158
[23:10:24] 638.6, 124.0, 5.154
[23:10:25] 638.5, 124.1, 5.154
[23:10:26] 638.5, 124.1, 5.158
[23:10:27] 682.1, 124.1, 5.192
[23:10:28] 687.3, 124.1, 5.153
[23:10:29] 637.6, 124.2, 5.151
[23:10:30] 637.6, 124.0, 5.159
[23:10:31] 637.7, 124.1, 5.159
[23:10:32] 681.0, 124.0, 5.199
[23:10:33] 688.6, 124.0, 5.157
[23:10:34] 638.0, 124.1, 5.163
[23:10:35] 638.0, 124.0, 5.154
[23:10:36] 638.0, 124.0, 5.156
[23:10:37] 678.0, 124.1, 5.200
[23:10:38] 690.0, 124.0, 5.158
[23:10:39] 638.0, 124.1, 5.156
[23:10:40] 638.0, 124.0, 5.155
[23:10:41] 638.0, 124.0, 5.152
[23:10:42] 676.4, 124.1, 5.215
[23:10:43] 691.4, 124.1, 5.153
[23:10:44] 638.2, 124.1, 5.149
[23:10:45] 638.1, 124.1, 5.160
[23:10:46] 638.0, 124.1, 5.153
[23:10:47] 674.3, 124.1, 5.211
[23:10:48] 692.8, 124.0, 5.152
[23:10:49] 637.6, 124.1, 5.149
[23:10:50] 637.6, 124.0, 5.157
[23:10:51] 637.6, 124.0, 5.152
[23:10:52] 671.7, 124.1, 5.209
[23:10:53] 694.1, 124.1, 5.150
[23:10:54] 637.8, 124.1, 5.152
[23:10:55] 637.7, 124.1, 5.158
[23:10:56] 637.9, 124.1, 5.162
[23:10:57] 669.9, 124.0, 5.212
[23:10:58] 694.9, 124.1, 5.160
[23:10:59] 637.5, 124.0, 5.149
[23:11:00] 637.5, 124.1, 5.148
[23:11:01] 637.5, 124.1, 5.149
[23:11:02] 662.8, 124.1, 5.220
[23:11:03] 696.5, 124.1, 5.150
[23:11:04] 637.6, 124.0, 5.148
[23:11:05] 637.5, 124.1, 5.148
[23:11:06] 637.6, 124.2, 5.152
[23:11:07] 652.2, 124.1, 5.218
[23:11:08] 700.8, 124.0, 5.147
[23:11:09] 637.3, 124.0, 5.148
[23:11:10] 637.3, 124.1, 5.156
[23:11:11] 637.3, 124.0, 5.145
[23:11:12] 637.3, 123.9, 6.169
[23:11:13] 752.4, 124.1, 5.149
[23:11:14] 637.6, 124.0, 5.158
[23:11:15] 637.6, 123.9, 5.147
[23:11:16] 637.5, 124.1, 5.146
[23:11:17] 637.5, 123.4, 7.615
[23:11:18] 824.8, 124.0, 5.167
[23:11:19] 638.0, 123.9, 5.149
[23:11:20] 637.9, 124.0, 5.150
[23:11:21] 637.9, 124.0, 5.156
[23:11:22] 637.8, 123.8, 5.768
[23:11:23] 798.7, 123.8, 6.312
[23:11:24] 762.4, 124.1, 5.150
[23:11:25] 638.2, 124.0, 5.148
[23:11:26] 638.1, 124.1, 5.160
[23:11:27] 638.1, 124.0, 5.161
[23:11:28] 638.2, 123.5, 7.779
[23:11:29] 925.0, 123.5, 7.235
[23:11:30] 832.5, 124.2, 5.166
[23:11:31] 639.4, 124.1, 5.157
[23:11:32] 639.3, 124.1, 5.152
[23:11:33] 639.2, 124.0, 5.151
[23:11:34] 639.1, 123.5, 7.557
[23:11:35] 850.6, 123.3, 7.824
[23:11:36] 967.0, 123.4, 7.836
[23:11:37] 951.2, 124.1, 5.179
[23:11:38] 660.1, 124.0, 5.172
[23:11:39] 639.6, 124.1, 5.162
[23:11:40] 639.5, 124.0, 5.158
[23:11:41] 639.4, 124.1, 5.156
[23:11:42] 705.6, 123.4, 7.821
[23:11:43] 965.8, 123.3, 7.825
[23:11:44] 966.0, 123.4, 7.841
[23:11:45] 966.3, 123.4, 7.852
[23:11:46] 966.8, 123.3, 7.864
[23:11:47] 916.2, 124.0, 5.182
[23:11:48] 641.6, 124.1, 5.172
[23:11:49] 641.4, 123.9, 5.164
[23:11:50] 641.1, 124.1, 5.166
[23:11:51] 640.8, 124.1, 5.157
[23:11:52] 743.5, 123.4, 7.824
[23:11:53] 967.0, 123.4, 7.833
[23:11:54] 967.1, 123.5, 7.846
[23:11:55] 967.5, 123.4, 7.851
[23:11:56] 967.8, 123.5, 7.855
[23:11:57] 968.3, 123.5, 7.874
[23:11:58] 968.7, 123.5, 7.868
[23:11:59] 969.2, 123.4, 7.877
[23:12:00] 969.7, 123.4, 7.875
[23:12:01] 970.1, 123.5, 7.454
[23:12:02] 852.4, 124.1, 5.196
[23:12:03] 642.4, 124.1, 5.174
[23:12:04] 642.2, 124.0, 5.166
[23:12:05] 641.9, 124.1, 5.164
[23:12:06] 641.6, 123.5, 6.979
[23:12:07] 823.1, 123.5, 7.831
[23:12:08] 968.3, 123.5, 7.840
[23:12:09] 968.4, 123.5, 7.853
[23:12:10] 968.7, 123.3, 7.866
[23:12:11] 969.1, 123.4, 7.873
[23:12:12] 969.5, 123.4, 7.886
[23:12:13] 970.0, 123.4, 7.877
[23:12:14] 970.4, 123.4, 7.875
[23:12:15] 970.8, 123.4, 7.884
[23:12:16] 971.1, 123.4, 7.888
[23:12:17] 971.6, 123.5, 7.890
[23:12:18] 972.0, 123.4, 7.887
[23:12:19] 972.3, 123.3, 7.893
[23:12:20] 972.7, 123.5, 7.889
[23:12:21] 972.9, 123.5, 7.889
[23:12:22] 973.3, 123.4, 7.891
[23:12:23] 973.5, 123.5, 7.889
[23:12:24] 973.7, 123.5, 7.894
[23:12:25] 973.9, 123.4, 7.892
[23:12:26] 960.7, 124.1, 5.321
[23:12:27] 656.3, 124.2, 5.181
[23:12:28] 643.0, 124.2, 5.172
[23:12:29] 642.8, 124.2, 5.165
[23:12:30] 642.5, 124.1, 5.170
