<<<[12:37:34] 654.8, 122.5, 5.263
[12:37:35] 645.3, 122.6, 5.267
[12:37:36] 645.3, 122.5, 5.265
[12:37:37] 645.8, 122.6, 5.387
[12:37:38] 662.3, 122.5, 5.330
[12:37:39] 654.2, 122.5, 5.302
[12:37:40] 648.9, 122.6, 5.264
[12:37:41] 648.5, 122.6, 5.262
[12:37:42] 648.2, 122.7, 5.258
[12:37:43] 647.8, 122.2, 6.586
[12:37:44] 742.0, 122.6, 5.263
[12:37:45] 645.9, 122.6, 5.258
[12:37:46] 645.8, 122.6, 5.254
[12:37:47] 645.6, 122.6, 5.257
[12:37:48] 645.5, 122.3, 6.314
[12:37:49] 735.7, 122.6, 5.259
[12:37:50] 645.7, 122.6, 5.254
[12:37:51] 645.5, 122.5, 5.257
[12:37:52] 645.4, 122.6, 5.255
[12:37:53] 645.2, 122.3, 5.971
[12:37:54] 735.9, 122.6, 5.256
[12:37:55] 644.5, 122.5, 5.257
[12:37:56] 644.5, 122.6, 5.253
[12:37:57] 644.5, 122.7, 5.256
[12:37:58] 644.5, 122.3, 6.094
[12:37:59] 733.9, 122.6, 5.257
[12:38:00] 644.7, 122.6, 5.253
[12:38:01] 644.7, 122.6, 5.256
[12:38:02] 644.7, 122.5, 5.251
[12:38:03] 644.5, 122.3, 5.935
[12:38:04] 733.5, 122.6, 5.260
[12:38:05] 644.7, 122.5, 5.264
[12:38:06] 644.7, 122.5, 5.256
[12:38:07] 644.7, 122.5, 5.259
[12:38:08] 644.8, 122.2, 5.707
[12:38:09] 732.9, 122.6, 5.261
[12:38:10] 645.5, 122.6, 5.256
[12:38:11] 645.3, 122.4, 5.259
[12:38:12] 645.2, 122.4, 5.258
[12:38:13] 645.1, 122.4, 5.353
[12:38:14] 730.2, 122.4, 5.260
[12:38:15] 644.3, 122.5, 5.260
[12:38:16] 644.3, 122.5, 5.254
[12:38:17] 644.3, 122.5, 5.258
[12:38:18] 644.4, 122.5, 5.256
[12:38:19] 723.7, 122.4, 5.263
[12:38:20] 644.9, 122.5, 5.256
[12:38:21] 644.8, 122.6, 5.256
[12:38:22] 644.8, 122.5, 5.251
[12:38:23] 644.7, 122.6, 5.256
[12:38:24] 744.1, 122.5, 5.265
[12:38:25] 665.2, 122.6, 5.255
[12:38:26] 645.1, 122.6, 5.249
[12:38:27] 644.9, 122.6, 5.255
[12:38:28] 644.8, 122.6, 5.253
[12:38:29] 722.7, 122.5, 5.386
[12:38:30] 716.0, 122.6, 5.254
[12:38:31] 644.1, 122.6, 5.255
[12:38:32] 644.1, 122.6, 5.252
[12:38:33] 644.1, 122.6, 5.254
[12:38:34] 665.8, 122.0, 7.321
[12:38:35] 832.1, 122.6, 5.264
[12:38:36] 645.1, 122.6, 5.257
[12:38:37] 645.0, 122.5, 5.259
[12:38:38] 645.0, 122.6, 5.252
[12:38:39] 644.9, 122.0, 7.523
[12:38:40] 843.0, 122.3, 6.906
[12:38:41] 775.8, 122.6, 5.265
[12:38:42] 646.1, 122.6, 5.258
[12:38:43] 645.9, 122.6, 5.257
[12:38:44] 645.7, 122.6, 5.257
[12:38:45] 645.6, 122.0, 7.695
[12:38:46] 901.4, 121.9, 7.734
[12:38:47] 930.7, 122.5, 5.290
[12:38:48] 673.5, 122.6, 5.268
[12:38:49] 645.7, 122.5, 5.263
[12:38:50] 645.7, 122.6, 5.255
[12:38:51] 645.5, 122.6, 5.260
[12:38:52] 722.7, 121.9, 7.723
[12:38:53] 943.3, 121.9, 7.743
[12:38:54] 943.5, 122.0, 7.750
[12:38:55] 943.4, 122.6, 5.471
[12:38:56] 726.8, 122.6, 5.275
[12:38:57] 646.9, 122.6, 5.266
[12:38:58] 646.8, 122.6, 5.261
[12:38:59] 646.6, 122.6, 5.262
[12:39:00] 666.4, 122.0, 7.724
[12:39:01] 943.7, 122.0, 7.747
[12:39:02] 943.9, 121.8, 7.752
[12:39:03] 944.3, 121.9, 7.766
[12:39:04] 944.7, 121.9, 7.774
[12:39:05] 945.3, 121.9, 7.771
[12:39:06] 945.8, 122.1, 7.300
[12:39:07] 795.9, 122.6, 5.292
[12:39:08] 648.7, 122.6, 5.279
[12:39:09] 648.5, 122.6, 5.274
[12:39:10] 648.4, 122.6, 5.264
[12:39:11] 648.0, 122.1, 7.592
[12:39:12] 852.8, 122.0, 7.747
[12:39:13] 946.1, 121.9, 7.760
[12:39:14] 946.3, 122.0, 7.767
[12:39:15] 946.6, 122.0, 7.770
[12:39:16] 946.9, 121.9, 7.777
[12:39:17] 947.3, 121.9, 7.776
[12:39:18] 947.6, 122.0, 7.784
[12:39:19] 947.9, 121.9, 7.786
[12:39:20] 948.2, 121.9, 7.782
[12:39:21] 948.5, 122.0, 7.789
[12:39:22] 948.8, 121.9, 7.792
[12:39:23] 949.2, 122.0, 7.793
[12:39:24] 949.5, 122.6, 5.311
[12:39:25] 667.2, 122.6, 5.291
[12:39:26] 649.1, 122.6, 5.279
[12:39:27] 648.8, 122.5, 5.280
[12:39:28] 648.6, 122.5, 5.271
