<<<[09:30:42] 647.7, 123.4, 5.225
[09:30:43] 647.5, 123.4, 5.233
[09:30:44] 647.3, 123.4, 5.234
[09:30:45] 647.5, 123.4, 5.452
[09:30:46] 669.1, 123.4, 5.379
[09:30:47] 663.2, 123.4, 5.372
[09:30:48] 663.2, 123.3, 5.371
[09:30:49] 663.3, 123.2, 5.375
[09:30:50] 663.5, 123.3, 5.374
[09:30:51] 663.5, 123.4, 5.248
[09:30:52] 649.5, 123.4, 5.230
[09:30:53] 649.3, 123.4, 5.233
[09:30:54] 648.9, 123.4, 5.236
[09:30:55] 648.6, 123.4, 5.229
[09:30:56] 709.3, 123.3, 5.255
[09:30:57] 681.3, 123.4, 5.236
[09:30:58] 646.3, 123.4, 5.230
[09:30:59] 646.2, 123.5, 5.225
[09:31:00] 646.1, 123.6, 5.227
[09:31:01] 703.0, 123.5, 5.249
[09:31:02] 681.5, 123.5, 5.223
[09:31:03] 645.7, 123.5, 5.227
[09:31:04] 645.6, 123.5, 5.226
[09:31:05] 645.6, 123.5, 5.223
[09:31:06] 695.7, 123.4, 5.250
[09:31:07] 681.7, 123.3, 5.231
[09:31:08] 645.7, 123.5, 5.229
[09:31:09] 645.6, 123.4, 5.224
[09:31:10] 645.6, 123.5, 5.228
[09:31:11] 679.8, 123.4, 5.518
[09:31:12] 732.3, 123.5, 5.223
[09:31:13] 645.5, 123.4, 5.229
[09:31:14] 645.4, 123.5, 5.227
[09:31:15] 645.4, 123.4, 5.221
[09:31:16] 645.5, 122.9, 7.250
[09:31:17] 789.0, 123.5, 5.233
[09:31:18] 645.9, 123.4, 5.231
[09:31:19] 645.8, 123.5, 5.228
[09:31:20] 645.8, 123.5, 5.229
[09:31:21] 645.8, 122.9, 7.471
[09:31:22] 843.7, 123.5, 5.255
[09:31:23] 686.7, 123.6, 5.231
[09:31:24] 645.9, 123.4, 5.231
[09:31:25] 645.8, 123.4, 5.222
[09:31:26] 645.7, 123.5, 5.229
[09:31:27] 701.8, 122.8, 7.573
[09:31:28] 925.2, 123.4, 5.267
[09:31:29] 688.4, 123.4, 5.237
[09:31:30] 646.5, 123.4, 5.236
[09:31:31] 646.4, 123.4, 5.228
[09:31:32] 646.3, 123.4, 5.222
[09:31:33] 692.6, 122.9, 7.576
[09:31:34] 931.7, 122.8, 7.592
[09:31:35] 931.5, 123.4, 5.271
[09:31:36] 690.8, 123.4, 5.245
[09:31:37] 647.3, 123.4, 5.241
[09:31:38] 647.2, 123.3, 5.240
[09:31:39] 647.1, 123.3, 5.234
[09:31:40] 673.1, 122.7, 7.575
[09:31:41] 931.9, 122.8, 7.591
[09:31:42] 932.1, 122.8, 7.598
[09:31:43] 932.5, 122.7, 7.609
[09:31:44] 932.9, 123.4, 5.642
[09:31:45] 743.5, 123.4, 5.242
[09:31:46] 648.9, 123.4, 5.245
[09:31:47] 648.7, 123.4, 5.240
[09:31:48] 648.5, 123.5, 5.236
[09:31:49] 648.3, 122.9, 7.565
[09:31:50] 918.5, 122.9, 7.595
[09:31:51] 935.1, 122.8, 7.608
[09:31:52] 935.2, 122.8, 7.604
[09:31:53] 935.4, 122.8, 7.618
[09:31:54] 935.6, 122.9, 7.624
[09:31:55] 936.0, 122.9, 7.625
[09:31:56] 936.3, 122.9, 7.624
[09:31:57] 936.7, 122.9, 7.334
[09:31:58] 805.7, 123.5, 5.262
[09:31:59] 650.2, 123.6, 5.242
[09:32:00] 650.0, 123.5, 5.248
[09:32:01] 649.8, 123.4, 5.244
[09:32:02] 649.6, 123.0, 7.412
[09:32:03] 842.0, 122.9, 7.599
[09:32:04] 935.7, 123.0, 7.604
[09:32:05] 935.7, 123.0, 7.609
[09:32:06] 935.9, 123.0, 7.615
[09:32:07] 936.2, 122.8, 7.631
[09:32:08] 936.6, 122.9, 7.623
[09:32:09] 937.0, 122.9, 7.624
[09:32:10] 937.3, 122.8, 7.636
[09:32:11] 937.7, 122.9, 7.636
[09:32:12] 938.0, 122.9, 7.634
[09:32:13] 938.3, 122.9, 7.631
[09:32:14] 938.5, 122.9, 7.638
[09:32:15] 938.8, 122.9, 7.642
[09:32:16] 939.1, 122.9, 7.631
[09:32:17] 939.3, 122.9, 7.643
[09:32:18] 939.5, 122.8, 7.648
[09:32:19] 906.7, 123.4, 5.268
[09:32:20] 651.8, 123.4, 5.256
[09:32:21] 651.5, 123.5, 5.255
[09:32:22] 651.3, 123.5, 5.249
[09:32:23] 650.9, 123.5, 5.248
