<<<[09:32:28] 650.1, 123.5, 5.231
[09:32:29] 649.8, 123.5, 5.234
[09:32:30] 649.4, 123.5, 5.379
[09:32:31] 662.1, 123.5, 5.431
[09:32:32] 674.5, 123.5, 5.396
[09:32:33] 669.1, 123.4, 5.517
[09:32:34] 669.4, 123.5, 5.392
[09:32:35] 669.1, 123.5, 5.367
[09:32:36] 668.6, 123.5, 5.374
[09:32:37] 668.0, 123.5, 5.394
[09:32:38] 668.0, 123.5, 5.248
[09:32:39] 647.7, 123.6, 5.236
[09:32:40] 647.7, 123.5, 5.238
[09:32:41] 647.6, 123.4, 5.234
[09:32:42] 647.5, 123.4, 5.250
[09:32:43] 670.5, 123.5, 5.397
[09:32:44] 720.9, 123.5, 5.256
[09:32:45] 647.9, 123.5, 5.254
[09:32:46] 647.9, 123.4, 5.237
[09:32:47] 647.8, 123.4, 5.234
[09:32:48] 665.6, 123.5, 5.381
[09:32:49] 720.9, 123.4, 5.232
[09:32:50] 646.9, 123.3, 5.251
[09:32:51] 646.9, 123.2, 5.239
[09:32:52] 646.8, 123.3, 5.238
[09:32:53] 662.8, 123.3, 5.392
[09:32:54] 721.7, 123.3, 5.255
[09:32:55] 646.5, 123.3, 5.238
[09:32:56] 646.5, 123.3, 5.230
[09:32:57] 646.5, 123.3, 5.232
[09:32:58] 657.1, 123.3, 5.416
[09:32:59] 723.9, 123.4, 5.231
[09:33:00] 646.7, 123.4, 5.226
[09:33:01] 646.6, 123.4, 5.228
[09:33:02] 646.6, 123.4, 5.244
[09:33:03] 646.5, 123.3, 5.403
[09:33:04] 727.4, 123.3, 5.230
[09:33:05] 646.9, 123.3, 5.231
[09:33:06] 646.8, 123.2, 5.251
[09:33:07] 646.7, 123.3, 5.236
[09:33:08] 646.7, 123.0, 7.033
[09:33:09] 763.8, 123.3, 5.234
[09:33:10] 646.3, 123.3, 5.254
[09:33:11] 646.3, 123.3, 5.223
[09:33:12] 646.3, 123.3, 5.234
[09:33:13] 646.3, 122.7, 7.886
[09:33:14] 835.1, 123.4, 5.256
[09:33:15] 647.1, 123.4, 5.223
[09:33:16] 647.0, 123.4, 5.235
[09:33:17] 646.9, 123.4, 5.232
[09:33:18] 646.8, 123.4, 5.239
[09:33:19] 784.1, 123.1, 7.130
[09:33:20] 795.3, 123.2, 5.249
[09:33:21] 647.1, 123.5, 5.231
[09:33:22] 647.0, 123.3, 5.252
[09:33:23] 647.0, 123.4, 5.228
[09:33:24] 646.9, 122.8, 7.901
[09:33:25] 901.2, 122.8, 7.920
[09:33:26] 920.5, 123.4, 5.260
[09:33:27] 647.9, 123.4, 5.235
[09:33:28] 647.8, 123.5, 5.226
[09:33:29] 647.7, 123.5, 5.227
[09:33:30] 647.6, 123.3, 5.397
[09:33:31] 804.0, 122.9, 7.956
[09:33:32] 979.6, 122.8, 7.975
[09:33:33] 979.8, 123.5, 5.454
[09:33:34] 738.4, 123.5, 5.239
[09:33:35] 647.5, 123.4, 5.233
[09:33:36] 647.4, 123.4, 5.225
[09:33:37] 647.4, 123.4, 5.228
[09:33:38] 647.3, 122.8, 7.926
[09:33:39] 941.2, 122.7, 7.956
[09:33:40] 978.6, 122.7, 7.957
[09:33:41] 978.7, 122.8, 7.971
[09:33:42] 979.0, 122.7, 7.975
[09:33:43] 979.2, 122.9, 7.627
[09:33:44] 869.5, 123.4, 5.252
[09:33:45] 649.5, 123.5, 5.247
[09:33:46] 649.3, 123.5, 5.263
[09:33:47] 649.2, 123.5, 5.228
[09:33:48] 649.0, 123.0, 6.817
[09:33:49] 825.0, 122.8, 7.959
[09:33:50] 978.8, 122.8, 7.972
[09:33:51] 978.9, 122.8, 7.970
[09:33:52] 979.2, 122.8, 7.989
[09:33:53] 979.5, 122.8, 7.988
[09:33:54] 979.9, 122.8, 7.983
[09:33:55] 980.3, 122.8, 7.995
[09:33:56] 980.6, 122.8, 7.991
[09:33:57] 981.0, 122.8, 7.989
[09:33:58] 981.4, 122.8, 7.999
[09:33:59] 981.7, 123.5, 5.306
[09:34:00] 707.1, 123.5, 5.255
[09:34:01] 649.9, 123.5, 5.237
[09:34:02] 649.8, 123.5, 5.263
[09:34:03] 649.6, 123.5, 5.242
