<<<[08:31:47] 644.9, 124.1, 5.195
[08:31:48] 644.9, 124.0, 5.195
[08:31:49] 644.9, 124.0, 5.395
[08:31:50] 661.3, 124.0, 5.338
[08:31:51] 661.4, 124.0, 5.204
[08:31:52] 646.3, 124.0, 5.204
[08:31:53] 646.2, 123.9, 5.205
[08:31:54] 646.1, 124.0, 5.203
[08:31:55] 646.1, 123.9, 5.207
[08:31:56] 656.5, 123.9, 5.458
[08:31:57] 729.8, 123.8, 5.206
[08:31:58] 645.1, 124.0, 5.202
[08:31:59] 645.1, 123.8, 5.201
[08:32:00] 645.1, 123.9, 5.199
[08:32:01] 651.0, 123.9, 5.476
[08:32:02] 731.5, 123.9, 5.202
[08:32:03] 645.5, 123.9, 5.201
[08:32:04] 645.4, 124.0, 5.197
[08:32:05] 645.3, 124.0, 5.201
[08:32:06] 645.9, 123.9, 5.485
[08:32:07] 732.5, 124.0, 5.199
[08:32:08] 645.3, 124.0, 5.219
[08:32:09] 645.3, 124.0, 5.218
[08:32:10] 645.4, 124.1, 5.192
[08:32:11] 645.7, 124.1, 5.496
[08:32:12] 733.1, 124.0, 5.189
[08:32:13] 644.5, 124.1, 5.191
[08:32:14] 644.4, 124.1, 5.188
[08:32:15] 644.4, 124.0, 5.194
[08:32:16] 644.6, 124.0, 5.517
[08:32:17] 733.5, 124.1, 5.193
[08:32:18] 644.5, 124.0, 5.191
[08:32:19] 644.5, 124.0, 5.196
[08:32:20] 644.4, 124.0, 5.190
[08:32:21] 644.4, 123.9, 5.548
[08:32:22] 733.9, 123.9, 5.194
[08:32:23] 644.5, 124.0, 5.198
[08:32:24] 644.5, 124.0, 5.193
[08:32:25] 644.4, 123.9, 5.197
[08:32:26] 644.4, 123.8, 5.580
[08:32:27] 732.1, 123.9, 5.200
[08:32:28] 645.1, 123.9, 5.218
[08:32:29] 645.1, 123.8, 5.212
[08:32:30] 645.0, 123.9, 5.198
[08:32:31] 644.8, 123.8, 5.614
[08:32:32] 729.2, 123.9, 5.199
[08:32:33] 644.5, 123.7, 5.202
[08:32:34] 644.4, 123.8, 5.203
[08:32:35] 644.4, 123.8, 5.205
[08:32:36] 644.4, 123.8, 5.643
[08:32:37] 722.5, 123.8, 5.201
[08:32:38] 644.7, 123.9, 5.194
[08:32:39] 644.6, 123.9, 5.195
[08:32:40] 644.5, 123.8, 5.197
[08:32:41] 644.5, 123.4, 7.255
[08:32:42] 758.7, 123.9, 5.199
[08:32:43] 644.5, 123.9, 5.198
[08:32:44] 644.5, 124.0, 5.191
[08:32:45] 644.4, 124.0, 5.194
[08:32:46] 644.3, 123.3, 7.665
[08:32:47] 830.9, 124.0, 5.199
[08:32:48] 644.9, 124.0, 5.196
[08:32:49] 644.8, 124.0, 5.196
[08:32:50] 644.8, 124.0, 5.189
[08:32:51] 644.7, 124.0, 5.191
[08:32:52] 752.0, 123.4, 7.274
[08:32:53] 821.3, 123.9, 5.202
[08:32:54] 645.3, 123.9, 5.200
[08:32:55] 645.2, 123.8, 5.203
[08:32:56] 645.1, 124.0, 5.192
[08:32:57] 645.0, 123.3, 7.740
[08:32:58] 869.7, 123.2, 7.949
[08:32:59] 946.9, 123.9, 5.211
[08:33:00] 647.3, 124.0, 5.203
[08:33:01] 647.1, 123.9, 5.204
[08:33:02] 646.8, 123.9, 5.197
[08:33:03] 646.6, 124.0, 5.198
[08:33:04] 772.5, 123.2, 7.946
[08:33:05] 981.1, 123.3, 7.938
[08:33:06] 981.2, 124.0, 5.828
[08:33:07] 766.8, 124.0, 5.211
[08:33:08] 646.7, 124.1, 5.202
[08:33:09] 646.6, 124.0, 5.197
[08:33:10] 646.4, 124.1, 5.195
[08:33:11] 646.2, 123.4, 7.885
[08:33:12] 912.2, 123.4, 7.944
[08:33:13] 981.9, 123.4, 7.965
[08:33:14] 982.2, 123.4, 7.969
[08:33:15] 982.5, 123.4, 7.962
[08:33:16] 982.9, 123.6, 7.359
[08:33:17] 834.1, 124.2, 5.219
[08:33:18] 647.7, 124.1, 5.208
[08:33:19] 647.6, 124.1, 5.202
[08:33:20] 647.4, 124.0, 5.196
[08:33:21] 647.2, 123.5, 7.633
[08:33:22] 859.9, 123.3, 7.951
[08:33:23] 982.9, 123.4, 7.967
[08:33:24] 983.1, 123.5, 7.974
[08:33:25] 983.4, 123.4, 7.967
[08:33:26] 983.8, 123.5, 7.987
[08:33:27] 984.2, 123.4, 7.997
[08:33:28] 984.7, 123.4, 7.997
[08:33:29] 985.1, 123.3, 7.996
[08:33:30] 985.5, 123.4, 8.001
[08:33:31] 985.8, 123.4, 8.006
[08:33:32] 877.6, 124.1, 5.229
[08:33:33] 649.7, 124.2, 5.214
[08:33:34] 649.3, 124.1, 5.207
[08:33:35] 649.1, 124.1, 5.205
