<<<[18:10:51] 641.1, 122.8, 5.203
[18:10:52] 640.7, 122.8, 5.201
[18:10:53] 640.4, 122.7, 5.381
[18:10:54] 656.7, 122.8, 5.332
[18:10:55] 656.5, 122.8, 5.335
[18:10:56] 656.4, 122.7, 5.396
[18:10:57] 656.4, 122.7, 5.341
[18:10:58] 656.3, 122.8, 5.334
[18:10:59] 656.5, 122.7, 5.229
[18:11:00] 644.7, 122.7, 5.201
[18:11:01] 638.0, 122.8, 5.200
[18:11:02] 638.0, 122.8, 5.198
[18:11:03] 637.9, 122.8, 5.198
[18:11:04] 637.9, 122.4, 7.062
[18:11:05] 733.7, 122.9, 5.191
[18:11:06] 637.3, 123.0, 5.188
[18:11:07] 637.2, 122.9, 5.187
[18:11:08] 637.2, 122.9, 5.184
[18:11:09] 637.1, 122.5, 7.039
[18:11:10] 729.4, 122.9, 5.190
[18:11:11] 637.6, 123.0, 5.195
[18:11:12] 637.5, 122.9, 5.188
[18:11:13] 637.5, 122.9, 5.191
[18:11:14] 637.5, 122.4, 7.001
[18:11:15] 725.0, 122.9, 5.197
[18:11:16] 638.0, 122.9, 5.194
[18:11:17] 637.9, 122.9, 5.212
[18:11:18] 638.0, 122.9, 5.205
[18:11:19] 638.0, 122.4, 6.964
[18:11:20] 717.4, 122.8, 5.193
[18:11:21] 637.3, 122.8, 5.198
[18:11:22] 637.3, 122.9, 5.189
[18:11:23] 637.2, 122.8, 5.191
[18:11:24] 637.2, 122.5, 5.695
[18:11:25] 747.9, 122.9, 5.188
[18:11:26] 637.5, 122.8, 5.193
[18:11:27] 637.4, 122.9, 5.194
[18:11:28] 637.5, 122.9, 5.187
[18:11:29] 637.4, 122.9, 5.191
[18:11:30] 730.9, 122.9, 5.423
[18:11:31] 720.9, 123.0, 5.188
[18:11:32] 637.5, 122.8, 5.192
[18:11:33] 637.5, 123.0, 5.195
[18:11:34] 637.5, 122.9, 5.192
[18:11:35] 637.5, 122.3, 7.597
[18:11:36] 893.1, 123.0, 5.199
[18:11:37] 638.2, 122.8, 5.196
[18:11:38] 638.1, 123.0, 5.191
[18:11:39] 638.1, 122.9, 5.191
[18:11:40] 638.0, 123.0, 5.188
[18:11:41] 719.5, 122.3, 7.613
[18:11:42] 931.9, 123.0, 5.465
[18:11:43] 728.4, 122.8, 5.196
[18:11:44] 638.0, 122.8, 5.193
[18:11:45] 637.9, 122.9, 5.194
[18:11:46] 637.8, 122.9, 5.186
[18:11:47] 637.7, 122.3, 7.589
[18:11:48] 900.2, 122.2, 7.611
[18:11:49] 933.9, 122.2, 7.640
[18:11:50] 928.0, 122.9, 5.227
[18:11:51] 676.6, 122.8, 5.201
[18:11:52] 638.8, 122.9, 5.194
[18:11:53] 638.6, 123.0, 5.191
[18:11:54] 638.5, 123.0, 5.189
[18:11:55] 685.3, 122.3, 7.605
[18:11:56] 932.7, 122.2, 7.632
[18:11:57] 933.0, 122.4, 7.632
[18:11:58] 933.3, 122.4, 7.644
[18:11:59] 933.8, 122.4, 7.628
[18:12:00] 934.2, 122.5, 7.281
[18:12:01] 793.9, 123.0, 5.201
[18:12:02] 639.6, 123.0, 5.198
[18:12:03] 639.5, 123.0, 5.195
[18:12:04] 639.4, 123.0, 5.186
[18:12:05] 639.2, 122.4, 7.432
[18:12:06] 836.8, 122.4, 7.622
[18:12:07] 934.9, 122.3, 7.629
[18:12:08] 935.0, 122.3, 7.646
[18:12:09] 935.2, 122.4, 7.649
[18:12:10] 935.5, 122.3, 7.653
[18:12:11] 935.9, 122.2, 7.665
[18:12:12] 936.2, 122.4, 7.665
[18:12:13] 936.5, 122.3, 7.656
[18:12:14] 936.8, 122.3, 7.667
[18:12:15] 937.1, 122.4, 7.678
[18:12:16] 937.5, 122.9, 5.539
[18:12:17] 744.1, 123.0, 5.223
[18:12:18] 644.9, 123.0, 5.202
[18:12:19] 639.6, 122.9, 5.203
[18:12:20] 639.5, 123.0, 5.194
