<<<[10:58:07] 644.0, 122.7, 5.245
[10:58:08] 644.0, 122.8, 5.245
[10:58:09] 644.0, 122.8, 5.251
[10:58:10] 644.3, 122.6, 5.525
[10:58:11] 675.6, 122.8, 5.450
[10:58:12] 668.7, 122.7, 5.389
[10:58:13] 668.3, 122.6, 5.490
[10:58:14] 668.6, 122.8, 5.438
[10:58:15] 668.6, 122.6, 5.502
[10:58:16] 668.9, 122.7, 5.503
[10:58:17] 676.6, 122.8, 5.442
[10:58:18] 667.0, 122.7, 5.448
[10:58:19] 666.5, 122.8, 5.500
[10:58:20] 666.3, 122.8, 5.419
[10:58:21] 665.9, 122.7, 5.507
[10:58:22] 666.3, 122.8, 5.380
[10:58:23] 665.9, 122.8, 5.393
[10:58:24] 665.8, 122.8, 5.385
[10:58:25] 665.4, 122.8, 5.387
[10:58:26] 665.8, 122.9, 5.286
[10:58:27] 655.6, 122.7, 5.253
[10:58:28] 644.7, 122.7, 5.248
[10:58:29] 644.6, 122.8, 5.251
[10:58:30] 644.6, 122.8, 5.241
[10:58:31] 644.6, 122.3, 7.187
[10:58:32] 739.8, 122.8, 5.249
[10:58:33] 644.1, 122.8, 5.250
[10:58:34] 644.1, 122.8, 5.240
[10:58:35] 644.1, 122.8, 5.247
[10:58:36] 644.0, 122.4, 7.179
[10:58:37] 737.6, 122.8, 5.250
[10:58:38] 644.3, 122.8, 5.242
[10:58:39] 644.2, 122.8, 5.249
[10:58:40] 644.2, 122.8, 5.245
[10:58:41] 644.1, 122.2, 7.166
[10:58:42] 734.9, 122.8, 5.243
[10:58:43] 643.9, 122.8, 5.250
[10:58:44] 643.9, 122.7, 5.251
[10:58:45] 643.9, 122.6, 5.253
[10:58:46] 643.9, 122.2, 7.154
[10:58:47] 728.4, 122.7, 5.254
[10:58:48] 644.1, 122.6, 5.252
[10:58:49] 644.1, 122.7, 5.253
[10:58:50] 644.1, 122.7, 5.242
[10:58:51] 644.0, 122.2, 7.129
[10:58:52] 766.4, 122.8, 5.252
[10:58:53] 644.3, 122.8, 5.247
[10:58:54] 644.3, 122.8, 5.240
[10:58:55] 644.2, 122.8, 5.251
[10:58:56] 644.2, 122.7, 5.250
[10:58:57] 768.2, 122.8, 5.262
[10:58:58] 668.0, 122.8, 5.242
[10:58:59] 644.1, 122.8, 5.249
[10:59:00] 644.2, 122.8, 5.248
[10:59:01] 644.3, 122.8, 5.249
[10:59:02] 699.3, 122.3, 7.321
[10:59:03] 836.8, 122.7, 5.255
[10:59:04] 644.9, 122.8, 5.250
[10:59:05] 644.8, 122.7, 5.252
[10:59:06] 644.7, 122.6, 5.246
[10:59:07] 644.6, 122.2, 7.603
[10:59:08] 849.8, 122.2, 7.383
[10:59:09] 844.1, 122.8, 5.264
[10:59:10] 645.7, 122.8, 5.245
[10:59:11] 645.5, 122.7, 5.258
[10:59:12] 645.6, 122.8, 5.254
[10:59:13] 645.5, 122.2, 7.506
[10:59:14] 840.6, 122.1, 7.791
[10:59:15] 953.4, 122.3, 7.399
[10:59:16] 847.1, 122.8, 5.265
[10:59:17] 645.7, 122.7, 5.263
[10:59:18] 645.6, 122.8, 5.248
[10:59:19] 645.5, 122.8, 5.256
[10:59:20] 645.4, 122.2, 7.316
[10:59:21] 829.2, 122.2, 7.796
[10:59:22] 954.4, 122.2, 7.801
[10:59:23] 954.4, 122.3, 7.808
[10:59:24] 954.6, 122.3, 7.609
[10:59:25] 855.7, 122.9, 5.270
[10:59:26] 647.1, 122.8, 5.259
[10:59:27] 646.9, 122.8, 5.270
[10:59:28] 646.8, 122.7, 5.266
[10:59:29] 646.6, 122.3, 6.375
[10:59:30] 804.8, 122.2, 7.804
[10:59:31] 953.6, 122.2, 7.806
[10:59:32] 953.7, 122.2, 7.818
[10:59:33] 954.1, 122.2, 7.821
[10:59:34] 954.4, 122.3, 7.820
[10:59:35] 954.7, 122.3, 7.822
[10:59:36] 954.9, 122.2, 7.824
[10:59:37] 955.3, 122.1, 7.811
[10:59:38] 919.7, 122.8, 5.268
[10:59:39] 646.9, 122.8, 5.271
[10:59:40] 646.8, 122.9, 5.265
[10:59:41] 646.7, 122.9, 5.260
[10:59:42] 646.5, 122.9, 5.247
[10:59:43] 757.7, 122.2, 7.795
[10:59:44] 953.6, 122.2, 7.810
[10:59:45] 953.7, 122.2, 7.828
[10:59:46] 954.1, 122.2, 7.832
[10:59:47] 954.5, 122.2, 7.837
[10:59:48] 954.9, 122.2, 7.831
[10:59:49] 955.3, 122.1, 7.834
[10:59:50] 955.7, 122.1, 7.839
[10:59:51] 956.0, 122.1, 7.842
[10:59:52] 956.3, 122.0, 7.853
[10:59:53] 956.7, 122.1, 7.839
[10:59:54] 957.0, 122.1, 7.840
[10:59:55] 957.2, 122.2, 7.847
[10:59:56] 957.4, 122.2, 7.844
[10:59:57] 957.7, 122.2, 7.841
[10:59:58] 957.9, 122.2, 7.843
[10:59:59] 937.0, 122.7, 5.299
[11:00:00] 648.9, 122.8, 5.281
[11:00:01] 648.7, 122.8, 5.277
[11:00:02] 648.5, 122.8, 5.261
[11:00:03] 648.2, 122.8, 5.273
