<<<[01:14:04] 641.0, 124.9, 5.118
[01:14:05] 640.6, 124.9, 5.109
[01:14:06] 640.3, 124.8, 5.343
[01:14:07] 659.7, 124.9, 5.273
[01:14:08] 659.5, 124.9, 5.283
[01:14:09] 659.4, 124.9, 5.267
[01:14:10] 659.4, 124.9, 5.197
[01:14:11] 650.4, 124.9, 5.208
[01:14:12] 645.3, 124.8, 5.129
[01:14:13] 639.4, 125.0, 5.132
[01:14:14] 639.4, 124.8, 5.122
[01:14:15] 639.2, 124.5, 7.067
[01:14:16] 734.3, 124.9, 5.110
[01:14:17] 637.3, 125.0, 5.111
[01:14:18] 637.3, 124.9, 5.094
[01:14:19] 637.1, 125.0, 5.105
[01:14:20] 637.1, 124.4, 7.065
[01:14:21] 731.9, 124.9, 5.098
[01:14:22] 636.9, 125.0, 5.109
[01:14:23] 636.9, 124.9, 5.111
[01:14:24] 637.0, 125.0, 5.105
[01:14:25] 637.0, 124.5, 7.058
[01:14:26] 731.1, 125.0, 5.109
[01:14:27] 637.3, 125.0, 5.109
[01:14:28] 637.2, 124.9, 5.108
[01:14:29] 637.2, 124.9, 5.114
[01:14:30] 637.3, 124.4, 7.053
[01:14:31] 730.2, 125.0, 5.109
[01:14:32] 637.3, 124.9, 5.108
[01:14:33] 637.2, 125.0, 5.109
[01:14:34] 637.2, 124.9, 5.106
[01:14:35] 637.2, 124.4, 7.054
[01:14:36] 729.4, 124.9, 5.111
[01:14:37] 637.5, 124.9, 5.099
[01:14:38] 637.4, 125.0, 5.106
[01:14:39] 637.3, 125.0, 5.107
[01:14:40] 637.3, 124.4, 7.037
[01:14:41] 725.8, 124.9, 5.112
[01:14:42] 637.5, 124.9, 5.105
[01:14:43] 637.4, 124.9, 5.106
[01:14:44] 637.3, 124.9, 5.105
[01:14:45] 637.2, 124.3, 7.026
[01:14:46] 720.5, 124.9, 5.105
[01:14:47] 636.9, 124.9, 5.108
[01:14:48] 636.9, 124.9, 5.104
[01:14:49] 636.9, 124.9, 5.103
[01:14:50] 636.8, 124.4, 7.059
[01:14:51] 758.1, 124.9, 5.108
[01:14:52] 637.3, 125.0, 5.105
[01:14:53] 637.2, 124.9, 5.102
[01:14:54] 637.1, 124.8, 5.103
[01:14:55] 637.1, 124.5, 6.253
[01:14:56] 777.6, 124.9, 5.112
[01:14:57] 646.9, 124.9, 5.108
[01:14:58] 637.1, 124.8, 5.104
[01:14:59] 637.0, 124.8, 5.106
[01:15:00] 637.0, 124.9, 5.104
[01:15:01] 727.8, 124.7, 6.033
[01:15:02] 755.4, 124.8, 5.122
[01:15:03] 637.8, 124.9, 5.104
[01:15:04] 637.6, 124.9, 5.103
[01:15:05] 637.5, 124.8, 5.107
[01:15:06] 637.5, 124.3, 7.552
[01:15:07] 899.2, 124.9, 5.196
[01:15:08] 701.0, 124.8, 5.112
[01:15:09] 637.8, 124.9, 5.105
[01:15:10] 637.6, 124.8, 5.105
[01:15:11] 637.6, 124.9, 5.109
[01:15:12] 637.6, 124.2, 7.570
[01:15:13] 939.6, 124.3, 7.599
[01:15:14] 929.6, 124.8, 5.125
[01:15:15] 653.6, 124.9, 5.118
[01:15:16] 638.8, 124.9, 5.111
[01:15:17] 638.6, 124.9, 5.115
[01:15:18] 638.5, 124.9, 5.110
[01:15:19] 718.0, 124.1, 7.590
[01:15:20] 944.3, 124.3, 7.607
[01:15:21] 944.5, 124.2, 7.613
[01:15:22] 944.8, 124.7, 6.286
[01:15:23] 768.0, 125.0, 5.129
[01:15:24] 640.0, 124.9, 5.119
[01:15:25] 639.8, 124.9, 5.110
[01:15:26] 639.6, 124.9, 5.112
[01:15:27] 639.4, 124.3, 7.550
[01:15:28] 885.3, 124.4, 7.599
[01:15:29] 945.9, 124.3, 7.611
[01:15:30] 946.0, 124.4, 7.618
[01:15:31] 946.3, 124.2, 7.628
[01:15:32] 946.7, 124.3, 7.628
[01:15:33] 947.0, 124.3, 7.632
[01:15:34] 947.4, 124.8, 6.372
[01:15:35] 765.4, 124.8, 5.137
[01:15:36] 640.8, 124.9, 5.123
[01:15:37] 640.6, 124.9, 5.119
[01:15:38] 640.4, 124.9, 5.109
[01:15:39] 640.0, 124.2, 7.592
[01:15:40] 916.8, 124.2, 7.615
[01:15:41] 946.9, 124.2, 7.629
[01:15:42] 947.1, 124.3, 7.625
[01:15:43] 947.4, 124.2, 7.632
[01:15:44] 947.6, 124.3, 7.639
[01:15:45] 948.0, 124.2, 7.642
[01:15:46] 948.3, 124.3, 7.645
[01:15:47] 948.7, 124.3, 7.652
[01:15:48] 949.1, 124.4, 7.649
[01:15:49] 949.4, 124.3, 7.653
[01:15:50] 949.8, 124.3, 7.649
[01:15:51] 950.0, 124.3, 7.649
[01:15:52] 950.3, 124.3, 7.650
[01:15:53] 919.7, 124.8, 5.153
[01:15:54] 643.4, 124.9, 5.143
[01:15:55] 643.1, 124.8, 5.148
[01:15:56] 642.9, 124.9, 5.141
