<<<[17:08:15] 640.4, 122.4, 5.215
[17:08:16] 640.1, 122.4, 5.235
[17:08:17] 639.9, 122.4, 5.372
[17:08:18] 654.4, 122.4, 5.271
[17:08:19] 647.7, 122.4, 5.271
[17:08:20] 647.2, 122.5, 5.232
[17:08:21] 639.4, 122.4, 5.228
[17:08:22] 639.3, 122.4, 5.211
[17:08:23] 639.1, 122.1, 6.816
[17:08:24] 734.7, 122.6, 5.209
[17:08:25] 637.8, 122.4, 5.206
[17:08:26] 637.7, 122.5, 5.199
[17:08:27] 637.6, 122.5, 5.203
[17:08:28] 637.5, 122.1, 6.733
[17:08:29] 730.6, 122.5, 5.200
[17:08:30] 636.7, 122.5, 5.195
[17:08:31] 636.6, 122.5, 5.200
[17:08:32] 636.6, 122.4, 5.200
[17:08:33] 636.5, 122.1, 6.650
[17:08:34] 729.0, 122.4, 5.205
[17:08:35] 636.9, 122.4, 5.200
[17:08:36] 636.8, 122.4, 5.198
[17:08:37] 636.7, 122.4, 5.200
[17:08:38] 636.6, 122.1, 6.568
[17:08:39] 728.4, 122.5, 5.202
[17:08:40] 636.5, 122.4, 5.209
[17:08:41] 636.5, 122.4, 5.204
[17:08:42] 636.5, 122.4, 5.208
[17:08:43] 636.5, 122.0, 6.427
[17:08:44] 725.8, 122.4, 5.208
[17:08:45] 637.1, 122.4, 5.205
[17:08:46] 637.0, 122.4, 5.203
[17:08:47] 637.0, 122.4, 5.198
[17:08:48] 636.9, 122.1, 6.170
[17:08:49] 722.3, 122.5, 5.201
[17:08:50] 636.9, 122.5, 5.202
[17:08:51] 636.8, 122.5, 5.199
[17:08:52] 636.8, 122.5, 5.201
[17:08:53] 636.8, 122.2, 5.321
[17:08:54] 714.6, 122.4, 5.205
[17:08:55] 636.9, 122.4, 5.200
[17:08:56] 636.8, 122.3, 5.200
[17:08:57] 636.8, 122.4, 5.201
[17:08:58] 636.7, 122.4, 5.204
[17:08:59] 737.8, 122.5, 5.207
[17:09:00] 647.7, 122.4, 5.196
[17:09:01] 636.5, 122.4, 5.223
[17:09:02] 636.6, 122.4, 5.197
[17:09:03] 636.5, 122.5, 5.197
[17:09:04] 704.2, 122.5, 5.280
[17:09:05] 703.6, 122.5, 5.195
[17:09:06] 636.7, 122.5, 5.198
[17:09:07] 636.7, 122.4, 5.199
[17:09:08] 636.7, 122.4, 5.195
[17:09:09] 636.6, 121.8, 7.517
[17:09:10] 853.4, 122.4, 5.211
[17:09:11] 637.8, 122.4, 5.203
[17:09:12] 637.6, 122.5, 5.196
[17:09:13] 637.6, 122.5, 5.196
[17:09:14] 637.4, 122.5, 5.200
[17:09:15] 736.3, 121.9, 7.537
[17:09:16] 913.0, 122.5, 5.215
[17:09:17] 654.8, 122.4, 5.200
[17:09:18] 637.3, 122.5, 5.200
[17:09:19] 637.2, 122.5, 5.198
[17:09:20] 637.2, 122.4, 5.194
[17:09:21] 686.9, 122.0, 7.530
[17:09:22] 919.5, 121.8, 7.558
[17:09:23] 919.8, 122.3, 6.466
[17:09:24] 761.5, 122.5, 5.208
[17:09:25] 638.2, 122.5, 5.201
[17:09:26] 638.1, 122.4, 5.204
[17:09:27] 638.0, 122.5, 5.195
[17:09:28] 637.8, 121.8, 7.513
[17:09:29] 875.4, 121.8, 7.547
[17:09:30] 921.5, 121.9, 7.566
[17:09:31] 921.7, 121.8, 7.570
[17:09:32] 921.9, 121.9, 7.577
[17:09:33] 921.5, 122.5, 5.228
[17:09:34] 659.9, 122.4, 5.222
[17:09:35] 639.0, 122.5, 5.207
[17:09:36] 638.9, 122.5, 5.204
[17:09:37] 638.7, 122.5, 5.198
[17:09:38] 688.0, 121.8, 7.543
[17:09:39] 920.9, 121.8, 7.562
[17:09:40] 921.1, 121.9, 7.571
[17:09:41] 921.5, 121.9, 7.580
[17:09:42] 921.9, 121.9, 7.584
[17:09:43] 922.4, 121.9, 7.591
[17:09:44] 922.9, 121.8, 7.601
[17:09:45] 923.4, 121.8, 7.601
[17:09:46] 923.9, 121.8, 7.606
[17:09:47] 924.3, 122.3, 6.787
[17:09:48] 769.5, 122.5, 5.224
[17:09:49] 640.4, 122.5, 5.220
[17:09:50] 640.2, 122.5, 5.223
[17:09:51] 640.1, 122.4, 5.208
[17:09:52] 639.8, 121.8, 7.538
[17:09:53] 879.8, 121.8, 7.569
[17:09:54] 923.1, 121.8, 7.579
[17:09:55] 923.3, 121.9, 7.589
[17:09:56] 923.6, 121.8, 7.601
[17:09:57] 924.0, 121.8, 7.608
[17:09:58] 924.4, 121.8, 7.609
[17:09:59] 924.8, 121.8, 7.609
[17:10:00] 925.1, 121.7, 7.600
[17:10:01] 925.4, 121.9, 7.605
[17:10:02] 925.7, 121.9, 7.608
[17:10:03] 926.0, 121.9, 7.611
[17:10:04] 926.3, 121.8, 7.616
[17:10:05] 926.6, 121.8, 7.616
[17:10:06] 926.9, 121.9, 7.614
[17:10:07] 927.2, 121.9, 7.620
[17:10:08] 927.4, 121.7, 7.628
[17:10:09] 927.7, 121.8, 7.619
[17:10:10] 928.0, 121.9, 7.625
[17:10:11] 872.1, 122.4, 5.255
[17:10:12] 643.4, 122.4, 5.232
[17:10:13] 643.1, 122.4, 5.224
[17:10:14] 642.7, 122.5, 5.228
