<<<[18:54:40] 635.9, 123.4, 5.147
[18:54:41] 635.8, 123.5, 5.144
[18:54:42] 635.8, 123.4, 5.254
[18:54:43] 647.5, 123.4, 5.280
[18:54:44] 653.2, 123.5, 5.321
[18:54:45] 653.3, 123.4, 5.317
[18:54:46] 653.5, 123.4, 5.327
[18:54:47] 653.6, 123.4, 5.270
[18:54:48] 653.5, 123.4, 5.280
[18:54:49] 653.4, 123.4, 5.354
[18:54:50] 653.4, 123.4, 5.272
[18:54:51] 653.3, 123.4, 5.280
[18:54:52] 653.7, 123.5, 5.284
[18:54:53] 653.8, 123.5, 5.296
[18:54:54] 653.8, 123.5, 5.274
[18:54:55] 653.8, 123.5, 5.270
[18:54:56] 653.5, 123.4, 5.269
[18:54:57] 653.3, 123.4, 5.388
[18:54:58] 661.9, 123.5, 5.312
[18:54:59] 661.3, 123.4, 5.162
[18:55:00] 643.4, 123.5, 5.152
[18:55:01] 636.7, 123.5, 5.151
[18:55:02] 636.6, 123.5, 5.148
[18:55:03] 636.7, 123.5, 5.148
[18:55:04] 636.6, 122.9, 7.074
[18:55:05] 735.7, 123.5, 5.149
[18:55:06] 637.1, 123.5, 5.158
[18:55:07] 637.0, 123.4, 5.147
[18:55:08] 636.9, 123.4, 5.149
[18:55:09] 636.8, 122.9, 7.072
[18:55:10] 727.4, 123.5, 5.152
[18:55:11] 636.3, 123.5, 5.161
[18:55:12] 636.4, 123.5, 5.163
[18:55:13] 636.6, 123.5, 5.154
[18:55:14] 636.6, 122.9, 7.257
[18:55:15] 766.4, 123.5, 5.149
[18:55:16] 636.1, 123.5, 5.148
[18:55:17] 636.0, 123.5, 5.143
[18:55:18] 636.0, 123.5, 5.145
[18:55:19] 636.0, 123.4, 5.186
[18:55:20] 769.1, 123.5, 5.161
[18:55:21] 663.8, 123.5, 5.151
[18:55:22] 636.3, 123.5, 5.146
[18:55:23] 636.2, 123.4, 5.148
[18:55:24] 636.2, 123.4, 5.147
[18:55:25] 711.5, 123.0, 7.053
[18:55:26] 784.5, 123.5, 5.153
[18:55:27] 636.1, 123.4, 5.158
[18:55:28] 636.2, 123.3, 5.162
[18:55:29] 636.3, 123.4, 5.156
[18:55:30] 636.4, 122.7, 7.833
[18:55:31] 890.0, 123.1, 7.123
[18:55:32] 780.7, 123.5, 5.155
[18:55:33] 636.7, 123.4, 5.153
[18:55:34] 636.6, 123.5, 5.152
[18:55:35] 636.6, 123.5, 5.148
[18:55:36] 636.5, 122.7, 7.867
[18:55:37] 916.0, 122.8, 7.892
[18:55:38] 970.5, 123.5, 5.404
[18:55:39] 720.7, 123.4, 5.157
[18:55:40] 637.1, 123.5, 5.150
[18:55:41] 637.0, 123.5, 5.146
[18:55:42] 636.9, 123.5, 5.148
[18:55:43] 636.9, 122.8, 7.883
[18:55:44] 969.1, 122.8, 7.900
[18:55:45] 969.4, 122.8, 7.908
[18:55:46] 969.8, 122.8, 7.912
[18:55:47] 931.1, 123.5, 5.169
[18:55:48] 638.6, 123.5, 5.161
[18:55:49] 638.5, 123.5, 5.153
[18:55:50] 638.3, 123.5, 5.150
[18:55:51] 638.1, 123.5, 5.151
[18:55:52] 745.1, 122.9, 7.895
[18:55:53] 970.9, 122.8, 7.910
[18:55:54] 971.1, 122.8, 7.919
[18:55:55] 971.5, 122.8, 7.926
[18:55:56] 971.8, 122.9, 7.928
[18:55:57] 972.3, 122.8, 7.935
[18:55:58] 972.6, 122.7, 7.944
[18:55:59] 973.1, 123.4, 5.507
[18:56:00] 729.6, 123.4, 5.171
[18:56:01] 638.6, 123.5, 5.172
[18:56:02] 638.6, 123.4, 5.169
[18:56:03] 638.7, 123.4, 5.166
[18:56:04] 638.6, 122.7, 7.897
[18:56:05] 966.8, 122.7, 7.921
[18:56:06] 973.3, 122.7, 7.931
[18:56:07] 973.4, 122.7, 7.939
[18:56:08] 973.6, 122.7, 7.947
[18:56:09] 973.9, 122.7, 7.949
[18:56:10] 974.2, 122.7, 7.947
[18:56:11] 974.5, 122.7, 7.955
[18:56:12] 974.9, 122.7, 7.950
[18:56:13] 975.2, 122.8, 7.956
[18:56:14] 975.5, 122.8, 7.958
[18:56:15] 975.8, 122.8, 7.959
[18:56:16] 976.0, 122.8, 7.959
[18:56:17] 976.3, 122.7, 7.956
[18:56:18] 976.5, 122.7, 7.962
[18:56:19] 873.5, 123.4, 5.185
[18:56:20] 640.4, 123.4, 5.181
[18:56:21] 640.3, 123.5, 5.170
[18:56:22] 640.1, 123.5, 5.166
