<<<[10:45:12] 647.5, 122.8, 5.247
[10:45:13] 647.3, 122.8, 5.257
[10:45:14] 647.1, 122.8, 5.321
[10:45:15] 658.3, 122.7, 5.425
[10:45:16] 668.4, 122.7, 5.484
[10:45:17] 668.4, 122.8, 5.409
[10:45:18] 668.4, 122.7, 5.393
[10:45:19] 668.0, 122.7, 5.475
[10:45:20] 667.8, 122.7, 5.511
[10:45:21] 667.8, 122.6, 5.446
[10:45:22] 667.6, 122.8, 5.509
[10:45:23] 667.0, 122.8, 5.260
[10:45:24] 646.9, 122.7, 5.263
[10:45:25] 646.8, 122.7, 5.264
[10:45:26] 646.8, 122.6, 5.265
[10:45:27] 646.8, 122.7, 5.261
[10:45:28] 724.1, 122.7, 5.268
[10:45:29] 664.2, 122.7, 5.250
[10:45:30] 645.9, 122.8, 5.255
[10:45:31] 645.8, 122.6, 5.256
[10:45:32] 645.8, 122.7, 5.257
[10:45:33] 721.1, 122.7, 5.266
[10:45:34] 664.4, 122.8, 5.258
[10:45:35] 646.1, 122.8, 5.253
[10:45:36] 646.0, 122.8, 5.256
[10:45:37] 646.0, 122.7, 5.254
[10:45:38] 719.1, 122.8, 5.261
[10:45:39] 666.0, 122.7, 5.260
[10:45:40] 646.5, 122.8, 5.253
[10:45:41] 646.4, 122.7, 5.254
[10:45:42] 646.3, 122.8, 5.254
[10:45:43] 716.0, 122.7, 5.263
[10:45:44] 667.0, 122.8, 5.255
[10:45:45] 645.7, 122.6, 5.257
[10:45:46] 645.6, 122.8, 5.248
[10:45:47] 645.6, 122.7, 5.245
[10:45:48] 711.5, 122.7, 5.264
[10:45:49] 668.2, 122.8, 5.255
[10:45:50] 645.5, 122.8, 5.251
[10:45:51] 645.5, 122.8, 5.251
[10:45:52] 645.5, 122.7, 5.254
[10:45:53] 705.2, 122.8, 5.263
[10:45:54] 669.1, 122.9, 5.253
[10:45:55] 645.7, 122.8, 5.250
[10:45:56] 645.7, 122.8, 5.248
[10:45:57] 645.7, 122.8, 5.250
[10:45:58] 693.0, 122.9, 5.402
[10:45:59] 719.5, 122.7, 5.253
[10:46:00] 645.5, 122.8, 5.254
[10:46:01] 645.5, 122.8, 5.251
[10:46:02] 645.5, 122.8, 5.250
[10:46:03] 650.6, 122.5, 6.959
[10:46:04] 789.6, 122.9, 5.246
[10:46:05] 645.9, 122.8, 5.246
[10:46:06] 645.8, 122.9, 5.249
[10:46:07] 645.7, 122.8, 5.250
[10:46:08] 645.7, 122.1, 7.872
[10:46:09] 873.7, 122.7, 5.278
[10:46:10] 674.1, 122.8, 5.254
[10:46:11] 645.9, 122.8, 5.251
[10:46:12] 645.8, 122.9, 5.248
[10:46:13] 645.8, 122.8, 5.240
[10:46:14] 722.1, 122.2, 7.940
[10:46:15] 955.0, 122.7, 5.277
[10:46:16] 676.0, 122.9, 5.259
[10:46:17] 646.3, 122.7, 5.255
[10:46:18] 646.2, 122.8, 5.255
[10:46:19] 646.1, 122.7, 5.256
[10:46:20] 710.7, 122.1, 7.946
[10:46:21] 971.5, 122.0, 7.968
[10:46:22] 962.8, 122.7, 5.283
[10:46:23] 678.6, 122.8, 5.265
[10:46:24] 646.9, 122.7, 5.259
[10:46:25] 646.8, 122.6, 5.258
[10:46:26] 646.7, 122.8, 5.260
[10:46:27] 690.8, 122.0, 7.954
[10:46:28] 972.3, 122.1, 7.977
[10:46:29] 972.5, 122.0, 7.972
[10:46:30] 972.9, 122.2, 7.975
[10:46:31] 973.1, 122.7, 5.508
[10:46:32] 731.5, 122.9, 5.272
[10:46:33] 648.3, 122.8, 5.267
[10:46:34] 648.1, 122.8, 5.262
[10:46:35] 648.0, 122.7, 5.261
[10:46:36] 648.6, 122.0, 7.949
[10:46:37] 973.7, 122.1, 7.981
[10:46:38] 973.9, 122.0, 7.977
[10:46:39] 974.1, 122.2, 7.984
[10:46:40] 974.5, 122.1, 7.980
[10:46:41] 974.9, 122.2, 7.996
[10:46:42] 975.3, 122.1, 8.001
[10:46:43] 975.8, 122.2, 8.009
[10:46:44] 976.2, 122.2, 7.366
[10:46:45] 802.2, 122.9, 5.283
[10:46:46] 649.5, 122.7, 5.278
[10:46:47] 649.3, 122.8, 5.267
[10:46:48] 649.2, 122.7, 5.261
[10:46:49] 648.9, 122.1, 7.900
[10:46:50] 902.2, 122.0, 7.950
[10:46:51] 972.9, 122.2, 7.949
[10:46:52] 973.0, 122.1, 7.971
[10:46:53] 973.3, 122.1, 7.978
[10:46:54] 973.6, 122.0, 7.990
[10:46:55] 974.0, 122.0, 7.990
[10:46:56] 974.4, 122.1, 7.988
[10:46:57] 974.7, 122.1, 7.983
[10:46:58] 975.0, 122.1, 8.001
[10:46:59] 975.4, 122.0, 7.999
[10:47:00] 975.7, 122.1, 7.998
[10:47:01] 975.9, 122.1, 8.000
[10:47:02] 976.3, 122.0, 7.994
[10:47:03] 976.6, 122.1, 8.008
[10:47:04] 976.8, 122.1, 8.007
[10:47:05] 977.0, 122.1, 8.002
[10:47:06] 851.6, 122.8, 5.298
[10:47:07] 651.2, 122.8, 5.286
[10:47:08] 651.0, 122.8, 5.277
[10:47:09] 650.8, 122.8, 5.273
