<<<[00:28:58] 639.4, 124.6, 5.107
[00:28:59] 639.0, 124.8, 5.111
[00:29:00] 638.9, 124.7, 5.112
[00:29:01] 645.9, 124.7, 5.142
[00:29:02] 645.4, 124.7, 5.116
[00:29:03] 638.6, 124.7, 5.113
[00:29:04] 638.7, 124.6, 5.117
[00:29:05] 638.7, 124.7, 5.114
[00:29:06] 638.7, 124.5, 6.570
[00:29:07] 730.6, 124.7, 5.110
[00:29:08] 637.6, 124.7, 5.106
[00:29:09] 637.6, 124.7, 5.110
[00:29:10] 637.6, 124.6, 5.110
[00:29:11] 637.5, 124.4, 6.649
[00:29:12] 726.2, 124.7, 5.112
[00:29:13] 637.6, 124.6, 5.110
[00:29:14] 637.6, 124.7, 5.111
[00:29:15] 637.5, 124.7, 5.106
[00:29:16] 637.5, 124.4, 6.733
[00:29:17] 726.0, 124.7, 5.110
[00:29:18] 638.0, 124.7, 5.108
[00:29:19] 638.0, 124.7, 5.108
[00:29:20] 638.1, 124.6, 5.105
[00:29:21] 638.1, 124.5, 6.810
[00:29:22] 726.0, 124.7, 5.108
[00:29:23] 637.3, 124.8, 5.111
[00:29:24] 637.3, 124.7, 5.105
[00:29:25] 637.3, 124.6, 5.110
[00:29:26] 637.4, 124.4, 6.882
[00:29:27] 725.0, 124.7, 5.117
[00:29:28] 637.6, 124.7, 5.108
[00:29:29] 637.5, 124.6, 5.111
[00:29:30] 637.6, 124.7, 5.106
[00:29:31] 637.5, 124.4, 6.959
[00:29:32] 725.2, 124.7, 5.108
[00:29:33] 638.6, 124.8, 5.111
[00:29:34] 638.4, 124.7, 5.106
[00:29:35] 638.2, 124.7, 5.113
[00:29:36] 638.1, 124.3, 7.009
[00:29:37] 724.5, 124.7, 5.108
[00:29:38] 637.8, 124.6, 5.108
[00:29:39] 637.6, 124.8, 5.107
[00:29:40] 637.6, 124.6, 5.106
[00:29:41] 637.6, 124.2, 7.032
[00:29:42] 723.1, 124.8, 5.107
[00:29:43] 636.9, 124.8, 5.107
[00:29:44] 636.9, 124.7, 5.106
[00:29:45] 637.0, 124.7, 5.105
[00:29:46] 637.0, 124.2, 7.061
[00:29:47] 719.5, 124.7, 5.108
[00:29:48] 637.3, 124.7, 5.104
[00:29:49] 637.3, 124.7, 5.107
[00:29:50] 637.3, 124.7, 5.103
[00:29:51] 637.3, 124.3, 7.069
[00:29:52] 714.8, 124.7, 5.105
[00:29:53] 637.3, 124.7, 5.110
[00:29:54] 637.3, 124.6, 5.105
[00:29:55] 637.2, 124.7, 5.108
[00:29:56] 637.1, 124.1, 7.145
[00:29:57] 754.8, 124.7, 5.109
[00:29:58] 637.6, 124.7, 5.105
[00:29:59] 637.4, 124.6, 5.112
[00:30:00] 637.4, 124.7, 5.110
[00:30:01] 637.4, 124.2, 6.935
[00:30:02] 783.9, 124.7, 5.112
[00:30:03] 637.1, 124.7, 5.116
[00:30:04] 637.1, 124.7, 5.112
[00:30:05] 637.1, 124.7, 5.113
[00:30:06] 637.1, 124.7, 5.108
[00:30:07] 742.8, 124.6, 5.492
[00:30:08] 742.2, 124.6, 5.113
[00:30:09] 637.6, 124.6, 5.110
[00:30:10] 637.6, 124.6, 5.109
[00:30:11] 637.5, 124.7, 5.109
[00:30:12] 637.5, 124.0, 7.727
[00:30:13] 917.7, 124.5, 5.538
[00:30:14] 736.1, 124.6, 5.118
[00:30:15] 637.6, 124.6, 5.117
[00:30:16] 637.6, 124.6, 5.116
[00:30:17] 637.6, 124.5, 5.115
[00:30:18] 637.7, 124.0, 7.740
[00:30:19] 945.1, 123.9, 7.763
[00:30:20] 954.4, 124.6, 5.164
[00:30:21] 685.9, 124.6, 5.126
[00:30:22] 639.4, 124.7, 5.117
[00:30:23] 639.2, 124.6, 5.120
[00:30:24] 639.0, 124.8, 5.111
[00:30:25] 677.2, 124.0, 7.752
[00:30:26] 962.4, 124.0, 7.769
[00:30:27] 962.7, 124.1, 7.786
[00:30:28] 963.2, 124.1, 7.760
[00:30:29] 879.4, 124.7, 5.136
[00:30:30] 640.8, 124.7, 5.119
[00:30:31] 640.5, 124.8, 5.118
[00:30:32] 640.2, 124.8, 5.111
[00:30:33] 639.9, 124.6, 5.198
[00:30:34] 790.2, 124.0, 7.762
[00:30:35] 964.4, 124.0, 7.778
[00:30:36] 964.5, 124.0, 7.784
[00:30:37] 964.8, 124.1, 7.788
[00:30:38] 965.1, 123.9, 7.793
[00:30:39] 965.5, 124.0, 7.791
[00:30:40] 965.8, 124.1, 7.802
[00:30:41] 955.0, 124.6, 5.188
[00:30:42] 692.8, 124.8, 5.132
[00:30:43] 640.0, 124.7, 5.127
[00:30:44] 639.9, 124.7, 5.121
[00:30:45] 639.8, 124.7, 5.116
[00:30:46] 694.5, 124.1, 7.753
[00:30:47] 963.8, 124.1, 7.777
[00:30:48] 964.1, 124.1, 7.787
[00:30:49] 964.5, 124.1, 7.792
[00:30:50] 964.9, 124.0, 7.798
[00:30:51] 965.4, 124.0, 7.804
[00:30:52] 965.9, 124.1, 7.804
[00:30:53] 966.3, 124.1, 7.808
[00:30:54] 966.7, 124.0, 7.805
[00:30:55] 967.1, 124.0, 7.809
[00:30:56] 967.4, 124.1, 7.815
[00:30:57] 967.8, 124.1, 7.822
[00:30:58] 968.2, 124.1, 7.822
[00:30:59] 968.6, 124.0, 7.829
[00:31:00] 968.9, 124.6, 5.966
[00:31:01] 777.4, 124.8, 5.151
[00:31:02] 643.4, 124.8, 5.140
[00:31:03] 643.1, 124.7, 5.141
[00:31:04] 642.8, 124.7, 5.131
<<<[07:08:30] 644.7, 124.1, 5.195
[07:08:31] 644.5, 124.2, 5.192
[07:08:32] 644.4, 124.1, 5.332
[07:08:33] 656.0, 124.1, 5.198
[07:08:34] 643.9, 124.2, 5.198
[07:08:35] 643.8, 124.1, 5.200
[07:08:36] 643.8, 124.1, 5.200
[07:08:37] 643.8, 124.2, 5.201
[07:08:38] 726.4, 124.2, 5.204
[07:08:39] 657.3, 124.2, 5.198
[07:08:40] 643.2, 124.1, 5.193
[07:08:41] 643.2, 124.2, 5.201
[07:08:42] 643.2, 124.2, 5.197
[07:08:43] 723.7, 124.1, 5.207
[07:08:44] 657.3, 124.2, 5.196
[07:08:45] 643.2, 124.2, 5.172
[07:08:46] 643.1, 124.1, 5.192
[07:08:47] 643.1, 124.2, 5.192
[07:08:48] 722.5, 124.2, 5.202
[07:08:49] 658.3, 124.1, 5.201
[07:08:50] 643.4, 124.2, 5.195
[07:08:51] 643.3, 124.1, 5.199
[07:08:52] 643.3, 124.0, 5.197
[07:08:53] 720.9, 124.0, 5.205
[07:08:54] 659.3, 124.0, 5.200
[07:08:55] 643.0, 124.1, 5.204
[07:08:56] 643.0, 124.1, 5.195
[07:08:57] 643.0, 124.1, 5.196
[07:08:58] 719.7, 124.0, 5.207
[07:08:59] 660.5, 124.0, 5.202
[07:09:00] 643.2, 124.1, 5.199
[07:09:01] 643.2, 124.2, 5.174
[07:09:02] 643.1, 124.2, 5.191
[07:09:03] 718.4, 124.2, 5.203
[07:09:04] 661.1, 124.1, 5.194
[07:09:05] 643.2, 124.1, 5.194
[07:09:06] 643.2, 124.2, 5.190
[07:09:07] 643.2, 124.2, 5.192
[07:09:08] 716.6, 124.3, 5.204
[07:09:09] 662.3, 124.2, 5.195
[07:09:10] 643.4, 124.2, 5.192
[07:09:11] 643.3, 124.1, 5.191
[07:09:12] 643.2, 124.2, 5.187
[07:09:13] 713.6, 124.2, 5.207
[07:09:14] 663.0, 124.1, 5.198
[07:09:15] 643.0, 124.2, 5.193
[07:09:16] 643.0, 124.1, 5.189
[07:09:17] 642.9, 124.2, 5.169
[07:09:18] 710.1, 124.1, 5.206
[07:09:19] 663.8, 124.1, 5.197
[07:09:20] 643.2, 124.1, 5.191
[07:09:21] 643.1, 124.1, 5.190
[07:09:22] 643.0, 124.2, 5.189
[07:09:23] 705.0, 124.2, 5.201
[07:09:24] 664.4, 124.2, 5.188
[07:09:25] 642.8, 124.2, 5.190
[07:09:26] 642.7, 124.2, 5.187
[07:09:27] 642.7, 124.3, 5.188
[07:09:28] 694.5, 124.2, 5.328
[07:09:29] 714.4, 124.1, 5.190
[07:09:30] 643.0, 124.2, 5.188
[07:09:31] 642.9, 124.2, 5.193
[07:09:32] 642.9, 124.2, 5.191
[07:09:33] 659.1, 124.0, 6.702
[07:09:34] 780.2, 124.1, 5.196
[07:09:35] 643.2, 124.1, 5.194
[07:09:36] 643.2, 124.1, 5.191
[07:09:37] 643.1, 124.2, 5.193
[07:09:38] 643.1, 123.5, 7.819
[07:09:39] 857.3, 124.2, 5.197
[07:09:40] 643.6, 124.1, 5.198
[07:09:41] 643.6, 124.1, 5.194
[07:09:42] 643.5, 124.1, 5.199
[07:09:43] 643.5, 124.1, 5.194
[07:09:44] 754.4, 123.6, 7.880
[07:09:45] 916.2, 124.2, 5.205
[07:09:46] 644.3, 124.2, 5.198
[07:09:47] 644.2, 124.1, 5.198
[07:09:48] 644.0, 124.1, 5.195
[07:09:49] 643.9, 124.1, 5.177
[07:09:50] 776.8, 123.4, 7.892
[07:09:51] 976.2, 123.5, 7.512
[07:09:52] 858.1, 124.1, 5.210
[07:09:53] 645.1, 124.1, 5.203
[07:09:54] 644.9, 124.2, 5.201
[07:09:55] 644.8, 124.2, 5.199
[07:09:56] 644.7, 123.7, 6.862
[07:09:57] 824.6, 123.4, 7.898
[07:09:58] 977.0, 123.4, 7.918
[07:09:59] 977.2, 123.4, 7.928
[07:10:00] 977.6, 123.9, 6.962
[07:10:01] 787.4, 124.1, 5.224
[07:10:02] 646.1, 124.1, 5.215
[07:10:03] 646.0, 124.1, 5.207
[07:10:04] 645.7, 124.1, 5.202
[07:10:05] 645.5, 123.5, 7.864
[07:10:06] 921.3, 123.4, 7.908
[07:10:07] 977.8, 123.5, 7.930
[07:10:08] 978.1, 123.5, 7.921
[07:10:09] 978.5, 123.4, 7.946
[07:10:10] 978.8, 123.4, 7.945
[07:10:11] 979.4, 123.5, 7.947
[07:10:12] 979.9, 123.4, 7.956
[07:10:13] 928.4, 124.0, 5.241
[07:10:14] 648.3, 124.1, 5.227
[07:10:15] 648.0, 124.1, 5.220
[07:10:16] 647.8, 124.0, 5.217
[07:10:17] 647.4, 124.1, 5.209
[07:10:18] 776.2, 123.4, 7.915
[07:10:19] 978.8, 123.5, 7.932
[07:10:20] 979.0, 123.4, 7.940
[07:10:21] 979.5, 123.5, 7.947
[07:10:22] 979.9, 123.5, 7.949
[07:10:23] 980.4, 123.5, 7.962
[07:10:24] 981.0, 123.6, 7.967
[07:10:25] 981.6, 123.5, 7.961
[07:10:26] 982.0, 123.4, 7.966
[07:10:27] 982.3, 123.4, 7.973
[07:10:28] 982.7, 123.6, 7.969
[07:10:29] 983.2, 123.5, 7.971
[07:10:30] 983.5, 123.5, 7.974
[07:10:31] 983.9, 123.5, 7.988
[07:10:32] 984.3, 124.0, 6.253
[07:10:33] 793.3, 124.1, 5.242
[07:10:34] 649.1, 124.1, 5.231
[07:10:35] 648.9, 124.1, 5.226
[07:10:36] 648.7, 124.1, 5.219
