<<<[03:40:42] 645.7, 125.2, 5.152
[03:40:43] 645.4, 125.2, 5.152
[03:40:44] 645.2, 125.2, 5.272
[03:40:45] 661.9, 125.2, 5.376
[03:40:46] 672.7, 125.2, 5.296
[03:40:47] 664.0, 125.1, 5.291
[03:40:48] 664.0, 125.2, 5.296
[03:40:49] 663.8, 125.2, 5.288
[03:40:50] 664.1, 125.1, 5.293
[03:40:51] 663.9, 125.1, 5.287
[03:40:52] 663.7, 125.2, 5.404
[03:40:53] 664.2, 125.1, 5.343
[03:40:54] 657.1, 125.2, 5.159
[03:40:55] 643.7, 125.3, 5.135
[03:40:56] 643.6, 125.2, 5.136
[03:40:57] 643.6, 125.2, 5.155
[03:40:58] 643.8, 125.3, 5.179
[03:40:59] 740.0, 125.3, 5.128
[03:41:00] 643.0, 125.3, 5.148
[03:41:01] 643.0, 125.2, 5.144
[03:41:02] 643.1, 125.2, 5.142
[03:41:03] 643.0, 125.2, 5.124
[03:41:04] 735.5, 125.3, 5.130
[03:41:05] 642.8, 125.3, 5.130
[03:41:06] 642.8, 125.3, 5.152
[03:41:07] 642.8, 125.3, 5.128
[03:41:08] 642.8, 125.3, 5.130
[03:41:09] 733.5, 125.2, 5.132
[03:41:10] 642.8, 125.2, 5.149
[03:41:11] 642.7, 125.2, 5.131
[03:41:12] 642.7, 125.2, 5.134
[03:41:13] 642.7, 125.1, 5.128
[03:41:14] 728.8, 125.2, 5.149
[03:41:15] 642.4, 125.1, 5.150
[03:41:16] 642.5, 125.2, 5.145
[03:41:17] 642.6, 125.2, 5.146
[03:41:18] 642.7, 125.2, 5.148
[03:41:19] 730.6, 125.3, 5.156
[03:41:20] 681.9, 125.2, 5.133
[03:41:21] 642.8, 125.2, 5.129
[03:41:22] 642.8, 125.1, 5.129
[03:41:23] 642.6, 125.2, 5.126
[03:41:24] 708.5, 125.1, 5.483
[03:41:25] 736.5, 125.1, 5.133
[03:41:26] 643.0, 125.2, 5.132
[03:41:27] 642.8, 125.2, 5.131
[03:41:28] 642.8, 125.2, 5.129
[03:41:29] 642.7, 124.6, 7.738
[03:41:30] 868.1, 125.2, 5.134
[03:41:31] 642.8, 125.3, 5.128
[03:41:32] 642.7, 125.2, 5.129
[03:41:33] 642.7, 125.2, 5.127
[03:41:34] 642.8, 124.9, 5.808
[03:41:35] 814.0, 124.8, 7.358
[03:41:36] 877.4, 125.2, 5.134
[03:41:37] 643.4, 125.2, 5.127
[03:41:38] 643.3, 125.3, 5.144
[03:41:39] 643.1, 125.3, 5.127
[03:41:40] 643.1, 124.7, 7.240
[03:41:41] 843.7, 124.5, 7.967
[03:41:42] 993.1, 124.7, 7.160
[03:41:43] 812.6, 125.2, 5.137
[03:41:44] 644.1, 125.2, 5.132
[03:41:45] 643.9, 125.2, 5.131
[03:41:46] 643.8, 125.3, 5.146
[03:41:47] 643.7, 124.5, 7.904
[03:41:48] 911.6, 124.4, 7.968
[03:41:49] 993.1, 124.5, 7.978
[03:41:50] 993.2, 124.4, 7.988
[03:41:51] 977.6, 125.2, 5.191
[03:41:52] 694.7, 125.3, 5.143
[03:41:53] 644.3, 125.3, 5.137
[03:41:54] 644.1, 125.3, 5.156
[03:41:55] 644.1, 125.3, 5.134
[03:41:56] 700.6, 124.6, 7.959
[03:41:57] 992.7, 124.4, 7.979
[03:41:58] 992.9, 124.5, 7.987
[03:41:59] 993.2, 124.5, 7.994
[03:42:00] 993.6, 124.5, 7.999
[03:42:01] 994.0, 124.5, 8.005
[03:42:02] 994.4, 124.4, 8.006
[03:42:03] 994.9, 125.1, 5.792
[03:42:04] 752.2, 125.2, 5.153
[03:42:05] 645.5, 125.2, 5.146
[03:42:06] 645.3, 125.2, 5.158
[03:42:07] 645.2, 125.2, 5.137
[03:42:08] 645.0, 124.5, 7.964
[03:42:09] 979.6, 124.5, 7.984
[03:42:10] 994.9, 124.6, 7.993
[03:42:11] 995.0, 124.5, 8.003
[03:42:12] 995.3, 124.5, 8.008
[03:42:13] 995.6, 124.5, 8.008
[03:42:14] 996.0, 124.4, 8.015
[03:42:15] 996.3, 124.5, 8.015
[03:42:16] 996.6, 124.6, 8.017
[03:42:17] 997.0, 124.6, 8.015
[03:42:18] 997.2, 124.5, 8.021
[03:42:19] 997.6, 124.5, 8.017
[03:42:20] 997.8, 124.5, 8.019
[03:42:21] 998.1, 124.5, 8.022
[03:42:22] 998.3, 125.1, 6.380
[03:42:23] 806.1, 125.2, 5.265
[03:42:24] 659.7, 125.2, 5.258
[03:42:25] 659.6, 125.2, 5.263
[03:42:26] 659.5, 125.2, 5.160
