<<<[20:25:21] 649.4, 122.9, 5.287
[20:25:22] 649.1, 122.8, 5.186
[20:25:23] 637.8, 122.9, 5.186
[20:25:24] 638.4, 122.9, 5.224
[20:25:25] 638.9, 122.8, 5.186
[20:25:26] 638.7, 122.9, 5.187
[20:25:27] 638.6, 122.8, 5.187
[20:25:28] 638.6, 122.9, 5.192
[20:25:29] 638.6, 122.6, 7.038
[20:25:30] 735.5, 122.8, 5.186
[20:25:31] 638.2, 122.8, 5.185
[20:25:32] 638.1, 122.9, 5.180
[20:25:33] 637.9, 122.8, 5.181
[20:25:34] 637.9, 122.5, 7.083
[20:25:35] 730.9, 122.9, 5.184
[20:25:36] 637.6, 122.9, 5.180
[20:25:37] 637.5, 122.9, 5.178
[20:25:38] 637.5, 122.9, 5.179
[20:25:39] 637.4, 122.5, 7.127
[20:25:40] 730.8, 122.9, 5.180
[20:25:41] 637.3, 122.8, 5.179
[20:25:42] 637.2, 122.9, 5.178
[20:25:43] 637.2, 122.9, 5.176
[20:25:44] 637.2, 122.5, 7.155
[20:25:45] 730.6, 122.9, 5.179
[20:25:46] 637.1, 122.9, 5.178
[20:25:47] 637.1, 122.9, 5.179
[20:25:48] 637.1, 122.9, 5.176
[20:25:49] 637.0, 122.3, 7.172
[20:25:50] 730.4, 122.9, 5.177
[20:25:51] 636.5, 122.8, 5.181
[20:25:52] 636.5, 122.8, 5.178
[20:25:53] 636.6, 123.0, 5.173
[20:25:54] 636.6, 122.4, 7.176
[20:25:55] 730.4, 123.0, 5.176
[20:25:56] 637.1, 122.9, 5.173
[20:25:57] 637.0, 123.0, 5.175
[20:25:58] 637.0, 122.9, 5.173
[20:25:59] 637.0, 122.4, 7.171
[20:26:00] 729.2, 123.0, 5.178
[20:26:01] 637.1, 122.9, 5.176
[20:26:02] 637.0, 123.0, 5.173
[20:26:03] 636.9, 122.9, 5.174
[20:26:04] 636.9, 122.5, 7.155
[20:26:05] 727.6, 122.9, 5.175
[20:26:06] 636.9, 123.0, 5.171
[20:26:07] 636.8, 122.9, 5.173
[20:26:08] 636.8, 122.9, 5.175
[20:26:09] 636.7, 122.4, 7.165
[20:26:10] 726.0, 122.8, 5.177
[20:26:11] 636.5, 122.9, 5.174
[20:26:12] 636.5, 122.9, 5.176
[20:26:13] 636.5, 122.8, 5.175
[20:26:14] 636.5, 122.4, 7.160
[20:26:15] 721.7, 122.8, 5.177
[20:26:16] 636.7, 122.8, 5.174
[20:26:17] 636.6, 123.0, 5.173
[20:26:18] 636.6, 122.8, 5.173
[20:26:19] 636.5, 122.3, 7.156
[20:26:20] 713.8, 122.9, 5.179
[20:26:21] 636.3, 122.7, 5.180
[20:26:22] 636.3, 122.6, 5.181
[20:26:23] 636.2, 122.8, 5.177
[20:26:24] 636.2, 122.2, 7.314
[20:26:25] 746.7, 122.8, 5.184
[20:26:26] 636.9, 122.8, 5.179
[20:26:27] 636.8, 122.7, 5.183
[20:26:28] 636.8, 122.8, 5.181
[20:26:29] 636.7, 122.7, 5.219
[20:26:30] 766.8, 122.9, 5.214
[20:26:31] 681.9, 122.8, 5.181
[20:26:32] 636.9, 122.8, 5.177
[20:26:33] 636.8, 122.8, 5.177
[20:26:34] 636.7, 122.8, 5.176
[20:26:35] 675.0, 122.2, 7.578
[20:26:36] 856.3, 122.9, 5.182
[20:26:37] 637.1, 122.8, 5.177
[20:26:38] 637.0, 122.9, 5.174
[20:26:39] 636.9, 122.9, 5.176
[20:26:40] 636.8, 122.7, 5.272
[20:26:41] 774.8, 122.3, 7.614
[20:26:42] 923.9, 122.8, 5.226
[20:26:43] 686.7, 122.9, 5.183
[20:26:44] 637.3, 122.8, 5.182
[20:26:45] 637.2, 122.9, 5.178
[20:26:46] 637.2, 122.8, 5.174
[20:26:47] 682.1, 122.4, 7.603
[20:26:48] 931.5, 122.3, 7.624
[20:26:49] 931.8, 122.4, 7.440
[20:26:50] 860.5, 122.9, 5.193
[20:26:51] 639.2, 122.9, 5.186
[20:26:52] 639.0, 123.0, 5.179
[20:26:53] 638.7, 122.9, 5.175
[20:26:54] 638.5, 122.5, 6.425
[20:26:55] 792.2, 122.4, 7.617
[20:26:56] 933.1, 122.2, 7.633
[20:26:57] 933.3, 122.3, 7.646
[20:26:58] 933.6, 122.3, 7.646
[20:26:59] 933.9, 122.2, 7.651
[20:27:00] 923.1, 122.8, 5.208
[20:27:01] 643.4, 122.9, 5.194
[20:27:02] 642.8, 122.9, 5.189
[20:27:03] 642.2, 122.9, 5.185
[20:27:04] 641.6, 122.9, 5.178
[20:27:05] 719.1, 122.2, 7.622
[20:27:06] 933.3, 122.3, 7.640
[20:27:07] 933.5, 122.3, 7.648
[20:27:08] 933.9, 122.3, 7.647
[20:27:09] 934.2, 122.3, 7.657
[20:27:10] 934.6, 122.3, 7.657
[20:27:11] 935.0, 122.2, 7.666
[20:27:12] 935.4, 122.3, 7.669
[20:27:13] 935.8, 122.3, 7.672
[20:27:14] 936.2, 122.3, 7.672
[20:27:15] 936.6, 122.8, 5.277
[20:27:16] 704.0, 122.8, 5.207
[20:27:17] 640.0, 122.8, 5.202
[20:27:18] 639.9, 122.9, 5.196
[20:27:19] 639.7, 122.8, 5.192
