<<<[19:16:41] 638.8, 123.5, 5.157
[19:16:42] 638.6, 123.5, 5.155
[19:16:43] 638.5, 123.5, 5.157
[19:16:44] 639.0, 123.4, 5.296
[19:16:45] 655.6, 123.4, 5.317
[19:16:46] 655.5, 123.5, 5.296
[19:16:47] 655.6, 123.5, 5.322
[19:16:48] 655.5, 123.5, 5.308
[19:16:49] 655.3, 123.5, 5.361
[19:16:50] 655.4, 123.5, 5.314
[19:16:51] 655.2, 123.4, 5.398
[19:16:52] 655.6, 123.5, 5.286
[19:16:53] 655.4, 123.4, 5.282
[19:16:54] 655.3, 123.5, 5.285
[19:16:55] 655.2, 123.4, 5.291
[19:16:56] 655.0, 123.4, 5.381
[19:16:57] 660.5, 123.4, 5.287
[19:16:58] 654.2, 123.4, 5.288
[19:16:59] 653.7, 123.4, 5.166
[19:17:00] 638.0, 123.4, 5.162
[19:17:01] 637.9, 123.3, 5.177
[19:17:02] 638.0, 123.4, 5.173
[19:17:03] 638.0, 123.4, 5.162
[19:17:04] 698.1, 123.4, 5.187
[19:17:05] 675.4, 123.4, 5.160
[19:17:06] 637.6, 123.4, 5.157
[19:17:07] 637.5, 123.4, 5.157
[19:17:08] 637.5, 123.5, 5.156
[19:17:09] 686.1, 123.4, 5.176
[19:17:10] 675.2, 123.5, 5.158
[19:17:11] 637.3, 123.5, 5.157
[19:17:12] 637.3, 123.4, 5.157
[19:17:13] 637.3, 123.6, 5.151
[19:17:15] 663.0, 123.5, 5.478
[19:17:16] 729.0, 123.5, 5.155
[19:17:17] 637.5, 123.6, 5.154
[19:17:18] 637.4, 123.5, 5.154
[19:17:19] 637.4, 123.5, 5.151
[19:17:20] 637.4, 123.0, 7.291
[19:17:21] 818.5, 123.6, 5.157
[19:17:22] 637.5, 123.5, 5.153
[19:17:23] 637.4, 123.6, 5.152
[19:17:23] 637.4, 123.5, 5.151
[19:17:24] 637.3, 123.1, 6.707
[19:17:26] 799.1, 123.5, 5.534
[19:17:27] 735.3, 123.6, 5.157
[19:17:28] 637.5, 123.5, 5.154
[19:17:29] 637.4, 123.5, 5.151
[19:17:30] 637.3, 123.6, 5.151
[19:17:30] 637.3, 123.0, 7.528
[19:17:32] 883.9, 123.0, 7.564
[19:17:33] 855.2, 123.6, 5.159
[19:17:34] 637.6, 123.5, 5.153
[19:17:35] 637.4, 123.6, 5.147
[19:17:36] 637.3, 123.5, 5.149
[19:17:37] 637.2, 123.5, 5.149
[19:17:38] 765.8, 123.0, 7.558
[19:17:39] 930.7, 123.0, 7.577
[19:17:40] 930.9, 123.0, 7.240
[19:17:41] 800.2, 123.6, 5.167
[19:17:42] 638.6, 123.5, 5.161
[19:17:43] 638.5, 123.5, 5.158
[19:17:44] 638.4, 123.6, 5.155
[19:17:45] 638.3, 123.0, 7.291
[19:17:46] 825.4, 123.0, 7.571
[19:17:47] 931.7, 123.0, 7.583
[19:17:48] 931.9, 122.9, 7.595
[19:17:49] 932.3, 123.0, 7.598
[19:17:50] 932.7, 123.0, 7.604
[19:17:51] 932.9, 123.6, 5.209
[19:17:52] 687.6, 123.6, 5.166
[19:17:53] 638.8, 123.7, 5.158
[19:17:54] 638.7, 123.6, 5.154
[19:17:55] 638.5, 123.6, 5.153
[19:17:56] 649.9, 123.0, 7.559
[19:17:57] 931.7, 123.0, 7.583
[19:17:58] 931.9, 123.0, 7.590
[19:17:59] 932.3, 123.1, 7.599
[19:18:00] 932.7, 123.0, 7.604
[19:18:01] 933.1, 123.0, 7.606
[19:18:02] 933.6, 123.0, 7.609
[19:18:03] 934.0, 123.0, 7.612
[19:18:04] 934.4, 122.9, 7.613
[19:18:05] 934.8, 123.0, 7.620
[19:18:06] 935.2, 122.9, 7.621
[19:18:07] 935.6, 123.5, 5.215
[19:18:08] 683.3, 123.6, 5.180
[19:18:09] 641.2, 123.5, 5.175
[19:18:10] 641.1, 123.5, 5.170
[19:18:11] 641.0, 123.5, 5.165
