<<<[09:42:50] 648.2, 123.5, 5.228
[09:42:51] 648.1, 123.6, 5.225
[09:42:52] 648.1, 123.5, 5.232
[09:42:53] 653.8, 123.6, 5.222
[09:42:54] 648.5, 123.4, 5.234
[09:42:55] 648.4, 123.4, 5.237
[09:42:56] 648.2, 123.5, 5.240
[09:42:57] 648.2, 123.4, 5.241
[09:42:58] 648.1, 123.3, 6.788
[09:42:59] 742.4, 123.5, 5.235
[09:43:00] 647.5, 123.4, 5.241
[09:43:01] 647.4, 123.4, 5.238
[09:43:02] 647.3, 123.5, 5.223
[09:43:03] 647.3, 123.2, 6.865
[09:43:04] 741.6, 123.5, 5.234
[09:43:05] 647.1, 123.5, 5.233
[09:43:06] 647.0, 123.5, 5.230
[09:43:07] 647.0, 123.5, 5.225
[09:43:08] 646.9, 123.2, 6.933
[09:43:09] 741.2, 123.5, 5.236
[09:43:10] 646.7, 123.5, 5.231
[09:43:11] 646.7, 123.6, 5.224
[09:43:12] 646.7, 123.5, 5.227
[09:43:13] 646.6, 123.4, 6.995
[09:43:14] 741.0, 123.5, 5.230
[09:43:15] 647.1, 123.6, 5.226
[09:43:16] 647.0, 123.5, 5.218
[09:43:17] 646.9, 123.6, 5.225
[09:43:18] 646.9, 123.2, 7.063
[09:43:19] 740.6, 123.6, 5.228
[09:43:20] 646.7, 123.5, 5.226
[09:43:21] 646.6, 123.6, 5.225
[09:43:22] 646.6, 123.6, 5.228
[09:43:23] 646.6, 123.1, 7.131
[09:43:24] 740.0, 123.6, 5.230
[09:43:25] 646.7, 123.5, 5.223
[09:43:26] 646.6, 123.5, 5.230
[09:43:27] 646.5, 123.5, 5.229
[09:43:28] 646.5, 123.1, 7.183
[09:43:29] 739.4, 123.5, 5.220
[09:43:30] 646.5, 123.5, 5.228
[09:43:31] 646.4, 123.6, 5.227
[09:43:32] 646.4, 123.5, 5.224
[09:43:33] 646.3, 123.1, 7.185
[09:43:34] 738.2, 123.6, 5.227
[09:43:35] 646.7, 123.6, 5.224
[09:43:36] 646.6, 123.5, 5.224
[09:43:37] 646.5, 123.5, 5.227
[09:43:38] 646.4, 123.0, 7.213
[09:43:39] 736.9, 123.5, 5.230
[09:43:40] 646.5, 123.5, 5.228
[09:43:41] 646.4, 123.4, 5.228
[09:43:42] 646.2, 123.4, 5.226
[09:43:43] 646.2, 123.1, 7.211
[09:43:44] 733.3, 123.4, 5.229
[09:43:45] 646.5, 123.5, 5.225
[09:43:46] 646.4, 123.5, 5.226
[09:43:47] 646.3, 123.5, 5.222
[09:43:48] 646.3, 123.1, 7.210
[09:43:49] 726.6, 123.6, 5.224
[09:43:50] 645.9, 123.6, 5.223
[09:43:51] 645.9, 123.6, 5.223
[09:43:52] 645.9, 123.5, 5.219
[09:43:53] 645.9, 123.1, 7.274
[09:43:54] 761.5, 123.5, 5.219
[09:43:55] 646.5, 123.6, 5.223
[09:43:56] 646.4, 123.6, 5.222
[09:43:57] 646.3, 123.6, 5.220
[09:43:58] 646.2, 123.2, 6.577
[09:43:59] 785.1, 123.5, 5.223
[09:44:00] 646.3, 123.6, 5.225
[09:44:01] 646.2, 123.5, 5.224
[09:44:02] 646.2, 123.6, 5.225
[09:44:03] 646.2, 123.5, 5.227
[09:44:04] 722.1, 123.1, 7.275
[09:44:05] 804.2, 123.4, 5.232
[09:44:06] 646.9, 123.6, 5.226
[09:44:07] 646.8, 123.6, 5.228
[09:44:08] 646.8, 123.5, 5.225
[09:44:09] 646.9, 123.0, 7.547
[09:44:10] 855.2, 122.9, 7.401
[09:44:11] 862.8, 123.4, 5.241
[09:44:12] 647.5, 123.6, 5.233
[09:44:13] 647.4, 123.4, 5.229
[09:44:14] 647.2, 123.4, 5.222
[09:44:15] 647.2, 123.0, 7.079
[09:44:16] 820.9, 123.0, 7.714
[09:44:17] 949.6, 122.8, 7.728
[09:44:18] 928.2, 123.5, 5.247
[09:44:19] 648.3, 123.6, 5.233
[09:44:20] 648.2, 123.6, 5.232
[09:44:21] 648.1, 123.6, 5.230
[09:44:22] 648.0, 123.6, 5.226
[09:44:23] 754.4, 122.9, 7.709
[09:44:24] 949.8, 123.0, 7.716
[09:44:25] 950.0, 123.0, 7.738
[09:44:26] 950.3, 122.9, 7.748
[09:44:27] 950.8, 123.4, 5.721
[09:44:28] 751.0, 123.6, 5.250
[09:44:29] 649.3, 123.5, 5.238
[09:44:30] 649.1, 123.5, 5.239
[09:44:31] 649.0, 123.6, 5.237
[09:44:32] 648.7, 122.9, 7.698
[09:44:33] 924.0, 122.9, 7.724
[09:44:34] 951.4, 122.9, 7.731
[09:44:35] 951.5, 123.0, 7.746
[09:44:36] 951.8, 122.9, 7.751
[09:44:37] 952.1, 122.9, 7.757
[09:44:38] 952.4, 123.0, 7.759
[09:44:39] 952.8, 122.8, 7.755
[09:44:40] 953.1, 122.9, 7.770
[09:44:41] 953.4, 123.5, 5.310
[09:44:42] 699.1, 123.5, 5.263
[09:44:43] 650.4, 123.5, 5.250
[09:44:44] 650.2, 123.5, 5.241
[09:44:45] 650.0, 123.5, 5.241
[09:44:46] 650.3, 122.9, 7.722
[09:44:47] 951.4, 122.9, 7.743
[09:44:48] 951.6, 122.9, 7.743
[09:44:49] 951.9, 122.8, 7.753
[09:44:50] 952.2, 122.9, 7.763
[09:44:51] 952.7, 122.9, 7.767
[09:44:52] 953.1, 122.9, 7.777
[09:44:53] 953.6, 122.9, 7.762
[09:44:54] 953.9, 123.0, 7.768
[09:44:55] 954.3, 122.9, 7.773
[09:44:56] 954.7, 123.0, 7.778
[09:44:57] 955.1, 123.0, 7.778
[09:44:58] 955.4, 122.9, 7.782
[09:44:59] 955.8, 122.9, 7.773
[09:45:00] 956.1, 122.9, 7.786
[09:45:01] 956.4, 122.9, 7.785
[09:45:02] 956.7, 123.0, 7.783
[09:45:03] 956.9, 122.9, 7.789
[09:45:04] 879.0, 123.5, 5.381
[09:45:05] 666.6, 123.6, 5.265
[09:45:06] 652.2, 123.5, 5.257
[09:45:07] 651.9, 123.6, 5.254
[09:45:08] 651.6, 123.4, 5.252
