<<<[08:33:40] 647.9, 124.1, 5.197
[08:33:41] 647.5, 124.1, 5.198
[08:33:42] 647.2, 123.9, 5.403
[08:33:43] 664.4, 123.9, 5.386
[08:33:44] 664.8, 124.0, 5.385
[08:33:45] 665.2, 123.9, 5.369
[08:33:46] 665.1, 124.0, 5.338
[08:33:47] 665.0, 123.9, 5.434
[08:33:48] 665.2, 123.9, 5.237
[08:33:49] 650.0, 124.0, 5.214
[08:33:50] 649.5, 124.0, 5.197
[08:33:51] 648.9, 123.9, 5.198
[08:33:52] 648.5, 124.0, 5.199
[08:33:53] 648.1, 123.9, 5.804
[08:33:54] 740.8, 124.1, 5.191
[08:33:55] 644.7, 124.1, 5.201
[08:33:56] 644.7, 124.0, 5.190
[08:33:57] 644.6, 124.0, 5.192
[08:33:58] 644.6, 124.0, 5.836
[08:33:59] 735.9, 124.0, 5.192
[08:34:00] 644.9, 124.0, 5.191
[08:34:01] 644.8, 124.1, 5.189
[08:34:02] 644.7, 124.0, 5.186
[08:34:03] 644.7, 123.9, 5.864
[08:34:04] 734.7, 124.1, 5.193
[08:34:05] 644.7, 124.0, 5.196
[08:34:06] 644.6, 124.1, 5.185
[08:34:07] 644.5, 124.0, 5.186
[08:34:08] 644.4, 123.9, 5.891
[08:34:09] 732.7, 124.1, 5.185
[08:34:10] 644.3, 124.1, 5.190
[08:34:11] 644.2, 124.0, 5.188
[08:34:12] 644.2, 124.0, 5.189
[08:34:13] 644.2, 123.8, 5.924
[08:34:14] 729.2, 124.0, 5.192
[08:34:15] 644.1, 124.0, 5.191
[08:34:16] 644.1, 124.0, 5.190
[08:34:17] 644.1, 123.9, 5.189
[08:34:18] 644.1, 124.0, 5.955
[08:34:19] 722.3, 124.1, 5.184
[08:34:20] 644.1, 124.0, 5.184
[08:34:21] 644.0, 124.0, 5.185
[08:34:22] 644.0, 124.1, 5.187
[08:34:23] 643.9, 123.6, 7.237
[08:34:24] 758.3, 124.1, 5.183
[08:34:25] 644.1, 124.1, 5.187
[08:34:26] 644.1, 124.1, 5.182
[08:34:27] 644.0, 124.0, 5.183
[08:34:28] 644.0, 123.5, 7.459
[08:34:29] 819.9, 124.0, 5.196
[08:34:30] 654.8, 124.0, 5.187
[08:34:31] 643.9, 124.1, 5.183
[08:34:32] 643.8, 124.0, 5.182
[08:34:33] 643.8, 124.1, 5.181
[08:34:34] 743.3, 123.6, 7.236
[08:34:35] 827.0, 124.0, 5.191
[08:34:36] 644.3, 124.0, 5.186
[08:34:37] 644.2, 124.1, 5.183
[08:34:38] 644.1, 124.1, 5.183
[08:34:39] 644.0, 123.4, 7.659
[08:34:40] 864.8, 123.3, 7.836
[08:34:41] 897.3, 124.0, 5.197
[08:34:42] 645.1, 123.9, 5.192
[08:34:43] 644.9, 123.9, 5.200
[08:34:44] 644.8, 124.0, 5.189
[08:34:45] 644.7, 123.9, 5.189
[08:34:46] 785.9, 123.3, 7.840
[08:34:47] 967.5, 123.4, 7.852
[08:34:48] 967.7, 124.0, 5.309
[08:34:49] 713.0, 124.0, 5.202
[08:34:50] 645.3, 124.0, 5.196
[08:34:51] 645.2, 124.0, 5.191
[08:34:52] 645.0, 124.0, 5.190
[08:34:53] 644.9, 123.4, 7.820
[08:34:54] 955.3, 123.4, 7.842
[08:34:55] 969.1, 123.4, 7.838
[08:34:56] 969.1, 123.4, 7.859
[08:34:57] 969.4, 123.4, 7.865
[08:34:58] 969.5, 124.1, 5.322
[08:34:59] 714.8, 124.1, 5.204
[08:35:00] 646.3, 124.1, 5.198
[08:35:01] 646.1, 124.1, 5.221
[08:35:02] 646.2, 124.0, 5.209
[08:35:03] 646.5, 123.4, 7.832
[08:35:04] 968.5, 123.3, 7.855
[08:35:05] 968.7, 123.4, 7.847
[08:35:06] 968.8, 123.3, 7.867
[08:35:07] 969.2, 123.3, 7.876
[08:35:08] 969.6, 123.3, 7.887
[08:35:09] 970.1, 123.3, 7.891
[08:35:10] 970.6, 123.2, 7.896
[08:35:11] 971.0, 123.3, 7.896
[08:35:12] 971.5, 123.3, 7.886
[08:35:13] 965.2, 124.0, 5.231
[08:35:14] 668.0, 124.0, 5.213
[08:35:15] 647.1, 124.0, 5.210
[08:35:16] 647.0, 124.0, 5.204
[08:35:17] 646.9, 124.1, 5.196
[08:35:18] 685.5, 123.4, 7.845
[08:35:19] 969.9, 123.3, 7.857
[08:35:20] 970.0, 123.3, 7.876
[08:35:21] 970.3, 123.4, 7.883
[08:35:22] 970.7, 123.3, 7.897
[08:35:23] 971.3, 123.4, 7.883
[08:35:24] 971.7, 123.3, 7.893
[08:35:25] 972.1, 123.3, 7.884
[08:35:26] 972.5, 123.4, 7.897
[08:35:27] 972.9, 123.3, 7.896
[08:35:28] 973.2, 123.3, 7.902
[08:35:29] 973.6, 123.3, 7.900
[08:35:30] 974.0, 123.4, 7.907
[08:35:31] 974.3, 123.4, 7.900
[08:35:32] 974.6, 123.4, 7.903
[08:35:33] 974.9, 123.3, 7.902
[08:35:34] 975.1, 123.4, 7.902
[08:35:35] 975.4, 123.3, 7.899
[08:35:36] 975.6, 123.3, 7.909
[08:35:37] 975.8, 123.4, 7.916
[08:35:38] 861.8, 124.0, 5.233
[08:35:39] 649.5, 123.9, 5.224
[08:35:40] 649.3, 124.0, 5.220
[08:35:41] 649.1, 124.0, 5.214
