<<<[04:00:56] 642.4, 125.2, 5.127
[04:00:57] 642.4, 125.2, 5.127
[04:00:58] 650.0, 125.1, 5.305
[04:00:59] 665.2, 125.1, 5.308
[04:01:00] 664.9, 125.2, 5.313
[04:01:01] 664.8, 125.2, 5.351
[04:01:02] 664.9, 125.2, 5.309
[04:01:03] 664.8, 125.3, 5.275
[04:01:04] 664.7, 125.2, 5.267
[04:01:05] 664.6, 125.1, 5.313
[04:01:06] 664.7, 125.2, 5.320
[04:01:07] 664.5, 125.1, 5.312
[04:01:08] 664.4, 125.2, 5.311
[04:01:09] 664.4, 125.1, 5.285
[04:01:10] 664.4, 125.3, 5.259
[04:01:11] 664.3, 125.2, 5.311
[04:01:12] 664.2, 125.2, 5.329
[04:01:13] 664.1, 125.3, 5.329
[04:01:14] 664.2, 125.2, 5.285
[04:01:15] 664.1, 125.3, 5.265
[04:01:16] 664.1, 125.2, 5.295
[04:01:17] 664.2, 125.3, 5.320
[04:01:18] 664.0, 125.2, 5.258
[04:01:19] 663.9, 125.3, 5.243
[04:01:20] 663.3, 125.2, 5.266
[04:01:21] 657.7, 125.3, 5.261
[04:01:22] 658.1, 125.2, 5.245
[04:01:23] 658.2, 125.3, 5.270
[04:01:24] 658.0, 125.1, 5.358
[04:01:25] 665.6, 125.3, 5.252
[04:01:26] 657.7, 125.2, 5.249
[04:01:27] 657.8, 125.2, 5.316
[04:01:28] 658.2, 125.2, 5.250
[04:01:29] 658.1, 125.2, 5.248
[04:01:30] 658.2, 125.1, 5.302
[04:01:31] 665.6, 125.1, 5.385
[04:01:32] 665.6, 125.3, 5.243
[04:01:33] 658.7, 125.2, 5.237
[04:01:34] 658.5, 125.3, 5.357
[04:01:35] 658.7, 125.1, 5.248
[04:01:36] 658.7, 125.3, 5.242
[04:01:37] 658.6, 125.1, 5.356
[04:01:38] 665.6, 125.2, 5.246
[04:01:39] 657.7, 125.2, 5.263
[04:01:40] 657.8, 125.2, 5.248
[04:01:41] 658.4, 125.2, 5.243
[04:01:42] 658.3, 125.1, 5.261
[04:01:43] 658.3, 125.2, 5.252
[04:01:44] 658.8, 125.1, 5.376
[04:01:45] 673.9, 125.2, 5.374
[04:01:46] 673.7, 125.2, 5.242
[04:01:47] 657.1, 125.2, 5.241
[04:01:48] 657.2, 125.2, 5.240
[04:01:49] 657.2, 125.2, 5.239
[04:01:50] 657.7, 125.3, 5.237
[04:01:51] 657.6, 125.2, 5.238
[04:01:52] 657.6, 125.2, 5.241
[04:01:53] 657.5, 125.2, 5.238
[04:01:54] 662.8, 125.2, 5.235
[04:01:55] 662.2, 125.3, 5.242
[04:01:56] 661.6, 125.2, 5.240
[04:01:57] 661.1, 125.3, 5.237
[04:01:58] 660.8, 125.1, 5.240
[04:01:59] 660.4, 125.2, 5.237
[04:02:00] 660.1, 125.2, 5.237
[04:02:01] 659.6, 125.2, 5.241
[04:02:02] 659.6, 125.2, 5.372
[04:02:03] 671.9, 125.2, 5.238
[04:02:04] 656.5, 125.3, 5.237
[04:02:05] 656.6, 125.2, 5.237
[04:02:06] 656.6, 125.2, 5.237
[04:02:07] 657.0, 125.2, 5.234
[04:02:08] 656.8, 125.2, 5.235
[04:02:09] 656.9, 125.2, 5.235
[04:02:10] 656.8, 125.2, 5.309
[04:02:11] 664.0, 125.1, 5.237
[04:02:12] 656.5, 125.2, 5.239
[04:02:13] 656.6, 125.2, 5.236
[04:02:14] 656.5, 125.2, 5.234
[04:02:15] 656.9, 125.2, 5.238
[04:02:16] 656.8, 125.1, 5.237
[04:02:17] 656.8, 125.2, 5.236
[04:02:18] 656.8, 125.1, 5.301
[04:02:19] 664.4, 125.2, 5.355
[04:02:20] 671.7, 125.1, 5.370
[04:02:21] 671.6, 125.2, 5.338
[04:02:22] 671.0, 125.1, 5.279
[04:02:23] 660.1, 125.2, 5.249
[04:02:24] 659.6, 125.2, 5.247
[04:02:25] 659.3, 125.1, 5.251
[04:02:26] 659.1, 125.2, 5.251
[04:02:27] 658.8, 125.1, 5.251
[04:02:28] 658.7, 125.2, 5.253
[04:02:29] 658.5, 125.2, 5.253
[04:02:30] 658.5, 125.1, 5.316
[04:02:31] 658.6, 125.2, 5.141
[04:02:32] 643.9, 125.2, 5.135
[04:02:33] 643.8, 125.2, 5.137
[04:02:34] 643.8, 125.1, 5.133
[04:02:35] 643.7, 124.9, 5.676
[04:02:36] 743.9, 125.2, 5.122
[04:02:37] 641.4, 125.2, 5.116
[04:02:38] 641.4, 125.3, 5.115
[04:02:39] 641.3, 125.2, 5.114
[04:02:40] 641.2, 125.2, 5.117
[04:02:41] 754.6, 125.2, 5.132
[04:02:42] 667.0, 125.1, 5.120
[04:02:43] 641.0, 125.2, 5.116
[04:02:44] 640.9, 125.2, 5.118
[04:02:45] 641.0, 125.2, 5.115
[04:02:46] 735.5, 125.2, 5.281
[04:02:47] 715.6, 125.2, 5.121
[04:02:48] 641.4, 125.2, 5.120
[04:02:49] 641.4, 125.2, 5.115
[04:02:50] 641.3, 125.2, 5.117
[04:02:51] 641.8, 124.6, 7.747
[04:02:52] 866.6, 125.3, 5.117
[04:02:53] 641.8, 125.2, 5.120
[04:02:54] 641.7, 125.1, 5.119
[04:02:55] 641.6, 125.3, 5.114
[04:02:56] 641.5, 124.9, 5.722
[04:02:57] 811.8, 124.5, 7.925
[04:02:58] 920.9, 125.3, 5.128
[04:02:59] 641.8, 125.3, 5.124
[04:03:00] 641.8, 125.2, 5.122
[04:03:01] 641.8, 125.3, 5.117
[04:03:02] 641.7, 125.2, 5.121
[04:03:03] 798.3, 124.4, 7.932
[04:03:04] 988.4, 124.5, 7.939
[04:03:05] 931.3, 125.1, 5.133
[04:03:06] 643.0, 125.2, 5.127
[04:03:07] 642.8, 125.2, 5.127
[04:03:08] 642.7, 125.1, 5.121
[04:03:09] 642.6, 125.2, 5.120
[04:03:10] 773.7, 124.4, 7.934
[04:03:11] 989.0, 124.5, 7.939
[04:03:12] 989.0, 124.5, 7.950
[04:03:13] 989.3, 124.5, 7.955
[04:03:14] 966.4, 125.2, 5.158
[04:03:15] 676.0, 125.2, 5.137
[04:03:16] 644.7, 125.2, 5.134
[04:03:17] 644.5, 125.2, 5.127
[04:03:18] 644.3, 125.2, 5.123
[04:03:19] 726.0, 124.6, 7.935
[04:03:20] 989.2, 124.5, 7.938
[04:03:21] 989.3, 124.5, 7.952
[04:03:22] 989.5, 124.5, 7.961
[04:03:23] 989.9, 124.5, 7.962
[04:03:24] 990.2, 124.5, 7.965
[04:03:25] 990.5, 124.5, 7.969
[04:03:26] 990.9, 124.4, 7.971
[04:03:27] 991.3, 125.2, 5.394
[04:03:28] 730.8, 125.2, 5.143
[04:03:29] 644.1, 125.2, 5.137
[04:03:30] 644.0, 125.2, 5.131
[04:03:31] 643.9, 125.2, 5.131
[04:03:32] 643.7, 124.6, 7.932
[04:03:33] 980.1, 124.5, 7.945
[04:03:34] 991.0, 124.6, 7.957
[04:03:35] 991.1, 124.5, 7.963
[04:03:36] 991.3, 124.5, 7.968
[04:03:37] 991.5, 124.5, 7.970
[04:03:38] 991.8, 124.5, 7.978
[04:03:39] 992.1, 124.4, 7.981
[04:03:40] 992.4, 124.5, 7.986
[04:03:41] 992.8, 124.5, 7.983
[04:03:42] 993.0, 124.5, 7.983
[04:03:43] 993.3, 124.5, 7.986
[04:03:44] 993.5, 124.4, 7.986
[04:03:45] 993.8, 124.5, 7.990
[04:03:46] 994.0, 124.5, 7.991
[04:03:47] 994.3, 124.4, 7.992
[04:03:48] 994.5, 124.5, 7.990
[04:03:49] 848.5, 125.1, 5.155
[04:03:50] 646.1, 125.1, 5.145
[04:03:51] 645.8, 125.2, 5.146
[04:03:52] 645.6, 125.1, 5.140
[04:03:53] 645.4, 125.2, 5.139
