<<<[06:54:58] 658.2, 124.1, 5.208
[06:54:59] 649.1, 124.0, 5.219
[06:55:00] 648.6, 124.0, 5.395
[06:55:01] 663.8, 124.0, 5.393
[06:55:02] 664.2, 124.0, 5.384
[06:55:03] 664.5, 124.0, 5.384
[06:55:04] 664.3, 123.9, 5.357
[06:55:05] 664.4, 123.9, 5.360
[06:55:06] 664.7, 124.0, 5.222
[06:55:07] 647.9, 124.0, 5.220
[06:55:08] 647.6, 124.0, 5.216
[06:55:09] 647.3, 124.0, 5.216
[06:55:10] 647.0, 124.0, 5.191
[06:55:11] 646.6, 123.9, 5.868
[06:55:12] 740.2, 123.9, 5.188
[06:55:13] 643.9, 124.0, 5.195
[06:55:14] 643.9, 124.0, 5.214
[06:55:15] 644.0, 123.9, 5.212
[06:55:16] 644.1, 123.9, 5.933
[06:55:17] 737.8, 123.9, 5.198
[06:55:18] 644.3, 124.0, 5.189
[06:55:19] 644.2, 124.0, 5.189
[06:55:20] 644.1, 124.0, 5.188
[06:55:21] 644.0, 123.9, 6.004
[06:55:22] 737.1, 124.0, 5.194
[06:55:23] 644.3, 123.9, 5.195
[06:55:24] 644.2, 123.9, 5.194
[06:55:25] 644.2, 124.0, 5.189
[06:55:26] 644.1, 123.9, 6.090
[06:55:27] 736.3, 124.0, 5.186
[06:55:28] 643.6, 124.0, 5.189
[06:55:29] 643.6, 124.0, 5.193
[06:55:30] 643.6, 124.1, 5.185
[06:55:31] 643.6, 123.9, 6.158
[06:55:32] 734.3, 124.0, 5.189
[06:55:33] 643.7, 124.0, 5.193
[06:55:34] 643.7, 124.1, 5.191
[06:55:35] 643.7, 124.0, 5.190
[06:55:36] 643.7, 123.8, 6.236
[06:55:37] 730.9, 124.0, 5.192
[06:55:38] 644.1, 124.0, 5.187
[06:55:39] 644.0, 124.0, 5.188
[06:55:40] 644.0, 123.9, 5.189
[06:55:41] 643.9, 123.8, 6.315
[06:55:42] 724.7, 124.0, 5.194
[06:55:43] 643.9, 123.9, 5.184
[06:55:44] 643.8, 124.1, 5.182
[06:55:45] 643.7, 124.1, 5.182
[06:55:46] 643.7, 123.5, 7.170
[06:55:47] 760.3, 124.0, 5.189
[06:55:48] 643.7, 124.0, 5.210
[06:55:49] 643.8, 124.0, 5.209
[06:55:50] 643.8, 124.0, 5.213
[06:55:51] 643.9, 123.5, 7.288
[06:55:52] 781.1, 124.0, 5.192
[06:55:53] 643.9, 124.0, 5.191
[06:55:54] 643.9, 124.0, 5.180
[06:55:55] 643.8, 124.0, 5.180
[06:55:56] 643.6, 124.0, 5.182
[06:55:57] 757.5, 123.9, 5.309
[06:55:58] 716.6, 123.9, 5.185
[06:55:59] 643.2, 124.1, 5.182
[06:56:00] 643.2, 124.1, 5.178
[06:56:01] 643.2, 124.0, 5.181
[06:56:02] 643.1, 123.4, 7.508
[06:56:03] 904.8, 124.1, 5.320
[06:56:04] 717.6, 124.1, 5.186
[06:56:05] 643.7, 124.1, 5.210
[06:56:06] 643.8, 124.0, 5.211
[06:56:07] 643.8, 124.0, 5.206
[06:56:08] 643.9, 123.5, 7.506
[06:56:09] 913.8, 123.4, 7.549
[06:56:10] 930.9, 124.1, 5.344
[06:56:11] 719.1, 124.0, 5.198
[06:56:12] 644.9, 124.0, 5.187
[06:56:13] 644.7, 124.0, 5.186
[06:56:14] 644.5, 124.1, 5.183
[06:56:15] 644.9, 123.5, 7.523
[06:56:16] 930.7, 123.3, 7.554
[06:56:17] 930.9, 123.4, 7.548
[06:56:18] 931.3, 123.3, 7.573
[06:56:19] 931.0, 124.0, 5.224
[06:56:20] 673.3, 124.0, 5.204
[06:56:21] 645.3, 124.0, 5.194
[06:56:22] 645.1, 124.0, 5.191
[06:56:23] 645.0, 124.0, 5.192
[06:56:24] 684.9, 123.5, 7.534
[06:56:25] 931.3, 123.3, 7.559
[06:56:26] 931.6, 123.4, 7.570
[06:56:27] 932.0, 123.4, 7.575
[06:56:28] 932.4, 123.4, 7.578
[06:56:29] 932.9, 123.4, 7.587
[06:56:30] 933.4, 123.4, 7.583
[06:56:31] 933.9, 123.4, 7.591
[06:56:32] 901.2, 124.0, 5.223
[06:56:33] 647.5, 123.9, 5.214
[06:56:34] 647.3, 123.9, 5.208
[06:56:35] 647.1, 124.0, 5.198
[06:56:36] 646.8, 124.0, 5.232
[06:56:37] 762.0, 123.4, 7.559
[06:56:38] 933.3, 123.4, 7.565
[06:56:39] 933.5, 123.5, 7.574
[06:56:40] 933.8, 123.5, 7.585
[06:56:41] 934.2, 123.4, 7.584
[06:56:42] 934.7, 123.4, 7.597
[06:56:43] 935.2, 123.4, 7.595
[06:56:44] 935.6, 123.4, 7.604
[06:56:45] 936.1, 123.5, 7.606
[06:56:46] 936.5, 123.5, 7.608
[06:56:47] 936.9, 123.4, 7.608
[06:56:48] 937.3, 123.4, 7.612
[06:56:49] 937.6, 123.4, 7.613
[06:56:50] 938.0, 123.5, 7.610
[06:56:51] 938.2, 123.5, 7.614
[06:56:52] 938.5, 124.0, 5.240
[06:56:53] 651.6, 124.0, 5.216
[06:56:54] 651.0, 124.0, 5.212
[06:56:55] 650.5, 124.1, 5.205
