<<<[06:21:20] 648.6, 124.0, 5.210
[06:21:21] 648.2, 123.9, 5.209
[06:21:22] 647.8, 123.9, 5.451
[06:21:23] 668.6, 124.0, 5.408
[06:21:24] 668.7, 123.9, 5.442
[06:21:25] 668.9, 123.9, 5.463
[06:21:26] 669.4, 123.9, 5.439
[06:21:27] 669.8, 123.9, 5.431
[06:21:28] 669.8, 123.9, 5.434
[06:21:29] 669.9, 123.9, 5.450
[06:21:30] 670.2, 123.9, 5.418
[06:21:31] 670.2, 123.9, 5.412
[06:21:32] 670.2, 123.9, 5.410
[06:21:33] 670.1, 123.9, 5.412
[06:21:34] 670.2, 123.8, 5.440
[06:21:35] 670.2, 124.0, 5.439
[06:21:36] 670.2, 124.0, 5.435
[06:21:37] 670.2, 124.0, 5.419
[06:21:38] 670.3, 124.0, 5.398
[06:21:39] 670.4, 123.9, 5.385
[06:21:40] 670.4, 123.9, 5.402
[06:21:41] 670.5, 123.9, 5.377
[06:21:42] 670.6, 124.0, 5.373
[06:21:43] 670.8, 123.9, 5.375
[06:21:44] 670.7, 124.0, 5.386
[06:21:45] 670.6, 124.0, 5.396
[06:21:46] 670.8, 124.0, 5.435
[06:21:47] 670.8, 123.9, 5.438
[06:21:48] 670.8, 123.9, 5.453
[06:21:49] 670.9, 124.0, 5.459
[06:21:50] 671.0, 124.0, 5.409
[06:21:51] 671.1, 123.9, 5.386
[06:21:52] 670.9, 124.0, 5.380
[06:21:53] 670.8, 124.0, 5.369
[06:21:54] 670.7, 123.9, 5.376
[06:21:55] 670.8, 123.9, 5.369
[06:21:56] 670.6, 123.9, 5.392
[06:21:57] 670.5, 124.0, 5.422
[06:21:58] 670.6, 124.0, 5.448
[06:21:59] 670.6, 124.0, 5.430
[06:22:00] 670.5, 124.0, 5.439
[06:22:01] 670.3, 124.0, 5.425
[06:22:02] 670.4, 124.0, 5.411
[06:22:03] 670.4, 123.9, 5.380
[06:22:04] 670.4, 123.9, 5.378
[06:22:05] 670.4, 124.0, 5.398
[06:22:06] 670.6, 123.9, 5.374
[06:22:07] 670.7, 124.0, 5.375
[06:22:08] 670.5, 124.0, 5.398
[06:22:09] 670.6, 124.0, 5.441
[06:22:10] 670.7, 124.0, 5.437
[06:22:11] 670.7, 124.0, 5.435
[06:22:12] 670.5, 124.0, 5.423
[06:22:13] 670.4, 124.0, 5.432
[06:22:14] 670.6, 123.9, 5.388
[06:22:15] 670.6, 123.9, 5.365
[06:22:16] 670.4, 123.9, 5.362
[06:22:17] 670.3, 123.9, 5.393
[06:22:18] 670.4, 124.0, 5.380
[06:22:19] 670.4, 124.0, 5.409
[06:22:20] 670.3, 124.0, 5.422
[06:22:21] 670.1, 124.0, 5.435
[06:22:22] 670.1, 123.9, 5.427
[06:22:23] 670.0, 124.0, 5.421
[06:22:24] 669.9, 123.9, 5.403
[06:22:25] 669.8, 124.0, 5.386
[06:22:26] 669.7, 124.0, 5.371
[06:22:27] 669.6, 124.0, 5.368
[06:22:28] 669.5, 123.8, 5.377
[06:22:29] 669.5, 123.8, 5.377
[06:22:30] 669.5, 123.8, 5.403
[06:22:31] 669.4, 123.8, 5.385
[06:22:32] 669.3, 123.9, 5.395
[06:22:33] 669.2, 123.9, 5.416
[06:22:34] 669.3, 123.9, 5.451
[06:22:35] 669.6, 123.9, 5.445
[06:22:36] 669.6, 123.9, 5.423
[06:22:37] 669.7, 123.9, 5.388
[06:22:38] 669.7, 123.9, 5.367
[06:22:39] 669.9, 123.9, 5.383
[06:22:40] 669.9, 123.9, 5.401
[06:22:41] 669.7, 124.0, 5.402
[06:22:42] 669.6, 123.9, 5.433
[06:22:43] 669.6, 123.9, 5.419
[06:22:44] 669.5, 123.9, 5.392
[06:22:45] 669.5, 123.9, 5.366
[06:22:46] 669.6, 123.9, 5.370
[06:22:47] 669.7, 123.9, 5.378
[06:22:48] 669.5, 123.9, 5.407
[06:22:49] 669.4, 123.9, 5.436
[06:22:50] 669.5, 124.0, 5.428
[06:22:51] 669.4, 124.0, 5.413
[06:22:52] 669.3, 124.0, 5.409
[06:22:53] 669.3, 124.0, 5.369
[06:22:54] 669.3, 124.0, 5.364
[06:22:55] 669.4, 124.0, 5.367
[06:22:56] 669.4, 124.0, 5.363
[06:22:57] 669.4, 124.0, 5.375
[06:22:58] 669.4, 123.9, 5.416
[06:22:59] 669.4, 124.0, 5.418
[06:23:00] 669.4, 123.9, 5.437
[06:23:01] 669.3, 123.9, 5.438
[06:23:02] 669.4, 123.9, 5.417
[06:23:03] 669.4, 123.9, 5.417
[06:23:04] 669.4, 123.8, 5.407
[06:23:05] 669.4, 123.9, 5.369
[06:23:06] 669.6, 123.8, 5.424
[06:23:07] 669.8, 123.9, 5.417
[06:23:08] 669.8, 123.9, 5.369
[06:23:09] 669.8, 123.9, 5.434
[06:23:10] 669.7, 123.9, 5.382
[06:23:11] 669.8, 123.9, 5.395
[06:23:12] 669.7, 123.8, 5.430
[06:23:13] 669.6, 123.9, 5.364
[06:23:14] 669.6, 123.8, 5.419
[06:23:15] 669.6, 123.8, 5.411
[06:23:16] 669.6, 123.8, 5.371
[06:23:17] 669.6, 123.9, 5.431
[06:23:18] 669.6, 123.9, 5.385
[06:23:19] 669.8, 123.9, 5.408
[06:23:20] 669.7, 123.9, 5.432
[06:23:21] 669.6, 123.9, 5.371
[06:23:22] 669.9, 124.0, 5.425
[06:23:23] 669.9, 124.0, 5.407
[06:23:24] 669.8, 123.9, 5.368
[06:23:25] 669.7, 124.0, 5.434
[06:23:26] 669.7, 123.9, 5.385
[06:23:27] 669.8, 124.0, 5.385
[06:23:28] 669.7, 123.9, 5.435
[06:23:29] 669.5, 123.9, 5.368
[06:23:30] 669.6, 124.0, 5.394
[06:23:31] 669.4, 123.9, 5.422
[06:23:32] 669.4, 124.0, 5.363
[06:23:33] 669.3, 123.9, 5.403
[06:23:34] 669.2, 124.0, 5.417
[06:23:35] 669.3, 123.9, 5.361
[06:23:36] 669.3, 124.0, 5.417
[06:23:37] 669.1, 123.9, 5.395
[06:23:38] 669.2, 123.9, 5.369
[06:23:39] 669.2, 123.9, 5.430
[06:23:40] 669.1, 123.9, 5.385
[06:23:41] 669.1, 123.8, 5.384
[06:23:42] 669.2, 123.9, 5.427
[06:23:43] 669.2, 123.8, 5.375
[06:23:44] 669.2, 123.9, 5.406
[06:23:45] 669.1, 123.9, 5.415
[06:23:46] 669.1, 123.9, 5.367
[06:23:47] 669.2, 123.9, 5.422
[06:23:48] 669.1, 124.0, 5.394
[06:23:49] 669.2, 123.9, 5.408
[06:23:50] 669.5, 124.0, 5.431
[06:23:51] 669.5, 123.9, 5.375
[06:23:52] 669.5, 124.0, 5.397
[06:23:53] 669.5, 124.0, 5.431
[06:23:54] 669.5, 124.1, 5.362
[06:23:55] 669.6, 124.0, 5.415
[06:23:56] 669.4, 124.0, 5.402
[06:23:57] 669.4, 123.9, 5.358
[06:23:58] 669.4, 124.0, 5.412
[06:23:59] 669.3, 123.9, 5.398
[06:24:00] 669.3, 124.0, 5.371
[06:24:01] 669.2, 123.9, 5.443
[06:24:02] 669.3, 123.9, 5.386
[06:24:03] 669.5, 123.9, 5.394
[06:24:04] 669.4, 123.9, 5.440
[06:24:05] 669.3, 123.9, 5.401
[06:24:06] 669.4, 123.9, 5.393
[06:24:07] 669.4, 123.9, 5.421
[06:24:08] 669.3, 123.9, 5.367
[06:24:09] 669.3, 124.0, 5.398
[06:24:10] 669.3, 123.9, 5.424
[06:24:11] 669.4, 123.9, 5.365
[06:24:12] 669.4, 124.0, 5.412
[06:24:13] 669.3, 123.9, 5.405
[06:24:14] 669.3, 124.0, 5.362
[06:24:15] 669.3, 124.0, 5.423
[06:24:16] 669.2, 124.0, 5.378
[06:24:17] 669.2, 124.0, 5.397
[06:24:18] 669.2, 124.0, 5.423
[06:24:19] 669.2, 124.0, 5.361
[06:24:20] 669.2, 124.0, 5.408
[06:24:21] 669.1, 124.0, 5.414
[06:24:22] 669.2, 124.0, 5.364
[06:24:23] 669.2, 123.9, 5.418
[06:24:24] 669.1, 124.0, 5.375
[06:24:25] 669.1, 124.0, 5.383
[06:24:26] 669.2, 123.9, 5.428
[06:24:27] 669.1, 124.0, 5.365
[06:24:28] 669.1, 123.9, 5.397
[06:24:29] 669.0, 123.9, 5.430
[06:24:30] 669.0, 123.9, 5.364
[06:24:31] 669.1, 123.9, 5.398
[06:24:32] 669.0, 123.9, 5.424
[06:24:33] 668.9, 123.9, 5.371
[06:24:34] 669.0, 123.9, 5.404
[06:24:35] 669.1, 123.9, 5.420
[06:24:36] 669.0, 123.9, 5.366
[06:24:37] 669.0, 123.8, 5.404
[06:24:38] 668.9, 123.9, 5.417
[06:24:39] 669.0, 123.9, 5.363
[06:24:40] 669.0, 123.8, 5.418
[06:24:41] 668.9, 123.9, 5.394
[06:24:42] 669.0, 123.9, 5.374
[06:24:43] 669.1, 123.9, 5.432
[06:24:44] 669.1, 123.8, 5.377
[06:24:45] 669.1, 123.9, 5.381
[06:24:46] 669.1, 124.0, 5.429
[06:24:47] 669.0, 123.9, 5.374
[06:24:48] 669.1, 124.0, 5.394
[06:24:49] 669.0, 123.9, 5.419
[06:24:50] 669.0, 124.0, 5.365
[06:24:51] 669.1, 123.9, 5.411
[06:24:52] 668.9, 123.9, 5.396
[06:24:53] 668.9, 124.0, 5.367
[06:24:54] 669.0, 124.0, 5.434
[06:24:55] 669.0, 124.0, 5.375
[06:24:56] 669.1, 123.9, 5.394
[06:24:57] 669.0, 124.0, 5.437
[06:24:58] 669.2, 123.9, 5.373
[06:24:59] 669.3, 123.9, 5.419
[06:25:00] 669.2, 124.0, 5.405
[06:25:01] 669.2, 124.0, 5.363
[06:25:02] 669.2, 123.9, 5.434
[06:25:03] 676.0, 123.9, 5.466
[06:25:04] 676.1, 123.9, 5.475
[06:25:05] 682.7, 123.8, 5.637
[06:25:06] 694.9, 124.0, 5.421
[06:25:07] 679.8, 123.9, 5.373
[06:25:08] 668.9, 124.0, 5.429
[06:25:09] 668.8, 124.0, 5.381
[06:25:10] 668.9, 124.0, 5.384
[06:25:11] 669.0, 124.0, 5.437
[06:25:12] 668.9, 124.1, 5.387
[06:25:13] 669.1, 123.9, 5.387
[06:25:14] 669.3, 124.0, 5.424
[06:25:15] 669.2, 124.0, 5.368
[06:25:16] 669.3, 124.0, 5.408
[06:25:17] 669.3, 124.0, 5.420
[06:25:18] 669.5, 124.0, 5.354
[06:25:19] 669.5, 123.9, 5.424
[06:25:20] 669.4, 124.0, 5.390
[06:25:21] 669.4, 123.9, 5.402
[06:25:22] 669.7, 123.9, 5.442
[06:25:23] 669.7, 123.9, 5.390
[06:25:24] 670.0, 123.9, 5.414
[06:25:25] 670.1, 123.9, 5.416
[06:25:26] 670.1, 123.8, 5.375
[06:25:27] 670.1, 123.9, 5.485
[06:25:28] 670.6, 123.9, 5.388
[06:25:29] 670.5, 123.9, 5.396
[06:25:30] 670.5, 123.9, 5.437
[06:25:31] 670.4, 123.9, 5.382
[06:25:32] 670.4, 123.8, 5.398
[06:25:33] 670.3, 123.8, 5.436
[06:25:34] 670.3, 123.9, 5.380
[06:25:35] 670.4, 123.9, 5.405
[06:25:36] 670.3, 123.9, 5.415
[06:25:37] 670.2, 124.0, 5.370
[06:25:38] 670.3, 124.0, 5.428
[06:25:39] 670.2, 124.0, 5.401
[06:25:40] 670.2, 123.9, 5.379
[06:25:41] 670.1, 123.9, 5.433
[06:25:42] 670.0, 124.0, 5.383
[06:25:43] 670.1, 124.0, 5.383
[06:25:44] 670.0, 123.9, 5.430
[06:25:45] 669.8, 124.0, 5.373
[06:25:46] 669.9, 124.0, 5.404
[06:25:47] 669.9, 123.9, 5.440
[06:25:48] 669.9, 124.0, 5.377
[06:25:49] 669.9, 123.9, 5.402
[06:25:50] 669.8, 124.0, 5.414
[06:25:51] 669.6, 123.9, 5.385
[06:25:52] 669.9, 123.9, 5.422
[06:25:53] 670.0, 123.9, 5.429
[06:25:54] 670.2, 123.9, 5.395
[06:25:55] 670.4, 124.0, 5.421
[06:25:56] 670.1, 123.9, 5.385
[06:25:57] 669.9, 124.0, 5.367
[06:25:58] 669.8, 123.9, 5.431
[06:25:59] 669.8, 124.0, 5.369
[06:26:00] 669.7, 123.9, 5.395
[06:26:01] 669.5, 124.0, 5.409
[06:26:02] 669.5, 123.9, 5.394
[06:26:03] 669.6, 124.0, 5.416
[06:26:04] 669.5, 123.9, 5.394
[06:26:05] 669.5, 123.9, 5.374
[06:26:06] 669.5, 123.9, 5.428
[06:26:07] 669.7, 124.0, 5.389
[06:26:08] 669.6, 123.9, 5.364
[06:26:09] 669.5, 124.0, 5.424
[06:26:10] 669.5, 123.9, 5.387
[06:26:11] 669.7, 124.0, 5.382
[06:26:12] 669.5, 123.9, 5.427
[06:26:13] 669.4, 123.9, 5.388
[06:26:14] 669.5, 124.0, 5.387
[06:26:15] 669.6, 123.9, 5.426
[06:26:16] 669.4, 124.0, 5.373
[06:26:17] 669.4, 123.9, 5.396
[06:26:18] 669.5, 123.9, 5.413
[06:26:19] 669.6, 124.0, 5.362
[06:26:20] 669.6, 123.9, 5.409
[06:26:21] 669.4, 124.0, 5.400
[06:26:22] 669.4, 123.9, 5.372
[06:26:23] 669.6, 124.0, 5.416
[06:26:24] 669.4, 123.9, 5.458
[06:26:25] 675.4, 124.0, 5.388
[06:26:26] 675.1, 123.9, 5.431
[06:26:27] 668.4, 123.9, 5.378
[06:26:28] 668.5, 123.8, 5.401
[06:26:29] 668.5, 123.9, 5.419
[06:26:30] 668.6, 123.9, 5.367
[06:26:31] 668.8, 124.0, 5.402
[06:26:32] 668.8, 123.9, 5.405
[06:26:33] 668.8, 124.0, 5.362
[06:26:34] 669.0, 123.9, 5.416
[06:26:35] 669.1, 124.0, 5.393
[06:26:36] 669.1, 123.9, 5.385
[06:26:37] 669.1, 124.0, 5.421
[06:26:38] 669.1, 123.9, 5.371
[06:26:39] 669.2, 124.0, 5.398
[06:26:40] 669.1, 123.9, 5.419
[06:26:41] 669.0, 124.0, 5.379
[06:26:42] 669.2, 123.8, 5.405
[06:26:43] 669.1, 123.9, 5.402
[06:26:44] 669.1, 123.8, 5.369
[06:26:45] 669.1, 123.9, 5.426
[06:26:46] 669.1, 123.9, 5.390
[06:26:47] 669.3, 124.0, 5.377
[06:26:48] 669.2, 123.9, 5.430
[06:26:49] 669.1, 124.0, 5.375
[06:26:50] 669.2, 123.9, 5.372
[06:26:51] 669.3, 124.0, 5.426
[06:26:52] 669.2, 124.0, 5.374
[06:26:53] 669.2, 124.0, 5.369
[06:26:54] 669.2, 124.0, 5.422
[06:26:55] 669.2, 124.0, 5.368
[06:26:56] 669.2, 124.0, 5.399
[06:26:57] 669.1, 124.0, 5.403
[06:26:58] 669.3, 124.0, 5.402
[06:26:59] 669.9, 124.0, 5.415
[06:27:00] 669.6, 123.9, 5.396
[06:27:01] 669.6, 123.9, 5.362
[06:27:02] 669.5, 123.9, 5.427
[06:27:03] 669.4, 123.9, 5.394
[06:27:04] 669.5, 124.0, 5.361
[06:27:05] 669.4, 123.9, 5.420
[06:27:06] 669.3, 124.0, 5.379
[06:27:07] 669.4, 123.9, 5.367
[06:27:08] 669.4, 123.9, 5.430
[06:27:09] 669.3, 123.9, 5.379
[06:27:10] 669.3, 124.0, 5.399
[06:27:11] 669.5, 123.9, 5.429
[06:27:12] 669.6, 123.9, 5.359
[06:27:13] 669.6, 123.9, 5.417
[06:27:14] 669.4, 124.0, 5.388
[06:27:15] 669.4, 123.9, 5.356
[06:27:16] 669.4, 123.9, 5.431
[06:27:17] 669.3, 123.9, 5.367
[06:27:18] 669.4, 124.0, 5.392
[06:27:19] 669.3, 123.9, 5.420
[06:27:20] 669.1, 123.9, 5.372
[06:27:21] 669.2, 124.0, 5.403
[06:27:22] 669.3, 123.8, 5.412
[06:27:23] 669.3, 123.9, 5.361
[06:27:24] 669.3, 123.8, 5.402
[06:27:25] 669.2, 124.0, 5.404
[06:27:26] 669.4, 123.9, 5.363
[06:27:27] 669.5, 124.0, 5.421
[06:27:28] 669.4, 123.9, 5.383
[06:27:29] 669.3, 124.0, 5.360
[06:27:30] 669.4, 123.8, 5.425
[06:27:31] 669.3, 124.0, 5.386
[06:27:32] 669.4, 123.8, 5.386
[06:27:33] 669.3, 124.0, 5.431
[06:27:34] 669.4, 123.9, 5.371
[06:27:35] 669.5, 124.0, 5.400
[06:27:36] 669.3, 124.0, 5.408
[06:27:37] 669.3, 123.9, 5.370
[06:27:38] 669.5, 123.9, 5.419
[06:27:39] 669.5, 124.0, 5.412
[06:27:40] 669.4, 123.9, 5.368
[06:27:41] 669.4, 123.9, 5.406
[06:27:42] 669.4, 124.0, 5.403
[06:27:43] 669.4, 124.0, 5.357
[06:27:44] 669.4, 123.9, 5.412
[06:27:45] 669.2, 124.0, 5.400
[06:27:46] 669.2, 123.9, 5.370
[06:27:47] 669.4, 123.8, 5.414
[06:27:48] 669.2, 124.0, 5.410
[06:27:49] 669.2, 123.9, 5.374
[06:27:50] 669.3, 123.9, 5.424
[06:27:51] 669.2, 124.0, 5.388
[06:27:52] 669.2, 123.9, 5.371
[06:27:53] 669.2, 123.8, 5.428
[06:27:54] 669.2, 123.9, 5.386
[06:27:55] 669.3, 123.8, 5.394
[06:27:56] 669.2, 123.9, 5.416
[06:27:57] 669.1, 123.8, 5.376
[06:27:58] 669.3, 123.8, 5.416
[06:27:59] 669.2, 123.7, 5.409
[06:28:00] 669.2, 123.9, 5.365
[06:28:01] 669.2, 123.8, 5.426
[06:28:02] 669.3, 123.9, 5.388
[06:28:03] 669.4, 123.9, 5.385
[06:28:04] 669.4, 123.9, 5.425
[06:28:05] 669.2, 124.0, 5.371
[06:28:06] 669.4, 124.0, 5.411
[06:28:07] 669.6, 123.9, 5.412
[06:28:08] 669.4, 124.0, 5.360
[06:28:09] 669.5, 123.8, 5.424
[06:28:10] 669.5, 124.0, 5.382
[06:28:11] 669.7, 124.0, 5.392
[06:28:12] 669.6, 123.9, 5.411
[06:28:13] 669.5, 124.0, 5.368
[06:28:14] 669.6, 123.9, 5.404
[06:28:15] 669.5, 124.0, 5.414
[06:28:16] 669.7, 123.9, 5.368
[06:28:17] 669.7, 124.0, 5.426
[06:28:18] 669.6, 123.9, 5.371
[06:28:19] 669.8, 124.0, 5.386
[06:28:20] 669.7, 123.9, 5.437
[06:28:21] 669.7, 123.9, 5.386
[06:28:22] 669.9, 123.9, 5.390
[06:28:23] 669.8, 124.0, 5.424
[06:28:24] 669.7, 123.9, 5.366
[06:28:25] 669.7, 123.9, 5.415
[06:28:26] 670.1, 123.9, 5.429
[06:28:27] 670.0, 123.9, 5.374
[06:28:28] 670.0, 123.9, 5.410
[06:28:29] 669.8, 123.9, 5.414
[06:28:30] 669.8, 123.9, 5.360
[06:28:31] 669.9, 124.0, 5.402
[06:28:32] 669.7, 123.9, 5.395
[06:28:33] 669.7, 124.0, 5.366
[06:28:34] 669.7, 123.9, 5.424
[06:28:35] 669.7, 124.0, 5.380
[06:28:36] 669.7, 124.0, 5.378
[06:28:37] 669.7, 123.9, 5.426
[06:28:38] 669.6, 124.0, 5.377
[06:28:39] 669.7, 123.9, 5.388
[06:28:40] 669.6, 123.9, 5.416
[06:28:41] 669.5, 123.8, 5.376
[06:28:42] 669.7, 123.9, 5.411
[06:28:43] 669.6, 123.9, 5.403
[06:28:44] 669.6, 123.8, 5.374
[06:28:45] 669.6, 123.8, 5.432
[06:28:46] 669.5, 123.9, 5.392
[06:28:47] 669.7, 123.7, 5.401
[06:28:48] 669.6, 123.8, 5.408
[06:28:49] 669.5, 123.8, 5.371
[06:28:50] 669.6, 123.8, 5.429
[06:28:51] 669.6, 123.8, 5.402
[06:28:52] 669.6, 123.9, 5.374
[06:28:53] 669.6, 123.8, 5.436
[06:28:54] 669.7, 123.9, 5.375
[06:28:55] 669.8, 123.9, 5.393
[06:28:56] 669.7, 124.0, 5.418
[06:28:57] 669.6, 123.9, 5.369
[06:28:58] 669.7, 123.9, 5.418
[06:28:59] 669.7, 123.9, 5.413
[06:29:00] 669.9, 123.8, 5.385
[06:29:01] 669.8, 123.9, 5.437
[06:29:02] 669.7, 123.9, 5.386
[06:29:03] 669.8, 123.9, 5.387
[06:29:04] 669.7, 123.9, 5.421
[06:29:05] 669.6, 123.9, 5.369
[06:29:06] 669.6, 123.9, 5.411
[06:29:07] 669.5, 123.9, 5.410
[06:29:08] 669.5, 124.0, 5.363
[06:29:09] 669.5, 123.9, 5.418
[06:29:10] 669.4, 123.9, 5.393
[06:29:11] 669.5, 123.8, 5.372
[06:29:12] 669.5, 123.9, 5.432
[06:29:13] 669.4, 123.9, 5.393
[06:29:14] 669.5, 123.9, 5.373
[06:29:15] 669.6, 123.8, 5.432
[06:29:16] 669.5, 123.7, 5.395
[06:29:17] 669.7, 123.7, 5.382
[06:29:18] 669.7, 123.8, 5.437
[06:29:19] 669.6, 123.9, 5.385
[06:29:20] 669.6, 123.8, 5.397
[06:29:21] 669.5, 123.8, 5.416
[06:29:22] 669.5, 124.0, 5.369
[06:29:23] 669.7, 123.9, 5.431
[06:29:24] 669.6, 123.9, 5.395
[06:29:25] 669.6, 124.0, 5.386
[06:29:26] 669.7, 123.9, 5.433
[06:29:27] 669.7, 123.8, 5.454
[06:29:28] 678.2, 124.0, 5.471
[06:29:29] 677.9, 123.8, 5.424
[06:29:30] 669.5, 124.0, 5.374
[06:29:31] 669.7, 123.9, 5.405
[06:29:32] 669.5, 124.0, 5.404
[06:29:33] 669.5, 123.9, 5.366
[06:29:34] 669.5, 124.0, 5.411
[06:29:35] 669.5, 123.8, 5.404
[06:29:36] 669.4, 124.0, 5.359
[06:29:37] 669.5, 123.8, 5.417
[06:29:38] 669.5, 123.9, 5.399
[06:29:39] 669.5, 123.9, 5.365
[06:29:40] 669.5, 123.9, 5.417
[06:29:41] 669.3, 123.9, 5.392
[06:29:42] 669.4, 123.9, 5.382
[06:29:43] 669.4, 123.8, 5.428
[06:29:44] 669.3, 123.9, 5.369
[06:29:45] 669.3, 123.9, 5.392
[06:29:46] 669.4, 123.8, 5.426
[06:29:47] 669.4, 123.9, 5.374
[06:29:48] 669.4, 123.9, 5.404
[06:29:49] 669.3, 123.9, 5.408
[06:29:50] 669.4, 123.9, 5.370
[06:29:51] 669.5, 123.9, 5.425
[06:29:52] 669.4, 123.9, 5.378
[06:29:53] 669.3, 123.9, 5.382
[06:29:54] 669.3, 123.9, 5.432
[06:29:55] 669.3, 123.9, 5.383
[06:29:56] 669.3, 123.8, 5.376
[06:29:57] 669.2, 123.9, 5.429
[06:29:58] 669.1, 123.9, 5.387
[06:29:59] 669.2, 123.9, 5.375
[06:30:00] 669.6, 123.9, 5.483
[06:30:01] 677.6, 124.0, 5.466
[06:30:02] 677.2, 123.9, 5.364
[06:30:03] 669.1, 124.0, 5.383
[06:30:04] 668.9, 124.0, 5.422
[06:30:05] 668.8, 123.9, 5.366
[06:30:06] 668.8, 123.9, 5.406
[06:30:07] 668.8, 123.9, 5.400
[06:30:08] 668.7, 123.9, 5.366
[06:30:09] 668.7, 123.9, 5.418
[06:30:10] 668.6, 123.8, 5.386
[06:30:11] 668.6, 123.8, 5.371
[06:30:12] 668.8, 123.8, 5.491
[06:30:13] 677.2, 123.8, 5.461
[06:30:14] 677.3, 123.8, 5.407
[06:30:15] 671.3, 123.9, 5.415
[06:30:16] 670.9, 123.8, 5.361
[06:30:17] 670.7, 123.9, 5.408
[06:30:18] 670.7, 123.9, 5.408
[06:30:19] 670.5, 123.8, 5.369
[06:30:20] 670.3, 123.9, 5.414
[06:30:21] 670.0, 123.8, 5.396
[06:30:22] 670.0, 123.8, 5.375
[06:30:23] 669.9, 123.9, 5.424
[06:30:24] 669.7, 123.8, 5.384
[06:30:25] 669.6, 123.9, 5.391
[06:30:26] 669.6, 123.9, 5.425
[06:30:27] 669.4, 123.8, 5.374
[06:30:28] 669.4, 123.9, 5.390
[06:30:29] 669.2, 123.9, 5.417
[06:30:30] 669.1, 123.8, 5.367
[06:30:31] 669.2, 123.9, 5.405
[06:30:32] 669.0, 123.9, 5.408
[06:30:33] 669.0, 123.8, 5.370
[06:30:34] 669.2, 123.8, 5.416
[06:30:35] 669.3, 123.9, 5.394
[06:30:36] 669.4, 123.8, 5.357
[06:30:37] 669.3, 123.7, 5.429
[06:30:38] 669.3, 123.9, 5.376
[06:30:39] 669.4, 123.8, 5.390
[06:30:40] 669.3, 123.8, 5.423
[06:30:41] 669.0, 123.9, 5.381
[06:30:42] 669.1, 123.9, 5.390
[06:30:43] 669.1, 123.9, 5.410
[06:30:44] 669.0, 123.9, 5.364
[06:30:45] 669.0, 123.8, 5.416
[06:30:46] 668.9, 123.9, 5.381
[06:30:47] 669.0, 123.8, 5.375
[06:30:48] 668.9, 123.8, 5.425
[06:30:49] 668.8, 123.9, 5.373
[06:30:50] 669.0, 123.8, 5.404
[06:30:51] 669.1, 123.9, 5.396
[06:30:52] 669.0, 123.8, 5.366
[06:30:53] 669.0, 124.0, 5.421
[06:30:54] 668.9, 123.9, 5.370
[06:30:55] 669.0, 124.0, 5.398
[06:30:56] 668.9, 123.9, 5.399
[06:30:57] 668.7, 124.0, 5.363
[06:30:58] 668.8, 123.9, 5.412
[06:30:59] 668.6, 123.9, 5.377
[06:31:00] 668.6, 123.9, 5.386
[06:31:01] 668.5, 123.9, 5.416
[06:31:02] 668.6, 123.9, 5.369
[06:31:03] 668.7, 123.9, 5.422
[06:31:04] 668.6, 123.9, 5.386
[06:31:05] 668.6, 123.9, 5.378
[06:31:06] 668.7, 123.9, 5.432
[06:31:07] 668.8, 123.9, 5.375
[06:31:08] 669.0, 123.9, 5.403
[06:31:09] 669.0, 123.8, 5.397
[06:31:10] 669.0, 123.8, 5.364
[06:31:11] 669.1, 123.9, 5.424
[06:31:12] 668.9, 123.9, 5.390
[06:31:13] 668.9, 123.8, 5.378
[06:31:14] 669.0, 123.9, 5.430
[06:31:15] 669.0, 123.8, 5.374
[06:31:16] 669.0, 123.9, 5.390
[06:31:17] 668.9, 123.8, 5.425
[06:31:18] 669.0, 123.9, 5.379
[06:31:19] 669.1, 123.8, 5.416
[06:31:20] 669.0, 123.8, 5.408
[06:31:21] 668.9, 123.9, 5.365
[06:31:22] 669.1, 123.8, 5.423
[06:31:23] 669.1, 123.8, 5.392
[06:31:24] 669.1, 123.8, 5.374
[06:31:25] 669.0, 123.8, 5.425
[06:31:26] 669.5, 123.8, 5.376
[06:31:27] 669.7, 123.8, 5.422
[06:31:28] 669.7, 123.9, 5.432
[06:31:29] 669.6, 123.8, 5.424
[06:31:30] 669.5, 123.8, 5.418
[06:31:31] 669.5, 123.8, 5.427
[06:31:32] 669.6, 123.9, 5.429
[06:31:33] 669.3, 123.9, 5.406
[06:31:34] 669.4, 123.9, 5.416
[06:31:35] 669.5, 123.9, 5.340
[06:31:36] 669.1, 123.8, 5.396
[06:31:37] 668.9, 123.9, 5.422
[06:31:38] 669.0, 123.9, 5.366
[06:31:39] 669.1, 123.8, 5.404
[06:31:40] 668.7, 123.9, 5.381
[06:31:41] 669.0, 123.8, 5.413
[06:31:42] 669.0, 123.9, 5.344
[06:31:43] 668.6, 123.8, 5.371
[06:31:44] 668.6, 123.8, 5.464
[06:31:45] 668.6, 123.9, 5.387
[06:31:46] 668.4, 123.8, 5.386
[06:31:47] 668.2, 123.9, 5.393
[06:31:48] 668.3, 123.7, 5.375
[06:31:49] 668.4, 123.9, 5.367
[06:31:50] 668.3, 123.8, 5.404
[06:31:51] 668.2, 123.9, 5.392
[06:31:52] 668.3, 123.8, 5.362
[06:31:53] 668.4, 123.9, 5.416
[06:31:54] 668.3, 123.9, 5.397
[06:31:55] 668.4, 123.9, 5.340
[06:31:56] 668.1, 123.9, 5.360
[06:31:57] 668.0, 123.9, 5.430
[06:31:58] 668.0, 123.8, 5.364
[06:31:59] 667.6, 123.9, 5.378
[06:32:00] 667.9, 123.8, 5.396
[06:32:01] 667.9, 123.8, 5.381
[06:32:02] 668.1, 123.8, 5.439
[06:32:03] 668.2, 123.8, 5.345
[06:32:04] 668.0, 123.8, 5.366
[06:32:05] 668.1, 123.7, 5.407
[06:32:06] 668.1, 123.8, 5.408
[06:32:07] 668.2, 123.9, 5.374
[06:32:08] 668.4, 123.8, 5.425
[06:32:09] 668.3, 123.8, 5.393
[06:32:10] 668.3, 123.9, 5.368
[06:32:11] 668.4, 123.9, 5.439
[06:32:12] 668.4, 123.8, 5.344
[06:32:13] 668.3, 123.9, 5.375
[06:32:14] 668.3, 123.9, 5.420
[06:32:15] 668.3, 123.9, 5.382
[06:32:16] 668.3, 123.9, 5.399
[06:32:17] 668.2, 123.8, 5.414
[06:32:18] 668.1, 123.9, 5.398
[06:32:19] 668.2, 123.7, 5.460
[06:32:20] 668.3, 123.9, 5.411
[06:32:21] 668.3, 123.8, 5.409
[06:32:22] 668.3, 123.9, 5.365
[06:32:23] 668.4, 123.9, 5.416
[06:32:24] 668.2, 123.8, 5.391
[06:32:25] 668.4, 123.9, 5.474
[06:32:26] 675.6, 123.6, 5.483
[06:32:27] 675.6, 123.9, 5.443
[06:32:28] 675.5, 123.8, 5.454
[06:32:29] 675.6, 123.7, 5.468
[06:32:30] 675.7, 123.8, 5.462
[06:32:31] 675.7, 123.8, 5.467
[06:32:32] 675.8, 123.9, 5.453
[06:32:33] 675.7, 123.8, 5.468
[06:32:34] 676.0, 123.8, 5.475
[06:32:35] 676.1, 123.8, 5.470
[06:32:36] 676.1, 123.8, 5.468
[06:32:37] 676.2, 123.8, 5.477
[06:32:38] 676.3, 123.8, 5.436
[06:32:39] 676.3, 123.8, 5.466
[06:32:40] 676.4, 123.8, 5.453
[06:32:41] 676.4, 123.8, 5.428
[06:32:42] 676.3, 123.9, 5.431
[06:32:43] 676.1, 123.8, 5.462
[06:32:44] 676.2, 123.9, 5.453
[06:32:45] 671.1, 124.0, 5.334
[06:32:46] 662.1, 123.9, 5.330
[06:32:47] 662.2, 124.0, 5.440
[06:32:48] 662.5, 123.9, 5.330
[06:32:49] 662.5, 123.9, 5.334
[06:32:50] 662.5, 123.9, 5.466
[06:32:51] 669.1, 123.9, 5.335
[06:32:52] 661.9, 123.9, 5.332
[06:32:53] 662.0, 123.9, 5.449
[06:32:54] 662.3, 123.9, 5.334
[06:32:55] 662.4, 123.9, 5.327
[06:32:56] 662.3, 124.0, 5.439
[06:32:57] 672.7, 124.0, 5.390
[06:32:58] 672.0, 123.9, 5.329
[06:32:59] 662.6, 124.0, 5.349
[06:33:00] 662.4, 124.0, 5.346
[06:33:01] 662.8, 123.9, 5.336
[06:33:02] 662.7, 123.9, 5.333
[06:33:03] 662.5, 124.0, 5.406
[06:33:04] 667.8, 123.9, 5.328
[06:33:05] 667.2, 123.9, 5.352
[06:33:06] 661.3, 124.0, 5.346
[06:33:07] 661.7, 124.0, 5.325
[06:33:08] 661.9, 123.9, 5.334
[06:33:09] 661.8, 123.9, 5.455
[06:33:10] 676.4, 123.9, 5.427
[06:33:11] 676.1, 123.8, 5.453
[06:33:12] 668.7, 123.9, 5.335
[06:33:13] 663.2, 123.8, 5.338
[06:33:14] 662.9, 123.8, 5.357
[06:33:15] 663.1, 123.9, 5.329
[06:33:16] 663.0, 123.8, 5.341
[06:33:17] 662.8, 123.8, 5.451
[06:33:18] 668.4, 123.9, 5.335
[06:33:19] 662.8, 123.9, 5.329
[06:33:20] 662.5, 123.9, 5.371
[06:33:21] 662.8, 123.8, 5.333
[06:33:22] 662.9, 123.9, 5.345
[06:33:23] 662.7, 124.0, 5.442
[06:33:24] 675.2, 124.0, 5.330
[06:33:25] 662.6, 123.9, 5.369
[06:33:26] 662.6, 123.9, 5.330
[06:33:27] 662.9, 124.0, 5.324
[06:33:28] 662.7, 124.0, 5.337
[06:33:29] 662.7, 123.9, 5.325
[06:33:30] 663.3, 123.9, 5.330
[06:33:31] 663.3, 123.9, 5.368
[06:33:32] 663.2, 123.9, 5.328
[06:33:33] 663.4, 123.7, 5.331
[06:33:34] 663.1, 124.0, 5.334
[06:33:35] 663.0, 123.9, 5.325
[06:33:36] 663.5, 123.8, 5.469
[06:33:37] 678.0, 123.9, 5.464
[06:33:38] 677.8, 123.8, 5.422
[06:33:39] 677.4, 123.8, 5.441
[06:33:40] 677.1, 123.9, 5.356
[06:33:41] 667.2, 123.8, 5.333
[06:33:42] 666.6, 123.8, 5.342
[06:33:43] 661.5, 123.8, 5.337
[06:33:44] 661.9, 123.8, 5.337
[06:33:45] 662.0, 123.8, 5.342
[06:33:46] 662.2, 123.9, 5.363
[06:33:47] 668.0, 123.9, 5.341
[06:33:48] 667.4, 123.8, 5.351
[06:33:49] 662.1, 123.8, 5.343
[06:33:50] 662.6, 123.9, 5.334
[06:33:51] 662.6, 123.9, 5.332
[06:33:52] 662.6, 123.8, 5.462
[06:33:53] 675.2, 123.8, 5.336
[06:33:54] 661.5, 123.9, 5.336
[06:33:55] 661.6, 123.9, 5.334
[06:33:56] 662.0, 123.9, 5.342
[06:33:57] 661.9, 123.8, 5.329
[06:33:58] 662.0, 123.8, 5.395
[06:33:59] 668.2, 123.9, 5.340
[06:34:00] 661.9, 123.9, 5.351
[06:34:01] 662.0, 123.8, 5.341
[06:34:02] 662.4, 123.8, 5.363
[06:34:03] 662.4, 123.8, 5.346
[06:34:04] 662.6, 123.8, 5.390
[06:34:05] 669.7, 123.8, 5.472
[06:34:06] 678.0, 123.8, 5.434
[06:34:07] 669.1, 123.9, 5.329
[06:34:08] 662.6, 123.9, 5.352
[06:34:09] 662.4, 123.8, 5.351
[06:34:10] 662.6, 123.8, 5.328
[06:34:11] 662.6, 123.9, 5.338
[06:34:12] 662.5, 123.8, 5.442
[06:34:13] 669.1, 123.8, 5.332
[06:34:14] 663.0, 123.7, 5.352
[06:34:15] 662.7, 123.9, 5.354
[06:34:16] 663.0, 123.8, 5.326
[06:34:17] 662.9, 123.8, 5.339
[06:34:18] 662.7, 123.9, 5.467
[06:34:19] 676.4, 123.9, 5.325
[06:34:20] 662.1, 123.9, 5.354
[06:34:21] 662.1, 124.0, 5.323
[06:34:22] 662.3, 123.9, 5.325
[06:34:23] 662.2, 124.0, 5.328
[06:34:24] 662.2, 123.9, 5.326
[06:34:25] 662.8, 124.0, 5.324
[06:34:26] 662.7, 123.9, 5.364
[06:34:27] 662.6, 123.8, 5.328
[06:34:28] 662.8, 124.0, 5.327
[06:34:29] 662.6, 123.8, 5.334
[06:34:30] 662.6, 123.8, 5.345
[06:34:31] 667.8, 124.0, 5.445
[06:34:32] 677.0, 123.8, 5.472
[06:34:33] 677.0, 124.0, 5.453
[06:34:34] 676.9, 123.9, 5.478
[06:34:35] 677.0, 123.9, 5.429
[06:34:36] 676.6, 123.9, 5.471
[06:34:37] 676.5, 123.9, 5.440
[06:34:38] 676.2, 123.8, 5.442
[06:34:39] 676.0, 123.9, 5.454
[06:34:40] 676.2, 123.9, 5.328
[06:34:41] 662.1, 123.9, 5.369
[06:34:42] 662.1, 123.9, 5.327
[06:34:43] 662.3, 123.9, 5.324
[06:34:44] 662.1, 123.8, 5.334
[06:34:45] 662.1, 123.9, 5.336
[06:34:46] 662.8, 123.9, 5.330
[06:34:47] 662.7, 123.8, 5.375
[06:34:48] 662.6, 123.9, 5.338
[06:34:49] 662.9, 123.8, 5.336
[06:34:50] 662.7, 123.8, 5.349
[06:34:51] 662.6, 123.9, 5.336
[06:34:52] 663.2, 123.8, 5.460
[06:34:53] 670.3, 123.9, 5.338
[06:34:54] 662.8, 123.8, 5.331
[06:34:55] 662.5, 123.9, 5.390
[06:34:56] 662.7, 123.9, 5.325
[06:34:57] 662.7, 123.8, 5.347
[06:34:58] 662.4, 123.8, 5.455
[06:34:59] 668.4, 123.8, 5.331
[06:35:00] 662.8, 123.8, 5.339
[06:35:01] 662.5, 123.8, 5.419
[06:35:02] 662.8, 123.8, 5.340
[06:35:03] 662.8, 123.8, 5.370
[06:35:04] 662.7, 123.8, 5.467
[06:35:05] 674.8, 123.8, 5.450
[06:35:06] 675.0, 123.9, 5.346
[06:35:07] 665.8, 123.8, 5.366
[06:35:08] 665.4, 123.7, 5.340
[06:35:09] 665.1, 123.9, 5.333
[06:35:10] 664.8, 123.9, 5.379
[06:35:11] 664.5, 123.9, 5.322
[06:35:12] 664.6, 123.8, 5.333
[06:35:13] 664.6, 124.0, 5.331
[06:35:14] 664.3, 123.9, 5.331
[06:35:15] 664.1, 123.9, 5.339
[06:35:16] 664.1, 123.8, 5.395
[06:35:17] 663.9, 123.9, 5.336
[06:35:18] 664.2, 123.9, 5.456
[06:35:19] 673.1, 123.9, 5.343
[06:35:20] 662.1, 124.0, 5.337
[06:35:21] 662.2, 123.8, 5.448
[06:35:22] 662.6, 124.0, 5.337
[06:35:23] 662.7, 123.9, 5.341
[06:35:24] 662.7, 123.9, 5.479
[06:35:25] 669.7, 123.8, 5.350
[06:35:26] 662.6, 124.0, 5.332
[06:35:27] 662.6, 123.8, 5.421
[06:35:28] 662.8, 123.9, 5.331
[06:35:29] 662.8, 123.8, 5.328
[06:35:30] 662.6, 123.9, 5.460
[06:35:31] 673.3, 123.8, 5.451
[06:35:32] 673.6, 123.9, 5.464
[06:35:33] 674.1, 123.8, 5.459
[06:35:34] 674.5, 123.9, 5.332
[06:35:35] 665.6, 123.9, 5.328
[06:35:36] 665.1, 123.8, 5.332
[06:35:37] 664.8, 123.9, 5.332
[06:35:38] 664.6, 123.8, 5.404
[06:35:39] 664.3, 123.9, 5.329
[06:35:40] 664.3, 123.9, 5.333
[06:35:41] 664.5, 123.9, 5.328
[06:35:42] 664.2, 123.8, 5.335
[06:35:43] 663.9, 123.9, 5.331
[06:35:44] 663.9, 123.8, 5.398
[06:35:45] 663.6, 123.8, 5.332
[06:35:46] 663.6, 123.8, 5.479
[06:35:47] 674.7, 123.9, 5.354
[06:35:48] 661.1, 123.8, 5.340
[06:35:49] 661.2, 123.9, 5.370
[06:35:50] 661.5, 123.9, 5.339
[06:35:51] 661.5, 123.9, 5.339
[06:35:52] 661.6, 123.9, 5.434
[06:35:53] 667.6, 123.9, 5.344
[06:35:54] 660.5, 124.0, 5.330
[06:35:55] 660.7, 123.9, 5.362
[06:35:56] 661.1, 123.9, 5.334
[06:35:57] 661.1, 123.8, 5.331
[06:35:58] 661.2, 123.8, 5.431
[06:35:59] 670.3, 123.8, 5.473
[06:36:00] 676.4, 123.8, 5.371
[06:36:01] 667.4, 123.8, 5.338
[06:36:02] 666.8, 123.8, 5.348
[06:36:03] 661.3, 123.9, 5.343
[06:36:04] 661.7, 123.8, 5.341
[06:36:05] 661.8, 123.8, 5.340
[06:36:06] 661.9, 123.8, 5.367
[06:36:07] 667.4, 123.8, 5.336
[06:36:08] 666.7, 123.9, 5.346
[06:36:09] 661.5, 123.9, 5.343
[06:36:10] 661.9, 123.8, 5.337
[06:36:11] 661.9, 123.9, 5.339
[06:36:12] 662.0, 123.7, 5.488
[06:36:13] 675.8, 123.9, 5.350
[06:36:14] 661.5, 123.8, 5.328
[06:36:15] 661.6, 123.9, 5.338
[06:36:16] 661.9, 123.8, 5.349
[06:36:17] 661.9, 123.9, 5.338
[06:36:18] 662.0, 123.8, 5.438
[06:36:19] 668.6, 123.9, 5.354
[06:36:20] 661.5, 123.8, 5.339
[06:36:21] 661.6, 123.9, 5.341
[06:36:22] 662.0, 123.8, 5.350
[06:36:23] 662.0, 123.8, 5.341
[06:36:24] 662.1, 123.8, 5.418
[06:36:25] 669.5, 123.8, 5.483
[06:36:26] 678.0, 123.7, 5.471
[06:36:27] 677.9, 123.8, 5.447
[06:36:28] 677.7, 123.7, 5.469
[06:36:29] 677.7, 123.8, 5.467
[06:36:30] 677.6, 123.7, 5.441
[06:36:31] 677.2, 123.8, 5.454
[06:36:32] 677.1, 123.7, 5.464
[06:36:33] 677.1, 123.9, 5.468
[06:36:34] 677.0, 123.8, 5.423
[06:36:35] 676.4, 123.9, 5.417
[06:36:36] 676.0, 123.7, 5.445
[06:36:37] 675.8, 123.8, 5.418
[06:36:38] 675.4, 123.9, 5.436
[06:36:39] 675.3, 123.9, 5.446
[06:36:40] 675.3, 123.9, 5.444
[06:36:41] 675.3, 123.8, 5.477
[06:36:42] 675.6, 123.9, 5.480
[06:36:43] 675.6, 124.0, 5.350
[06:36:44] 660.9, 123.9, 5.327
[06:36:45] 661.0, 124.0, 5.342
[06:36:46] 661.3, 124.0, 5.332
[06:36:47] 661.3, 123.9, 5.323
[06:36:48] 661.4, 123.9, 5.419
[06:36:49] 667.6, 124.0, 5.343
[06:36:50] 661.1, 123.9, 5.328
[06:36:51] 661.2, 123.9, 5.329
[06:36:52] 661.5, 124.0, 5.336
[06:36:53] 661.4, 123.9, 5.327
[06:36:54] 661.5, 124.0, 5.411
[06:36:55] 669.3, 123.8, 5.364
[06:36:56] 669.0, 123.9, 5.328
[06:36:57] 662.8, 124.0, 5.342
[06:36:58] 662.6, 124.0, 5.332
[06:36:59] 662.8, 124.0, 5.324
[06:37:00] 662.8, 123.9, 5.335
[06:37:01] 662.6, 124.0, 5.393
[06:37:02] 668.0, 123.9, 5.327
[06:37:03] 662.1, 123.9, 5.346
[06:37:04] 661.9, 124.0, 5.337
[06:37:05] 662.2, 123.9, 5.328
[06:37:06] 662.2, 124.0, 5.346
[06:37:07] 662.2, 123.9, 5.459
[06:37:08] 676.4, 123.9, 5.435
[06:37:09] 676.2, 124.0, 5.326
[06:37:10] 663.0, 124.0, 5.399
[06:37:11] 662.8, 124.0, 5.324
[06:37:12] 663.0, 124.0, 5.328
[06:37:13] 662.9, 123.9, 5.345
[06:37:14] 662.8, 124.0, 5.325
[06:37:15] 663.2, 123.9, 5.329
[06:37:16] 663.3, 124.0, 5.394
[06:37:17] 663.1, 123.9, 5.330
[06:37:18] 663.2, 123.9, 5.330
[06:37:19] 663.0, 123.9, 5.348
[06:37:20] 662.9, 123.8, 5.327
[06:37:21] 663.2, 123.9, 5.451
[06:37:22] 671.9, 123.9, 5.342
[06:37:23] 661.1, 124.0, 5.337
[06:37:24] 661.3, 123.8, 5.405
[06:37:25] 661.6, 123.9, 5.332
[06:37:26] 661.6, 123.8, 5.328
[06:37:27] 661.6, 123.9, 5.433
[06:37:28] 668.2, 123.9, 5.358
[06:37:29] 661.7, 123.9, 5.336
[06:37:30] 661.8, 124.0, 5.406
[06:37:31] 662.2, 123.9, 5.343
[06:37:32] 662.2, 124.0, 5.336
[06:37:33] 662.3, 123.9, 5.445
[06:37:34] 671.9, 124.0, 5.432
[06:37:35] 672.3, 123.9, 5.463
[06:37:36] 672.9, 123.9, 5.455
[06:37:37] 673.3, 123.9, 5.405
[06:37:38] 668.2, 123.9, 5.329
[06:37:39] 662.4, 124.0, 5.347
[06:37:40] 662.2, 123.9, 5.343
[06:37:41] 662.4, 124.0, 5.331
[06:37:42] 662.5, 123.9, 5.339
[06:37:43] 662.4, 123.9, 5.453
[06:37:44] 668.7, 124.0, 5.329
[06:37:45] 662.8, 123.9, 5.334
[06:37:46] 662.6, 124.0, 5.357
[06:37:47] 662.9, 124.1, 5.331
[06:37:48] 662.9, 124.0, 5.339
[06:37:49] 662.8, 123.9, 5.459
[06:37:50] 676.0, 124.0, 5.322
[06:37:51] 662.4, 124.0, 5.356
[06:37:52] 662.4, 124.0, 5.327
[06:37:53] 662.7, 123.9, 5.323
[06:37:54] 662.5, 123.9, 5.347
[06:37:55] 662.6, 124.0, 5.336
[06:37:56] 663.2, 123.9, 5.335
[06:37:57] 663.2, 123.9, 5.380
[06:37:58] 663.1, 124.0, 5.338
[06:37:59] 663.4, 124.0, 5.336
[06:38:00] 663.2, 124.0, 5.352
[06:38:01] 663.2, 124.1, 5.334
[06:38:02] 663.7, 124.0, 5.458
[06:38:03] 677.4, 123.9, 5.463
[06:38:04] 672.3, 124.1, 5.336
[06:38:05] 662.3, 124.0, 5.336
[06:38:06] 662.4, 124.0, 5.448
[06:38:07] 662.7, 124.0, 5.329
[06:38:08] 662.8, 124.0, 5.329
[06:38:09] 662.6, 123.9, 5.458
[06:38:10] 668.7, 124.0, 5.333
[06:38:11] 661.5, 123.9, 5.331
[06:38:12] 661.6, 124.0, 5.447
[06:38:13] 662.1, 123.9, 5.328
[06:38:14] 662.2, 123.9, 5.332
[06:38:15] 662.1, 123.9, 5.470
[06:38:16] 673.7, 123.9, 5.337
[06:38:17] 665.2, 123.9, 5.361
[06:38:18] 664.9, 123.9, 5.338
[06:38:19] 664.7, 124.0, 5.330
[06:38:20] 664.5, 124.0, 5.385
[06:38:21] 664.3, 123.9, 5.329
[06:38:22] 664.4, 124.0, 5.331
[06:38:23] 664.6, 123.9, 5.347
[06:38:24] 664.4, 124.0, 5.347
[06:38:25] 664.3, 123.9, 5.341
[06:38:26] 664.3, 124.0, 5.398
[06:38:27] 664.1, 123.9, 5.339
[06:38:28] 664.3, 124.0, 5.471
[06:38:29] 678.2, 123.9, 5.457
[06:38:30] 678.0, 123.9, 5.480
[06:38:31] 678.1, 123.9, 5.478
[06:38:32] 678.1, 123.8, 5.484
[06:38:33] 678.2, 124.0, 5.474
[06:38:34] 678.1, 123.9, 5.453
[06:38:35] 677.7, 124.0, 5.414
[06:38:36] 677.5, 123.9, 5.343
[06:38:37] 665.2, 124.0, 5.411
[06:38:38] 664.9, 123.9, 5.331
[06:38:39] 664.8, 124.0, 5.331
[06:38:40] 664.5, 123.9, 5.352
[06:38:41] 664.2, 124.0, 5.326
[06:38:42] 664.4, 124.0, 5.335
[06:38:43] 664.5, 124.0, 5.390
[06:38:44] 664.3, 124.1, 5.328
[06:38:45] 664.2, 124.0, 5.326
[06:38:46] 663.9, 124.0, 5.359
[06:38:47] 663.8, 124.0, 5.330
[06:38:48] 664.0, 123.9, 5.464
[06:38:49] 672.9, 123.9, 5.341
[06:38:50] 661.9, 124.0, 5.335
[06:38:51] 662.1, 123.9, 5.435
[06:38:52] 662.4, 123.8, 5.335
[06:38:53] 662.5, 124.0, 5.332
[06:38:54] 662.4, 123.8, 5.466
[06:38:55] 669.7, 123.8, 5.343
[06:38:56] 661.7, 123.9, 5.333
[06:38:57] 661.8, 123.8, 5.418
[06:38:58] 662.2, 123.9, 5.337
[06:38:59] 662.2, 123.9, 5.339
[06:39:00] 662.3, 123.9, 5.455
[06:39:01] 673.1, 124.0, 5.462
[06:39:02] 673.7, 123.9, 5.337
[06:39:03] 666.2, 124.0, 5.330
[06:39:04] 665.8, 124.0, 5.332
[06:39:05] 665.4, 124.0, 5.332
[06:39:06] 665.3, 124.0, 5.419
[06:39:07] 665.0, 123.9, 5.334
[06:39:08] 665.0, 124.0, 5.341
[06:39:09] 665.3, 124.0, 5.329
[06:39:10] 665.0, 124.0, 5.336
[06:39:11] 664.6, 124.0, 5.339
[06:39:12] 664.7, 123.9, 5.375
[06:39:13] 664.5, 124.1, 5.333
[06:39:14] 664.5, 124.0, 5.461
[06:39:15] 675.2, 124.1, 5.348
[06:39:16] 661.9, 123.9, 5.331
[06:39:17] 662.0, 124.0, 5.357
[06:39:18] 662.3, 124.1, 5.337
[06:39:19] 662.2, 124.0, 5.329
[06:39:20] 662.3, 124.0, 5.425
[06:39:21] 669.1, 124.0, 5.345
[06:39:22] 661.9, 124.0, 5.332
[06:39:23] 662.0, 123.9, 5.342
[06:39:24] 662.4, 124.0, 5.341
[06:39:25] 662.4, 124.0, 5.331
[06:39:26] 662.5, 124.0, 5.427
[06:39:27] 670.9, 124.0, 5.456
[06:39:28] 676.6, 124.0, 5.464
[06:39:29] 676.6, 124.1, 5.462
[06:39:30] 676.7, 124.0, 5.462
[06:39:31] 670.7, 124.1, 5.330
[06:39:32] 663.2, 124.0, 5.326
[06:39:33] 663.0, 124.1, 5.379
[06:39:34] 663.3, 124.1, 5.328
[06:39:35] 663.3, 124.0, 5.351
[06:39:36] 663.2, 124.1, 5.458
[06:39:37] 669.5, 124.0, 5.332
[06:39:38] 663.4, 124.0, 5.332
[06:39:39] 663.2, 123.9, 5.377
[06:39:40] 663.4, 123.9, 5.335
[06:39:41] 663.5, 124.0, 5.350
[06:39:42] 663.3, 123.9, 5.439
[06:39:43] 675.6, 124.0, 5.335
[06:39:44] 664.0, 124.0, 5.396
[06:39:45] 663.9, 123.9, 5.333
[06:39:46] 664.1, 123.9, 5.338
[06:39:47] 663.9, 124.1, 5.340
[06:39:48] 663.8, 124.0, 5.328
[06:39:49] 664.4, 124.0, 5.329
[06:39:50] 664.3, 124.0, 5.377
[06:39:51] 664.1, 124.0, 5.335
[06:39:52] 664.2, 124.0, 5.335
[06:39:53] 664.0, 124.1, 5.344
[06:39:54] 663.9, 124.0, 5.329
[06:39:55] 664.3, 124.0, 5.451
[06:39:56] 678.4, 124.0, 5.463
[06:39:57] 672.3, 124.0, 5.339
[06:39:58] 662.8, 124.1, 5.331
[06:39:59] 662.8, 124.0, 5.440
[06:40:00] 663.1, 124.0, 5.332
[06:40:01] 663.2, 124.0, 5.334
[06:40:02] 663.1, 123.8, 5.473
[06:40:03] 669.3, 124.0, 5.339
[06:40:04] 662.4, 123.9, 5.336
[06:40:05] 662.5, 124.0, 5.459
[06:40:06] 662.8, 123.9, 5.334
[06:40:07] 662.9, 124.0, 5.329
[06:40:08] 662.8, 123.8, 5.478
[06:40:09] 674.7, 123.9, 5.343
[06:40:10] 666.2, 123.9, 5.364
[06:40:11] 665.8, 123.9, 5.339
[06:40:12] 665.6, 123.9, 5.333
[06:40:13] 665.4, 124.0, 5.381
[06:40:14] 665.2, 123.9, 5.335
[06:40:15] 665.4, 124.0, 5.344
[06:40:16] 665.4, 123.9, 5.388
[06:40:17] 665.1, 123.9, 5.349
[06:40:18] 665.1, 124.0, 5.341
[06:40:19] 665.0, 123.9, 5.377
[06:40:20] 664.9, 124.0, 5.340
[06:40:21] 665.1, 123.9, 5.477
[06:40:22] 679.6, 124.0, 5.469
[06:40:23] 679.5, 123.9, 5.479
[06:40:24] 679.4, 123.9, 5.484
[06:40:25] 679.4, 124.0, 5.458
[06:40:26] 679.3, 123.8, 5.493
[06:40:27] 679.2, 123.9, 5.466
[06:40:28] 679.0, 123.9, 5.451
[06:40:29] 678.7, 123.9, 5.486
[06:40:30] 678.7, 123.8, 5.473
[06:40:31] 678.7, 123.9, 5.472
[06:40:32] 678.7, 123.8, 5.486
[06:40:33] 678.6, 123.9, 5.466
[06:40:34] 678.3, 123.9, 5.453
[06:40:35] 678.1, 123.9, 5.488
[06:40:36] 678.3, 123.9, 5.500
[06:40:37] 678.7, 123.9, 5.471
[06:40:38] 678.8, 124.0, 5.495
[06:40:39] 678.7, 123.9, 5.442
[06:40:40] 678.3, 124.0, 5.450
[06:40:41] 677.9, 124.0, 5.468
[06:40:42] 677.6, 123.9, 5.437
[06:40:43] 677.2, 124.0, 5.472
[06:40:44] 677.4, 123.9, 5.489
[06:40:45] 677.5, 124.0, 5.443
[06:40:46] 677.3, 124.0, 5.427
[06:40:47] 677.0, 124.0, 5.434
[06:40:48] 676.6, 124.0, 5.432
[06:40:49] 676.3, 123.9, 5.457
[06:40:50] 676.3, 124.0, 5.463
[06:40:51] 676.4, 123.9, 5.466
[06:40:52] 676.5, 124.0, 5.439
[06:40:53] 676.4, 124.0, 5.436
[06:40:54] 676.2, 123.9, 5.454
[06:40:55] 676.3, 124.0, 5.458
[06:40:56] 676.7, 123.9, 5.487
[06:40:57] 677.2, 123.9, 5.479
[06:40:58] 677.6, 124.0, 5.392
[06:40:59] 660.1, 124.0, 5.181
[06:41:00] 643.2, 123.9, 5.178
[06:41:01] 643.1, 124.1, 5.182
[06:41:02] 643.2, 124.1, 5.177
