<<<[04:43:32] 648.0, 125.1, 5.152
[04:43:33] 647.7, 125.1, 5.150
[04:43:34] 647.4, 125.0, 5.289
[04:43:35] 656.2, 125.1, 5.154
[04:43:36] 646.1, 125.1, 5.152
[04:43:37] 646.1, 125.1, 5.174
[04:43:38] 646.1, 125.1, 5.155
[04:43:39] 646.1, 125.1, 5.171
[04:43:40] 669.7, 125.1, 5.277
[04:43:41] 716.6, 125.1, 5.148
[04:43:42] 644.3, 125.1, 5.147
[04:43:43] 644.3, 125.1, 5.145
[04:43:44] 644.3, 125.2, 5.145
[04:43:45] 666.4, 125.1, 5.278
[04:43:46] 717.0, 125.1, 5.150
[04:43:47] 645.1, 125.2, 5.144
[04:43:48] 645.0, 125.2, 5.144
[04:43:49] 644.9, 125.2, 5.142
[04:43:50] 665.2, 125.1, 5.284
[04:43:51] 717.4, 125.0, 5.144
[04:43:52] 644.3, 125.1, 5.142
[04:43:53] 644.3, 125.1, 5.141
[04:43:54] 644.3, 125.1, 5.140
[04:43:55] 664.6, 125.2, 5.282
[04:43:56] 717.6, 125.1, 5.145
[04:43:57] 644.3, 125.1, 5.143
[04:43:58] 644.2, 125.0, 5.144
[04:43:59] 644.2, 125.1, 5.142
[04:44:00] 663.2, 125.0, 5.285
[04:44:01] 717.8, 125.1, 5.145
[04:44:02] 644.3, 125.1, 5.146
[04:44:03] 644.3, 125.0, 5.145
[04:44:04] 644.3, 125.1, 5.141
[04:44:05] 662.1, 125.1, 5.289
[04:44:06] 718.2, 125.1, 5.141
[04:44:07] 644.1, 125.1, 5.142
[04:44:08] 644.1, 125.2, 5.145
[04:44:09] 644.1, 125.1, 5.139
[04:44:10] 660.5, 125.1, 5.287
[04:44:11] 718.5, 125.2, 5.166
[04:44:12] 645.5, 125.2, 5.163
[04:44:13] 645.4, 125.1, 5.160
[04:44:14] 645.2, 125.1, 5.143
[04:44:15] 658.1, 125.1, 5.293
[04:44:16] 718.2, 125.1, 5.143
[04:44:17] 644.3, 125.0, 5.139
[04:44:18] 644.2, 125.1, 5.139
[04:44:19] 644.2, 125.1, 5.140
[04:44:20] 644.8, 125.0, 5.295
[04:44:21] 722.3, 125.2, 5.143
[04:44:22] 644.3, 125.2, 5.138
[04:44:23] 644.2, 125.0, 5.140
[04:44:24] 644.1, 125.1, 5.139
[04:44:25] 644.1, 124.9, 6.779
[04:44:26] 766.6, 125.1, 5.142
[04:44:27] 644.1, 125.2, 5.138
[04:44:28] 644.1, 125.1, 5.162
[04:44:29] 644.2, 125.1, 5.161
[04:44:30] 644.2, 124.6, 7.202
[04:44:31] 795.5, 125.2, 5.145
[04:44:32] 644.5, 125.1, 5.143
[04:44:33] 644.4, 125.2, 5.138
[04:44:34] 644.3, 125.2, 5.137
[04:44:35] 644.3, 124.5, 7.310
[04:44:36] 828.4, 125.2, 5.157
[04:44:37] 670.9, 125.1, 5.144
[04:44:38] 644.5, 125.0, 5.144
[04:44:39] 644.4, 125.1, 5.142
[04:44:40] 644.4, 125.0, 5.138
[04:44:41] 696.1, 124.5, 7.711
[04:44:42] 942.7, 125.1, 5.164
[04:44:43] 672.1, 125.1, 5.147
[04:44:44] 644.9, 125.2, 5.144
[04:44:45] 644.8, 125.1, 5.165
[04:44:46] 644.8, 125.1, 5.140
[04:44:47] 730.8, 124.5, 7.719
[04:44:48] 962.8, 124.6, 7.634
[04:44:49] 907.1, 125.2, 5.157
[04:44:50] 646.1, 125.1, 5.154
[04:44:51] 646.0, 125.0, 5.154
[04:44:52] 645.9, 125.1, 5.145
[04:44:53] 645.8, 124.8, 5.692
[04:44:54] 800.4, 124.5, 7.727
[04:44:55] 963.6, 124.5, 7.728
[04:44:56] 963.8, 124.4, 7.755
[04:44:57] 964.2, 125.1, 5.331
[04:44:58] 729.6, 125.2, 5.158
[04:44:59] 646.1, 125.2, 5.151
[04:45:00] 646.0, 125.2, 5.149
[04:45:01] 645.9, 125.1, 5.166
[04:45:02] 645.8, 124.4, 7.716
[04:45:03] 938.0, 124.4, 7.743
[04:45:04] 964.8, 124.4, 7.752
[04:45:05] 965.0, 124.5, 7.742
[04:45:06] 965.3, 124.5, 7.764
[04:45:07] 965.7, 124.4, 7.771
[04:45:08] 966.1, 124.5, 7.775
[04:45:09] 966.5, 124.9, 6.879
[04:45:10] 791.4, 125.2, 5.172
[04:45:11] 647.9, 125.2, 5.168
[04:45:12] 647.8, 125.2, 5.155
[04:45:13] 647.6, 125.1, 5.154
[04:45:14] 647.3, 124.5, 7.690
[04:45:15] 894.3, 124.5, 7.737
[04:45:16] 965.8, 124.5, 7.758
[04:45:17] 965.9, 124.5, 7.766
[04:45:18] 966.2, 124.5, 7.773
[04:45:19] 966.6, 124.4, 7.782
[04:45:20] 967.0, 124.4, 7.800
[04:45:21] 967.6, 124.4, 7.794
[04:45:22] 968.1, 124.4, 7.790
[04:45:23] 968.5, 124.4, 7.792
[04:45:24] 968.9, 124.5, 7.795
[04:45:25] 969.2, 124.5, 7.785
[04:45:26] 969.6, 124.5, 7.808
[04:45:27] 970.1, 124.5, 7.805
[04:45:28] 970.5, 124.8, 7.062
[04:45:29] 808.9, 125.1, 5.191
[04:45:30] 649.9, 125.1, 5.177
[04:45:31] 649.7, 125.0, 5.172
[04:45:32] 649.5, 125.1, 5.172
