<<<[02:56:51] 641.2, 125.2, 5.096
[02:56:52] 640.9, 125.2, 5.100
[02:56:53] 640.7, 125.2, 5.157
[02:56:54] 651.2, 125.1, 5.269
[02:56:55] 660.3, 125.0, 5.262
[02:56:56] 660.3, 125.2, 5.107
[02:56:57] 640.6, 125.1, 5.103
[02:56:58] 640.5, 125.2, 5.104
[02:56:59] 640.2, 125.1, 5.100
[02:57:00] 640.1, 125.1, 5.101
[02:57:01] 640.1, 125.1, 5.588
[02:57:02] 733.1, 125.1, 5.093
[02:57:03] 637.6, 125.2, 5.091
[02:57:04] 637.5, 125.2, 5.094
[02:57:05] 637.6, 125.1, 5.090
[02:57:06] 637.5, 125.1, 5.624
[02:57:07] 729.2, 125.2, 5.091
[02:57:08] 637.3, 125.1, 5.095
[02:57:09] 637.3, 125.2, 5.091
[02:57:10] 637.3, 125.2, 5.093
[02:57:11] 637.3, 125.0, 5.661
[02:57:12] 728.4, 125.1, 5.092
[02:57:13] 637.3, 125.2, 5.089
[02:57:14] 637.3, 125.0, 5.090
[02:57:15] 637.3, 125.1, 5.089
[02:57:16] 637.2, 125.0, 5.712
[02:57:17] 728.4, 125.1, 5.094
[02:57:18] 637.5, 125.1, 5.091
[02:57:19] 637.4, 125.1, 5.089
[02:57:20] 637.5, 125.1, 5.093
[02:57:21] 637.6, 125.0, 5.758
[02:57:22] 727.8, 125.1, 5.093
[02:57:23] 637.6, 125.2, 5.090
[02:57:24] 637.5, 125.0, 5.090
[02:57:25] 637.4, 125.1, 5.087
[02:57:26] 637.3, 125.1, 5.806
[02:57:27] 726.4, 125.0, 5.092
[02:57:28] 637.3, 125.2, 5.088
[02:57:29] 637.2, 125.0, 5.089
[02:57:30] 637.2, 125.1, 5.090
[02:57:31] 637.2, 125.0, 5.853
[02:57:32] 724.5, 125.1, 5.090
[02:57:33] 637.1, 125.0, 5.087
[02:57:34] 637.0, 125.1, 5.088
[02:57:35] 637.0, 125.1, 5.087
[02:57:36] 637.0, 124.9, 5.888
[02:57:37] 720.9, 125.1, 5.087
[02:57:38] 637.1, 125.2, 5.089
[02:57:39] 637.0, 125.2, 5.086
[02:57:40] 637.1, 125.1, 5.086
[02:57:41] 637.2, 124.6, 7.074
[02:57:42] 764.0, 125.1, 5.091
[02:57:43] 637.5, 125.2, 5.087
[02:57:44] 637.4, 125.2, 5.084
[02:57:45] 637.3, 125.2, 5.085
[02:57:46] 637.3, 124.6, 7.290
[02:57:47] 751.2, 125.1, 5.090
[02:57:48] 637.5, 125.2, 5.087
[02:57:49] 637.4, 125.2, 5.085
[02:57:50] 637.3, 125.1, 5.086
[02:57:51] 637.3, 124.5, 7.040
[02:57:52] 811.3, 125.1, 5.103
[02:57:53] 649.5, 125.1, 5.090
[02:57:54] 637.1, 125.2, 5.087
[02:57:55] 637.0, 125.2, 5.086
[02:57:56] 637.0, 125.2, 5.085
[02:57:57] 706.9, 124.5, 7.795
[02:57:58] 899.8, 125.0, 5.097
[02:57:59] 638.2, 125.2, 5.089
[02:58:00] 638.2, 125.2, 5.088
[02:58:01] 638.2, 125.1, 5.087
[02:58:02] 638.2, 124.8, 5.520
[02:58:03] 805.4, 124.5, 7.923
[02:58:04] 981.5, 125.1, 5.192
[02:58:05] 702.6, 125.1, 5.098
[02:58:06] 638.4, 125.2, 5.095
[02:58:07] 638.3, 125.1, 5.091
[02:58:08] 638.2, 125.1, 5.090
[02:58:09] 656.0, 124.5, 7.916
[02:58:10] 986.8, 124.4, 7.936
[02:58:11] 987.1, 124.3, 7.949
[02:58:12] 969.9, 125.2, 5.119
[02:58:13] 655.2, 125.0, 5.106
[02:58:14] 639.0, 125.1, 5.101
[02:58:15] 638.9, 125.2, 5.094
[02:58:16] 638.8, 125.2, 5.095
[02:58:17] 708.3, 124.4, 7.930
[02:58:18] 988.0, 124.5, 7.947
[02:58:19] 988.3, 124.5, 7.953
[02:58:20] 988.6, 124.4, 7.959
[02:58:21] 989.1, 124.5, 7.969
[02:58:22] 989.6, 124.5, 7.721
[02:58:23] 908.3, 125.2, 5.120
[02:58:24] 641.2, 125.1, 5.109
[02:58:25] 641.0, 125.2, 5.100
[02:58:26] 640.7, 125.1, 5.098
[02:58:27] 640.4, 124.7, 6.073
[02:58:28] 814.6, 124.4, 7.944
[02:58:29] 990.4, 124.4, 7.957
[02:58:30] 990.5, 124.5, 7.967
[02:58:31] 990.8, 124.4, 7.979
[02:58:32] 991.2, 124.4, 7.987
[02:58:33] 991.7, 124.4, 7.985
[02:58:34] 992.1, 124.4, 7.988
[02:58:35] 992.5, 124.4, 7.992
[02:58:36] 992.9, 124.3, 7.996
[02:58:37] 993.3, 124.5, 8.000
[02:58:38] 993.7, 124.3, 8.001
[02:58:39] 955.3, 125.1, 5.251
[02:58:40] 656.2, 125.2, 5.129
[02:58:41] 644.9, 125.1, 5.115
[02:58:42] 644.3, 125.2, 5.110
