<<<[02:14:35] 637.1, 125.0, 5.096
[02:14:36] 637.1, 125.1, 5.096
[02:14:37] 637.1, 125.0, 5.094
[02:14:38] 637.3, 125.0, 5.265
[02:14:39] 659.3, 125.0, 5.243
[02:14:40] 659.2, 125.0, 5.244
[02:14:41] 659.0, 124.9, 5.246
[02:14:42] 658.9, 125.1, 5.256
[02:14:43] 659.0, 125.0, 5.266
[02:14:44] 659.2, 124.9, 5.256
[02:14:45] 659.2, 125.1, 5.258
[02:14:46] 659.3, 125.0, 5.370
[02:14:47] 665.4, 125.0, 5.280
[02:14:48] 653.0, 125.1, 5.102
[02:14:49] 638.0, 125.1, 5.102
[02:14:50] 637.9, 125.0, 5.098
[02:14:51] 637.9, 125.1, 5.098
[02:14:52] 637.8, 125.1, 5.097
[02:14:53] 733.9, 125.1, 5.107
[02:14:54] 638.6, 125.1, 5.091
[02:14:55] 638.3, 125.1, 5.091
[02:14:56] 638.2, 125.1, 5.096
[02:14:57] 638.0, 125.0, 5.095
[02:14:58] 731.3, 125.1, 5.100
[02:14:59] 637.3, 125.2, 5.095
[02:15:00] 637.2, 125.0, 5.092
[02:15:01] 637.2, 125.2, 5.093
[02:15:02] 637.2, 125.1, 5.094
[02:15:03] 729.2, 125.1, 5.098
[02:15:04] 637.1, 125.1, 5.094
[02:15:05] 637.1, 125.1, 5.094
[02:15:06] 637.0, 125.1, 5.089
[02:15:07] 637.0, 125.1, 5.091
[02:15:08] 724.5, 125.1, 5.100
[02:15:09] 638.0, 125.1, 5.096
[02:15:10] 637.9, 125.1, 5.092
[02:15:11] 637.8, 125.2, 5.100
[02:15:12] 637.8, 125.1, 5.093
[02:15:13] 717.2, 125.2, 5.095
[02:15:14] 638.6, 125.1, 5.088
[02:15:15] 638.3, 125.2, 5.089
[02:15:16] 638.1, 125.1, 5.088
[02:15:17] 637.9, 125.2, 5.091
[02:15:18] 701.0, 125.1, 5.135
[02:15:19] 688.6, 125.1, 5.094
[02:15:20] 636.9, 125.1, 5.092
[02:15:21] 636.9, 125.2, 5.091
[02:15:22] 636.9, 125.1, 5.089
[02:15:23] 642.2, 124.6, 7.122
[02:15:24] 816.8, 125.1, 5.096
[02:15:25] 637.1, 125.1, 5.097
[02:15:26] 637.1, 125.0, 5.092
[02:15:27] 637.1, 125.0, 5.093
[02:15:28] 637.0, 124.5, 7.544
[02:15:29] 855.4, 124.9, 5.797
[02:15:30] 745.1, 125.1, 5.096
[02:15:31] 637.5, 125.1, 5.097
[02:15:32] 637.4, 125.1, 5.096
[02:15:33] 637.4, 125.1, 5.097
[02:15:34] 637.4, 124.5, 7.745
[02:15:35] 952.2, 124.6, 7.387
[02:15:36] 880.2, 125.1, 5.106
[02:15:37] 638.4, 125.2, 5.101
[02:15:38] 638.3, 125.1, 5.095
[02:15:39] 638.2, 125.1, 5.099
[02:15:40] 638.1, 124.7, 6.742
[02:15:41] 817.8, 124.4, 7.769
[02:15:42] 968.7, 124.4, 7.784
[02:15:43] 968.9, 124.6, 7.128
[02:15:44] 817.2, 125.0, 5.107
[02:15:45] 638.6, 125.1, 5.099
[02:15:46] 638.4, 125.1, 5.098
[02:15:47] 638.3, 125.1, 5.096
[02:15:48] 638.2, 124.5, 7.675
[02:15:49] 880.0, 124.5, 7.778
[02:15:50] 969.3, 124.4, 7.789
[02:15:51] 969.5, 124.5, 7.798
[02:15:52] 969.9, 124.5, 7.808
[02:15:53] 970.3, 124.4, 7.811
[02:15:54] 963.8, 125.2, 5.185
[02:15:55] 700.0, 125.0, 5.116
[02:15:56] 639.8, 125.1, 5.107
[02:15:57] 639.6, 125.1, 5.104
[02:15:58] 639.4, 125.1, 5.098
[02:15:59] 675.0, 124.5, 7.773
[02:16:00] 968.7, 124.5, 7.794
[02:16:01] 969.0, 124.3, 7.805
[02:16:02] 969.4, 124.4, 7.817
[02:16:03] 970.0, 124.3, 7.819
[02:16:04] 970.5, 124.3, 7.829
[02:16:05] 971.1, 124.4, 7.824
[02:16:06] 971.6, 124.4, 7.831
[02:16:07] 972.1, 124.4, 7.826
[02:16:08] 972.5, 124.4, 7.841
[02:16:09] 973.0, 124.5, 7.837
[02:16:10] 973.4, 125.0, 5.158
[02:16:11] 685.7, 125.0, 5.121
[02:16:12] 640.2, 125.2, 5.117
[02:16:13] 640.1, 125.1, 5.113
[02:16:14] 640.0, 125.1, 5.105
