<<<[07:37:28] 647.0, 124.0, 5.193
[07:37:29] 646.8, 124.1, 5.189
[07:37:30] 646.6, 124.1, 5.193
[07:37:31] 647.2, 124.0, 5.328
[07:37:32] 660.1, 124.1, 5.267
[07:37:33] 652.4, 124.1, 5.193
[07:37:34] 644.7, 124.1, 5.189
[07:37:35] 644.7, 124.2, 5.190
[07:37:36] 644.8, 124.3, 5.189
[07:37:37] 720.1, 124.2, 5.197
[07:37:38] 666.4, 124.2, 5.183
[07:37:39] 644.7, 124.2, 5.187
[07:37:40] 644.6, 124.2, 5.188
[07:37:41] 644.6, 124.1, 5.184
[07:37:42] 717.0, 124.2, 5.196
[07:37:43] 667.4, 124.0, 5.187
[07:37:44] 644.3, 124.1, 5.187
[07:37:45] 644.3, 124.1, 5.188
[07:37:46] 644.3, 124.2, 5.188
[07:37:47] 715.8, 124.1, 5.200
[07:37:48] 668.2, 124.2, 5.186
[07:37:49] 644.9, 124.2, 5.184
[07:37:50] 644.7, 124.2, 5.182
[07:37:51] 644.7, 124.2, 5.180
[07:37:52] 714.2, 124.1, 5.196
[07:37:53] 668.6, 124.2, 5.184
[07:37:54] 644.5, 124.3, 5.183
[07:37:55] 644.5, 124.2, 5.182
[07:37:56] 644.4, 124.2, 5.180
[07:37:57] 713.0, 124.2, 5.195
[07:37:58] 669.7, 124.2, 5.182
[07:37:59] 644.5, 124.2, 5.179
[07:38:00] 644.4, 124.2, 5.178
[07:38:01] 644.4, 124.2, 5.179
[07:38:02] 711.7, 124.3, 5.194
[07:38:03] 670.5, 124.2, 5.185
[07:38:04] 644.1, 124.2, 5.182
[07:38:05] 644.1, 124.2, 5.178
[07:38:06] 644.0, 124.2, 5.180
[07:38:07] 709.5, 124.2, 5.192
[07:38:08] 671.5, 124.3, 5.178
[07:38:09] 644.1, 124.3, 5.178
[07:38:10] 644.1, 124.2, 5.182
[07:38:11] 644.1, 124.2, 5.180
[07:38:12] 706.1, 124.1, 5.195
[07:38:13] 671.9, 124.2, 5.181
[07:38:14] 644.1, 124.2, 5.180
[07:38:15] 644.1, 124.2, 5.176
[07:38:16] 644.0, 124.1, 5.182
[07:38:17] 701.4, 124.2, 5.197
[07:38:18] 672.7, 124.2, 5.183
[07:38:19] 644.3, 124.2, 5.179
[07:38:20] 644.2, 124.1, 5.181
[07:38:21] 644.1, 124.1, 5.180
[07:38:22] 692.6, 124.2, 5.195
[07:38:23] 673.7, 124.2, 5.180
[07:38:24] 643.6, 124.1, 5.179
[07:38:25] 643.6, 124.1, 5.181
[07:38:26] 643.6, 124.1, 5.179
[07:38:27] 676.8, 124.1, 5.385
[07:38:28] 724.7, 124.1, 5.186
[07:38:29] 643.7, 124.2, 5.179
[07:38:30] 643.7, 124.2, 5.181
[07:38:31] 643.7, 124.0, 5.183
[07:38:32] 643.7, 123.7, 7.141
[07:38:33] 778.6, 124.2, 5.179
[07:38:34] 643.7, 124.2, 5.178
[07:38:35] 643.7, 124.2, 5.178
[07:38:36] 643.7, 124.2, 5.175
[07:38:37] 643.7, 123.6, 7.404
[07:38:38] 837.4, 124.2, 5.199
[07:38:39] 676.8, 124.3, 5.181
[07:38:40] 644.1, 124.2, 5.177
[07:38:41] 644.0, 124.3, 5.173
[07:38:42] 644.0, 124.2, 5.174
[07:38:43] 679.4, 123.6, 7.554
[07:38:44] 935.7, 124.2, 5.430
[07:38:45] 728.4, 124.2, 5.185
[07:38:46] 644.7, 124.3, 5.181
[07:38:47] 644.6, 124.2, 5.178
[07:38:48] 644.5, 124.1, 5.179
[07:38:49] 644.5, 123.6, 7.553
[07:38:50] 935.1, 123.5, 7.586
[07:38:51] 935.5, 123.6, 7.230
[07:38:52] 791.0, 124.2, 5.196
[07:38:53] 645.7, 124.1, 5.187
[07:38:54] 645.5, 124.2, 5.183
[07:38:55] 645.5, 124.2, 5.183
[07:38:56] 645.5, 123.5, 7.508
[07:38:57] 867.0, 123.5, 7.584
[07:38:58] 938.6, 123.6, 7.599
[07:38:59] 938.8, 123.5, 7.601
[07:39:00] 939.0, 123.6, 7.602
[07:39:01] 915.4, 124.2, 5.208
[07:39:02] 647.3, 124.2, 5.213
[07:39:03] 647.4, 124.1, 5.209
[07:39:04] 647.4, 124.1, 5.203
[07:39:05] 647.3, 124.1, 5.200
[07:39:06] 730.8, 123.6, 7.578
[07:39:07] 938.4, 123.6, 7.598
[07:39:08] 938.6, 123.5, 7.604
[07:39:09] 938.9, 123.5, 7.615
[07:39:10] 939.3, 123.4, 7.628
[07:39:11] 939.8, 123.6, 7.618
[07:39:12] 940.3, 123.6, 7.627
[07:39:13] 940.8, 123.7, 7.630
[07:39:14] 941.4, 123.6, 7.631
[07:39:15] 916.8, 124.2, 5.215
[07:39:16] 648.5, 124.3, 5.203
[07:39:17] 648.3, 124.3, 5.195
[07:39:18] 648.1, 124.2, 5.191
[07:39:19] 647.8, 124.1, 5.193
[07:39:20] 749.6, 123.5, 7.597
[07:39:21] 940.0, 123.5, 7.611
[07:39:22] 940.2, 123.6, 7.611
[07:39:23] 940.5, 123.6, 7.625
[07:39:24] 940.9, 123.6, 7.631
[07:39:25] 941.3, 123.5, 7.631
[07:39:26] 941.7, 123.5, 7.632
[07:39:27] 942.1, 123.5, 7.637
[07:39:28] 942.4, 123.6, 7.640
[07:39:29] 942.9, 123.6, 7.650
[07:39:30] 943.4, 123.6, 7.649
[07:39:31] 943.8, 123.5, 7.650
[07:39:32] 944.1, 123.5, 7.647
[07:39:33] 944.4, 123.6, 7.641
[07:39:34] 944.6, 123.7, 7.643
[07:39:35] 944.7, 123.6, 7.642
[07:39:36] 944.9, 123.7, 7.641
[07:39:37] 945.0, 123.7, 7.566
[07:39:38] 813.4, 124.1, 5.331
[07:39:39] 662.8, 124.2, 5.319
[07:39:40] 662.6, 124.2, 5.313
[07:39:41] 662.3, 124.1, 5.201
