<<<[18:06:48] 639.2, 122.8, 5.178
[18:06:49] 638.9, 122.8, 5.184
[18:06:50] 638.7, 122.7, 5.336
[18:06:51] 651.2, 122.9, 5.325
[18:06:52] 651.6, 122.8, 5.383
[18:06:53] 652.1, 122.7, 5.316
[18:06:54] 652.2, 122.8, 5.210
[18:06:55] 643.0, 122.7, 5.189
[18:06:56] 637.8, 122.8, 5.185
[18:06:57] 637.7, 122.8, 5.183
[18:06:58] 637.7, 122.7, 5.187
[18:06:59] 637.7, 122.3, 7.179
[18:07:00] 732.7, 122.8, 5.182
[18:07:01] 636.9, 122.7, 5.182
[18:07:02] 636.8, 122.7, 5.185
[18:07:03] 636.8, 122.6, 5.184
[18:07:04] 636.8, 122.3, 7.184
[18:07:05] 730.8, 122.7, 5.185
[18:07:06] 637.1, 122.7, 5.185
[18:07:07] 637.1, 122.8, 5.206
[18:07:08] 637.2, 122.7, 5.208
[18:07:09] 637.3, 122.3, 7.180
[18:07:10] 730.0, 122.9, 5.181
[18:07:11] 637.1, 122.8, 5.181
[18:07:12] 637.1, 122.8, 5.184
[18:07:13] 637.1, 122.7, 5.184
[18:07:14] 637.0, 122.2, 7.173
[18:07:15] 729.2, 122.8, 5.180
[18:07:16] 637.1, 122.8, 5.180
[18:07:17] 637.0, 122.8, 5.181
[18:07:18] 637.0, 122.9, 5.177
[18:07:19] 637.0, 122.4, 7.175
[18:07:20] 728.0, 122.8, 5.183
[18:07:21] 637.3, 122.9, 5.178
[18:07:22] 637.2, 122.8, 5.178
[18:07:23] 637.2, 122.8, 5.179
[18:07:24] 637.2, 122.3, 7.164
[18:07:25] 725.4, 122.9, 5.202
[18:07:26] 637.8, 122.9, 5.173
[18:07:27] 637.5, 122.8, 5.173
[18:07:28] 637.4, 122.8, 5.196
[18:07:29] 637.4, 122.4, 7.159
[18:07:30] 720.5, 122.9, 5.176
[18:07:31] 636.7, 122.9, 5.176
[18:07:32] 636.7, 123.0, 5.170
[18:07:33] 636.7, 123.0, 5.168
[18:07:34] 636.7, 122.4, 7.195
[18:07:35] 759.5, 123.0, 5.172
[18:07:36] 636.9, 122.9, 5.171
[18:07:37] 636.8, 122.9, 5.175
[18:07:38] 636.8, 123.0, 5.170
[18:07:39] 636.8, 122.3, 7.139
[18:07:40] 791.2, 122.9, 5.176
[18:07:41] 636.7, 122.8, 5.177
[18:07:42] 636.7, 122.9, 5.175
[18:07:43] 636.7, 122.9, 5.200
[18:07:44] 636.8, 122.9, 5.198
[18:07:45] 753.0, 122.7, 5.692
[18:07:46] 738.2, 122.8, 5.182
[18:07:47] 637.1, 122.8, 5.178
[18:07:48] 637.1, 122.7, 5.178
[18:07:49] 637.0, 122.9, 5.179
[18:07:50] 637.0, 122.1, 7.806
[18:07:51] 929.8, 122.8, 5.227
[18:07:52] 687.3, 122.9, 5.182
[18:07:53] 637.1, 122.8, 5.177
[18:07:54] 637.0, 122.9, 5.178
[18:07:55] 637.0, 122.8, 5.183
[18:07:56] 669.7, 122.1, 7.816
[18:07:57] 957.1, 122.2, 7.842
[18:07:58] 879.8, 122.8, 5.190
[18:07:59] 637.8, 122.8, 5.182
[18:08:00] 637.7, 122.8, 5.178
[18:08:01] 637.6, 122.9, 5.177
[18:08:02] 637.5, 122.8, 5.174
[18:08:03] 771.3, 122.2, 7.830
[18:08:04] 958.7, 122.3, 7.847
[18:08:05] 958.9, 122.1, 7.859
[18:08:06] 958.5, 122.9, 5.248
[18:08:07] 692.4, 122.9, 5.195
[18:08:08] 639.2, 123.0, 5.185
[18:08:09] 639.0, 122.9, 5.181
[18:08:10] 638.9, 123.0, 5.178
[18:08:11] 662.1, 122.2, 7.820
[18:08:12] 957.9, 122.3, 7.846
[18:08:13] 958.2, 122.2, 7.861
[18:08:14] 958.7, 122.2, 7.867
[18:08:15] 959.3, 122.1, 7.878
[18:08:16] 959.8, 122.1, 7.887
[18:08:17] 960.4, 122.2, 7.889
[18:08:18] 890.6, 122.8, 5.212
[18:08:19] 641.0, 122.8, 5.202
[18:08:20] 640.8, 122.8, 5.193
[18:08:21] 640.5, 122.8, 5.189
[18:08:22] 640.2, 122.9, 5.187
[18:08:23] 764.0, 122.2, 7.846
[18:08:24] 960.5, 122.2, 7.855
[18:08:25] 960.6, 122.3, 7.872
[18:08:26] 961.0, 122.1, 7.878
[18:08:27] 961.4, 122.3, 7.885
[18:08:28] 961.8, 122.2, 7.888
[18:08:29] 962.3, 122.2, 7.890
[18:08:30] 962.8, 122.2, 7.889
[18:08:31] 963.2, 122.3, 7.900
[18:08:32] 963.7, 122.2, 7.900
[18:08:33] 964.1, 122.3, 7.898
[18:08:34] 964.5, 122.1, 7.906
[18:08:35] 964.8, 122.2, 7.903
[18:08:36] 956.7, 122.8, 5.231
[18:08:37] 643.2, 122.8, 5.214
[18:08:38] 643.0, 122.9, 5.204
[18:08:39] 642.6, 122.9, 5.198
