<<<[19:55:13] 640.7, 123.0, 5.183
[19:55:14] 640.3, 122.9, 5.185
[19:55:15] 639.9, 122.8, 5.330
[19:55:16] 651.0, 122.8, 5.306
[19:55:17] 651.2, 122.9, 5.341
[19:55:18] 651.7, 123.0, 5.287
[19:55:19] 651.3, 122.9, 5.182
[19:55:20] 637.8, 122.9, 5.183
[19:55:21] 637.8, 123.0, 5.183
[19:55:22] 637.8, 122.8, 5.184
[19:55:23] 637.7, 122.6, 6.126
[19:55:24] 732.3, 122.8, 5.179
[19:55:25] 637.1, 122.8, 5.177
[19:55:26] 637.0, 122.9, 5.180
[19:55:27] 637.0, 122.9, 5.180
[19:55:28] 637.1, 122.7, 5.946
[19:55:29] 730.8, 122.9, 5.178
[19:55:30] 636.9, 122.9, 5.173
[19:55:31] 636.8, 123.0, 5.174
[19:55:32] 636.8, 122.9, 5.173
[19:55:33] 636.8, 122.6, 5.824
[19:55:34] 730.6, 123.0, 5.182
[19:55:35] 637.6, 122.9, 5.181
[19:55:36] 637.5, 123.0, 5.174
[19:55:37] 637.5, 123.0, 5.175
[19:55:38] 637.4, 122.7, 5.670
[19:55:39] 730.0, 123.0, 5.179
[19:55:40] 637.3, 123.1, 5.175
[19:55:41] 637.2, 122.9, 5.174
[19:55:42] 637.2, 122.9, 5.173
[19:55:43] 637.1, 122.8, 5.488
[19:55:44] 729.0, 123.0, 5.179
[19:55:45] 637.3, 122.9, 5.176
[19:55:46] 637.2, 122.9, 5.178
[19:55:47] 637.2, 123.0, 5.176
[19:55:48] 637.1, 122.8, 5.286
[19:55:49] 727.8, 122.9, 5.177
[19:55:50] 637.8, 123.0, 5.176
[19:55:51] 637.7, 123.0, 5.175
[19:55:52] 637.6, 122.9, 5.175
[19:55:53] 637.5, 122.9, 5.174
[19:55:54] 725.2, 123.0, 5.179
[19:55:55] 636.9, 122.9, 5.180
[19:55:56] 636.9, 122.9, 5.180
[19:55:57] 636.9, 122.8, 5.179
[19:55:58] 636.9, 122.9, 5.176
[19:55:59] 720.3, 122.8, 5.184
[19:56:00] 636.9, 122.9, 5.179
[19:56:01] 636.9, 123.0, 5.178
[19:56:02] 636.8, 122.8, 5.176
[19:56:03] 636.8, 122.9, 5.177
[19:56:04] 733.1, 122.9, 5.195
[19:56:05] 665.2, 122.9, 5.179
[19:56:06] 637.1, 122.9, 5.176
[19:56:07] 637.0, 123.0, 5.177
[19:56:08] 637.0, 122.8, 5.176
[19:56:09] 714.8, 122.9, 5.381
[19:56:10] 715.0, 122.8, 5.178
[19:56:11] 637.8, 122.9, 5.178
[19:56:12] 637.8, 122.9, 5.178
[19:56:13] 637.9, 122.9, 5.179
[19:56:14] 658.5, 122.6, 7.168
[19:56:15] 787.2, 123.0, 5.180
[19:56:16] 637.3, 122.9, 5.175
[19:56:17] 637.2, 123.0, 5.178
[19:56:18] 637.2, 123.0, 5.173
[19:56:19] 637.1, 122.3, 7.592
[19:56:20] 850.2, 122.9, 5.422
[19:56:21] 725.0, 122.9, 5.184
[19:56:22] 637.6, 122.9, 5.177
[19:56:23] 637.5, 123.0, 5.177
[19:56:24] 637.4, 122.9, 5.175
[19:56:25] 637.3, 122.2, 7.749
[19:56:26] 924.0, 122.3, 7.783
[19:56:27] 911.6, 122.9, 5.193
[19:56:28] 638.6, 123.0, 5.183
[19:56:29] 638.4, 123.0, 5.180
[19:56:30] 638.3, 122.9, 5.178
[19:56:31] 638.3, 123.0, 5.179
[19:56:32] 759.5, 122.3, 7.773
[19:56:33] 952.2, 122.3, 7.792
[19:56:34] 952.5, 122.4, 7.794
[19:56:35] 918.5, 123.0, 5.195
[19:56:36] 639.0, 123.0, 5.187
[19:56:37] 638.9, 123.0, 5.181
[19:56:38] 638.7, 123.0, 5.177
[19:56:39] 638.6, 123.0, 5.180
[19:56:40] 747.3, 122.3, 7.776
[19:56:41] 952.8, 122.3, 7.791
[19:56:42] 953.0, 122.3, 7.807
[19:56:43] 953.3, 122.3, 7.815
[19:56:44] 953.8, 122.2, 7.825
[19:56:45] 954.3, 122.3, 7.820
[19:56:46] 929.2, 123.0, 5.214
[19:56:47] 641.0, 123.0, 5.203
[19:56:48] 640.8, 122.9, 5.196
[19:56:49] 640.6, 122.9, 5.190
[19:56:50] 640.4, 123.0, 5.182
[19:56:51] 722.9, 122.4, 7.781
[19:56:52] 953.4, 122.4, 7.791
[19:56:53] 953.6, 122.4, 7.806
[19:56:54] 953.9, 122.3, 7.817
[19:56:55] 954.4, 122.3, 7.816
[19:56:56] 954.8, 122.3, 7.824
[19:56:57] 955.2, 122.4, 7.827
[19:56:58] 955.7, 122.3, 7.833
[19:56:59] 956.1, 122.3, 7.841
[19:57:00] 956.6, 122.3, 7.838
[19:57:01] 957.0, 122.3, 7.844
[19:57:02] 957.4, 122.2, 7.847
[19:57:03] 920.9, 122.8, 5.227
[19:57:04] 643.0, 123.0, 5.213
[19:57:05] 642.7, 122.9, 5.204
[19:57:06] 642.4, 122.9, 5.201
[19:57:07] 642.0, 122.9, 5.197
