<<<[12:27:41] 640.3, 122.7, 5.207
[12:27:42] 640.2, 122.6, 5.211
[12:27:43] 640.1, 122.6, 5.391
[12:27:44] 653.6, 122.6, 5.360
[12:27:45] 658.9, 122.7, 5.360
[12:27:46] 658.8, 122.6, 5.211
[12:27:47] 642.0, 122.8, 5.206
[12:27:48] 641.7, 122.7, 5.206
[12:27:49] 641.4, 122.8, 5.204
[12:27:50] 641.2, 122.7, 5.205
[12:27:51] 641.0, 122.6, 6.106
[12:27:52] 734.9, 122.7, 5.202
[12:27:53] 639.2, 122.8, 5.199
[12:27:54] 639.1, 122.7, 5.203
[12:27:55] 639.2, 122.8, 5.247
[12:27:56] 639.8, 122.6, 6.195
[12:27:57] 737.6, 122.8, 5.237
[12:27:58] 644.1, 122.8, 5.239
[12:27:59] 644.0, 122.7, 5.248
[12:28:00] 644.1, 122.8, 5.249
[12:28:01] 644.2, 122.6, 6.278
[12:28:02] 738.6, 122.7, 5.253
[12:28:03] 645.1, 122.8, 5.251
[12:28:04] 645.1, 122.7, 5.246
[12:28:05] 645.0, 122.8, 5.251
[12:28:06] 645.0, 122.7, 6.354
[12:28:07] 738.4, 122.8, 5.250
[12:28:08] 644.9, 122.7, 5.246
[12:28:09] 644.8, 122.8, 5.245
[12:28:10] 644.8, 122.7, 5.249
[12:28:11] 644.8, 122.5, 6.419
[12:28:12] 736.3, 122.7, 5.254
[12:28:13] 644.9, 122.6, 5.249
[12:28:14] 644.8, 122.7, 5.248
[12:28:15] 644.8, 122.7, 5.247
[12:28:16] 644.7, 122.4, 6.500
[12:28:17] 733.9, 122.6, 5.250
[12:28:18] 644.5, 122.7, 5.252
[12:28:19] 644.5, 122.7, 5.249
[12:28:20] 644.5, 122.6, 5.249
[12:28:21] 644.5, 122.5, 6.572
[12:28:22] 728.4, 122.7, 5.249
[12:28:23] 644.7, 122.6, 5.249
[12:28:24] 644.6, 122.7, 5.251
[12:28:25] 644.6, 122.7, 5.245
[12:28:26] 644.5, 122.1, 7.261
[12:28:27] 768.2, 122.7, 5.250
[12:28:28] 644.9, 122.6, 5.246
[12:28:29] 644.8, 122.6, 5.246
[12:28:30] 644.7, 122.7, 5.248
[12:28:31] 644.7, 122.1, 7.491
[12:28:32] 797.5, 122.7, 5.254
[12:28:33] 644.9, 122.8, 5.245
[12:28:34] 644.8, 122.8, 5.244
[12:28:35] 644.8, 122.8, 5.245
[12:28:36] 644.7, 122.5, 5.679
[12:28:37] 785.5, 122.7, 5.400
[12:28:38] 718.9, 122.7, 5.251
[12:28:39] 645.1, 122.7, 5.248
[12:28:40] 645.0, 122.7, 5.250
[12:28:41] 644.9, 122.6, 5.246
[12:28:42] 672.5, 122.0, 7.731
[12:28:43] 904.6, 122.7, 5.259
[12:28:44] 645.3, 122.6, 5.258
[12:28:45] 645.2, 122.6, 5.251
[12:28:46] 645.2, 122.7, 5.245
[12:28:47] 645.0, 122.7, 5.247
[12:28:48] 737.6, 122.0, 7.743
[12:28:49] 945.9, 122.3, 7.097
[12:28:50] 786.7, 122.5, 5.265
[12:28:51] 645.9, 122.7, 5.256
[12:28:52] 645.8, 122.6, 5.257
[12:28:53] 645.7, 122.5, 5.254
[12:28:54] 645.6, 122.0, 7.679
[12:28:55] 872.9, 122.0, 7.752
[12:28:56] 947.3, 121.9, 7.768
[12:28:57] 947.4, 122.1, 7.386
[12:28:58] 845.9, 122.7, 5.273
[12:28:59] 647.3, 122.6, 5.268
[12:29:00] 647.1, 122.7, 5.265
[12:29:01] 647.0, 122.7, 5.278
[12:29:02] 646.9, 122.0, 7.518
[12:29:03] 842.6, 122.0, 7.762
[12:29:04] 948.1, 122.0, 7.771
[12:29:05] 948.2, 121.9, 7.783
[12:29:06] 948.5, 122.0, 7.795
[12:29:07] 948.9, 122.0, 7.802
[12:29:08] 949.4, 122.0, 7.794
[12:29:09] 911.1, 122.5, 5.288
[12:29:10] 648.7, 122.6, 5.278
[12:29:11] 648.6, 122.7, 5.270
[12:29:12] 648.3, 122.6, 5.266
[12:29:13] 648.1, 122.6, 5.276
[12:29:14] 784.1, 122.0, 7.768
[12:29:15] 948.7, 121.9, 7.776
[12:29:16] 948.8, 121.9, 7.789
[12:29:17] 949.2, 121.9, 7.802
[12:29:18] 949.6, 121.9, 7.807
[12:29:19] 950.0, 122.0, 7.804
[12:29:20] 950.4, 122.0, 7.804
[12:29:21] 950.9, 122.0, 7.805
[12:29:22] 951.2, 122.0, 7.813
[12:29:23] 951.6, 122.0, 7.814
[12:29:24] 952.0, 121.9, 7.821
[12:29:25] 952.4, 122.0, 7.821
[12:29:26] 930.0, 122.7, 5.300
[12:29:27] 650.4, 122.6, 5.283
[12:29:28] 650.1, 122.6, 5.276
[12:29:29] 649.8, 122.6, 5.277
