<<<[22:59:07] 640.1, 123.8, 5.146
[22:59:08] 639.8, 123.8, 5.145
[22:59:09] 639.6, 123.7, 5.303
[22:59:10] 654.6, 123.8, 5.159
[22:59:11] 642.4, 123.7, 5.151
[22:59:12] 641.9, 123.7, 5.176
[22:59:13] 641.6, 123.9, 5.170
[22:59:14] 641.3, 123.9, 5.179
[22:59:15] 641.1, 123.6, 6.873
[22:59:16] 733.3, 123.8, 5.153
[22:59:17] 638.2, 123.8, 5.150
[22:59:18] 638.1, 123.7, 5.151
[22:59:19] 638.1, 123.8, 5.147
[22:59:20] 638.0, 123.5, 6.904
[22:59:21] 732.1, 123.8, 5.149
[22:59:22] 638.0, 123.8, 5.156
[22:59:23] 638.0, 123.9, 5.147
[22:59:24] 637.9, 123.9, 5.148
[22:59:25] 637.9, 123.6, 6.933
[22:59:26] 731.9, 123.8, 5.144
[22:59:27] 638.0, 123.8, 5.146
[22:59:28] 637.9, 123.9, 5.147
[22:59:29] 637.9, 123.9, 5.145
[22:59:30] 637.8, 123.6, 6.954
[22:59:31] 731.5, 123.9, 5.151
[22:59:32] 637.8, 123.8, 5.145
[22:59:33] 637.7, 123.9, 5.145
[22:59:34] 637.7, 123.9, 5.145
[22:59:35] 637.7, 123.5, 6.977
[22:59:36] 730.9, 123.9, 5.146
[22:59:37] 637.8, 123.9, 5.152
[22:59:38] 637.7, 123.9, 5.144
[22:59:39] 637.7, 124.0, 5.142
[22:59:40] 637.7, 123.6, 7.010
[22:59:41] 730.6, 123.9, 5.149
[22:59:42] 637.6, 123.8, 5.140
[22:59:43] 637.5, 123.8, 5.151
[22:59:44] 637.5, 123.8, 5.145
[22:59:45] 637.5, 123.4, 7.044
[22:59:46] 729.8, 123.8, 5.151
[22:59:47] 637.6, 123.9, 5.149
[22:59:48] 637.6, 123.9, 5.152
[22:59:49] 637.6, 123.9, 5.148
[22:59:50] 637.6, 123.4, 7.058
[22:59:51] 727.6, 123.9, 5.148
[22:59:52] 638.0, 123.7, 5.152
[22:59:53] 637.9, 123.8, 5.146
[22:59:54] 637.9, 123.8, 5.154
[22:59:55] 637.8, 123.3, 7.088
[22:59:56] 725.4, 123.7, 5.156
[22:59:57] 638.2, 123.8, 5.144
[22:59:58] 638.1, 123.8, 5.142
[22:59:59] 638.0, 123.9, 5.144
[23:00:00] 637.9, 123.4, 7.103
[23:00:01] 719.9, 123.8, 5.148
[23:00:02] 637.6, 123.9, 5.149
[23:00:03] 637.5, 123.9, 5.149
[23:00:04] 637.5, 123.9, 5.146
[23:00:05] 637.5, 123.3, 7.162
[23:00:06] 758.3, 123.8, 5.152
[23:00:07] 637.8, 123.9, 5.150
[23:00:08] 637.8, 123.9, 5.147
[23:00:09] 637.7, 123.9, 5.146
[23:00:10] 637.7, 123.3, 7.254
[23:00:11] 786.9, 123.8, 5.162
[23:00:12] 638.2, 123.8, 5.170
[23:00:13] 638.2, 123.9, 5.165
[23:00:14] 638.3, 123.9, 5.145
[23:00:15] 638.2, 123.9, 5.147
[23:00:16] 753.8, 123.9, 5.416
[23:00:17] 729.0, 123.9, 5.150
[23:00:18] 637.6, 123.9, 5.150
[23:00:19] 637.6, 123.9, 5.151
[23:00:20] 637.6, 123.8, 5.153
[23:00:21] 637.6, 123.2, 7.691
[23:00:22] 920.7, 123.8, 5.436
[23:00:23] 726.2, 123.8, 5.155
[23:00:24] 638.6, 123.8, 5.151
[23:00:25] 638.5, 123.9, 5.148
[23:00:26] 638.4, 123.8, 5.152
[23:00:27] 638.4, 123.2, 7.703
[23:00:28] 944.5, 123.3, 7.733
[23:00:29] 944.6, 123.9, 5.188
[23:00:30] 676.8, 123.9, 5.163
[23:00:31] 639.2, 123.9, 5.158
[23:00:32] 639.1, 123.9, 5.153
[23:00:33] 639.0, 123.9, 5.150
[23:00:34] 677.6, 123.3, 7.713
[23:00:35] 952.8, 123.3, 7.735
[23:00:36] 953.1, 123.2, 7.748
[23:00:37] 953.5, 123.2, 7.752
[23:00:38] 916.6, 123.8, 5.182
[23:00:39] 641.0, 123.9, 5.167
[23:00:40] 640.9, 123.9, 5.159
[23:00:41] 640.6, 123.9, 5.158
[23:00:42] 640.4, 123.9, 5.160
[23:00:43] 772.1, 123.2, 7.730
[23:00:44] 954.8, 123.2, 7.743
[23:00:45] 954.9, 123.2, 7.751
[23:00:46] 955.2, 123.3, 7.758
[23:00:47] 955.6, 123.4, 7.759
[23:00:48] 956.0, 123.3, 7.763
[23:00:49] 956.4, 123.3, 7.776
[23:00:50] 956.4, 123.9, 5.490
[23:00:51] 731.3, 123.9, 5.178
[23:00:52] 641.4, 123.8, 5.173
[23:00:53] 641.3, 123.9, 5.169
[23:00:54] 641.1, 124.0, 5.163
[23:00:55] 649.7, 123.3, 7.725
[23:00:56] 954.4, 123.3, 7.746
[23:00:57] 954.6, 123.3, 7.761
[23:00:58] 955.1, 123.2, 7.765
[23:00:59] 955.6, 123.2, 7.772
[23:01:00] 956.0, 123.3, 7.769
[23:01:01] 956.5, 123.3, 7.774
[23:01:02] 957.0, 123.3, 7.784
[23:01:03] 957.5, 123.3, 7.787
[23:01:04] 957.9, 123.3, 7.790
[23:01:05] 958.3, 123.2, 7.782
[23:01:06] 958.7, 123.2, 7.787
[23:01:07] 959.0, 123.2, 7.787
[23:01:08] 959.3, 123.2, 7.788
[23:01:09] 959.6, 123.3, 7.791
[23:01:10] 882.1, 123.9, 5.205
[23:01:11] 643.7, 124.0, 5.186
[23:01:12] 643.5, 124.0, 5.180
[23:01:13] 643.2, 123.9, 5.172
