<<<[10:47:13] 660.8, 122.7, 5.376
[10:47:14] 660.1, 122.7, 5.266
[10:47:15] 647.1, 122.6, 5.554
[10:47:16] 670.5, 122.8, 5.457
[10:47:17] 670.7, 122.8, 5.472
[10:47:18] 671.2, 122.7, 5.445
[10:47:19] 671.1, 122.8, 5.478
[10:47:20] 671.3, 122.7, 5.462
[10:47:21] 671.2, 122.7, 5.471
[10:47:22] 671.6, 122.8, 5.435
[10:47:23] 671.9, 122.7, 5.528
[10:47:24] 672.3, 122.8, 5.471
[10:47:25] 672.3, 122.7, 5.494
[10:47:26] 671.7, 122.8, 5.400
[10:47:27] 665.4, 122.8, 5.417
[10:47:28] 665.2, 122.7, 5.408
[10:47:29] 665.5, 122.8, 5.429
[10:47:30] 665.4, 122.8, 5.397
[10:47:31] 665.6, 122.8, 5.404
[10:47:32] 666.0, 122.8, 5.412
[10:47:33] 665.8, 122.7, 5.406
[10:47:34] 665.9, 122.8, 5.397
[10:47:35] 665.7, 122.6, 5.421
[10:47:36] 665.7, 122.7, 5.401
[10:47:37] 666.3, 122.8, 5.534
[10:47:38] 672.3, 122.7, 5.409
[10:47:39] 663.2, 122.8, 5.414
[10:47:40] 663.3, 122.7, 5.395
[10:47:41] 663.3, 122.8, 5.404
[10:47:42] 663.7, 122.8, 5.396
[10:47:43] 663.6, 122.8, 5.403
[10:47:44] 663.8, 122.8, 5.400
[10:47:45] 664.1, 122.8, 5.413
[10:47:46] 664.6, 122.8, 5.391
[10:47:47] 664.5, 122.8, 5.397
[10:47:48] 664.4, 122.7, 5.398
[10:47:49] 664.7, 122.8, 5.401
[10:47:50] 664.6, 122.8, 5.467
[10:47:51] 664.6, 122.7, 5.400
[10:47:52] 664.4, 122.8, 5.504
[10:47:53] 677.4, 122.8, 5.498
[10:47:54] 677.0, 122.8, 5.447
[10:47:55] 671.3, 122.8, 5.460
[10:47:56] 671.1, 122.8, 5.442
[10:47:57] 670.8, 122.8, 5.407
[10:47:58] 664.4, 122.9, 5.404
[10:47:59] 664.4, 122.8, 5.326
[10:48:00] 663.7, 122.8, 5.264
[10:48:01] 646.5, 122.9, 5.266
[10:48:02] 646.5, 122.8, 5.259
[10:48:03] 646.5, 122.9, 5.260
[10:48:04] 646.5, 122.4, 7.297
[10:48:05] 748.7, 123.0, 5.257
[10:48:06] 646.1, 122.9, 5.246
[10:48:07] 646.0, 122.9, 5.258
[10:48:08] 646.0, 122.9, 5.252
[10:48:09] 646.0, 122.5, 6.207
[10:48:10] 775.0, 122.9, 5.254
[10:48:11] 645.7, 122.9, 5.256
[10:48:12] 645.7, 122.9, 5.253
[10:48:13] 645.7, 122.9, 5.254
[10:48:14] 645.6, 122.8, 5.250
[10:48:15] 734.9, 122.8, 5.630
[10:48:16] 745.9, 122.9, 5.261
[10:48:17] 646.3, 122.9, 5.253
[10:48:18] 646.2, 122.9, 5.252
[10:48:19] 646.1, 122.9, 5.274
[10:48:20] 646.2, 122.2, 7.818
[10:48:21] 913.2, 122.8, 5.666
[10:48:22] 741.0, 122.9, 5.259
[10:48:23] 646.3, 122.8, 5.256
[10:48:24] 646.3, 122.8, 5.253
[10:48:25] 646.2, 122.9, 5.257
[10:48:26] 646.2, 122.2, 7.802
[10:48:27] 951.2, 122.1, 7.825
[10:48:28] 936.4, 122.8, 5.275
[10:48:29] 646.9, 122.8, 5.265
[10:48:30] 646.8, 122.8, 5.256
[10:48:31] 646.7, 122.9, 5.261
[10:48:32] 646.7, 122.8, 5.247
[10:48:33] 727.4, 122.2, 7.815
[10:48:34] 956.1, 122.2, 7.827
[10:48:35] 956.3, 122.2, 7.836
[10:48:36] 956.6, 122.8, 5.770
[10:48:37] 756.7, 122.9, 5.273
[10:48:38] 647.9, 122.9, 5.262
[10:48:39] 647.7, 122.8, 5.255
[10:48:40] 647.6, 122.9, 5.257
[10:48:41] 647.4, 122.2, 7.825
[10:48:42] 904.0, 122.1, 7.865
[10:48:43] 962.0, 122.2, 7.879
[10:48:44] 962.1, 122.1, 7.879
[10:48:45] 962.3, 122.1, 7.884
[10:48:46] 962.7, 122.2, 7.892
[10:48:47] 963.0, 122.0, 7.903
[10:48:48] 963.3, 122.6, 5.856
[10:48:49] 754.2, 122.8, 5.284
[10:48:50] 649.1, 122.7, 5.275
[10:48:51] 648.9, 122.8, 5.267
[10:48:52] 648.7, 122.7, 5.261
[10:48:53] 648.5, 122.2, 7.817
[10:48:54] 940.0, 122.2, 7.838
[10:48:55] 959.1, 122.0, 7.858
[10:48:56] 959.2, 122.2, 7.858
[10:48:57] 959.5, 122.2, 7.861
[10:48:58] 959.7, 122.1, 7.860
[10:48:59] 960.0, 122.2, 7.863
[10:49:00] 960.4, 122.1, 7.874
[10:49:01] 960.7, 122.1, 7.883
[10:49:02] 961.1, 122.2, 7.880
[10:49:03] 961.4, 122.1, 7.884
[10:49:04] 961.7, 122.1, 7.881
[10:49:05] 962.0, 122.2, 7.868
[10:49:06] 962.3, 122.2, 7.878
[10:49:07] 905.3, 122.8, 5.403
[10:49:08] 664.2, 122.7, 5.391
[10:49:09] 664.0, 122.7, 5.386
[10:49:10] 657.1, 122.9, 5.272
