<<<[11:10:50] 643.5, 122.6, 5.217
[11:10:51] 643.2, 122.7, 5.210
[11:10:52] 642.8, 122.7, 5.209
[11:10:53] 643.3, 122.7, 5.358
[11:10:54] 663.0, 122.6, 5.420
[11:10:55] 663.1, 122.7, 5.404
[11:10:56] 663.3, 122.7, 5.464
[11:10:57] 670.7, 122.7, 5.425
[11:10:58] 670.1, 122.6, 5.379
[11:10:59] 664.0, 122.6, 5.439
[11:11:00] 664.1, 122.7, 5.418
[11:11:01] 664.3, 122.6, 5.413
[11:11:02] 664.4, 122.5, 5.350
[11:11:03] 657.7, 122.5, 5.348
[11:11:04] 657.7, 122.6, 5.348
[11:11:05] 657.7, 122.6, 5.347
[11:11:06] 657.7, 122.5, 5.426
[11:11:07] 658.2, 122.5, 5.399
[11:11:08] 658.1, 122.5, 5.353
[11:11:09] 658.2, 122.6, 5.348
[11:11:10] 658.1, 122.7, 5.348
[11:11:11] 658.4, 122.6, 5.470
[11:11:12] 664.0, 122.6, 5.345
[11:11:13] 657.3, 122.6, 5.343
[11:11:14] 657.1, 122.7, 5.364
[11:11:15] 657.4, 122.6, 5.342
[11:11:16] 657.4, 122.7, 5.339
[11:11:17] 657.2, 122.7, 5.441
[11:11:18] 657.8, 122.8, 5.335
[11:11:19] 657.7, 122.7, 5.343
[11:11:20] 657.5, 122.6, 5.346
[11:11:21] 657.7, 122.7, 5.334
[11:11:22] 657.5, 122.7, 5.338
[11:11:23] 657.5, 122.6, 5.442
[11:11:24] 669.3, 122.7, 5.425
[11:11:25] 668.7, 122.6, 5.385
[11:11:26] 661.3, 122.6, 5.348
[11:11:27] 660.8, 122.7, 5.347
[11:11:28] 660.8, 122.7, 5.241
[11:11:29] 644.7, 122.8, 5.216
[11:11:30] 644.3, 122.7, 5.200
[11:11:31] 639.2, 122.8, 5.204
[11:11:32] 639.2, 122.7, 5.203
[11:11:33] 639.3, 122.7, 5.731
[11:11:34] 737.2, 122.7, 5.199
[11:11:35] 638.6, 122.7, 5.205
[11:11:36] 638.6, 122.8, 5.196
[11:11:37] 638.6, 122.7, 5.193
[11:11:38] 638.6, 122.2, 7.222
[11:11:39] 756.3, 122.7, 5.201
[11:11:40] 639.0, 122.8, 5.199
[11:11:41] 638.9, 122.7, 5.202
[11:11:42] 638.9, 122.7, 5.199
[11:11:43] 638.9, 122.2, 7.120
[11:11:44] 803.4, 122.7, 5.207
[11:11:45] 640.2, 122.7, 5.204
[11:11:46] 640.0, 122.7, 5.197
[11:11:47] 639.9, 122.8, 5.198
[11:11:48] 639.7, 122.7, 5.198
[11:11:49] 692.0, 122.2, 7.350
[11:11:50] 894.7, 122.7, 5.214
[11:11:51] 641.6, 122.6, 5.209
[11:11:52] 641.3, 122.8, 5.200
[11:11:53] 641.0, 122.7, 5.198
[11:11:54] 640.7, 122.7, 5.199
[11:11:55] 724.8, 122.2, 7.349
[11:11:56] 899.8, 122.2, 7.282
[11:11:57] 845.3, 122.8, 5.212
[11:11:58] 641.0, 122.8, 5.206
[11:11:59] 640.8, 122.7, 5.207
[11:12:00] 640.7, 122.8, 5.202
[11:12:01] 640.5, 122.3, 6.808
[11:12:02] 790.4, 122.2, 7.366
[11:12:03] 900.6, 122.2, 7.369
[11:12:04] 900.7, 122.1, 7.379
[11:12:05] 900.8, 122.7, 5.272
[11:12:06] 693.5, 122.7, 5.216
[11:12:07] 640.8, 122.6, 5.211
[11:12:08] 640.8, 122.8, 5.208
[11:12:09] 640.7, 122.8, 5.206
[11:12:10] 661.5, 122.2, 7.355
[11:12:11] 900.4, 122.2, 7.370
[11:12:12] 900.6, 122.1, 7.375
[11:12:13] 900.8, 122.1, 7.388
[11:12:14] 901.2, 122.0, 7.391
[11:12:15] 901.6, 122.1, 7.387
[11:12:16] 901.9, 122.2, 7.394
[11:12:17] 902.1, 122.8, 5.274
[11:12:18] 694.9, 122.7, 5.218
[11:12:19] 641.2, 122.7, 5.216
[11:12:20] 641.2, 122.8, 5.211
[11:12:21] 641.1, 122.8, 5.206
[11:12:22] 664.6, 122.2, 7.362
[11:12:23] 900.8, 122.1, 7.372
[11:12:24] 900.9, 122.2, 7.386
[11:12:25] 901.2, 122.1, 7.388
[11:12:26] 901.6, 122.1, 7.382
[11:12:27] 901.9, 122.1, 7.394
[11:12:28] 902.1, 122.1, 7.393
[11:12:29] 902.4, 122.1, 7.392
[11:12:30] 902.6, 122.1, 7.399
[11:12:31] 902.9, 122.1, 7.400
[11:12:32] 903.2, 122.1, 7.395
[11:12:33] 903.4, 122.0, 7.403
[11:12:34] 903.6, 121.9, 7.412
[11:12:35] 903.8, 122.0, 7.402
[11:12:36] 876.8, 122.6, 5.233
[11:12:37] 642.8, 122.7, 5.222
[11:12:38] 642.6, 122.7, 5.218
[11:12:39] 642.4, 122.7, 5.212
[11:12:40] 642.1, 122.7, 5.209
