<<<[19:29:21] 638.5, 123.3, 5.160
[19:29:22] 638.4, 123.3, 5.157
[19:29:23] 638.2, 123.4, 5.161
[19:29:24] 638.8, 123.4, 5.290
[19:29:25] 654.6, 123.4, 5.288
[19:29:26] 654.7, 123.4, 5.161
[19:29:27] 639.4, 123.4, 5.160
[19:29:28] 639.1, 123.4, 5.160
[19:29:29] 638.9, 123.3, 5.162
[19:29:30] 638.8, 123.4, 5.159
[19:29:31] 638.7, 123.1, 7.025
[19:29:32] 734.3, 123.5, 5.155
[19:29:33] 637.5, 123.4, 5.152
[19:29:34] 637.3, 123.5, 5.153
[19:29:35] 637.2, 123.4, 5.155
[19:29:36] 637.1, 123.0, 7.072
[19:29:37] 727.4, 123.4, 5.157
[19:29:38] 636.9, 123.3, 5.153
[19:29:39] 636.8, 123.4, 5.154
[19:29:40] 636.8, 123.3, 5.155
[19:29:41] 636.8, 123.0, 7.114
[19:29:42] 727.2, 123.3, 5.165
[19:29:43] 637.1, 123.4, 5.156
[19:29:44] 637.0, 123.3, 5.158
[19:29:45] 637.0, 123.4, 5.157
[19:29:46] 637.0, 122.8, 7.140
[19:29:47] 727.6, 123.3, 5.161
[19:29:48] 637.8, 123.3, 5.157
[19:29:49] 637.8, 123.4, 5.155
[19:29:50] 637.6, 123.3, 5.152
[19:29:51] 637.4, 122.9, 7.145
[19:29:52] 726.6, 123.4, 5.157
[19:29:53] 637.1, 123.5, 5.154
[19:29:54] 637.0, 123.5, 5.154
[19:29:55] 636.9, 123.4, 5.152
[19:29:56] 636.9, 123.0, 7.146
[19:29:57] 725.6, 123.3, 5.158
[19:29:58] 636.9, 123.4, 5.154
[19:29:59] 636.8, 123.4, 5.154
[19:30:00] 636.8, 123.5, 5.153
[19:30:01] 636.7, 122.9, 7.142
[19:30:02] 724.3, 123.4, 5.153
[19:30:03] 636.7, 123.4, 5.153
[19:30:04] 636.6, 123.4, 5.153
[19:30:05] 636.6, 123.3, 5.154
[19:30:06] 636.6, 122.9, 7.126
[19:30:07] 720.3, 123.4, 5.155
[19:30:08] 636.7, 123.4, 5.152
[19:30:09] 636.6, 123.4, 5.153
[19:30:10] 636.6, 123.4, 5.150
[19:30:11] 636.6, 122.9, 7.155
[19:30:12] 715.2, 123.4, 5.155
[19:30:13] 636.9, 123.3, 5.151
[19:30:14] 636.8, 123.4, 5.148
[19:30:15] 636.7, 123.3, 5.151
[19:30:16] 636.6, 122.9, 7.463
[19:30:17] 752.4, 123.3, 5.162
[19:30:18] 637.1, 123.4, 5.151
[19:30:19] 637.0, 123.4, 5.152
[19:30:20] 636.9, 123.4, 5.155
[19:30:21] 636.9, 123.0, 5.813
[19:30:22] 784.3, 123.4, 5.186
[19:30:23] 680.2, 123.3, 5.158
[19:30:24] 637.1, 123.4, 5.156
[19:30:25] 637.0, 123.4, 5.153
[19:30:26] 636.9, 123.3, 5.153
[19:30:27] 700.8, 122.7, 7.352
[19:30:28] 864.6, 123.3, 5.163
[19:30:29] 637.5, 123.4, 5.162
[19:30:30] 637.4, 123.3, 5.160
[19:30:31] 637.4, 123.4, 5.154
[19:30:32] 637.3, 122.8, 7.363
[19:30:33] 836.3, 122.7, 7.924
[19:30:34] 934.5, 123.4, 5.168
[19:30:35] 638.0, 123.3, 5.162
[19:30:36] 637.9, 123.4, 5.159
[19:30:37] 637.8, 123.4, 5.156
[19:30:38] 637.7, 123.5, 5.154
[19:30:39] 772.3, 122.6, 7.921
[19:30:40] 973.3, 122.6, 7.940
[19:30:41] 973.2, 123.3, 5.217
[19:30:42] 686.5, 123.3, 5.172
[19:30:43] 638.6, 123.4, 5.164
[19:30:44] 638.4, 123.3, 5.159
[19:30:45] 638.3, 123.4, 5.163
[19:30:46] 647.3, 122.6, 7.918
[19:30:47] 973.7, 122.6, 7.948
[19:30:48] 974.0, 122.7, 7.963
[19:30:49] 974.4, 122.6, 7.967
[19:30:50] 974.9, 122.7, 7.980
[19:30:51] 953.4, 123.2, 5.194
[19:30:52] 641.2, 123.3, 5.180
[19:30:53] 640.9, 123.3, 5.175
[19:30:54] 640.6, 123.3, 5.171
[19:30:55] 640.3, 123.3, 5.165
[19:30:56] 734.5, 122.6, 7.941
[19:30:57] 975.4, 122.6, 7.957
[19:30:58] 975.6, 122.6, 7.968
[19:30:59] 976.1, 122.6, 7.978
[19:31:00] 976.5, 122.6, 7.982
[19:31:01] 977.0, 122.6, 7.979
[19:31:02] 977.4, 122.6, 7.985
[19:31:03] 977.8, 122.7, 7.985
[19:31:04] 978.2, 122.7, 7.987
[19:31:05] 978.7, 123.3, 5.803
[19:31:06] 760.3, 123.4, 5.185
[19:31:07] 640.4, 123.3, 5.178
[19:31:08] 640.2, 123.4, 5.173
[19:31:09] 640.0, 123.4, 5.170
[19:31:10] 639.8, 122.7, 7.898
[19:31:11] 910.9, 122.7, 7.949
[19:31:12] 977.0, 122.7, 7.970
[19:31:13] 977.2, 122.6, 7.976
[19:31:14] 977.6, 122.7, 7.981
[19:31:15] 978.0, 122.7, 7.991
[19:31:16] 978.4, 122.5, 7.996
[19:31:17] 978.9, 122.6, 8.010
[19:31:18] 979.4, 122.6, 8.012
[19:31:19] 979.8, 122.5, 8.012
[19:31:20] 980.3, 122.6, 8.010
[19:31:21] 980.6, 122.6, 8.006
[19:31:22] 980.9, 122.5, 8.008
[19:31:23] 981.2, 122.6, 8.011
[19:31:24] 981.5, 122.6, 8.012
[19:31:25] 981.8, 122.5, 8.014
[19:31:26] 982.0, 122.6, 8.014
[19:31:27] 982.3, 122.7, 8.016
[19:31:28] 982.6, 122.6, 8.014
[19:31:29] 982.8, 123.2, 5.249
[19:31:30] 694.5, 123.3, 5.202
[19:31:31] 642.0, 123.3, 5.192
[19:31:32] 641.8, 123.2, 5.189
[19:31:33] 641.6, 123.3, 5.187
