<<<[00:39:38] 640.8, 125.0, 5.105
[00:39:39] 640.4, 124.9, 5.106
[00:39:40] 640.2, 124.9, 5.240
[00:39:41] 652.4, 124.9, 5.258
[00:39:42] 657.9, 124.9, 5.261
[00:39:43] 657.7, 124.7, 5.165
[00:39:44] 644.1, 124.9, 5.164
[00:39:45] 643.8, 124.9, 5.127
[00:39:46] 643.3, 124.9, 5.131
[00:39:47] 642.9, 124.8, 5.123
[00:39:48] 662.6, 124.9, 5.245
[00:39:49] 710.7, 124.9, 5.105
[00:39:50] 638.2, 124.8, 5.105
[00:39:51] 638.1, 125.0, 5.100
[00:39:52] 638.1, 124.8, 5.104
[00:39:53] 658.5, 124.9, 5.251
[00:39:54] 712.2, 125.0, 5.106
[00:39:55] 638.2, 124.9, 5.103
[00:39:56] 638.1, 124.8, 5.107
[00:39:57] 638.1, 124.9, 5.102
[00:39:58] 657.5, 124.9, 5.262
[00:39:59] 713.0, 124.8, 5.105
[00:40:00] 638.2, 124.8, 5.105
[00:40:01] 638.1, 124.9, 5.100
[00:40:02] 638.0, 124.8, 5.109
[00:40:03] 655.8, 124.9, 5.267
[00:40:04] 714.2, 125.0, 5.100
[00:40:05] 637.6, 124.9, 5.102
[00:40:06] 637.6, 124.9, 5.101
[00:40:07] 637.6, 125.0, 5.099
[00:40:08] 653.0, 124.9, 5.277
[00:40:09] 715.0, 124.9, 5.099
[00:40:10] 637.8, 125.0, 5.100
[00:40:11] 637.7, 124.9, 5.100
[00:40:12] 637.7, 124.9, 5.101
[00:40:13] 649.3, 124.9, 5.282
[00:40:14] 716.0, 125.0, 5.102
[00:40:15] 637.5, 124.9, 5.095
[00:40:16] 637.4, 125.0, 5.099
[00:40:17] 637.4, 125.0, 5.094
[00:40:18] 637.9, 125.0, 5.296
[00:40:19] 719.1, 125.0, 5.094
[00:40:20] 637.5, 124.9, 5.100
[00:40:21] 637.4, 125.0, 5.096
[00:40:22] 637.4, 125.0, 5.097
[00:40:23] 637.4, 124.6, 7.014
[00:40:24] 761.3, 124.9, 5.104
[00:40:25] 637.6, 124.9, 5.098
[00:40:26] 637.6, 124.9, 5.103
[00:40:27] 637.5, 124.9, 5.097
[00:40:28] 637.5, 124.4, 7.100
[00:40:29] 791.0, 125.0, 5.100
[00:40:30] 637.6, 124.9, 5.099
[00:40:31] 637.5, 125.0, 5.094
[00:40:32] 637.5, 125.0, 5.097
[00:40:33] 637.4, 124.4, 7.227
[00:40:34] 800.6, 125.0, 5.104
[00:40:35] 637.5, 124.9, 5.096
[00:40:36] 637.5, 125.0, 5.097
[00:40:37] 637.4, 125.0, 5.095
[00:40:38] 637.4, 124.9, 5.096
[00:40:39] 714.2, 124.4, 7.365
[00:40:40] 842.8, 124.9, 5.106
[00:40:41] 638.2, 125.0, 5.099
[00:40:42] 638.1, 124.9, 5.101
[00:40:43] 638.0, 125.0, 5.094
[00:40:44] 637.9, 124.6, 5.603
[00:40:45] 778.4, 124.3, 7.448
[00:40:46] 927.4, 124.8, 5.407
[00:40:47] 728.2, 124.9, 5.107
[00:40:48] 638.6, 124.9, 5.106
[00:40:49] 638.5, 124.9, 5.098
[00:40:50] 638.4, 124.9, 5.104
[00:40:51] 638.3, 124.3, 7.431
[00:40:52] 911.5, 124.4, 7.457
[00:40:53] 928.6, 124.3, 7.464
[00:40:54] 928.7, 124.9, 5.441
[00:40:55] 734.5, 124.9, 5.116
[00:40:56] 640.0, 124.9, 5.115
[00:40:57] 639.8, 124.9, 5.107
[00:40:58] 639.7, 124.8, 5.108
[00:40:59] 639.5, 124.4, 7.425
[00:41:00] 888.2, 124.4, 7.461
[00:41:01] 928.8, 124.3, 7.470
[00:41:02] 928.9, 124.4, 7.484
[00:41:03] 929.2, 124.3, 7.486
[00:41:04] 929.6, 124.4, 7.494
[00:41:05] 930.0, 124.4, 7.172
[00:41:06] 794.7, 124.9, 5.129
[00:41:07] 641.0, 124.9, 5.117
[00:41:08] 640.8, 124.9, 5.113
[00:41:09] 640.6, 124.9, 5.106
[00:41:10] 640.4, 124.4, 7.343
[00:41:11] 843.5, 124.3, 7.464
[00:41:12] 929.6, 124.4, 7.477
[00:41:13] 929.7, 124.4, 7.486
[00:41:14] 930.0, 124.4, 7.497
[00:41:15] 930.4, 124.4, 7.500
[00:41:16] 930.9, 124.3, 7.503
[00:41:17] 931.3, 124.3, 7.499
[00:41:18] 931.7, 124.4, 7.508
[00:41:19] 932.0, 124.3, 7.504
[00:41:20] 932.4, 124.3, 7.509
[00:41:21] 932.6, 124.4, 7.510
[00:41:22] 933.0, 124.3, 7.516
[00:41:23] 820.3, 124.9, 5.136
[00:41:24] 642.4, 125.0, 5.128
[00:41:25] 642.2, 125.0, 5.118
[00:41:26] 642.0, 124.8, 5.119
