<<<[19:12:24] 640.2, 123.6, 5.167
[19:12:25] 639.9, 123.6, 5.169
[19:12:26] 639.6, 123.7, 5.154
[19:12:27] 639.5, 123.6, 5.307
[19:12:28] 655.2, 123.6, 5.330
[19:12:29] 655.2, 123.6, 5.313
[19:12:30] 655.3, 123.5, 5.279
[19:12:31] 655.0, 123.5, 5.299
[19:12:32] 655.0, 123.5, 5.303
[19:12:33] 655.1, 123.6, 5.307
[19:12:34] 655.5, 123.5, 5.307
[19:12:35] 655.6, 123.4, 5.422
[19:12:36] 660.9, 123.5, 5.227
[19:12:37] 647.1, 123.5, 5.192
[19:12:38] 639.8, 123.6, 5.157
[19:12:39] 639.5, 123.5, 5.174
[19:12:40] 639.2, 123.5, 5.169
[19:12:41] 639.0, 123.1, 6.920
[19:12:42] 735.7, 123.6, 5.159
[19:12:43] 638.0, 123.6, 5.169
[19:12:44] 637.8, 123.6, 5.167
[19:12:45] 637.7, 123.7, 5.165
[19:12:46] 637.7, 123.1, 6.842
[19:12:47] 730.8, 123.5, 5.166
[19:12:48] 636.7, 123.6, 5.164
[19:12:49] 636.6, 123.5, 5.164
[19:12:50] 636.6, 123.4, 5.149
[19:12:51] 636.6, 123.0, 6.806
[19:12:52] 729.0, 123.5, 5.174
[19:12:53] 637.1, 123.5, 5.173
[19:12:54] 637.1, 123.5, 5.158
[19:12:55] 637.0, 123.4, 5.168
[19:12:56] 637.0, 123.0, 6.768
[19:12:57] 727.0, 123.5, 5.171
[19:12:58] 636.9, 123.5, 5.156
[19:12:59] 636.9, 123.4, 5.169
[19:13:00] 636.9, 123.5, 5.175
[19:13:01] 636.9, 123.0, 6.670
[19:13:02] 722.3, 123.6, 5.154
[19:13:03] 636.9, 123.6, 5.173
[19:13:04] 637.0, 123.5, 5.168
[19:13:05] 637.1, 123.6, 5.166
[19:13:06] 637.2, 123.5, 5.182
[19:13:07] 762.0, 123.7, 5.169
[19:13:08] 637.1, 123.6, 5.165
[19:13:09] 637.0, 123.7, 5.162
[19:13:10] 637.0, 123.7, 5.144
[19:13:11] 636.9, 123.6, 5.162
[19:13:12] 741.8, 123.7, 5.205
[19:13:13] 686.5, 123.6, 5.165
[19:13:14] 636.9, 123.6, 5.149
[19:13:15] 636.9, 123.6, 5.161
[19:13:16] 636.8, 123.7, 5.162
[19:13:17] 658.7, 123.0, 7.481
[19:13:18] 876.8, 123.6, 5.155
[19:13:19] 637.5, 123.6, 5.165
[19:13:20] 637.4, 123.7, 5.161
[19:13:21] 637.3, 123.6, 5.164
[19:13:22] 637.2, 123.2, 6.864
[19:13:23] 822.5, 123.1, 7.628
[19:13:24] 881.5, 123.6, 5.173
[19:13:25] 637.8, 123.7, 5.167
[19:13:26] 637.6, 123.6, 5.147
[19:13:27] 637.6, 123.7, 5.166
[19:13:28] 637.5, 123.3, 6.351
[19:13:29] 811.8, 122.9, 7.929
[19:13:30] 976.4, 123.0, 7.933
[19:13:31] 890.4, 123.7, 5.177
[19:13:32] 638.4, 123.7, 5.172
[19:13:33] 638.2, 123.6, 5.164
[19:13:34] 638.1, 123.7, 5.147
[19:13:35] 637.9, 123.6, 5.175
[19:13:36] 792.2, 122.9, 7.945
[19:13:37] 977.2, 123.0, 7.948
[19:13:38] 977.4, 123.0, 7.947
[19:13:39] 977.6, 123.0, 7.961
[19:13:40] 947.1, 123.7, 5.195
[19:13:41] 647.1, 123.6, 5.182
[19:13:42] 638.2, 123.6, 5.157
[19:13:43] 638.1, 123.6, 5.171
[19:13:44] 638.0, 123.7, 5.172
[19:13:45] 755.0, 122.9, 7.940
[19:13:46] 976.6, 123.0, 7.945
[19:13:47] 976.8, 122.9, 7.952
[19:13:48] 977.2, 122.8, 7.966
[19:13:49] 977.6, 122.9, 7.964
[19:13:50] 978.1, 123.0, 7.979
[19:13:51] 978.5, 123.0, 7.980
[19:13:52] 979.0, 122.9, 7.988
[19:13:53] 969.1, 123.6, 5.270
[19:13:54] 701.0, 123.6, 5.172
[19:13:55] 639.2, 123.5, 5.182
[19:13:56] 639.0, 123.5, 5.179
[19:13:57] 638.9, 123.6, 5.175
[19:13:58] 683.5, 122.9, 7.944
[19:13:59] 977.6, 122.8, 7.962
[19:14:00] 977.8, 122.8, 7.974
[19:14:01] 978.2, 122.9, 7.983
[19:14:02] 978.6, 122.8, 7.992
[19:14:03] 979.1, 122.8, 7.997
[19:14:04] 979.6, 122.8, 7.990
[19:14:05] 980.0, 122.9, 7.991
[19:14:06] 980.4, 122.8, 8.001
[19:14:07] 980.9, 122.9, 8.003
[19:14:08] 981.3, 122.9, 8.002
[19:14:09] 981.7, 122.8, 8.003
[19:14:10] 982.0, 122.9, 8.002
[19:14:11] 982.3, 122.8, 8.006
[19:14:12] 982.6, 122.9, 8.010
[19:14:13] 982.9, 122.8, 8.005
[19:14:14] 983.1, 123.6, 5.376
[19:14:15] 733.1, 123.6, 5.200
[19:14:16] 640.6, 123.6, 5.190
[19:14:17] 640.4, 123.7, 5.187
[19:14:18] 640.3, 123.6, 5.165
