<<<[05:33:30] 648.1, 124.7, 5.181
[05:33:31] 647.7, 124.7, 5.182
[05:33:32] 647.3, 124.7, 5.388
[05:33:33] 666.0, 124.8, 5.320
[05:33:34] 666.1, 124.8, 5.321
[05:33:35] 666.0, 124.8, 5.343
[05:33:36] 666.2, 124.7, 5.446
[05:33:37] 666.5, 124.8, 5.358
[05:33:38] 666.5, 124.7, 5.430
[05:33:39] 671.7, 124.9, 5.219
[05:33:40] 650.0, 124.9, 5.177
[05:33:41] 644.9, 124.8, 5.177
[05:33:42] 644.9, 124.8, 5.178
[05:33:43] 644.9, 124.9, 5.176
[05:33:44] 644.8, 124.8, 5.980
[05:33:45] 741.4, 124.8, 5.177
[05:33:46] 644.7, 124.9, 5.173
[05:33:47] 644.6, 124.8, 5.172
[05:33:48] 644.5, 124.7, 5.174
[05:33:49] 644.5, 124.7, 5.990
[05:33:50] 737.6, 124.8, 5.184
[05:33:51] 645.1, 124.7, 5.186
[05:33:52] 645.1, 124.8, 5.184
[05:33:53] 645.1, 124.7, 5.183
[05:33:54] 645.1, 124.6, 6.054
[05:33:55] 738.0, 124.8, 5.176
[05:33:56] 644.5, 124.7, 5.171
[05:33:57] 644.4, 124.8, 5.172
[05:33:58] 644.3, 124.7, 5.173
[05:33:59] 644.3, 124.7, 6.094
[05:34:00] 736.7, 124.7, 5.176
[05:34:01] 644.1, 124.8, 5.177
[05:34:02] 644.1, 124.8, 5.174
[05:34:03] 644.1, 124.7, 5.171
[05:34:04] 644.0, 124.6, 6.148
[05:34:05] 734.5, 124.6, 5.160
[05:34:06] 643.7, 124.7, 5.186
[05:34:07] 643.8, 124.6, 5.183
[05:34:08] 643.9, 124.7, 5.181
[05:34:09] 644.0, 124.6, 6.203
[05:34:10] 731.7, 124.7, 5.173
[05:34:11] 644.1, 124.7, 5.173
[05:34:12] 644.0, 124.7, 5.174
[05:34:13] 644.0, 124.7, 5.173
[05:34:14] 643.9, 124.6, 6.256
[05:34:15] 726.0, 124.7, 5.172
[05:34:16] 643.9, 124.6, 5.171
[05:34:17] 643.8, 124.7, 5.170
[05:34:18] 643.8, 124.7, 5.176
[05:34:19] 643.8, 124.3, 7.350
[05:34:20] 763.2, 124.8, 5.173
[05:34:21] 643.9, 124.8, 5.155
[05:34:22] 643.8, 124.8, 5.167
[05:34:23] 643.8, 124.7, 5.169
[05:34:24] 643.8, 124.2, 7.300
[05:34:25] 822.3, 124.8, 5.180
[05:34:26] 661.3, 124.8, 5.170
[05:34:27] 644.1, 124.8, 5.169
[05:34:28] 644.0, 124.8, 5.168
[05:34:29] 644.0, 124.7, 5.168
[05:34:30] 726.4, 124.1, 7.531
[05:34:31] 859.3, 124.7, 5.179
[05:34:32] 644.7, 124.7, 5.171
[05:34:33] 644.6, 124.8, 5.170
[05:34:34] 644.5, 124.8, 5.171
[05:34:35] 644.4, 124.2, 7.044
[05:34:36] 841.2, 124.1, 8.072
[05:34:37] 980.5, 124.7, 5.177
[05:34:38] 663.6, 124.7, 5.179
[05:34:39] 644.7, 124.8, 5.177
[05:34:40] 644.6, 124.7, 5.174
[05:34:41] 644.5, 124.7, 5.173
[05:34:42] 713.4, 124.0, 8.066
[05:34:43] 1002.0, 123.9, 8.087
[05:34:44] 1002.3, 124.0, 7.988
[05:34:45] 922.1, 124.7, 5.194
[05:34:46] 646.5, 124.8, 5.187
[05:34:47] 646.4, 124.8, 5.182
[05:34:48] 646.2, 124.7, 5.179
[05:34:49] 646.0, 124.4, 5.578
[05:34:50] 816.8, 124.0, 8.079
[05:34:51] 1003.6, 124.1, 8.093
[05:34:52] 1003.8, 124.0, 8.102
[05:34:53] 1004.1, 124.0, 8.106
[05:34:54] 1004.5, 124.1, 8.119
[05:34:55] 1004.0, 124.8, 5.329
[05:34:56] 719.5, 124.8, 5.195
[05:34:57] 646.7, 124.8, 5.185
[05:34:58] 646.6, 124.7, 5.182
[05:34:59] 646.4, 124.7, 5.179
[05:35:00] 669.3, 124.1, 8.051
[05:35:01] 1000.0, 124.0, 8.066
[05:35:02] 1000.1, 124.1, 8.071
[05:35:03] 1000.4, 124.0, 8.080
[05:35:04] 1000.9, 124.1, 8.091
[05:35:05] 1001.4, 124.0, 8.098
[05:35:06] 1001.9, 124.1, 8.102
[05:35:07] 1002.5, 124.0, 8.103
[05:35:08] 1003.0, 124.1, 8.101
[05:35:09] 1003.3, 124.0, 8.099
[05:35:10] 1003.8, 124.1, 8.104
[05:35:11] 1004.2, 124.8, 5.249
[05:35:12] 701.2, 124.8, 5.209
[05:35:13] 648.5, 124.7, 5.199
[05:35:14] 648.3, 124.8, 5.194
[05:35:15] 648.1, 124.8, 5.187
