<<<[13:18:04] 657.7, 122.4, 5.386
[13:18:05] 657.8, 122.5, 5.283
[13:18:06] 645.7, 122.5, 5.257
[13:18:07] 645.7, 122.5, 5.448
[13:18:08] 664.8, 122.6, 5.407
[13:18:09] 664.6, 122.6, 5.396
[13:18:10] 664.4, 122.6, 5.382
[13:18:11] 664.1, 122.5, 5.400
[13:18:12] 663.6, 122.5, 5.414
[13:18:13] 663.6, 122.6, 5.395
[13:18:14] 663.4, 122.6, 5.389
[13:18:15] 662.9, 122.6, 5.518
[13:18:16] 669.7, 122.7, 5.349
[13:18:17] 657.1, 122.7, 5.292
[13:18:18] 648.9, 122.7, 5.249
[13:18:19] 648.4, 122.8, 5.266
[13:18:20] 647.9, 122.8, 5.266
[13:18:21] 647.5, 122.2, 7.211
[13:18:22] 741.0, 122.8, 5.245
[13:18:23] 644.3, 122.6, 5.267
[13:18:24] 644.3, 122.6, 5.266
[13:18:25] 644.2, 122.6, 5.274
[13:18:26] 644.2, 122.2, 7.209
[13:18:27] 736.5, 122.7, 5.269
[13:18:28] 644.5, 122.6, 5.264
[13:18:29] 644.4, 122.7, 5.269
[13:18:30] 644.3, 122.6, 5.249
[13:18:31] 644.3, 122.2, 7.221
[13:18:32] 731.1, 122.6, 5.270
[13:18:33] 644.3, 122.7, 5.265
[13:18:34] 644.2, 122.6, 5.242
[13:18:35] 644.1, 122.7, 5.272
[13:18:36] 644.1, 122.1, 7.441
[13:18:37] 769.7, 122.7, 5.263
[13:18:38] 644.1, 122.8, 5.240
[13:18:39] 644.0, 122.7, 5.261
[13:18:40] 644.0, 122.8, 5.261
[13:18:41] 643.9, 122.4, 6.100
[13:18:42] 788.2, 122.7, 5.250
[13:18:43] 656.5, 122.8, 5.261
[13:18:44] 643.9, 122.8, 5.260
[13:18:45] 643.9, 122.8, 5.261
[13:18:46] 643.8, 122.9, 5.234
[13:18:47] 726.8, 122.7, 6.315
[13:18:48] 777.0, 122.8, 5.269
[13:18:49] 645.3, 122.8, 5.266
[13:18:50] 645.2, 122.7, 5.237
[13:18:51] 645.0, 122.7, 5.263
[13:18:52] 645.0, 122.2, 7.922
[13:18:53] 894.9, 122.6, 6.398
[13:18:54] 778.4, 122.8, 5.242
[13:18:55] 644.3, 122.8, 5.266
[13:18:56] 644.2, 122.7, 5.263
[13:18:57] 644.2, 122.9, 5.258
[13:18:58] 644.1, 122.1, 7.938
[13:18:59] 898.9, 122.0, 8.005
[13:19:00] 978.4, 122.6, 6.492
[13:19:01] 779.0, 122.7, 5.273
[13:19:02] 645.3, 122.8, 5.245
[13:19:03] 645.1, 122.8, 5.266
[13:19:04] 645.0, 122.7, 5.268
[13:19:05] 644.9, 122.1, 7.940
[13:19:06] 909.7, 122.1, 8.001
[13:19:07] 978.6, 122.1, 8.014
[13:19:08] 978.8, 122.1, 8.027
[13:19:09] 979.1, 122.6, 6.604
[13:19:10] 776.6, 122.8, 5.255
[13:19:11] 645.9, 122.9, 5.274
[13:19:12] 645.9, 122.9, 5.265
[13:19:13] 645.7, 122.8, 5.264
[13:19:14] 645.6, 122.2, 7.971
[13:19:15] 932.1, 122.2, 7.990
[13:19:16] 979.4, 122.1, 8.017
[13:19:17] 979.6, 122.2, 8.029
[13:19:18] 979.9, 122.1, 8.037
[13:19:19] 980.2, 122.1, 8.037
[13:19:20] 980.6, 122.2, 8.041
[13:19:21] 980.9, 122.1, 8.043
[13:19:22] 981.3, 122.8, 5.406
[13:19:23] 719.5, 122.9, 5.292
[13:19:24] 648.1, 122.8, 5.280
[13:19:25] 647.9, 122.8, 5.278
[13:19:26] 647.8, 122.9, 5.246
[13:19:27] 647.5, 122.1, 7.994
[13:19:28] 978.4, 122.2, 8.016
[13:19:29] 978.6, 122.2, 8.029
[13:19:30] 979.0, 122.1, 8.039
[13:19:31] 979.5, 122.2, 8.036
[13:19:32] 980.0, 122.1, 8.038
[13:19:33] 980.4, 122.1, 8.047
[13:19:34] 980.9, 122.2, 8.051
[13:19:35] 981.4, 122.2, 8.046
[13:19:36] 981.8, 122.1, 8.049
[13:19:37] 982.1, 122.2, 8.052
[13:19:38] 982.5, 122.2, 8.050
[13:19:39] 982.8, 122.1, 8.055
[13:19:40] 983.1, 122.1, 8.059
[13:19:41] 983.4, 122.0, 8.063
[13:19:42] 983.6, 122.1, 8.061
[13:19:43] 886.1, 122.7, 5.295
[13:19:44] 648.1, 122.7, 5.286
[13:19:45] 647.9, 122.9, 5.281
[13:19:46] 647.8, 122.8, 5.255
