<<<[21:43:14] 639.6, 123.3, 5.176
[21:43:15] 639.3, 123.2, 5.181
[21:43:16] 639.1, 123.3, 5.175
[21:43:17] 639.3, 123.2, 5.349
[21:43:18] 656.2, 123.1, 5.323
[21:43:19] 656.0, 123.1, 5.318
[21:43:20] 655.9, 123.2, 5.311
[21:43:21] 655.7, 123.2, 5.308
[21:43:22] 655.7, 123.1, 5.319
[21:43:23] 655.6, 123.0, 5.348
[21:43:24] 655.5, 123.2, 5.317
[21:43:25] 655.5, 123.2, 5.320
[21:43:26] 655.5, 123.1, 5.313
[21:43:27] 655.6, 123.1, 5.350
[21:43:28] 655.7, 123.1, 5.308
[21:43:29] 655.9, 123.0, 5.351
[21:43:30] 656.1, 123.1, 5.323
[21:43:31] 656.1, 123.1, 5.308
[21:43:32] 656.1, 123.1, 5.354
[21:43:33] 656.2, 123.1, 5.324
[21:43:34] 656.4, 123.0, 5.360
[21:43:35] 656.5, 123.0, 5.319
[21:43:36] 656.4, 123.0, 5.372
[21:43:37] 656.6, 123.1, 5.325
[21:43:38] 656.6, 123.1, 5.351
[21:43:39] 656.7, 123.2, 5.316
[21:43:40] 656.5, 123.2, 5.340
[21:43:41] 656.6, 123.1, 5.335
[21:43:42] 656.6, 123.1, 5.310
[21:43:43] 656.6, 123.1, 5.342
[21:43:44] 656.5, 123.1, 5.306
[21:43:45] 656.4, 123.1, 5.359
[21:43:46] 656.6, 123.1, 5.308
[21:43:47] 656.4, 123.2, 5.343
[21:43:48] 656.4, 123.2, 5.317
[21:43:49] 656.4, 123.2, 5.325
[21:43:50] 656.4, 123.2, 5.338
[21:43:51] 656.4, 123.2, 5.304
[21:43:52] 656.3, 123.2, 5.354
[21:43:53] 656.3, 123.1, 5.320
[21:43:54] 656.3, 123.1, 5.338
[21:43:55] 656.3, 123.2, 5.326
[21:43:56] 656.2, 123.1, 5.319
[21:43:57] 656.1, 123.1, 5.339
[21:43:58] 656.2, 123.1, 5.298
[21:43:59] 656.0, 123.1, 5.367
[21:44:00] 656.1, 123.2, 5.308
[21:44:01] 656.1, 123.1, 5.342
[21:44:02] 656.3, 123.1, 5.325
[21:44:03] 656.2, 123.1, 5.308
[21:44:04] 656.3, 123.2, 5.345
[21:44:05] 656.4, 123.2, 5.322
[21:44:06] 656.5, 123.2, 5.357
[21:44:07] 656.5, 123.1, 5.321
[21:44:08] 656.5, 123.1, 5.344
[21:44:09] 656.6, 123.1, 5.327
[21:44:10] 656.7, 123.1, 5.300
[21:44:11] 656.5, 123.1, 5.342
[21:44:12] 656.6, 123.1, 5.307
[21:44:13] 656.6, 123.0, 5.364
[21:44:14] 656.8, 123.1, 5.308
[21:44:15] 656.6, 123.0, 5.345
[21:44:16] 656.6, 123.0, 5.324
[21:44:17] 656.4, 123.1, 5.321
[21:44:18] 656.4, 123.1, 5.329
[21:44:19] 656.3, 123.2, 5.302
[21:44:20] 656.2, 123.2, 5.369
[21:44:21] 656.2, 123.2, 5.322
[21:44:22] 656.1, 123.2, 5.334
[21:44:23] 656.1, 123.1, 5.331
[21:44:24] 656.0, 123.2, 5.312
[21:44:25] 656.0, 123.0, 5.347
[21:44:26] 656.1, 123.1, 5.299
[21:44:27] 655.9, 123.1, 5.356
[21:44:28] 656.0, 123.1, 5.308
[21:44:29] 655.9, 123.2, 5.348
[21:44:30] 656.0, 123.2, 5.301
[21:44:31] 655.9, 123.2, 5.317
[21:44:32] 655.8, 123.2, 5.330
[21:44:33] 655.7, 123.2, 5.310
[21:44:34] 655.8, 123.2, 5.345
[21:44:35] 655.8, 123.1, 5.309
[21:44:36] 655.6, 123.1, 5.340
[21:44:37] 655.7, 123.1, 5.327
[21:44:38] 655.7, 123.1, 5.309
[21:44:39] 655.7, 123.2, 5.340
[21:44:40] 655.7, 123.2, 5.306
[21:44:41] 655.7, 123.2, 5.365
[21:44:42] 656.1, 123.1, 5.295
[21:44:43] 655.9, 123.1, 5.342
[21:44:44] 656.0, 123.1, 5.323
[21:44:45] 656.0, 123.2, 5.328
[21:44:46] 656.2, 123.2, 5.325
[21:44:47] 656.1, 123.2, 5.306
[21:44:48] 655.9, 123.1, 5.355
[21:44:49] 656.0, 123.1, 5.322
[21:44:50] 655.9, 123.1, 5.338
[21:44:51] 655.9, 123.2, 5.320
[21:44:52] 655.7, 123.2, 5.305
[21:44:53] 655.7, 123.2, 5.345
[21:44:54] 655.8, 123.1, 5.292
[21:44:55] 655.7, 123.1, 5.366
[21:44:56] 655.8, 123.1, 5.312
[21:44:57] 655.7, 123.1, 5.338
[21:44:58] 655.8, 123.2, 5.315
[21:44:59] 655.7, 123.2, 5.305
[21:45:00] 655.6, 123.2, 5.346
[21:45:01] 655.7, 123.2, 5.317
[21:45:02] 655.6, 123.1, 5.349
[21:45:03] 655.7, 123.1, 5.315
[21:45:04] 655.6, 123.1, 5.335
[21:45:05] 655.7, 123.0, 5.343
[21:45:06] 655.7, 123.1, 5.292
[21:45:07] 655.7, 123.1, 5.349
[21:45:08] 655.6, 123.1, 5.317
[21:45:09] 655.6, 123.1, 5.363
[21:45:10] 655.8, 123.2, 5.303
[21:45:11] 655.7, 123.2, 5.349
[21:45:12] 655.8, 123.1, 5.327
[21:45:13] 655.8, 123.1, 5.319
[21:45:14] 655.8, 123.1, 5.338
[21:45:15] 655.8, 123.0, 5.311
[21:45:16] 655.7, 123.2, 5.358
[21:45:17] 655.7, 123.2, 5.322
[21:45:18] 655.6, 123.2, 5.341
[21:45:19] 655.7, 123.1, 5.329
[21:45:20] 655.9, 123.1, 5.311
[21:45:21] 656.1, 123.1, 5.451
[21:45:22] 667.4, 123.1, 5.444
[21:45:23] 667.9, 123.1, 5.465
[21:45:24] 668.1, 123.2, 5.344
[21:45:25] 655.2, 123.2, 5.331
[21:45:26] 655.3, 123.2, 5.300
[21:45:27] 655.8, 123.2, 5.314
[21:45:28] 655.9, 123.2, 5.404
[21:45:29] 656.0, 123.2, 5.306
[21:45:30] 656.1, 123.2, 5.411
[21:45:31] 664.6, 123.2, 5.339
[21:45:32] 655.4, 123.1, 5.314
[21:45:33] 655.7, 123.2, 5.309
[21:45:34] 656.2, 123.1, 5.293
[21:45:35] 655.9, 123.1, 5.330
[21:45:36] 655.9, 123.1, 5.312
[21:45:37] 656.3, 123.1, 5.431
[21:45:38] 668.4, 123.2, 5.301
[21:45:39] 658.7, 123.2, 5.304
[21:45:40] 658.3, 123.1, 5.366
[21:45:41] 657.8, 123.1, 5.447
[21:45:42] 658.0, 123.2, 5.297
[21:45:43] 657.8, 123.2, 5.311
[21:45:44] 657.3, 123.2, 5.403
[21:45:45] 657.9, 123.2, 5.309
[21:45:46] 658.0, 123.3, 5.294
[21:45:47] 657.6, 123.2, 5.322
[21:45:48] 657.1, 123.2, 5.335
[21:45:49] 657.3, 123.2, 5.318
[21:45:50] 657.3, 123.1, 5.304
[21:45:51] 656.9, 123.0, 5.464
[21:45:52] 668.0, 123.2, 5.448
[21:45:53] 668.1, 123.2, 5.411
[21:45:54] 667.9, 123.2, 5.428
[21:45:55] 667.6, 123.2, 5.381
[21:45:56] 654.8, 123.2, 5.318
[21:45:57] 655.0, 123.2, 5.313
[21:45:58] 660.3, 123.2, 5.300
[21:45:59] 654.2, 123.1, 5.403
[21:46:00] 654.5, 123.2, 5.320
[21:46:01] 654.8, 123.1, 5.469
[21:46:02] 664.8, 123.2, 5.302
[21:46:03] 654.8, 123.1, 5.318
[21:46:04] 655.0, 123.1, 5.397
[21:46:05] 660.1, 123.1, 5.372
[21:46:06] 659.4, 123.1, 5.299
[21:46:07] 659.1, 123.1, 5.313
[21:46:08] 659.1, 123.1, 5.415
[21:46:09] 669.3, 123.2, 5.314
[21:46:10] 658.5, 123.2, 5.293
[21:46:11] 658.1, 123.2, 5.346
[21:46:12] 657.6, 123.2, 5.364
[21:46:13] 657.7, 123.1, 5.318
[21:46:14] 657.5, 123.1, 5.290
[21:46:15] 657.1, 123.1, 5.454
[21:46:16] 665.8, 123.2, 5.308
[21:46:17] 653.6, 123.2, 5.388
[21:46:18] 653.8, 123.3, 5.307
[21:46:19] 654.2, 123.2, 5.326
[21:46:20] 654.6, 123.2, 5.366
[21:46:21] 654.7, 123.2, 5.318
[21:46:22] 654.6, 123.1, 5.420
[21:46:23] 669.5, 123.1, 5.467
[21:46:24] 669.7, 123.1, 5.477
[21:46:25] 669.8, 123.0, 5.420
[21:46:26] 669.3, 123.1, 5.406
[21:46:27] 669.0, 123.1, 5.415
[21:46:28] 668.5, 123.0, 5.478
[21:46:29] 668.3, 123.0, 5.331
[21:46:30] 654.0, 123.1, 5.312
[21:46:31] 654.3, 123.1, 5.321
[21:46:32] 654.9, 123.0, 5.315
[21:46:33] 654.8, 123.1, 5.345
[21:46:34] 654.9, 123.1, 5.301
[21:46:35] 655.4, 123.1, 5.445
[21:46:36] 663.2, 123.1, 5.329
[21:46:37] 657.5, 123.1, 5.318
[21:46:38] 657.2, 123.1, 5.423
[21:46:39] 657.4, 123.1, 5.325
[21:46:40] 657.0, 123.2, 5.329
[21:46:41] 656.9, 123.2, 5.342
[21:46:42] 657.4, 123.1, 5.438
[21:46:43] 669.1, 123.2, 5.316
[21:46:44] 655.4, 123.1, 5.409
[21:46:45] 655.4, 123.2, 5.313
[21:46:46] 655.4, 123.3, 5.297
[21:46:47] 655.8, 123.2, 5.315
[21:46:48] 655.8, 123.2, 5.366
[21:46:49] 655.6, 123.2, 5.465
[21:46:50] 666.0, 123.2, 5.311
[21:46:51] 654.0, 123.1, 5.328
[21:46:52] 654.2, 123.1, 5.313
[21:46:53] 659.3, 123.1, 5.317
[21:46:54] 658.7, 123.0, 5.422
[21:46:55] 658.3, 123.2, 5.313
[21:46:56] 658.1, 123.1, 5.462
[21:46:57] 671.5, 123.1, 5.473
[21:46:58] 671.4, 123.2, 5.431
[21:46:59] 671.2, 123.2, 5.315
[21:47:00] 654.0, 123.2, 5.342
[21:47:01] 654.1, 123.2, 5.319
[21:47:02] 654.7, 123.1, 5.298
[21:47:03] 654.8, 123.1, 5.423
[21:47:04] 654.9, 123.1, 5.313
[21:47:05] 655.0, 123.0, 5.463
[21:47:06] 663.6, 123.1, 5.296
[21:47:07] 654.8, 123.2, 5.315
[21:47:08] 654.8, 123.2, 5.425
[21:47:09] 655.4, 123.2, 5.357
[21:47:10] 655.2, 123.1, 5.298
[21:47:11] 655.4, 123.1, 5.315
[21:47:12] 655.9, 123.1, 5.473
[21:47:13] 670.3, 123.2, 5.323
[21:47:14] 657.7, 123.2, 5.297
[21:47:15] 657.4, 123.1, 5.378
[21:47:16] 657.0, 123.1, 5.441
[21:47:17] 657.3, 123.1, 5.316
[21:47:18] 657.1, 123.2, 5.294
[21:47:19] 656.8, 123.2, 5.444
[21:47:20] 664.6, 123.1, 5.320
[21:47:21] 655.8, 123.1, 5.407
[21:47:22] 655.8, 123.2, 5.295
[21:47:23] 655.6, 123.2, 5.326
[21:47:24] 656.1, 123.1, 5.313
[21:47:25] 656.0, 123.2, 5.369
[21:47:26] 655.8, 123.2, 5.396
[21:47:27] 666.0, 123.2, 5.433
[21:47:28] 666.4, 123.1, 5.460
[21:47:29] 667.0, 123.2, 5.468
[21:47:30] 667.4, 123.1, 5.437
[21:47:31] 667.9, 123.1, 5.461
[21:47:32] 668.4, 123.3, 5.444
[21:47:33] 668.4, 123.2, 5.431
[21:47:34] 668.3, 123.2, 5.450
[21:47:35] 668.6, 123.2, 5.434
[21:47:36] 668.6, 123.2, 5.421
[21:47:37] 668.3, 123.2, 5.423
[21:47:38] 668.1, 123.2, 5.433
[21:47:39] 668.2, 123.1, 5.462
[21:47:40] 667.8, 123.2, 5.338
[21:47:41] 654.8, 123.2, 5.325
[21:47:42] 655.0, 123.2, 5.307
[21:47:43] 655.1, 123.2, 5.312
[21:47:44] 655.4, 123.2, 5.315
[21:47:45] 655.4, 123.1, 5.309
[21:47:46] 655.2, 123.1, 5.409
[21:47:47] 662.8, 123.2, 5.325
[21:47:48] 657.1, 123.2, 5.311
[21:47:49] 656.8, 123.2, 5.308
[21:47:50] 656.4, 123.2, 5.410
[21:47:51] 656.8, 123.2, 5.378
[21:47:52] 656.4, 123.3, 5.341
[21:47:53] 656.2, 123.3, 5.307
[21:47:54] 656.1, 123.1, 5.438
[21:47:55] 669.3, 123.2, 5.452
[21:47:56] 660.7, 123.2, 5.319
[21:47:57] 653.6, 123.3, 5.320
[21:47:58] 653.8, 123.3, 5.294
[21:47:59] 654.2, 123.1, 5.326
[21:48:00] 654.5, 123.1, 5.316
[21:48:01] 654.6, 123.0, 5.314
[21:48:02] 654.5, 123.1, 5.430
[21:48:03] 663.0, 123.2, 5.313
[21:48:04] 656.9, 123.1, 5.313
[21:48:05] 656.6, 123.1, 5.311
[21:48:06] 656.3, 123.2, 5.404
[21:48:07] 656.6, 123.2, 5.371
[21:48:08] 656.3, 123.2, 5.359
[21:48:09] 656.2, 123.2, 5.309
[21:48:10] 656.0, 123.1, 5.437
[21:48:11] 668.7, 123.2, 5.452
[21:48:12] 668.6, 123.1, 5.421
[21:48:13] 668.1, 123.2, 5.459
[21:48:14] 662.4, 123.1, 5.317
[21:48:15] 653.4, 123.2, 5.325
[21:48:16] 653.6, 123.3, 5.323
[21:48:17] 653.9, 123.3, 5.308
[21:48:18] 654.3, 123.1, 5.291
[21:48:19] 654.5, 123.2, 5.306
[21:48:20] 654.3, 123.1, 5.409
[21:48:21] 662.6, 123.2, 5.316
[21:48:22] 656.9, 123.2, 5.292
[21:48:23] 656.7, 123.1, 5.311
[21:48:24] 656.3, 123.2, 5.422
[21:48:25] 656.7, 123.1, 5.344
[21:48:26] 656.4, 123.2, 5.350
[21:48:27] 656.3, 123.3, 5.311
[21:48:28] 656.0, 123.1, 5.460
[21:48:29] 669.7, 123.2, 5.463
[21:48:30] 669.1, 123.2, 5.299
[21:48:31] 653.2, 123.3, 5.308
[21:48:32] 653.5, 123.3, 5.315
[21:48:33] 653.9, 123.2, 5.314
[21:48:34] 654.2, 123.4, 5.285
[21:48:35] 654.4, 123.3, 5.303
[21:48:36] 654.3, 123.2, 5.439
[21:48:37] 663.8, 123.3, 5.321
[21:48:38] 656.0, 123.2, 5.284
[21:48:39] 655.9, 123.3, 5.306
[21:48:40] 655.7, 123.2, 5.449
[21:48:41] 656.0, 123.3, 5.346
[21:48:42] 655.8, 123.2, 5.301
[21:48:43] 655.8, 123.3, 5.322
[21:48:44] 655.8, 123.3, 5.434
[21:48:45] 669.7, 123.3, 5.453
[21:48:46] 669.7, 123.2, 5.430
[21:48:47] 669.8, 123.3, 5.414
[21:48:48] 669.4, 123.3, 5.419
[21:48:49] 669.1, 123.2, 5.415
[21:48:50] 668.9, 123.3, 5.338
[21:48:51] 660.9, 123.2, 5.303
[21:48:52] 654.8, 123.3, 5.315
[21:48:53] 654.8, 123.3, 5.307
[21:48:54] 655.4, 123.2, 5.288
[21:48:55] 655.1, 123.3, 5.330
[21:48:56] 655.2, 123.3, 5.348
[21:48:57] 655.0, 123.2, 5.438
[21:48:58] 666.2, 123.2, 5.285
[21:48:59] 653.4, 123.3, 5.329
[21:49:00] 653.6, 123.3, 5.347
[21:49:01] 653.6, 123.2, 5.448
[21:49:02] 658.7, 123.2, 5.293
[21:49:03] 653.4, 123.3, 5.310
[21:49:04] 653.7, 123.3, 5.302
[21:49:05] 654.1, 123.3, 5.447
[21:49:06] 669.9, 123.2, 5.298
[21:49:07] 656.9, 123.2, 5.319
[21:49:08] 656.7, 123.3, 5.307
[21:49:09] 656.4, 123.2, 5.305
[21:49:10] 656.7, 123.3, 5.285
[21:49:11] 656.3, 123.3, 5.390
[21:49:12] 656.1, 123.3, 5.318
[21:49:13] 655.8, 123.2, 5.457
[21:49:14] 667.0, 123.2, 5.288
[21:49:15] 653.2, 123.2, 5.431
[21:49:16] 653.6, 123.2, 5.322
[21:49:17] 653.7, 123.3, 5.382
[21:49:18] 660.3, 123.3, 5.287
[21:49:19] 653.6, 123.3, 5.319
[21:49:20] 653.9, 123.2, 5.304
[21:49:21] 659.1, 123.1, 5.463
[21:49:22] 671.3, 123.1, 5.447
[21:49:23] 671.2, 123.2, 5.478
[21:49:24] 665.4, 123.2, 5.357
[21:49:25] 653.4, 123.2, 5.321
[21:49:26] 653.6, 123.2, 5.304
[21:49:27] 653.8, 123.2, 5.307
[21:49:28] 654.1, 123.1, 5.317
[21:49:29] 654.5, 123.1, 5.312
[21:49:30] 654.5, 123.2, 5.391
[21:49:31] 662.6, 123.2, 5.328
[21:49:32] 661.9, 123.1, 5.318
[21:49:33] 656.0, 123.1, 5.300
[21:49:34] 655.6, 123.1, 5.428
[21:49:35] 656.0, 123.2, 5.361
[21:49:36] 655.7, 123.2, 5.326
[21:49:37] 655.6, 123.2, 5.305
[21:49:38] 655.5, 123.2, 5.432
[21:49:39] 670.5, 123.2, 5.418
[21:49:40] 660.7, 123.2, 5.308
[21:49:41] 653.0, 123.3, 5.300
[21:49:42] 653.3, 123.3, 5.289
[21:49:43] 653.7, 123.2, 5.326
[21:49:44] 654.0, 123.2, 5.300
[21:49:45] 654.1, 123.2, 5.303
[21:49:46] 654.0, 123.2, 5.430
[21:49:47] 664.6, 123.3, 5.317
[21:49:48] 655.4, 123.3, 5.309
[21:49:49] 655.4, 123.3, 5.349
[21:49:50] 655.3, 123.3, 5.422
[21:49:51] 655.7, 123.3, 5.311
[21:49:52] 655.5, 123.2, 5.309
[21:49:53] 655.5, 123.2, 5.398
[21:49:54] 656.1, 123.1, 5.410
[21:49:55] 668.2, 123.1, 5.463
[21:49:56] 668.5, 123.2, 5.448
[21:49:57] 668.7, 123.2, 5.456
[21:49:58] 668.9, 123.1, 5.442
[21:49:59] 669.0, 123.1, 5.453
[21:50:00] 669.1, 123.2, 5.422
[21:50:01] 668.7, 123.2, 5.416
[21:50:02] 668.7, 123.1, 5.406
[21:50:03] 668.7, 123.1, 5.451
[21:50:04] 668.8, 123.2, 5.444
[21:50:05] 669.0, 123.2, 5.453
[21:50:06] 669.1, 123.2, 5.375
[21:50:07] 668.5, 123.3, 5.375
[21:50:08] 661.9, 123.2, 5.376
[21:50:09] 661.8, 123.2, 5.382
[21:50:10] 661.8, 123.2, 5.362
[21:50:11] 661.9, 123.2, 5.399
[21:50:12] 662.5, 123.2, 5.445
[21:50:13] 668.7, 123.3, 5.349
[21:50:14] 658.5, 123.2, 5.333
[21:50:15] 658.3, 123.3, 5.341
[21:50:16] 658.3, 123.3, 5.344
[21:50:17] 658.2, 123.3, 5.338
[21:50:18] 658.1, 123.2, 5.327
[21:50:19] 658.0, 123.3, 5.341
[21:50:20] 658.0, 123.2, 5.344
[21:50:21] 657.9, 123.3, 5.343
[21:50:22] 657.9, 123.3, 5.330
[21:50:23] 658.0, 123.3, 5.357
[21:50:24] 658.1, 123.2, 5.356
[21:50:25] 658.1, 123.2, 5.355
[21:50:26] 658.3, 123.3, 5.329
[21:50:27] 658.2, 123.3, 5.358
[21:50:28] 658.2, 123.2, 5.352
[21:50:29] 658.3, 123.2, 5.343
[21:50:30] 658.2, 123.3, 5.306
[21:50:31] 657.8, 123.3, 5.332
[21:50:32] 657.5, 123.3, 5.329
[21:50:33] 657.3, 123.3, 5.334
[21:50:34] 657.2, 123.3, 5.307
[21:50:35] 656.9, 123.3, 5.335
[21:50:36] 656.8, 123.2, 5.328
[21:50:37] 656.6, 123.2, 5.330
[21:50:38] 656.5, 123.2, 5.301
[21:50:39] 656.3, 123.3, 5.326
[21:50:40] 656.1, 123.3, 5.315
[21:50:41] 655.9, 123.2, 5.316
[21:50:42] 655.7, 123.2, 5.307
[21:50:43] 655.6, 123.3, 5.321
[21:50:44] 655.5, 123.2, 5.318
[21:50:45] 655.4, 123.2, 5.339
[21:50:46] 655.5, 123.3, 5.231
[21:50:47] 646.3, 123.3, 5.185
[21:50:48] 637.8, 123.2, 5.189
[21:50:49] 637.7, 123.3, 5.184
[21:50:50] 637.7, 123.3, 5.157
[21:50:51] 637.5, 122.7, 7.526
[21:50:52] 799.6, 123.3, 5.166
[21:50:53] 636.3, 123.2, 5.168
[21:50:54] 636.2, 123.2, 5.157
[21:50:55] 636.1, 123.3, 5.162
[21:50:56] 636.1, 122.8, 6.293
[21:50:57] 800.0, 123.2, 5.234
[21:50:58] 694.7, 123.3, 5.158
[21:50:59] 635.9, 123.2, 5.172
[21:51:00] 635.9, 123.3, 5.164
[21:51:01] 635.9, 123.3, 5.162
[21:51:02] 656.3, 122.6, 7.865
[21:51:03] 953.0, 123.3, 5.195
[21:51:04] 648.7, 123.2, 5.183
[21:51:05] 637.5, 123.2, 5.184
[21:51:06] 637.5, 123.4, 5.152
[21:51:07] 637.2, 123.2, 5.179
[21:51:08] 689.8, 122.6, 7.886
[21:51:09] 967.7, 122.7, 7.882
[21:51:10] 900.4, 123.4, 5.161
[21:51:11] 636.9, 123.3, 5.168
[21:51:12] 636.8, 123.3, 5.163
[21:51:13] 636.8, 123.4, 5.168
[21:51:14] 636.8, 123.4, 5.152
[21:51:15] 755.2, 122.6, 7.887
[21:51:16] 967.5, 122.6, 7.895
[21:51:17] 967.6, 122.6, 7.900
[21:51:18] 967.8, 123.2, 6.305
[21:51:19] 771.1, 123.4, 5.173
[21:51:20] 637.6, 123.4, 5.169
[21:51:21] 637.5, 123.3, 5.173
[21:51:22] 637.4, 123.2, 5.159
[21:51:23] 637.3, 122.6, 7.825
[21:51:24] 889.4, 122.7, 7.897
[21:51:25] 968.9, 122.6, 7.904
[21:51:26] 969.0, 122.6, 7.914
[21:51:27] 969.2, 122.6, 7.913
[21:51:28] 969.6, 122.6, 7.914
[21:51:29] 969.8, 122.6, 7.924
[21:51:30] 970.2, 122.8, 7.392
[21:51:31] 842.0, 123.3, 5.189
[21:51:32] 639.4, 123.3, 5.182
[21:51:33] 639.3, 123.2, 5.184
[21:51:34] 639.1, 123.2, 5.170
[21:51:35] 638.9, 122.7, 7.310
[21:51:36] 831.7, 122.5, 7.913
[21:51:37] 969.7, 122.5, 7.911
[21:51:38] 969.9, 122.6, 7.931
[21:51:39] 970.2, 122.5, 7.934
[21:51:40] 970.5, 122.5, 7.938
[21:51:41] 970.9, 122.6, 7.938
[21:51:42] 971.2, 122.5, 7.928
[21:51:43] 971.5, 122.6, 7.925
[21:51:44] 971.8, 122.6, 7.921
[21:51:45] 972.0, 122.7, 7.933
[21:51:46] 972.3, 122.6, 7.931
[21:51:47] 972.6, 122.7, 7.940
[21:51:48] 973.0, 122.6, 7.935
[21:51:49] 973.3, 122.6, 7.939
[21:51:50] 906.3, 123.4, 5.188
[21:51:51] 640.0, 123.3, 5.183
[21:51:52] 639.9, 123.3, 5.178
[21:51:53] 639.7, 123.3, 5.180
