<<<[08:45:38] 655.1, 123.8, 5.203
[08:45:39] 644.7, 123.8, 5.198
[08:45:40] 644.6, 123.8, 5.197
[08:45:41] 654.4, 123.7, 5.423
[08:45:42] 670.5, 123.8, 5.457
[08:45:43] 671.0, 123.8, 5.341
[08:45:44] 663.0, 123.6, 5.339
[08:45:45] 663.3, 123.7, 5.433
[08:45:46] 663.8, 123.8, 5.247
[08:45:47] 650.8, 123.8, 5.250
[08:45:48] 650.7, 123.8, 5.211
[08:45:49] 650.1, 123.8, 5.209
[08:45:50] 649.6, 123.8, 5.198
[08:45:51] 658.7, 123.7, 5.443
[08:45:52] 725.4, 123.8, 5.198
[08:45:53] 644.1, 123.8, 5.193
[08:45:54] 644.0, 123.8, 5.192
[08:45:55] 644.0, 123.9, 5.196
[08:45:56] 654.6, 123.8, 5.422
[08:45:57] 725.6, 123.8, 5.192
[08:45:58] 643.7, 123.8, 5.189
[08:45:59] 643.6, 123.8, 5.189
[08:46:00] 643.6, 123.9, 5.188
[08:46:01] 652.8, 123.9, 5.427
[08:46:02] 726.6, 123.8, 5.190
[08:46:03] 643.6, 123.9, 5.189
[08:46:04] 643.5, 123.9, 5.191
[08:46:05] 643.7, 123.8, 5.193
[08:46:06] 650.6, 123.8, 5.442
[08:46:07] 727.4, 123.8, 5.194
[08:46:08] 643.6, 123.7, 5.195
[08:46:09] 643.5, 123.6, 5.195
[08:46:10] 643.5, 123.8, 5.189
[08:46:11] 644.0, 123.7, 5.454
[08:46:12] 728.6, 123.9, 5.190
[08:46:13] 643.4, 123.8, 5.190
[08:46:14] 643.4, 123.9, 5.192
[08:46:15] 643.4, 123.8, 5.189
[08:46:16] 643.4, 123.9, 5.467
[08:46:17] 730.6, 123.8, 5.192
[08:46:18] 643.4, 123.9, 5.187
[08:46:19] 643.3, 123.8, 5.186
[08:46:20] 643.3, 123.8, 5.187
[08:46:21] 643.2, 123.8, 5.496
[08:46:22] 726.0, 123.8, 5.189
[08:46:23] 644.1, 123.8, 5.190
[08:46:24] 644.0, 123.8, 5.189
[08:46:25] 644.0, 123.7, 5.196
[08:46:26] 644.0, 123.3, 7.204
[08:46:27] 766.0, 123.8, 5.194
[08:46:28] 643.2, 123.7, 5.189
[08:46:29] 643.1, 123.8, 5.193
[08:46:30] 643.1, 123.7, 5.192
[08:46:31] 643.1, 123.2, 7.752
[08:46:32] 796.9, 123.8, 5.191
[08:46:33] 643.2, 123.7, 5.192
[08:46:34] 643.1, 123.8, 5.187
[08:46:35] 643.1, 123.8, 5.190
[08:46:36] 643.1, 123.5, 5.900
[08:46:37] 813.4, 123.7, 5.577
[08:46:38] 736.1, 123.8, 5.192
[08:46:39] 643.4, 123.8, 5.192
[08:46:40] 643.3, 123.9, 5.185
[08:46:41] 643.3, 123.7, 5.186
[08:46:42] 643.2, 123.0, 8.019
[08:46:43] 983.5, 123.6, 5.627
[08:46:44] 741.2, 123.6, 5.203
[08:46:45] 644.1, 123.6, 5.204
[08:46:46] 644.0, 123.7, 5.195
[08:46:47] 643.9, 123.7, 5.197
[08:46:48] 643.8, 123.0, 8.025
[08:46:49] 977.8, 123.0, 8.056
[08:46:50] 992.0, 123.6, 5.666
[08:46:51] 746.7, 123.6, 5.213
[08:46:52] 644.5, 123.7, 5.201
[08:46:53] 644.3, 123.7, 5.202
[08:46:54] 644.2, 123.6, 5.197
[08:46:55] 644.1, 123.0, 7.998
[08:46:56] 968.1, 123.1, 8.056
[08:46:57] 992.7, 123.1, 8.064
[08:46:58] 992.8, 123.0, 8.073
[08:46:59] 993.1, 123.7, 5.700
[08:47:00] 755.0, 123.8, 5.212
[08:47:01] 645.3, 123.8, 5.205
[08:47:02] 645.2, 123.8, 5.204
[08:47:03] 645.1, 123.7, 5.200
[08:47:04] 644.9, 123.0, 8.024
[08:47:05] 951.2, 123.0, 8.031
[08:47:06] 992.5, 123.1, 8.069
[08:47:07] 992.7, 123.1, 8.071
[08:47:08] 993.1, 123.1, 8.081
[08:47:09] 993.5, 123.0, 8.088
[08:47:10] 994.0, 123.1, 8.089
[08:47:11] 994.4, 123.0, 8.102
[08:47:12] 995.0, 123.3, 7.291
[08:47:13] 818.1, 123.9, 5.227
[08:47:14] 647.7, 123.9, 5.213
[08:47:15] 647.5, 123.8, 5.214
[08:47:16] 647.3, 123.7, 5.207
[08:47:17] 647.0, 123.0, 8.005
[08:47:18] 917.9, 122.9, 8.073
[08:47:19] 994.5, 123.0, 8.083
[08:47:20] 994.7, 123.1, 8.092
[08:47:21] 995.0, 123.1, 8.090
[08:47:22] 995.3, 123.0, 8.106
[08:47:23] 995.8, 123.1, 8.102
[08:47:24] 996.1, 123.0, 8.106
[08:47:25] 996.5, 123.1, 8.085
[08:47:26] 996.8, 123.1, 8.111
[08:47:27] 997.3, 123.1, 8.118
[08:47:28] 997.7, 123.1, 8.114
[08:47:29] 998.0, 123.2, 8.114
[08:47:30] 998.4, 123.2, 8.118
[08:47:31] 998.7, 123.0, 8.124
[08:47:32] 999.1, 123.2, 8.125
[08:47:33] 999.4, 123.6, 6.148
[08:47:34] 794.7, 123.9, 5.238
[08:47:35] 649.1, 123.7, 5.231
[08:47:36] 648.9, 123.8, 5.223
[08:47:37] 648.6, 123.6, 5.219
[08:47:38] 648.2, 123.7, 5.215
