<<<[05:43:56] 653.5, 124.6, 5.255
[05:43:57] 653.7, 124.7, 5.163
[05:43:58] 646.5, 124.6, 5.156
[05:43:59] 646.8, 124.7, 5.331
[05:44:00] 668.0, 124.6, 5.309
[05:44:01] 667.5, 124.6, 5.372
[05:44:02] 667.1, 124.5, 5.319
[05:44:03] 667.0, 124.6, 5.317
[05:44:04] 667.1, 124.7, 5.209
[05:44:05] 653.6, 124.7, 5.161
[05:44:06] 643.6, 124.7, 5.157
[05:44:07] 643.5, 124.6, 5.163
[05:44:08] 643.6, 124.6, 5.162
[05:44:09] 643.5, 124.2, 6.955
[05:44:10] 739.6, 124.7, 5.155
[05:44:11] 643.2, 124.7, 5.156
[05:44:12] 643.1, 124.7, 5.150
[05:44:13] 643.0, 124.6, 5.150
[05:44:14] 642.9, 124.2, 6.887
[05:44:15] 732.5, 124.7, 5.160
[05:44:16] 643.6, 124.6, 5.153
[05:44:17] 643.5, 124.7, 5.151
[05:44:18] 643.3, 124.7, 5.153
[05:44:19] 643.3, 124.1, 6.870
[05:44:20] 733.3, 124.7, 5.158
[05:44:21] 643.0, 124.7, 5.156
[05:44:22] 643.0, 124.6, 5.153
[05:44:23] 642.9, 124.7, 5.152
[05:44:24] 642.9, 124.2, 6.832
[05:44:25] 732.3, 124.7, 5.154
[05:44:26] 643.0, 124.7, 5.152
[05:44:27] 642.9, 124.5, 5.156
[05:44:28] 642.8, 124.8, 5.147
[05:44:29] 642.8, 124.2, 6.787
[05:44:30] 730.4, 124.7, 5.148
[05:44:31] 642.4, 124.7, 5.154
[05:44:32] 642.4, 124.7, 5.150
[05:44:33] 642.4, 124.8, 5.147
[05:44:34] 642.4, 124.4, 6.732
[05:44:35] 728.4, 124.7, 5.149
[05:44:36] 642.6, 124.8, 5.146
[05:44:37] 642.5, 124.8, 5.143
[05:44:38] 642.5, 124.7, 5.148
[05:44:39] 642.5, 124.3, 6.653
[05:44:40] 725.0, 124.8, 5.145
[05:44:41] 642.6, 124.8, 5.151
[05:44:42] 642.5, 124.7, 5.149
[05:44:43] 642.5, 124.7, 5.147
[05:44:44] 642.5, 124.5, 5.974
[05:44:45] 765.8, 124.8, 5.148
[05:44:46] 641.8, 124.8, 5.143
[05:44:47] 641.8, 124.7, 5.146
[05:44:48] 641.8, 124.8, 5.145
[05:44:49] 641.9, 124.8, 5.145
[05:44:50] 751.0, 124.8, 5.151
[05:44:51] 642.4, 124.7, 5.145
[05:44:52] 642.4, 124.8, 5.144
[05:44:53] 642.4, 124.8, 5.145
[05:44:54] 642.3, 124.8, 5.139
[05:44:55] 711.7, 124.8, 5.599
[05:44:56] 747.9, 124.7, 5.151
[05:44:57] 643.0, 124.7, 5.147
[05:44:58] 642.9, 124.8, 5.146
[05:44:59] 642.7, 124.8, 5.148
[05:45:00] 642.7, 124.0, 7.751
[05:45:01] 906.1, 124.7, 5.194
[05:45:02] 690.6, 124.7, 5.154
[05:45:03] 642.8, 124.6, 5.153
[05:45:04] 642.7, 124.8, 5.146
[05:45:05] 642.7, 124.7, 5.148
[05:45:06] 682.3, 124.1, 7.767
[05:45:07] 965.8, 124.3, 7.205
[05:45:08] 816.2, 124.7, 5.159
[05:45:09] 644.5, 124.6, 5.153
[05:45:10] 644.3, 124.8, 5.151
[05:45:11] 644.2, 124.7, 5.150
[05:45:12] 644.2, 124.1, 7.607
[05:45:13] 863.2, 123.9, 7.795
[05:45:14] 968.5, 124.1, 7.810
[05:45:15] 968.7, 124.6, 5.769
[05:45:16] 761.5, 124.8, 5.168
[05:45:17] 645.3, 124.7, 5.159
[05:45:18] 645.0, 124.8, 5.153
[05:45:19] 644.8, 124.8, 5.151
[05:45:20] 644.6, 124.1, 7.738
[05:45:21] 900.8, 124.0, 7.807
[05:45:22] 969.9, 124.1, 7.816
[05:45:23] 970.0, 124.0, 7.833
[05:45:24] 970.2, 124.1, 7.834
[05:45:25] 970.6, 124.0, 7.842
[05:45:26] 970.8, 124.7, 5.237
[05:45:27] 700.4, 124.7, 5.181
[05:45:28] 646.5, 124.7, 5.170
[05:45:29] 646.3, 124.8, 5.166
[05:45:30] 646.1, 124.7, 5.163
[05:45:31] 646.4, 124.0, 7.775
[05:45:32] 968.7, 124.1, 7.816
[05:45:33] 969.0, 124.0, 7.828
[05:45:34] 969.5, 124.1, 7.839
[05:45:35] 969.9, 124.1, 7.845
[05:45:36] 970.5, 124.1, 7.853
[05:45:37] 975.8, 124.1, 7.843
[05:45:38] 975.6, 124.1, 7.856
[05:45:39] 975.6, 124.0, 7.850
[05:45:40] 975.5, 124.0, 7.856
[05:45:41] 975.6, 124.1, 7.853
[05:45:42] 975.6, 124.0, 7.861
[05:45:43] 839.6, 124.7, 5.186
[05:45:44] 647.9, 124.8, 5.178
[05:45:45] 647.7, 124.8, 5.167
[05:45:46] 647.4, 124.8, 5.166
