<<<[05:39:25] 659.0, 124.7, 5.183
[05:39:26] 649.9, 124.8, 5.189
[05:39:27] 649.3, 124.7, 5.372
[05:39:28] 667.4, 124.8, 5.377
[05:39:29] 667.5, 124.8, 5.360
[05:39:30] 667.6, 124.7, 5.333
[05:39:31] 667.6, 124.7, 5.392
[05:39:32] 667.6, 124.6, 5.341
[05:39:33] 667.5, 124.7, 5.364
[05:39:34] 667.6, 124.7, 5.355
[05:39:35] 667.5, 124.7, 5.333
[05:39:36] 667.5, 124.7, 5.388
[05:39:37] 667.6, 124.7, 5.344
[05:39:38] 667.5, 124.7, 5.350
[05:39:39] 667.5, 124.6, 5.364
[05:39:40] 667.4, 124.6, 5.328
[05:39:41] 667.5, 124.6, 5.339
[05:39:42] 667.4, 124.7, 5.344
[05:39:43] 667.5, 124.7, 5.336
[05:39:44] 667.4, 124.6, 5.336
[05:39:45] 667.3, 124.6, 5.452
[05:39:46] 673.5, 124.7, 5.333
[05:39:47] 666.8, 124.7, 5.333
[05:39:48] 667.0, 124.6, 5.342
[05:39:49] 667.0, 124.7, 5.360
[05:39:50] 667.1, 124.6, 5.466
[05:39:51] 680.4, 124.6, 5.335
[05:39:52] 665.2, 124.6, 5.335
[05:39:53] 665.4, 124.6, 5.456
[05:39:54] 665.8, 124.7, 5.330
[05:39:55] 665.9, 124.5, 5.342
[05:39:56] 666.2, 124.7, 5.339
[05:39:57] 666.7, 124.6, 5.421
[05:39:58] 666.6, 124.6, 5.329
[05:39:59] 666.9, 124.6, 5.359
[05:40:00] 666.6, 124.6, 5.331
[05:40:01] 666.5, 124.5, 5.469
[05:40:02] 677.8, 124.6, 5.436
[05:40:03] 677.7, 124.6, 5.401
[05:40:04] 671.3, 124.5, 5.363
[05:40:05] 670.8, 124.6, 5.234
[05:40:06] 654.0, 124.7, 5.183
[05:40:07] 644.3, 124.7, 5.188
[05:40:08] 644.3, 124.7, 5.182
[05:40:09] 644.4, 124.7, 5.185
[05:40:10] 644.4, 124.2, 6.908
[05:40:11] 741.8, 124.6, 5.179
[05:40:12] 644.3, 124.7, 5.174
[05:40:13] 644.2, 124.8, 5.158
[05:40:14] 644.1, 124.7, 5.172
[05:40:15] 644.0, 124.3, 6.856
[05:40:16] 735.3, 124.8, 5.174
[05:40:17] 644.1, 124.8, 5.174
[05:40:18] 644.0, 124.7, 5.173
[05:40:19] 644.0, 124.8, 5.182
[05:40:20] 644.0, 124.2, 6.844
[05:40:21] 730.2, 124.7, 5.174
[05:40:22] 643.9, 124.8, 5.172
[05:40:23] 643.8, 124.7, 5.171
[05:40:24] 643.8, 124.7, 5.168
[05:40:25] 643.7, 124.7, 5.259
[05:40:26] 767.8, 124.7, 5.176
[05:40:27] 643.4, 124.7, 5.172
[05:40:28] 643.4, 124.8, 5.171
[05:40:29] 643.4, 124.7, 5.153
[05:40:30] 643.4, 124.8, 5.170
[05:40:31] 748.7, 124.6, 5.611
[05:40:32] 738.0, 124.7, 5.174
[05:40:33] 643.7, 124.8, 5.172
[05:40:34] 643.6, 124.7, 5.170
[05:40:35] 643.6, 124.8, 5.170
[05:40:36] 644.0, 124.0, 7.890
[05:40:37] 891.4, 124.8, 5.179
[05:40:38] 643.9, 124.7, 5.171
[05:40:39] 643.8, 124.6, 5.174
[05:40:40] 643.7, 124.7, 5.174
[05:40:41] 643.7, 124.6, 5.172
[05:40:42] 780.9, 124.1, 7.896
[05:40:43] 960.3, 124.6, 5.188
[05:40:44] 644.3, 124.7, 5.178
[05:40:45] 644.2, 124.7, 5.154
[05:40:46] 644.1, 124.7, 5.170
[05:40:47] 644.0, 124.7, 5.172
[05:40:48] 713.2, 124.0, 7.902
[05:40:49] 980.9, 124.0, 7.915
[05:40:50] 981.1, 124.5, 5.738
[05:40:51] 761.1, 124.7, 5.184
[05:40:52] 644.7, 124.6, 5.178
[05:40:53] 644.6, 124.7, 5.178
[05:40:54] 644.5, 124.7, 5.175
[05:40:55] 644.4, 123.9, 7.879
[05:40:56] 917.4, 124.0, 7.910
[05:40:57] 982.3, 124.0, 7.921
[05:40:58] 982.4, 123.9, 7.929
[05:40:59] 982.7, 124.0, 7.932
[05:41:00] 982.7, 124.7, 5.240
[05:41:01] 697.5, 124.6, 5.175
[05:41:02] 645.1, 124.7, 5.183
[05:41:03] 645.0, 124.6, 5.181
[05:41:04] 644.9, 124.6, 5.179
[05:41:05] 650.4, 124.0, 7.902
[05:41:06] 982.3, 124.0, 7.916
[05:41:07] 982.4, 124.0, 7.929
[05:41:08] 982.6, 124.0, 7.939
[05:41:09] 983.0, 123.9, 7.944
[05:41:10] 983.4, 124.0, 7.946
[05:41:11] 983.7, 123.9, 7.951
[05:41:12] 984.1, 123.9, 7.958
[05:41:13] 984.5, 123.9, 7.950
[05:41:14] 984.9, 124.0, 7.954
[05:41:15] 899.8, 124.6, 5.203
[05:41:16] 646.7, 124.7, 5.192
[05:41:17] 646.5, 124.7, 5.172
[05:41:18] 646.3, 124.6, 5.183
[05:41:19] 646.1, 124.7, 5.186
[05:41:20] 797.1, 123.9, 7.918
[05:41:21] 982.9, 124.0, 7.930
[05:41:22] 983.1, 124.0, 7.937
[05:41:23] 983.4, 123.9, 7.943
[05:41:24] 983.7, 124.0, 7.947
[05:41:25] 984.1, 124.0, 7.949
[05:41:26] 984.5, 124.0, 7.962
[05:41:27] 984.9, 124.0, 7.957
[05:41:28] 985.2, 123.9, 7.956
[05:41:29] 985.6, 123.9, 7.961
[05:41:30] 985.9, 124.0, 7.964
[05:41:31] 986.3, 123.9, 7.967
[05:41:32] 986.6, 123.9, 7.966
[05:41:33] 986.8, 123.9, 7.966
[05:41:34] 987.1, 124.0, 7.959
[05:41:35] 987.4, 124.0, 7.953
[05:41:36] 987.3, 124.0, 7.950
[05:41:37] 987.4, 124.0, 7.958
[05:41:38] 987.5, 124.0, 7.954
[05:41:39] 906.3, 124.7, 5.211
[05:41:40] 648.1, 124.6, 5.200
[05:41:41] 647.9, 124.6, 5.200
[05:41:42] 647.7, 124.7, 5.191
