<<<[23:19:13] 650.5, 124.1, 5.247
[23:19:14] 650.6, 124.3, 5.140
[23:19:15] 641.4, 124.2, 5.171
[23:19:16] 647.5, 124.2, 5.227
[23:19:17] 648.0, 124.2, 5.215
[23:19:18] 647.8, 124.3, 5.138
[23:19:19] 638.8, 124.2, 5.141
[23:19:20] 638.7, 124.3, 5.131
[23:19:21] 638.7, 123.8, 6.760
[23:19:22] 734.1, 124.3, 5.131
[23:19:23] 638.2, 124.2, 5.131
[23:19:24] 638.1, 124.3, 5.133
[23:19:25] 638.1, 124.3, 5.127
[23:19:26] 638.1, 123.8, 6.699
[23:19:27] 730.8, 124.3, 5.133
[23:19:28] 638.2, 124.2, 5.130
[23:19:29] 638.1, 124.3, 5.130
[23:19:30] 638.1, 124.2, 5.129
[23:19:31] 638.0, 123.9, 6.650
[23:19:32] 730.0, 124.3, 5.126
[23:19:33] 637.6, 124.1, 5.123
[23:19:34] 637.5, 124.2, 5.122
[23:19:35] 637.5, 124.3, 5.122
[23:19:36] 637.4, 123.8, 6.591
[23:19:37] 728.8, 124.3, 5.123
[23:19:38] 637.3, 124.2, 5.127
[23:19:39] 637.3, 124.2, 5.130
[23:19:40] 637.3, 124.1, 5.127
[23:19:41] 637.4, 123.8, 6.497
[23:19:42] 727.4, 124.3, 5.130
[23:19:43] 637.6, 124.2, 5.127
[23:19:44] 637.7, 124.3, 5.126
[23:19:45] 637.8, 124.2, 5.128
[23:19:46] 637.9, 123.9, 6.333
[23:19:47] 723.9, 124.2, 5.136
[23:19:48] 637.5, 124.2, 5.125
[23:19:49] 637.5, 124.3, 5.127
[23:19:50] 637.5, 124.2, 5.124
[23:19:51] 637.5, 124.0, 5.900
[23:19:52] 717.4, 124.2, 5.122
[23:19:53] 637.6, 124.2, 5.125
[23:19:54] 637.5, 124.2, 5.123
[23:19:55] 637.5, 124.3, 5.125
[23:19:56] 637.5, 124.2, 5.124
[23:19:57] 749.3, 124.2, 5.128
[23:19:58] 641.4, 124.3, 5.122
[23:19:59] 640.8, 124.2, 5.130
[23:20:00] 640.5, 124.2, 5.124
[23:20:01] 640.3, 124.3, 5.123
[23:20:02] 725.0, 124.3, 5.180
[23:20:03] 692.8, 124.2, 5.131
[23:20:04] 637.5, 124.2, 5.126
[23:20:05] 637.4, 124.3, 5.123
[23:20:06] 637.4, 124.2, 5.129
[23:20:07] 658.9, 123.7, 7.180
[23:20:08] 804.4, 124.3, 5.127
[23:20:09] 638.0, 124.2, 5.126
[23:20:10] 637.9, 124.2, 5.124
[23:20:11] 637.8, 124.2, 5.127
[23:20:12] 637.8, 123.8, 6.979
[23:20:13] 805.4, 123.8, 7.162
[23:20:14] 805.3, 124.3, 5.131
[23:20:15] 638.2, 124.3, 5.132
[23:20:16] 638.1, 124.2, 5.122
[23:20:17] 638.0, 124.2, 5.124
[23:20:18] 637.9, 123.8, 7.193
[23:20:19] 820.5, 123.6, 7.415
[23:20:20] 918.7, 124.1, 5.959
[23:20:21] 754.8, 124.3, 5.139
[23:20:22] 638.8, 124.3, 5.137
[23:20:23] 638.8, 124.3, 5.131
[23:20:24] 638.6, 124.4, 5.123
[23:20:25] 638.6, 123.8, 7.356
[23:20:26] 854.4, 123.7, 7.418
[23:20:27] 919.5, 123.8, 7.429
[23:20:28] 919.7, 123.7, 7.438
[23:20:29] 919.9, 124.3, 5.220
[23:20:30] 700.2, 124.3, 5.138
[23:20:31] 639.6, 124.2, 5.137
[23:20:32] 639.4, 124.3, 5.131
[23:20:33] 639.3, 124.3, 5.126
[23:20:34] 639.6, 123.8, 7.407
[23:20:35] 918.3, 123.7, 7.429
[23:20:36] 918.5, 123.7, 7.434
[23:20:37] 918.9, 123.6, 7.447
[23:20:38] 919.2, 123.6, 7.451
[23:20:39] 919.7, 123.6, 7.459
[23:20:40] 920.2, 123.6, 7.462
[23:20:41] 920.6, 123.7, 7.390
[23:20:42] 870.1, 124.1, 5.165
[23:20:43] 640.8, 124.2, 5.146
[23:20:44] 640.6, 124.1, 5.138
[23:20:45] 640.4, 124.2, 5.135
[23:20:46] 640.1, 123.9, 5.827
[23:20:47] 778.6, 123.6, 7.429
[23:20:48] 920.5, 123.6, 7.442
[23:20:49] 920.5, 123.6, 7.452
[23:20:50] 920.8, 123.5, 7.462
[23:20:51] 921.2, 123.7, 7.468
[23:20:52] 921.5, 123.5, 7.468
[23:20:53] 921.9, 123.5, 7.478
[23:20:54] 922.2, 123.6, 7.470
[23:20:55] 922.5, 123.5, 7.478
[23:20:56] 922.9, 123.6, 7.478
[23:20:57] 923.2, 123.6, 7.488
[23:20:58] 923.6, 123.7, 7.469
[23:20:59] 923.8, 123.6, 7.489
[23:21:00] 924.0, 123.6, 7.473
[23:21:01] 924.2, 123.9, 7.245
[23:21:02] 789.6, 124.2, 5.164
[23:21:03] 641.8, 124.1, 5.160
[23:21:04] 641.6, 124.2, 5.151
[23:21:05] 641.6, 124.1, 5.154
