<<<[07:11:04] 644.2, 124.2, 5.182
[07:11:05] 644.1, 124.2, 5.176
[07:11:06] 644.0, 124.2, 5.227
[07:11:07] 653.6, 124.1, 5.303
[07:11:08] 653.9, 124.1, 5.193
[07:11:09] 647.5, 124.2, 5.180
[07:11:10] 647.0, 124.1, 5.179
[07:11:11] 646.6, 124.2, 5.183
[07:11:12] 646.3, 124.2, 5.177
[07:11:13] 739.6, 124.2, 5.182
[07:11:14] 643.4, 124.1, 5.174
[07:11:15] 643.4, 124.3, 5.173
[07:11:16] 643.4, 124.1, 5.174
[07:11:17] 643.4, 124.2, 5.176
[07:11:18] 735.5, 124.1, 5.181
[07:11:19] 643.2, 124.2, 5.179
[07:11:20] 643.2, 124.1, 5.178
[07:11:21] 643.3, 124.1, 5.183
[07:11:22] 643.3, 124.2, 5.179
[07:11:23] 735.3, 124.1, 5.183
[07:11:24] 643.4, 124.2, 5.179
[07:11:25] 643.3, 124.2, 5.176
[07:11:26] 643.3, 124.1, 5.178
[07:11:27] 643.4, 124.2, 5.182
[07:11:28] 734.1, 124.2, 5.180
[07:11:29] 643.4, 124.1, 5.179
[07:11:30] 643.4, 124.1, 5.181
[07:11:31] 643.4, 124.2, 5.177
[07:11:32] 643.4, 124.2, 5.174
[07:11:33] 732.1, 124.1, 5.180
[07:11:34] 643.7, 124.2, 5.171
[07:11:35] 643.6, 124.2, 5.177
[07:11:36] 643.6, 124.3, 5.170
[07:11:37] 643.6, 124.2, 5.173
[07:11:38] 729.4, 124.2, 5.179
[07:11:39] 644.1, 124.2, 5.175
[07:11:40] 643.9, 124.2, 5.175
[07:11:41] 643.9, 124.1, 5.173
[07:11:42] 643.8, 124.2, 5.175
[07:11:43] 724.8, 124.2, 5.177
[07:11:44] 644.7, 124.1, 5.174
[07:11:45] 644.5, 124.2, 5.173
[07:11:46] 644.3, 124.1, 5.174
[07:11:47] 644.2, 124.1, 5.173
[07:11:48] 714.6, 124.2, 5.182
[07:11:49] 646.1, 124.1, 5.178
[07:11:50] 645.7, 124.2, 5.178
[07:11:51] 645.5, 124.2, 5.173
[07:11:52] 645.2, 124.2, 5.174
[07:11:53] 697.5, 124.3, 5.226
[07:11:54] 697.4, 124.1, 5.176
[07:11:55] 643.6, 124.2, 5.176
[07:11:56] 643.7, 124.2, 5.175
[07:11:57] 643.8, 124.3, 5.172
[07:11:58] 657.1, 123.8, 7.191
[07:11:59] 803.4, 124.2, 5.174
[07:12:00] 643.4, 124.2, 5.174
[07:12:01] 643.4, 124.1, 5.177
[07:12:02] 643.4, 124.1, 5.179
[07:12:03] 643.4, 123.6, 7.355
[07:12:04] 843.5, 124.1, 5.240
[07:12:05] 699.7, 124.1, 5.180
[07:12:06] 643.7, 124.2, 5.179
[07:12:07] 643.7, 124.2, 5.176
[07:12:08] 643.6, 124.2, 5.175
[07:12:09] 681.3, 123.5, 7.409
[07:12:10] 918.5, 124.1, 5.953
[07:12:11] 753.4, 124.1, 5.184
[07:12:12] 644.3, 124.1, 5.178
[07:12:13] 644.2, 124.2, 5.178
[07:12:14] 644.3, 124.2, 5.185
[07:12:15] 644.2, 123.6, 7.413
[07:12:16] 898.7, 123.6, 7.433
[07:12:17] 920.7, 123.7, 7.369
[07:12:18] 867.0, 124.1, 5.198
[07:12:19] 645.9, 124.1, 5.190
[07:12:20] 645.7, 124.1, 5.185
[07:12:21] 645.5, 124.1, 5.182
[07:12:22] 645.4, 123.8, 6.049
[07:12:23] 784.5, 123.5, 7.440
[07:12:24] 920.7, 123.5, 7.451
[07:12:25] 920.9, 123.4, 7.460
[07:12:26] 921.1, 123.6, 7.462
[07:12:27] 921.5, 123.6, 7.256
[07:12:28] 814.4, 124.2, 5.200
[07:12:29] 646.5, 124.2, 5.191
[07:12:30] 646.3, 124.2, 5.186
[07:12:31] 646.2, 124.2, 5.186
[07:12:32] 646.0, 123.6, 7.333
[07:12:33] 840.8, 123.7, 7.447
[07:12:34] 922.3, 123.5, 7.455
[07:12:35] 922.3, 123.6, 7.461
[07:12:36] 922.5, 123.7, 7.466
[07:12:37] 922.8, 123.7, 7.472
[07:12:38] 923.1, 123.7, 7.472
[07:12:39] 923.4, 123.5, 7.480
[07:12:40] 923.8, 123.6, 7.485
[07:12:41] 924.1, 123.6, 7.486
[07:12:42] 924.1, 124.2, 5.286
[07:12:43] 708.7, 124.2, 5.206
[07:12:44] 647.1, 124.2, 5.203
[07:12:45] 647.0, 124.1, 5.194
[07:12:46] 646.8, 124.1, 5.190
[07:12:47] 675.6, 123.6, 7.440
[07:12:48] 921.5, 123.6, 7.462
[07:12:49] 921.7, 123.5, 7.474
[07:12:50] 922.1, 123.6, 7.483
[07:12:51] 922.6, 123.6, 7.483
[07:12:52] 923.1, 123.6, 7.483
[07:12:53] 923.5, 123.6, 7.488
[07:12:54] 923.9, 123.7, 7.486
[07:12:55] 924.3, 123.6, 7.491
[07:12:56] 924.7, 123.5, 7.498
[07:12:57] 925.0, 123.6, 7.498
[07:12:58] 925.4, 123.6, 7.495
[07:12:59] 925.7, 123.5, 7.504
[07:13:00] 926.1, 123.5, 7.499
[07:13:01] 926.4, 123.5, 7.514
[07:13:02] 926.8, 123.4, 7.517
[07:13:03] 927.1, 123.5, 7.516
[07:13:04] 927.5, 123.6, 7.512
[07:13:05] 927.7, 123.6, 7.513
[07:13:06] 928.0, 124.1, 5.248
[07:13:07] 676.4, 124.1, 5.220
[07:13:08] 648.7, 124.0, 5.209
[07:13:09] 648.5, 124.0, 5.206
