<<<[07:14:55] 646.7, 125.0, 5.164
[07:14:56] 646.7, 125.0, 5.170
[07:14:57] 646.7, 125.0, 5.324
[07:14:58] 658.9, 125.1, 5.175
[07:14:59] 647.5, 125.0, 5.167
[07:15:00] 647.4, 125.0, 5.172
[07:15:01] 647.3, 125.1, 5.170
[07:15:02] 647.3, 125.1, 5.189
[07:15:03] 665.2, 125.0, 5.352
[07:15:04] 725.0, 125.0, 5.167
[07:15:05] 646.3, 125.0, 5.164
[07:15:06] 646.3, 125.0, 5.171
[07:15:07] 646.3, 125.0, 5.168
[07:15:08] 659.1, 125.0, 5.364
[07:15:09] 726.0, 125.0, 5.167
[07:15:10] 646.3, 124.9, 5.170
[07:15:11] 646.3, 124.9, 5.168
[07:15:12] 646.3, 125.0, 5.173
[07:15:13] 658.3, 125.0, 5.373
[07:15:14] 727.0, 125.0, 5.175
[07:15:15] 646.5, 124.9, 5.176
[07:15:16] 646.5, 124.9, 5.171
[07:15:17] 646.5, 125.0, 5.165
[07:15:18] 656.3, 125.0, 5.389
[07:15:19] 727.8, 125.0, 5.167
[07:15:20] 646.3, 125.0, 5.164
[07:15:21] 646.2, 125.0, 5.165
[07:15:22] 646.2, 125.0, 5.168
[07:15:23] 654.4, 125.0, 5.394
[07:15:24] 728.8, 125.0, 5.165
[07:15:25] 646.1, 125.0, 5.161
[07:15:26] 646.1, 125.0, 5.176
[07:15:27] 646.0, 124.9, 5.164
[07:15:28] 653.0, 124.9, 5.405
[07:15:29] 729.6, 125.0, 5.164
[07:15:30] 646.1, 125.0, 5.170
[07:15:31] 646.0, 124.9, 5.171
[07:15:32] 646.0, 125.0, 5.161
[07:15:33] 646.6, 125.0, 5.416
[07:15:34] 730.9, 125.0, 5.174
[07:15:35] 645.9, 124.9, 5.164
[07:15:36] 645.9, 124.9, 5.175
[07:15:37] 646.0, 124.9, 5.165
[07:15:38] 646.2, 125.0, 5.433
[07:15:39] 732.3, 125.0, 5.177
[07:15:40] 646.3, 125.0, 5.159
[07:15:41] 646.2, 124.9, 5.171
[07:15:42] 646.3, 124.9, 5.175
[07:15:43] 646.3, 124.9, 5.442
[07:15:44] 730.6, 125.0, 5.172
[07:15:45] 646.3, 125.0, 5.160
[07:15:46] 646.2, 125.0, 5.169
[07:15:47] 646.2, 124.9, 5.177
[07:15:48] 646.2, 124.9, 5.457
[07:15:49] 723.5, 124.9, 5.161
[07:15:50] 646.1, 125.1, 5.174
[07:15:51] 646.0, 125.1, 5.158
[07:15:52] 646.0, 125.0, 5.161
[07:15:53] 646.0, 124.5, 7.168
[07:15:54] 759.1, 125.0, 5.174
[07:15:55] 646.3, 125.0, 5.172
[07:15:56] 646.2, 125.0, 5.157
[07:15:57] 646.1, 125.0, 5.158
[07:15:58] 646.1, 124.3, 7.642
[07:15:59] 830.5, 124.9, 5.168
[07:16:00] 646.5, 125.0, 5.171
[07:16:01] 646.4, 125.0, 5.161
[07:16:02] 646.4, 124.9, 5.167
[07:16:03] 646.3, 124.9, 5.169
[07:16:04] 766.8, 124.6, 7.171
[07:16:05] 805.2, 125.0, 5.166
[07:16:06] 646.7, 124.9, 5.177
[07:16:07] 646.6, 125.0, 5.165
[07:16:08] 646.6, 125.0, 5.159
[07:16:09] 646.4, 124.3, 7.710
[07:16:10] 887.4, 124.4, 7.649
[07:16:11] 876.0, 125.1, 5.175
[07:16:12] 647.3, 125.0, 5.171
[07:16:13] 647.3, 124.9, 5.161
[07:16:14] 647.1, 125.1, 5.167
[07:16:15] 646.9, 124.6, 5.875
[07:16:16] 806.5, 124.3, 7.797
[07:16:17] 971.3, 124.4, 7.817
[07:16:18] 971.5, 124.9, 5.584
[07:16:19] 742.0, 125.0, 5.176
[07:16:20] 647.3, 125.0, 5.172
[07:16:21] 647.2, 125.0, 5.164
[07:16:22] 647.1, 124.9, 5.170
[07:16:23] 646.9, 124.3, 7.789
[07:16:24] 968.5, 124.4, 7.818
[07:16:25] 969.1, 124.3, 7.827
[07:16:26] 974.2, 124.4, 7.830
[07:16:27] 974.3, 124.3, 7.842
[07:16:28] 974.5, 124.9, 5.612
[07:16:29] 744.9, 125.0, 5.182
[07:16:30] 648.7, 125.0, 5.186
[07:16:31] 648.5, 124.9, 5.197
[07:16:32] 648.5, 125.0, 5.167
[07:16:33] 648.5, 124.4, 7.796
[07:16:34] 971.7, 124.3, 7.822
[07:16:35] 971.9, 124.3, 7.828
[07:16:36] 972.3, 124.4, 7.841
[07:16:37] 972.9, 124.4, 7.844
[07:16:38] 973.5, 124.4, 7.857
[07:16:39] 974.1, 124.4, 7.858
[07:16:40] 974.7, 124.4, 7.853
[07:16:41] 975.2, 124.4, 7.863
[07:16:42] 975.7, 124.4, 7.871
[07:16:43] 976.0, 125.0, 5.237
[07:16:44] 697.3, 125.0, 5.192
[07:16:45] 649.7, 125.0, 5.184
[07:16:46] 649.6, 125.0, 5.186
[07:16:47] 649.4, 125.0, 5.175
[07:16:48] 656.3, 124.3, 7.818
[07:16:49] 974.0, 124.4, 7.835
[07:16:50] 974.1, 124.4, 7.842
[07:16:51] 974.5, 124.3, 7.857
[07:16:52] 975.0, 124.4, 7.862
[07:16:53] 975.5, 124.4, 7.859
[07:16:54] 975.9, 124.3, 7.874
[07:16:55] 976.4, 124.3, 7.871
[07:16:56] 976.9, 124.3, 7.874
[07:16:57] 977.3, 124.3, 7.879
[07:16:58] 977.7, 124.3, 7.865
[07:16:59] 978.1, 124.4, 7.873
[07:17:00] 978.4, 124.3, 7.878
[07:17:01] 978.7, 124.3, 7.876
[07:17:02] 979.1, 124.3, 7.893
[07:17:03] 979.3, 124.3, 7.882
[07:17:04] 979.6, 124.3, 7.886
[07:17:05] 979.8, 124.3, 7.892
[07:17:06] 980.0, 124.3, 7.888
[07:17:07] 980.3, 124.2, 7.890
[07:17:08] 963.4, 124.9, 5.220
[07:17:09] 652.8, 124.9, 5.202
[07:17:10] 652.6, 124.9, 5.207
[07:17:11] 652.2, 125.0, 5.189
