<<<[06:34:54] 657.1, 124.8, 5.196
[06:34:55] 648.5, 124.8, 5.220
[06:34:56] 648.6, 124.8, 5.211
[06:34:57] 648.7, 124.7, 5.382
[06:34:58] 669.7, 124.7, 5.385
[06:34:59] 669.5, 124.8, 5.360
[06:35:00] 669.4, 124.7, 5.351
[06:35:01] 669.2, 124.7, 5.405
[06:35:02] 669.4, 124.7, 5.342
[06:35:03] 669.3, 124.8, 5.362
[06:35:04] 669.2, 124.8, 5.389
[06:35:05] 669.2, 124.8, 5.374
[06:35:06] 669.1, 124.8, 5.352
[06:35:07] 669.1, 124.8, 5.371
[06:35:08] 669.0, 124.8, 5.349
[06:35:09] 668.9, 124.8, 5.382
[06:35:10] 668.9, 124.8, 5.329
[06:35:11] 668.7, 124.7, 5.357
[06:35:12] 668.7, 124.7, 5.390
[06:35:13] 668.7, 124.7, 5.361
[06:35:14] 668.7, 124.7, 5.364
[06:35:15] 668.7, 124.7, 5.356
[06:35:16] 668.5, 124.7, 5.478
[06:35:17] 668.8, 124.7, 5.347
[06:35:18] 668.8, 124.7, 5.325
[06:35:19] 668.6, 124.7, 5.461
[06:35:20] 669.0, 124.8, 5.352
[06:35:21] 669.1, 124.8, 5.351
[06:35:22] 668.8, 124.8, 5.435
[06:35:23] 677.4, 124.8, 5.345
[06:35:24] 667.6, 124.8, 5.383
[06:35:25] 667.7, 124.8, 5.330
[06:35:26] 668.3, 124.8, 5.347
[06:35:27] 668.0, 124.8, 5.344
[06:35:28] 668.1, 124.7, 5.416
[06:35:29] 674.5, 124.7, 5.465
[06:35:30] 680.0, 124.7, 5.336
[06:35:31] 668.0, 124.7, 5.450
[06:35:32] 668.0, 124.7, 5.346
[06:35:33] 668.0, 124.7, 5.344
[06:35:34] 668.2, 124.7, 5.325
[06:35:35] 668.2, 124.7, 5.393
[06:35:36] 668.0, 124.8, 5.487
[06:35:37] 678.6, 124.8, 5.347
[06:35:38] 666.2, 124.8, 5.439
[06:35:39] 666.4, 124.8, 5.342
[06:35:40] 666.5, 124.7, 5.351
[06:35:41] 667.1, 124.7, 5.327
[06:35:42] 667.1, 124.7, 5.383
[06:35:43] 667.0, 124.7, 5.485
[06:35:44] 679.6, 124.8, 5.491
[06:35:45] 679.6, 124.9, 5.216
[06:35:46] 656.2, 124.9, 5.178
[06:35:47] 646.9, 124.7, 5.207
[06:35:48] 647.0, 124.8, 5.200
[06:35:49] 647.1, 124.8, 5.207
[06:35:50] 647.2, 124.4, 7.084
[06:35:51] 746.3, 124.9, 5.202
[06:35:52] 647.3, 124.8, 5.201
[06:35:53] 647.2, 124.8, 5.195
[06:35:54] 647.2, 124.8, 5.177
[06:35:55] 647.1, 124.3, 7.159
[06:35:56] 780.0, 124.9, 5.209
[06:35:57] 647.5, 124.9, 5.182
[06:35:58] 647.4, 124.8, 5.177
[06:35:59] 647.3, 124.8, 5.204
[06:36:00] 647.4, 124.8, 5.207
[06:36:01] 775.2, 124.9, 5.214
[06:36:02] 673.9, 124.8, 5.181
[06:36:03] 646.5, 124.7, 5.194
[06:36:04] 646.6, 124.8, 5.200
[06:36:05] 646.6, 124.9, 5.193
[06:36:06] 694.9, 124.3, 7.278
[06:36:07] 841.8, 124.8, 5.204
[06:36:08] 647.9, 124.9, 5.195
[06:36:09] 647.8, 124.9, 5.200
[06:36:10] 647.7, 124.8, 5.172
[06:36:11] 647.5, 124.3, 6.959
[06:36:12] 818.5, 124.3, 7.602
[06:36:13] 904.4, 124.9, 5.187
[06:36:14] 647.9, 124.7, 5.183
[06:36:15] 647.8, 124.8, 5.204
[06:36:16] 647.7, 124.8, 5.194
[06:36:17] 647.6, 124.9, 5.196
[06:36:18] 767.4, 124.2, 7.571
[06:36:19] 942.0, 124.1, 7.592
[06:36:20] 941.7, 124.7, 5.236
[06:36:21] 678.4, 124.7, 5.204
[06:36:22] 648.1, 124.7, 5.182
[06:36:23] 647.9, 124.8, 5.203
[06:36:24] 647.8, 124.8, 5.196
[06:36:25] 671.3, 124.2, 7.571
[06:36:26] 942.0, 124.2, 7.593
[06:36:27] 942.2, 124.3, 7.596
[06:36:28] 942.6, 124.2, 7.614
[06:36:29] 943.1, 124.3, 7.608
[06:36:30] 907.1, 124.8, 5.202
[06:36:31] 649.5, 124.8, 5.228
[06:36:32] 649.5, 124.7, 5.205
[06:36:33] 649.5, 124.8, 5.204
[06:36:34] 649.5, 124.9, 5.185
[06:36:35] 772.9, 124.2, 7.570
[06:36:36] 943.1, 124.2, 7.599
[06:36:37] 943.3, 124.2, 7.611
[06:36:38] 943.7, 124.2, 7.611
[06:36:39] 944.2, 124.3, 7.618
[06:36:40] 944.6, 124.3, 7.614
[06:36:41] 945.0, 124.2, 7.629
[06:36:42] 945.4, 124.3, 7.625
[06:36:43] 945.9, 124.3, 7.632
[06:36:44] 945.5, 124.7, 5.248
[06:36:45] 682.7, 124.8, 5.202
[06:36:46] 649.7, 124.8, 5.196
[06:36:47] 649.5, 124.7, 5.215
[06:36:48] 649.4, 124.8, 5.202
[06:36:49] 683.1, 124.3, 7.581
[06:36:50] 943.5, 124.2, 7.610
[06:36:51] 943.8, 124.3, 7.610
[06:36:52] 944.1, 124.3, 7.612
[06:36:53] 944.5, 124.2, 7.619
[06:36:54] 945.0, 124.2, 7.626
[06:36:55] 945.4, 124.3, 7.630
[06:36:56] 945.9, 124.2, 7.623
[06:36:57] 946.3, 124.2, 7.634
[06:36:58] 946.8, 124.2, 7.641
[06:36:59] 947.1, 124.1, 7.642
[06:37:00] 947.5, 124.1, 7.636
[06:37:01] 947.8, 124.2, 7.645
[06:37:02] 948.1, 124.2, 7.632
[06:37:03] 948.3, 124.2, 7.642
[06:37:04] 948.5, 124.2, 7.642
[06:37:05] 948.8, 124.1, 7.642
[06:37:06] 949.0, 124.1, 7.646
[06:37:07] 949.2, 124.5, 6.928
[06:37:08] 798.1, 124.8, 5.230
[06:37:09] 651.6, 124.8, 5.230
[06:37:10] 651.4, 124.8, 5.201
[06:37:11] 651.1, 124.8, 5.212
