<<<[15:48:28] 642.1, 122.4, 5.236
[15:48:29] 641.8, 122.3, 5.213
[15:48:30] 641.3, 122.2, 5.225
[15:48:31] 648.7, 122.3, 5.456
[15:48:32] 660.9, 122.2, 5.449
[15:48:33] 661.0, 122.2, 5.443
[15:48:34] 661.1, 122.3, 5.347
[15:48:35] 654.8, 122.3, 5.369
[15:48:36] 654.9, 122.3, 5.379
[15:48:37] 655.3, 122.2, 5.367
[15:48:38] 655.4, 122.2, 5.450
[15:48:39] 655.9, 122.3, 5.355
[15:48:40] 655.8, 122.4, 5.359
[15:48:41] 655.7, 122.4, 5.368
[15:48:42] 655.9, 122.4, 5.374
[15:48:43] 655.7, 122.3, 5.353
[15:48:44] 656.3, 122.3, 5.398
[15:48:45] 662.4, 122.3, 5.357
[15:48:46] 656.7, 122.4, 5.215
[15:48:47] 638.8, 122.4, 5.212
[15:48:48] 638.7, 122.4, 5.212
[15:48:49] 638.8, 122.4, 5.207
[15:48:50] 638.7, 122.5, 5.207
[15:48:51] 658.3, 122.4, 5.397
[15:48:52] 716.6, 122.4, 5.206
[15:48:53] 638.2, 122.4, 5.204
[15:48:54] 638.1, 122.4, 5.210
[15:48:55] 638.1, 122.5, 5.204
[15:48:56] 651.6, 122.4, 5.411
[15:48:57] 718.9, 122.4, 5.205
[15:48:58] 638.0, 122.3, 5.208
[15:48:59] 637.9, 122.3, 5.211
[15:49:00] 637.9, 122.3, 5.212
[15:49:01] 637.9, 122.3, 5.428
[15:49:02] 724.3, 122.3, 5.209
[15:49:03] 637.5, 122.3, 5.211
[15:49:04] 637.5, 122.2, 5.209
[15:49:05] 637.5, 122.4, 5.205
[15:49:06] 637.5, 121.9, 7.235
[15:49:07] 758.9, 122.3, 5.209
[15:49:08] 637.8, 122.3, 5.208
[15:49:09] 637.8, 122.4, 5.204
[15:49:10] 637.8, 122.3, 5.203
[15:49:11] 637.6, 121.7, 7.839
[15:49:12] 828.6, 122.3, 5.212
[15:49:13] 638.6, 122.4, 5.208
[15:49:14] 638.5, 122.3, 5.203
[15:49:15] 638.3, 122.4, 5.204
[15:49:16] 638.2, 122.4, 5.203
[15:49:17] 750.8, 121.8, 7.362
[15:49:18] 855.0, 122.5, 5.208
[15:49:19] 638.0, 122.4, 5.204
[15:49:20] 638.0, 122.5, 5.203
[15:49:21] 638.0, 122.3, 5.205
[15:49:22] 638.0, 121.8, 7.533
[15:49:23] 841.6, 121.7, 7.967
[15:49:24] 957.1, 122.4, 5.245
[15:49:25] 677.6, 122.4, 5.211
[15:49:26] 639.0, 122.5, 5.210
[15:49:27] 638.8, 122.3, 5.204
[15:49:28] 638.7, 122.4, 5.205
[15:49:29] 692.2, 121.7, 7.966
[15:49:30] 971.5, 121.7, 7.989
[15:49:31] 971.7, 121.6, 7.995
[15:49:32] 941.2, 122.3, 5.227
[15:49:33] 640.0, 122.4, 5.218
[15:49:34] 639.8, 122.3, 5.214
[15:49:35] 639.7, 122.4, 5.208
[15:49:36] 639.5, 122.4, 5.211
[15:49:37] 727.2, 121.7, 7.974
[15:49:38] 972.3, 121.8, 7.988
[15:49:39] 972.5, 121.7, 7.994
[15:49:40] 972.9, 121.8, 8.009
[15:49:41] 973.3, 121.7, 8.010
[15:49:42] 973.8, 121.8, 7.919
[15:49:43] 877.2, 122.4, 5.230
[15:49:44] 641.2, 122.4, 5.221
[15:49:45] 641.0, 122.5, 5.217
[15:49:46] 640.8, 122.4, 5.213
[15:49:47] 640.6, 122.2, 5.556
[15:49:48] 799.3, 121.7, 7.988
[15:49:49] 973.8, 121.7, 8.003
[15:49:50] 974.0, 121.7, 8.006
[15:49:51] 974.3, 121.8, 8.012
[15:49:52] 974.6, 121.7, 8.018
[15:49:53] 975.1, 121.7, 8.030
[15:49:54] 975.5, 121.7, 8.037
[15:49:55] 976.0, 121.7, 8.036
[15:49:56] 976.4, 121.6, 8.039
[15:49:57] 976.8, 121.7, 8.037
[15:49:58] 977.1, 121.7, 8.042
[15:49:59] 977.5, 122.4, 5.264
[15:50:00] 672.1, 122.3, 5.239
[15:50:01] 641.6, 122.4, 5.230
[15:50:02] 641.4, 122.3, 5.227
