<<<[02:55:18] 650.4, 125.2, 5.160
[02:55:19] 644.9, 125.1, 5.157
[02:55:20] 644.8, 125.1, 5.199
[02:55:21] 650.2, 125.2, 5.160
[02:55:22] 649.6, 125.1, 5.159
[02:55:23] 649.0, 125.1, 5.164
[02:55:24] 648.4, 125.2, 5.157
[02:55:25] 648.0, 124.7, 7.100
[02:55:26] 740.6, 125.2, 5.160
[02:55:27] 644.9, 125.3, 5.156
[02:55:28] 644.8, 125.2, 5.158
[02:55:29] 644.8, 125.2, 5.156
[02:55:30] 644.8, 124.7, 7.098
[02:55:31] 737.1, 125.2, 5.157
[02:55:32] 644.7, 125.1, 5.160
[02:55:33] 644.6, 125.2, 5.156
[02:55:34] 644.6, 125.3, 5.155
[02:55:35] 644.6, 124.8, 7.092
[02:55:36] 736.5, 125.3, 5.158
[02:55:37] 645.3, 125.3, 5.160
[02:55:38] 645.2, 125.2, 5.157
[02:55:39] 645.0, 125.2, 5.153
[02:55:40] 644.9, 124.7, 7.092
[02:55:41] 736.3, 125.3, 5.140
[02:55:42] 644.1, 125.3, 5.152
[02:55:43] 644.0, 125.2, 5.152
[02:55:44] 644.0, 125.2, 5.153
[02:55:45] 644.0, 124.7, 7.083
[02:55:46] 735.7, 125.2, 5.152
[02:55:47] 644.1, 125.2, 5.151
[02:55:48] 644.0, 125.1, 5.152
[02:55:49] 644.0, 125.2, 5.150
[02:55:50] 644.0, 124.8, 7.085
[02:55:51] 735.3, 125.2, 5.153
[02:55:52] 643.9, 125.2, 5.151
[02:55:53] 643.8, 125.2, 5.151
[02:55:54] 643.8, 125.1, 5.152
[02:55:55] 643.8, 124.7, 7.071
[02:55:56] 733.9, 125.3, 5.154
[02:55:57] 643.6, 125.1, 5.135
[02:55:58] 643.5, 125.2, 5.159
[02:55:59] 643.6, 125.3, 5.159
[02:56:00] 643.7, 124.7, 7.053
[02:56:01] 733.5, 125.3, 5.151
[02:56:02] 643.9, 125.3, 5.154
[02:56:03] 643.8, 125.2, 5.146
[02:56:04] 643.8, 125.2, 5.149
[02:56:05] 643.7, 124.7, 7.062
[02:56:06] 732.5, 125.2, 5.153
[02:56:07] 643.7, 125.1, 5.148
[02:56:08] 643.7, 125.2, 5.152
[02:56:09] 643.6, 125.3, 5.146
[02:56:10] 643.6, 124.7, 7.052
[02:56:11] 730.2, 125.2, 5.151
[02:56:12] 643.7, 125.2, 5.145
[02:56:13] 643.6, 125.2, 5.130
[02:56:14] 643.5, 125.2, 5.162
[02:56:15] 643.5, 124.6, 7.037
[02:56:16] 727.2, 125.0, 5.158
[02:56:17] 643.6, 125.1, 5.158
[02:56:18] 643.5, 125.1, 5.152
[02:56:19] 643.5, 124.9, 5.155
[02:56:20] 643.4, 124.6, 6.997
[02:56:21] 719.1, 125.1, 5.152
[02:56:22] 643.6, 125.0, 5.155
[02:56:23] 643.5, 125.0, 5.150
[02:56:24] 643.4, 125.0, 5.150
[02:56:25] 643.3, 124.5, 6.862
[02:56:26] 754.6, 125.0, 5.161
[02:56:27] 643.4, 125.1, 5.151
[02:56:28] 643.3, 125.1, 5.151
[02:56:29] 643.3, 125.0, 5.135
[02:56:30] 643.2, 124.8, 5.668
[02:56:31] 766.6, 125.0, 5.163
[02:56:32] 652.8, 124.9, 5.157
[02:56:33] 643.0, 125.0, 5.151
[02:56:34] 643.0, 125.0, 5.153
[02:56:35] 643.0, 125.0, 5.152
[02:56:36] 709.5, 124.9, 6.029
[02:56:37] 754.0, 125.0, 5.154
[02:56:38] 643.4, 125.0, 5.158
[02:56:39] 643.3, 125.1, 5.154
[02:56:40] 643.3, 125.1, 5.153
[02:56:41] 643.3, 124.5, 7.155
[02:56:42] 844.7, 124.9, 6.065
[02:56:43] 754.6, 125.0, 5.159
[02:56:44] 643.9, 125.1, 5.159
[02:56:45] 643.8, 125.1, 5.139
[02:56:46] 643.7, 125.0, 5.154
[02:56:47] 643.6, 124.5, 7.185
[02:56:48] 862.0, 124.6, 7.205
[02:56:49] 898.9, 124.9, 5.249
[02:56:50] 706.7, 124.9, 5.166
[02:56:51] 644.1, 124.9, 5.163
[02:56:52] 644.1, 124.9, 5.160
[02:56:53] 644.0, 124.9, 5.163
[02:56:54] 644.0, 124.4, 7.201
[02:56:55] 897.1, 124.4, 7.214
[02:56:56] 897.3, 124.5, 7.229
[02:56:57] 897.8, 124.4, 7.234
[02:56:58] 897.9, 124.9, 5.186
[02:56:59] 659.5, 124.9, 5.176
[02:57:00] 644.9, 124.9, 5.166
[02:57:01] 644.8, 124.9, 5.150
[02:57:02] 644.7, 125.0, 5.163
[02:57:03] 712.1, 124.5, 7.210
[02:57:04] 898.9, 124.5, 7.229
[02:57:05] 899.1, 124.4, 7.241
[02:57:06] 899.4, 124.4, 7.243
[02:57:07] 899.9, 124.4, 7.249
[02:57:08] 900.3, 124.4, 7.253
[02:57:09] 900.7, 124.5, 7.260
[02:57:10] 901.1, 124.8, 6.232
[02:57:11] 762.6, 124.9, 5.183
[02:57:12] 646.3, 124.9, 5.177
[02:57:13] 646.2, 124.9, 5.174
[02:57:14] 646.0, 124.9, 5.174
[02:57:15] 645.8, 124.5, 7.197
[02:57:16] 857.9, 124.5, 7.221
[02:57:17] 900.6, 124.5, 7.239
[02:57:18] 900.7, 124.4, 7.244
[02:57:19] 901.0, 124.4, 7.250
[02:57:20] 901.3, 124.4, 7.271
[02:57:21] 901.8, 124.4, 7.254
[02:57:22] 902.1, 124.5, 7.260
[02:57:23] 902.3, 124.5, 7.258
[02:57:24] 902.6, 124.4, 7.260
[02:57:25] 902.9, 124.4, 7.255
[02:57:26] 903.1, 124.4, 7.268
[02:57:27] 903.3, 124.4, 7.268
[02:57:28] 903.6, 124.5, 7.270
[02:57:29] 903.8, 124.4, 7.264
[02:57:30] 904.0, 124.9, 5.203
[02:57:31] 664.2, 124.9, 5.187
[02:57:32] 646.7, 124.9, 5.188
[02:57:33] 646.6, 124.9, 5.160
[02:57:34] 646.4, 124.8, 5.174
