<<<[04:08:41] 648.7, 125.0, 5.161
[04:08:42] 648.3, 125.0, 5.159
[04:08:43] 648.0, 125.0, 5.327
[04:08:44] 659.9, 124.9, 5.326
[04:08:45] 660.3, 125.0, 5.215
[04:08:46] 650.0, 125.0, 5.162
[04:08:47] 649.4, 125.0, 5.158
[04:08:48] 648.9, 124.9, 5.155
[04:08:49] 648.4, 124.9, 5.156
[04:08:50] 648.0, 125.0, 5.728
[04:08:51] 741.6, 125.0, 5.156
[04:08:52] 645.1, 124.9, 5.151
[04:08:53] 645.0, 124.9, 5.152
[04:08:54] 644.9, 124.9, 5.150
[04:08:55] 644.8, 124.9, 5.774
[04:08:56] 738.4, 125.0, 5.160
[04:08:57] 644.5, 125.0, 5.153
[04:08:58] 644.5, 125.0, 5.155
[04:08:59] 644.4, 124.9, 5.153
[04:09:00] 644.4, 124.9, 5.826
[04:09:01] 737.8, 124.9, 5.153
[04:09:02] 643.9, 124.9, 5.153
[04:09:03] 643.9, 124.9, 5.154
[04:09:04] 644.0, 124.9, 5.149
[04:09:05] 643.9, 124.8, 5.881
[04:09:06] 737.4, 125.0, 5.159
[04:09:07] 644.5, 125.0, 5.150
[04:09:08] 644.4, 124.9, 5.157
[04:09:09] 644.4, 124.9, 5.149
[04:09:10] 644.3, 124.9, 5.943
[04:09:11] 736.7, 125.0, 5.153
[04:09:12] 644.1, 125.0, 5.149
[04:09:13] 644.1, 124.9, 5.150
[04:09:14] 644.1, 125.0, 5.147
[04:09:15] 644.0, 124.8, 6.000
[04:09:16] 735.5, 125.0, 5.154
[04:09:17] 643.9, 125.0, 5.146
[04:09:18] 643.8, 125.0, 5.147
[04:09:19] 643.8, 125.0, 5.148
[04:09:20] 643.8, 124.8, 6.072
[04:09:21] 733.1, 124.9, 5.150
[04:09:22] 643.9, 124.9, 5.151
[04:09:23] 643.8, 124.9, 5.146
[04:09:24] 643.8, 125.0, 5.144
[04:09:25] 643.8, 124.9, 6.140
[04:09:26] 729.0, 125.0, 5.149
[04:09:27] 643.6, 125.1, 5.146
[04:09:28] 643.6, 125.0, 5.151
[04:09:29] 643.6, 125.0, 5.145
[04:09:30] 643.5, 124.9, 6.237
[04:09:31] 722.3, 125.0, 5.149
[04:09:32] 643.7, 125.0, 5.147
[04:09:33] 643.6, 125.0, 5.143
[04:09:34] 643.6, 125.0, 5.145
[04:09:35] 643.5, 124.5, 7.225
[04:09:36] 757.9, 124.9, 5.151
[04:09:37] 643.7, 124.9, 5.148
[04:09:38] 643.7, 124.9, 5.147
[04:09:39] 643.6, 125.0, 5.147
[04:09:40] 643.6, 124.5, 7.089
[04:09:41] 808.3, 125.0, 5.163
[04:09:42] 663.4, 124.9, 5.149
[04:09:43] 643.9, 124.9, 5.148
[04:09:44] 643.8, 125.0, 5.145
[04:09:45] 643.8, 125.0, 5.144
[04:09:46] 724.1, 124.4, 7.254
[04:09:47] 840.6, 124.9, 5.176
[04:09:48] 645.9, 125.0, 5.170
[04:09:49] 645.8, 125.0, 5.168
[04:09:50] 645.6, 124.9, 5.148
[04:09:51] 645.3, 124.4, 7.316
[04:09:52] 838.2, 124.3, 7.746
[04:09:53] 913.0, 124.9, 5.164
[04:09:54] 645.7, 124.9, 5.156
[04:09:55] 645.5, 125.0, 5.151
[04:09:56] 645.4, 124.9, 5.152
[04:09:57] 645.2, 124.9, 5.146
[04:09:58] 750.2, 124.4, 7.748
[04:09:59] 964.2, 124.3, 7.756
[04:10:00] 964.4, 124.7, 6.765
[04:10:01] 785.7, 125.0, 5.167
[04:10:02] 646.3, 124.9, 5.161
[04:10:03] 646.2, 125.0, 5.158
[04:10:04] 646.0, 124.9, 5.154
[04:10:05] 645.8, 124.3, 7.697
[04:10:06] 895.7, 124.4, 7.755
[04:10:07] 965.8, 124.3, 7.768
[04:10:08] 965.9, 124.4, 7.778
[04:10:09] 966.3, 124.4, 7.781
[04:10:10] 966.6, 124.7, 6.927
[04:10:11] 796.9, 125.0, 5.182
[04:10:12] 648.3, 125.0, 5.193
[04:10:13] 648.2, 124.9, 5.183
[04:10:14] 648.1, 125.0, 5.162
[04:10:15] 647.8, 124.4, 7.613
[04:10:16] 867.8, 124.3, 7.763
[04:10:17] 966.6, 124.4, 7.779
[04:10:18] 966.8, 124.3, 7.784
[04:10:19] 967.1, 124.3, 7.805
[04:10:20] 967.6, 124.3, 7.799
[04:10:21] 968.0, 124.3, 7.807
[04:10:22] 968.5, 124.3, 7.801
[04:10:23] 968.8, 124.3, 7.807
[04:10:24] 969.1, 124.3, 7.808
[04:10:25] 969.5, 124.7, 6.835
[04:10:26] 803.8, 125.0, 5.192
[04:10:27] 648.7, 125.0, 5.177
[04:10:28] 648.6, 125.0, 5.178
[04:10:29] 648.3, 124.9, 5.167
