<<<[23:40:45] 647.3, 124.1, 5.217
[23:40:46] 647.0, 124.0, 5.202
[23:40:47] 646.7, 124.1, 5.341
[23:40:48] 658.1, 124.1, 5.216
[23:40:49] 645.9, 124.1, 5.217
[23:40:50] 645.8, 124.1, 5.200
[23:40:51] 645.6, 124.2, 5.212
[23:40:52] 645.5, 124.2, 5.207
[23:40:53] 740.8, 124.1, 5.210
[23:40:54] 643.9, 124.1, 5.191
[23:40:55] 643.9, 124.1, 5.204
[23:40:56] 643.8, 124.1, 5.203
[23:40:57] 643.8, 124.2, 5.207
[23:40:58] 736.3, 124.2, 5.195
[23:40:59] 643.6, 124.1, 5.206
[23:41:00] 643.6, 124.0, 5.200
[23:41:01] 643.6, 124.1, 5.191
[23:41:02] 643.5, 124.0, 5.190
[23:41:03] 735.7, 124.0, 5.220
[23:41:04] 645.5, 124.0, 5.212
[23:41:05] 645.5, 124.1, 5.208
[23:41:06] 645.4, 124.1, 5.203
[23:41:07] 645.4, 124.1, 5.212
[23:41:08] 736.7, 124.1, 5.213
[23:41:09] 643.4, 124.0, 5.206
[23:41:10] 643.4, 124.1, 5.188
[23:41:11] 643.3, 124.0, 5.201
[23:41:12] 643.3, 124.0, 5.207
[23:41:13] 734.7, 124.1, 5.206
[23:41:14] 643.7, 124.1, 5.193
[23:41:15] 643.6, 124.1, 5.211
[23:41:16] 643.7, 124.0, 5.205
[23:41:17] 643.7, 124.1, 5.200
[23:41:18] 732.9, 124.1, 5.195
[23:41:19] 644.7, 124.1, 5.202
[23:41:20] 644.5, 124.1, 5.200
[23:41:21] 644.4, 124.1, 5.203
[23:41:22] 644.2, 124.1, 5.189
[23:41:23] 730.6, 124.1, 5.206
[23:41:24] 646.5, 124.0, 5.203
[23:41:25] 646.0, 124.0, 5.200
[23:41:26] 645.7, 124.1, 5.187
[23:41:27] 645.4, 124.1, 5.199
[23:41:28] 727.4, 124.1, 5.206
[23:41:29] 648.1, 124.1, 5.201
[23:41:30] 647.5, 124.1, 5.187
[23:41:31] 646.9, 124.0, 5.198
[23:41:32] 646.4, 124.0, 5.200
[23:41:33] 723.7, 124.1, 5.206
[23:41:34] 649.7, 124.1, 5.188
[23:41:35] 642.8, 124.1, 5.196
[23:41:36] 642.8, 124.0, 5.198
[23:41:37] 642.8, 124.0, 5.195
[23:41:38] 717.6, 124.1, 5.190
[23:41:39] 650.6, 124.1, 5.198
[23:41:40] 643.0, 124.0, 5.194
[23:41:41] 642.9, 124.1, 5.205
[23:41:42] 643.0, 124.0, 5.185
[23:41:43] 707.9, 124.0, 5.200
[23:41:44] 652.8, 124.1, 5.195
[23:41:45] 642.6, 124.1, 5.199
[23:41:46] 642.6, 124.1, 5.184
[23:41:47] 642.6, 124.0, 5.192
[23:41:48] 689.2, 124.0, 5.269
[23:41:49] 704.4, 124.1, 5.195
[23:41:50] 643.0, 124.1, 5.189
[23:41:51] 642.9, 124.1, 5.193
[23:41:52] 642.8, 124.1, 5.191
[23:41:53] 642.8, 123.6, 7.236
[23:41:54] 817.2, 124.1, 5.188
[23:41:55] 642.8, 124.1, 5.195
[23:41:56] 642.8, 124.1, 5.193
[23:41:57] 642.7, 124.1, 5.195
[23:41:58] 642.7, 123.6, 7.372
[23:41:59] 836.1, 124.1, 5.291
[23:42:00] 708.9, 124.1, 5.197
[23:42:01] 643.0, 124.1, 5.196
[23:42:02] 643.0, 124.0, 5.189
[23:42:03] 642.9, 124.0, 5.196
[23:42:04] 642.8, 123.3, 7.632
[23:42:05] 936.6, 123.6, 7.247
[23:42:06] 828.4, 124.0, 5.200
[23:42:07] 643.6, 124.0, 5.198
[23:42:08] 643.5, 124.0, 5.197
[23:42:09] 643.4, 124.1, 5.196
[23:42:10] 643.4, 123.5, 7.412
[23:42:11] 839.4, 123.5, 7.645
[23:42:12] 945.3, 123.4, 7.666
[23:42:13] 945.5, 124.0, 5.331
[23:42:14] 715.0, 124.1, 5.204
[23:42:15] 644.3, 124.0, 5.205
[23:42:16] 644.2, 124.0, 5.198
[23:42:17] 644.1, 124.1, 5.195
[23:42:18] 644.4, 123.5, 7.638
[23:42:19] 944.9, 123.4, 7.663
[23:42:20] 945.1, 123.4, 7.676
[23:42:21] 945.6, 123.5, 7.686
[23:42:22] 946.1, 123.5, 7.687
[23:42:23] 946.5, 123.8, 6.706
[23:42:24] 783.1, 124.1, 5.216
[23:42:25] 645.7, 124.1, 5.210
[23:42:26] 645.6, 124.0, 5.201
[23:42:27] 645.4, 124.1, 5.219
[23:42:28] 645.4, 123.5, 7.564
[23:42:29] 865.2, 123.4, 7.667
[23:42:30] 947.5, 123.4, 7.676
[23:42:31] 947.6, 123.5, 7.685
[23:42:32] 947.9, 123.5, 7.693
[23:42:33] 948.3, 123.4, 7.700
[23:42:34] 948.6, 123.4, 7.700
[23:42:35] 949.0, 123.4, 7.705
[23:42:36] 949.4, 123.4, 7.710
[23:42:37] 949.8, 123.4, 7.711
[23:42:38] 950.1, 123.4, 7.713
[23:42:39] 901.6, 124.0, 5.420
[23:42:40] 670.7, 124.1, 5.315
[23:42:41] 659.3, 124.1, 5.307
[23:42:42] 658.9, 124.0, 5.275
