<<<[10:05:30] 649.5, 123.6, 5.245
[10:05:31] 649.4, 123.6, 5.253
[10:05:32] 649.7, 123.7, 5.403
[10:05:33] 672.3, 123.6, 5.451
[10:05:34] 672.2, 123.7, 5.396
[10:05:35] 671.8, 123.7, 5.378
[10:05:36] 666.6, 123.6, 5.445
[10:05:37] 666.7, 123.7, 5.389
[10:05:38] 666.8, 123.6, 5.377
[10:05:39] 667.1, 123.6, 5.392
[10:05:40] 667.1, 123.6, 5.389
[10:05:41] 667.3, 123.7, 5.380
[10:05:42] 667.7, 123.5, 5.440
[10:05:43] 674.1, 123.6, 5.296
[10:05:44] 657.9, 123.5, 5.261
[10:05:45] 651.0, 123.6, 5.268
[10:05:46] 650.9, 123.5, 5.250
[10:05:47] 650.8, 123.6, 5.261
[10:05:48] 650.6, 123.1, 7.144
[10:05:49] 746.7, 123.6, 5.265
[10:05:50] 649.5, 123.6, 5.244
[10:05:51] 649.5, 123.6, 5.263
[10:05:52] 649.4, 123.5, 5.250
[10:05:53] 649.3, 123.1, 7.100
[10:05:54] 736.9, 123.6, 5.246
[10:05:55] 649.3, 123.6, 5.259
[10:05:56] 649.2, 123.5, 5.253
[10:05:57] 649.2, 123.7, 5.262
[10:05:58] 649.2, 123.1, 6.876
[10:05:59] 771.9, 123.6, 5.270
[10:06:00] 649.3, 123.6, 5.257
[10:06:01] 649.3, 123.5, 5.260
[10:06:02] 649.3, 123.5, 5.245
[10:06:03] 649.2, 123.6, 5.261
[10:06:04] 763.8, 123.6, 5.263
[10:06:05] 677.8, 123.5, 5.265
[10:06:06] 648.9, 123.6, 5.243
[10:06:07] 648.9, 123.6, 5.255
[10:06:08] 648.9, 123.6, 5.253
[10:06:09] 698.3, 123.0, 7.282
[10:06:10] 833.5, 123.6, 5.244
[10:06:11] 649.7, 123.5, 5.265
[10:06:12] 649.6, 123.6, 5.256
[10:06:13] 649.8, 123.6, 5.262
[10:06:14] 649.8, 123.1, 7.274
[10:06:15] 828.0, 123.0, 7.296
[10:06:16] 836.7, 123.6, 5.260
[10:06:17] 649.9, 123.5, 5.260
[10:06:18] 649.9, 123.6, 5.237
[10:06:19] 649.8, 123.5, 5.258
[10:06:20] 649.7, 123.1, 7.184
[10:06:21] 819.1, 123.0, 7.448
[10:06:22] 918.9, 123.1, 7.338
[10:06:23] 840.4, 123.6, 5.264
[10:06:24] 650.4, 123.6, 5.261
[10:06:25] 650.3, 123.5, 5.263
[10:06:26] 650.2, 123.6, 5.242
[10:06:27] 650.1, 123.1, 6.879
[10:06:28] 804.2, 123.0, 7.462
[10:06:29] 918.9, 123.0, 7.472
[10:06:30] 919.1, 122.9, 7.482
[10:06:31] 919.4, 123.0, 7.484
[10:06:32] 846.1, 123.4, 5.280
[10:06:33] 651.0, 123.5, 5.260
[10:06:34] 650.9, 123.5, 5.257
[10:06:35] 650.8, 123.5, 5.265
[10:06:36] 650.6, 123.5, 5.324
[10:06:37] 776.0, 123.1, 7.466
[10:06:38] 919.3, 123.1, 7.466
[10:06:39] 919.5, 123.0, 7.482
[10:06:40] 919.8, 123.1, 7.487
[10:06:41] 920.1, 123.1, 7.477
[10:06:42] 920.5, 123.0, 7.499
[10:06:43] 920.9, 123.1, 7.498
[10:06:44] 921.3, 123.0, 7.500
[10:06:45] 904.8, 123.7, 5.288
[10:06:46] 653.4, 123.6, 5.272
[10:06:47] 653.1, 123.5, 5.266
[10:06:48] 653.0, 123.6, 5.269
[10:06:49] 652.7, 123.5, 5.263
[10:06:50] 720.5, 123.1, 7.460
[10:06:51] 919.7, 123.0, 7.479
[10:06:52] 919.9, 123.1, 7.495
[10:06:53] 920.2, 122.9, 7.485
[10:06:54] 920.6, 123.0, 7.498
[10:06:55] 921.0, 122.9, 7.508
[10:06:56] 921.4, 123.0, 7.500
[10:06:57] 921.8, 123.0, 7.504
[10:06:58] 922.2, 123.1, 7.505
[10:06:59] 922.5, 123.0, 7.502
[10:07:00] 922.9, 123.1, 7.511
[10:07:01] 923.2, 123.0, 7.504
[10:07:02] 923.5, 123.1, 7.519
[10:07:03] 923.8, 122.9, 7.520
[10:07:04] 924.0, 123.1, 7.511
[10:07:05] 924.3, 123.0, 7.518
[10:07:06] 924.6, 123.6, 5.318
[10:07:07] 700.2, 123.6, 5.287
[10:07:08] 652.4, 123.7, 5.265
[10:07:09] 652.3, 123.5, 5.275
[10:07:10] 652.1, 123.6, 5.257
