<<<[02:34:09] 655.8, 125.3, 5.152
[02:34:10] 646.1, 125.2, 5.134
[02:34:11] 645.7, 125.2, 5.205
[02:34:12] 645.9, 125.3, 5.131
[02:34:13] 645.6, 125.2, 5.135
[02:34:14] 645.3, 125.3, 5.131
[02:34:15] 645.1, 125.2, 5.127
[02:34:16] 644.8, 124.8, 6.933
[02:34:17] 737.8, 125.2, 5.128
[02:34:18] 643.0, 125.3, 5.134
[02:34:19] 643.0, 125.3, 5.124
[02:34:20] 642.9, 125.2, 5.122
[02:34:21] 642.8, 124.8, 6.889
[02:34:22] 733.7, 125.2, 5.130
[02:34:23] 642.4, 125.3, 5.152
[02:34:24] 642.5, 125.2, 5.151
[02:34:25] 642.7, 125.3, 5.155
[02:34:26] 642.8, 124.8, 6.870
[02:34:27] 733.7, 125.3, 5.126
[02:34:28] 642.8, 125.2, 5.129
[02:34:29] 642.7, 125.3, 5.124
[02:34:30] 642.7, 125.2, 5.125
[02:34:31] 642.7, 124.9, 6.851
[02:34:32] 733.1, 125.2, 5.122
[02:34:33] 642.4, 125.3, 5.120
[02:34:34] 642.3, 125.3, 5.124
[02:34:35] 642.3, 125.3, 5.118
[02:34:36] 642.3, 124.9, 6.820
[02:34:37] 732.5, 125.2, 5.129
[02:34:38] 642.0, 125.3, 5.122
[02:34:39] 642.1, 125.2, 5.151
[02:34:40] 642.2, 125.2, 5.148
[02:34:41] 642.4, 124.9, 6.799
[02:34:42] 733.1, 125.3, 5.123
[02:34:43] 642.2, 125.2, 5.122
[02:34:44] 642.2, 125.3, 5.120
[02:34:45] 642.1, 125.3, 5.117
[02:34:46] 642.1, 124.8, 6.768
[02:34:47] 732.1, 125.3, 5.125
[02:34:48] 642.2, 125.2, 5.124
[02:34:49] 642.2, 125.3, 5.120
[02:34:50] 642.2, 125.3, 5.119
[02:34:51] 642.2, 124.8, 6.721
[02:34:52] 730.9, 125.3, 5.126
[02:34:53] 642.4, 125.2, 5.119
[02:34:54] 642.2, 125.3, 5.118
[02:34:55] 642.2, 125.3, 5.124
[02:34:56] 642.2, 124.9, 6.666
[02:34:57] 730.8, 125.3, 5.117
[02:34:58] 642.2, 125.4, 5.121
[02:34:59] 642.1, 125.3, 5.116
[02:35:00] 642.1, 125.3, 5.125
[02:35:01] 642.1, 124.8, 6.574
[02:35:02] 728.6, 125.3, 5.134
[02:35:03] 642.8, 125.3, 5.121
[02:35:04] 642.6, 125.3, 5.127
[02:35:05] 642.6, 125.2, 5.119
[02:35:06] 642.5, 124.9, 6.381
[02:35:07] 724.5, 125.3, 5.124
[02:35:08] 642.0, 125.3, 5.121
[02:35:09] 642.0, 125.2, 5.121
[02:35:10] 641.9, 125.2, 5.123
[02:35:11] 641.8, 125.0, 5.984
[02:35:12] 717.8, 125.3, 5.128
[02:35:13] 642.2, 125.2, 5.149
[02:35:14] 642.3, 125.2, 5.134
[02:35:15] 642.3, 125.3, 5.148
[02:35:16] 642.5, 125.2, 5.162
[02:35:17] 754.0, 125.3, 5.126
[02:35:18] 642.8, 125.2, 5.124
[02:35:19] 642.7, 125.2, 5.121
[02:35:20] 642.6, 125.3, 5.119
[02:35:21] 642.6, 125.2, 5.123
[02:35:22] 727.2, 125.3, 5.163
[02:35:23] 692.0, 125.3, 5.119
[02:35:24] 642.2, 125.3, 5.119
[02:35:25] 642.2, 125.3, 5.130
[02:35:26] 642.2, 125.3, 5.123
[02:35:27] 679.0, 124.9, 7.097
[02:35:28] 791.6, 125.3, 5.130
[02:35:29] 643.0, 125.4, 5.123
[02:35:30] 642.9, 125.3, 5.142
[02:35:31] 643.0, 125.4, 5.146
[02:35:32] 643.1, 124.8, 7.026
[02:35:33] 824.8, 125.2, 5.752
[02:35:34] 744.9, 125.4, 5.132
[02:35:35] 643.4, 125.2, 5.128
[02:35:36] 643.3, 125.3, 5.124
[02:35:37] 643.2, 125.3, 5.127
[02:35:38] 643.2, 124.8, 7.083
[02:35:39] 877.4, 124.9, 7.095
[02:35:40] 843.7, 125.3, 5.139
[02:35:41] 643.9, 125.3, 5.132
[02:35:42] 643.7, 125.3, 5.131
[02:35:43] 643.6, 125.2, 5.125
[02:35:44] 643.5, 125.3, 5.149
[02:35:45] 743.7, 124.7, 7.096
[02:35:46] 885.5, 124.7, 7.100
[02:35:47] 885.6, 124.8, 7.111
[02:35:48] 886.0, 125.2, 5.141
[02:35:49] 651.4, 125.3, 5.139
[02:35:50] 643.7, 125.2, 5.130
[02:35:51] 643.6, 125.3, 5.128
[02:35:52] 643.5, 125.4, 5.130
[02:35:53] 707.9, 124.8, 7.087
[02:35:54] 885.9, 124.8, 7.098
[02:35:55] 886.0, 124.9, 7.110
[02:35:56] 886.3, 124.8, 7.113
[02:35:57] 886.8, 124.8, 7.121
[02:35:58] 887.2, 124.8, 7.134
[02:35:59] 887.6, 125.3, 5.215
[02:36:00] 704.8, 125.2, 5.145
[02:36:01] 645.1, 125.3, 5.142
[02:36:02] 644.9, 125.2, 5.132
[02:36:03] 644.8, 125.2, 5.130
[02:36:04] 644.6, 124.8, 7.100
[02:36:05] 879.4, 124.7, 7.109
[02:36:06] 888.4, 124.7, 7.122
[02:36:07] 888.6, 124.8, 7.133
[02:36:08] 888.8, 124.8, 7.128
[02:36:09] 889.1, 124.8, 7.132
[02:36:10] 889.4, 124.8, 7.141
[02:36:11] 889.7, 124.9, 7.139
[02:36:12] 890.1, 124.8, 7.143
[02:36:13] 890.4, 124.8, 7.144
[02:36:14] 890.7, 124.8, 7.142
[02:36:15] 890.9, 124.9, 7.145
[02:36:16] 891.2, 125.1, 6.435
[02:36:17] 764.8, 125.3, 5.149
[02:36:18] 645.7, 125.4, 5.143
[02:36:19] 645.6, 125.3, 5.141
[02:36:20] 645.5, 125.2, 5.134
