<<<[00:09:44] 645.7, 124.4, 5.183
[00:09:45] 645.5, 124.4, 5.176
[00:09:46] 645.3, 124.4, 5.170
[00:09:47] 645.2, 124.2, 5.369
[00:09:48] 663.8, 124.4, 5.295
[00:09:49] 658.7, 124.3, 5.295
[00:09:50] 658.8, 124.4, 5.294
[00:09:51] 658.9, 124.3, 5.253
[00:09:52] 658.5, 124.3, 5.180
[00:09:53] 644.3, 124.4, 5.180
[00:09:54] 644.2, 124.3, 5.173
[00:09:55] 644.1, 124.3, 5.177
[00:09:56] 644.1, 124.0, 7.138
[00:09:57] 739.4, 124.4, 5.174
[00:09:58] 643.6, 124.4, 5.167
[00:09:59] 643.5, 124.5, 5.172
[00:10:00] 643.5, 124.4, 5.172
[00:10:01] 643.4, 123.9, 7.135
[00:10:02] 734.7, 124.4, 5.170
[00:10:03] 643.4, 124.4, 5.174
[00:10:04] 643.3, 124.4, 5.173
[00:10:05] 643.4, 124.5, 5.169
[00:10:06] 643.3, 124.0, 7.132
[00:10:07] 733.9, 124.4, 5.174
[00:10:08] 643.2, 124.5, 5.177
[00:10:09] 643.2, 124.4, 5.173
[00:10:10] 643.2, 124.4, 5.166
[00:10:11] 643.2, 124.0, 7.135
[00:10:12] 733.7, 124.4, 5.173
[00:10:13] 643.7, 124.3, 5.173
[00:10:14] 643.6, 124.4, 5.169
[00:10:15] 643.6, 124.4, 5.171
[00:10:16] 643.6, 123.9, 7.125
[00:10:17] 731.7, 124.5, 5.177
[00:10:18] 643.6, 124.5, 5.167
[00:10:19] 643.6, 124.4, 5.181
[00:10:20] 643.6, 124.3, 5.172
[00:10:21] 643.5, 123.8, 7.121
[00:10:22] 729.0, 124.4, 5.169
[00:10:23] 643.0, 124.4, 5.175
[00:10:24] 643.0, 124.4, 5.173
[00:10:25] 643.0, 124.4, 5.177
[00:10:26] 643.1, 123.9, 7.117
[00:10:27] 723.9, 124.4, 5.177
[00:10:28] 643.6, 124.4, 5.173
[00:10:29] 643.6, 124.4, 5.172
[00:10:30] 643.5, 124.3, 5.171
[00:10:31] 643.5, 123.9, 7.147
[00:10:32] 763.0, 124.4, 5.174
[00:10:33] 643.6, 124.4, 5.171
[00:10:34] 643.5, 124.4, 5.165
[00:10:35] 643.5, 124.5, 5.162
[00:10:36] 643.4, 124.0, 6.803
[00:10:37] 792.4, 124.5, 5.176
[00:10:38] 643.9, 124.5, 5.183
[00:10:39] 643.8, 124.5, 5.170
[00:10:40] 643.8, 124.4, 5.165
[00:10:41] 643.7, 124.4, 5.167
[00:10:42] 747.1, 124.4, 5.720
[00:10:43] 747.2, 124.4, 5.179
[00:10:44] 643.7, 124.4, 5.168
[00:10:45] 643.6, 124.5, 5.169
[00:10:46] 643.6, 124.5, 5.182
[00:10:47] 643.7, 123.9, 7.644
[00:10:48] 918.5, 124.4, 5.225
[00:10:49] 695.1, 124.4, 5.175
[00:10:50] 643.9, 124.4, 5.169
[00:10:51] 643.8, 124.5, 5.184
[00:10:52] 643.8, 124.4, 5.168
[00:10:53] 660.7, 123.8, 7.651
[00:10:54] 949.6, 123.9, 7.676
[00:10:55] 931.7, 124.4, 5.193
[00:10:56] 648.1, 124.4, 5.177
[00:10:57] 647.5, 124.5, 5.176
[00:10:58] 647.0, 124.4, 5.171
[00:10:59] 646.6, 124.4, 5.183
[00:11:00] 749.3, 123.8, 7.676
[00:11:01] 951.4, 123.8, 7.696
[00:11:02] 951.6, 123.8, 7.700
[00:11:03] 951.9, 124.3, 5.863
[00:11:04] 754.6, 124.4, 5.195
[00:11:05] 645.5, 124.4, 5.189
[00:11:06] 645.4, 124.4, 5.181
[00:11:07] 645.3, 124.4, 5.179
[00:11:08] 645.1, 123.7, 7.669
[00:11:09] 926.8, 123.8, 7.704
[00:11:10] 954.0, 123.7, 7.704
[00:11:11] 954.0, 123.7, 7.710
[00:11:12] 954.3, 123.8, 7.730
[00:11:13] 954.6, 123.7, 7.732
[00:11:14] 955.0, 123.7, 7.737
[00:11:15] 954.7, 124.3, 5.273
[00:11:16] 705.0, 124.4, 5.204
[00:11:17] 646.7, 124.4, 5.200
[00:11:18] 646.6, 124.3, 5.188
[00:11:19] 646.5, 124.3, 5.186
[00:11:20] 673.1, 123.8, 7.688
[00:11:21] 953.2, 123.8, 7.704
[00:11:22] 953.4, 123.8, 7.709
[00:11:23] 953.7, 123.8, 7.730
[00:11:24] 954.2, 123.7, 7.732
[00:11:25] 954.8, 123.8, 7.743
[00:11:26] 955.3, 123.7, 7.737
[00:11:27] 955.7, 123.8, 7.746
[00:11:28] 956.2, 123.8, 7.732
[00:11:29] 956.7, 123.7, 7.751
[00:11:30] 957.1, 123.8, 7.752
[00:11:31] 957.5, 123.7, 7.748
[00:11:32] 957.8, 123.7, 7.744
[00:11:33] 958.1, 123.8, 7.751
[00:11:34] 833.1, 124.4, 5.214
[00:11:35] 649.3, 124.3, 5.209
[00:11:36] 649.1, 124.4, 5.213
[00:11:37] 649.0, 124.3, 5.210
