<<<[20:13:02] 655.8, 123.4, 5.289
[20:13:03] 655.2, 123.5, 5.274
[20:13:04] 654.9, 123.4, 5.454
[20:13:05] 668.2, 123.4, 5.461
[20:13:06] 668.6, 123.5, 5.416
[20:13:07] 668.7, 123.4, 5.408
[20:13:08] 668.9, 123.5, 5.396
[20:13:09] 669.1, 123.5, 5.435
[20:13:10] 669.3, 123.4, 5.458
[20:13:11] 669.4, 123.4, 5.424
[20:13:12] 669.5, 123.5, 5.391
[20:13:13] 669.6, 123.4, 5.451
[20:13:14] 669.7, 123.5, 5.413
[20:13:15] 669.8, 123.4, 5.512
[20:13:16] 670.2, 123.4, 5.402
[20:13:17] 670.2, 123.3, 5.413
[20:13:18] 670.1, 123.4, 5.522
[20:13:19] 676.0, 123.4, 5.395
[20:13:20] 669.5, 123.5, 5.399
[20:13:21] 669.3, 123.5, 5.515
[20:13:22] 669.7, 123.5, 5.422
[20:13:23] 669.8, 123.4, 5.411
[20:13:24] 669.9, 123.4, 5.541
[20:13:25] 679.2, 123.4, 5.540
[20:13:26] 678.9, 123.5, 5.432
[20:13:27] 662.1, 123.5, 5.268
[20:13:28] 651.6, 123.6, 5.268
[20:13:29] 651.5, 123.5, 5.266
[20:13:30] 651.5, 123.5, 5.287
[20:13:31] 651.5, 123.5, 5.269
[20:13:32] 747.5, 123.5, 5.266
[20:13:33] 651.0, 123.6, 5.261
[20:13:34] 651.0, 123.6, 5.292
[20:13:35] 651.2, 123.5, 5.273
[20:13:36] 651.3, 123.4, 5.274
[20:13:37] 743.0, 123.5, 5.278
[20:13:38] 652.6, 123.5, 5.283
[20:13:39] 652.4, 123.5, 5.261
[20:13:40] 652.2, 123.5, 5.261
[20:13:41] 652.0, 123.6, 5.257
[20:13:42] 730.9, 123.4, 5.282
[20:13:43] 650.6, 123.5, 5.255
[20:13:44] 650.5, 123.6, 5.259
[20:13:45] 650.5, 123.6, 5.256
[20:13:46] 650.6, 123.6, 5.288
[20:13:47] 725.2, 123.6, 5.294
[20:13:48] 689.0, 123.6, 5.270
[20:13:49] 652.2, 123.5, 5.296
[20:13:50] 652.3, 123.6, 5.282
[20:13:51] 652.2, 123.5, 5.279
[20:13:52] 677.0, 123.1, 7.280
[20:13:53] 793.3, 123.6, 5.258
[20:13:54] 650.6, 123.6, 5.279
[20:13:55] 650.6, 123.5, 5.256
[20:13:56] 650.5, 123.6, 5.258
[20:13:57] 650.5, 122.9, 7.384
[20:13:58] 846.3, 123.6, 5.620
[20:13:59] 741.6, 123.6, 5.274
[20:14:00] 652.6, 123.6, 5.273
[20:14:01] 652.5, 123.5, 5.275
[20:14:02] 652.5, 123.6, 5.279
[20:14:03] 652.5, 122.9, 7.457
[20:14:04] 919.1, 123.0, 7.350
[20:14:05] 849.6, 123.5, 5.271
[20:14:06] 652.2, 123.6, 5.282
[20:14:07] 652.0, 123.5, 5.264
[20:14:08] 651.8, 123.5, 5.266
[20:14:09] 651.7, 123.0, 6.828
[20:14:10] 803.4, 123.0, 7.483
[20:14:11] 921.3, 122.9, 7.495
[20:14:12] 921.4, 123.0, 7.335
[20:14:13] 803.4, 123.5, 5.287
[20:14:14] 653.6, 123.4, 5.293
[20:14:15] 653.4, 123.6, 5.265
[20:14:16] 653.1, 123.5, 5.266
[20:14:17] 652.9, 122.9, 7.351
[20:14:18] 837.6, 122.9, 7.475
[20:14:19] 920.3, 122.9, 7.486
[20:14:20] 920.5, 122.9, 7.499
[20:14:21] 920.8, 122.9, 7.499
[20:14:22] 921.1, 122.9, 7.515
[20:14:23] 921.7, 123.5, 5.715
[20:14:24] 750.4, 123.5, 5.295
[20:14:25] 654.8, 123.5, 5.285
[20:14:26] 654.7, 123.5, 5.291
[20:14:27] 654.4, 123.5, 5.264
[20:14:28] 654.0, 123.0, 7.446
[20:14:29] 908.3, 123.0, 7.468
[20:14:30] 920.1, 122.9, 7.472
[20:14:31] 920.1, 123.0, 7.478
[20:14:32] 920.3, 123.0, 7.486
[20:14:33] 920.6, 122.9, 7.487
[20:14:34] 920.9, 122.9, 7.509
[20:14:35] 921.4, 122.9, 7.507
[20:14:36] 921.8, 123.0, 7.511
[20:14:37] 922.3, 123.0, 7.513
[20:14:38] 922.6, 122.9, 7.507
[20:14:39] 922.9, 122.9, 7.502
[20:14:40] 851.6, 123.5, 5.286
[20:14:41] 654.0, 123.6, 5.279
[20:14:42] 653.9, 123.4, 5.295
[20:14:43] 653.7, 123.5, 5.272
