<<<[03:34:15] 647.2, 125.0, 5.153
[03:34:16] 646.9, 125.1, 5.151
[03:34:17] 646.6, 125.0, 5.377
[03:34:18] 657.9, 125.0, 5.156
[03:34:19] 644.9, 125.1, 5.156
[03:34:20] 644.9, 125.1, 5.156
[03:34:21] 644.9, 124.9, 5.152
[03:34:22] 644.8, 125.0, 5.156
[03:34:23] 687.3, 125.1, 5.198
[03:34:24] 697.7, 125.0, 5.152
[03:34:25] 644.3, 125.1, 5.147
[03:34:26] 644.3, 125.0, 5.146
[03:34:27] 644.2, 125.1, 5.145
[03:34:28] 680.8, 125.1, 5.205
[03:34:29] 698.9, 125.0, 5.144
[03:34:30] 644.1, 125.1, 5.147
[03:34:31] 644.0, 125.0, 5.147
[03:34:32] 644.0, 125.0, 5.145
[03:34:33] 679.2, 125.1, 5.202
[03:34:34] 700.0, 125.0, 5.151
[03:34:35] 643.7, 125.0, 5.145
[03:34:36] 643.7, 125.0, 5.150
[03:34:37] 643.7, 125.0, 5.146
[03:34:38] 676.8, 125.0, 5.209
[03:34:39] 701.2, 125.0, 5.150
[03:34:40] 644.1, 125.0, 5.150
[03:34:41] 644.0, 125.0, 5.142
[03:34:42] 644.0, 125.1, 5.143
[03:34:43] 674.8, 125.0, 5.210
[03:34:44] 702.8, 125.1, 5.152
[03:34:45] 643.9, 125.0, 5.146
[03:34:46] 643.9, 125.0, 5.148
[03:34:47] 643.8, 125.0, 5.142
[03:34:48] 673.3, 125.1, 5.220
[03:34:49] 703.8, 125.0, 5.143
[03:34:50] 644.3, 125.0, 5.147
[03:34:51] 644.1, 125.0, 5.141
[03:34:52] 644.1, 125.0, 5.148
[03:34:53] 670.5, 125.0, 5.218
[03:34:54] 704.4, 125.0, 5.148
[03:34:55] 643.7, 125.0, 5.169
[03:34:56] 643.8, 125.0, 5.166
[03:34:57] 643.9, 125.0, 5.167
[03:34:58] 667.2, 125.0, 5.224
[03:34:59] 705.2, 125.0, 5.168
[03:35:00] 645.1, 125.0, 5.173
[03:35:01] 645.0, 125.0, 5.165
[03:35:02] 645.0, 125.0, 5.144
[03:35:03] 658.1, 124.9, 5.226
[03:35:04] 708.5, 125.0, 5.146
[03:35:05] 643.6, 125.1, 5.141
[03:35:06] 643.6, 125.0, 5.143
[03:35:07] 643.5, 125.1, 5.142
[03:35:08] 643.5, 124.8, 6.243
[03:35:09] 760.5, 124.9, 5.144
[03:35:10] 643.4, 125.1, 5.146
[03:35:11] 643.4, 124.9, 5.167
[03:35:12] 643.5, 125.1, 5.166
[03:35:13] 643.7, 124.4, 7.243
[03:35:14] 786.3, 125.0, 5.144
[03:35:15] 643.6, 125.0, 5.143
[03:35:16] 643.6, 125.0, 5.148
[03:35:17] 643.6, 125.0, 5.142
[03:35:18] 643.6, 124.5, 7.116
[03:35:19] 821.1, 125.0, 5.252
[03:35:20] 711.9, 125.0, 5.152
[03:35:21] 644.1, 125.1, 5.143
[03:35:22] 644.0, 125.0, 5.145
[03:35:23] 644.0, 125.0, 5.140
[03:35:24] 668.2, 124.4, 7.675
[03:35:25] 951.4, 125.0, 5.267
[03:35:26] 713.8, 124.9, 5.153
[03:35:27] 644.1, 125.1, 5.149
[03:35:28] 644.2, 125.0, 5.154
[03:35:29] 644.2, 125.0, 5.150
[03:35:30] 664.4, 124.5, 7.666
[03:35:31] 956.1, 124.4, 7.694
[03:35:32] 956.1, 125.0, 5.285
[03:35:33] 716.8, 125.1, 5.160
[03:35:34] 645.9, 125.0, 5.161
[03:35:35] 645.7, 125.0, 5.153
[03:35:36] 645.6, 125.0, 5.155
[03:35:37] 656.0, 124.3, 7.675
[03:35:38] 956.9, 124.4, 7.699
[03:35:39] 957.1, 124.3, 7.705
[03:35:40] 957.5, 124.4, 7.723
[03:35:41] 958.0, 125.0, 5.306
[03:35:42] 720.3, 125.0, 5.172
[03:35:43] 646.7, 125.0, 5.159
[03:35:44] 646.6, 125.0, 5.182
[03:35:45] 646.5, 125.1, 5.176
[03:35:46] 646.4, 124.4, 7.677
[03:35:47] 952.2, 124.5, 7.694
[03:35:48] 959.1, 124.4, 7.711
[03:35:49] 959.2, 124.5, 7.714
[03:35:50] 959.5, 124.5, 7.727
[03:35:51] 959.8, 124.4, 7.731
[03:35:52] 960.2, 124.5, 7.736
[03:35:53] 960.6, 124.5, 7.733
[03:35:54] 961.0, 124.8, 6.750
[03:35:55] 780.4, 125.0, 5.179
[03:35:56] 648.3, 125.0, 5.177
[03:35:57] 648.1, 125.1, 5.171
[03:35:58] 647.9, 125.0, 5.163
[03:35:59] 647.6, 124.3, 7.683
[03:36:00] 922.5, 124.3, 7.717
[03:36:01] 960.3, 124.3, 7.722
[03:36:02] 960.5, 124.4, 7.733
[03:36:03] 960.7, 124.4, 7.736
[03:36:04] 961.0, 124.3, 7.741
[03:36:05] 961.3, 124.3, 7.745
[03:36:06] 961.7, 124.3, 7.752
[03:36:07] 962.2, 124.4, 7.753
[03:36:08] 962.6, 124.4, 7.748
[03:36:09] 962.9, 124.3, 7.751
[03:36:10] 963.1, 124.3, 7.759
[03:36:11] 963.4, 124.3, 7.753
[03:36:12] 963.7, 124.4, 7.764
[03:36:13] 964.0, 124.4, 7.761
[03:36:14] 964.3, 124.3, 7.759
[03:36:15] 964.6, 125.0, 5.413
[03:36:16] 747.5, 125.0, 5.192
[03:36:17] 649.1, 125.0, 5.179
[03:36:18] 649.0, 124.9, 5.175
[03:36:19] 648.7, 125.0, 5.195
