<<<[12:06:44] 632.4, 123.3, 5.120
[12:06:45] 632.2, 123.4, 5.118
[12:06:46] 632.1, 123.4, 5.116
[12:06:47] 632.2, 123.3, 5.333
[12:06:48] 654.2, 123.3, 5.336
[12:06:49] 654.1, 123.4, 5.345
[12:06:50] 654.1, 123.3, 5.381
[12:06:51] 654.5, 123.3, 5.367
[12:06:52] 654.4, 123.3, 5.328
[12:06:53] 654.3, 123.3, 5.350
[12:06:54] 654.5, 123.3, 5.343
[12:06:55] 654.4, 123.4, 5.323
[12:06:56] 654.2, 123.3, 5.348
[12:06:57] 654.2, 123.4, 5.309
[12:06:58] 654.0, 123.3, 5.303
[12:06:59] 653.9, 123.4, 5.299
[12:07:00] 653.7, 123.3, 5.286
[12:07:01] 653.5, 123.4, 5.295
[12:07:02] 653.5, 123.2, 5.295
[12:07:03] 653.8, 123.3, 5.349
[12:07:04] 654.3, 123.2, 5.274
[12:07:05] 654.3, 123.3, 5.280
[12:07:06] 653.9, 123.2, 5.270
[12:07:07] 653.7, 123.3, 5.243
[12:07:08] 647.7, 123.2, 5.246
[12:07:09] 647.8, 123.2, 5.246
[12:07:10] 647.8, 123.4, 5.250
[12:07:11] 647.8, 123.3, 5.250
[12:07:12] 653.4, 123.4, 5.242
[12:07:13] 646.5, 123.3, 5.248
[12:07:14] 646.7, 123.2, 5.320
[12:07:15] 647.0, 123.3, 5.265
[12:07:16] 647.2, 123.3, 5.261
[12:07:17] 647.2, 123.3, 5.370
[12:07:18] 659.9, 123.3, 5.242
[12:07:19] 648.5, 123.3, 5.262
[12:07:20] 648.4, 123.3, 5.242
[12:07:21] 648.6, 123.3, 5.252
[12:07:22] 648.4, 123.3, 5.240
[12:07:23] 648.3, 123.2, 5.379
[12:07:24] 654.8, 123.3, 5.255
[12:07:25] 648.9, 123.4, 5.257
[12:07:26] 648.7, 123.4, 5.248
[12:07:27] 648.8, 123.3, 5.268
[12:07:28] 648.7, 123.3, 5.249
[12:07:29] 649.0, 123.3, 5.391
[12:07:30] 662.8, 123.4, 5.338
[12:07:31] 662.1, 123.3, 5.266
[12:07:32] 647.1, 123.3, 5.247
[12:07:33] 647.2, 123.4, 5.240
[12:07:34] 647.5, 123.3, 5.242
[12:07:35] 647.4, 123.3, 5.250
[12:07:36] 647.4, 123.4, 5.242
[12:07:37] 647.9, 123.2, 5.250
[12:07:38] 648.1, 123.4, 5.241
[12:07:39] 648.1, 123.3, 5.244
[12:07:40] 647.9, 123.3, 5.254
[12:07:41] 648.1, 123.3, 5.244
[12:07:42] 648.1, 123.3, 5.251
[12:07:43] 647.9, 123.3, 5.369
[12:07:44] 662.1, 123.4, 5.249
[12:07:45] 649.1, 123.3, 5.316
[12:07:46] 649.0, 123.3, 5.240
[12:07:47] 649.0, 123.2, 5.252
[12:07:48] 649.2, 123.3, 5.282
[12:07:49] 649.1, 123.3, 5.247
[12:07:50] 649.0, 123.2, 5.281
[12:07:51] 654.2, 123.4, 5.244
[12:07:52] 653.5, 123.3, 5.243
[12:07:53] 647.5, 123.4, 5.312
[12:07:54] 647.9, 123.4, 5.240
[12:07:55] 647.9, 123.3, 5.243
[12:07:56] 647.7, 123.3, 5.371
[12:07:57] 658.1, 123.4, 5.354
[12:07:58] 658.5, 123.3, 5.345
[12:07:59] 658.7, 123.4, 5.163
[12:08:00] 639.8, 123.4, 5.123
[12:08:01] 632.1, 123.3, 5.123
[12:08:02] 632.1, 123.4, 5.122
[12:08:03] 632.1, 123.4, 5.125
[12:08:04] 632.1, 122.9, 7.060
[12:08:05] 730.8, 123.4, 5.123
[12:08:06] 631.7, 123.3, 5.117
[12:08:07] 631.6, 123.3, 5.123
[12:08:08] 631.5, 123.4, 5.125
[12:08:09] 631.5, 122.8, 7.107
[12:08:10] 723.1, 123.3, 5.121
[12:08:11] 633.1, 123.3, 5.185
[12:08:12] 638.2, 123.3, 5.173
[12:08:13] 638.0, 123.2, 5.173
[12:08:14] 637.9, 122.8, 7.419
[12:08:15] 765.4, 123.4, 5.174
[12:08:16] 637.3, 123.3, 5.169
[12:08:17] 637.3, 123.4, 5.171
[12:08:18] 637.3, 123.3, 5.167
[12:08:19] 637.3, 122.9, 6.797
[12:08:20] 801.6, 123.3, 5.208
[12:08:21] 674.1, 123.4, 5.172
[12:08:22] 637.3, 123.4, 5.165
[12:08:23] 637.2, 123.3, 5.191
[12:08:24] 637.2, 123.4, 5.170
[12:08:25] 702.6, 122.7, 7.698
[12:08:26] 867.9, 123.4, 5.174
[12:08:27] 638.2, 123.3, 5.183
[12:08:28] 638.1, 123.3, 5.178
[12:08:29] 638.0, 123.3, 5.170
[12:08:30] 637.9, 122.9, 6.142
[12:08:31] 808.3, 122.7, 7.959
[12:08:32] 964.6, 123.4, 5.205
[12:08:33] 678.0, 123.5, 5.180
[12:08:34] 638.4, 123.4, 5.166
[12:08:35] 638.3, 123.4, 5.172
[12:08:36] 638.2, 123.5, 5.174
[12:08:37] 681.0, 122.7, 7.948
[12:08:38] 976.6, 122.7, 7.963
[12:08:39] 976.7, 122.7, 7.970
[12:08:40] 935.3, 123.3, 5.192
[12:08:41] 639.6, 123.4, 5.188
[12:08:42] 639.5, 123.3, 5.166
[12:08:43] 639.3, 123.5, 5.175
[12:08:44] 639.1, 123.5, 5.175
[12:08:45] 768.2, 122.7, 7.954
[12:08:46] 977.4, 122.8, 7.971
[12:08:47] 977.6, 122.7, 7.960
[12:08:48] 977.8, 122.7, 7.984
[12:08:49] 978.1, 122.7, 7.998
[12:08:50] 978.5, 123.3, 5.604
[12:08:51] 744.9, 123.4, 5.195
[12:08:52] 639.8, 123.4, 5.178
[12:08:53] 639.7, 123.4, 5.184
[12:08:54] 639.6, 123.5, 5.170
[12:08:55] 639.4, 122.7, 7.942
[12:08:56] 937.6, 122.8, 7.976
[12:08:57] 978.4, 122.7, 7.980
[12:08:58] 978.6, 122.6, 7.993
[12:08:59] 978.9, 122.7, 7.995
[12:09:00] 979.4, 122.7, 7.999
[12:09:01] 979.9, 122.6, 7.998
[12:09:02] 980.3, 122.7, 8.002
[12:09:03] 980.5, 122.7, 8.012
[12:09:04] 981.0, 122.6, 8.018
[12:09:05] 981.3, 122.6, 7.991
[12:09:06] 981.7, 123.4, 5.228
[12:09:07] 682.3, 123.3, 5.208
[12:09:08] 641.0, 123.3, 5.196
[12:09:09] 640.8, 123.4, 5.199
[12:09:10] 640.7, 123.4, 5.183
