<<<[21:41:44] 647.0, 123.5, 5.232
[21:41:46] 646.9, 123.5, 5.225
[21:41:47] 646.8, 123.5, 5.400
[21:41:48] 658.9, 123.5, 5.296
[21:41:49] 652.8, 123.5, 5.221
[21:41:50] 645.5, 123.4, 5.227
[21:41:51] 645.4, 123.5, 5.220
[21:41:52] 645.4, 123.4, 5.223
[21:41:53] 645.5, 123.1, 7.110
[21:41:54] 741.4, 123.5, 5.232
[21:41:55] 646.5, 123.5, 5.229
[21:41:56] 646.4, 123.4, 5.233
[21:41:57] 646.4, 123.5, 5.227
[21:41:58] 646.4, 123.0, 7.179
[21:41:59] 738.2, 123.5, 5.216
[21:42:00] 644.9, 123.6, 5.213
[21:42:01] 644.8, 123.5, 5.212
[21:42:02] 644.7, 123.5, 5.213
[21:42:03] 644.6, 122.9, 7.208
[21:42:04] 736.9, 123.5, 5.219
[21:42:05] 644.7, 123.4, 5.215
[21:42:06] 644.6, 123.5, 5.225
[21:42:07] 644.7, 123.5, 5.240
[21:42:08] 644.9, 123.0, 7.225
[21:42:09] 737.4, 123.5, 5.225
[21:42:10] 646.3, 123.5, 5.244
[21:42:11] 646.3, 123.5, 5.232
[21:42:12] 646.1, 123.5, 5.236
[21:42:13] 646.0, 122.9, 7.210
[21:42:14] 735.1, 123.4, 5.219
[21:42:15] 644.7, 123.5, 5.217
[21:42:16] 644.6, 123.5, 5.216
[21:42:17] 644.6, 123.5, 5.213
[21:42:18] 644.5, 123.0, 7.213
[21:42:19] 734.7, 123.5, 5.227
[21:42:20] 645.9, 123.4, 5.227
[21:42:21] 645.8, 123.5, 5.225
[21:42:22] 645.8, 123.4, 5.217
[21:42:23] 645.6, 122.9, 7.194
[21:42:24] 729.8, 123.5, 5.211
[21:42:25] 644.5, 123.5, 5.213
[21:42:26] 644.4, 123.5, 5.236
[21:42:27] 644.5, 123.5, 5.215
[21:42:28] 644.4, 123.1, 7.162
[21:42:29] 722.9, 123.6, 5.210
[21:42:30] 644.1, 123.5, 5.220
[21:42:31] 644.2, 123.5, 5.221
[21:42:32] 644.3, 123.5, 5.217
[21:42:33] 644.4, 123.0, 7.163
[21:42:34] 760.9, 123.5, 5.214
[21:42:35] 644.7, 123.5, 5.209
[21:42:36] 644.6, 123.6, 5.211
[21:42:37] 644.5, 123.5, 5.212
[21:42:38] 644.5, 123.1, 6.540
[21:42:39] 783.3, 123.5, 5.220
[21:42:40] 644.7, 123.5, 5.218
[21:42:41] 644.7, 123.5, 5.211
[21:42:42] 644.6, 123.5, 5.224
[21:42:43] 644.6, 123.4, 5.227
[21:42:44] 729.2, 123.5, 5.807
[21:42:45] 750.8, 123.6, 5.224
[21:42:46] 645.7, 123.6, 5.213
[21:42:47] 645.6, 123.6, 5.207
[21:42:48] 645.3, 123.6, 5.206
[21:42:49] 645.2, 123.0, 7.466
[21:42:50] 875.4, 123.4, 5.868
[21:42:51] 750.4, 123.5, 5.217
[21:42:52] 644.9, 123.5, 5.217
[21:42:53] 644.8, 123.5, 5.214
[21:42:54] 644.7, 123.6, 5.221
[21:42:55] 644.8, 122.9, 7.488
[21:42:56] 896.5, 122.9, 7.523
[21:42:57] 923.7, 123.6, 5.297
[21:42:58] 703.4, 123.6, 5.235
[21:42:59] 646.9, 123.6, 5.220
[21:43:00] 646.7, 123.5, 5.216
[21:43:01] 646.5, 123.5, 5.219
[21:43:02] 659.3, 122.9, 7.496
[21:43:03] 923.1, 122.9, 7.519
[21:43:04] 923.3, 123.0, 7.533
[21:43:05] 923.7, 123.0, 7.536
[21:43:06] 875.4, 123.5, 5.239
[21:43:07] 647.5, 123.5, 5.226
[21:43:08] 647.2, 123.5, 5.223
[21:43:09] 647.0, 123.5, 5.219
[21:43:10] 646.8, 123.5, 5.220
[21:43:11] 744.5, 122.9, 7.505
[21:43:12] 923.7, 123.0, 7.516
[21:43:13] 923.9, 123.0, 7.528
[21:43:14] 924.2, 123.0, 7.543
[21:43:15] 924.7, 122.9, 7.557
[21:43:16] 929.8, 122.9, 7.548
[21:43:17] 929.6, 122.9, 7.545
[21:43:18] 929.5, 123.4, 5.330
[21:43:19] 712.1, 123.4, 5.238
[21:43:20] 647.5, 123.4, 5.235
[21:43:21] 647.4, 123.4, 5.231
[21:43:22] 647.2, 123.5, 5.228
[21:43:23] 647.0, 122.9, 7.498
[21:43:24] 918.5, 122.9, 7.540
[21:43:25] 927.2, 122.9, 7.546
[21:43:26] 927.3, 122.9, 7.555
[21:43:27] 927.6, 122.9, 7.561
[21:43:28] 927.9, 123.0, 7.555
[21:43:29] 928.1, 123.0, 7.555
[21:43:30] 928.3, 123.0, 7.561
[21:43:31] 928.6, 122.9, 7.562
[21:43:32] 928.8, 122.9, 7.559
[21:43:33] 929.1, 122.9, 7.568
[21:43:34] 929.4, 122.9, 7.568
[21:43:35] 929.6, 122.9, 7.572
[21:43:36] 930.0, 122.9, 7.585
[21:43:37] 930.4, 122.9, 7.592
[21:43:38] 864.2, 123.5, 5.268
[21:43:39] 651.2, 123.5, 5.257
[21:43:40] 650.9, 123.5, 5.247
[21:43:41] 650.6, 123.5, 5.234
