<<<[01:51:08] 647.9, 125.2, 5.164
[01:51:09] 647.6, 125.2, 5.160
[01:51:10] 647.2, 125.1, 5.392
[01:51:11] 665.0, 125.2, 5.301
[01:51:12] 664.6, 125.1, 5.308
[01:51:13] 657.5, 125.2, 5.198
[01:51:14] 649.5, 125.2, 5.160
[01:51:15] 648.9, 125.1, 5.163
[01:51:16] 648.5, 125.2, 5.171
[01:51:17] 648.1, 125.0, 5.362
[01:51:18] 742.4, 125.1, 5.184
[01:51:19] 648.9, 125.2, 5.165
[01:51:20] 648.3, 125.1, 5.159
[01:51:21] 647.9, 125.2, 5.166
[01:51:22] 647.5, 125.1, 5.253
[01:51:23] 740.6, 125.1, 5.164
[01:51:24] 644.7, 125.2, 5.162
[01:51:25] 644.7, 125.2, 5.154
[01:51:26] 644.6, 125.1, 5.146
[01:51:27] 644.6, 125.2, 5.195
[01:51:28] 740.2, 125.1, 5.170
[01:51:29] 644.9, 125.2, 5.156
[01:51:30] 644.8, 125.2, 5.154
[01:51:31] 644.7, 125.1, 5.159
[01:51:32] 644.6, 125.2, 5.165
[01:51:33] 740.0, 125.2, 5.162
[01:51:34] 644.3, 125.2, 5.155
[01:51:35] 644.3, 125.1, 5.152
[01:51:36] 644.2, 125.2, 5.158
[01:51:37] 644.2, 125.2, 5.165
[01:51:38] 740.2, 125.2, 5.161
[01:51:39] 644.5, 125.1, 5.155
[01:51:40] 644.4, 125.2, 5.156
[01:51:41] 644.4, 125.1, 5.152
[01:51:42] 644.3, 125.2, 5.146
[01:51:43] 737.8, 125.2, 5.156
[01:51:44] 644.3, 125.1, 5.153
[01:51:45] 644.2, 125.2, 5.154
[01:51:46] 644.2, 125.1, 5.155
[01:51:47] 644.2, 125.2, 5.150
[01:51:48] 735.9, 125.1, 5.161
[01:51:49] 644.1, 125.2, 5.152
[01:51:50] 644.0, 125.1, 5.152
[01:51:51] 644.0, 125.1, 5.153
[01:51:52] 644.0, 125.2, 5.152
[01:51:53] 731.1, 125.1, 5.156
[01:51:54] 644.1, 125.2, 5.159
[01:51:55] 644.0, 125.1, 5.150
[01:51:56] 644.0, 125.2, 5.149
[01:51:57] 644.0, 125.1, 5.150
[01:51:58] 735.3, 125.2, 5.174
[01:51:59] 682.1, 125.2, 5.153
[01:52:00] 644.1, 125.1, 5.150
[01:52:01] 644.0, 125.2, 5.155
[01:52:02] 644.0, 125.1, 5.149
[01:52:03] 718.9, 125.2, 5.473
[01:52:04] 732.7, 125.1, 5.157
[01:52:05] 644.7, 125.2, 5.153
[01:52:06] 644.5, 125.1, 5.151
[01:52:07] 644.5, 125.2, 5.151
[01:52:08] 654.4, 124.6, 7.233
[01:52:09] 815.4, 125.2, 5.155
[01:52:10] 644.3, 125.1, 5.160
[01:52:11] 644.2, 125.1, 5.154
[01:52:12] 644.1, 125.0, 5.152
[01:52:13] 644.1, 124.4, 7.554
[01:52:14] 857.5, 125.1, 5.528
[01:52:15] 750.0, 125.1, 5.162
[01:52:16] 644.7, 125.2, 5.153
[01:52:17] 644.6, 125.1, 5.151
[01:52:18] 644.5, 125.2, 5.154
[01:52:19] 644.4, 124.5, 7.843
[01:52:20] 930.0, 124.4, 7.892
[01:52:21] 952.0, 125.2, 5.168
[01:52:22] 645.5, 125.1, 5.164
[01:52:23] 645.4, 125.2, 5.157
[01:52:24] 645.3, 125.1, 5.157
[01:52:25] 645.2, 125.2, 5.150
[01:52:26] 739.4, 124.4, 7.886
[01:52:27] 982.3, 124.5, 7.901
[01:52:28] 982.6, 124.5, 7.909
[01:52:29] 971.7, 125.1, 5.211
[01:52:30] 693.0, 125.1, 5.167
[01:52:31] 645.9, 125.1, 5.163
[01:52:32] 645.8, 125.1, 5.163
[01:52:33] 645.7, 125.1, 5.156
[01:52:34] 697.1, 124.5, 7.893
[01:52:35] 982.9, 124.4, 7.893
[01:52:36] 983.1, 124.5, 7.927
[01:52:37] 983.4, 124.4, 7.926
[01:52:38] 983.9, 124.5, 7.931
[01:52:39] 984.2, 124.4, 7.928
[01:52:40] 984.7, 125.0, 5.663
[01:52:41] 754.0, 125.1, 5.177
[01:52:42] 646.7, 125.1, 5.168
[01:52:43] 646.5, 125.2, 5.158
[01:52:44] 646.4, 125.1, 5.157
[01:52:45] 646.1, 124.5, 7.882
[01:52:46] 952.0, 124.5, 7.920
[01:52:47] 986.1, 124.4, 7.920
[01:52:48] 986.1, 124.4, 7.925
[01:52:49] 986.1, 124.4, 7.936
[01:52:50] 986.3, 124.5, 7.932
[01:52:51] 986.5, 124.4, 7.929
[01:52:52] 986.7, 124.4, 7.938
[01:52:53] 987.0, 124.4, 7.934
[01:52:54] 987.2, 124.4, 7.944
[01:52:55] 987.5, 124.5, 7.949
[01:52:56] 987.7, 124.4, 7.945
[01:52:57] 988.0, 124.4, 7.948
[01:52:58] 847.9, 125.1, 5.200
[01:52:59] 649.9, 125.2, 5.187
[01:53:00] 649.7, 125.1, 5.177
[01:53:01] 649.4, 125.1, 5.175
