<<<[00:21:50] 646.4, 124.7, 5.167
[00:21:51] 646.1, 124.7, 5.178
[00:21:52] 645.8, 124.7, 5.181
[00:21:53] 645.7, 124.6, 5.402
[00:21:54] 668.9, 124.7, 5.337
[00:21:55] 668.5, 124.6, 5.325
[00:21:56] 667.9, 124.7, 5.325
[00:21:57] 662.8, 124.6, 5.265
[00:21:58] 654.2, 124.6, 5.172
[00:21:59] 644.9, 124.7, 5.186
[00:22:00] 644.9, 124.6, 5.188
[00:22:01] 645.0, 124.7, 5.185
[00:22:02] 645.1, 124.5, 6.625
[00:22:03] 741.0, 124.7, 5.179
[00:22:04] 643.9, 124.7, 5.177
[00:22:05] 643.8, 124.8, 5.175
[00:22:06] 643.8, 124.7, 5.161
[00:22:07] 643.8, 124.5, 6.690
[00:22:08] 735.7, 124.7, 5.179
[00:22:09] 643.9, 124.8, 5.174
[00:22:10] 643.8, 124.7, 5.163
[00:22:11] 643.8, 124.8, 5.170
[00:22:12] 643.8, 124.6, 6.759
[00:22:13] 735.1, 124.7, 5.175
[00:22:14] 643.6, 124.8, 5.159
[00:22:15] 643.6, 124.8, 5.172
[00:22:16] 643.6, 124.7, 5.174
[00:22:17] 643.5, 124.4, 6.852
[00:22:18] 733.5, 124.8, 5.157
[00:22:19] 643.6, 124.7, 5.175
[00:22:20] 643.5, 124.8, 5.175
[00:22:21] 643.5, 124.8, 5.177
[00:22:22] 643.5, 124.4, 6.943
[00:22:23] 731.5, 124.6, 5.178
[00:22:24] 643.6, 124.6, 5.177
[00:22:25] 643.5, 124.7, 5.177
[00:22:26] 643.5, 124.7, 5.166
[00:22:27] 643.5, 124.3, 7.018
[00:22:28] 728.0, 124.7, 5.179
[00:22:29] 643.6, 124.7, 5.176
[00:22:30] 643.5, 124.7, 5.161
[00:22:31] 643.5, 124.8, 5.175
[00:22:32] 643.4, 124.2, 7.079
[00:22:33] 721.1, 124.6, 5.176
[00:22:34] 643.2, 124.7, 5.160
[00:22:35] 643.2, 124.7, 5.182
[00:22:36] 643.4, 124.8, 5.181
[00:22:37] 643.5, 124.2, 7.135
[00:22:38] 756.9, 124.6, 5.171
[00:22:39] 643.9, 124.7, 5.179
[00:22:40] 643.8, 124.7, 5.180
[00:22:41] 643.8, 124.7, 5.177
[00:22:42] 643.7, 124.2, 6.773
[00:22:43] 779.2, 124.7, 5.182
[00:22:44] 643.6, 124.7, 5.181
[00:22:45] 643.6, 124.7, 5.173
[00:22:46] 643.5, 124.8, 5.160
[00:22:47] 643.5, 124.8, 5.177
[00:22:48] 727.4, 124.3, 7.159
[00:22:49] 788.0, 124.7, 5.179
[00:22:50] 643.6, 124.7, 5.161
[00:22:51] 643.6, 124.7, 5.175
[00:22:52] 643.5, 124.8, 5.180
[00:22:53] 643.6, 124.2, 7.417
[00:22:54] 861.1, 124.3, 7.194
[00:22:55] 793.7, 124.7, 5.184
[00:22:56] 644.3, 124.7, 5.182
[00:22:57] 644.2, 124.7, 5.177
[00:22:58] 644.2, 124.7, 5.162
[00:22:59] 644.0, 124.2, 7.348
[00:23:00] 843.3, 124.1, 7.498
[00:23:01] 931.5, 124.1, 7.275
[00:23:02] 851.6, 124.6, 5.188
[00:23:03] 645.7, 124.7, 5.191
[00:23:04] 645.5, 124.7, 5.187
[00:23:05] 645.4, 124.6, 5.185
[00:23:06] 645.2, 124.1, 6.985
[00:23:07] 812.6, 124.2, 7.498
[00:23:08] 931.9, 124.2, 7.510
[00:23:09] 932.0, 124.1, 7.515
[00:23:10] 932.3, 124.0, 7.523
[00:23:11] 914.8, 124.7, 5.207
[00:23:12] 646.5, 124.6, 5.198
[00:23:13] 646.4, 124.6, 5.195
[00:23:14] 646.2, 124.7, 5.183
[00:23:15] 646.2, 124.6, 5.191
[00:23:16] 753.6, 124.1, 7.505
[00:23:17] 932.3, 124.2, 7.514
[00:23:18] 932.4, 124.1, 7.525
[00:23:19] 932.8, 124.1, 7.528
[00:23:20] 933.2, 124.2, 7.540
[00:23:21] 933.6, 124.1, 7.531
[00:23:22] 934.1, 124.2, 7.546
[00:23:23] 934.5, 124.2, 7.550
[00:23:24] 934.9, 124.6, 5.673
[00:23:25] 747.5, 124.8, 5.210
[00:23:26] 647.5, 124.8, 5.189
[00:23:27] 647.3, 124.7, 5.199
[00:23:28] 647.2, 124.8, 5.191
[00:23:29] 646.9, 124.1, 7.500
[00:23:30] 917.9, 124.2, 7.514
[00:23:31] 934.1, 124.2, 7.530
[00:23:32] 934.3, 124.2, 7.533
[00:23:33] 934.6, 124.1, 7.539
[00:23:34] 934.9, 124.2, 7.546
[00:23:35] 935.3, 124.1, 7.550
[00:23:36] 935.6, 124.1, 7.551
[00:23:37] 936.0, 124.2, 7.551
[00:23:38] 936.3, 124.3, 7.558
[00:23:39] 936.8, 124.1, 7.558
[00:23:40] 937.1, 124.1, 7.563
[00:23:41] 937.4, 124.2, 7.558
[00:23:42] 937.7, 124.2, 7.560
[00:23:43] 938.0, 124.1, 7.552
[00:23:44] 938.1, 124.2, 7.568
[00:23:45] 938.4, 124.2, 7.563
[00:23:46] 907.5, 124.7, 5.214
[00:23:47] 650.0, 124.8, 5.213
[00:23:48] 649.7, 124.8, 5.208
[00:23:49] 649.5, 124.8, 5.203
