<<<[08:25:31] 646.6, 124.5, 5.191
[08:25:32] 646.4, 124.4, 5.187
[08:25:33] 646.3, 124.5, 5.176
[08:25:34] 646.4, 124.5, 5.324
[08:25:35] 664.4, 124.5, 5.329
[08:25:36] 664.0, 124.6, 5.223
[08:25:37] 650.4, 124.5, 5.188
[08:25:38] 649.9, 124.4, 5.196
[08:25:39] 649.4, 124.5, 5.199
[08:25:40] 649.1, 124.4, 5.194
[08:25:41] 710.5, 124.5, 5.216
[08:25:42] 678.8, 124.5, 5.189
[08:25:43] 645.5, 124.4, 5.189
[08:25:44] 645.5, 124.5, 5.191
[08:25:45] 645.5, 124.5, 5.188
[08:25:46] 707.9, 124.4, 5.215
[08:25:47] 679.2, 124.4, 5.191
[08:25:48] 645.9, 124.5, 5.186
[08:25:49] 645.9, 124.4, 5.184
[08:25:50] 645.8, 124.4, 5.185
[08:25:51] 705.6, 124.5, 5.212
[08:25:52] 680.2, 124.5, 5.189
[08:25:53] 645.9, 124.3, 5.189
[08:25:54] 645.9, 124.4, 5.190
[08:25:55] 645.8, 124.5, 5.190
[08:25:56] 704.4, 124.5, 5.208
[08:25:57] 681.3, 124.5, 5.195
[08:25:58] 646.3, 124.4, 5.194
[08:25:59] 646.2, 124.5, 5.192
[08:26:00] 646.2, 124.5, 5.190
[08:26:01] 701.6, 124.4, 5.211
[08:26:02] 682.5, 124.4, 5.193
[08:26:03] 645.9, 124.5, 5.190
[08:26:04] 645.9, 124.4, 5.185
[08:26:05] 645.9, 124.5, 5.186
[08:26:06] 697.7, 124.5, 5.206
[08:26:07] 682.9, 124.5, 5.191
[08:26:08] 646.3, 124.5, 5.190
[08:26:09] 646.2, 124.4, 5.186
[08:26:10] 646.3, 124.5, 5.193
[08:26:11] 691.2, 124.5, 5.207
[08:26:12] 683.7, 124.5, 5.187
[08:26:13] 645.7, 124.4, 5.189
[08:26:14] 645.6, 124.4, 5.180
[08:26:15] 645.5, 124.5, 5.186
[08:26:16] 679.6, 124.5, 5.494
[08:26:17] 732.5, 124.5, 5.183
[08:26:18] 645.7, 124.4, 5.188
[08:26:19] 645.6, 124.4, 5.182
[08:26:20] 645.5, 124.5, 5.184
[08:26:21] 652.4, 124.0, 7.179
[08:26:22] 787.4, 124.5, 5.187
[08:26:23] 645.9, 124.5, 5.189
[08:26:24] 645.8, 124.4, 5.195
[08:26:25] 645.8, 124.4, 5.185
[08:26:26] 645.8, 123.9, 7.338
[08:26:27] 799.6, 124.4, 5.191
[08:26:28] 646.1, 124.5, 5.186
[08:26:29] 646.0, 124.5, 5.198
[08:26:30] 646.0, 124.5, 5.183
[08:26:31] 645.9, 124.4, 5.184
[08:26:32] 762.6, 123.9, 7.205
[08:26:33] 793.3, 124.5, 5.188
[08:26:34] 646.3, 124.5, 5.188
[08:26:35] 646.2, 124.5, 5.189
[08:26:36] 646.1, 124.4, 5.185
[08:26:37] 646.0, 123.9, 7.163
[08:26:38] 820.3, 123.9, 7.368
[08:26:39] 912.4, 124.5, 5.231
[08:26:40] 690.4, 124.4, 5.198
[08:26:41] 646.5, 124.4, 5.192
[08:26:42] 646.4, 124.4, 5.191
[08:26:43] 646.3, 124.5, 5.184
[08:26:44] 671.1, 124.0, 7.352
[08:26:45] 913.2, 124.0, 7.384
[08:26:46] 913.5, 123.9, 7.387
[08:26:47] 914.0, 124.4, 5.602
[08:26:48] 742.0, 124.4, 5.206
[08:26:49] 647.5, 124.4, 5.200
[08:26:50] 647.4, 124.5, 5.192
[08:26:51] 647.3, 124.5, 5.189
[08:26:52] 647.2, 123.9, 7.359
[08:26:53] 908.5, 124.0, 7.376
[08:26:54] 916.8, 124.0, 7.393
[08:26:55] 917.0, 124.0, 7.407
[08:26:56] 917.3, 124.0, 7.407
[08:26:57] 917.6, 124.0, 7.405
[08:26:58] 917.8, 124.0, 7.251
[08:26:59] 799.1, 124.5, 5.212
[08:27:00] 649.3, 124.5, 5.206
[08:27:01] 649.1, 124.5, 5.202
[08:27:02] 648.9, 124.5, 5.196
[08:27:03] 648.7, 124.0, 7.316
[08:27:04] 848.7, 124.0, 7.387
[08:27:05] 917.7, 124.0, 7.404
[08:27:06] 917.9, 124.0, 7.420
[08:27:07] 918.2, 124.0, 7.414
[08:27:08] 918.5, 124.0, 7.420
[08:27:09] 918.8, 124.0, 7.425
[08:27:10] 919.2, 124.0, 7.427
[08:27:11] 919.6, 124.0, 7.436
[08:27:12] 920.1, 124.0, 7.443
[08:27:13] 920.5, 123.9, 7.436
[08:27:14] 920.9, 123.9, 7.448
[08:27:15] 921.3, 123.8, 7.437
[08:27:16] 845.9, 124.5, 5.336
[08:27:17] 664.6, 124.4, 5.244
[08:27:18] 654.4, 124.5, 5.211
[08:27:19] 649.1, 124.4, 5.212
