<<<[11:20:19] 644.9, 123.6, 5.217
[11:20:20] 644.9, 123.6, 5.217
[11:20:21] 645.0, 123.6, 5.272
[11:20:22] 654.0, 123.6, 5.230
[11:20:23] 653.4, 123.6, 5.225
[11:20:24] 646.7, 123.5, 5.227
[11:20:25] 646.7, 123.5, 5.228
[11:20:26] 646.8, 123.6, 5.228
[11:20:27] 655.6, 123.5, 5.522
[11:20:28] 732.9, 123.6, 5.220
[11:20:29] 645.7, 123.5, 5.223
[11:20:30] 645.6, 123.5, 5.221
[11:20:31] 645.5, 123.5, 5.213
[11:20:32] 645.9, 123.4, 5.536
[11:20:33] 734.5, 123.5, 5.219
[11:20:34] 645.7, 123.4, 5.216
[11:20:35] 645.6, 123.5, 5.216
[11:20:36] 645.6, 123.6, 5.222
[11:20:37] 645.8, 123.5, 5.553
[11:20:38] 735.3, 123.6, 5.218
[11:20:39] 645.5, 123.7, 5.215
[11:20:40] 645.4, 123.6, 5.215
[11:20:41] 645.4, 123.7, 5.216
[11:20:42] 645.5, 123.6, 5.561
[11:20:43] 735.3, 123.6, 5.216
[11:20:44] 645.3, 123.7, 5.216
[11:20:45] 645.3, 123.5, 5.217
[11:20:46] 645.2, 123.6, 5.220
[11:20:47] 645.2, 123.5, 5.581
[11:20:48] 735.1, 123.6, 5.210
[11:20:49] 645.3, 123.4, 5.219
[11:20:50] 645.3, 123.5, 5.217
[11:20:51] 645.3, 123.5, 5.214
[11:20:52] 645.3, 123.5, 5.594
[11:20:53] 733.3, 123.4, 5.222
[11:20:54] 645.3, 123.5, 5.223
[11:20:55] 645.3, 123.4, 5.220
[11:20:56] 645.3, 123.4, 5.223
[11:20:57] 645.3, 123.6, 5.617
[11:20:58] 730.6, 123.6, 5.218
[11:20:59] 645.1, 123.6, 5.219
[11:21:00] 645.1, 123.5, 5.218
[11:21:01] 645.1, 123.5, 5.218
[11:21:02] 645.1, 123.5, 5.641
[11:21:03] 725.4, 123.4, 5.221
[11:21:04] 644.9, 123.5, 5.220
[11:21:05] 644.9, 123.6, 5.214
[11:21:06] 644.9, 123.5, 5.213
[11:21:07] 644.9, 123.0, 7.215
[11:21:08] 764.0, 123.5, 5.216
[11:21:09] 644.9, 123.5, 5.216
[11:21:10] 644.9, 123.5, 5.216
[11:21:11] 644.9, 123.6, 5.219
[11:21:12] 644.9, 122.9, 7.227
[11:21:13] 743.2, 123.6, 5.218
[11:21:14] 645.1, 123.6, 5.218
[11:21:15] 645.0, 123.5, 5.218
[11:21:16] 645.0, 123.6, 5.219
[11:21:17] 645.0, 123.0, 7.025
[11:21:18] 799.4, 123.5, 5.223
[11:21:19] 644.7, 123.6, 5.221
[11:21:20] 644.9, 123.5, 5.220
[11:21:21] 645.1, 123.5, 5.218
[11:21:22] 645.2, 123.5, 5.219
[11:21:23] 710.1, 123.1, 7.335
[11:21:24] 852.6, 123.6, 5.224
[11:21:25] 645.9, 123.5, 5.220
[11:21:26] 645.8, 123.6, 5.221
[11:21:27] 645.8, 123.5, 5.218
[11:21:28] 645.7, 123.2, 6.199
[11:21:29] 783.9, 123.1, 7.424
[11:21:30] 912.6, 123.6, 5.263
[11:21:31] 697.3, 123.5, 5.217
[11:21:32] 646.1, 123.6, 5.215
[11:21:33] 646.0, 123.5, 5.211
[11:21:34] 645.9, 123.6, 5.212
[11:21:35] 667.0, 123.1, 7.409
[11:21:36] 912.8, 123.1, 7.431
[11:21:37] 913.1, 123.0, 7.438
[11:21:38] 912.9, 123.5, 5.244
[11:21:39] 650.6, 123.6, 5.234
[11:21:40] 650.1, 123.6, 5.227
[11:21:41] 649.7, 123.5, 5.226
[11:21:42] 649.4, 123.6, 5.221
[11:21:43] 703.8, 123.0, 7.424
[11:21:44] 914.4, 122.9, 7.444
[11:21:45] 914.6, 122.9, 7.458
[11:21:46] 915.0, 123.0, 7.459
[11:21:47] 915.4, 123.0, 7.454
[11:21:48] 915.8, 123.0, 7.417
[11:21:49] 864.0, 123.5, 5.245
[11:21:50] 649.1, 123.5, 5.238
[11:21:51] 648.9, 123.6, 5.232
[11:21:52] 648.7, 123.5, 5.230
[11:21:53] 648.4, 123.4, 5.610
[11:21:54] 776.8, 123.1, 7.440
[11:21:55] 916.4, 123.0, 7.450
[11:21:56] 916.5, 123.1, 7.454
[11:21:57] 916.7, 123.0, 7.461
[11:21:58] 917.0, 123.1, 7.473
[11:21:59] 917.4, 123.0, 7.468
[11:22:00] 917.8, 123.0, 7.479
[11:22:01] 918.2, 123.1, 7.483
[11:22:02] 918.6, 123.0, 7.484
[11:22:03] 919.0, 123.0, 7.491
[11:22:04] 919.4, 122.9, 7.481
[11:22:05] 909.7, 123.6, 5.252
[11:22:06] 650.4, 123.5, 5.243
[11:22:07] 650.1, 123.6, 5.239
[11:22:08] 649.9, 123.5, 5.235
