<<<[02:14:25] 642.4, 125.2, 5.108
[02:14:26] 642.0, 125.2, 5.129
[02:14:27] 641.8, 125.2, 5.252
[02:14:28] 653.8, 125.2, 5.162
[02:14:29] 645.1, 125.2, 5.131
[02:14:30] 644.5, 125.1, 5.129
[02:14:31] 644.0, 125.1, 5.127
[02:14:32] 643.5, 125.2, 5.131
[02:14:33] 643.0, 125.0, 6.561
[02:14:34] 734.9, 125.1, 5.109
[02:14:35] 638.8, 125.2, 5.103
[02:14:36] 638.8, 125.1, 5.100
[02:14:37] 638.7, 125.2, 5.104
[02:14:38] 638.7, 124.8, 6.632
[02:14:39] 730.2, 125.2, 5.101
[02:14:40] 638.8, 125.1, 5.103
[02:14:41] 638.7, 125.1, 5.101
[02:14:42] 638.6, 125.2, 5.102
[02:14:43] 638.6, 124.9, 6.710
[02:14:44] 730.4, 125.2, 5.105
[02:14:45] 638.8, 125.1, 5.099
[02:14:46] 638.7, 125.2, 5.101
[02:14:47] 638.6, 125.1, 5.096
[02:14:48] 638.6, 124.9, 6.779
[02:14:49] 729.6, 125.1, 5.104
[02:14:50] 638.4, 125.1, 5.100
[02:14:51] 638.4, 125.2, 5.102
[02:14:52] 638.4, 125.1, 5.099
[02:14:53] 638.3, 124.9, 6.856
[02:14:54] 728.8, 125.2, 5.097
[02:14:55] 638.2, 125.1, 5.104
[02:14:56] 638.1, 125.2, 5.097
[02:14:57] 638.1, 125.1, 5.097
[02:14:58] 638.1, 124.8, 6.931
[02:14:59] 728.0, 125.1, 5.100
[02:15:00] 638.4, 125.1, 5.100
[02:15:01] 638.3, 125.2, 5.095
[02:15:02] 638.3, 125.1, 5.103
[02:15:03] 638.3, 124.8, 6.982
[02:15:04] 725.6, 125.1, 5.102
[02:15:05] 638.2, 125.1, 5.096
[02:15:06] 638.2, 125.2, 5.098
[02:15:07] 638.1, 125.0, 5.101
[02:15:08] 638.1, 124.7, 7.001
[02:15:09] 721.3, 125.0, 5.098
[02:15:10] 638.2, 125.1, 5.098
[02:15:11] 638.1, 125.1, 5.100
[02:15:12] 638.1, 125.2, 5.097
[02:15:13] 638.0, 124.6, 7.038
[02:15:14] 714.4, 125.2, 5.101
[02:15:15] 638.0, 125.1, 5.095
[02:15:16] 638.0, 125.2, 5.105
[02:15:17] 638.0, 125.1, 5.093
[02:15:18] 638.0, 124.6, 7.269
[02:15:19] 748.3, 125.1, 5.100
[02:15:20] 638.4, 125.2, 5.097
[02:15:21] 638.3, 125.1, 5.090
[02:15:22] 638.2, 125.2, 5.094
[02:15:23] 638.2, 124.9, 5.779
[02:15:24] 780.0, 125.1, 5.118
[02:15:25] 675.4, 125.2, 5.102
[02:15:26] 638.8, 125.1, 5.105
[02:15:27] 638.7, 125.2, 5.101
[02:15:28] 638.7, 125.2, 5.101
[02:15:29] 691.4, 124.6, 7.396
[02:15:30] 855.2, 125.2, 5.109
[02:15:31] 639.6, 125.1, 5.108
[02:15:32] 639.5, 125.1, 5.105
[02:15:33] 639.4, 125.1, 5.098
[02:15:34] 639.3, 124.8, 6.220
[02:15:35] 799.4, 124.4, 7.640
[02:15:36] 936.4, 125.1, 5.142
[02:15:37] 680.8, 125.1, 5.113
[02:15:38] 640.2, 125.2, 5.110
[02:15:39] 640.1, 125.1, 5.104
[02:15:40] 639.9, 125.2, 5.105
[02:15:41] 708.7, 124.4, 7.628
[02:15:42] 951.4, 124.6, 7.639
[02:15:43] 951.6, 124.6, 7.193
[02:15:44] 805.4, 125.2, 5.117
[02:15:45] 640.8, 125.0, 5.111
[02:15:46] 640.7, 125.2, 5.106
[02:15:47] 640.5, 125.1, 5.102
[02:15:48] 640.3, 124.6, 7.338
[02:15:49] 838.2, 124.5, 7.641
[02:15:50] 952.2, 124.5, 7.652
[02:15:51] 952.4, 124.5, 7.661
[02:15:52] 952.8, 124.5, 7.664
[02:15:53] 953.2, 124.5, 7.633
[02:15:54] 869.3, 125.2, 5.129
[02:15:55] 642.6, 125.1, 5.120
[02:15:56] 642.4, 125.2, 5.119
[02:15:57] 642.2, 125.1, 5.112
[02:15:58] 641.9, 125.1, 5.269
[02:15:59] 787.4, 124.5, 7.636
[02:16:00] 952.8, 124.6, 7.659
[02:16:01] 953.0, 124.5, 7.664
[02:16:02] 953.3, 124.5, 7.672
[02:16:03] 953.8, 124.5, 7.683
[02:16:04] 954.2, 124.5, 7.683
[02:16:05] 954.7, 124.5, 7.695
[02:16:06] 955.2, 124.5, 7.688
[02:16:07] 955.7, 124.5, 7.689
[02:16:08] 956.0, 124.5, 7.693
[02:16:09] 913.4, 125.2, 5.146
[02:16:10] 644.1, 125.2, 5.134
[02:16:11] 643.9, 125.1, 5.123
[02:16:12] 643.6, 125.1, 5.121
