<<<[02:26:03] 646.7, 125.2, 5.140
[02:26:04] 646.3, 125.2, 5.136
[02:26:05] 646.0, 125.3, 5.234
[02:26:06] 660.1, 125.2, 5.270
[02:26:07] 659.9, 125.3, 5.253
[02:26:08] 659.9, 125.3, 5.266
[02:26:09] 659.7, 125.2, 5.278
[02:26:10] 659.7, 125.2, 5.138
[02:26:11] 645.1, 125.3, 5.137
[02:26:12] 644.9, 125.2, 5.144
[02:26:13] 644.8, 125.2, 5.153
[02:26:14] 644.8, 125.3, 5.154
[02:26:15] 682.3, 125.3, 5.195
[02:26:16] 701.4, 125.3, 5.130
[02:26:17] 643.0, 125.2, 5.130
[02:26:18] 643.0, 125.2, 5.136
[02:26:19] 643.0, 125.2, 5.129
[02:26:20] 676.6, 125.2, 5.201
[02:26:21] 702.6, 125.3, 5.132
[02:26:22] 643.0, 125.2, 5.130
[02:26:23] 643.0, 125.2, 5.132
[02:26:24] 643.0, 125.2, 5.132
[02:26:25] 674.3, 125.1, 5.207
[02:26:26] 704.0, 125.1, 5.139
[02:26:27] 643.4, 125.2, 5.138
[02:26:28] 643.4, 125.2, 5.130
[02:26:29] 643.3, 125.2, 5.132
[02:26:30] 671.7, 125.1, 5.215
[02:26:31] 705.6, 125.2, 5.132
[02:26:32] 643.0, 125.2, 5.131
[02:26:33] 643.0, 125.3, 5.129
[02:26:34] 643.0, 125.3, 5.129
[02:26:35] 668.4, 125.1, 5.216
[02:26:36] 706.5, 125.2, 5.138
[02:26:37] 643.2, 125.2, 5.127
[02:26:38] 643.1, 125.2, 5.136
[02:26:39] 643.1, 125.3, 5.129
[02:26:40] 662.8, 125.3, 5.221
[02:26:41] 708.1, 125.3, 5.129
[02:26:42] 643.0, 125.3, 5.134
[02:26:43] 642.9, 125.2, 5.129
[02:26:44] 642.9, 125.2, 5.130
[02:26:45] 648.9, 125.2, 5.231
[02:26:46] 714.6, 125.2, 5.130
[02:26:47] 643.2, 125.2, 5.135
[02:26:48] 643.2, 125.2, 5.133
[02:26:49] 643.1, 125.1, 5.128
[02:26:50] 643.1, 125.0, 6.406
[02:26:51] 755.2, 125.2, 5.133
[02:26:52] 643.4, 125.2, 5.131
[02:26:53] 643.3, 125.3, 5.128
[02:26:54] 643.3, 125.2, 5.133
[02:26:55] 643.2, 124.6, 7.653
[02:26:56] 824.6, 125.3, 5.136
[02:26:57] 643.7, 125.3, 5.134
[02:26:58] 643.6, 125.2, 5.130
[02:26:59] 643.5, 125.2, 5.131
[02:27:00] 643.5, 125.2, 5.134
[02:27:01] 778.2, 125.0, 6.570
[02:27:02] 778.5, 125.3, 5.136
[02:27:03] 643.6, 125.2, 5.136
[02:27:04] 643.5, 125.3, 5.134
[02:27:05] 643.5, 125.2, 5.131
[02:27:06] 643.5, 124.5, 7.655
[02:27:07] 885.7, 124.6, 7.740
[02:27:08] 906.1, 125.2, 5.161
[02:27:09] 646.3, 125.2, 5.157
[02:27:10] 646.2, 125.3, 5.146
[02:27:11] 646.0, 125.1, 5.133
[02:27:12] 645.7, 125.2, 5.136
[02:27:13] 782.9, 124.6, 7.739
[02:27:14] 965.4, 124.5, 7.747
[02:27:15] 965.6, 125.0, 6.740
[02:27:16] 784.1, 125.3, 5.151
[02:27:17] 645.5, 125.2, 5.145
[02:27:18] 645.4, 125.2, 5.149
[02:27:19] 645.3, 125.2, 5.136
[02:27:20] 645.1, 124.5, 7.693
[02:27:21] 900.8, 124.6, 7.746
[02:27:22] 966.4, 124.5, 7.754
[02:27:23] 966.5, 124.5, 7.769
[02:27:24] 966.8, 124.6, 7.777
[02:27:25] 967.2, 124.7, 7.407
[02:27:26] 856.3, 125.3, 5.165
[02:27:27] 647.3, 125.2, 5.157
[02:27:28] 647.1, 125.3, 5.147
[02:27:29] 646.9, 125.2, 5.145
[02:27:30] 646.6, 124.7, 6.825
[02:27:31] 821.7, 124.6, 7.744
[02:27:32] 966.6, 124.5, 7.764
[02:27:33] 966.8, 124.6, 7.768
[02:27:34] 967.1, 124.5, 7.772
[02:27:35] 967.4, 124.6, 7.783
[02:27:36] 967.9, 124.5, 7.792
[02:27:37] 968.3, 124.6, 7.793
[02:27:38] 968.8, 124.5, 7.797
[02:27:39] 969.3, 124.6, 7.798
[02:27:40] 969.8, 124.5, 7.795
[02:27:41] 954.8, 125.3, 5.183
[02:27:42] 648.9, 125.1, 5.173
[02:27:43] 648.7, 125.2, 5.160
[02:27:44] 648.4, 125.2, 5.156
