<<<[00:31:01] 655.0, 124.6, 5.273
[00:31:02] 655.1, 124.6, 5.176
[00:31:03] 644.7, 124.7, 5.176
[00:31:04] 644.5, 124.6, 5.303
[00:31:05] 657.9, 124.7, 5.249
[00:31:06] 650.8, 124.8, 5.181
[00:31:07] 643.9, 124.7, 5.178
[00:31:08] 643.8, 124.8, 5.175
[00:31:09] 643.7, 124.7, 5.179
[00:31:10] 707.3, 124.7, 5.185
[00:31:11] 675.0, 124.8, 5.176
[00:31:12] 643.9, 124.8, 5.173
[00:31:13] 643.9, 124.6, 5.175
[00:31:14] 643.9, 124.8, 5.175
[00:31:15] 702.4, 124.7, 5.189
[00:31:16] 676.2, 124.7, 5.174
[00:31:17] 643.2, 124.8, 5.174
[00:31:18] 643.3, 124.7, 5.173
[00:31:19] 643.3, 124.7, 5.174
[00:31:20] 700.0, 124.7, 5.190
[00:31:21] 677.4, 124.7, 5.172
[00:31:22] 643.0, 124.7, 5.172
[00:31:23] 642.9, 124.7, 5.170
[00:31:24] 642.9, 124.6, 5.171
[00:31:25] 696.7, 124.7, 5.189
[00:31:26] 678.4, 124.6, 5.166
[00:31:27] 642.4, 124.7, 5.172
[00:31:28] 642.4, 124.6, 5.173
[00:31:29] 642.4, 124.7, 5.170
[00:31:30] 693.5, 124.6, 5.192
[00:31:31] 679.6, 124.7, 5.172
[00:31:32] 642.6, 124.7, 5.169
[00:31:33] 642.6, 124.7, 5.167
[00:31:34] 642.5, 124.8, 5.172
[00:31:35] 689.4, 124.7, 5.192
[00:31:36] 680.4, 124.7, 5.173
[00:31:37] 642.8, 124.7, 5.168
[00:31:38] 642.7, 124.6, 5.167
[00:31:39] 642.6, 124.7, 5.170
[00:31:40] 681.9, 124.7, 5.193
[00:31:41] 681.8, 124.7, 5.172
[00:31:42] 642.6, 124.7, 5.160
[00:31:43] 642.5, 124.8, 5.168
[00:31:44] 642.4, 124.8, 5.166
[00:31:45] 668.6, 124.7, 5.496
[00:31:46] 731.1, 124.7, 5.171
[00:31:47] 642.8, 124.8, 5.168
[00:31:48] 642.7, 124.8, 5.165
[00:31:49] 642.6, 124.7, 5.166
[00:31:50] 642.5, 124.2, 7.137
[00:31:51] 783.5, 124.7, 5.171
[00:31:52] 642.4, 124.8, 5.171
[00:31:53] 642.4, 124.8, 5.165
[00:31:54] 642.3, 124.8, 5.163
[00:31:55] 642.2, 124.2, 7.295
[00:31:56] 836.5, 124.7, 5.173
[00:31:57] 642.2, 124.7, 5.170
[00:31:58] 642.2, 124.7, 5.162
[00:31:59] 642.2, 124.8, 5.167
[00:32:00] 642.1, 124.7, 5.168
[00:32:01] 740.4, 124.2, 7.223
[00:32:02] 844.3, 124.7, 5.172
[00:32:03] 642.6, 124.7, 5.173
[00:32:04] 642.6, 124.7, 5.170
[00:32:05] 642.6, 124.7, 5.168
[00:32:06] 642.5, 124.3, 6.461
[00:32:07] 788.6, 124.1, 7.342
[00:32:08] 912.0, 124.6, 5.630
[00:32:09] 741.4, 124.7, 5.176
[00:32:10] 643.0, 124.6, 5.172
[00:32:11] 642.9, 124.7, 5.169
[00:32:12] 642.9, 124.7, 5.168
[00:32:13] 642.8, 124.1, 7.324
[00:32:14] 887.8, 124.2, 7.349
[00:32:15] 913.8, 124.2, 7.361
[00:32:16] 913.9, 124.2, 7.201
[00:32:17] 799.6, 124.8, 5.186
[00:32:18] 644.3, 124.7, 5.180
[00:32:19] 644.2, 124.7, 5.172
[00:32:20] 644.0, 124.8, 5.170
[00:32:21] 643.8, 124.2, 7.131
[00:32:22] 818.3, 124.2, 7.351
[00:32:23] 914.4, 124.3, 7.364
[00:32:24] 914.5, 124.2, 7.374
[00:32:25] 914.8, 124.1, 7.380
[00:32:26] 915.2, 124.3, 7.380
[00:32:27] 915.5, 124.3, 7.385
[00:32:28] 915.3, 124.7, 5.239
[00:32:29] 696.1, 124.7, 5.189
[00:32:30] 644.9, 124.7, 5.173
[00:32:31] 644.7, 124.7, 5.177
[00:32:32] 644.6, 124.8, 5.173
[00:32:33] 692.8, 124.2, 7.342
[00:32:34] 913.6, 124.2, 7.375
[00:32:35] 913.9, 124.1, 7.385
[00:32:36] 914.3, 124.1, 7.386
[00:32:37] 914.8, 124.1, 7.391
[00:32:38] 915.2, 124.1, 7.394
[00:32:39] 915.6, 124.1, 7.397
[00:32:40] 916.1, 124.1, 7.401
[00:32:41] 916.6, 124.2, 7.402
[00:32:42] 917.0, 124.2, 7.404
[00:32:43] 917.4, 124.1, 7.410
[00:32:44] 917.9, 124.1, 7.405
[00:32:45] 918.2, 124.2, 7.411
[00:32:46] 851.0, 124.6, 5.202
[00:32:47] 647.1, 124.7, 5.198
[00:32:48] 646.9, 124.7, 5.190
[00:32:49] 646.6, 124.7, 5.182
