<<<[13:27:48] 648.2, 122.9, 5.259
[13:27:49] 647.9, 123.0, 5.259
[13:27:50] 647.6, 122.9, 5.472
[13:27:51] 669.1, 122.9, 5.381
[13:27:52] 663.0, 122.9, 5.436
[13:27:53] 663.0, 123.0, 5.289
[13:27:54] 653.2, 122.9, 5.247
[13:27:55] 645.3, 123.0, 5.261
[13:27:56] 645.3, 123.0, 5.258
[13:27:57] 645.4, 122.9, 5.250
[13:27:58] 645.3, 122.5, 6.989
[13:27:59] 741.6, 122.9, 5.268
[13:28:00] 646.5, 122.9, 5.272
[13:28:01] 646.4, 122.9, 5.271
[13:28:02] 646.4, 122.9, 5.244
[13:28:03] 646.2, 122.4, 6.974
[13:28:04] 741.8, 122.9, 5.260
[13:28:05] 645.1, 122.9, 5.254
[13:28:06] 645.1, 122.9, 5.242
[13:28:07] 645.0, 122.9, 5.253
[13:28:08] 645.0, 122.4, 6.939
[13:28:09] 740.2, 123.0, 5.252
[13:28:10] 644.9, 122.9, 5.241
[13:28:11] 644.8, 123.0, 5.250
[13:28:12] 644.8, 122.9, 5.249
[13:28:13] 644.8, 122.5, 6.906
[13:28:14] 739.8, 122.9, 5.243
[13:28:15] 644.9, 123.0, 5.254
[13:28:16] 644.8, 122.9, 5.249
[13:28:17] 644.8, 122.9, 5.250
[13:28:18] 644.7, 122.4, 6.862
[13:28:19] 739.2, 122.9, 5.260
[13:28:20] 645.3, 122.9, 5.251
[13:28:21] 645.2, 122.9, 5.249
[13:28:22] 645.0, 122.9, 5.239
[13:28:23] 645.0, 122.5, 6.807
[13:28:24] 737.6, 122.9, 5.249
[13:28:25] 644.7, 123.0, 5.251
[13:28:26] 644.7, 123.0, 5.235
[13:28:27] 644.6, 123.0, 5.249
[13:28:28] 644.6, 122.5, 6.714
[13:28:29] 735.1, 122.9, 5.237
[13:28:30] 644.1, 123.0, 5.234
[13:28:31] 644.1, 123.0, 5.253
[13:28:32] 644.2, 123.0, 5.246
[13:28:33] 644.2, 122.6, 6.557
[13:28:34] 731.9, 123.0, 5.241
[13:28:35] 644.9, 123.0, 5.255
[13:28:36] 644.9, 122.9, 5.252
[13:28:37] 644.9, 123.0, 5.249
[13:28:38] 644.8, 122.7, 5.780
[13:28:39] 722.9, 123.0, 5.248
[13:28:40] 644.5, 122.9, 5.246
[13:28:41] 644.5, 123.0, 5.244
[13:28:42] 644.4, 123.0, 5.238
[13:28:43] 644.4, 122.9, 5.250
[13:28:44] 753.4, 123.0, 5.255
[13:28:45] 648.5, 122.9, 5.240
[13:28:46] 647.9, 123.0, 5.238
[13:28:47] 647.5, 122.9, 5.249
[13:28:48] 647.1, 122.9, 5.251
[13:28:49] 715.4, 122.8, 5.953
[13:28:50] 754.2, 122.9, 5.248
[13:28:51] 645.1, 122.8, 5.256
[13:28:52] 645.1, 122.9, 5.254
[13:28:53] 645.0, 122.8, 5.251
[13:28:54] 645.0, 122.3, 7.710
[13:28:55] 903.2, 122.8, 5.275
[13:28:56] 652.8, 122.9, 5.259
[13:28:57] 645.5, 122.9, 5.254
[13:28:58] 645.4, 122.9, 5.241
[13:28:59] 645.3, 122.9, 5.253
[13:29:00] 718.7, 122.4, 7.724
[13:29:01] 946.3, 122.8, 6.048
[13:29:02] 757.1, 122.9, 5.249
[13:29:03] 645.7, 123.0, 5.257
[13:29:04] 645.6, 122.9, 5.256
[13:29:05] 645.6, 122.9, 5.254
[13:29:06] 645.6, 122.4, 7.708
[13:29:07] 925.8, 122.3, 7.743
[13:29:08] 948.5, 122.3, 7.743
[13:29:09] 931.9, 123.0, 5.274
[13:29:10] 656.2, 122.9, 5.247
[13:29:11] 645.9, 122.9, 5.270
[13:29:12] 645.9, 123.0, 5.268
[13:29:13] 646.0, 122.9, 5.268
[13:29:14] 742.6, 122.3, 7.729
[13:29:15] 947.3, 122.4, 7.734
[13:29:16] 947.4, 122.3, 7.756
[13:29:17] 947.8, 122.3, 7.765
[13:29:18] 948.2, 122.3, 7.769
[13:29:19] 948.0, 122.9, 5.359
[13:29:20] 710.1, 123.0, 5.271
[13:29:21] 647.7, 122.9, 5.268
[13:29:22] 647.6, 123.0, 5.251
[13:29:23] 647.4, 122.9, 5.258
[13:29:24] 673.3, 122.3, 7.731
[13:29:25] 947.3, 122.4, 7.749
[13:29:26] 947.5, 122.3, 7.761
[13:29:27] 948.0, 122.3, 7.770
[13:29:28] 948.4, 122.3, 7.763
[13:29:29] 948.6, 122.3, 7.767
[13:29:30] 949.0, 122.3, 7.770
[13:29:31] 949.3, 122.3, 7.784
[13:29:32] 949.7, 122.3, 7.778
[13:29:33] 950.1, 122.3, 7.779
[13:29:34] 950.5, 122.9, 5.717
[13:29:35] 760.1, 122.9, 5.282
[13:29:36] 648.9, 123.0, 5.270
[13:29:37] 648.7, 122.9, 5.267
[13:29:38] 648.5, 122.9, 5.251
