<<<[09:38:26] 661.1, 123.7, 5.242
[09:38:27] 649.1, 123.7, 5.241
[09:38:28] 648.9, 123.8, 5.234
[09:38:29] 648.9, 123.8, 5.450
[09:38:30] 670.9, 123.8, 5.437
[09:38:31] 670.6, 123.8, 5.441
[09:38:32] 670.4, 123.8, 5.432
[09:38:33] 670.3, 123.7, 5.445
[09:38:34] 670.3, 123.6, 5.436
[09:38:35] 670.0, 123.7, 5.428
[09:38:36] 669.9, 123.7, 5.391
[09:38:37] 670.0, 123.7, 5.444
[09:38:38] 670.1, 123.8, 5.406
[09:38:39] 669.8, 123.8, 5.379
[09:38:40] 669.5, 123.8, 5.429
[09:38:41] 669.1, 123.8, 5.374
[09:38:42] 668.9, 123.7, 5.369
[09:38:43] 668.4, 123.7, 5.376
[09:38:44] 668.1, 123.7, 5.426
[09:38:45] 668.5, 123.7, 5.369
[09:38:46] 668.0, 123.7, 5.373
[09:38:47] 667.8, 123.7, 5.445
[09:38:48] 667.7, 123.8, 5.370
[09:38:49] 667.5, 123.7, 5.371
[09:38:50] 667.0, 123.7, 5.506
[09:38:51] 677.0, 123.8, 5.369
[09:38:52] 666.8, 123.8, 5.374
[09:38:53] 666.6, 123.8, 5.365
[09:38:54] 666.3, 123.8, 5.368
[09:38:55] 666.4, 123.7, 5.365
[09:38:56] 666.3, 123.7, 5.375
[09:38:57] 666.4, 123.7, 5.376
[09:38:58] 666.2, 123.7, 5.469
[09:38:59] 672.3, 123.7, 5.368
[09:39:00] 665.2, 123.7, 5.431
[09:39:01] 665.3, 123.7, 5.369
[09:39:02] 665.2, 123.7, 5.405
[09:39:03] 665.6, 123.7, 5.371
[09:39:04] 665.7, 123.7, 5.371
[09:39:05] 665.6, 123.7, 5.412
[09:39:06] 672.1, 123.6, 5.459
[09:39:07] 672.6, 123.7, 5.449
[09:39:08] 672.8, 123.7, 5.411
[09:39:09] 672.4, 123.7, 5.413
[09:39:10] 672.1, 123.7, 5.405
[09:39:11] 666.6, 123.7, 5.378
[09:39:12] 666.3, 123.7, 5.374
[09:39:13] 666.6, 123.7, 5.270
[09:39:14] 650.6, 123.8, 5.232
[09:39:15] 650.2, 123.7, 5.233
[09:39:16] 649.8, 123.6, 5.233
[09:39:17] 649.5, 123.8, 5.232
[09:39:18] 679.6, 123.8, 5.318
[09:39:19] 712.8, 123.7, 5.230
[09:39:20] 646.9, 123.7, 5.227
[09:39:21] 646.9, 123.7, 5.221
[09:39:22] 646.8, 123.8, 5.224
[09:39:23] 646.8, 123.3, 7.240
[09:39:24] 801.8, 123.8, 5.227
[09:39:25] 646.9, 123.7, 5.224
[09:39:26] 646.8, 123.8, 5.222
[09:39:27] 646.8, 123.7, 5.226
[09:39:28] 646.8, 123.2, 7.039
[09:39:29] 808.7, 123.8, 5.333
[09:39:30] 713.8, 123.8, 5.222
[09:39:31] 646.9, 123.7, 5.231
[09:39:32] 646.8, 123.7, 5.220
[09:39:33] 646.8, 123.8, 5.229
[09:39:34] 646.7, 123.3, 7.362
[09:39:35] 900.6, 123.3, 7.248
[09:39:36] 817.2, 123.8, 5.228
[09:39:37] 647.5, 123.8, 5.236
[09:39:38] 647.4, 123.7, 5.223
[09:39:39] 647.3, 123.7, 5.234
[09:39:40] 647.2, 123.2, 7.195
[09:39:41] 823.3, 123.2, 7.376
[09:39:42] 909.1, 123.2, 7.377
[09:39:43] 909.1, 123.7, 5.352
[09:39:44] 715.8, 123.7, 5.231
[09:39:45] 647.5, 123.7, 5.239
[09:39:46] 647.4, 123.7, 5.223
[09:39:47] 647.4, 123.7, 5.234
[09:39:48] 669.1, 123.1, 7.352
[09:39:49] 909.1, 123.2, 7.389
[09:39:50] 909.2, 123.2, 7.385
[09:39:51] 909.5, 123.2, 7.382
[09:39:52] 909.8, 123.2, 7.400
[09:39:53] 910.2, 123.6, 5.883
[09:39:54] 741.8, 123.7, 5.235
[09:39:55] 648.5, 123.7, 5.236
[09:39:56] 648.4, 123.8, 5.231
[09:39:57] 648.3, 123.8, 5.234
[09:39:58] 648.1, 123.3, 7.353
[09:39:59] 887.0, 123.3, 7.380
[09:40:00] 910.1, 123.3, 7.392
[09:40:01] 910.3, 123.2, 7.390
[09:40:02] 910.6, 123.2, 7.402
[09:40:03] 910.9, 123.2, 7.406
[09:40:04] 911.2, 123.2, 7.397
[09:40:05] 911.4, 123.2, 7.426
[09:40:06] 911.8, 123.1, 7.397
[09:40:07] 912.0, 123.1, 7.418
[09:40:08] 912.3, 123.6, 6.229
[09:40:09] 767.6, 123.7, 5.251
[09:40:10] 648.9, 123.7, 5.234
[09:40:11] 648.8, 123.6, 5.240
[09:40:12] 648.6, 123.7, 5.238
