<<<[03:40:24] 645.0, 125.1, 5.152
[03:40:25] 645.0, 125.0, 5.152
[03:40:26] 644.9, 125.1, 5.322
[03:40:27] 659.1, 124.9, 5.278
[03:40:28] 659.2, 125.1, 5.233
[03:40:29] 658.8, 125.0, 5.202
[03:40:30] 648.9, 125.0, 5.153
[03:40:31] 648.3, 125.1, 5.152
[03:40:32] 647.9, 125.0, 5.157
[03:40:33] 647.5, 124.6, 7.024
[03:40:34] 741.8, 125.0, 5.152
[03:40:35] 644.7, 125.1, 5.150
[03:40:36] 644.6, 125.0, 5.148
[03:40:37] 644.5, 125.1, 5.147
[03:40:38] 644.4, 124.6, 7.009
[03:40:39] 738.0, 125.1, 5.153
[03:40:40] 644.1, 125.0, 5.155
[03:40:41] 644.0, 125.0, 5.144
[03:40:42] 644.0, 125.1, 5.149
[03:40:43] 644.0, 124.5, 6.993
[03:40:44] 736.7, 125.1, 5.149
[03:40:45] 643.6, 125.1, 5.142
[03:40:46] 643.6, 125.1, 5.152
[03:40:47] 643.6, 125.0, 5.143
[03:40:48] 643.6, 124.6, 6.978
[03:40:49] 734.9, 125.0, 5.148
[03:40:50] 643.9, 125.0, 5.149
[03:40:51] 643.9, 125.1, 5.145
[03:40:52] 643.8, 125.0, 5.149
[03:40:53] 643.8, 124.6, 6.952
[03:40:54] 732.9, 125.0, 5.152
[03:40:55] 644.1, 125.1, 5.146
[03:40:56] 644.0, 125.1, 5.150
[03:40:57] 643.9, 125.0, 5.144
[03:40:58] 643.9, 124.6, 6.930
[03:40:59] 730.4, 125.0, 5.145
[03:41:00] 643.6, 125.1, 5.143
[03:41:01] 643.5, 125.1, 5.142
[03:41:02] 643.5, 124.9, 5.151
[03:41:03] 643.5, 124.7, 6.900
[03:41:04] 724.1, 125.0, 5.144
[03:41:05] 643.4, 125.1, 5.142
[03:41:06] 643.3, 125.1, 5.141
[03:41:07] 643.4, 125.1, 5.141
[03:41:08] 643.4, 124.7, 6.541
[03:41:09] 761.9, 125.0, 5.144
[03:41:10] 643.2, 125.0, 5.142
[03:41:11] 643.2, 125.1, 5.141
[03:41:12] 643.2, 125.1, 5.140
[03:41:13] 643.2, 125.1, 5.137
[03:41:14] 760.1, 125.0, 5.160
[03:41:15] 673.3, 125.1, 5.142
[03:41:16] 643.4, 125.0, 5.148
[03:41:17] 643.3, 125.1, 5.142
[03:41:18] 643.3, 125.1, 5.140
[03:41:19] 697.1, 124.7, 7.058
[03:41:20] 793.2, 125.1, 5.143
[03:41:21] 643.4, 125.0, 5.145
[03:41:22] 643.4, 125.1, 5.144
[03:41:23] 643.4, 125.0, 5.141
[03:41:24] 643.4, 124.4, 7.561
[03:41:25] 862.2, 124.7, 7.086
[03:41:26] 791.8, 125.0, 5.152
[03:41:27] 644.5, 124.9, 5.147
[03:41:28] 644.4, 125.1, 5.143
[03:41:29] 644.2, 125.1, 5.142
[03:41:30] 644.1, 124.4, 7.627
[03:41:31] 880.7, 124.4, 7.714
[03:41:32] 961.4, 124.7, 7.115
[03:41:33] 785.5, 125.0, 5.154
[03:41:34] 645.3, 125.0, 5.151
[03:41:35] 645.2, 125.1, 5.145
[03:41:36] 645.0, 125.0, 5.141
[03:41:37] 644.8, 124.4, 7.684
[03:41:38] 917.0, 124.5, 7.719
[03:41:39] 962.0, 124.4, 7.730
[03:41:40] 962.2, 124.3, 7.746
[03:41:41] 961.6, 125.1, 5.188
[03:41:42] 680.2, 125.0, 5.162
[03:41:43] 646.3, 125.0, 5.157
[03:41:44] 646.1, 125.1, 5.156
[03:41:45] 645.9, 125.1, 5.145
[03:41:46] 675.6, 124.4, 7.710
[03:41:47] 961.1, 124.4, 7.727
[03:41:48] 961.3, 124.4, 7.742
[03:41:49] 961.7, 124.4, 7.755
[03:41:50] 962.3, 124.3, 7.761
[03:41:51] 962.8, 124.3, 7.766
[03:41:52] 963.4, 124.4, 7.772
[03:41:53] 964.0, 124.5, 7.377
[03:41:54] 862.0, 125.0, 5.181
[03:41:55] 648.5, 125.0, 5.169
[03:41:56] 648.2, 125.0, 5.161
[03:41:57] 647.9, 125.1, 5.157
[03:41:58] 647.6, 124.6, 7.054
[03:41:59] 828.2, 124.4, 7.732
[03:42:00] 963.4, 124.3, 7.753
[03:42:01] 963.7, 124.4, 7.757
[03:42:02] 964.1, 124.4, 7.769
[03:42:03] 964.5, 124.4, 7.766
[03:42:04] 965.0, 124.5, 7.769
[03:42:05] 965.4, 124.4, 7.778
[03:42:06] 965.9, 124.4, 7.782
[03:42:07] 966.3, 124.4, 7.778
[03:42:08] 966.7, 124.4, 7.777
[03:42:09] 967.0, 124.5, 7.777
[03:42:10] 967.3, 124.5, 7.779
[03:42:11] 967.6, 124.4, 7.785
[03:42:12] 968.0, 124.4, 7.790
[03:42:13] 968.3, 124.9, 6.674
[03:42:14] 802.8, 125.1, 5.191
[03:42:15] 649.5, 125.0, 5.178
[03:42:16] 649.3, 125.0, 5.168
[03:42:17] 649.0, 125.1, 5.166
