<<<[01:17:41] 648.3, 124.7, 5.168
[01:17:42] 648.0, 124.7, 5.164
[01:17:43] 647.6, 124.6, 5.241
[01:17:44] 654.2, 124.7, 5.211
[01:17:45] 653.8, 124.7, 5.166
[01:17:46] 644.9, 124.7, 5.173
[01:17:47] 644.9, 124.7, 5.166
[01:17:48] 644.8, 124.7, 5.165
[01:17:49] 644.8, 124.6, 6.294
[01:17:50] 741.0, 124.6, 5.170
[01:17:51] 644.1, 124.7, 5.162
[01:17:52] 644.1, 124.7, 5.158
[01:17:53] 644.0, 124.7, 5.160
[01:17:54] 644.0, 124.6, 6.366
[01:17:55] 736.9, 124.7, 5.161
[01:17:56] 644.3, 124.6, 5.166
[01:17:57] 644.2, 124.7, 5.157
[01:17:58] 644.1, 124.7, 5.170
[01:17:59] 644.2, 124.5, 6.435
[01:18:00] 735.7, 124.7, 5.160
[01:18:01] 644.1, 124.7, 5.157
[01:18:02] 644.0, 124.7, 5.162
[01:18:03] 644.0, 124.8, 5.155
[01:18:04] 643.9, 124.6, 6.512
[01:18:05] 735.5, 124.7, 5.159
[01:18:06] 643.9, 124.7, 5.157
[01:18:07] 643.8, 124.7, 5.159
[01:18:08] 643.8, 124.8, 5.153
[01:18:09] 643.8, 124.4, 6.599
[01:18:10] 734.7, 124.7, 5.157
[01:18:11] 643.7, 124.7, 5.162
[01:18:12] 643.6, 124.8, 5.156
[01:18:13] 643.6, 124.7, 5.156
[01:18:14] 643.6, 124.4, 6.689
[01:18:15] 734.1, 124.7, 5.156
[01:18:16] 643.6, 124.7, 5.164
[01:18:17] 643.6, 124.7, 5.158
[01:18:18] 643.5, 124.6, 5.155
[01:18:19] 643.5, 124.4, 6.776
[01:18:20] 733.3, 124.7, 5.163
[01:18:21] 643.4, 124.7, 5.152
[01:18:22] 643.3, 124.6, 5.157
[01:18:23] 643.3, 124.7, 5.157
[01:18:24] 643.3, 124.4, 6.845
[01:18:25] 731.1, 124.7, 5.156
[01:18:26] 643.6, 124.6, 5.163
[01:18:27] 643.5, 124.7, 5.155
[01:18:28] 643.5, 124.6, 5.156
[01:18:29] 643.5, 124.3, 6.937
[01:18:30] 727.4, 124.7, 5.159
[01:18:31] 643.6, 124.6, 5.154
[01:18:32] 643.5, 124.6, 5.157
[01:18:33] 643.4, 124.7, 5.150
[01:18:34] 643.3, 124.3, 7.007
[01:18:35] 721.1, 124.7, 5.159
[01:18:36] 643.4, 124.7, 5.153
[01:18:37] 643.3, 124.7, 5.152
[01:18:38] 643.3, 124.7, 5.156
[01:18:39] 643.2, 124.1, 7.234
[01:18:40] 756.7, 124.7, 5.156
[01:18:41] 643.4, 124.7, 5.155
[01:18:42] 643.3, 124.6, 5.149
[01:18:43] 643.2, 124.7, 5.149
[01:18:44] 643.2, 124.2, 6.695
[01:18:45] 794.9, 124.6, 5.175
[01:18:46] 676.6, 124.7, 5.161
[01:18:47] 643.7, 124.6, 5.155
[01:18:48] 643.6, 124.7, 5.154
[01:18:49] 643.5, 124.7, 5.153
[01:18:50] 720.1, 124.2, 7.183
[01:18:51] 797.5, 124.7, 5.158
[01:18:52] 643.7, 124.6, 5.154
[01:18:53] 643.6, 124.7, 5.153
[01:18:54] 643.5, 124.7, 5.150
[01:18:55] 643.4, 124.0, 7.488
[01:18:56] 849.6, 124.2, 7.535
[01:18:57] 860.5, 124.7, 5.161
[01:18:58] 644.1, 124.7, 5.157
[01:18:59] 644.0, 124.7, 5.156
[01:19:00] 643.9, 124.7, 5.153
[01:19:01] 643.8, 124.4, 5.903
[01:19:02] 798.1, 124.0, 7.690
[01:19:03] 955.5, 124.0, 7.710
[01:19:04] 945.3, 124.7, 5.200
[01:19:05] 683.9, 124.7, 5.165
[01:19:06] 644.3, 124.6, 5.160
[01:19:07] 644.2, 124.7, 5.154
[01:19:08] 644.1, 124.7, 5.157
[01:19:09] 699.7, 124.1, 7.688
[01:19:10] 955.5, 124.0, 7.711
[01:19:11] 955.7, 124.1, 7.727
[01:19:12] 956.2, 124.1, 7.731
[01:19:13] 956.7, 124.2, 7.401
[01:19:14] 866.2, 124.7, 5.185
[01:19:15] 646.1, 124.7, 5.171
[01:19:16] 645.9, 124.6, 5.172
[01:19:17] 645.8, 124.6, 5.163
[01:19:18] 645.5, 124.1, 6.830
[01:19:19] 817.2, 124.0, 7.719
[01:19:20] 957.7, 124.0, 7.732
[01:19:21] 957.9, 124.0, 7.735
[01:19:22] 958.3, 124.1, 7.743
[01:19:23] 958.7, 124.1, 7.748
[01:19:24] 959.1, 124.0, 7.748
[01:19:25] 959.6, 124.1, 7.752
[01:19:26] 960.0, 124.1, 7.751
[01:19:27] 960.4, 124.0, 7.754
[01:19:28] 938.0, 124.6, 5.196
[01:19:29] 647.7, 124.7, 5.181
[01:19:30] 647.5, 124.7, 5.174
[01:19:31] 647.3, 124.7, 5.168
[01:19:32] 647.1, 124.7, 5.171
[01:19:33] 741.4, 124.1, 7.718
[01:19:34] 958.5, 124.0, 7.732
[01:19:35] 958.6, 124.0, 7.745
[01:19:36] 959.0, 124.0, 7.748
[01:19:37] 959.4, 124.0, 7.756
[01:19:38] 960.0, 124.1, 7.757
[01:19:39] 960.3, 124.0, 7.757
[01:19:40] 960.8, 124.0, 7.759
[01:19:41] 961.1, 124.1, 7.764
[01:19:42] 961.6, 124.0, 7.770
[01:19:43] 962.0, 124.1, 7.773
[01:19:44] 962.3, 124.1, 7.773
[01:19:45] 962.7, 124.0, 7.776
[01:19:46] 963.1, 124.1, 7.768
[01:19:47] 963.3, 124.0, 7.773
[01:19:48] 963.6, 124.0, 7.772
[01:19:49] 963.8, 123.9, 7.774
[01:19:50] 964.0, 124.0, 7.776
[01:19:51] 964.2, 124.7, 5.246
[01:19:52] 706.7, 124.7, 5.195
[01:19:53] 648.3, 124.7, 5.186
[01:19:54] 648.1, 124.7, 5.182
