<<<[01:34:28] 656.9, 124.8, 5.267
[01:34:29] 656.8, 124.8, 5.263
[01:34:30] 656.5, 124.9, 5.153
[01:34:31] 644.9, 124.8, 5.287
[01:34:32] 659.9, 124.8, 5.166
[01:34:33] 644.1, 124.9, 5.168
[01:34:34] 644.0, 124.9, 5.157
[01:34:35] 644.0, 124.8, 5.162
[01:34:36] 644.1, 124.8, 5.170
[01:34:37] 658.1, 124.9, 5.380
[01:34:38] 725.2, 124.8, 5.152
[01:34:39] 643.6, 124.8, 5.154
[01:34:40] 643.5, 124.9, 5.151
[01:34:41] 643.4, 124.9, 5.145
[01:34:42] 653.0, 124.8, 5.399
[01:34:43] 726.8, 124.9, 5.147
[01:34:44] 643.0, 124.9, 5.147
[01:34:45] 642.9, 124.8, 5.149
[01:34:46] 642.9, 124.8, 5.150
[01:34:47] 651.6, 124.9, 5.419
[01:34:48] 728.6, 124.9, 5.147
[01:34:49] 643.0, 124.9, 5.151
[01:34:50] 642.9, 124.9, 5.146
[01:34:51] 642.9, 124.9, 5.148
[01:34:52] 649.3, 124.8, 5.447
[01:34:53] 730.4, 124.8, 5.147
[01:34:54] 642.8, 124.9, 5.150
[01:34:55] 642.8, 124.9, 5.145
[01:34:56] 642.8, 124.9, 5.145
[01:34:57] 643.3, 124.8, 5.471
[01:34:58] 731.7, 124.9, 5.152
[01:34:59] 643.2, 124.8, 5.147
[01:35:00] 643.1, 124.8, 5.149
[01:35:01] 643.1, 124.9, 5.144
[01:35:02] 643.3, 124.8, 5.492
[01:35:03] 733.1, 124.8, 5.151
[01:35:04] 642.8, 124.9, 5.150
[01:35:05] 642.7, 124.8, 5.147
[01:35:06] 642.8, 124.9, 5.148
[01:35:07] 642.8, 124.8, 5.517
[01:35:08] 733.9, 124.8, 5.150
[01:35:09] 643.0, 124.8, 5.149
[01:35:10] 642.9, 124.9, 5.150
[01:35:11] 643.0, 124.8, 5.147
[01:35:12] 643.0, 124.8, 5.541
[01:35:13] 731.9, 124.8, 5.148
[01:35:14] 643.0, 124.9, 5.148
[01:35:15] 643.0, 124.8, 5.147
[01:35:16] 643.0, 124.9, 5.148
[01:35:17] 642.9, 124.8, 5.568
[01:35:18] 728.2, 124.9, 5.154
[01:35:19] 643.2, 124.8, 5.145
[01:35:20] 643.1, 124.9, 5.144
[01:35:21] 643.0, 124.8, 5.146
[01:35:22] 642.9, 124.8, 5.594
[01:35:23] 720.9, 124.9, 5.151
[01:35:24] 643.0, 124.9, 5.150
[01:35:25] 643.0, 124.9, 5.147
[01:35:26] 643.0, 124.9, 5.145
[01:35:27] 643.0, 124.4, 7.171
[01:35:28] 755.2, 124.9, 5.150
[01:35:29] 643.0, 124.9, 5.150
[01:35:30] 643.0, 124.9, 5.148
[01:35:31] 643.1, 125.0, 5.143
[01:35:32] 643.0, 124.4, 7.436
[01:35:33] 823.7, 124.8, 5.160
[01:35:34] 644.1, 125.0, 5.153
[01:35:35] 644.0, 124.8, 5.148
[01:35:36] 643.9, 124.8, 5.148
[01:35:37] 643.8, 124.9, 5.151
[01:35:38] 737.8, 124.3, 7.235
[01:35:39] 818.3, 124.9, 5.163
[01:35:40] 643.9, 124.9, 5.153
[01:35:41] 643.8, 125.0, 5.148
[01:35:42] 643.7, 124.8, 5.154
[01:35:43] 643.7, 124.3, 7.357
[01:35:44] 839.4, 124.3, 7.723
[01:35:45] 941.2, 124.8, 5.168
[01:35:46] 647.3, 124.8, 5.156
[01:35:47] 646.8, 124.9, 5.146
[01:35:48] 646.3, 125.0, 5.150
[01:35:49] 645.9, 124.9, 5.147
[01:35:50] 730.0, 124.2, 7.721
[01:35:51] 960.7, 124.2, 7.745
[01:35:52] 960.9, 124.3, 7.336
[01:35:53] 828.6, 124.9, 5.167
[01:35:54] 645.1, 124.9, 5.165
[01:35:55] 645.0, 124.8, 5.155
[01:35:56] 644.9, 124.8, 5.152
[01:35:57] 644.7, 124.4, 7.140
[01:35:58] 828.6, 124.3, 7.736
[01:35:59] 962.2, 124.2, 7.743
[01:36:00] 962.4, 124.2, 7.763
[01:36:01] 962.7, 124.2, 7.764
[01:36:02] 963.1, 124.3, 7.767
[01:36:03] 951.0, 124.9, 5.190
[01:36:04] 654.6, 124.9, 5.175
[01:36:05] 646.1, 124.9, 5.163
[01:36:06] 645.9, 124.9, 5.160
[01:36:07] 645.8, 124.8, 5.155
[01:36:08] 712.1, 124.3, 7.733
[01:36:09] 962.2, 124.3, 7.750
[01:36:10] 962.4, 124.3, 7.761
[01:36:11] 962.8, 124.2, 7.770
[01:36:12] 963.2, 124.2, 7.774
[01:36:13] 963.7, 124.2, 7.780
[01:36:14] 964.1, 124.2, 7.777
[01:36:15] 964.5, 124.2, 7.786
[01:36:16] 964.9, 124.2, 7.789
[01:36:17] 965.4, 124.2, 7.789
[01:36:18] 965.9, 124.4, 7.660
[01:36:19] 817.4, 124.9, 5.188
[01:36:20] 647.9, 124.9, 5.178
[01:36:21] 647.7, 124.9, 5.199
[01:36:22] 647.9, 124.9, 5.172
