<<<[08:29:46] 650.0, 124.4, 5.202
[08:29:47] 649.7, 124.5, 5.196
[08:29:48] 649.5, 124.4, 5.373
[08:29:49] 662.1, 124.4, 5.216
[08:29:50] 652.8, 124.4, 5.198
[08:29:51] 652.2, 124.4, 5.200
[08:29:52] 651.8, 124.5, 5.233
[08:29:53] 651.5, 124.5, 5.221
[08:29:54] 651.2, 123.9, 7.149
[08:29:55] 744.7, 124.4, 5.200
[08:29:56] 648.1, 124.5, 5.196
[08:29:57] 648.1, 124.5, 5.199
[08:29:58] 648.0, 124.4, 5.191
[08:29:59] 648.0, 123.9, 7.148
[08:30:00] 744.3, 124.5, 5.209
[08:30:01] 648.7, 124.4, 5.201
[08:30:02] 648.7, 124.4, 5.204
[08:30:03] 648.6, 124.5, 5.203
[08:30:04] 648.5, 123.9, 7.147
[08:30:05] 744.3, 124.4, 5.207
[08:30:06] 648.5, 124.5, 5.202
[08:30:07] 648.5, 124.4, 5.200
[08:30:08] 648.4, 124.5, 5.193
[08:30:09] 648.2, 124.0, 7.126
[08:30:10] 742.4, 124.4, 5.192
[08:30:11] 647.1, 124.5, 5.192
[08:30:12] 647.0, 124.5, 5.197
[08:30:13] 647.1, 124.5, 5.187
[08:30:14] 647.0, 124.0, 7.117
[08:30:15] 741.6, 124.5, 5.192
[08:30:16] 646.9, 124.4, 5.192
[08:30:17] 646.8, 124.5, 5.189
[08:30:18] 646.8, 124.4, 5.189
[08:30:19] 646.8, 124.0, 7.116
[08:30:20] 741.2, 124.4, 5.194
[08:30:21] 646.7, 124.4, 5.192
[08:30:22] 646.7, 124.4, 5.192
[08:30:23] 646.7, 124.3, 5.197
[08:30:24] 646.6, 123.9, 7.109
[08:30:25] 740.4, 124.4, 5.194
[08:30:26] 647.7, 124.4, 5.217
[08:30:27] 647.7, 124.3, 5.221
[08:30:28] 647.7, 124.4, 5.215
[08:30:29] 647.7, 124.0, 7.090
[08:30:30] 738.4, 124.5, 5.197
[08:30:31] 647.5, 124.4, 5.201
[08:30:32] 647.5, 124.4, 5.197
[08:30:33] 647.5, 124.4, 5.194
[08:30:34] 647.5, 124.0, 7.086
[08:30:35] 736.3, 124.5, 5.203
[08:30:36] 647.7, 124.5, 5.202
[08:30:37] 647.7, 124.5, 5.196
[08:30:38] 647.7, 124.5, 5.199
[08:30:39] 647.7, 124.0, 7.087
[08:30:40] 729.8, 124.4, 5.193
[08:30:41] 647.5, 124.4, 5.194
[08:30:42] 647.4, 124.5, 5.189
[08:30:43] 647.4, 124.5, 5.219
[08:30:44] 647.5, 124.0, 6.895
[08:30:45] 766.0, 124.5, 5.188
[08:30:46] 646.7, 124.5, 5.188
[08:30:47] 646.6, 124.5, 5.184
[08:30:48] 646.6, 124.4, 5.192
[08:30:49] 646.6, 124.4, 5.184
[08:30:50] 767.0, 124.4, 5.198
[08:30:51] 668.9, 124.4, 5.194
[08:30:52] 646.7, 124.5, 5.187
[08:30:53] 646.7, 124.5, 5.184
[08:30:54] 646.6, 124.5, 5.196
[08:30:55] 685.9, 123.9, 7.425
[08:30:56] 849.8, 124.4, 5.200
[08:30:57] 648.1, 124.5, 5.195
[08:30:58] 647.9, 124.4, 5.215
[08:30:59] 647.9, 124.3, 5.222
[08:31:00] 647.9, 123.9, 6.914
[08:31:01] 824.4, 123.7, 7.802
[08:31:02] 911.3, 124.4, 5.213
[08:31:03] 648.5, 124.4, 5.196
[08:31:04] 648.4, 124.3, 5.199
[08:31:05] 648.3, 124.5, 5.198
[08:31:06] 648.2, 124.5, 5.197
[08:31:07] 782.3, 123.8, 7.804
[08:31:08] 967.0, 123.8, 7.816
[08:31:09] 956.9, 124.4, 5.222
[08:31:10] 674.3, 124.4, 5.211
[08:31:11] 648.1, 124.4, 5.195
[08:31:12] 648.0, 124.4, 5.198
[08:31:13] 647.9, 124.4, 5.195
[08:31:14] 699.3, 123.8, 7.785
[08:31:15] 965.8, 123.8, 7.811
[08:31:16] 966.1, 123.8, 7.813
[08:31:17] 966.4, 123.8, 7.828
[08:31:18] 967.0, 123.9, 7.338
[08:31:19] 851.2, 124.4, 5.211
[08:31:20] 650.0, 124.4, 5.203
[08:31:21] 649.8, 124.4, 5.199
[08:31:22] 649.6, 124.4, 5.195
[08:31:23] 649.3, 123.9, 7.528
[08:31:24] 853.0, 123.8, 7.805
[08:31:25] 968.5, 123.8, 7.812
[08:31:26] 968.6, 123.8, 7.836
[08:31:27] 968.8, 123.7, 7.833
[08:31:28] 969.1, 123.8, 7.841
[08:31:29] 969.5, 123.8, 7.847
[08:31:30] 970.0, 123.8, 7.847
[08:31:31] 970.4, 123.8, 7.852
[08:31:32] 970.8, 123.9, 7.390
[08:31:33] 857.3, 124.4, 5.227
[08:31:34] 651.4, 124.4, 5.219
[08:31:35] 651.2, 124.5, 5.208
[08:31:36] 651.0, 124.5, 5.218
[08:31:37] 650.8, 123.9, 7.401
[08:31:38] 844.5, 123.8, 7.815
[08:31:39] 969.7, 123.7, 7.839
[08:31:40] 969.9, 123.8, 7.836
[08:31:41] 970.1, 123.8, 7.849
[08:31:42] 970.4, 123.7, 7.854
[08:31:43] 970.7, 123.7, 7.853
[08:31:44] 971.1, 123.7, 7.864
[08:31:45] 971.5, 123.8, 7.860
[08:31:46] 971.8, 123.8, 7.851
[08:31:47] 972.1, 123.7, 7.859
[08:31:48] 972.3, 123.7, 7.859
[08:31:49] 972.5, 123.7, 7.861
[08:31:50] 972.7, 123.8, 7.864
[08:31:51] 972.9, 123.7, 7.867
[08:31:52] 973.2, 123.7, 7.873
[08:31:53] 973.5, 123.7, 7.878
[08:31:54] 973.8, 123.7, 7.872
[08:31:55] 974.0, 124.3, 6.482
[08:31:56] 797.5, 124.5, 5.258
[08:31:57] 653.0, 124.3, 5.255
[08:31:58] 652.9, 124.4, 5.218
[08:31:59] 652.4, 124.4, 5.209
<<<[08:38:32] 651.2, 124.4, 5.206
[08:38:33] 650.8, 124.4, 5.210
[08:38:34] 650.6, 124.4, 5.207
[08:38:35] 651.0, 124.4, 5.340
[08:38:36] 659.5, 124.4, 5.209
[08:38:37] 648.7, 124.3, 5.211
[08:38:38] 648.6, 124.4, 5.212
[08:38:39] 648.7, 124.3, 5.205
[08:38:40] 648.9, 124.3, 5.205
[08:38:41] 736.3, 124.3, 5.215
[08:38:42] 657.5, 124.3, 5.207
[08:38:43] 649.1, 124.3, 5.219
[08:38:44] 649.2, 124.3, 5.219
[08:38:45] 649.3, 124.3, 5.216
[08:38:46] 731.7, 124.3, 5.212
[08:38:47] 657.7, 124.3, 5.206
[08:38:48] 648.1, 124.3, 5.198
[08:38:49] 648.0, 124.4, 5.205
[08:38:50] 648.0, 124.4, 5.203
[08:38:51] 729.8, 124.5, 5.206
[08:38:52] 658.5, 124.5, 5.203
[08:38:53] 648.3, 124.4, 5.195
[08:38:54] 648.1, 124.4, 5.198
[08:38:55] 648.0, 124.4, 5.199
[08:38:56] 729.0, 124.4, 5.208
[08:38:57] 659.5, 124.3, 5.209
[08:38:58] 648.1, 124.4, 5.203
[08:38:59] 648.0, 124.3, 5.200
[08:39:00] 648.0, 124.3, 5.199
[08:39:01] 727.0, 124.4, 5.208
[08:39:02] 659.7, 124.5, 5.199
[08:39:03] 647.5, 124.4, 5.200
[08:39:04] 647.5, 124.4, 5.195
[08:39:05] 647.6, 124.4, 5.201
[08:39:06] 725.6, 124.3, 5.211
[08:39:07] 660.3, 124.3, 5.199
[08:39:08] 647.9, 124.4, 5.199
[08:39:09] 647.8, 124.3, 5.199
[08:39:10] 647.6, 124.3, 5.197
[08:39:11] 723.7, 124.4, 5.210
[08:39:12] 661.1, 124.4, 5.197
[08:39:13] 647.3, 124.4, 5.204
[08:39:14] 647.3, 124.4, 5.197
[08:39:15] 647.3, 124.3, 5.197
[08:39:16] 721.1, 124.3, 5.210
[08:39:17] 661.3, 124.3, 5.196
[08:39:18] 647.3, 124.4, 5.194
[08:39:19] 647.2, 124.3, 5.199
[08:39:20] 647.2, 124.4, 5.192
[08:39:21] 717.2, 124.3, 5.209
[08:39:22] 661.9, 124.3, 5.195
[08:39:23] 647.1, 124.4, 5.195
[08:39:24] 647.1, 124.4, 5.196
[08:39:25] 647.0, 124.4, 5.190
[08:39:26] 709.7, 124.4, 5.209
[08:39:27] 662.8, 124.4, 5.197
[08:39:28] 647.5, 124.4, 5.194
[08:39:29] 647.4, 124.4, 5.199
[08:39:30] 647.3, 124.4, 5.190
[08:39:31] 696.5, 124.4, 5.291
[08:39:32] 712.2, 124.4, 5.204
[08:39:33] 646.9, 124.4, 5.190
[08:39:34] 646.9, 124.4, 5.195
[08:39:35] 646.8, 124.4, 5.190
[08:39:36] 647.4, 124.2, 6.397
[08:39:37] 781.7, 124.4, 5.202
[08:39:38] 647.1, 124.4, 5.192
[08:39:39] 647.0, 124.3, 5.192
[08:39:40] 647.0, 124.4, 5.203
[08:39:41] 647.0, 123.7, 7.684
[08:39:42] 866.4, 124.3, 5.210
[08:39:43] 665.2, 124.3, 5.201
[08:39:44] 647.5, 124.3, 5.196
[08:39:45] 647.6, 124.3, 5.202
[08:39:46] 647.5, 124.3, 5.191
[08:39:47] 697.3, 123.6, 7.787
[08:39:48] 963.2, 124.3, 5.325
[08:39:49] 716.0, 124.3, 5.203
[08:39:50] 648.1, 124.3, 5.205
[08:39:51] 648.0, 124.3, 5.199
[08:39:52] 647.9, 124.3, 5.195
[08:39:53] 653.6, 123.6, 7.784
[08:39:54] 965.4, 123.6, 7.804
[08:39:55] 965.6, 124.2, 6.524
[08:39:56] 784.9, 124.3, 5.216
[08:39:57] 649.1, 124.3, 5.204
[08:39:58] 648.9, 124.3, 5.202
[08:39:59] 648.7, 124.3, 5.201
[08:40:00] 648.5, 123.7, 7.717
[08:40:01] 886.3, 123.7, 7.806
[08:40:02] 968.1, 123.6, 7.816
[08:40:03] 968.1, 123.6, 7.835
[08:40:04] 968.4, 123.6, 7.841
[08:40:05] 955.7, 124.3, 5.240
[08:40:06] 670.7, 124.3, 5.219
[08:40:07] 649.5, 124.3, 5.214
[08:40:08] 649.4, 124.3, 5.206
[08:40:09] 649.3, 124.2, 5.204
[08:40:10] 717.0, 123.7, 7.803
[08:40:11] 967.2, 123.6, 7.839
[08:40:12] 967.5, 123.6, 7.833
[08:40:13] 967.9, 123.6, 7.834
[08:40:14] 968.4, 123.6, 7.844
[08:40:15] 968.8, 123.6, 7.851
[08:40:16] 969.2, 123.7, 7.849
[08:40:17] 969.7, 123.8, 7.851
[08:40:18] 970.2, 123.7, 7.861
[08:40:19] 963.8, 124.4, 5.255
[08:40:20] 672.5, 124.4, 5.224
[08:40:21] 650.6, 124.3, 5.215
[08:40:22] 650.5, 124.3, 5.210
[08:40:23] 650.3, 124.3, 5.211
[08:40:24] 695.9, 123.7, 7.807
[08:40:25] 967.5, 123.7, 7.821
[08:40:26] 967.8, 123.7, 7.831
[08:40:27] 968.2, 123.8, 7.842
[08:40:28] 968.6, 123.8, 7.846
[08:40:29] 969.1, 123.8, 7.850
[08:40:30] 969.7, 123.8, 7.852
[08:40:31] 970.2, 123.7, 7.860
[08:40:32] 970.7, 123.7, 7.858
[08:40:33] 971.1, 123.7, 7.861
[08:40:34] 971.5, 123.7, 7.868
[08:40:35] 971.9, 123.7, 7.871
[08:40:36] 972.3, 123.7, 7.874
[08:40:37] 972.7, 123.6, 7.871
[08:40:38] 973.1, 123.7, 7.871
[08:40:39] 973.4, 123.7, 7.872
[08:40:40] 973.6, 123.7, 7.868
[08:40:41] 973.8, 123.7, 7.873
[08:40:42] 973.5, 124.3, 5.369
[08:40:43] 659.5, 124.3, 5.232
[08:40:44] 652.0, 124.2, 5.226
[08:40:45] 651.8, 124.3, 5.221
[08:40:46] 651.5, 124.3, 5.219
