<<<[10:03:01] 648.4, 123.7, 5.252
[10:03:02] 648.3, 123.6, 5.221
[10:03:03] 648.1, 123.5, 5.378
[10:03:04] 664.0, 123.6, 5.388
[10:03:05] 664.1, 123.6, 5.257
[10:03:06] 649.1, 123.5, 5.225
[10:03:07] 648.7, 123.7, 5.244
[10:03:08] 648.5, 123.6, 5.247
[10:03:09] 648.3, 123.7, 5.238
[10:03:10] 648.7, 123.6, 5.577
[10:03:11] 736.5, 123.6, 5.242
[10:03:12] 646.5, 123.6, 5.239
[10:03:13] 646.4, 123.6, 5.239
[10:03:14] 646.4, 123.6, 5.217
[10:03:15] 646.4, 123.6, 5.623
[10:03:16] 737.4, 123.7, 5.238
[10:03:17] 646.3, 123.6, 5.219
[10:03:18] 646.3, 123.6, 5.218
[10:03:19] 646.2, 123.7, 5.242
[10:03:20] 646.2, 123.6, 5.635
[10:03:21] 737.2, 123.5, 5.246
[10:03:22] 646.5, 123.7, 5.223
[10:03:23] 646.4, 123.6, 5.241
[10:03:24] 646.4, 123.5, 5.239
[10:03:25] 646.3, 123.6, 5.653
[10:03:26] 736.1, 123.5, 5.224
[10:03:27] 645.3, 123.5, 5.242
[10:03:28] 645.3, 123.6, 5.240
[10:03:29] 645.4, 123.5, 5.237
[10:03:30] 645.4, 123.6, 5.671
[10:03:31] 735.7, 123.6, 5.249
[10:03:32] 647.1, 123.5, 5.254
[10:03:33] 647.1, 123.6, 5.249
[10:03:34] 647.1, 123.6, 5.224
[10:03:35] 646.9, 123.5, 5.716
[10:03:36] 735.5, 123.6, 5.245
[10:03:37] 646.1, 123.6, 5.238
[10:03:38] 646.1, 123.6, 5.223
[10:03:39] 646.0, 123.6, 5.239
[10:03:40] 646.0, 123.4, 5.747
[10:03:41] 734.3, 123.6, 5.240
[10:03:42] 645.7, 123.5, 5.222
[10:03:43] 645.7, 123.6, 5.244
[10:03:44] 645.7, 123.5, 5.242
[10:03:45] 645.7, 123.6, 5.781
[10:03:46] 731.7, 123.5, 5.223
[10:03:47] 645.9, 123.5, 5.245
[10:03:48] 645.9, 123.6, 5.251
[10:03:49] 646.0, 123.5, 5.250
[10:03:50] 646.2, 123.5, 5.794
[10:03:51] 726.6, 123.5, 5.250
[10:03:52] 646.3, 123.6, 5.238
[10:03:53] 646.2, 123.5, 5.242
[10:03:54] 646.1, 123.6, 5.218
[10:03:55] 646.1, 123.0, 7.234
[10:03:56] 765.6, 123.5, 5.242
[10:03:57] 646.3, 123.7, 5.238
[10:03:58] 646.2, 123.6, 5.217
[10:03:59] 646.1, 123.6, 5.241
[10:04:00] 646.0, 123.0, 7.702
[10:04:01] 795.7, 123.6, 5.244
[10:04:02] 646.1, 123.6, 5.221
[10:04:03] 646.0, 123.6, 5.245
[10:04:04] 646.0, 123.5, 5.232
[10:04:05] 646.0, 123.4, 5.645
[10:04:06] 803.0, 123.6, 5.277
[10:04:07] 700.4, 123.6, 5.242
[10:04:08] 645.7, 123.6, 5.236
[10:04:09] 645.7, 123.6, 5.248
[10:04:10] 645.8, 123.5, 5.220
[10:04:11] 646.4, 123.0, 7.919
[10:04:12] 967.4, 123.6, 5.304
[10:04:13] 703.4, 123.7, 5.239
[10:04:14] 645.9, 123.6, 5.218
[10:04:15] 645.9, 123.6, 5.254
[10:04:16] 646.0, 123.7, 5.236
[10:04:17] 676.6, 123.0, 7.920
[10:04:18] 975.4, 123.0, 7.946
[10:04:19] 957.9, 123.6, 5.278
[10:04:20] 658.9, 123.6, 5.258
[10:04:21] 649.5, 123.6, 5.261
[10:04:22] 649.3, 123.6, 5.224
[10:04:23] 648.9, 123.6, 5.254
[10:04:24] 728.6, 122.9, 7.935
[10:04:25] 977.6, 122.9, 7.945
[10:04:26] 977.7, 122.9, 7.966
[10:04:27] 978.1, 123.0, 7.545
[10:04:28] 845.1, 123.5, 5.265
[10:04:29] 649.7, 123.6, 5.256
[10:04:30] 649.4, 123.6, 5.230
[10:04:31] 649.2, 123.6, 5.251
[10:04:32] 648.9, 123.0, 7.122
[10:04:33] 833.5, 123.0, 7.956
[10:04:34] 979.0, 123.0, 7.957
[10:04:35] 979.2, 123.0, 7.934
[10:04:36] 979.4, 122.9, 7.979
[10:04:37] 979.9, 122.9, 7.989
[10:04:38] 980.4, 122.8, 7.991
[10:04:39] 980.8, 123.0, 7.999
[10:04:40] 967.5, 123.6, 5.291
[10:04:41] 662.4, 123.6, 5.272
[10:04:42] 650.0, 123.5, 5.247
[10:04:43] 649.8, 123.5, 5.259
[10:04:44] 649.7, 123.5, 5.256
[10:04:45] 715.8, 122.8, 7.942
[10:04:46] 979.4, 122.9, 7.970
[10:04:47] 979.6, 123.0, 7.979
[10:04:48] 980.1, 122.9, 7.989
[10:04:49] 980.5, 123.0, 7.989
[10:04:50] 981.1, 123.0, 8.001
[10:04:51] 981.6, 122.9, 8.005
[10:04:52] 982.1, 122.9, 8.002
[10:04:53] 982.5, 122.9, 8.000
[10:04:54] 983.0, 122.9, 8.015
[10:04:55] 983.4, 123.0, 7.997
[10:04:56] 983.8, 123.0, 8.016
[10:04:57] 984.2, 122.9, 8.019
[10:04:58] 984.7, 122.8, 8.029
[10:04:59] 985.1, 123.3, 7.529
[10:05:00] 822.3, 123.7, 5.295
[10:05:01] 652.6, 123.5, 5.268
[10:05:02] 652.4, 123.5, 5.255
[10:05:03] 652.0, 123.6, 5.267
