<<<[01:53:04] 648.4, 125.1, 5.161
[01:53:05] 648.0, 125.2, 5.164
[01:53:06] 647.6, 125.1, 5.160
[01:53:07] 647.5, 125.1, 5.386
[01:53:08] 668.9, 125.2, 5.290
[01:53:09] 668.2, 125.1, 5.338
[01:53:10] 667.9, 125.2, 5.309
[01:53:11] 661.7, 125.2, 5.355
[01:53:12] 661.8, 125.0, 5.394
[01:53:13] 662.1, 125.2, 5.290
[01:53:14] 662.2, 125.2, 5.284
[01:53:15] 662.6, 125.1, 5.168
[01:53:16] 648.7, 125.1, 5.162
[01:53:17] 648.2, 125.2, 5.151
[01:53:18] 647.7, 125.1, 5.158
[01:53:19] 647.3, 125.2, 5.163
[01:53:20] 652.4, 125.2, 5.478
[01:53:21] 733.3, 125.1, 5.156
[01:53:22] 645.3, 125.2, 5.160
[01:53:23] 645.2, 125.2, 5.154
[01:53:24] 645.1, 125.1, 5.156
[01:53:25] 645.3, 125.0, 5.506
[01:53:26] 734.9, 125.1, 5.155
[01:53:27] 644.3, 125.1, 5.153
[01:53:28] 644.2, 125.1, 5.151
[01:53:29] 644.1, 125.2, 5.155
[01:53:30] 644.1, 125.2, 5.528
[01:53:31] 732.3, 125.1, 5.161
[01:53:32] 644.1, 125.1, 5.153
[01:53:33] 644.0, 125.2, 5.137
[01:53:34] 643.9, 125.1, 5.156
[01:53:35] 643.9, 125.1, 5.558
[01:53:36] 726.8, 125.2, 5.153
[01:53:37] 644.1, 125.1, 5.155
[01:53:38] 644.0, 125.1, 5.149
[01:53:39] 644.0, 125.2, 5.159
[01:53:40] 644.0, 124.6, 7.124
[01:53:41] 765.0, 125.1, 5.157
[01:53:42] 643.9, 125.2, 5.152
[01:53:43] 643.8, 125.1, 5.157
[01:53:44] 643.8, 125.1, 5.149
[01:53:45] 643.8, 124.7, 7.206
[01:53:46] 791.2, 125.2, 5.154
[01:53:47] 643.9, 125.1, 5.157
[01:53:48] 643.9, 125.1, 5.162
[01:53:49] 643.9, 125.1, 5.142
[01:53:50] 643.7, 124.6, 6.634
[01:53:51] 796.5, 125.1, 5.199
[01:53:52] 693.2, 125.1, 5.155
[01:53:53] 643.9, 125.1, 5.156
[01:53:54] 643.8, 125.1, 5.154
[01:53:55] 643.8, 125.0, 5.156
[01:53:56] 678.4, 124.6, 7.455
[01:53:57] 918.9, 125.0, 5.167
[01:53:58] 646.3, 125.1, 5.158
[01:53:59] 646.0, 125.0, 5.164
[01:54:00] 645.9, 125.1, 5.172
[01:54:01] 645.9, 125.0, 5.168
[01:54:02] 720.9, 124.5, 7.460
[01:54:03] 930.2, 124.5, 7.269
[01:54:04] 863.0, 125.1, 5.172
[01:54:05] 645.1, 125.1, 5.148
[01:54:06] 645.0, 125.1, 5.160
[01:54:07] 644.9, 125.1, 5.160
[01:54:08] 644.7, 124.5, 6.732
[01:54:09] 804.8, 124.5, 7.469
[01:54:10] 931.3, 124.6, 7.482
[01:54:11] 931.5, 124.4, 7.498
[01:54:12] 931.0, 125.1, 5.228
[01:54:13] 700.6, 125.1, 5.175
[01:54:14] 645.9, 125.1, 5.166
[01:54:15] 645.7, 125.1, 5.164
[01:54:16] 645.6, 125.0, 5.160
[01:54:17] 691.2, 124.5, 7.462
[01:54:18] 930.3, 124.5, 7.485
[01:54:19] 930.6, 124.5, 7.493
[01:54:20] 931.1, 124.5, 7.500
[01:54:21] 931.7, 124.6, 7.511
[01:54:22] 932.1, 124.5, 7.506
[01:54:23] 932.6, 124.5, 7.515
[01:54:24] 922.1, 125.1, 5.191
[01:54:25] 653.4, 125.2, 5.179
[01:54:26] 646.1, 125.1, 5.169
[01:54:27] 646.0, 125.2, 5.169
[01:54:28] 645.9, 125.1, 5.158
[01:54:29] 749.6, 124.5, 7.477
[01:54:30] 932.3, 124.6, 7.489
[01:54:31] 932.4, 124.5, 7.504
[01:54:32] 932.8, 124.5, 7.505
[01:54:33] 933.1, 124.6, 7.512
[01:54:34] 933.5, 124.5, 7.514
[01:54:35] 933.9, 124.4, 7.521
[01:54:36] 934.3, 124.5, 7.525
[01:54:37] 934.7, 124.5, 7.529
[01:54:38] 935.1, 124.5, 7.525
[01:54:39] 935.5, 124.5, 7.527
[01:54:40] 935.7, 124.5, 7.530
[01:54:41] 936.1, 124.5, 7.519
[01:54:42] 936.3, 125.0, 5.274
[01:54:43] 715.4, 125.0, 5.195
[01:54:44] 647.9, 125.1, 5.180
[01:54:45] 647.7, 125.1, 5.176
[01:54:46] 647.5, 125.0, 5.173
