<<<[18:30:47] 638.4, 123.5, 5.162
[18:30:48] 638.3, 123.5, 5.164
[18:30:49] 638.2, 123.4, 5.239
[18:30:50] 651.2, 123.5, 5.334
[18:30:51] 659.1, 123.4, 5.368
[18:30:52] 659.1, 123.5, 5.190
[18:30:53] 646.3, 123.5, 5.166
[18:30:54] 638.2, 123.4, 5.168
[18:30:55] 638.2, 123.4, 5.165
[18:30:56] 638.2, 123.5, 5.164
[18:30:57] 638.2, 123.1, 6.971
[18:30:58] 734.1, 123.5, 5.165
[18:30:59] 638.0, 123.5, 5.162
[18:31:00] 638.0, 123.5, 5.160
[18:31:01] 637.9, 123.4, 5.160
[18:31:02] 637.9, 123.0, 6.908
[18:31:03] 729.0, 123.5, 5.161
[18:31:04] 637.8, 123.4, 5.160
[18:31:05] 637.7, 123.4, 5.158
[18:31:06] 637.7, 123.6, 5.158
[18:31:07] 637.7, 123.1, 6.865
[18:31:08] 728.0, 123.6, 5.160
[18:31:09] 637.8, 123.6, 5.156
[18:31:10] 637.7, 123.5, 5.161
[18:31:11] 637.6, 123.5, 5.157
[18:31:12] 637.6, 123.0, 6.817
[18:31:13] 727.2, 123.4, 5.162
[18:31:14] 637.6, 123.5, 5.161
[18:31:15] 637.6, 123.5, 5.157
[18:31:16] 637.5, 123.5, 5.158
[18:31:17] 637.6, 123.0, 6.754
[18:31:18] 725.6, 123.4, 5.161
[18:31:19] 637.6, 123.4, 5.158
[18:31:20] 637.6, 123.5, 5.162
[18:31:21] 637.6, 123.5, 5.156
[18:31:22] 637.5, 123.2, 6.645
[18:31:23] 722.5, 123.6, 5.158
[18:31:24] 637.6, 123.6, 5.156
[18:31:25] 637.5, 123.6, 5.155
[18:31:26] 637.5, 123.5, 5.157
[18:31:27] 637.4, 123.1, 6.437
[18:31:28] 717.2, 123.5, 5.158
[18:31:29] 638.4, 123.6, 5.156
[18:31:30] 638.4, 123.6, 5.154
[18:31:31] 638.2, 123.6, 5.153
[18:31:32] 638.2, 123.3, 5.649
[18:31:33] 756.1, 123.5, 5.159
[18:31:34] 637.1, 123.6, 5.156
[18:31:35] 637.1, 123.5, 5.156
[18:31:36] 637.1, 123.5, 5.153
[18:31:37] 637.1, 123.5, 5.155
[18:31:38] 737.8, 123.5, 5.161
[18:31:39] 636.9, 123.5, 5.154
[18:31:40] 636.9, 123.6, 5.154
[18:31:41] 636.9, 123.6, 5.152
[18:31:42] 637.0, 123.6, 5.154
[18:31:43] 697.3, 123.5, 5.657
[18:31:44] 738.2, 123.5, 5.156
[18:31:45] 637.3, 123.5, 5.154
[18:31:46] 637.3, 123.5, 5.152
[18:31:47] 637.3, 123.5, 5.149
[18:31:48] 637.3, 122.9, 7.402
[18:31:49] 871.3, 123.5, 5.206
[18:31:50] 687.3, 123.5, 5.160
[18:31:51] 637.8, 123.6, 5.158
[18:31:52] 637.7, 123.6, 5.153
[18:31:53] 637.7, 123.6, 5.153
[18:31:54] 684.7, 123.0, 7.421
[18:31:55] 913.4, 123.4, 5.765
[18:31:56] 745.3, 123.5, 5.161
[18:31:57] 638.2, 123.5, 5.155
[18:31:58] 638.0, 123.5, 5.156
[18:31:59] 637.9, 123.5, 5.153
[18:32:00] 637.9, 122.9, 7.377
[18:32:01] 855.0, 123.0, 7.434
[18:32:02] 915.0, 123.0, 7.449
[18:32:03] 915.1, 123.6, 5.225
[18:32:04] 693.4, 123.6, 5.166
[18:32:05] 638.6, 123.5, 5.157
[18:32:06] 638.5, 123.5, 5.156
[18:32:07] 638.4, 123.5, 5.154
[18:32:08] 645.3, 123.0, 7.419
[18:32:09] 913.8, 123.0, 7.435
[18:32:10] 914.0, 123.0, 7.449
[18:32:11] 914.4, 123.0, 7.454
[18:32:12] 914.8, 122.9, 7.461
[18:32:14] 861.5, 123.6, 5.182
wattsup: [error] Reading final time stamp: Bad address
[18:32:21] 916.2, 122.9, 7.466
wattsup: [error] Reading final time stamp: Bad address
[18:32:28] 919.2, 122.9, 7.494
wattsup: [error] Reading final time stamp: Bad address
