<<<[04:52:42] 648.1, 125.1, 5.162
[04:52:43] 647.9, 125.0, 5.163
[04:52:44] 647.7, 125.0, 5.156
[04:52:45] 647.9, 125.1, 5.245
[04:52:46] 656.0, 125.0, 5.230
[04:52:47] 655.7, 125.0, 5.169
[04:52:48] 647.9, 125.1, 5.167
[04:52:49] 647.5, 125.0, 5.160
[04:52:50] 647.2, 124.6, 6.966
[04:52:51] 740.8, 124.9, 5.166
[04:52:52] 644.7, 125.0, 5.156
[04:52:53] 644.7, 125.0, 5.162
[04:52:54] 644.7, 125.0, 5.152
[04:52:55] 644.6, 124.6, 6.931
[04:52:56] 737.8, 125.0, 5.161
[04:52:57] 644.7, 125.1, 5.161
[04:52:58] 644.6, 125.0, 5.155
[04:52:59] 644.6, 125.0, 5.155
[04:53:00] 644.6, 124.5, 6.910
[04:53:01] 737.6, 124.9, 5.152
[04:53:02] 644.1, 125.0, 5.159
[04:53:03] 644.1, 124.9, 5.162
[04:53:04] 644.1, 125.0, 5.155
[04:53:05] 644.2, 124.5, 6.890
[04:53:06] 737.1, 125.1, 5.156
[04:53:07] 644.5, 125.1, 5.154
[04:53:08] 644.4, 125.0, 5.156
[04:53:09] 644.4, 125.0, 5.162
[04:53:10] 644.4, 124.6, 6.866
[04:53:11] 736.7, 125.0, 5.162
[04:53:12] 644.5, 125.1, 5.154
[04:53:13] 644.4, 125.0, 5.155
[04:53:14] 644.4, 125.0, 5.151
[04:53:15] 644.4, 124.5, 6.772
[04:53:16] 736.3, 125.0, 5.154
[04:53:17] 644.5, 125.1, 5.152
[04:53:18] 644.4, 125.1, 5.151
[04:53:19] 644.3, 125.0, 5.155
[04:53:20] 644.2, 124.6, 6.802
[04:53:21] 735.1, 125.0, 5.157
[04:53:22] 644.1, 125.1, 5.149
[04:53:23] 644.0, 125.0, 5.155
[04:53:24] 644.0, 125.1, 5.150
[04:53:25] 644.0, 124.6, 6.738
[04:53:26] 732.5, 125.1, 5.154
[04:53:27] 643.9, 125.0, 5.160
[04:53:28] 643.9, 125.1, 5.150
[04:53:29] 643.9, 125.0, 5.154
[04:53:30] 643.9, 124.5, 6.627
[04:53:31] 729.2, 125.0, 5.153
[04:53:32] 644.1, 125.0, 5.155
[04:53:33] 644.1, 125.0, 5.153
[04:53:34] 644.0, 125.0, 5.151
[04:53:35] 644.0, 124.7, 6.281
[04:53:36] 720.7, 125.0, 5.153
[04:53:37] 644.1, 125.1, 5.155
[04:53:38] 644.0, 125.0, 5.148
[04:53:39] 644.0, 125.0, 5.156
[04:53:40] 643.9, 125.0, 5.150
[04:53:41] 755.0, 125.1, 5.158
[04:53:42] 643.7, 125.0, 5.150
[04:53:43] 643.7, 125.1, 5.156
[04:53:44] 643.7, 125.0, 5.148
[04:53:45] 643.7, 125.1, 5.153
[04:53:46] 726.8, 125.0, 5.589
[04:53:47] 739.2, 125.1, 5.157
[04:53:48] 645.3, 125.0, 5.152
[04:53:49] 645.2, 125.1, 5.149
[04:53:50] 645.0, 125.0, 5.152
[04:53:51] 644.9, 124.5, 7.439
[04:53:52] 907.9, 125.0, 5.163
[04:53:53] 644.7, 125.1, 5.158
[04:53:54] 644.6, 125.1, 5.151
[04:53:55] 644.5, 125.0, 5.149
[04:53:56] 644.5, 125.1, 5.151
[04:53:57] 755.9, 124.5, 7.452
[04:53:58] 919.5, 125.1, 5.173
[04:53:59] 645.5, 125.0, 5.157
[04:54:00] 645.4, 125.0, 5.152
[04:54:01] 645.2, 125.1, 5.153
[04:54:02] 645.1, 125.0, 5.151
[04:54:03] 703.4, 124.5, 7.455
[04:54:04] 928.0, 124.4, 7.466
[04:54:05] 928.3, 124.9, 5.729
[04:54:06] 751.6, 125.1, 5.167
[04:54:07] 646.7, 125.0, 5.166
[04:54:08] 646.6, 125.1, 5.159
[04:54:09] 646.5, 125.0, 5.162
[04:54:10] 646.4, 124.5, 7.418
[04:54:11] 882.5, 124.5, 7.469
[04:54:12] 930.0, 124.4, 7.471
[04:54:13] 930.1, 124.5, 7.484
[04:54:14] 930.4, 124.5, 7.485
[04:54:15] 930.2, 125.0, 5.233
[04:54:16] 700.4, 125.0, 5.173
[04:54:17] 646.3, 125.1, 5.170
[04:54:18] 646.2, 125.0, 5.163
[04:54:19] 646.1, 125.0, 5.162
[04:54:20] 679.0, 124.5, 7.458
[04:54:21] 929.2, 124.5, 7.477
[04:54:22] 929.4, 124.4, 7.482
[04:54:23] 929.8, 124.5, 7.494
[04:54:24] 930.2, 124.5, 7.500
[04:54:25] 930.7, 124.3, 7.505
[04:54:26] 931.3, 124.5, 7.517
[04:54:27] 931.9, 124.4, 7.517
[04:54:28] 932.4, 124.4, 7.507
[04:54:29] 932.8, 124.6, 7.236
[04:54:30] 816.2, 125.0, 5.187
[04:54:31] 648.3, 125.1, 5.184
[04:54:32] 648.1, 125.1, 5.167
[04:54:33] 647.9, 125.1, 5.171
[04:54:34] 647.6, 124.6, 7.302
[04:54:35] 838.4, 124.5, 7.478
[04:54:36] 931.5, 124.5, 7.485
[04:54:37] 931.7, 124.4, 7.501
[04:54:38] 932.0, 124.5, 7.499
[04:54:39] 932.3, 124.6, 7.509
[04:54:40] 932.7, 124.5, 7.508
[04:54:41] 933.1, 124.5, 7.513
[04:54:42] 933.4, 124.5, 7.512
[04:54:43] 933.7, 124.5, 7.519
[04:54:44] 934.1, 124.4, 7.522
[04:54:45] 934.4, 124.4, 7.531
[04:54:46] 934.7, 124.4, 7.529
[04:54:47] 935.1, 124.4, 7.531
[04:54:48] 935.5, 124.5, 7.528
[04:54:49] 935.7, 124.4, 7.527
[04:54:50] 936.0, 124.4, 7.529
[04:54:51] 936.2, 124.4, 7.527
[04:54:52] 936.4, 124.5, 7.526
[04:54:53] 936.6, 125.0, 5.247
[04:54:54] 707.7, 125.0, 5.197
[04:54:55] 649.3, 125.0, 5.185
[04:54:56] 649.2, 125.0, 5.181
[04:54:57] 649.1, 125.1, 5.182
