<<<[20:49:18] 635.7, 123.5, 5.133
[20:49:19] 635.4, 123.6, 5.130
[20:49:20] 635.2, 123.6, 5.128
[20:49:21] 644.1, 123.5, 5.264
[20:49:22] 654.0, 123.5, 5.338
[20:49:23] 654.1, 123.5, 5.278
[20:49:24] 654.0, 123.5, 5.317
[20:49:25] 654.4, 123.5, 5.310
[20:49:26] 654.7, 123.6, 5.269
[20:49:27] 654.6, 123.5, 5.355
[20:49:28] 654.9, 123.5, 5.282
[20:49:29] 655.0, 123.6, 5.318
[20:49:30] 655.2, 123.5, 5.297
[20:49:31] 654.9, 123.6, 5.257
[20:49:32] 654.7, 123.6, 5.337
[20:49:33] 654.7, 123.6, 5.269
[20:49:34] 654.4, 123.6, 5.298
[20:49:35] 654.5, 123.5, 5.288
[20:49:36] 654.3, 123.5, 5.254
[20:49:37] 654.4, 123.5, 5.325
[20:49:38] 654.7, 123.5, 5.279
[20:49:39] 654.7, 123.5, 5.360
[20:49:40] 654.9, 123.6, 5.280
[20:49:41] 654.8, 123.6, 5.338
[20:49:42] 655.0, 123.6, 5.271
[20:49:43] 654.7, 123.6, 5.291
[20:49:44] 654.6, 123.5, 5.286
[20:49:45] 654.4, 123.5, 5.264
[20:49:46] 654.3, 123.5, 5.300
[20:49:47] 654.2, 123.5, 5.263
[20:49:48] 654.1, 123.5, 5.325
[20:49:49] 654.1, 123.6, 5.266
[20:49:50] 654.0, 123.5, 5.339
[20:49:51] 654.3, 123.6, 5.287
[20:49:52] 654.3, 123.6, 5.302
[20:49:53] 654.6, 123.5, 5.305
[20:49:54] 654.7, 123.5, 5.250
[20:49:55] 654.5, 123.5, 5.311
[20:49:56] 654.4, 123.5, 5.250
[20:49:57] 654.1, 123.4, 5.333
[20:49:58] 654.1, 123.5, 5.255
[20:49:59] 653.8, 123.5, 5.295
[20:50:00] 653.9, 123.5, 5.273
[20:50:01] 653.8, 123.5, 5.284
[20:50:02] 654.0, 123.5, 5.316
[20:50:03] 654.1, 123.4, 5.278
[20:50:04] 654.1, 123.5, 5.334
[20:50:05] 654.4, 123.4, 5.281
[20:50:06] 654.3, 123.5, 5.324
[20:50:07] 654.2, 123.5, 5.271
[20:50:08] 654.1, 123.5, 5.307
[20:50:09] 654.3, 123.5, 5.282
[20:50:10] 654.1, 123.5, 5.265
[20:50:11] 654.0, 123.5, 5.285
[20:50:12] 653.8, 123.5, 5.237
[20:50:13] 653.7, 123.5, 5.326
[20:50:14] 653.9, 123.5, 5.256
[20:50:15] 653.7, 123.5, 5.328
[20:50:16] 653.9, 123.5, 5.274
[20:50:17] 653.9, 123.5, 5.303
[20:50:18] 654.0, 123.5, 5.274
[20:50:19] 653.7, 123.5, 5.270
[20:50:20] 653.7, 123.5, 5.307
[20:50:21] 653.9, 123.6, 5.264
[20:50:22] 653.8, 123.5, 5.326
[20:50:23] 653.9, 123.6, 5.264
[20:50:24] 653.8, 123.6, 5.269
[20:50:25] 654.1, 123.5, 5.287
[20:50:26] 654.2, 123.6, 5.303
[20:50:27] 654.4, 123.6, 5.305
[20:50:28] 654.4, 123.5, 5.275
[20:50:29] 654.6, 123.6, 5.328
[20:50:30] 654.8, 123.6, 5.263
[20:50:31] 654.7, 123.6, 5.326
[20:50:32] 654.6, 123.5, 5.268
[20:50:33] 654.5, 123.5, 5.306
[20:50:34] 654.5, 123.6, 5.285
[20:50:35] 654.4, 123.6, 5.269
[20:50:36] 654.3, 123.6, 5.299
[20:50:37] 654.2, 123.5, 5.269
[20:50:38] 654.2, 123.6, 5.336
[20:50:39] 654.3, 123.6, 5.281
[20:50:40] 654.4, 123.5, 5.335
[20:50:41] 654.6, 123.5, 5.286
[20:50:42] 654.5, 123.6, 5.297
[20:50:43] 654.4, 123.5, 5.284
[20:50:44] 654.1, 123.6, 5.266
[20:50:45] 654.2, 123.6, 5.310
[20:50:46] 654.2, 123.6, 5.259
[20:50:47] 654.0, 123.5, 5.326
[20:50:48] 653.9, 123.5, 5.262
[20:50:49] 653.9, 123.5, 5.317
[20:50:50] 654.1, 123.6, 5.284
[20:50:51] 654.0, 123.6, 5.282
[20:50:52] 654.1, 123.6, 5.307
[20:50:53] 654.2, 123.6, 5.260
[20:50:54] 654.1, 123.6, 5.315
[20:50:55] 654.0, 123.5, 5.264
[20:50:56] 653.8, 123.5, 5.323
[20:50:57] 653.8, 123.5, 5.271
[20:50:58] 653.7, 123.5, 5.300
[20:50:59] 653.7, 123.5, 5.282
[20:51:00] 653.5, 123.5, 5.269
[20:51:01] 653.5, 123.6, 5.319
[20:51:02] 653.8, 123.6, 5.268
[20:51:03] 653.8, 123.5, 5.341
[20:51:04] 653.9, 123.5, 5.280
[20:51:05] 654.0, 123.5, 5.329
[20:51:06] 654.2, 123.5, 5.275
[20:51:07] 654.0, 123.5, 5.283
[20:51:08] 654.0, 123.5, 5.295
[20:51:09] 654.0, 123.4, 5.259
[20:51:10] 653.9, 123.5, 5.309
[20:51:11] 653.8, 123.5, 5.260
[20:51:12] 653.6, 123.5, 5.328
[20:51:13] 653.6, 123.6, 5.281
[20:51:14] 653.7, 123.6, 5.316
[20:51:15] 653.9, 123.6, 5.290
[20:51:16] 653.8, 123.6, 5.281
[20:51:17] 654.0, 123.6, 5.316
[20:51:18] 654.1, 123.6, 5.261
[20:51:19] 654.0, 123.5, 5.318
[20:51:20] 653.9, 123.5, 5.266
[20:51:21] 653.7, 123.5, 5.324
[20:51:22] 653.8, 123.4, 5.273
[20:51:23] 653.5, 123.5, 5.288
[20:51:24] 653.5, 123.5, 5.286
[20:51:25] 653.5, 123.4, 5.280
[20:51:26] 653.6, 123.5, 5.315
[20:51:27] 653.8, 123.4, 5.275
[20:51:28] 653.8, 123.5, 5.339
[20:51:29] 654.0, 123.5, 5.281
[20:51:30] 654.0, 123.5, 5.308
[20:51:31] 654.0, 123.5, 5.279
[20:51:32] 653.7, 123.4, 5.272
[20:51:33] 653.7, 123.5, 5.297
[20:51:34] 653.7, 123.6, 5.253
[20:51:35] 653.7, 123.5, 5.326
[20:51:36] 653.7, 123.6, 5.259
[20:51:37] 653.6, 123.5, 5.331
[20:51:38] 653.8, 123.5, 5.285
[20:51:39] 653.8, 123.5, 5.304
[20:51:40] 654.1, 123.6, 5.296
[20:51:41] 654.1, 123.6, 5.264
[20:51:42] 654.2, 123.6, 5.307
[20:51:43] 654.0, 123.6, 5.251
[20:51:44] 653.8, 123.5, 5.358
[20:51:45] 654.4, 123.5, 5.325
[20:51:46] 660.3, 123.5, 5.343
[20:51:47] 660.1, 123.4, 5.324
[20:51:48] 659.8, 123.5, 5.304
[20:51:49] 659.8, 123.5, 5.328
[20:51:50] 659.9, 123.5, 5.383
[20:51:51] 660.2, 123.5, 5.343
[20:51:52] 660.3, 123.6, 5.318
[20:51:53] 660.4, 123.5, 5.373
[20:51:54] 660.6, 123.4, 5.348
[20:51:55] 660.5, 123.5, 5.300
[20:51:56] 660.2, 123.4, 5.333
[20:51:57] 660.1, 123.5, 5.370
[20:51:58] 660.2, 123.5, 5.301
[20:51:59] 660.1, 123.5, 5.330
[20:52:00] 659.9, 123.5, 5.377
[20:52:01] 659.9, 123.4, 5.324
[20:52:02] 660.1, 123.5, 5.333
[20:52:03] 660.1, 123.5, 5.375
[20:52:04] 660.2, 123.5, 5.343
[20:52:05] 660.5, 123.5, 5.334
[20:52:06] 660.5, 123.4, 5.360
[20:52:07] 660.6, 123.5, 5.348
[20:52:08] 660.6, 123.5, 5.311
[20:52:09] 660.6, 123.5, 5.348
[20:52:10] 660.6, 123.4, 5.358
[20:52:11] 660.5, 123.4, 5.306
[20:52:12] 660.3, 123.5, 5.339
[20:52:13] 660.3, 123.5, 5.380
[20:52:14] 660.7, 123.5, 5.328
[20:52:15] 660.7, 123.5, 5.348
[20:52:16] 660.8, 123.5, 5.425
[20:52:17] 661.4, 123.6, 5.348
[20:52:18] 661.6, 123.6, 5.322
[20:52:19] 661.2, 123.6, 5.374
[20:52:20] 661.1, 123.5, 5.377
[20:52:21] 661.3, 123.6, 5.320
[20:52:22] 661.0, 123.6, 5.364
[20:52:23] 661.0, 123.4, 5.372
[20:52:24] 661.2, 123.5, 5.313
[20:52:25] 661.2, 123.5, 5.352
[20:52:26] 661.3, 123.5, 5.386
[20:52:27] 661.3, 123.6, 5.325
[20:52:28] 661.3, 123.5, 5.344
[20:52:29] 661.3, 123.5, 5.387
[20:52:30] 661.4, 123.6, 5.311
[20:52:31] 661.2, 123.5, 5.334
[20:52:32] 661.0, 123.5, 5.377
[20:52:33] 661.0, 123.5, 5.306
[20:52:34] 660.9, 123.5, 5.320
[20:52:35] 660.6, 123.5, 5.382
[20:52:36] 660.5, 123.5, 5.334
[20:52:37] 660.6, 123.4, 5.346
[20:52:38] 660.6, 123.4, 5.433
[20:52:39] 668.0, 123.4, 5.395
[20:52:40] 667.8, 123.4, 5.371
[20:52:41] 667.5, 123.4, 5.412
[20:52:42] 667.4, 123.4, 5.417
[20:52:43] 667.1, 123.4, 5.358
[20:52:44] 666.8, 123.4, 5.384
[20:52:45] 666.7, 123.5, 5.349
[20:52:46] 666.3, 123.5, 5.325
[20:52:47] 665.8, 123.5, 5.405
[20:52:48] 665.6, 123.5, 5.419
[20:52:49] 665.6, 123.5, 5.398
[20:52:50] 665.7, 123.4, 5.371
[20:52:51] 665.8, 123.6, 5.363
[20:52:52] 665.7, 123.6, 5.317
[20:52:53] 665.2, 123.5, 5.474
[20:52:54] 671.9, 123.5, 5.465
[20:52:55] 672.2, 123.5, 5.454
[20:52:56] 672.5, 123.6, 5.447
[20:52:57] 672.5, 123.5, 5.456
[20:52:58] 672.5, 123.5, 5.449
[20:52:59] 672.6, 123.4, 5.428
[20:53:00] 672.5, 123.5, 5.433
[20:53:01] 672.4, 123.5, 5.463
[20:53:02] 672.4, 123.6, 5.464
[20:53:03] 672.6, 123.6, 5.343
[20:53:04] 665.0, 123.6, 5.422
[20:53:05] 664.6, 123.5, 5.344
[20:53:06] 664.8, 123.5, 5.335
[20:53:07] 659.5, 123.5, 5.335
[20:53:08] 659.7, 123.5, 5.440
[20:53:09] 668.0, 123.5, 5.333
[20:53:10] 660.7, 123.6, 5.343
[20:53:11] 660.8, 123.6, 5.382
[20:53:12] 661.2, 123.6, 5.338
[20:53:13] 661.1, 123.5, 5.345
[20:53:14] 661.2, 123.5, 5.464
[20:53:15] 671.3, 123.5, 5.435
[20:53:16] 671.5, 123.5, 5.344
[20:53:17] 661.5, 123.5, 5.346
[20:53:18] 661.6, 123.5, 5.427
[20:53:19] 661.9, 123.4, 5.341
[20:53:20] 661.9, 123.4, 5.330
[20:53:21] 661.6, 123.4, 5.474
[20:53:22] 668.9, 123.5, 5.339
[20:53:23] 661.9, 123.4, 5.334
[20:53:24] 661.6, 123.6, 5.376
[20:53:25] 662.0, 123.4, 5.346
[20:53:26] 662.1, 123.4, 5.347
[20:53:27] 662.3, 123.4, 5.487
[20:53:28] 675.8, 123.5, 5.458
[20:53:29] 675.6, 123.5, 5.436
[20:53:30] 675.1, 123.5, 5.334
[20:53:31] 661.7, 123.5, 5.356
[20:53:32] 661.7, 123.4, 5.360
[20:53:33] 662.0, 123.5, 5.342
[20:53:34] 661.9, 123.5, 5.332
[20:53:35] 661.7, 123.5, 5.476
[20:53:36] 670.1, 123.6, 5.344
[20:53:37] 661.9, 123.6, 5.346
[20:53:38] 661.9, 123.5, 5.407
[20:53:39] 662.4, 123.4, 5.343
[20:53:40] 662.6, 123.5, 5.344
[20:53:41] 662.8, 123.5, 5.477
[20:53:42] 677.0, 123.5, 5.333
[20:53:43] 662.1, 123.5, 5.360
[20:53:44] 662.1, 123.5, 5.343
[20:53:45] 662.4, 123.5, 5.349
[20:53:46] 662.2, 123.5, 5.333
[20:53:47] 662.1, 123.4, 5.462
[20:53:48] 669.7, 123.4, 5.354
[20:53:49] 660.9, 123.4, 5.349
[20:53:50] 661.1, 123.4, 5.455
[20:53:51] 661.7, 123.4, 5.351
[20:53:52] 662.0, 123.5, 5.356
[20:53:53] 662.1, 123.4, 5.490
[20:53:54] 677.2, 123.4, 5.479
[20:53:55] 676.9, 123.5, 5.446
[20:53:56] 676.4, 123.5, 5.464
[20:53:57] 675.9, 123.5, 5.426
[20:53:58] 675.2, 123.5, 5.453
[20:53:59] 674.8, 123.5, 5.336
[20:54:00] 662.1, 123.5, 5.357
[20:54:01] 662.1, 123.5, 5.367
[20:54:02] 662.5, 123.5, 5.364
[20:54:03] 662.5, 123.4, 5.350
[20:54:04] 662.5, 123.4, 5.446
[20:54:05] 671.5, 123.4, 5.372
[20:54:06] 661.7, 123.4, 5.336
[20:54:07] 661.6, 123.5, 5.417
[20:54:08] 661.9, 123.5, 5.333
[20:54:09] 661.8, 123.6, 5.334
[20:54:10] 661.9, 123.5, 5.439
[20:54:11] 674.8, 123.5, 5.337
[20:54:12] 662.3, 123.6, 5.346
[20:54:13] 662.2, 123.4, 5.410
[20:54:14] 662.5, 123.4, 5.351
[20:54:15] 662.7, 123.5, 5.348
[20:54:16] 662.5, 123.5, 5.501
[20:54:17] 671.3, 123.5, 5.349
[20:54:18] 663.6, 123.5, 5.341
[20:54:19] 663.1, 123.5, 5.390
[20:54:20] 663.2, 123.5, 5.331
[20:54:21] 663.0, 123.5, 5.331
[20:54:22] 663.0, 123.5, 5.450
[20:54:23] 672.7, 123.5, 5.466
[20:54:24] 673.0, 123.5, 5.457
[20:54:25] 672.6, 123.5, 5.347
[20:54:26] 663.6, 123.6, 5.384
[20:54:27] 663.3, 123.6, 5.354
[20:54:28] 663.7, 123.5, 5.438
[20:54:29] 663.6, 123.5, 5.354
[20:54:30] 664.0, 123.5, 5.355
[20:54:31] 664.3, 123.4, 5.419
[20:54:32] 664.0, 123.5, 5.341
[20:54:33] 664.1, 123.6, 5.337
[20:54:34] 663.7, 123.5, 5.343
[20:54:35] 663.6, 123.5, 5.446
[20:54:36] 670.5, 123.6, 5.462
[20:54:37] 670.5, 123.6, 5.352
[20:54:38] 663.8, 123.5, 5.388
[20:54:39] 663.4, 123.6, 5.355
[20:54:40] 663.8, 123.6, 5.416
[20:54:41] 663.7, 123.6, 5.345
[20:54:42] 664.0, 123.5, 5.344
[20:54:43] 664.3, 123.5, 5.397
[20:54:44] 663.9, 123.6, 5.336
[20:54:45] 664.1, 123.6, 5.344
[20:54:46] 663.6, 123.5, 5.340
[20:54:47] 663.4, 123.5, 5.461
[20:54:48] 670.5, 123.6, 5.447
[20:54:49] 671.1, 123.5, 5.466
[20:54:50] 671.6, 123.6, 5.451
[20:54:51] 672.1, 123.5, 5.479
[20:54:52] 672.6, 123.6, 5.444
[20:54:53] 673.0, 123.6, 5.439
[20:54:54] 672.9, 123.6, 5.444
[20:54:55] 672.8, 123.6, 5.464
[20:54:56] 672.8, 123.6, 5.436
[20:54:57] 672.6, 123.6, 5.439
[20:54:58] 672.5, 123.6, 5.407
[20:54:59] 672.0, 123.6, 5.404
[20:55:00] 671.5, 123.6, 5.403
[20:55:01] 671.1, 123.5, 5.400
[20:55:02] 671.0, 123.5, 5.356
[20:55:03] 664.8, 123.4, 5.428
[20:55:04] 664.5, 123.5, 5.352
[20:55:05] 664.7, 123.5, 5.396
[20:55:06] 664.3, 123.5, 5.341
[20:55:07] 664.1, 123.5, 5.460
[20:55:08] 669.9, 123.5, 5.367
[20:55:09] 660.3, 123.5, 5.341
[20:55:10] 660.5, 123.5, 5.466
[20:55:11] 661.0, 123.6, 5.338
[20:55:12] 661.2, 123.6, 5.364
[20:55:13] 661.0, 123.4, 5.488
[20:55:14] 677.2, 123.5, 5.348
[20:55:15] 665.4, 123.4, 5.453
[20:55:16] 665.0, 123.5, 5.344
[20:55:17] 665.1, 123.5, 5.394
[20:55:18] 664.7, 123.5, 5.350
[20:55:19] 664.4, 123.4, 5.480
[20:55:20] 670.7, 123.5, 5.388
[20:55:21] 661.5, 123.5, 5.351
[20:55:22] 661.7, 123.4, 5.464
[20:55:23] 662.2, 123.5, 5.348
[20:55:24] 662.4, 123.5, 5.376
[20:55:25] 662.3, 123.6, 5.478
[20:55:26] 676.8, 123.5, 5.533
[20:55:27] 683.3, 123.6, 5.525
[20:55:28] 682.7, 123.6, 5.405
[20:55:29] 670.5, 123.6, 5.404
[20:55:30] 670.2, 123.6, 5.426
[20:55:31] 670.4, 123.5, 5.391
[20:55:32] 670.2, 123.5, 5.390
[20:55:33] 670.1, 123.5, 5.458
[20:55:34] 670.5, 123.6, 5.387
[20:55:35] 670.3, 123.5, 5.389
[20:55:36] 670.2, 123.5, 5.389
[20:55:37] 670.0, 123.5, 5.426
[20:55:38] 670.0, 123.4, 5.415
[20:55:39] 675.8, 123.5, 5.538
[20:55:40] 676.4, 123.5, 5.424
[20:55:41] 669.5, 123.5, 5.402
[20:55:42] 669.4, 123.4, 5.499
[20:55:43] 669.6, 123.5, 5.385
[20:55:44] 669.4, 123.5, 5.396
[20:55:45] 669.1, 123.5, 5.513
[20:55:46] 675.2, 123.5, 5.389
[20:55:47] 668.0, 123.5, 5.435
[20:55:48] 667.7, 123.5, 5.399
[20:55:49] 668.1, 123.5, 5.436
[20:55:50] 668.2, 123.5, 5.400
[20:55:51] 668.6, 123.5, 5.507
[20:55:52] 680.6, 123.4, 5.523
[20:55:53] 680.5, 123.4, 5.537
[20:55:54] 680.6, 123.4, 5.504
[20:55:55] 680.6, 123.5, 5.508
[20:55:56] 680.7, 123.4, 5.497
[20:55:57] 675.4, 123.4, 5.392
[20:55:58] 668.2, 123.5, 5.424
[20:55:59] 667.9, 123.4, 5.395
[20:56:00] 668.2, 123.4, 5.464
[20:56:01] 668.2, 123.5, 5.402
[20:56:02] 668.7, 123.5, 5.404
[20:56:03] 669.3, 123.5, 5.494
[20:56:04] 669.3, 123.6, 5.397
[20:56:05] 669.7, 123.5, 5.427
[20:56:06] 669.4, 123.6, 5.391
[20:56:07] 669.3, 123.5, 5.514
[20:56:08] 676.6, 123.6, 5.511
[20:56:09] 676.4, 123.6, 5.389
[20:56:10] 668.0, 123.5, 5.417
[20:56:11] 667.7, 123.6, 5.388
[20:56:12] 668.2, 123.5, 5.492
[20:56:13] 668.1, 123.5, 5.393
[20:56:14] 668.7, 123.6, 5.398
[20:56:15] 669.2, 123.5, 5.500
[20:56:16] 669.2, 123.6, 5.396
[20:56:17] 669.6, 123.6, 5.412
[20:56:18] 669.4, 123.6, 5.393
[20:56:19] 669.2, 123.4, 5.515
[20:56:20] 677.2, 123.5, 5.521
[20:56:21] 677.8, 123.4, 5.512
[20:56:22] 678.0, 123.5, 5.424
[20:56:23] 666.0, 123.5, 5.394
[20:56:24] 666.3, 123.5, 5.521
[20:56:25] 666.9, 123.5, 5.403
[20:56:26] 667.3, 123.6, 5.417
[20:56:27] 667.4, 123.5, 5.533
[20:56:28] 677.4, 123.5, 5.407
[20:56:29] 670.3, 123.5, 5.425
[20:56:30] 669.9, 123.5, 5.396
[20:56:31] 670.1, 123.5, 5.461
[20:56:32] 669.8, 123.5, 5.392
[20:56:33] 669.9, 123.5, 5.529
[20:56:34] 682.1, 123.5, 5.389
[20:56:35] 666.0, 123.5, 5.394
[20:56:36] 666.3, 123.5, 5.504
[20:56:37] 666.8, 123.4, 5.406
[20:56:38] 667.2, 123.5, 5.442
[20:56:39] 667.2, 123.5, 5.537
[20:56:40] 677.6, 123.6, 5.398
[20:56:41] 669.5, 123.5, 5.441
[20:56:42] 669.2, 123.5, 5.397
[20:56:43] 669.4, 123.6, 5.438
[20:56:44] 669.1, 123.5, 5.388
[20:56:45] 669.2, 123.6, 5.503
[20:56:46] 680.2, 123.4, 5.519
[20:56:47] 680.2, 123.6, 5.448
[20:56:48] 679.8, 123.6, 5.506
[20:56:49] 679.8, 123.5, 5.524
[20:56:50] 680.1, 123.6, 5.511
[20:56:51] 680.3, 123.5, 5.515
[20:56:52] 680.4, 123.6, 5.505
[20:56:53] 680.6, 123.5, 5.530
[20:56:54] 680.8, 123.4, 5.508
[20:56:55] 680.8, 123.6, 5.514
[20:56:56] 680.7, 123.5, 5.489
[20:56:57] 680.4, 123.4, 5.492
[20:56:58] 680.0, 123.6, 5.481
[20:56:59] 679.6, 123.4, 5.484
[20:57:00] 679.3, 123.4, 5.479
[20:57:01] 678.9, 123.4, 5.480
[20:57:02] 678.7, 123.4, 5.509
[20:57:03] 678.9, 123.5, 5.507
[20:57:04] 679.0, 123.4, 5.531
[20:57:05] 679.3, 123.6, 5.494
[20:57:06] 679.3, 123.5, 5.498
[20:57:07] 679.0, 123.5, 5.486
[20:57:08] 678.8, 123.6, 5.490
[20:57:09] 678.6, 123.5, 5.488
[20:57:10] 678.5, 123.6, 5.479
[20:57:11] 678.4, 123.5, 5.472
[20:57:12] 677.9, 123.6, 5.448
[20:57:13] 677.5, 123.5, 5.491
[20:57:14] 677.3, 123.6, 5.475
[20:57:15] 677.3, 123.5, 5.507
[20:57:16] 677.7, 123.5, 5.521
[20:57:17] 678.2, 123.5, 5.532
[20:57:18] 678.8, 123.6, 5.382
[20:57:19] 666.2, 123.6, 5.430
[20:57:20] 666.3, 123.5, 5.382
[20:57:21] 666.8, 123.6, 5.380
[20:57:22] 666.7, 123.6, 5.419
[20:57:23] 666.7, 123.5, 5.388
[20:57:24] 667.1, 123.6, 5.422
[20:57:25] 667.7, 123.5, 5.394
[20:57:26] 667.9, 123.6, 5.442
[20:57:27] 667.8, 123.6, 5.460
[20:57:28] 668.3, 123.5, 5.398
[20:57:29] 668.4, 123.6, 5.401
[20:57:30] 668.2, 123.5, 5.504
[20:57:31] 676.2, 123.5, 5.515
[20:57:32] 676.2, 123.6, 5.404
[20:57:33] 666.2, 123.5, 5.382
[20:57:34] 666.4, 123.4, 5.439
[20:57:35] 666.8, 123.5, 5.438
[20:57:36] 666.7, 123.5, 5.389
[20:57:37] 666.9, 123.6, 5.383
[20:57:38] 672.3, 123.6, 5.400
[20:57:39] 672.0, 123.4, 5.430
[20:57:40] 671.6, 123.6, 5.403
[20:57:41] 671.3, 123.4, 5.403
[20:57:42] 671.4, 123.5, 5.412
[20:57:43] 671.0, 123.5, 5.392
[20:57:44] 670.5, 123.5, 5.521
[20:57:45] 681.9, 123.4, 5.509
[20:57:46] 681.6, 123.5, 5.521
[20:57:47] 681.5, 123.5, 5.383
[20:57:48] 666.0, 123.5, 5.408
[20:57:49] 666.2, 123.6, 5.376
[20:57:50] 666.8, 123.5, 5.392
[20:57:51] 666.8, 123.6, 5.417
[20:57:52] 667.0, 123.6, 5.393
[20:57:53] 672.5, 123.5, 5.404
[20:57:54] 672.5, 123.6, 5.385
[20:57:55] 667.2, 123.6, 5.399
[20:57:56] 666.9, 123.6, 5.394
[20:57:57] 667.4, 123.5, 5.380
[20:57:58] 667.4, 123.6, 5.406
[20:57:59] 667.1, 123.4, 5.531
[20:58:00] 681.0, 123.5, 5.410
[20:58:01] 671.3, 123.5, 5.382
[20:58:02] 670.8, 123.6, 5.441
[20:58:03] 670.3, 123.6, 5.444
[20:58:04] 670.5, 123.5, 5.395
[20:58:05] 670.3, 123.5, 5.424
[20:58:06] 665.0, 123.4, 5.539
[20:58:07] 676.0, 123.5, 5.411
[20:58:08] 665.8, 123.5, 5.394
[20:58:09] 666.1, 123.4, 5.447
[20:58:10] 666.6, 123.4, 5.416
[20:58:11] 666.5, 123.6, 5.390
[20:58:12] 666.7, 123.5, 5.431
[20:58:13] 674.5, 123.4, 5.546
[20:58:14] 683.9, 123.4, 5.523
[20:58:15] 683.6, 123.6, 5.530
[20:58:16] 683.4, 123.5, 5.516
[20:58:17] 683.3, 123.4, 5.533
[20:58:18] 683.3, 123.5, 5.385
[20:58:19] 666.6, 123.6, 5.462
[20:58:20] 666.6, 123.6, 5.391
[20:58:21] 667.0, 123.6, 5.375
[20:58:22] 666.9, 123.4, 5.473
[20:58:23] 666.9, 123.5, 5.389
[20:58:24] 667.2, 123.6, 5.453
[20:58:25] 667.8, 123.6, 5.386
[20:58:26] 667.8, 123.4, 5.451
[20:58:27] 667.7, 123.4, 5.450
[20:58:28] 668.1, 123.5, 5.399
[20:58:29] 668.2, 123.4, 5.446
[20:58:30] 668.1, 123.4, 5.532
[20:58:31] 679.0, 123.5, 5.506
[20:58:32] 673.7, 123.5, 5.389
[20:58:33] 667.4, 123.5, 5.387
[20:58:34] 667.1, 123.5, 5.462
[20:58:35] 667.4, 123.5, 5.388
[20:58:36] 667.4, 123.4, 5.407
[20:58:37] 667.2, 123.5, 5.523
[20:58:38] 675.6, 123.4, 5.438
[20:58:39] 667.0, 123.5, 5.397
[20:58:40] 667.2, 123.5, 5.403
[20:58:41] 667.8, 123.5, 5.447
[20:58:42] 667.7, 123.4, 5.393
[20:58:43] 667.8, 123.5, 5.380
[20:58:44] 668.1, 123.4, 5.523
[20:58:45] 680.8, 123.4, 5.536
[20:58:46] 681.0, 123.6, 5.410
[20:58:47] 671.3, 123.6, 5.379
[20:58:48] 670.7, 123.5, 5.424
[20:58:49] 665.2, 123.5, 5.414
[20:58:50] 665.8, 123.6, 5.394
[20:58:51] 666.2, 123.5, 5.427
[20:58:52] 666.2, 123.5, 5.531
[20:58:53] 676.8, 123.6, 5.402
[20:58:54] 666.6, 123.5, 5.390
[20:58:55] 666.8, 123.5, 5.449
[20:58:56] 667.2, 123.6, 5.409
[20:58:57] 666.9, 123.5, 5.387
[20:58:58] 667.1, 123.5, 5.438
[20:58:59] 673.7, 123.5, 5.525
[20:59:00] 674.2, 123.5, 5.420
[20:59:01] 665.6, 123.4, 5.383
[20:59:02] 665.8, 123.5, 5.417
[20:59:03] 671.1, 123.4, 5.446
[20:59:04] 670.5, 123.4, 5.399
[20:59:05] 670.4, 123.5, 5.402
[20:59:06] 670.9, 123.5, 5.393
[20:59:07] 670.6, 123.4, 5.455
[20:59:08] 670.1, 123.4, 5.382
[20:59:09] 669.8, 123.5, 5.381
[20:59:10] 669.6, 123.4, 5.456
[20:59:11] 669.2, 123.5, 5.381
[20:59:12] 669.0, 123.4, 5.513
[20:59:13] 681.9, 123.4, 5.539
[20:59:14] 681.9, 123.4, 5.523
[20:59:15] 681.9, 123.4, 5.553
[20:59:16] 682.2, 123.5, 5.535
[20:59:17] 682.2, 123.4, 5.523
[20:59:18] 682.2, 123.4, 5.494
[20:59:19] 681.9, 123.6, 5.493
[20:59:20] 681.5, 123.5, 5.505
[20:59:21] 681.3, 123.6, 5.519
[20:59:22] 681.0, 123.5, 5.458
[20:59:23] 673.5, 123.6, 5.429
[20:59:24] 673.1, 123.6, 5.426
[20:59:25] 665.4, 123.5, 5.370
[20:59:26] 665.6, 123.6, 5.394
[20:59:27] 670.7, 123.5, 5.432
[20:59:28] 670.1, 123.6, 5.393
[20:59:29] 669.9, 123.5, 5.400
[20:59:30] 670.4, 123.5, 5.387
[20:59:31] 670.1, 123.5, 5.438
[20:59:32] 669.7, 123.5, 5.380
[20:59:33] 669.3, 123.5, 5.385
[20:59:34] 669.1, 123.5, 5.399
[20:59:35] 668.8, 123.5, 5.377
[20:59:36] 668.5, 123.5, 5.522
[20:59:37] 681.9, 123.5, 5.380
[20:59:38] 668.7, 123.6, 5.415
[20:59:39] 668.5, 123.5, 5.391
[20:59:40] 668.4, 123.6, 5.394
[20:59:41] 668.6, 123.5, 5.393
[20:59:42] 668.5, 123.5, 5.387
[20:59:43] 668.2, 123.4, 5.523
[20:59:44] 674.5, 123.6, 5.375
[20:59:45] 667.0, 123.5, 5.376
[20:59:46] 666.7, 123.5, 5.515
[20:59:47] 667.0, 123.5, 5.379
[20:59:48] 667.0, 123.6, 5.378
[20:59:49] 666.8, 123.4, 5.519
[20:59:50] 676.0, 123.5, 5.536
[20:59:51] 682.1, 123.5, 5.519
[20:59:52] 682.1, 123.5, 5.390
[20:59:53] 666.6, 123.5, 5.440
[20:59:54] 666.7, 123.5, 5.385
[20:59:55] 667.1, 123.5, 5.379
[20:59:56] 666.9, 123.5, 5.442
[20:59:57] 666.9, 123.5, 5.370
[20:59:58] 667.0, 123.5, 5.424
[20:59:59] 667.5, 123.5, 5.379
[21:00:00] 667.5, 123.5, 5.434
[21:00:01] 667.1, 123.4, 5.458
[21:00:02] 667.4, 123.5, 5.397
[21:00:03] 667.6, 123.4, 5.401
[21:00:04] 667.4, 123.4, 5.535
[21:00:05] 680.2, 123.5, 5.499
[21:00:06] 674.7, 123.5, 5.386
[21:00:07] 667.4, 123.5, 5.381
[21:00:08] 667.1, 123.4, 5.495
[21:00:09] 667.4, 123.4, 5.382
[21:00:10] 667.4, 123.6, 5.376
[21:00:11] 667.1, 123.4, 5.491
[21:00:12] 673.5, 123.6, 5.367
[21:00:13] 664.8, 123.5, 5.457
[21:00:14] 664.7, 123.6, 5.381
[21:00:15] 665.1, 123.5, 5.376
[21:00:16] 665.3, 123.6, 5.471
[21:00:17] 665.3, 123.5, 5.378
[21:00:18] 665.5, 123.5, 5.505
[21:00:19] 677.6, 123.6, 5.519
[21:00:20] 677.8, 123.5, 5.510
[21:00:21] 677.9, 123.6, 5.524
[21:00:22] 678.5, 123.6, 5.499
[21:00:23] 678.8, 123.5, 5.505
[21:00:24] 678.2, 123.6, 5.381
[21:00:25] 666.4, 123.6, 5.375
[21:00:26] 666.2, 123.6, 5.522
[21:00:27] 666.8, 123.5, 5.389
[21:00:28] 666.9, 123.5, 5.390
[21:00:29] 666.9, 123.6, 5.508
[21:00:30] 676.4, 123.6, 5.375
[21:00:31] 664.8, 123.5, 5.416
[21:00:32] 664.9, 123.5, 5.375
[21:00:33] 665.4, 123.6, 5.373
[21:00:34] 665.3, 123.6, 5.410
[21:00:35] 665.3, 123.6, 5.379
[21:00:36] 665.8, 123.4, 5.524
[21:00:37] 680.4, 123.4, 5.378
[21:00:38] 665.2, 123.5, 5.464
[21:00:39] 665.4, 123.5, 5.396
[21:00:40] 666.0, 123.4, 5.390
[21:00:41] 666.1, 123.4, 5.470
[21:00:42] 666.3, 123.5, 5.386
[21:00:43] 666.6, 123.5, 5.438
[21:00:44] 671.7, 123.4, 5.378
[21:00:45] 671.0, 123.5, 5.414
[21:00:46] 664.2, 123.4, 5.464
[21:00:47] 664.7, 123.4, 5.385
[21:00:48] 665.0, 123.5, 5.403
[21:00:49] 665.0, 123.5, 5.522
[21:00:50] 677.4, 123.4, 5.526
[21:00:51] 683.1, 123.5, 5.519
[21:00:52] 682.7, 123.5, 5.401
[21:00:53] 666.2, 123.4, 5.397
[21:00:54] 666.4, 123.4, 5.384
[21:00:55] 666.8, 123.5, 5.404
[21:00:56] 666.5, 123.5, 5.383
[21:00:57] 666.5, 123.5, 5.378
[21:00:58] 667.1, 123.4, 5.382
[21:00:59] 667.3, 123.4, 5.386
[21:01:00] 667.2, 123.4, 5.388
[21:01:01] 666.9, 123.5, 5.376
[21:01:02] 667.2, 123.5, 5.394
[21:01:03] 667.2, 123.5, 5.401
[21:01:04] 667.0, 123.3, 5.549
[21:01:05] 683.5, 123.4, 5.401
[21:01:06] 671.3, 123.4, 5.382
[21:01:07] 666.0, 123.4, 5.396
[21:01:08] 665.7, 123.4, 5.396
[21:01:09] 666.2, 123.4, 5.380
[21:01:10] 666.2, 123.4, 5.404
[21:01:11] 666.1, 123.3, 5.518
[21:01:12] 674.7, 123.4, 5.386
[21:01:13] 666.4, 123.4, 5.414
[21:01:14] 666.1, 123.4, 5.400
[21:01:15] 666.7, 123.3, 5.478
[21:01:16] 666.7, 123.4, 5.395
[21:01:17] 667.2, 123.4, 5.530
[21:01:18] 681.0, 123.4, 5.528
[21:01:19] 681.0, 123.3, 5.466
[21:01:20] 680.8, 123.3, 5.539
[21:01:21] 681.0, 123.4, 5.520
[21:01:22] 681.0, 123.4, 5.527
[21:01:23] 681.0, 123.4, 5.531
[21:01:24] 681.2, 123.3, 5.540
[21:01:25] 681.2, 123.4, 5.519
[21:01:26] 681.1, 123.3, 5.533
[21:01:27] 681.3, 123.3, 5.510
[21:01:28] 681.3, 123.4, 5.528
[21:01:29] 681.3, 123.4, 5.510
[21:01:30] 681.0, 123.4, 5.485
[21:01:31] 680.7, 123.4, 5.541
[21:01:32] 680.8, 123.5, 5.485
[21:01:33] 680.3, 123.4, 5.459
[21:01:34] 679.8, 123.5, 5.517
[21:01:35] 679.9, 123.4, 5.514
[21:01:36] 679.9, 123.4, 5.505
[21:01:37] 679.8, 123.4, 5.515
[21:01:38] 679.9, 123.5, 5.529
[21:01:39] 680.0, 123.4, 5.490
[21:01:40] 679.7, 123.4, 5.497
[21:01:41] 679.5, 123.5, 5.491
[21:01:42] 679.2, 123.4, 5.488
[21:01:43] 678.9, 123.4, 5.477
[21:01:44] 678.5, 123.4, 5.480
[21:01:45] 678.1, 123.4, 5.480
[21:01:46] 677.8, 123.4, 5.503
[21:01:47] 677.6, 123.3, 5.492
[21:01:48] 677.7, 123.4, 5.543
[21:01:49] 683.5, 123.4, 5.532
[21:01:50] 683.2, 123.4, 5.442
[21:01:51] 671.3, 123.5, 5.444
[21:01:52] 671.3, 123.4, 5.443
[21:01:53] 671.3, 123.5, 5.443
[21:01:54] 671.3, 123.4, 5.432
[21:01:55] 671.2, 123.5, 5.428
[21:01:56] 671.0, 123.5, 5.429
[21:01:57] 670.9, 123.5, 5.426
[21:01:58] 670.7, 123.5, 5.431
[21:01:59] 670.6, 123.4, 5.430
[21:02:00] 670.5, 123.5, 5.431
[21:02:01] 670.5, 123.4, 5.429
[21:02:02] 670.4, 123.4, 5.439
[21:02:03] 670.5, 123.5, 5.442
[21:02:04] 670.6, 123.3, 5.444
[21:02:05] 670.7, 123.5, 5.433
[21:02:06] 670.8, 123.4, 5.427
[21:02:07] 670.6, 123.5, 5.425
[21:02:08] 670.5, 123.3, 5.427
[21:02:09] 670.3, 123.5, 5.424
[21:02:10] 670.2, 123.4, 5.425
[21:02:11] 670.1, 123.4, 5.426
[21:02:12] 670.0, 123.4, 5.426
[21:02:13] 669.9, 123.5, 5.421
[21:02:14] 669.9, 123.5, 5.436
[21:02:15] 670.0, 123.4, 5.434
[21:02:16] 670.1, 123.5, 5.435
[21:02:17] 670.2, 123.4, 5.442
[21:02:18] 670.4, 123.5, 5.441
[21:02:19] 670.3, 123.4, 5.415
[21:02:20] 670.0, 123.5, 5.417
[21:02:21] 669.8, 123.4, 5.404
[21:02:22] 669.6, 123.5, 5.416
[21:02:23] 669.4, 123.4, 5.419
[21:02:24] 669.3, 123.4, 5.420
[21:02:25] 669.2, 123.5, 5.420
[21:02:26] 669.1, 123.4, 5.430
[21:02:27] 669.2, 123.4, 5.435
[21:02:28] 669.3, 123.4, 5.432
[21:02:29] 669.4, 123.5, 5.426
[21:02:30] 669.5, 123.4, 5.414
[21:02:31] 669.3, 123.5, 5.415
[21:02:32] 669.3, 123.3, 5.423
[21:02:33] 669.2, 123.5, 5.419
[21:02:34] 669.1, 123.4, 5.415
[21:02:35] 668.9, 123.5, 5.416
[21:02:36] 668.9, 123.4, 5.419
[21:02:37] 668.8, 123.5, 5.406
[21:02:38] 668.6, 123.4, 5.422
[21:02:39] 668.7, 123.4, 5.422
[21:02:40] 668.7, 123.4, 5.425
[21:02:41] 668.8, 123.4, 5.420
[21:02:42] 668.8, 123.4, 5.412
[21:02:43] 668.7, 123.5, 5.409
[21:02:44] 668.6, 123.4, 5.408
[21:02:45] 668.4, 123.3, 5.412
[21:02:46] 668.4, 123.5, 5.412
[21:02:47] 668.2, 123.5, 5.408
[21:02:48] 667.9, 123.5, 5.305
[21:02:49] 653.8, 123.4, 5.231
[21:02:50] 645.7, 123.5, 5.242
[21:02:51] 645.7, 123.5, 5.239
[21:02:52] 645.7, 123.4, 5.240
[21:02:53] 716.6, 122.9, 7.290
[21:02:54] 799.8, 123.5, 5.233
[21:02:55] 645.1, 123.4, 5.228
[21:02:56] 645.0, 123.4, 5.225
[21:02:57] 644.9, 123.5, 5.224
[21:02:58] 644.8, 122.9, 7.395
[21:02:59] 835.3, 123.0, 7.542
[21:03:00] 857.1, 123.4, 5.251
[21:03:01] 646.5, 123.4, 5.247
[21:03:02] 646.4, 123.5, 5.256
[21:03:03] 646.4, 123.5, 5.257
[21:03:04] 646.5, 123.2, 5.789
[21:03:05] 793.2, 122.8, 7.673
[21:03:06] 943.1, 122.8, 7.663
[21:03:07] 928.6, 123.4, 5.251
[21:03:08] 662.6, 123.4, 5.236
[21:03:09] 645.5, 123.4, 5.223
[21:03:10] 645.3, 123.5, 5.233
[21:03:11] 645.3, 123.4, 5.232
[21:03:12] 703.6, 122.8, 7.664
[21:03:13] 942.0, 122.9, 7.662
[21:03:14] 942.0, 122.9, 7.690
[21:03:15] 942.5, 122.8, 7.690
[21:03:16] 943.0, 122.9, 7.358
[21:03:17] 818.0, 123.4, 5.260
[21:03:18] 648.7, 123.3, 5.246
[21:03:19] 648.4, 123.4, 5.238
[21:03:20] 648.0, 123.4, 5.236
[21:03:21] 647.7, 122.8, 7.280
[21:03:22] 827.0, 122.8, 7.678
[21:03:23] 943.3, 122.8, 7.682
[21:03:24] 943.4, 122.8, 7.692
[21:03:25] 943.6, 122.7, 7.688
[21:03:26] 943.9, 122.8, 7.714
[21:03:27] 944.4, 122.8, 7.720
[21:03:28] 944.9, 122.7, 7.721
[21:03:29] 945.4, 122.9, 7.718
[21:03:30] 945.8, 122.7, 7.710
[21:03:31] 872.3, 123.4, 5.259
[21:03:32] 648.3, 123.5, 5.247
[21:03:33] 648.1, 123.4, 5.242
[21:03:34] 647.9, 123.4, 5.240
[21:03:35] 647.7, 123.3, 5.245
[21:03:36] 782.1, 122.8, 7.681
[21:03:37] 944.1, 122.8, 7.699
[21:03:38] 944.2, 122.7, 7.713
[21:03:39] 944.6, 122.8, 7.724
[21:03:40] 945.2, 122.7, 7.723
[21:03:41] 945.6, 122.8, 7.728
[21:03:42] 946.1, 122.7, 7.718
[21:03:43] 946.4, 122.8, 7.724
[21:03:44] 946.7, 122.8, 7.717
[21:03:45] 947.0, 122.8, 7.724
[21:03:46] 947.2, 122.8, 7.713
[21:03:47] 947.4, 122.9, 7.724
[21:03:48] 947.6, 122.8, 7.720
[21:03:49] 947.8, 122.9, 7.724
[21:03:50] 947.9, 122.8, 7.733
[21:03:51] 948.2, 122.9, 7.740
[21:03:52] 948.6, 122.8, 7.732
[21:03:53] 948.8, 122.9, 7.741
[21:03:54] 930.5, 123.4, 5.267
[21:03:55] 650.2, 123.5, 5.252
[21:03:56] 649.9, 123.5, 5.250
[21:03:57] 649.7, 123.4, 5.242
