<<<[17:47:33] 643.5, 122.4, 5.255
[17:47:34] 643.4, 122.4, 5.252
[17:47:35] 643.3, 122.6, 5.248
[17:47:36] 643.3, 122.5, 5.492
[17:47:37] 669.3, 122.6, 5.418
[17:47:38] 668.7, 122.5, 5.462
[17:47:39] 668.4, 122.5, 5.396
[17:47:40] 668.1, 122.7, 5.436
[17:47:41] 667.8, 122.6, 5.456
[17:47:42] 667.6, 122.7, 5.423
[17:47:43] 667.4, 122.7, 5.405
[17:47:44] 667.3, 122.7, 5.441
[17:47:45] 667.2, 122.7, 5.458
[17:47:46] 667.1, 122.7, 5.395
[17:47:47] 667.0, 122.7, 5.463
[17:47:48] 666.6, 122.8, 5.413
[17:47:49] 666.5, 122.7, 5.401
[17:47:50] 666.7, 122.7, 5.404
[17:47:51] 666.4, 122.6, 5.518
[17:47:52] 666.2, 122.7, 5.416
[17:47:53] 666.2, 122.7, 5.535
[17:47:54] 672.9, 122.7, 5.427
[17:47:55] 663.4, 122.6, 5.410
[17:47:56] 663.5, 122.7, 5.405
[17:47:57] 663.6, 122.8, 5.395
[17:47:58] 664.0, 122.7, 5.411
[17:47:59] 664.3, 122.6, 5.401
[17:48:00] 664.1, 122.6, 5.397
[17:48:01] 670.1, 122.6, 5.503
[17:48:02] 670.5, 122.6, 5.432
[17:48:03] 665.0, 122.6, 5.407
[17:48:04] 664.7, 122.7, 5.316
[17:48:05] 651.6, 122.6, 5.249
[17:48:06] 642.6, 122.6, 5.252
[17:48:07] 642.6, 122.7, 5.250
[17:48:08] 642.5, 122.6, 5.247
[17:48:09] 642.5, 122.3, 6.421
[17:48:10] 739.0, 122.7, 5.247
[17:48:11] 642.2, 122.6, 5.248
[17:48:12] 642.1, 122.7, 5.248
[17:48:13] 642.1, 122.6, 5.228
[17:48:14] 642.1, 122.4, 6.216
[17:48:15] 735.5, 122.7, 5.248
[17:48:16] 642.4, 122.7, 5.245
[17:48:17] 642.4, 122.7, 5.243
[17:48:18] 642.3, 122.7, 5.252
[17:48:19] 642.3, 122.5, 5.347
[17:48:20] 730.4, 122.7, 5.248
[17:48:21] 642.6, 122.6, 5.245
[17:48:22] 642.5, 122.6, 5.246
[17:48:23] 642.4, 122.7, 5.250
[17:48:24] 642.4, 122.6, 5.247
[17:48:25] 750.0, 122.6, 5.258
[17:48:26] 660.1, 122.6, 5.249
[17:48:27] 642.2, 122.6, 5.247
[17:48:28] 642.2, 122.7, 5.246
[17:48:29] 642.2, 122.6, 5.222
[17:48:30] 726.0, 122.6, 5.363
[17:48:31] 711.1, 122.7, 5.245
[17:48:32] 642.2, 122.7, 5.245
[17:48:33] 642.1, 122.6, 5.245
[17:48:34] 642.2, 122.6, 5.243
[17:48:35] 642.1, 122.0, 7.929
[17:48:36] 898.9, 122.7, 5.253
[17:48:37] 643.0, 122.7, 5.246
[17:48:38] 642.9, 122.7, 5.244
[17:48:39] 642.8, 122.8, 5.240
[17:48:40] 642.7, 122.7, 5.243
[17:48:41] 786.1, 122.0, 7.940
[17:48:42] 912.2, 122.8, 5.256
[17:48:43] 643.4, 122.7, 5.250
[17:48:44] 643.3, 122.8, 5.247
[17:48:45] 643.2, 122.8, 5.224
[17:48:46] 643.0, 122.7, 5.241
[17:48:47] 760.3, 122.1, 7.937
[17:48:48] 970.5, 122.1, 7.951
[17:48:49] 954.0, 122.8, 5.267
[17:48:50] 666.8, 122.8, 5.251
[17:48:51] 643.6, 122.8, 5.251
[17:48:52] 643.5, 122.7, 5.245
[17:48:53] 643.4, 122.7, 5.250
[17:48:54] 713.2, 122.1, 7.937
[17:48:55] 970.5, 122.0, 7.943
[17:48:56] 970.5, 122.1, 7.955
[17:48:57] 970.7, 122.0, 7.966
[17:48:58] 971.0, 122.6, 5.423
[17:48:59] 724.7, 122.7, 5.264
[17:49:00] 643.9, 122.6, 5.262
[17:49:01] 643.9, 122.6, 5.238
[17:49:02] 643.7, 122.7, 5.259
[17:49:03] 643.7, 121.9, 7.944
[17:49:04] 945.1, 122.0, 7.951
[17:49:05] 971.3, 122.0, 7.965
[17:49:06] 971.5, 121.9, 7.984
[17:49:07] 971.8, 122.0, 7.983
[17:49:08] 972.3, 122.0, 7.990
[17:49:09] 972.7, 121.9, 7.991
[17:49:10] 973.1, 122.0, 7.991
[17:49:11] 973.5, 122.0, 7.994
[17:49:12] 921.5, 122.6, 5.281
[17:49:13] 645.9, 122.7, 5.271
[17:49:14] 645.7, 122.7, 5.264
[17:49:15] 645.5, 122.6, 5.260
[17:49:16] 645.3, 122.8, 5.258
[17:49:17] 768.3, 122.1, 7.957
[17:49:18] 972.5, 122.0, 7.972
[17:49:19] 972.7, 122.1, 7.982
[17:49:20] 973.1, 122.0, 7.983
[17:49:21] 973.4, 122.0, 7.992
[17:49:22] 973.8, 122.0, 7.994
[17:49:23] 974.2, 122.0, 8.006
[17:49:24] 974.6, 122.0, 7.997
[17:49:25] 975.0, 122.0, 8.005
[17:49:26] 975.1, 122.0, 7.909
[17:49:27] 967.2, 121.9, 7.953
[17:49:28] 967.6, 122.0, 7.953
[17:49:29] 968.1, 122.1, 7.939
[17:49:30] 968.3, 122.1, 7.933
[17:49:31] 968.4, 122.0, 7.913
[17:49:32] 968.3, 122.0, 7.909
[17:49:33] 968.2, 122.1, 7.916
[17:49:34] 855.4, 122.6, 5.192
[17:49:35] 635.3, 122.7, 5.184
[17:49:36] 635.1, 122.8, 5.179
[17:49:37] 634.9, 122.8, 5.169
