<<<[02:08:29] 655.1, 125.1, 5.146
[02:08:30] 647.9, 125.1, 5.142
[02:08:31] 647.4, 125.1, 5.165
[02:08:33] 648.1, 125.1, 5.053
[02:08:34] 634.1, 125.1, 5.092
[02:08:35] 634.6, 125.1, 5.084
[02:08:36] 635.0, 125.2, 5.082
[02:08:37] 635.3, 125.1, 6.000
[02:08:38] 730.0, 125.2, 5.044
[02:08:39] 631.2, 125.1, 5.050
[02:08:40] 631.2, 125.1, 5.043
[02:08:41] 631.2, 125.1, 5.041
[02:08:42] 631.2, 125.1, 6.054
[02:08:43] 722.7, 125.2, 5.045
[02:08:44] 631.7, 125.1, 5.042
[02:08:45] 631.6, 125.2, 5.046
[02:08:46] 631.6, 125.2, 5.042
[02:08:47] 631.5, 125.1, 6.124
[02:08:48] 722.9, 125.2, 5.043
[02:08:49] 631.5, 125.2, 5.043
[02:08:50] 631.5, 125.1, 5.039
[02:08:51] 631.4, 125.2, 5.041
[02:08:52] 631.4, 125.0, 6.207
[02:08:53] 722.7, 125.1, 5.045
[02:08:54] 632.1, 125.1, 5.043
[02:08:55] 631.9, 125.2, 5.040
[02:08:56] 631.8, 125.2, 5.041
[02:08:57] 631.8, 125.0, 6.282
[02:08:58] 722.3, 125.2, 5.042
[02:08:59] 631.0, 125.2, 5.042
[02:09:00] 631.0, 125.2, 5.041
[02:09:01] 631.1, 125.2, 5.044
[02:09:02] 631.1, 124.9, 6.349
[02:09:03] 720.9, 125.2, 5.042
[02:09:04] 631.3, 125.1, 5.042
[02:09:05] 631.3, 125.2, 5.040
[02:09:06] 631.3, 125.2, 5.040
[02:09:07] 631.4, 125.0, 6.415
[02:09:08] 719.9, 125.1, 5.040
[02:09:09] 631.5, 125.2, 5.045
[02:09:10] 631.5, 125.2, 5.041
[02:09:11] 631.4, 125.2, 5.038
[02:09:12] 631.4, 124.9, 6.473
[02:09:13] 717.4, 125.2, 5.041
[02:09:14] 631.7, 125.1, 5.041
[02:09:15] 631.5, 125.2, 5.039
[02:09:16] 631.5, 125.2, 5.037
[02:09:17] 631.4, 125.0, 6.546
[02:09:18] 714.2, 125.1, 5.043
[02:09:19] 631.0, 125.2, 5.037
[02:09:20] 631.0, 125.1, 5.037
[02:09:21] 631.0, 125.1, 5.042
[02:09:22] 631.0, 124.8, 7.000
[02:09:23] 754.6, 125.2, 5.040
[02:09:24] 631.3, 125.1, 5.044
[02:09:25] 631.3, 125.2, 5.038
[02:09:26] 631.3, 125.2, 5.036
[02:09:27] 631.2, 124.7, 7.177
[02:09:28] 738.6, 125.1, 5.040
[02:09:29] 631.3, 125.2, 5.038
[02:09:30] 631.3, 125.1, 5.039
[02:09:31] 631.2, 125.2, 5.037
[02:09:32] 631.1, 124.8, 6.064
[02:09:33] 777.2, 125.2, 5.054
[02:09:34] 658.9, 125.1, 5.045
[02:09:35] 631.2, 125.2, 5.037
[02:09:36] 631.2, 125.2, 5.036
[02:09:37] 631.1, 125.2, 5.035
[02:09:38] 683.5, 124.6, 7.405
[02:09:39] 837.2, 125.2, 5.043
[02:09:40] 631.7, 125.2, 5.040
[02:09:41] 631.6, 125.2, 5.037
[02:09:42] 631.6, 125.2, 5.041
[02:09:43] 631.5, 124.8, 5.520
[02:09:44] 780.0, 124.6, 7.510
[02:09:45] 928.6, 125.1, 5.067
[02:09:46] 663.4, 125.2, 5.048
[02:09:47] 631.9, 125.2, 5.045
[02:09:48] 631.8, 125.1, 5.044
[02:09:49] 631.8, 125.2, 5.040
[02:09:50] 671.3, 124.5, 7.503
[02:09:51] 936.1, 124.6, 7.535
[02:09:52] 936.4, 124.6, 7.540
[02:09:53] 898.9, 125.1, 5.059
[02:09:54] 634.1, 125.2, 5.053
[02:09:55] 633.8, 125.1, 5.049
[02:09:56] 633.6, 125.2, 5.047
[02:09:57] 633.5, 125.2, 5.047
[02:09:58] 760.5, 124.5, 7.517
[02:09:59] 938.0, 124.5, 7.541
[02:10:00] 938.3, 124.5, 7.549
[02:10:01] 938.6, 124.6, 7.551
[02:10:02] 939.0, 124.5, 7.563
[02:10:03] 939.3, 125.1, 5.331
[02:10:04] 719.7, 125.1, 5.065
[02:10:05] 634.3, 125.2, 5.060
[02:10:06] 634.2, 125.1, 5.057
[02:10:07] 634.0, 125.2, 5.047
[02:10:08] 634.3, 124.5, 7.518
[02:10:09] 938.6, 124.6, 7.542
[02:10:10] 938.8, 124.6, 7.548
[02:10:11] 939.1, 124.6, 7.560
[02:10:12] 939.6, 124.6, 7.562
[02:10:13] 940.1, 124.6, 7.571
[02:10:14] 940.6, 124.5, 7.572
[02:10:15] 941.1, 124.6, 7.576
[02:10:16] 941.6, 124.5, 7.581
[02:10:17] 942.0, 124.6, 7.572
[02:10:18] 942.3, 124.6, 7.587
[02:10:19] 882.5, 125.2, 5.083
[02:10:20] 636.7, 125.2, 5.070
[02:10:21] 636.4, 125.2, 5.060
[02:10:22] 636.1, 125.3, 5.057
[02:10:23] 635.8, 125.2, 5.053
