<<<[06:53:31] 647.9, 124.8, 5.172
[06:53:32] 647.8, 124.9, 5.177
[06:53:33] 647.7, 124.8, 5.169
[06:53:34] 647.8, 124.9, 5.316
[06:53:35] 664.8, 124.9, 5.187
[06:53:36] 651.4, 124.9, 5.176
[06:53:37] 650.9, 124.8, 5.179
[06:53:38] 650.4, 124.9, 5.178
[06:53:39] 650.0, 124.9, 5.172
[06:53:40] 649.6, 124.7, 6.310
[06:53:41] 742.8, 125.0, 5.169
[06:53:42] 645.9, 124.9, 5.167
[06:53:43] 645.9, 124.9, 5.172
[06:53:44] 645.8, 125.0, 5.164
[06:53:45] 645.8, 124.8, 6.373
[06:53:46] 740.8, 124.8, 5.167
[06:53:47] 645.7, 125.0, 5.167
[06:53:48] 645.6, 125.0, 5.174
[06:53:49] 645.6, 124.9, 5.163
[06:53:50] 645.5, 124.7, 6.446
[06:53:51] 740.4, 124.9, 5.176
[06:53:52] 645.7, 124.9, 5.165
[06:53:53] 645.6, 124.9, 5.169
[06:53:54] 645.6, 124.9, 5.165
[06:53:55] 645.6, 124.7, 6.526
[06:53:56] 739.8, 124.8, 5.170
[06:53:57] 645.5, 124.9, 5.168
[06:53:58] 645.5, 124.9, 5.174
[06:53:59] 645.5, 124.8, 5.172
[06:54:00] 645.5, 124.7, 6.592
[06:54:01] 739.2, 124.8, 5.167
[06:54:02] 645.5, 124.9, 5.170
[06:54:03] 645.4, 125.0, 5.167
[06:54:04] 645.4, 124.9, 5.168
[06:54:05] 645.4, 124.7, 6.665
[06:54:06] 738.6, 124.9, 5.171
[06:54:07] 645.1, 124.9, 5.171
[06:54:08] 645.1, 124.9, 5.164
[06:54:09] 645.1, 124.9, 5.164
[06:54:10] 645.1, 124.7, 6.739
[06:54:11] 737.2, 124.8, 5.170
[06:54:12] 645.3, 124.9, 5.167
[06:54:13] 645.2, 124.9, 5.161
[06:54:14] 645.2, 124.9, 5.167
[06:54:15] 645.2, 124.6, 6.806
[06:54:16] 735.5, 124.9, 5.166
[06:54:17] 645.1, 124.9, 5.167
[06:54:18] 645.0, 124.9, 5.158
[06:54:19] 645.0, 124.9, 5.161
[06:54:20] 645.0, 124.7, 6.885
[06:54:21] 732.1, 124.9, 5.156
[06:54:22] 644.5, 125.0, 5.161
[06:54:23] 644.5, 125.0, 5.163
[06:54:24] 644.5, 124.9, 5.161
[06:54:25] 644.5, 124.7, 6.958
[06:54:26] 725.8, 124.9, 5.165
[06:54:27] 644.9, 125.0, 5.167
[06:54:28] 645.0, 124.9, 5.159
[06:54:29] 644.9, 124.9, 5.161
[06:54:30] 644.8, 124.4, 7.238
[06:54:31] 762.2, 124.9, 5.169
[06:54:32] 645.3, 125.0, 5.162
[06:54:33] 645.2, 124.9, 5.163
[06:54:34] 645.2, 124.9, 5.170
[06:54:35] 645.1, 124.5, 6.905
[06:54:36] 803.4, 124.9, 5.180
[06:54:37] 677.0, 124.9, 5.161
[06:54:38] 644.5, 125.0, 5.159
[06:54:39] 644.5, 124.9, 5.165
[06:54:40] 644.6, 124.9, 5.160
[06:54:41] 727.0, 124.5, 7.173
[06:54:42] 799.1, 124.9, 5.174
[06:54:43] 644.9, 124.9, 5.162
[06:54:44] 644.9, 124.9, 5.166
[06:54:45] 644.9, 124.9, 5.164
[06:54:46] 644.9, 124.3, 7.542
[06:54:47] 857.7, 124.3, 7.557
[06:54:48] 863.2, 125.0, 5.170
[06:54:49] 645.9, 124.8, 5.166
[06:54:50] 645.8, 124.9, 5.172
[06:54:51] 645.7, 124.9, 5.162
[06:54:52] 645.6, 124.6, 6.049
[06:54:53] 805.0, 124.2, 7.739
[06:54:54] 963.0, 124.2, 7.754
[06:54:55] 952.2, 125.0, 5.209
[06:54:56] 684.1, 125.0, 5.171
[06:54:57] 646.3, 124.9, 5.171
[06:54:58] 646.2, 124.9, 5.174
[06:54:59] 646.1, 125.0, 5.165
[06:55:00] 700.4, 124.3, 7.737
[06:55:01] 962.6, 124.2, 7.762
[06:55:02] 962.9, 124.2, 7.772
[06:55:03] 963.4, 124.3, 7.785
[06:55:04] 964.0, 124.4, 7.572
[06:55:05] 872.3, 124.9, 5.196
[06:55:06] 648.3, 124.9, 5.185
[06:55:07] 648.1, 125.0, 5.173
[06:55:08] 647.9, 124.9, 5.176
[06:55:09] 647.6, 124.5, 6.183
[06:55:10] 807.9, 124.3, 7.755
[06:55:11] 965.4, 124.3, 7.788
[06:55:12] 965.7, 124.2, 7.780
[06:55:13] 966.0, 124.2, 7.791
[06:55:14] 966.4, 124.3, 7.795
[06:55:15] 966.8, 124.3, 7.805
[06:55:16] 967.3, 124.3, 7.802
[06:55:17] 967.8, 124.2, 7.810
[06:55:18] 968.2, 124.3, 7.810
[06:55:19] 956.3, 124.9, 5.239
[06:55:20] 693.9, 124.8, 5.198
[06:55:21] 648.5, 125.0, 5.188
[06:55:22] 648.4, 124.9, 5.187
[06:55:23] 648.2, 124.9, 5.188
[06:55:24] 713.6, 124.3, 7.760
[06:55:25] 966.2, 124.3, 7.781
[06:55:26] 966.3, 124.2, 7.787
[06:55:27] 966.7, 124.3, 7.797
[06:55:28] 967.2, 124.3, 7.807
[06:55:29] 967.7, 124.2, 7.801
[06:55:30] 968.1, 124.3, 7.811
[06:55:31] 968.5, 124.2, 7.816
[06:55:32] 969.0, 124.2, 7.814
[06:55:33] 969.4, 124.2, 7.822
[06:55:34] 969.9, 124.3, 7.813
[06:55:35] 970.2, 124.2, 7.815
[06:55:36] 970.5, 124.3, 7.823
[06:55:37] 970.8, 124.2, 7.822
[06:55:38] 971.2, 124.3, 7.826
[06:55:39] 971.5, 124.3, 7.833
[06:55:40] 971.8, 124.2, 7.829
[06:55:41] 972.1, 124.3, 7.840
[06:55:42] 972.4, 124.9, 5.811
[06:55:43] 775.8, 124.9, 5.215
[06:55:44] 651.2, 124.9, 5.203
[06:55:45] 651.0, 125.0, 5.194
[06:55:46] 650.8, 124.9, 5.194
<<<[06:57:55] 651.2, 124.9, 5.177
[06:57:56] 650.7, 124.9, 5.181
[06:57:57] 650.3, 124.9, 5.337
[06:57:58] 661.1, 124.8, 5.320
[06:57:59] 660.5, 124.8, 5.191
[06:58:00] 647.5, 124.8, 5.182
[06:58:01] 647.5, 124.9, 5.182
[06:58:02] 647.5, 124.9, 5.187
[06:58:03] 647.4, 124.8, 5.179
[06:58:04] 743.0, 124.8, 5.186
[06:58:05] 647.3, 124.9, 5.177
[06:58:06] 647.2, 124.9, 5.172
[06:58:07] 647.1, 124.8, 5.207
[06:58:08] 647.2, 124.8, 5.201
[06:58:09] 743.2, 124.9, 5.181
[06:58:10] 647.1, 124.8, 5.181
[06:58:11] 647.0, 124.8, 5.172
[06:58:12] 647.0, 124.9, 5.177
[06:58:13] 646.9, 124.9, 5.171
[06:58:14] 741.4, 124.8, 5.178
[06:58:15] 646.7, 124.8, 5.182
[06:58:16] 646.6, 124.9, 5.172
[06:58:17] 646.6, 124.8, 5.174
[06:58:18] 646.6, 124.8, 5.180
[06:58:19] 740.4, 124.8, 5.174
[06:58:20] 646.7, 124.8, 5.179
[06:58:21] 646.7, 124.8, 5.171
[06:58:22] 646.7, 124.9, 5.172
[06:58:23] 646.6, 124.8, 5.174
[06:58:24] 739.4, 124.8, 5.174
[06:58:25] 646.5, 124.9, 5.176
[06:58:26] 646.5, 124.9, 5.177
[06:58:27] 646.5, 124.9, 5.167
[06:58:28] 646.4, 124.9, 5.174
[06:58:29] 738.2, 124.9, 5.172
[06:58:30] 646.1, 124.8, 5.171
[06:58:31] 646.1, 124.8, 5.174
[06:58:32] 646.1, 124.9, 5.171
[06:58:33] 646.1, 124.8, 5.167
[06:58:34] 737.1, 124.8, 5.178
[06:58:35] 645.9, 124.9, 5.171
[06:58:36] 645.9, 124.9, 5.168
[06:58:37] 645.9, 124.8, 5.168
[06:58:38] 645.9, 124.9, 5.176
[06:58:39] 734.9, 124.9, 5.174
[06:58:40] 645.9, 124.8, 5.168
[06:58:41] 645.9, 124.9, 5.171
[06:58:42] 645.9, 124.9, 5.173
[06:58:43] 645.9, 124.8, 5.168
[06:58:44] 731.5, 124.9, 5.171
[06:58:45] 645.7, 125.0, 5.167
[06:58:46] 645.7, 124.9, 5.172
[06:58:47] 645.8, 124.9, 5.171
[06:58:48] 645.8, 124.8, 5.165
[06:58:49] 724.5, 124.9, 5.176
[06:58:50] 645.5, 124.9, 5.175
[06:58:51] 645.6, 124.8, 5.169
[06:58:52] 645.6, 124.8, 5.169
[06:58:53] 645.7, 124.9, 5.166
[06:58:54] 711.9, 124.9, 5.210
[06:58:55] 694.1, 124.8, 5.169
[06:58:56] 645.9, 124.9, 5.173
[06:58:57] 645.9, 124.9, 5.167
[06:58:58] 645.9, 124.8, 5.173
[06:58:59] 669.9, 124.3, 7.171
[06:59:00] 809.5, 124.9, 5.171
[06:59:01] 646.9, 124.9, 5.173
[06:59:02] 646.7, 124.8, 5.169
[06:59:03] 646.6, 124.8, 5.169
[06:59:04] 646.5, 124.3, 7.696
[06:59:05] 878.8, 124.8, 5.176
[06:59:06] 648.5, 124.8, 5.175
[06:59:07] 648.2, 124.9, 5.171
[06:59:08] 647.9, 124.9, 5.171
[06:59:09] 647.7, 124.8, 5.172
[06:59:10] 706.7, 124.2, 7.749
[06:59:11] 962.4, 124.9, 5.229
[06:59:12] 699.8, 124.8, 5.175
[06:59:13] 646.9, 124.9, 5.165
[06:59:14] 646.8, 125.0, 5.180
[06:59:15] 646.7, 124.9, 5.168
[06:59:16] 654.6, 124.2, 7.740
[06:59:17] 964.6, 124.2, 7.780
[06:59:18] 964.9, 124.4, 7.228
[06:59:19] 823.3, 124.9, 5.188
[06:59:20] 648.3, 124.9, 5.203
[06:59:21] 648.3, 124.8, 5.198
[06:59:22] 648.5, 124.8, 5.206
[06:59:23] 648.4, 124.2, 7.610
[06:59:24] 868.1, 124.3, 7.771
[06:59:25] 966.8, 124.1, 7.794
[06:59:26] 966.9, 124.2, 7.791
[06:59:27] 967.2, 124.3, 7.802
[06:59:28] 967.1, 124.9, 5.258
[06:59:29] 706.7, 124.9, 5.188
[06:59:30] 649.1, 124.9, 5.191
[06:59:31] 648.9, 124.9, 5.180
[06:59:32] 648.8, 124.8, 5.178
[06:59:33] 663.4, 124.2, 7.772
[06:59:34] 965.6, 124.3, 7.769
[06:59:35] 965.8, 124.3, 7.797
[06:59:36] 966.3, 124.2, 7.805
[06:59:37] 966.9, 124.2, 7.805
[06:59:38] 967.4, 124.2, 7.820
[06:59:39] 968.0, 124.3, 7.816
[06:59:40] 968.5, 124.2, 7.825
[06:59:41] 969.1, 124.3, 7.830
[06:59:42] 969.7, 124.8, 6.062
[06:59:43] 778.0, 124.8, 5.211
[06:59:44] 650.6, 124.8, 5.206
[06:59:45] 650.5, 124.9, 5.191
[06:59:46] 650.3, 124.8, 5.190
[06:59:47] 650.0, 124.3, 7.711
[06:59:48] 891.4, 124.2, 7.787
[06:59:49] 968.9, 124.2, 7.802
[06:59:50] 969.0, 124.3, 7.812
[06:59:51] 969.4, 124.2, 7.809
[06:59:52] 969.7, 124.2, 7.826
[06:59:53] 970.2, 124.2, 7.835
[06:59:54] 970.7, 124.2, 7.823
[06:59:55] 971.1, 124.2, 7.821
[06:59:56] 971.4, 124.1, 7.832
[06:59:57] 971.7, 124.1, 7.838
[06:59:58] 972.0, 124.3, 7.839
[06:59:59] 972.4, 124.2, 7.832
[07:00:00] 972.7, 124.2, 7.839
[07:00:01] 973.0, 124.2, 7.842
[07:00:02] 973.3, 124.2, 7.840
[07:00:03] 973.6, 124.1, 7.847
[07:00:04] 973.8, 124.2, 7.843
[07:00:05] 974.1, 124.2, 7.847
[07:00:06] 909.3, 124.8, 5.226
[07:00:07] 653.0, 124.8, 5.211
[07:00:08] 652.8, 124.9, 5.211
[07:00:09] 652.5, 124.8, 5.198
