<<<[18:44:01] 653.3, 123.8, 5.207
[18:44:02] 647.7, 123.8, 5.196
[18:44:03] 647.0, 123.6, 5.219
[18:44:04] 654.8, 123.7, 5.358
[18:44:05] 665.6, 123.7, 5.353
[18:44:06] 665.5, 123.7, 5.363
[18:44:07] 665.4, 123.6, 5.469
[18:44:08] 665.5, 123.6, 5.377
[18:44:09] 665.5, 123.7, 5.330
[18:44:10] 657.1, 123.7, 5.207
[18:44:11] 643.9, 123.7, 5.207
[18:44:12] 643.9, 123.7, 5.205
[18:44:13] 643.9, 123.6, 5.203
[18:44:14] 643.8, 123.4, 6.156
[18:44:15] 738.8, 123.7, 5.199
[18:44:16] 643.6, 123.8, 5.199
[18:44:17] 643.5, 123.7, 5.193
[18:44:18] 643.4, 123.8, 5.192
[18:44:19] 643.3, 123.4, 5.674
[18:44:20] 733.5, 123.7, 5.201
[18:44:21] 643.6, 123.8, 5.196
[18:44:22] 643.5, 123.8, 5.194
[18:44:23] 643.4, 123.8, 5.195
[18:44:24] 643.4, 123.5, 5.479
[18:44:25] 733.3, 123.7, 5.197
[18:44:26] 643.2, 123.7, 5.195
[18:44:27] 643.1, 123.8, 5.196
[18:44:28] 643.1, 123.7, 5.198
[18:44:29] 643.1, 123.6, 5.298
[18:44:30] 731.7, 123.7, 5.198
[18:44:31] 642.6, 123.7, 5.202
[18:44:32] 642.6, 123.7, 5.196
[18:44:33] 642.7, 123.6, 5.198
[18:44:34] 642.7, 123.7, 5.197
[18:44:35] 730.6, 123.7, 5.199
[18:44:36] 643.0, 123.7, 5.197
[18:44:37] 642.9, 123.7, 5.196
[18:44:38] 642.9, 123.7, 5.196
[18:44:39] 642.9, 123.7, 5.196
[18:44:40] 728.8, 123.7, 5.203
[18:44:41] 643.0, 123.5, 5.204
[18:44:42] 643.0, 123.5, 5.197
[18:44:43] 642.9, 123.6, 5.201
[18:44:44] 642.8, 123.7, 5.190
[18:44:45] 724.5, 123.6, 5.198
[18:44:46] 642.4, 123.7, 5.195
[18:44:47] 642.4, 123.8, 5.192
[18:44:48] 642.4, 123.7, 5.193
[18:44:49] 642.4, 123.7, 5.197
[18:44:50] 734.5, 123.7, 5.212
[18:44:51] 673.3, 123.7, 5.200
[18:44:52] 643.4, 123.7, 5.194
[18:44:53] 643.3, 123.7, 5.195
[18:44:54] 643.2, 123.6, 5.195
[18:44:55] 716.8, 123.7, 5.216
[18:44:56] 675.6, 123.7, 5.198
[18:44:57] 642.8, 123.7, 5.201
[18:44:58] 642.8, 123.6, 5.197
[18:44:59] 642.7, 123.6, 5.199
[18:45:00] 666.0, 123.1, 7.220
[18:45:01] 792.8, 123.5, 5.208
[18:45:02] 643.4, 123.5, 5.201
[18:45:03] 643.3, 123.6, 5.199
[18:45:04] 643.2, 123.6, 5.197
[18:45:05] 643.1, 123.0, 7.639
[18:45:06] 864.4, 123.6, 5.492
[18:45:07] 729.2, 123.5, 5.207
[18:45:08] 643.4, 123.6, 5.200
[18:45:09] 643.3, 123.6, 5.204
[18:45:10] 643.3, 123.6, 5.200
[18:45:11] 643.7, 123.0, 7.737
[18:45:12] 954.2, 123.1, 7.311
[18:45:13] 855.7, 123.7, 5.213
[18:45:14] 644.3, 123.7, 5.203
[18:45:15] 644.1, 123.7, 5.203
[18:45:16] 644.1, 123.6, 5.200
[18:45:17] 643.9, 123.1, 7.364
[18:45:18] 834.7, 123.2, 7.744
[18:45:19] 955.1, 123.1, 7.769
[18:45:20] 955.4, 123.7, 5.579
[18:45:21] 747.1, 123.7, 5.211
[18:45:22] 645.3, 123.8, 5.203
[18:45:23] 645.0, 123.8, 5.200
[18:45:24] 644.9, 123.8, 5.197
[18:45:25] 644.7, 123.1, 7.707
[18:45:26] 901.2, 123.1, 7.758
[18:45:27] 956.7, 123.2, 7.774
[18:45:28] 956.9, 123.2, 7.784
[18:45:29] 957.3, 123.2, 7.783
[18:45:30] 957.6, 123.2, 7.793
[18:45:31] 938.8, 123.8, 5.229
[18:45:32] 646.5, 123.6, 5.223
[18:45:33] 646.4, 123.7, 5.212
[18:45:34] 646.2, 123.7, 5.206
[18:45:35] 645.9, 123.7, 5.208
[18:45:36] 725.4, 123.1, 7.759
[18:45:37] 955.9, 123.1, 7.778
[18:45:38] 956.2, 123.0, 7.784
[18:45:39] 956.6, 123.0, 7.798
[18:45:40] 957.1, 123.1, 7.799
[18:45:41] 957.6, 123.1, 7.814
[18:45:42] 958.2, 123.1, 7.814
[18:45:43] 958.7, 123.1, 7.820
[18:45:44] 959.2, 123.1, 7.822
[18:45:45] 959.7, 123.0, 7.827
[18:45:46] 960.3, 123.1, 7.825
[18:45:47] 921.1, 123.7, 5.242
[18:45:48] 648.7, 123.7, 5.233
[18:45:49] 648.4, 123.7, 5.219
[18:45:50] 648.0, 123.7, 5.215
[18:45:51] 647.6, 123.6, 5.217
<<<[18:46:07] 643.0, 123.7, 5.197
[18:46:08] 643.0, 123.7, 5.193
[18:46:09] 643.0, 123.7, 5.366
[18:46:10] 658.3, 123.7, 5.356
[18:46:11] 658.7, 123.7, 5.316
[18:46:12] 658.8, 123.6, 5.353
[18:46:13] 659.0, 123.6, 5.332
[18:46:14] 659.4, 123.6, 5.323
[18:46:15] 659.4, 123.7, 5.230
[18:46:16] 653.4, 123.7, 5.224
[18:46:17] 644.7, 123.7, 5.219
[18:46:18] 644.6, 123.7, 5.220
[18:46:19] 644.6, 123.7, 5.216
[18:46:20] 644.5, 123.2, 6.889
[18:46:21] 739.0, 123.7, 5.193
[18:46:22] 642.8, 123.6, 5.193
[18:46:23] 642.7, 123.6, 5.195
[18:46:24] 642.7, 123.6, 5.195
[18:46:25] 642.8, 123.2, 6.777
[18:46:26] 733.9, 123.7, 5.197
[18:46:27] 643.2, 123.7, 5.192
[18:46:28] 643.1, 123.7, 5.194
[18:46:29] 643.0, 123.7, 5.189
[18:46:30] 643.0, 123.3, 6.718
[18:46:31] 733.1, 123.7, 5.195
[18:46:32] 643.0, 123.7, 5.198
[18:46:33] 643.0, 123.7, 5.215
[18:46:34] 643.1, 123.6, 5.214
[18:46:35] 643.1, 123.3, 6.656
[18:46:36] 732.9, 123.7, 5.192
[18:46:37] 642.8, 123.7, 5.190
[18:46:38] 642.8, 123.8, 5.192
[18:46:39] 642.7, 123.8, 5.187
[18:46:40] 642.7, 123.4, 6.570
[18:46:41] 731.7, 123.6, 5.192
[18:46:42] 642.8, 123.7, 5.189
[18:46:43] 642.8, 123.7, 5.190
[18:46:44] 642.7, 123.7, 5.190
[18:46:45] 642.7, 123.3, 6.444
[18:46:46] 729.2, 123.7, 5.195
[18:46:47] 643.0, 123.7, 5.192
[18:46:48] 642.9, 123.7, 5.187
[18:46:49] 642.8, 123.6, 5.189
[18:46:50] 642.7, 123.3, 6.210
[18:46:51] 725.8, 123.7, 5.189
[18:46:52] 642.8, 123.7, 5.190
[18:46:53] 642.7, 123.7, 5.190
[18:46:54] 642.6, 123.6, 5.187
[18:46:55] 642.6, 123.6, 5.208
[18:46:56] 759.9, 123.6, 5.198
[18:46:57] 648.5, 123.7, 5.191
[18:46:58] 642.8, 123.7, 5.187
[18:46:59] 642.7, 123.7, 5.185
[18:47:00] 642.6, 123.8, 5.184
[18:47:01] 742.6, 123.7, 5.191
[18:47:02] 649.9, 123.6, 5.189
[18:47:03] 642.6, 123.6, 5.190
[18:47:04] 642.5, 123.7, 5.185
[18:47:05] 642.4, 123.7, 5.185
[18:47:06] 699.8, 123.5, 6.032
[18:47:07] 759.9, 123.7, 5.192
[18:47:08] 642.8, 123.7, 5.190
[18:47:09] 642.8, 123.7, 5.184
[18:47:10] 642.6, 123.8, 5.186
[18:47:11] 642.6, 123.1, 7.698
[18:47:12] 890.6, 123.7, 5.263
[18:47:13] 703.0, 123.7, 5.191
[18:47:14] 642.8, 123.8, 5.190
[18:47:15] 642.8, 123.8, 5.188
[18:47:16] 642.7, 123.8, 5.185
[18:47:17] 682.7, 123.2, 7.719
[18:47:18] 952.0, 123.3, 7.229
[18:47:19] 821.3, 123.8, 5.197
[18:47:20] 643.6, 123.8, 5.197
[18:47:21] 643.6, 123.8, 5.191
[18:47:22] 643.4, 123.8, 5.189
[18:47:23] 643.4, 123.2, 7.640
[18:47:24] 869.1, 123.1, 7.739
[18:47:25] 954.2, 123.2, 7.760
[18:47:26] 954.4, 123.7, 5.308
[18:47:27] 713.0, 123.6, 5.205
[18:47:28] 644.1, 123.6, 5.202
[18:47:29] 644.0, 123.7, 5.191
[18:47:30] 643.8, 123.7, 5.192
[18:47:31] 643.7, 123.1, 7.726
[18:47:32] 936.3, 123.1, 7.759
[18:47:33] 955.7, 123.1, 7.774
[18:47:34] 955.8, 123.0, 7.786
[18:47:35] 956.2, 123.0, 7.788
[18:47:36] 956.6, 123.1, 7.794
[18:47:37] 904.0, 123.6, 5.227
[18:47:38] 646.1, 123.6, 5.216
[18:47:39] 646.0, 123.6, 5.206
[18:47:40] 645.7, 123.7, 5.198
[18:47:41] 645.4, 123.6, 5.201
[18:47:42] 760.7, 123.0, 7.755
[18:47:43] 955.0, 123.0, 7.771
[18:47:44] 955.3, 122.9, 7.790
[18:47:45] 955.8, 123.1, 7.790
[18:47:46] 956.2, 123.1, 7.793
[18:47:47] 956.7, 123.1, 7.798
[18:47:48] 957.2, 123.1, 7.797
[18:47:49] 957.7, 123.1, 7.803
[18:47:50] 958.2, 123.2, 7.811
[18:47:51] 958.7, 123.2, 7.807
[18:47:52] 959.2, 123.2, 7.811
[18:47:53] 883.3, 123.8, 5.315
[18:47:54] 658.3, 123.8, 5.305
[18:47:55] 658.1, 123.8, 5.296
[18:47:56] 657.8, 123.8, 5.292
<<<[18:50:02] 645.7, 123.6, 5.199
[18:50:03] 645.4, 123.6, 5.209
[18:50:04] 645.2, 123.7, 5.205
[18:50:05] 645.1, 123.7, 5.392
[18:50:06] 667.0, 123.7, 5.415
[18:50:07] 666.7, 123.7, 5.368
[18:50:08] 666.5, 123.7, 5.368
[18:50:09] 666.6, 123.6, 5.363
[18:50:10] 666.3, 123.6, 5.353
[18:50:11] 666.0, 123.7, 5.214
[18:50:12] 644.1, 123.8, 5.211
[18:50:13] 644.1, 123.8, 5.210
[18:50:14] 644.0, 123.7, 5.198
[18:50:15] 643.9, 123.7, 5.208
[18:50:16] 681.5, 123.7, 5.272
[18:50:17] 701.8, 123.8, 5.208
[18:50:18] 643.6, 123.8, 5.196
[18:50:19] 643.5, 123.7, 5.201
[18:50:20] 643.4, 123.7, 5.202
[18:50:21] 675.2, 123.8, 5.267
[18:50:22] 702.8, 123.8, 5.193
[18:50:23] 642.8, 123.8, 5.221
[18:50:24] 643.0, 123.7, 5.202
[18:50:25] 643.0, 123.8, 5.202
[18:50:26] 673.1, 123.8, 5.271
[18:50:27] 704.8, 123.8, 5.210
[18:50:28] 643.4, 123.8, 5.204
[18:50:29] 643.3, 123.7, 5.206
[18:50:30] 643.3, 123.6, 5.195
[18:50:31] 670.1, 123.6, 5.293
[18:50:32] 706.9, 123.7, 5.207
[18:50:33] 643.2, 123.6, 5.208
[18:50:34] 643.1, 123.8, 5.194
[18:50:35] 643.0, 123.7, 5.206
[18:50:36] 667.6, 123.7, 5.303
[18:50:37] 708.3, 123.7, 5.197
[18:50:38] 642.6, 123.7, 5.198
[18:50:39] 642.6, 123.6, 5.209
[18:50:40] 642.6, 123.6, 5.207
[18:50:41] 663.2, 123.6, 5.312
[18:50:42] 710.1, 123.7, 5.197
[18:50:43] 642.8, 123.6, 5.212
[18:50:44] 642.8, 123.7, 5.211
[18:50:45] 642.9, 123.7, 5.207
[18:50:46] 657.3, 123.6, 5.309
[18:50:47] 711.3, 123.7, 5.210
[18:50:48] 643.0, 123.7, 5.206
[18:50:49] 643.0, 123.7, 5.207
[18:50:50] 643.0, 123.7, 5.196
[18:50:51] 643.0, 123.5, 6.622
[18:50:52] 766.4, 123.6, 5.211
[18:50:53] 643.2, 123.7, 5.193
[18:50:54] 643.1, 123.7, 5.193
[18:50:55] 643.0, 123.6, 5.209
[18:50:56] 643.0, 123.5, 6.740
[18:50:57] 751.0, 123.7, 5.207
[18:50:58] 642.8, 123.7, 5.192
[18:50:59] 642.7, 123.7, 5.207
[18:51:00] 642.7, 123.7, 5.204
[18:51:01] 642.7, 123.1, 7.629
[18:51:02] 817.4, 123.6, 5.200
[18:51:03] 642.8, 123.7, 5.209
[18:51:04] 642.8, 123.7, 5.208
[18:51:05] 642.8, 123.8, 5.207
[18:51:06] 642.8, 123.7, 5.194
[18:51:07] 754.8, 123.1, 7.263
[18:51:08] 839.6, 123.6, 5.218
[18:51:09] 643.9, 123.7, 5.200
[18:51:10] 643.7, 123.7, 5.194
[18:51:11] 643.6, 123.6, 5.210
[18:51:12] 643.5, 123.1, 7.523
[18:51:13] 848.1, 123.1, 7.757
[18:51:14] 938.2, 123.7, 5.224
[18:51:15] 673.5, 123.6, 5.219
[18:51:16] 644.1, 123.8, 5.214
[18:51:17] 644.0, 123.7, 5.214
[18:51:18] 643.9, 123.6, 5.198
[18:51:19] 724.7, 123.0, 7.751
[18:51:20] 955.0, 123.0, 7.783
[18:51:21] 955.4, 123.1, 7.730
[18:51:22] 859.7, 123.6, 5.217
[18:51:23] 644.9, 123.6, 5.227
[18:51:24] 644.9, 123.7, 5.223
[18:51:25] 644.8, 123.6, 5.207
[18:51:26] 644.6, 123.4, 5.417
[18:51:27] 791.6, 123.0, 7.768
[18:51:28] 956.7, 123.1, 7.775
[18:51:29] 956.8, 123.1, 7.786
[18:51:30] 957.1, 123.0, 7.797
[18:51:31] 957.5, 123.1, 7.804
[18:51:32] 958.1, 123.8, 5.493
[18:51:33] 737.2, 123.7, 5.237
[18:51:34] 646.5, 123.7, 5.212
[18:51:35] 646.2, 123.8, 5.226
[18:51:36] 646.1, 123.8, 5.219
[18:51:37] 645.8, 123.1, 7.740
[18:51:38] 928.4, 123.1, 7.772
[18:51:39] 958.5, 123.1, 7.782
[18:51:40] 958.6, 123.2, 7.792
[18:51:41] 959.0, 123.2, 7.801
[18:51:42] 959.3, 123.1, 7.812
[18:51:43] 959.8, 123.1, 7.811
[18:51:44] 960.2, 123.0, 7.814
[18:51:45] 960.6, 123.1, 7.814
[18:51:46] 961.0, 123.1, 7.824
[18:51:47] 961.4, 123.1, 7.823
[18:51:48] 961.8, 123.7, 5.333
[18:51:49] 718.4, 123.7, 5.249
[18:51:50] 647.9, 123.7, 5.230
[18:51:51] 647.7, 123.8, 5.236
[18:51:52] 647.5, 123.8, 5.229
<<<[18:53:53] 647.0, 123.7, 5.216
[18:53:54] 646.8, 123.6, 5.208
[18:53:55] 646.5, 123.6, 5.211
[18:53:56] 646.7, 123.7, 5.435
[18:53:57] 668.9, 123.7, 5.397
[18:53:58] 668.4, 123.6, 5.366
[18:53:59] 668.2, 123.7, 5.367
[18:54:00] 668.1, 123.7, 5.362
[18:54:01] 667.8, 123.7, 5.434
[18:54:02] 667.3, 123.7, 5.202
[18:54:03] 644.9, 123.8, 5.205
[18:54:04] 645.0, 123.8, 5.206
[18:54:05] 645.1, 123.8, 5.207
[18:54:06] 645.1, 123.8, 5.199
[18:54:07] 704.6, 123.8, 5.222
[18:54:08] 679.6, 123.9, 5.202
[18:54:09] 643.9, 123.8, 5.197
[18:54:10] 643.9, 123.8, 5.192
[18:54:11] 643.8, 123.7, 5.200
[18:54:12] 700.4, 123.7, 5.227
[18:54:13] 681.3, 123.7, 5.207
[18:54:14] 644.5, 123.7, 5.196
[18:54:15] 644.3, 123.7, 5.204
[18:54:16] 644.3, 123.7, 5.200
[18:54:17] 698.3, 123.7, 5.228
[18:54:18] 683.5, 123.8, 5.195
[18:54:19] 643.6, 123.7, 5.202
[18:54:20] 643.6, 123.7, 5.200
[18:54:21] 643.6, 123.8, 5.201
[18:54:22] 695.9, 123.8, 5.221
[18:54:23] 684.3, 123.8, 5.201
[18:54:24] 643.9, 123.8, 5.199
[18:54:25] 643.8, 123.8, 5.201
[18:54:26] 643.9, 123.8, 5.192
[18:54:27] 692.0, 123.8, 5.228
[18:54:28] 686.7, 123.8, 5.204
[18:54:29] 643.7, 123.8, 5.202
[18:54:30] 643.7, 123.8, 5.193
[18:54:31] 643.6, 123.8, 5.200
[18:54:32] 688.8, 123.7, 5.233
[18:54:33] 688.7, 123.7, 5.199
[18:54:34] 643.9, 123.7, 5.196
[18:54:35] 643.8, 123.8, 5.198
[18:54:36] 643.7, 123.8, 5.196
[18:54:37] 682.5, 123.8, 5.235
[18:54:38] 690.4, 123.9, 5.193
[18:54:39] 643.4, 123.8, 5.197
[18:54:40] 643.4, 123.7, 5.197
[18:54:41] 643.4, 123.7, 5.199
[18:54:42] 673.1, 123.8, 5.231
[18:54:43] 690.8, 123.8, 5.198
[18:54:44] 643.6, 123.7, 5.195
[18:54:45] 643.5, 123.7, 5.198
[18:54:46] 643.5, 123.8, 5.192
[18:54:47] 643.6, 123.8, 5.747
[18:54:48] 752.8, 123.8, 5.197
[18:54:49] 643.7, 123.9, 5.195
[18:54:50] 643.7, 123.9, 5.191
[18:54:51] 643.6, 123.8, 5.194
[18:54:52] 643.6, 123.3, 7.673
[18:54:53] 820.9, 123.9, 5.199
[18:54:54] 644.5, 123.8, 5.188
[18:54:55] 644.3, 123.9, 5.200
[18:54:56] 644.2, 123.9, 5.194
[18:54:57] 644.2, 123.7, 5.277
[18:54:58] 789.8, 123.3, 7.222
[18:54:59] 810.7, 123.9, 5.205
[18:55:00] 644.7, 123.8, 5.198
[18:55:01] 644.5, 123.8, 5.197
[18:55:02] 644.5, 123.8, 5.194
[18:55:03] 644.4, 123.2, 7.685
[18:55:04] 882.5, 123.2, 7.760
[18:55:05] 888.4, 123.9, 5.210
[18:55:06] 645.5, 123.9, 5.194
[18:55:07] 645.3, 123.9, 5.199
[18:55:08] 645.1, 123.9, 5.195
[18:55:09] 644.9, 124.0, 5.192
[18:55:10] 759.1, 123.2, 7.749
[18:55:11] 956.3, 123.2, 7.774
[18:55:12] 956.6, 123.3, 7.370
[18:55:13] 829.2, 124.0, 5.212
[18:55:14] 646.1, 124.0, 5.198
[18:55:15] 645.9, 123.9, 5.203
[18:55:16] 645.7, 123.8, 5.198
[18:55:17] 645.4, 123.3, 7.196
[18:55:18] 827.8, 123.2, 7.762
[18:55:19] 957.9, 123.2, 7.771
[18:55:20] 958.0, 123.1, 7.789
[18:55:21] 958.4, 123.1, 7.798
[18:55:22] 958.8, 123.2, 7.803
[18:55:23] 959.0, 123.9, 5.303
[18:55:24] 708.3, 123.8, 5.223
[18:55:25] 646.7, 123.8, 5.219
[18:55:26] 646.6, 123.9, 5.199
[18:55:27] 646.4, 123.9, 5.207
[18:55:28] 655.0, 123.2, 7.750
[18:55:29] 957.5, 123.2, 7.769
[18:55:30] 957.7, 123.3, 7.783
[18:55:31] 958.2, 123.3, 7.802
[18:55:32] 958.7, 123.2, 7.807
[18:55:33] 959.3, 123.1, 7.818
[18:55:34] 964.6, 123.1, 7.821
[18:55:35] 964.6, 123.2, 7.812
[18:55:36] 964.6, 123.2, 7.819
[18:55:37] 964.6, 123.1, 7.824
[18:55:38] 964.7, 123.1, 7.832
[18:55:39] 964.8, 123.9, 5.266
[18:55:40] 673.7, 123.8, 5.242
[18:55:41] 648.1, 123.8, 5.229
[18:55:42] 648.0, 123.8, 5.212
[18:55:43] 647.7, 123.7, 5.215
