<<<[20:14:48] 653.5, 123.5, 5.286
[20:14:49] 653.3, 123.3, 5.295
[20:14:50] 653.3, 123.5, 5.443
[20:14:51] 668.7, 123.6, 5.276
[20:14:52] 651.8, 123.5, 5.273
[20:14:53] 651.7, 123.5, 5.272
[20:14:54] 651.6, 123.5, 5.283
[20:14:55] 651.6, 123.6, 5.279
[20:14:56] 651.6, 123.4, 5.984
[20:14:57] 747.3, 123.5, 5.273
[20:14:58] 651.8, 123.5, 5.293
[20:14:59] 651.8, 123.6, 5.284
[20:15:00] 651.9, 123.5, 5.282
[20:15:01] 652.0, 123.4, 5.998
[20:15:02] 746.1, 123.6, 5.286
[20:15:03] 651.8, 123.6, 5.268
[20:15:04] 651.6, 123.5, 5.269
[20:15:05] 651.5, 123.5, 5.267
[20:15:06] 651.4, 123.5, 6.032
[20:15:07] 745.1, 123.5, 5.272
[20:15:08] 650.8, 123.5, 5.266
[20:15:09] 650.8, 123.6, 5.280
[20:15:10] 651.0, 123.6, 5.289
[20:15:11] 651.1, 123.4, 6.082
[20:15:12] 744.7, 123.6, 5.217
[20:15:13] 644.9, 123.5, 5.219
[20:15:14] 644.8, 123.6, 5.221
[20:15:15] 644.7, 123.6, 5.214
[20:15:16] 644.6, 123.5, 6.052
[20:15:17] 737.6, 123.5, 5.218
[20:15:18] 644.3, 123.5, 5.224
[20:15:19] 644.3, 123.5, 5.221
[20:15:20] 644.6, 123.5, 5.279
[20:15:21] 652.0, 123.4, 6.150
[20:15:22] 744.7, 123.5, 5.290
[20:15:23] 652.6, 123.4, 5.283
[20:15:24] 652.5, 123.5, 5.281
[20:15:25] 652.5, 123.5, 5.271
[20:15:26] 652.3, 123.4, 6.163
[20:15:27] 740.6, 123.5, 5.269
[20:15:28] 651.0, 123.5, 5.268
[20:15:29] 650.9, 123.5, 5.267
[20:15:30] 650.8, 123.5, 5.270
[20:15:31] 650.8, 123.4, 6.189
[20:15:32] 737.2, 123.5, 5.271
[20:15:33] 651.4, 123.5, 5.280
[20:15:34] 651.5, 123.5, 5.286
[20:15:35] 651.6, 123.5, 5.278
[20:15:36] 651.7, 123.4, 6.234
[20:15:37] 731.1, 123.5, 5.269
[20:15:38] 651.0, 123.5, 5.272
[20:15:39] 650.9, 123.6, 5.269
[20:15:40] 650.9, 123.6, 5.265
[20:15:41] 650.8, 123.1, 7.270
[20:15:42] 763.8, 123.5, 5.274
[20:15:43] 650.6, 123.6, 5.269
[20:15:44] 650.6, 123.6, 5.268
[20:15:45] 650.7, 123.6, 5.278
[20:15:46] 650.8, 123.0, 7.364
[20:15:47] 785.3, 123.6, 5.285
[20:15:48] 652.8, 123.5, 5.284
[20:15:49] 652.7, 123.6, 5.268
[20:15:50] 652.5, 123.5, 5.270
[20:15:51] 652.2, 123.5, 5.268
[20:15:52] 752.6, 123.3, 6.360
[20:15:53] 773.1, 123.5, 5.274
[20:15:54] 651.0, 123.5, 5.276
[20:15:55] 650.9, 123.5, 5.275
[20:15:56] 650.9, 123.5, 5.271
[20:15:57] 650.9, 122.9, 7.590
[20:15:58] 879.0, 123.0, 7.342
[20:15:59] 830.5, 123.4, 5.295
[20:16:00] 653.6, 123.4, 5.292
[20:16:01] 653.5, 123.5, 5.275
[20:16:02] 653.2, 123.4, 5.273
[20:16:03] 652.9, 122.9, 7.412
[20:16:04] 839.8, 122.8, 7.631
[20:16:05] 939.8, 122.8, 7.645
[20:16:06] 891.6, 123.4, 5.294
[20:16:07] 652.8, 123.4, 5.288
[20:16:08] 652.7, 123.4, 5.279
[20:16:09] 652.6, 123.4, 5.290
[20:16:10] 652.6, 123.4, 5.291
[20:16:11] 768.9, 122.8, 7.647
[20:16:12] 941.4, 122.8, 7.656
[20:16:13] 941.5, 122.8, 7.658
[20:16:14] 941.7, 122.8, 7.666
[20:16:15] 941.9, 123.2, 6.485
[20:16:16] 774.8, 123.4, 5.299
[20:16:17] 653.4, 123.4, 5.292
[20:16:18] 653.3, 123.5, 5.289
[20:16:19] 653.2, 123.5, 5.285
[20:16:20] 653.0, 123.0, 7.615
[20:16:21] 911.1, 122.9, 7.655
[20:16:22] 942.6, 122.9, 7.670
[20:16:23] 942.8, 122.9, 7.681
[20:16:24] 943.2, 122.9, 7.688
[20:16:25] 943.6, 122.8, 7.679
[20:16:26] 943.8, 122.9, 7.675
[20:16:27] 944.0, 122.9, 7.680
[20:16:28] 944.2, 122.9, 7.685
[20:16:29] 944.5, 123.3, 6.506
[20:16:30] 777.6, 123.5, 5.299
[20:16:31] 654.6, 123.5, 5.299
[20:16:32] 654.4, 123.6, 5.292
[20:16:33] 654.4, 123.6, 5.298
[20:16:34] 654.4, 123.0, 7.636
[20:16:35] 909.9, 123.0, 7.662
[20:16:36] 943.7, 123.0, 7.673
[20:16:37] 943.9, 123.0, 7.671
[20:16:38] 944.1, 122.9, 7.675
[20:16:39] 944.2, 122.9, 7.673
[20:16:40] 944.3, 123.0, 7.680
[20:16:41] 944.5, 123.0, 7.683
[20:16:42] 944.8, 123.0, 7.685
[20:16:43] 945.0, 123.0, 7.692
[20:16:44] 945.3, 123.0, 7.691
[20:16:45] 945.6, 122.9, 7.707
[20:16:46] 946.0, 122.9, 7.711
[20:16:47] 946.4, 122.9, 7.711
[20:16:48] 946.8, 122.9, 7.711
[20:16:49] 947.2, 122.9, 7.700
[20:16:50] 947.4, 122.9, 7.698
[20:16:51] 947.4, 122.9, 7.699
[20:16:52] 947.5, 123.4, 5.454
[20:16:53] 705.8, 123.4, 5.427
[20:16:54] 669.5, 123.5, 5.304
[20:16:55] 654.8, 123.5, 5.300
[20:16:56] 654.6, 123.6, 5.294
