<<<[19:27:48] 647.6, 123.7, 5.207
[19:27:49] 647.3, 123.6, 5.206
[19:27:50] 646.9, 123.7, 5.389
[19:27:51] 661.3, 123.6, 5.212
[19:27:52] 645.3, 123.7, 5.208
[19:27:53] 645.2, 123.7, 5.210
[19:27:54] 645.2, 123.6, 5.210
[19:27:55] 645.1, 123.7, 5.206
[19:27:56] 645.1, 123.6, 5.733
[19:27:57] 740.4, 123.6, 5.233
[19:27:58] 645.5, 123.7, 5.206
[19:27:59] 645.3, 123.6, 5.231
[19:28:00] 645.3, 123.6, 5.233
[19:28:01] 645.4, 123.6, 5.763
[19:28:02] 737.1, 123.5, 5.209
[19:28:03] 644.1, 123.5, 5.209
[19:28:04] 644.1, 123.6, 5.205
[19:28:05] 644.1, 123.6, 5.209
[19:28:06] 644.2, 123.4, 5.796
[19:28:07] 736.3, 123.5, 5.208
[19:28:08] 644.5, 123.6, 5.204
[19:28:09] 644.4, 123.6, 5.204
[19:28:10] 644.4, 123.5, 5.209
[19:28:11] 644.3, 123.5, 5.822
[19:28:12] 736.3, 123.6, 5.212
[19:28:13] 644.3, 123.4, 5.213
[19:28:14] 644.2, 123.5, 5.206
[19:28:15] 644.2, 123.4, 5.205
[19:28:16] 644.1, 123.5, 5.854
[19:28:17] 735.9, 123.6, 5.209
[19:28:18] 644.1, 123.5, 5.208
[19:28:19] 644.0, 123.5, 5.205
[19:28:20] 644.1, 123.6, 5.202
[19:28:21] 644.0, 123.5, 5.882
[19:28:22] 735.1, 123.6, 5.206
[19:28:23] 643.9, 123.6, 5.201
[19:28:24] 643.9, 123.7, 5.199
[19:28:25] 643.9, 123.7, 5.197
[19:28:26] 643.9, 123.6, 5.908
[19:28:27] 733.9, 123.7, 5.203
[19:28:28] 644.1, 123.6, 5.199
[19:28:29] 644.0, 123.6, 5.200
[19:28:30] 643.9, 123.7, 5.201
[19:28:31] 643.9, 123.6, 5.939
[19:28:32] 732.7, 123.7, 5.195
[19:28:33] 643.7, 123.6, 5.195
[19:28:34] 643.7, 123.7, 5.197
[19:28:35] 643.6, 123.7, 5.198
[19:28:36] 643.6, 123.7, 5.974
[19:28:37] 730.4, 123.7, 5.194
[19:28:38] 643.9, 123.7, 5.194
[19:28:39] 643.8, 123.8, 5.193
[19:28:40] 643.8, 123.8, 5.190
[19:28:41] 643.7, 123.6, 6.012
[19:28:42] 725.4, 123.8, 5.200
[19:28:43] 643.6, 123.7, 5.196
[19:28:44] 643.6, 123.8, 5.197
[19:28:45] 643.6, 123.7, 5.195
[19:28:46] 643.5, 123.3, 7.205
[19:28:47] 765.4, 123.7, 5.195
[19:28:48] 643.7, 123.8, 5.226
[19:28:49] 643.8, 123.8, 5.221
[19:28:50] 643.9, 123.8, 5.190
[19:28:51] 643.8, 123.1, 7.514
[19:28:52] 796.7, 123.7, 5.198
[19:28:53] 643.9, 123.7, 5.194
[19:28:54] 643.8, 123.7, 5.195
[19:28:55] 643.7, 123.8, 5.193
[19:28:56] 643.7, 123.4, 6.060
[19:28:57] 796.9, 123.8, 5.282
[19:28:58] 706.7, 123.7, 5.196
[19:28:59] 643.4, 123.8, 5.193
[19:29:00] 643.4, 123.8, 5.197
[19:29:01] 643.4, 123.6, 5.197
[19:29:02] 671.3, 123.1, 7.814
[19:29:03] 943.3, 123.7, 5.213
[19:29:04] 659.5, 123.6, 5.202
[19:29:05] 644.1, 123.7, 5.228
[19:29:06] 644.2, 123.7, 5.200
[19:29:07] 644.1, 123.8, 5.220
[19:29:08] 729.4, 123.1, 7.821
[19:29:09] 964.4, 123.3, 7.338
[19:29:10] 837.8, 123.7, 5.212
[19:29:11] 645.1, 123.7, 5.205
[19:29:12] 645.0, 123.6, 5.210
[19:29:13] 644.9, 123.7, 5.203
[19:29:14] 644.8, 123.1, 7.459
[19:29:15] 843.1, 123.0, 7.845
[19:29:16] 965.8, 123.0, 7.849
[19:29:17] 965.9, 123.1, 7.862
[19:29:18] 911.3, 123.7, 5.227
[19:29:19] 646.7, 123.7, 5.215
[19:29:20] 646.5, 123.7, 5.209
[19:29:21] 646.4, 123.7, 5.205
[19:29:22] 646.2, 123.7, 5.203
[19:29:23] 754.4, 123.0, 7.839
[19:29:24] 966.4, 123.1, 7.847
[19:29:25] 966.5, 123.1, 7.858
[19:29:26] 966.8, 123.0, 7.871
[19:29:27] 967.2, 123.1, 7.876
[19:29:28] 967.7, 123.0, 7.881
[19:29:29] 968.1, 123.5, 6.570
[19:29:30] 782.7, 123.7, 5.231
[19:29:31] 647.5, 123.7, 5.216
[19:29:32] 647.3, 123.8, 5.210
[19:29:33] 647.1, 123.7, 5.206
[19:29:34] 646.8, 123.2, 7.788
[19:29:35] 901.6, 123.1, 7.842
[19:29:36] 967.2, 123.1, 7.861
[19:29:37] 967.4, 123.2, 7.872
[19:29:38] 967.8, 123.0, 7.876
[19:29:39] 968.2, 123.1, 7.882
[19:29:40] 968.6, 123.0, 7.880
[19:29:41] 969.0, 123.2, 7.887
[19:29:42] 969.5, 123.0, 7.896
[19:29:43] 970.0, 123.1, 7.893
[19:29:44] 970.4, 123.0, 7.896
[19:29:45] 970.8, 123.1, 7.888
[19:29:46] 971.0, 123.1, 7.891
[19:29:47] 971.3, 123.7, 5.432
[19:29:48] 744.5, 123.7, 5.240
[19:29:49] 648.7, 123.7, 5.226
[19:29:50] 648.4, 123.7, 5.222
[19:29:51] 648.1, 123.6, 5.218
