<<<[16:04:32] 647.2, 122.3, 5.262
[16:04:33] 646.9, 122.4, 5.265
[16:04:34] 646.6, 122.3, 5.274
[16:04:35] 646.7, 122.3, 5.384
[16:04:36] 660.9, 122.2, 5.341
[16:04:37] 653.0, 122.3, 5.266
[16:04:38] 644.9, 122.2, 5.267
[16:04:39] 644.8, 122.4, 5.262
[16:04:40] 644.8, 122.2, 5.262
[16:04:41] 644.8, 122.3, 6.328
[16:04:42] 741.0, 122.3, 5.257
[16:04:43] 644.5, 122.4, 5.257
[16:04:44] 644.4, 122.2, 5.258
[16:04:45] 644.4, 122.4, 5.258
[16:04:46] 644.3, 122.1, 6.396
[16:04:47] 740.0, 122.3, 5.264
[16:04:48] 644.5, 122.2, 5.260
[16:04:49] 644.4, 122.3, 5.259
[16:04:50] 644.3, 122.3, 5.260
[16:04:51] 644.3, 122.1, 6.464
[16:04:52] 739.6, 122.4, 5.258
[16:04:53] 644.3, 122.3, 5.258
[16:04:54] 644.2, 122.4, 5.262
[16:04:55] 644.2, 122.4, 5.253
[16:04:56] 644.2, 122.2, 6.527
[16:04:57] 737.8, 122.4, 5.256
[16:04:58] 643.9, 122.3, 5.255
[16:04:59] 643.9, 122.4, 5.259
[16:05:00] 643.9, 122.3, 5.255
[16:05:01] 643.8, 122.2, 6.602
[16:05:02] 735.5, 122.4, 5.257
[16:05:03] 644.1, 122.3, 5.257
[16:05:04] 644.0, 122.4, 5.254
[16:05:05] 644.0, 122.3, 5.255
[16:05:06] 643.9, 122.2, 6.675
[16:05:07] 731.5, 122.4, 5.254
[16:05:08] 644.1, 122.4, 5.250
[16:05:09] 644.0, 122.4, 5.252
[16:05:10] 643.9, 122.4, 5.253
[16:05:11] 643.9, 122.1, 6.746
[16:05:12] 723.1, 122.4, 5.254
[16:05:13] 643.7, 122.3, 5.252
[16:05:14] 643.6, 122.4, 5.252
[16:05:15] 643.7, 122.3, 5.254
[16:05:16] 643.7, 121.9, 7.288
[16:05:17] 754.6, 122.3, 5.254
[16:05:18] 643.6, 122.4, 5.253
[16:05:19] 643.6, 122.3, 5.253
[16:05:20] 643.6, 122.4, 5.252
[16:05:21] 643.6, 121.8, 6.897
[16:05:22] 794.1, 122.4, 5.270
[16:05:23] 670.1, 122.3, 5.268
[16:05:24] 644.9, 122.3, 5.258
[16:05:25] 644.8, 122.4, 5.259
[16:05:26] 644.7, 122.3, 5.260
[16:05:27] 713.6, 121.9, 7.342
[16:05:28] 831.7, 122.3, 5.269
[16:05:29] 645.3, 122.3, 5.268
[16:05:30] 645.2, 122.3, 5.268
[16:05:31] 645.1, 122.4, 5.259
[16:05:32] 645.0, 121.8, 7.205
[16:05:33] 815.6, 121.7, 7.589
[16:05:34] 892.6, 122.3, 5.273
[16:05:35] 645.7, 122.3, 5.270
[16:05:36] 645.6, 122.4, 5.266
[16:05:37] 645.5, 122.3, 5.260
[16:05:38] 645.4, 122.4, 5.262
[16:05:39] 741.6, 121.7, 7.586
[16:05:40] 925.2, 121.7, 7.606
[16:05:41] 925.4, 122.0, 7.208
[16:05:42] 781.9, 122.3, 5.274
[16:05:43] 645.9, 122.4, 5.267
[16:05:44] 645.8, 122.2, 5.267
[16:05:45] 645.6, 122.3, 5.264
[16:05:46] 645.5, 121.8, 7.555
[16:05:47] 875.6, 121.7, 7.601
[16:05:48] 926.2, 121.7, 7.609
[16:05:49] 926.3, 121.7, 7.608
[16:05:50] 926.6, 121.6, 7.629
[16:05:51] 927.1, 121.9, 7.292
[16:05:52] 786.1, 122.2, 5.282
[16:05:53] 646.9, 122.3, 5.279
[16:05:54] 646.8, 122.3, 5.275
[16:05:55] 646.6, 122.2, 5.269
[16:05:56] 646.5, 121.7, 7.556
[16:05:57] 866.4, 121.7, 7.619
[16:05:58] 928.4, 121.7, 7.625
[16:05:59] 928.5, 121.8, 7.630
[16:06:00] 928.8, 121.7, 7.633
[16:06:01] 929.1, 121.6, 7.652
[16:06:02] 929.6, 121.6, 7.661
[16:06:03] 930.0, 121.7, 7.660
[16:06:04] 930.4, 121.7, 7.659
[16:06:05] 930.8, 121.7, 7.659
[16:06:06] 931.1, 122.3, 5.540
[16:06:07] 733.5, 122.3, 5.291
[16:06:08] 648.3, 122.3, 5.281
[16:06:09] 648.1, 122.3, 5.278
[16:06:10] 647.9, 122.2, 5.277
[16:06:11] 647.6, 121.7, 7.602
[16:06:12] 920.3, 121.6, 7.628
[16:06:13] 929.8, 121.5, 7.648
[16:06:14] 929.9, 121.7, 7.651
[16:06:15] 930.3, 121.6, 7.654
[16:06:16] 930.5, 121.7, 7.660
[16:06:17] 930.9, 121.6, 7.656
[16:06:18] 931.2, 121.8, 7.660
[16:06:19] 931.6, 121.6, 7.669
[16:06:20] 932.0, 121.6, 7.670
[16:06:21] 932.4, 121.7, 7.672
[16:06:22] 932.8, 121.6, 7.668
[16:06:23] 933.1, 121.7, 7.673
[16:06:24] 933.4, 121.7, 7.674
[16:06:25] 933.6, 121.7, 7.672
[16:06:26] 933.8, 121.7, 7.673
[16:06:27] 933.9, 121.6, 7.672
[16:06:28] 934.1, 121.7, 7.675
[16:06:29] 934.3, 121.7, 7.684
[16:06:30] 934.6, 121.7, 7.675
[16:06:31] 836.1, 122.3, 5.311
[16:06:32] 650.4, 122.2, 5.303
[16:06:33] 650.2, 122.2, 5.294
[16:06:34] 649.9, 122.3, 5.286
[16:06:35] 649.6, 122.3, 5.281
