<<<[19:06:51] 646.0, 123.9, 5.186
[19:06:52] 645.7, 124.0, 5.187
[19:06:53] 645.4, 123.8, 5.329
[19:06:54] 657.1, 124.0, 5.187
[19:06:55] 645.3, 123.9, 5.191
[19:06:56] 645.1, 124.0, 5.191
[19:06:57] 645.0, 124.0, 5.187
[19:06:58] 644.9, 123.9, 5.188
[19:06:59] 644.8, 123.8, 6.727
[19:07:00] 739.6, 124.0, 5.184
[19:07:01] 643.6, 124.0, 5.185
[19:07:02] 643.6, 123.9, 5.184
[19:07:03] 643.5, 124.0, 5.184
[19:07:04] 643.5, 123.7, 6.797
[19:07:05] 736.1, 124.0, 5.184
[19:07:06] 643.7, 124.0, 5.182
[19:07:07] 643.6, 124.0, 5.179
[19:07:08] 643.5, 123.9, 5.180
[19:07:09] 643.5, 123.7, 6.871
[19:07:10] 735.7, 123.9, 5.183
[19:07:11] 643.4, 124.0, 5.182
[19:07:12] 643.4, 123.9, 5.187
[19:07:13] 643.3, 124.0, 5.181
[19:07:14] 643.3, 123.6, 6.943
[19:07:15] 734.7, 124.0, 5.183
[19:07:16] 643.4, 124.0, 5.182
[19:07:17] 643.3, 124.0, 5.181
[19:07:18] 643.3, 123.9, 5.182
[19:07:19] 643.3, 123.7, 7.013
[19:07:20] 734.9, 123.9, 5.186
[19:07:21] 643.2, 124.0, 5.181
[19:07:22] 643.2, 123.9, 5.183
[19:07:23] 643.2, 123.9, 5.182
[19:07:24] 643.2, 123.6, 7.067
[19:07:25] 734.3, 123.9, 5.185
[19:07:26] 643.6, 124.0, 5.181
[19:07:27] 643.5, 123.9, 5.182
[19:07:28] 643.4, 124.0, 5.178
[19:07:29] 643.4, 123.5, 7.109
[19:07:30] 733.9, 124.0, 5.182
[19:07:31] 642.8, 123.9, 5.181
[19:07:32] 642.8, 124.0, 5.180
[19:07:33] 642.8, 123.9, 5.183
[19:07:34] 642.9, 123.5, 7.130
[19:07:35] 731.7, 123.9, 5.183
[19:07:36] 643.2, 123.9, 5.180
[19:07:37] 643.1, 123.9, 5.179
[19:07:38] 643.1, 124.0, 5.177
[19:07:39] 643.0, 123.5, 7.161
[19:07:40] 730.4, 124.0, 5.182
[19:07:41] 643.0, 123.9, 5.177
[19:07:42] 642.9, 124.0, 5.181
[19:07:43] 642.9, 124.0, 5.176
[19:07:44] 642.9, 123.4, 7.163
[19:07:45] 725.8, 124.0, 5.180
[19:07:46] 643.4, 123.9, 5.180
[19:07:47] 643.3, 124.0, 5.177
[19:07:48] 643.2, 124.0, 5.175
[19:07:49] 643.1, 123.4, 7.180
[19:07:50] 767.0, 124.0, 5.182
[19:07:51] 642.8, 124.0, 5.184
[19:07:52] 642.8, 124.0, 5.178
[19:07:53] 642.8, 124.0, 5.180
[19:07:54] 642.9, 123.5, 7.407
[19:07:55] 799.3, 124.0, 5.188
[19:07:56] 643.4, 124.0, 5.185
[19:07:57] 643.4, 124.1, 5.183
[19:07:58] 643.4, 123.9, 5.183
[19:07:59] 643.4, 124.0, 5.181
[19:08:00] 774.6, 123.9, 5.210
[19:08:01] 683.3, 123.9, 5.192
[19:08:02] 644.3, 124.0, 5.186
[19:08:03] 644.1, 123.9, 5.183
[19:08:04] 644.0, 123.9, 5.185
[19:08:05] 661.1, 123.3, 7.752
[19:08:06] 930.7, 123.9, 5.197
[19:08:07] 643.7, 124.0, 5.187
[19:08:08] 643.7, 123.8, 5.187
[19:08:09] 643.7, 123.9, 5.184
[19:08:10] 643.7, 124.0, 5.184
[19:08:11] 736.7, 123.2, 7.771
[19:08:12] 959.5, 123.5, 7.232
[19:08:13] 800.6, 123.9, 5.188
[19:08:14] 644.3, 124.1, 5.183
[19:08:15] 644.1, 124.0, 5.184
[19:08:16] 644.1, 124.1, 5.178
[19:08:17] 644.0, 123.4, 7.711
[19:08:18] 895.1, 123.4, 7.774
[19:08:19] 960.7, 123.4, 7.789
[19:08:20] 960.9, 123.6, 7.244
[19:08:21] 803.8, 124.1, 5.194
[19:08:22] 645.5, 124.0, 5.186
[19:08:23] 645.2, 124.1, 5.179
[19:08:24] 645.0, 124.0, 5.178
[19:08:25] 644.8, 123.5, 7.706
[19:08:26] 897.1, 123.4, 7.770
[19:08:27] 960.7, 123.4, 7.791
[19:08:28] 960.9, 123.5, 7.795
[19:08:29] 961.3, 123.4, 7.802
[19:08:30] 961.7, 123.3, 7.802
[19:08:31] 962.1, 124.1, 5.702
[19:08:32] 755.6, 124.0, 5.196
[19:08:33] 645.9, 124.0, 5.190
[19:08:34] 645.8, 124.1, 5.184
[19:08:35] 645.5, 124.1, 5.187
[19:08:36] 645.4, 123.4, 7.734
[19:08:37] 906.3, 123.4, 7.786
[19:08:38] 962.0, 123.4, 7.799
[19:08:39] 962.2, 123.4, 7.797
[19:08:40] 962.4, 123.4, 7.804
[19:08:41] 962.7, 123.5, 7.813
[19:08:42] 963.0, 123.5, 7.819
[19:08:43] 963.4, 123.3, 7.819
[19:08:44] 963.8, 123.3, 7.824
[19:08:45] 964.2, 123.3, 7.820
[19:08:46] 964.5, 123.4, 7.832
[19:08:47] 964.9, 123.4, 7.829
[19:08:48] 965.2, 124.0, 5.244
[19:08:49] 685.9, 124.0, 5.211
[19:08:50] 647.3, 123.9, 5.204
[19:08:51] 647.0, 124.1, 5.198
[19:08:52] 646.8, 124.1, 5.193
