<<<[05:03:03] 645.1, 125.0, 5.156
[05:03:04] 645.0, 124.9, 5.159
[05:03:05] 645.0, 125.0, 5.307
[05:03:06] 662.3, 124.9, 5.288
[05:03:07] 667.8, 125.0, 5.314
[05:03:08] 667.4, 125.0, 5.350
[05:03:09] 667.4, 124.9, 5.276
[05:03:10] 666.8, 125.0, 5.299
[05:03:11] 666.4, 124.9, 5.316
[05:03:12] 665.8, 125.0, 5.289
[05:03:13] 665.9, 124.9, 5.364
[05:03:14] 665.6, 125.0, 5.280
[05:03:15] 665.7, 124.9, 5.304
[05:03:16] 665.5, 125.0, 5.175
[05:03:17] 649.1, 125.0, 5.152
[05:03:18] 648.5, 125.0, 5.151
[05:03:19] 648.0, 124.9, 5.151
[05:03:20] 647.5, 125.0, 5.153
[05:03:21] 647.9, 124.9, 5.520
[05:03:22] 736.5, 125.0, 5.150
[05:03:23] 644.1, 124.9, 5.149
[05:03:24] 644.1, 125.0, 5.149
[05:03:25] 644.0, 124.9, 5.148
[05:03:26] 644.0, 125.0, 5.539
[05:03:27] 736.5, 124.9, 5.179
[05:03:28] 645.3, 125.0, 5.151
[05:03:29] 645.1, 125.0, 5.149
[05:03:30] 645.0, 125.0, 5.150
[05:03:31] 644.9, 124.9, 5.555
[05:03:32] 732.7, 125.0, 5.152
[05:03:33] 644.5, 124.9, 5.152
[05:03:34] 644.4, 125.0, 5.151
[05:03:35] 644.4, 125.0, 5.146
[05:03:36] 644.3, 125.0, 5.574
[05:03:37] 725.6, 124.9, 5.149
[05:03:38] 644.3, 125.0, 5.150
[05:03:39] 644.2, 124.9, 5.151
[05:03:40] 644.2, 125.0, 5.149
[05:03:41] 644.2, 124.4, 7.161
[05:03:42] 761.7, 125.0, 5.150
[05:03:43] 644.3, 125.0, 5.151
[05:03:44] 644.3, 124.9, 5.149
[05:03:45] 644.2, 125.0, 5.153
[05:03:46] 644.2, 124.3, 7.584
[05:03:47] 834.5, 125.0, 5.165
[05:03:48] 645.3, 125.0, 5.161
[05:03:49] 645.3, 125.0, 5.155
[05:03:50] 645.2, 125.0, 5.156
[05:03:51] 645.1, 125.0, 5.154
[05:03:52] 769.7, 124.9, 5.662
[05:03:53] 755.9, 125.0, 5.159
[05:03:54] 645.3, 124.9, 5.158
[05:03:55] 645.2, 125.0, 5.158
[05:03:56] 645.2, 125.0, 5.155
[05:03:57] 645.2, 124.3, 7.689
[05:03:58] 900.4, 124.5, 7.244
[05:03:59] 819.1, 125.0, 5.167
[05:04:00] 646.3, 124.9, 5.161
[05:04:01] 646.2, 125.0, 5.154
[05:04:02] 646.0, 124.9, 5.151
[05:04:03] 645.8, 124.3, 7.391
[05:04:04] 843.1, 124.4, 7.739
[05:04:05] 962.8, 124.3, 7.737
[05:04:06] 943.3, 125.0, 5.172
[05:04:07] 647.3, 125.0, 5.162
[05:04:08] 647.1, 124.9, 5.160
[05:04:09] 646.8, 124.9, 5.158
[05:04:10] 646.6, 125.0, 5.153
[05:04:11] 733.7, 124.3, 7.724
[05:04:12] 962.0, 124.3, 7.736
[05:04:13] 962.2, 124.4, 7.749
[05:04:14] 962.5, 124.3, 7.761
[05:04:15] 962.9, 124.4, 7.343
[05:04:16] 836.5, 124.9, 5.174
[05:04:17] 647.5, 125.0, 5.166
[05:04:18] 647.3, 125.0, 5.161
[05:04:19] 647.1, 125.0, 5.157
[05:04:20] 646.9, 124.4, 7.176
[05:04:21] 831.5, 124.4, 7.728
[05:04:22] 963.2, 124.3, 7.744
[05:04:23] 963.3, 124.3, 7.754
[05:04:24] 963.6, 124.4, 7.764
[05:04:25] 963.9, 124.3, 7.771
[05:04:26] 964.4, 124.4, 7.773
[05:04:27] 964.8, 124.4, 7.782
[05:04:28] 965.3, 124.3, 7.789
[05:04:29] 965.9, 124.4, 7.787
[05:04:30] 954.0, 124.9, 5.188
[05:04:31] 650.4, 125.0, 5.173
[05:04:32] 649.9, 125.0, 5.170
[05:04:33] 649.5, 124.9, 5.167
[05:04:34] 649.1, 125.0, 5.161
[05:04:35] 712.6, 124.4, 7.736
[05:04:36] 962.6, 124.3, 7.750
[05:04:37] 962.8, 124.4, 7.754
[05:04:38] 963.2, 124.3, 7.760
[05:04:39] 963.6, 124.3, 7.775
[05:04:40] 964.1, 124.4, 7.775
[05:04:41] 964.6, 124.3, 7.782
[05:04:42] 965.0, 124.4, 7.773
[05:04:43] 965.5, 124.3, 7.785
[05:04:44] 965.9, 124.4, 7.787
[05:04:45] 966.3, 124.3, 7.792
[05:04:46] 966.7, 124.4, 7.791
[05:04:47] 967.0, 124.3, 7.786
[05:04:48] 967.3, 124.3, 7.789
[05:04:49] 967.6, 124.3, 7.792
[05:04:50] 967.9, 124.3, 7.796
[05:04:51] 968.1, 124.3, 7.793
[05:04:52] 968.3, 124.2, 7.795
[05:04:53] 968.5, 124.3, 7.779
[05:04:54] 826.0, 124.9, 5.217
[05:04:55] 649.9, 125.0, 5.205
[05:04:56] 649.7, 124.9, 5.198
[05:04:57] 649.6, 125.0, 5.194
