<<<[09:21:34] 660.2, 123.9, 5.243
[09:21:35] 652.4, 123.9, 5.236
[09:21:36] 651.8, 123.8, 5.356
[09:21:37] 659.1, 123.8, 5.279
[09:21:38] 658.6, 123.8, 5.238
[09:21:39] 649.1, 123.9, 5.239
[09:21:40] 649.0, 123.9, 5.233
[09:21:41] 648.9, 123.9, 5.240
[09:21:42] 648.8, 123.4, 7.164
[09:21:43] 743.5, 123.9, 5.214
[09:21:44] 646.7, 123.9, 5.207
[09:21:45] 646.7, 123.9, 5.212
[09:21:46] 646.6, 123.9, 5.210
[09:21:47] 646.7, 123.4, 7.176
[09:21:48] 743.2, 123.9, 5.211
[09:21:49] 646.5, 123.9, 5.216
[09:21:50] 646.5, 123.9, 5.209
[09:21:51] 646.5, 123.8, 5.214
[09:21:52] 646.5, 123.3, 7.169
[09:21:53] 742.2, 123.8, 5.218
[09:21:54] 646.9, 123.7, 5.236
[09:21:55] 646.9, 123.9, 5.233
[09:21:56] 647.0, 123.8, 5.227
[09:21:57] 647.1, 123.4, 7.165
[09:21:58] 741.8, 123.9, 5.211
[09:21:59] 646.5, 123.9, 5.209
[09:22:00] 646.5, 123.9, 5.211
[09:22:01] 646.4, 124.0, 5.210
[09:22:02] 646.4, 123.4, 7.155
[09:22:03] 740.8, 123.9, 5.212
[09:22:04] 646.5, 123.9, 5.207
[09:22:05] 646.4, 123.9, 5.210
[09:22:06] 646.4, 123.8, 5.210
[09:22:07] 646.4, 123.4, 7.148
[09:22:08] 739.2, 123.8, 5.208
[09:22:09] 646.5, 123.8, 5.213
[09:22:10] 646.4, 123.8, 5.207
[09:22:11] 646.4, 123.8, 5.210
[09:22:12] 646.4, 123.4, 7.147
[09:22:13] 736.3, 123.9, 5.210
[09:22:14] 646.7, 123.9, 5.213
[09:22:15] 646.6, 123.8, 5.209
[09:22:16] 646.6, 123.8, 5.213
[09:22:17] 646.6, 123.4, 7.112
[09:22:18] 730.6, 123.9, 5.211
[09:22:19] 646.3, 123.9, 5.208
[09:22:20] 646.3, 123.9, 5.208
[09:22:21] 646.3, 124.0, 5.209
[09:22:22] 646.3, 123.5, 7.131
[09:22:23] 768.7, 123.9, 5.209
[09:22:24] 646.9, 123.9, 5.213
[09:22:25] 646.8, 123.8, 5.204
[09:22:26] 646.7, 123.9, 5.209
[09:22:27] 646.7, 123.5, 6.382
[09:22:28] 784.7, 123.9, 5.217
[09:22:29] 659.3, 123.9, 5.213
[09:22:30] 646.5, 123.9, 5.202
[09:22:31] 646.5, 123.9, 5.206
[09:22:32] 646.4, 123.9, 5.210
[09:22:33] 737.8, 123.9, 6.202
[09:22:34] 763.0, 124.0, 5.213
[09:22:35] 646.7, 123.9, 5.207
[09:22:36] 646.6, 123.9, 5.205
[09:22:37] 646.6, 123.9, 5.208
[09:22:38] 646.5, 123.4, 7.584
[09:22:39] 905.3, 123.9, 5.299
[09:22:40] 710.5, 123.9, 5.216
[09:22:41] 646.9, 123.9, 5.212
[09:22:42] 646.9, 124.0, 5.215
[09:22:43] 646.8, 123.9, 5.211
[09:22:44] 664.4, 123.3, 7.606
[09:22:45] 939.6, 123.2, 7.635
[09:22:46] 888.6, 123.8, 5.225
[09:22:47] 648.1, 123.8, 5.219
[09:22:48] 648.0, 123.8, 5.220
[09:22:49] 647.9, 123.8, 5.210
[09:22:50] 647.8, 123.8, 5.214
[09:22:51] 760.7, 123.3, 7.614
[09:22:52] 941.0, 123.3, 7.640
[09:22:53] 941.2, 123.3, 7.645
[09:22:54] 941.3, 123.9, 5.324
[09:22:55] 713.8, 123.9, 5.224
[09:22:56] 648.9, 123.9, 5.223
[09:22:57] 648.7, 123.9, 5.212
[09:22:58] 648.6, 123.8, 5.214
[09:22:59] 664.2, 123.3, 7.608
[09:23:00] 940.8, 123.3, 7.636
[09:23:01] 941.1, 123.2, 7.647
[09:23:02] 941.5, 123.2, 7.652
[09:23:03] 941.9, 123.2, 7.660
[09:23:04] 942.5, 123.2, 7.674
[09:23:05] 943.0, 123.2, 7.674
[09:23:06] 894.3, 123.8, 5.239
[09:23:07] 650.4, 123.8, 5.239
[09:23:08] 650.2, 123.8, 5.227
[09:23:09] 650.1, 123.8, 5.223
[09:23:10] 649.8, 123.8, 5.225
[09:23:11] 763.6, 123.2, 7.644
[09:23:12] 943.5, 123.2, 7.652
[09:23:13] 943.6, 123.2, 7.663
[09:23:14] 943.9, 123.2, 7.668
[09:23:15] 944.3, 123.2, 7.681
[09:23:16] 944.7, 123.2, 7.684
[09:23:17] 945.2, 123.2, 7.692
[09:23:18] 945.7, 123.1, 7.690
[09:23:19] 946.1, 123.1, 7.691
[09:23:20] 946.5, 123.2, 7.689
[09:23:21] 946.9, 123.2, 7.704
[09:23:22] 947.2, 123.2, 7.696
[09:23:23] 947.6, 123.3, 7.700
[09:23:24] 928.4, 123.9, 5.262
[09:23:25] 652.8, 123.8, 5.253
[09:23:26] 652.5, 123.7, 5.240
[09:23:27] 652.2, 123.7, 5.244
