<<<[04:12:41] 658.5, 124.9, 5.189
[04:12:42] 646.7, 125.0, 5.166
[04:12:43] 646.5, 124.8, 5.417
[04:12:44] 668.2, 124.9, 5.466
[04:12:45] 676.4, 124.8, 5.359
[04:12:46] 669.1, 124.9, 5.304
[04:12:47] 668.7, 124.8, 5.373
[04:12:48] 668.6, 124.9, 5.370
[04:12:49] 668.6, 124.8, 5.338
[04:12:50] 668.4, 124.9, 5.305
[04:12:51] 668.2, 124.8, 5.459
[04:12:52] 676.0, 124.9, 5.305
[04:12:53] 667.2, 124.8, 5.348
[04:12:54] 667.2, 124.9, 5.386
[04:12:55] 667.3, 124.8, 5.334
[04:12:56] 667.3, 124.9, 5.306
[04:12:57] 667.1, 124.9, 5.380
[04:12:58] 667.1, 124.8, 5.319
[04:12:59] 667.2, 124.8, 5.304
[04:13:00] 667.0, 124.9, 5.319
[04:13:01] 666.8, 124.9, 5.388
[04:13:02] 667.0, 124.8, 5.332
[04:13:03] 667.1, 124.9, 5.334
[04:13:04] 667.0, 124.8, 5.388
[04:13:05] 667.0, 124.9, 5.304
[04:13:06] 666.4, 124.9, 5.288
[04:13:07] 666.0, 124.9, 5.310
[04:13:08] 665.8, 124.9, 5.302
[04:13:09] 665.6, 124.8, 5.306
[04:13:10] 665.3, 124.9, 5.286
[04:13:11] 664.9, 124.8, 5.359
[04:13:12] 665.2, 124.9, 5.340
[04:13:13] 665.2, 124.8, 5.299
[04:13:14] 665.1, 124.9, 5.304
[04:13:15] 665.0, 124.8, 5.299
[04:13:16] 664.9, 124.9, 5.311
[04:13:17] 664.7, 124.8, 5.297
[04:13:18] 664.5, 124.9, 5.284
[04:13:19] 664.2, 124.8, 5.376
[04:13:20] 664.5, 124.9, 5.385
[04:13:21] 671.5, 124.8, 5.405
[04:13:22] 671.5, 124.9, 5.378
[04:13:23] 666.4, 124.8, 5.316
[04:13:24] 665.8, 124.9, 5.336
[04:13:25] 665.6, 124.9, 5.302
[04:13:26] 665.1, 124.8, 5.392
[04:13:27] 665.4, 124.9, 5.357
[04:13:28] 665.0, 124.8, 5.392
[04:13:29] 664.9, 124.8, 5.311
[04:13:30] 664.6, 124.8, 5.427
[04:13:31] 672.5, 124.9, 5.293
[04:13:32] 663.0, 124.9, 5.330
[04:13:33] 663.2, 124.9, 5.331
[04:13:34] 663.4, 124.9, 5.294
[04:13:35] 663.4, 124.9, 5.293
[04:13:36] 663.6, 124.9, 5.292
[04:13:37] 663.4, 124.8, 5.292
[04:13:38] 663.5, 124.9, 5.306
[04:13:39] 663.4, 124.9, 5.395
[04:13:40] 674.5, 124.8, 5.391
[04:13:41] 674.2, 124.9, 5.378
[04:13:42] 673.9, 124.9, 5.364
[04:13:43] 673.3, 124.9, 5.316
[04:13:44] 663.8, 124.8, 5.315
[04:13:45] 663.6, 125.0, 5.306
[04:13:46] 663.5, 124.9, 5.220
[04:13:47] 653.6, 124.8, 5.249
[04:13:48] 653.5, 125.0, 5.174
[04:13:49] 644.9, 124.9, 5.174
[04:13:50] 644.9, 124.9, 5.149
[04:13:51] 644.7, 124.8, 6.428
[04:13:52] 742.0, 124.9, 5.159
[04:13:53] 643.6, 124.9, 5.159
[04:13:54] 643.6, 125.0, 5.148
[04:13:55] 643.5, 124.9, 5.153
[04:13:56] 643.5, 124.7, 6.483
[04:13:57] 726.6, 124.9, 5.162
[04:13:58] 643.6, 124.9, 5.148
[04:13:59] 643.5, 124.9, 5.155
[04:14:00] 643.5, 124.9, 5.157
[04:14:01] 643.4, 124.4, 7.259
[04:14:02] 798.1, 124.9, 5.155
[04:14:03] 643.7, 124.8, 5.159
[04:14:04] 643.7, 124.9, 5.157
[04:14:05] 643.6, 124.8, 5.157
[04:14:06] 643.6, 124.9, 5.195
[04:14:07] 770.5, 124.9, 5.294
[04:14:08] 716.6, 124.9, 5.164
[04:14:09] 643.6, 124.9, 5.160
[04:14:10] 643.6, 124.9, 5.147
[04:14:11] 643.5, 124.9, 5.154
[04:14:12] 643.5, 124.4, 7.361
[04:14:13] 909.5, 124.8, 5.304
[04:14:14] 717.4, 124.9, 5.150
[04:14:15] 643.6, 124.8, 5.158
[04:14:16] 643.6, 124.8, 5.157
[04:14:17] 643.5, 124.9, 5.159
[04:14:18] 643.5, 124.3, 7.360
[04:14:19] 914.8, 124.3, 7.371
[04:14:20] 915.0, 124.9, 5.324
[04:14:21] 719.7, 124.9, 5.164
[04:14:22] 644.1, 124.9, 5.150
[04:14:23] 644.0, 124.9, 5.174
[04:14:24] 644.1, 124.9, 5.174
[04:14:25] 655.2, 124.3, 7.363
[04:14:26] 917.4, 124.4, 7.372
[04:14:27] 917.4, 124.3, 7.382
[04:14:28] 917.7, 124.3, 7.389
[04:14:29] 917.4, 124.9, 5.189
[04:14:30] 672.7, 124.8, 5.160
[04:14:31] 644.5, 124.8, 5.165
[04:14:32] 644.5, 124.9, 5.163
[04:14:33] 644.4, 124.9, 5.158
[04:14:34] 680.2, 124.3, 7.366
[04:14:35] 917.6, 124.4, 7.374
[04:14:36] 917.7, 124.4, 7.386
[04:14:37] 917.9, 124.3, 7.385
[04:14:38] 918.2, 124.4, 7.398
[04:14:39] 918.5, 124.4, 7.395
[04:14:40] 918.9, 124.3, 7.403
[04:14:41] 919.2, 124.4, 7.400
[04:14:42] 891.6, 124.9, 5.177
[04:14:43] 646.3, 124.8, 5.172
[04:14:44] 646.1, 124.9, 5.170
[04:14:45] 646.0, 124.8, 5.165
[04:14:46] 645.8, 124.9, 5.152
[04:14:47] 733.9, 124.3, 7.380
[04:14:48] 918.5, 124.3, 7.383
[04:14:49] 918.6, 124.3, 7.390
[04:14:50] 918.8, 124.4, 7.399
[04:14:51] 919.1, 124.4, 7.398
[04:14:52] 919.4, 124.3, 7.402
[04:14:53] 919.7, 124.4, 7.403
[04:14:54] 920.0, 124.4, 7.406
[04:14:55] 920.3, 124.4, 7.399
[04:14:56] 920.5, 124.4, 7.401
[04:14:57] 920.8, 124.3, 7.404
[04:14:58] 921.0, 124.3, 7.409
[04:14:59] 921.2, 124.4, 7.404
[04:15:00] 921.4, 124.3, 7.411
[04:15:01] 921.5, 124.4, 7.405
[04:15:02] 921.7, 124.8, 5.335
[04:15:03] 727.2, 124.9, 5.182
[04:15:04] 646.7, 124.9, 5.178
[04:15:05] 646.5, 124.9, 5.171
[04:15:06] 646.4, 125.0, 5.160
