<<<[03:32:24] 645.0, 125.0, 5.151
[03:32:25] 644.9, 125.0, 5.146
[03:32:26] 644.8, 125.0, 5.253
[03:32:27] 657.5, 125.0, 5.268
[03:32:28] 657.8, 125.0, 5.276
[03:32:29] 658.1, 125.0, 5.187
[03:32:30] 646.5, 125.1, 5.151
[03:32:31] 646.2, 125.1, 5.146
[03:32:32] 645.9, 125.0, 5.149
[03:32:33] 645.7, 125.0, 5.152
[03:32:34] 677.4, 125.1, 5.226
[03:32:35] 706.9, 125.0, 5.144
[03:32:36] 643.9, 125.1, 5.144
[03:32:37] 643.8, 125.0, 5.145
[03:32:38] 643.8, 125.0, 5.141
[03:32:39] 673.7, 125.1, 5.234
[03:32:40] 708.3, 125.0, 5.141
[03:32:41] 643.7, 125.1, 5.141
[03:32:42] 643.6, 125.0, 5.140
[03:32:43] 643.6, 125.0, 5.137
[03:32:44] 671.3, 125.1, 5.239
[03:32:45] 709.9, 125.0, 5.146
[03:32:46] 643.2, 125.1, 5.137
[03:32:47] 643.2, 125.1, 5.140
[03:32:48] 643.2, 125.0, 5.141
[03:32:49] 668.7, 125.1, 5.244
[03:32:50] 711.1, 125.0, 5.140
[03:32:51] 643.4, 125.1, 5.144
[03:32:52] 643.4, 125.0, 5.139
[03:32:53] 643.4, 125.1, 5.144
[03:32:54] 665.0, 125.0, 5.252
[03:32:55] 712.6, 125.1, 5.141
[03:32:56] 643.7, 125.0, 5.140
[03:32:57] 643.6, 125.1, 5.141
[03:32:58] 643.6, 125.0, 5.137
[03:32:59] 658.1, 125.1, 5.262
[03:33:00] 713.8, 125.0, 5.142
[03:33:01] 643.6, 125.0, 5.139
[03:33:02] 643.5, 125.0, 5.142
[03:33:03] 643.4, 124.9, 5.138
[03:33:04] 643.4, 124.8, 6.578
[03:33:05] 768.3, 125.0, 5.148
[03:33:06] 643.7, 125.1, 5.139
[03:33:07] 643.6, 125.0, 5.139
[03:33:08] 643.6, 125.1, 5.138
[03:33:09] 643.5, 124.5, 7.179
[03:33:10] 798.5, 125.1, 5.139
[03:33:11] 643.4, 125.0, 5.139
[03:33:12] 643.4, 125.1, 5.139
[03:33:13] 643.4, 125.0, 5.138
[03:33:14] 643.4, 124.5, 7.439
[03:33:15] 832.1, 125.0, 5.159
[03:33:16] 668.6, 125.1, 5.140
[03:33:17] 643.6, 125.0, 5.142
[03:33:18] 643.5, 125.0, 5.138
[03:33:19] 643.4, 125.1, 5.137
[03:33:20] 707.3, 124.3, 7.703
[03:33:21] 913.4, 125.1, 5.157
[03:33:22] 644.3, 125.0, 5.145
[03:33:23] 644.2, 125.0, 5.142
[03:33:24] 644.1, 125.1, 5.144
[03:33:25] 644.0, 125.0, 5.154
[03:33:26] 745.7, 124.4, 7.707
[03:33:27] 960.5, 124.5, 7.341
[03:33:28] 851.8, 125.0, 5.151
[03:33:29] 644.9, 125.0, 5.153
[03:33:30] 644.8, 125.1, 5.148
[03:33:31] 644.6, 125.1, 5.139
[03:33:32] 644.5, 124.5, 6.955
[03:33:33] 822.3, 124.4, 7.719
[03:33:34] 961.6, 124.5, 7.732
[03:33:35] 961.8, 124.5, 7.745
[03:33:36] 961.5, 125.0, 5.370
[03:33:37] 727.0, 125.1, 5.159
[03:33:38] 645.7, 125.0, 5.157
[03:33:39] 645.6, 124.9, 5.150
[03:33:40] 645.4, 125.0, 5.146
[03:33:41] 662.6, 124.4, 7.718
[03:33:42] 960.9, 124.4, 7.736
[03:33:43] 961.1, 124.3, 7.748
[03:33:44] 961.6, 124.3, 7.756
[03:33:45] 962.1, 124.4, 7.770
[03:33:46] 962.7, 124.3, 7.773
[03:33:47] 963.3, 124.3, 7.778
[03:33:48] 963.4, 125.0, 5.421
[03:33:49] 732.1, 124.9, 5.173
[03:33:50] 646.7, 125.0, 5.164
[03:33:51] 646.6, 124.9, 5.163
[03:33:52] 646.4, 125.0, 5.153
[03:33:53] 663.6, 124.3, 7.726
[03:33:54] 962.6, 124.4, 7.741
[03:33:55] 962.8, 124.4, 7.758
[03:33:56] 963.2, 124.3, 7.767
[03:33:57] 963.7, 124.4, 7.771
[03:33:58] 964.2, 124.3, 7.773
[03:33:59] 964.7, 124.4, 7.784
[03:34:00] 965.2, 124.3, 7.789
[03:34:01] 965.8, 124.4, 7.786
[03:34:02] 966.3, 124.4, 7.786
[03:34:03] 966.7, 124.3, 7.787
[03:34:04] 967.1, 124.4, 7.790
[03:34:05] 967.4, 124.3, 7.795
[03:34:06] 967.7, 124.4, 7.789
[03:34:07] 950.8, 125.0, 5.306
[03:34:08] 663.4, 125.0, 5.181
[03:34:09] 648.3, 125.0, 5.174
[03:34:10] 648.1, 125.1, 5.168
