<<<[04:57:14] 648.0, 125.1, 5.179
[04:57:15] 647.6, 125.1, 5.153
[04:57:16] 647.3, 125.0, 5.365
[04:57:17] 659.7, 125.0, 5.313
[04:57:18] 660.1, 125.0, 5.165
[04:57:19] 649.3, 125.1, 5.155
[04:57:20] 648.7, 125.0, 5.153
[04:57:21] 648.1, 125.0, 5.154
[04:57:22] 647.7, 125.0, 5.164
[04:57:23] 647.3, 124.6, 7.125
[04:57:24] 740.8, 125.0, 5.151
[04:57:25] 644.1, 125.0, 5.149
[04:57:26] 644.0, 125.0, 5.152
[04:57:27] 644.0, 125.0, 5.173
[04:57:28] 644.1, 124.5, 7.129
[04:57:29] 740.2, 125.0, 5.150
[04:57:30] 643.9, 124.9, 5.155
[04:57:31] 643.9, 125.0, 5.146
[04:57:32] 643.8, 125.0, 5.149
[04:57:33] 643.8, 124.5, 7.120
[04:57:34] 739.2, 125.0, 5.153
[04:57:35] 644.1, 125.1, 5.145
[04:57:36] 644.0, 125.0, 5.146
[04:57:37] 643.9, 125.0, 5.145
[04:57:38] 643.9, 124.5, 7.112
[04:57:39] 737.4, 125.0, 5.145
[04:57:40] 643.6, 125.1, 5.146
[04:57:41] 643.6, 125.1, 5.143
[04:57:42] 643.5, 125.1, 5.151
[04:57:43] 643.6, 124.5, 7.105
[04:57:44] 734.5, 125.0, 5.144
[04:57:45] 643.6, 125.0, 5.144
[04:57:46] 643.5, 125.1, 5.149
[04:57:47] 643.6, 125.1, 5.141
[04:57:48] 643.5, 124.6, 7.097
[04:57:49] 728.8, 125.0, 5.145
[04:57:50] 643.6, 125.0, 5.146
[04:57:51] 643.5, 125.0, 5.144
[04:57:52] 643.5, 125.0, 5.144
[04:57:53] 643.5, 124.6, 7.153
[04:57:54] 767.0, 125.1, 5.146
[04:57:55] 643.6, 125.0, 5.144
[04:57:56] 643.5, 125.0, 5.139
[04:57:57] 643.5, 125.0, 5.141
[04:57:58] 643.5, 124.6, 6.825
[04:57:59] 794.5, 125.1, 5.150
[04:58:00] 644.1, 125.0, 5.146
[04:58:01] 644.0, 125.0, 5.143
[04:58:02] 643.9, 125.0, 5.145
[04:58:03] 643.8, 125.1, 5.143
[04:58:04] 741.8, 124.9, 5.716
[04:58:05] 753.0, 125.0, 5.143
[04:58:06] 643.6, 125.1, 5.142
[04:58:07] 643.6, 125.1, 5.142
[04:58:08] 643.5, 125.0, 5.139
[04:58:09] 643.4, 124.4, 7.606
[04:58:10] 901.8, 124.9, 5.769
[04:58:11] 752.2, 125.1, 5.147
[04:58:12] 643.9, 125.1, 5.140
[04:58:13] 643.8, 125.1, 5.141
[04:58:14] 643.7, 125.0, 5.142
[04:58:15] 643.6, 124.4, 7.633
[04:58:16] 919.3, 124.4, 7.668
[04:58:17] 953.4, 124.9, 5.208
[04:58:18] 699.5, 125.0, 5.152
[04:58:19] 644.1, 125.1, 5.146
[04:58:20] 644.0, 125.0, 5.148
[04:58:21] 644.0, 124.9, 5.142
[04:58:22] 644.0, 124.3, 7.656
[04:58:23] 953.2, 124.4, 7.674
[04:58:24] 953.4, 124.3, 7.692
[04:58:25] 953.8, 124.3, 7.697
[04:58:26] 942.7, 125.0, 5.171
[04:58:27] 653.4, 125.0, 5.156
[04:58:28] 644.9, 125.1, 5.155
[04:58:29] 644.8, 125.1, 5.149
[04:58:30] 644.7, 125.0, 5.148
[04:58:31] 715.8, 124.5, 7.642
[04:58:32] 953.2, 124.4, 7.670
[04:58:33] 953.4, 124.4, 7.671
[04:58:34] 953.7, 124.5, 7.686
[04:58:35] 954.1, 124.5, 7.684
[04:58:36] 954.5, 124.4, 7.693
[04:58:37] 954.9, 124.4, 7.693
[04:58:38] 955.4, 124.6, 7.236
[04:58:39] 826.0, 125.1, 5.170
[04:58:40] 646.9, 125.0, 5.165
[04:58:41] 646.7, 125.0, 5.156
[04:58:42] 646.5, 125.1, 5.155
[04:58:43] 646.3, 124.5, 7.507
[04:58:44] 857.7, 124.4, 7.674
[04:58:45] 955.7, 124.3, 7.682
[04:58:46] 955.8, 124.4, 7.694
[04:58:47] 956.0, 124.5, 7.692
[04:58:48] 956.3, 124.5, 7.699
[04:58:49] 956.7, 124.3, 7.699
[04:58:50] 957.0, 124.4, 7.708
[04:58:51] 957.2, 124.4, 7.700
[04:58:52] 957.5, 124.4, 7.717
[04:58:53] 957.9, 124.4, 7.703
[04:58:54] 958.2, 124.3, 7.712
[04:58:55] 958.5, 124.3, 7.718
[04:58:56] 958.7, 124.4, 7.719
[04:58:57] 959.0, 124.4, 7.723
[04:58:58] 959.2, 124.8, 5.816
[04:58:59] 771.3, 125.0, 5.178
[04:59:00] 647.5, 124.9, 5.170
[04:59:01] 647.4, 125.0, 5.166
[04:59:02] 647.2, 125.0, 5.162
