<<<[01:59:55] 645.4, 125.2, 5.168
[01:59:56] 645.2, 125.1, 5.166
[01:59:57] 645.1, 125.1, 5.143
[01:59:58] 644.9, 125.0, 5.351
[01:59:59] 666.4, 125.1, 5.312
[02:00:00] 666.4, 125.1, 5.382
[02:00:01] 666.3, 125.0, 5.329
[02:00:02] 666.5, 125.1, 5.291
[02:00:03] 666.4, 125.0, 5.318
[02:00:04] 666.3, 125.1, 5.380
[02:00:05] 666.7, 125.0, 5.376
[02:00:06] 666.7, 125.1, 5.305
[02:00:07] 666.7, 125.1, 5.316
[02:00:08] 666.6, 125.1, 5.328
[02:00:09] 666.6, 125.2, 5.381
[02:00:10] 666.6, 125.1, 5.333
[02:00:11] 666.6, 125.2, 5.294
[02:00:12] 666.5, 125.1, 5.298
[02:00:13] 666.4, 125.1, 5.292
[02:00:14] 660.9, 125.1, 5.314
[02:00:15] 660.9, 125.1, 5.295
[02:00:16] 661.2, 125.1, 5.298
[02:00:17] 661.3, 125.1, 5.386
[02:00:18] 666.4, 125.1, 5.296
[02:00:19] 665.8, 125.1, 5.296
[02:00:20] 665.5, 125.1, 5.305
[02:00:21] 665.0, 125.2, 5.307
[02:00:22] 664.7, 125.0, 5.362
[02:00:23] 670.3, 125.2, 5.291
[02:00:24] 661.1, 125.1, 5.290
[02:00:25] 661.1, 125.2, 5.364
[02:00:26] 661.3, 125.1, 5.290
[02:00:27] 661.3, 125.1, 5.291
[02:00:28] 661.4, 125.1, 5.327
[02:00:29] 666.6, 125.1, 5.287
[02:00:30] 660.7, 125.1, 5.289
[02:00:31] 661.0, 125.0, 5.314
[02:00:32] 660.9, 125.1, 5.286
[02:00:33] 660.9, 125.1, 5.382
[02:00:34] 669.7, 125.0, 5.364
[02:00:35] 669.1, 125.2, 5.171
[02:00:36] 645.9, 125.1, 5.160
[02:00:37] 645.6, 125.2, 5.160
[02:00:38] 645.4, 125.1, 5.161
[02:00:39] 645.2, 125.2, 5.162
[02:00:40] 695.7, 125.1, 5.191
[02:00:41] 686.9, 125.2, 5.160
[02:00:42] 643.9, 125.1, 5.160
[02:00:43] 643.8, 125.2, 5.163
[02:00:44] 643.8, 125.1, 5.158
[02:00:45] 680.0, 125.2, 5.166
[02:00:46] 687.8, 125.1, 5.158
[02:00:47] 643.7, 125.1, 5.163
[02:00:48] 643.6, 125.2, 5.157
[02:00:49] 643.6, 125.1, 5.157
[02:00:50] 657.3, 125.2, 5.603
[02:00:51] 735.7, 125.1, 5.159
[02:00:52] 643.6, 125.2, 5.157
[02:00:53] 643.6, 125.1, 5.162
[02:00:54] 643.5, 125.2, 5.156
[02:00:55] 643.5, 124.7, 6.972
[02:00:56] 797.9, 125.2, 5.162
[02:00:57] 643.6, 125.1, 5.162
[02:00:58] 643.6, 125.2, 5.158
[02:00:59] 643.6, 125.1, 5.162
[02:01:00] 643.5, 124.9, 5.816
[02:01:01] 755.0, 124.6, 7.122
[02:01:02] 785.1, 125.2, 5.164
[02:01:03] 643.9, 125.1, 5.162
[02:01:04] 643.8, 125.1, 5.160
[02:01:05] 643.8, 125.2, 5.160
[02:01:06] 643.8, 124.7, 6.869
[02:01:07] 814.4, 124.7, 6.908
[02:01:08] 871.7, 125.1, 5.171
[02:01:09] 645.9, 125.2, 5.162
[02:01:10] 645.6, 125.1, 5.161
[02:01:11] 645.4, 125.2, 5.163
[02:01:12] 645.2, 125.2, 5.161
[02:01:13] 717.2, 124.7, 6.909
[02:01:14] 862.2, 124.7, 6.908
[02:01:15] 862.2, 124.7, 6.913
[02:01:16] 829.8, 125.2, 5.172
[02:01:17] 645.3, 125.1, 5.147
[02:01:18] 645.1, 125.1, 5.163
[02:01:19] 645.0, 125.2, 5.164
[02:01:20] 644.8, 125.1, 5.163
[02:01:21] 741.2, 124.7, 6.910
[02:01:23] 862.8, 124.6, 6.917
[02:01:24] 862.8, 124.7, 6.920
[02:01:25] 863.0, 124.6, 6.923
[02:01:26] 863.2, 124.8, 6.931
[02:01:27] 863.4, 124.6, 7.141
[02:01:28] 790.6, 125.2, 5.177
[02:01:29] 645.7, 125.1, 5.172
[02:01:30] 645.6, 125.1, 5.178
[02:01:31] 645.5, 125.1, 5.166
[02:01:32] 645.4, 124.7, 6.811
[02:01:33] 794.9, 124.7, 6.948
[02:01:34] 867.4, 124.6, 6.960
[02:01:35] 867.5, 124.7, 6.961
[02:01:36] 867.7, 124.6, 6.971
[02:01:37] 867.9, 124.6, 6.969
[02:01:38] 868.2, 124.6, 6.970
[02:01:39] 868.5, 124.6, 6.979
[02:01:40] 868.7, 124.6, 6.977
[02:01:41] 869.0, 124.7, 6.976
[02:01:42] 869.3, 124.6, 6.984
[02:01:43] 869.5, 124.7, 6.978
[02:01:44] 843.5, 125.2, 5.166
[02:01:45] 646.5, 125.1, 5.174
[02:01:46] 646.4, 125.2, 5.171
[02:01:47] 646.2, 125.1, 5.168
[02:01:48] 646.1, 125.1, 5.169
