<<<[08:22:01] 648.5, 124.5, 5.192
[08:22:02] 648.3, 124.4, 5.197
[08:22:03] 648.2, 124.3, 5.380
[08:22:04] 664.4, 124.3, 5.330
[08:22:05] 664.3, 124.4, 5.355
[08:22:06] 664.1, 124.4, 5.353
[08:22:07] 664.2, 124.4, 5.340
[08:22:08] 664.1, 124.3, 5.417
[08:22:09] 664.3, 124.4, 5.193
[08:22:10] 650.8, 124.5, 5.194
[08:22:11] 650.3, 124.4, 5.188
[08:22:12] 649.9, 124.4, 5.190
[08:22:13] 649.5, 124.5, 5.191
[08:22:14] 649.1, 124.0, 7.163
[08:22:15] 743.0, 124.4, 5.179
[08:22:16] 645.9, 124.5, 5.190
[08:22:17] 645.9, 124.5, 5.181
[08:22:18] 645.9, 124.5, 5.178
[08:22:19] 645.9, 124.1, 7.151
[08:22:20] 734.5, 124.6, 5.186
[08:22:21] 646.3, 124.5, 5.181
[08:22:22] 646.2, 124.5, 5.179
[08:22:23] 646.2, 124.6, 5.176
[08:22:24] 646.1, 124.1, 7.143
[08:22:25] 728.2, 124.6, 5.181
[08:22:26] 646.3, 124.5, 5.179
[08:22:27] 646.2, 124.5, 5.180
[08:22:28] 646.1, 124.5, 5.181
[08:22:29] 645.9, 124.0, 7.151
[08:22:30] 765.8, 124.5, 5.182
[08:22:31] 645.9, 124.6, 5.180
[08:22:32] 645.9, 124.5, 5.184
[08:22:33] 645.8, 124.5, 5.182
[08:22:34] 645.8, 124.1, 6.940
[08:22:35] 791.6, 124.5, 5.188
[08:22:36] 645.7, 124.5, 5.184
[08:22:37] 645.6, 124.5, 5.179
[08:22:38] 645.7, 124.5, 5.182
[08:22:39] 645.7, 124.6, 5.182
[08:22:40] 744.3, 124.5, 5.558
[08:22:41] 744.1, 124.5, 5.183
[08:22:42] 646.3, 124.5, 5.178
[08:22:43] 646.2, 124.5, 5.187
[08:22:44] 646.1, 124.5, 5.176
[08:22:45] 646.0, 124.0, 7.510
[08:22:46] 896.7, 124.5, 5.570
[08:22:47] 741.2, 124.5, 5.183
[08:22:48] 646.1, 124.4, 5.181
[08:22:49] 646.2, 124.5, 5.205
[08:22:50] 646.4, 124.6, 5.179
[08:22:51] 646.3, 124.0, 7.529
[08:22:52] 913.0, 124.0, 7.532
[08:22:53] 933.9, 124.5, 5.223
[08:22:54] 690.8, 124.5, 5.184
[08:22:55] 645.9, 124.5, 5.180
[08:22:56] 645.9, 124.5, 5.193
[08:22:57] 645.9, 124.5, 5.178
[08:22:58] 658.7, 124.0, 7.527
[08:22:59] 934.7, 123.8, 7.552
[08:23:00] 934.9, 123.9, 7.536
[08:23:01] 935.3, 123.9, 7.562
[08:23:02] 921.3, 124.5, 5.208
[08:23:03] 647.7, 124.5, 5.189
[08:23:04] 647.6, 124.5, 5.188
[08:23:05] 647.5, 124.5, 5.207
[08:23:06] 647.7, 124.5, 5.177
[08:23:07] 727.6, 123.9, 7.538
[08:23:08] 934.5, 123.8, 7.547
[08:23:09] 934.8, 123.9, 7.555
[08:23:10] 935.2, 123.9, 7.572
[08:23:11] 935.8, 123.9, 7.557
[08:23:12] 936.3, 123.9, 7.579
[08:23:13] 936.8, 123.9, 7.576
[08:23:14] 937.3, 124.0, 7.252
[08:23:15] 803.2, 124.4, 5.211
[08:23:16] 648.3, 124.5, 5.192
[08:23:17] 648.2, 124.5, 5.188
[08:23:18] 648.0, 124.5, 5.195
[08:23:19] 647.9, 123.9, 7.477
[08:23:20] 867.0, 123.9, 7.550
[08:23:21] 937.0, 123.9, 7.557
[08:23:22] 937.2, 123.9, 7.553
[08:23:23] 937.5, 123.9, 7.586
[08:23:24] 937.8, 123.9, 7.578
[08:23:25] 938.1, 123.9, 7.573
[08:23:26] 938.4, 123.9, 7.591
[08:23:27] 938.8, 123.9, 7.584
[08:23:28] 939.1, 123.9, 7.590
[08:23:29] 939.4, 123.9, 7.591
[08:23:30] 939.7, 123.9, 7.595
[08:23:31] 940.1, 123.8, 7.589
[08:23:32] 940.3, 123.8, 7.594
[08:23:33] 940.6, 123.8, 7.587
[08:23:34] 940.9, 124.5, 5.371
[08:23:35] 732.3, 124.4, 5.213
[08:23:36] 649.3, 124.5, 5.207
[08:23:37] 649.1, 124.4, 5.200
[08:23:38] 649.0, 124.4, 5.196
