<<<[07:40:39] 651.1, 124.9, 5.191
[07:40:40] 650.8, 124.9, 5.191
[07:40:41] 650.5, 124.8, 5.307
[07:40:42] 650.9, 124.9, 5.192
[07:40:43] 650.5, 124.9, 5.194
[07:40:44] 650.2, 124.9, 5.192
[07:40:45] 650.0, 124.9, 5.194
[07:40:46] 649.8, 124.8, 5.183
[07:40:47] 741.6, 124.8, 5.174
[07:40:48] 648.7, 124.8, 5.168
[07:40:49] 648.4, 124.8, 5.179
[07:40:50] 648.1, 124.8, 5.177
[07:40:51] 648.0, 124.8, 5.174
[07:40:52] 736.3, 124.8, 5.175
[07:40:53] 648.3, 124.8, 5.170
[07:40:54] 648.1, 124.8, 5.182
[07:40:55] 647.8, 124.8, 5.188
[07:40:56] 647.8, 124.9, 5.187
[07:40:57] 736.1, 124.9, 5.186
[07:40:58] 649.1, 124.9, 5.178
[07:40:59] 648.8, 124.9, 5.174
[07:41:00] 648.5, 124.9, 5.172
[07:41:01] 648.2, 124.9, 5.167
[07:41:02] 734.3, 124.8, 5.183
[07:41:03] 649.5, 124.8, 5.173
[07:41:04] 649.1, 124.8, 5.166
[07:41:05] 648.7, 124.8, 5.176
[07:41:06] 648.4, 124.9, 5.174
[07:41:07] 733.7, 124.9, 5.182
[07:41:08] 650.0, 124.8, 5.167
[07:41:09] 649.5, 124.8, 5.167
[07:41:10] 649.1, 124.8, 5.183
[07:41:11] 648.7, 124.8, 5.167
[07:41:12] 732.1, 124.8, 5.175
[07:41:13] 650.6, 124.8, 5.171
[07:41:14] 650.0, 124.8, 5.177
[07:41:15] 649.5, 124.8, 5.175
[07:41:16] 649.1, 124.9, 5.166
[07:41:17] 731.5, 124.9, 5.176
[07:41:18] 650.8, 124.8, 5.177
[07:41:19] 650.2, 124.8, 5.168
[07:41:20] 649.7, 124.8, 5.173
[07:41:21] 649.3, 124.8, 5.174
[07:41:22] 729.8, 124.8, 5.181
[07:41:23] 650.8, 124.8, 5.169
[07:41:24] 650.2, 124.9, 5.169
[07:41:25] 649.6, 124.9, 5.166
[07:41:26] 649.2, 124.8, 5.176
[07:41:27] 728.4, 124.8, 5.171
[07:41:28] 651.2, 124.8, 5.172
[07:41:29] 646.1, 124.9, 5.172
[07:41:30] 646.0, 124.9, 5.176
[07:41:31] 646.0, 124.9, 5.165
[07:41:32] 724.5, 124.8, 5.178
[07:41:33] 651.8, 124.8, 5.168
[07:41:34] 646.1, 124.8, 5.172
[07:41:35] 646.0, 124.8, 5.164
[07:41:36] 646.0, 124.9, 5.167
[07:41:37] 718.5, 124.8, 5.173
[07:41:38] 651.8, 124.8, 5.178
[07:41:39] 645.9, 124.8, 5.167
[07:41:40] 645.9, 124.8, 5.168
[07:41:41] 645.9, 124.9, 5.162
[07:41:42] 706.9, 124.9, 5.231
[07:41:43] 701.4, 124.9, 5.166
[07:41:44] 645.9, 124.8, 5.168
[07:41:45] 645.8, 124.9, 5.164
[07:41:46] 645.8, 124.8, 5.174
[07:41:47] 680.6, 124.7, 5.910
[07:41:48] 755.9, 124.8, 5.175
[07:41:49] 646.3, 124.8, 5.168
[07:41:50] 646.2, 124.8, 5.167
[07:41:51] 646.1, 124.8, 5.168
[07:41:52] 646.0, 124.3, 7.527
[07:41:53] 845.5, 124.9, 5.168
[07:41:54] 646.5, 124.9, 5.183
[07:41:55] 646.4, 124.9, 5.162
[07:41:56] 646.3, 124.8, 5.169
[07:41:57] 646.2, 124.7, 5.185
[07:41:58] 781.1, 124.3, 7.260
[07:41:59] 821.7, 124.9, 5.177
[07:42:00] 646.5, 124.8, 5.165
[07:42:01] 646.5, 124.8, 5.170
[07:42:02] 646.4, 124.8, 5.181
[07:42:03] 646.3, 124.3, 7.043
[07:42:04] 819.3, 124.3, 7.568
[07:42:05] 941.4, 124.7, 5.981
[07:42:06] 762.4, 124.8, 5.185
[07:42:07] 647.3, 124.8, 5.182
[07:42:08] 647.1, 124.8, 5.168
[07:42:09] 647.1, 124.9, 5.172
[07:42:10] 647.0, 124.2, 7.533
[07:42:11] 896.1, 124.1, 7.575
[07:42:12] 942.9, 124.2, 7.593
[07:42:13] 943.1, 124.2, 7.596
[07:42:14] 886.3, 124.8, 5.204
[07:42:15] 648.7, 124.7, 5.194
[07:42:16] 648.6, 124.8, 5.172
[07:42:17] 648.4, 124.9, 5.175
[07:42:18] 648.2, 124.9, 5.189
[07:42:19] 757.1, 124.2, 7.572
[07:42:20] 942.4, 124.2, 7.591
[07:42:21] 942.6, 124.2, 7.596
[07:42:22] 943.0, 124.1, 7.601
[07:42:23] 943.4, 124.2, 7.620
[07:42:24] 943.8, 124.2, 7.612
[07:42:25] 944.3, 124.2, 7.618
[07:42:26] 885.5, 124.8, 5.220
[07:42:27] 649.9, 124.8, 5.194
[07:42:28] 649.8, 124.8, 5.186
[07:42:29] 649.6, 124.8, 5.179
[07:42:30] 649.3, 124.8, 5.197
[07:42:31] 773.7, 124.2, 7.591
[07:42:32] 943.9, 124.2, 7.592
[07:42:33] 944.1, 124.1, 7.610
[07:42:34] 944.4, 124.2, 7.608
[07:42:35] 944.7, 124.2, 7.618
[07:42:36] 945.1, 124.1, 7.631
[07:42:37] 945.6, 124.2, 7.627
[07:42:38] 946.0, 124.2, 7.629
[07:42:39] 946.4, 124.2, 7.638
[07:42:40] 946.9, 124.2, 7.630
[07:42:41] 947.2, 124.1, 7.629
[07:42:42] 947.5, 124.3, 7.633
[07:42:43] 947.8, 124.2, 7.633
[07:42:44] 948.0, 124.5, 6.808
[07:42:45] 795.5, 124.9, 5.205
[07:42:46] 650.8, 124.8, 5.219
[07:42:47] 650.6, 124.9, 5.192
[07:42:48] 650.4, 124.8, 5.190
