<<<[13:31:52] 648.4, 122.9, 5.265
[13:31:53] 648.1, 123.0, 5.263
[13:31:54] 647.7, 123.0, 5.237
[13:31:55] 647.3, 122.8, 5.403
[13:31:56] 662.8, 122.9, 5.268
[13:31:57] 648.1, 122.9, 5.250
[13:31:58] 647.7, 123.0, 5.241
[13:31:59] 647.3, 123.0, 5.265
[13:32:00] 647.0, 122.9, 5.264
[13:32:01] 646.7, 122.5, 7.233
[13:32:02] 742.0, 123.0, 5.242
[13:32:03] 644.3, 123.0, 5.261
[13:32:04] 644.3, 122.9, 5.261
[13:32:05] 644.3, 122.9, 5.263
[13:32:06] 644.4, 122.4, 7.245
[13:32:07] 736.3, 122.9, 5.266
[13:32:08] 645.1, 122.9, 5.257
[13:32:09] 645.0, 122.9, 5.261
[13:32:10] 644.9, 123.0, 5.235
[13:32:11] 644.7, 122.5, 7.242
[13:32:12] 735.9, 122.8, 5.259
[13:32:13] 644.5, 122.8, 5.247
[13:32:14] 644.4, 123.0, 5.233
[13:32:15] 644.3, 122.8, 5.259
[13:32:16] 644.3, 122.3, 7.235
[13:32:17] 734.9, 123.0, 5.257
[13:32:18] 643.9, 122.9, 5.231
[13:32:19] 643.8, 122.9, 5.257
[13:32:20] 643.8, 123.0, 5.254
[13:32:21] 643.8, 122.5, 7.259
[13:32:22] 736.5, 122.9, 5.232
[13:32:23] 643.2, 122.9, 5.253
[13:32:24] 643.2, 123.0, 5.254
[13:32:25] 643.3, 122.9, 5.259
[13:32:26] 643.3, 122.4, 7.224
[13:32:27] 733.9, 123.0, 5.253
[13:32:28] 643.6, 123.0, 5.253
[13:32:29] 643.6, 122.9, 5.238
[13:32:30] 643.5, 122.9, 5.231
[13:32:31] 643.5, 122.4, 7.230
[13:32:32] 733.1, 122.9, 5.258
[13:32:33] 643.9, 122.9, 5.255
[13:32:34] 643.8, 122.9, 5.233
[13:32:35] 643.8, 122.9, 5.260
[13:32:36] 643.8, 122.5, 7.200
[13:32:37] 730.0, 122.9, 5.255
[13:32:38] 643.9, 122.9, 5.229
[13:32:39] 643.7, 123.0, 5.249
[13:32:40] 643.7, 123.0, 5.249
[13:32:41] 643.6, 122.4, 7.199
[13:32:42] 726.2, 122.9, 5.227
[13:32:43] 643.0, 123.0, 5.252
[13:32:44] 643.0, 123.0, 5.252
[13:32:45] 643.1, 122.9, 5.236
[13:32:46] 643.1, 122.4, 7.184
[13:32:47] 718.2, 123.0, 5.252
[13:32:48] 643.6, 123.0, 5.250
[13:32:49] 643.5, 122.9, 5.250
[13:32:50] 643.5, 123.0, 5.224
[13:32:51] 643.4, 122.4, 7.281
[13:32:52] 752.2, 122.9, 5.247
[13:32:53] 643.6, 123.0, 5.248
[13:32:54] 643.5, 122.9, 5.226
[13:32:55] 643.4, 122.9, 5.251
[13:32:56] 643.4, 123.0, 5.259
[13:32:57] 771.1, 123.0, 5.292
[13:32:58] 694.1, 123.0, 5.227
[13:32:59] 643.0, 123.0, 5.249
[13:33:00] 643.1, 123.0, 5.252
[13:33:01] 643.3, 122.9, 5.242
[13:33:02] 689.4, 122.5, 7.423
[13:33:03] 864.6, 122.9, 5.253
[13:33:04] 644.1, 122.9, 5.251
[13:33:05] 644.0, 123.0, 5.252
[13:33:06] 643.9, 123.0, 5.228
[13:33:07] 643.8, 122.5, 6.686
[13:33:08] 803.0, 122.4, 7.665
[13:33:09] 922.1, 123.0, 5.262
[13:33:10] 649.3, 122.9, 5.231
[13:33:11] 643.6, 122.9, 5.250
[13:33:12] 643.6, 123.0, 5.247
[13:33:13] 643.5, 122.9, 5.253
[13:33:14] 741.8, 122.3, 7.658
[13:33:15] 938.2, 122.3, 7.675
[13:33:16] 938.5, 122.7, 6.015
[13:33:17] 755.4, 122.9, 5.250
[13:33:18] 644.7, 122.9, 5.235
[13:33:19] 644.5, 122.8, 5.256
[13:33:20] 644.4, 122.8, 5.260
[13:33:21] 644.5, 122.3, 7.652
[13:33:22] 913.0, 122.3, 7.687
[13:33:23] 941.4, 122.3, 7.698
[13:33:24] 941.5, 122.3, 7.707
[13:33:25] 941.8, 122.3, 7.709
[13:33:26] 941.6, 122.9, 5.324
[13:33:27] 705.0, 122.9, 5.271
[13:33:28] 646.1, 123.0, 5.263
[13:33:29] 645.9, 123.0, 5.260
[13:33:30] 645.8, 122.9, 5.234
[13:33:31] 667.2, 122.4, 7.666
[13:33:32] 939.8, 122.3, 7.689
[13:33:33] 940.0, 122.3, 7.702
[13:33:34] 940.5, 122.4, 7.707
[13:33:35] 940.9, 122.4, 7.705
[13:33:36] 941.4, 122.3, 7.712
[13:33:37] 941.8, 122.3, 7.717
[13:33:38] 942.2, 122.3, 7.720
[13:33:39] 942.5, 122.2, 7.725
[13:33:40] 942.9, 122.2, 7.724
[13:33:41] 886.6, 123.0, 5.285
[13:33:42] 647.7, 122.9, 5.251
[13:33:43] 647.5, 122.9, 5.271
[13:33:44] 647.2, 123.0, 5.262
[13:33:45] 647.0, 122.8, 5.264
[13:33:46] 771.9, 122.3, 7.687
[13:33:47] 941.4, 122.4, 7.706
[13:33:48] 941.6, 122.2, 7.714
[13:33:49] 942.0, 122.3, 7.724
[13:33:50] 942.4, 122.3, 7.714
[13:33:51] 942.8, 122.4, 7.719
[13:33:52] 943.1, 122.2, 7.724
[13:33:53] 943.5, 122.4, 7.723
[13:33:54] 943.9, 122.2, 7.735
[13:33:55] 944.3, 122.3, 7.730
[13:33:56] 944.6, 122.3, 7.735
[13:33:57] 945.0, 122.4, 7.737
[13:33:58] 945.3, 122.3, 7.736
[13:33:59] 945.7, 122.4, 7.737
[13:34:00] 946.0, 122.3, 7.736
[13:34:01] 946.2, 122.3, 7.743
[13:34:02] 946.4, 122.4, 7.733
[13:34:03] 946.6, 122.3, 7.736
[13:34:04] 946.7, 122.4, 7.733
[13:34:05] 905.0, 122.9, 5.288
[13:34:06] 649.3, 122.9, 5.265
[13:34:07] 649.0, 123.0, 5.280
[13:34:08] 648.8, 122.9, 5.269
