<<<[11:30:12] 645.6, 123.5, 5.246
[11:30:13] 645.7, 123.5, 5.229
[11:30:14] 645.6, 123.4, 5.369
[11:30:15] 657.3, 123.4, 5.231
[11:30:16] 645.7, 123.5, 5.224
[11:30:17] 645.6, 123.5, 5.229
[11:30:18] 645.5, 123.4, 5.229
[11:30:19] 645.5, 123.5, 5.232
[11:30:20] 705.8, 123.4, 5.248
[11:30:21] 680.2, 123.5, 5.231
[11:30:22] 644.7, 123.5, 5.223
[11:30:23] 644.7, 123.4, 5.228
[11:30:24] 644.7, 123.4, 5.229
[11:30:25] 701.2, 123.5, 5.249
[11:30:26] 682.5, 123.5, 5.221
[11:30:27] 644.7, 123.4, 5.226
[11:30:28] 644.6, 123.5, 5.226
[11:30:29] 644.6, 123.5, 5.224
[11:30:30] 698.1, 123.4, 5.245
[11:30:31] 683.1, 123.4, 5.224
[11:30:32] 645.1, 123.5, 5.218
[11:30:33] 645.0, 123.5, 5.219
[11:30:34] 644.9, 123.4, 5.218
[11:30:35] 695.3, 123.5, 5.247
[11:30:36] 684.9, 123.6, 5.226
[11:30:37] 644.7, 123.6, 5.223
[11:30:38] 644.7, 123.5, 5.216
[11:30:39] 644.6, 123.5, 5.221
[11:30:40] 692.4, 123.5, 5.249
[11:30:41] 686.5, 123.6, 5.226
[11:30:42] 644.5, 123.6, 5.221
[11:30:43] 644.5, 123.5, 5.223
[11:30:44] 644.5, 123.4, 5.218
[11:30:45] 687.4, 123.4, 5.248
[11:30:46] 687.4, 123.5, 5.211
[11:30:47] 644.3, 123.5, 5.214
[11:30:48] 644.3, 123.5, 5.218
[11:30:49] 644.3, 123.5, 5.217
[11:30:50] 680.0, 123.4, 5.248
[11:30:51] 689.4, 123.5, 5.222
[11:30:52] 644.7, 123.5, 5.224
[11:30:53] 644.6, 123.5, 5.221
[11:30:54] 644.6, 123.5, 5.219
[11:30:55] 666.6, 123.5, 5.703
[11:30:56] 740.6, 123.4, 5.224
[11:30:57] 644.7, 123.4, 5.222
[11:30:58] 644.6, 123.4, 5.217
[11:30:59] 644.5, 123.5, 5.218
[11:31:00] 644.5, 123.0, 7.224
[11:31:01] 789.6, 123.4, 5.219
[11:31:02] 644.9, 123.4, 5.213
[11:31:03] 644.8, 123.5, 5.217
[11:31:04] 644.7, 123.5, 5.221
[11:31:05] 644.7, 122.9, 7.323
[11:31:06] 841.4, 123.4, 5.227
[11:31:07] 646.3, 123.5, 5.224
[11:31:08] 646.1, 123.5, 5.223
[11:31:09] 646.0, 123.4, 5.221
[11:31:10] 645.7, 123.4, 5.217
[11:31:11] 743.5, 122.9, 7.265
[11:31:12] 802.0, 123.5, 5.228
[11:31:13] 645.3, 123.4, 5.222
[11:31:14] 645.2, 123.4, 5.221
[11:31:15] 645.1, 123.4, 5.220
[11:31:16] 645.0, 123.0, 6.941
[11:31:17] 800.6, 122.8, 7.376
[11:31:18] 906.3, 123.4, 5.286
[11:31:19] 700.4, 123.4, 5.234
[11:31:20] 645.9, 123.4, 5.231
[11:31:21] 645.8, 123.4, 5.227
[11:31:22] 645.7, 123.4, 5.225
[11:31:23] 654.8, 122.9, 7.368
[11:31:24] 906.5, 123.0, 7.391
[11:31:25] 906.8, 122.8, 7.405
[11:31:26] 907.2, 123.2, 6.008
[11:31:27] 754.2, 123.5, 5.237
[11:31:28] 646.7, 123.4, 5.234
[11:31:29] 646.6, 123.3, 5.231
[11:31:30] 646.5, 123.3, 5.229
[11:31:31] 646.3, 122.9, 7.365
[11:31:32] 887.2, 122.8, 7.382
[11:31:33] 909.3, 122.8, 7.401
[11:31:34] 909.5, 122.9, 7.409
[11:31:35] 909.7, 122.8, 7.417
[11:31:36] 910.0, 122.9, 7.425
[11:31:37] 910.3, 123.0, 7.302
[11:31:38] 812.0, 123.4, 5.249
[11:31:39] 647.5, 123.3, 5.240
[11:31:40] 647.4, 123.5, 5.233
[11:31:41] 647.3, 123.5, 5.232
[11:31:42] 647.2, 122.9, 7.285
[11:31:43] 832.1, 122.9, 7.393
[11:31:44] 909.9, 123.0, 7.408
[11:31:45] 910.1, 123.0, 7.412
[11:31:46] 910.2, 123.0, 7.416
[11:31:47] 910.5, 123.0, 7.417
[11:31:48] 910.9, 123.0, 7.427
[11:31:49] 911.2, 123.0, 7.430
[11:31:50] 911.6, 123.0, 7.434
[11:31:51] 911.9, 122.9, 7.443
[11:31:52] 912.4, 122.9, 7.437
[11:31:53] 912.7, 122.9, 7.446
[11:31:54] 913.0, 122.9, 7.444
[11:31:55] 839.8, 123.4, 5.262
[11:31:56] 649.7, 123.4, 5.251
[11:31:57] 649.5, 123.4, 5.244
[11:31:58] 649.2, 123.4, 5.243
