<<<[08:40:51] 650.2, 124.3, 5.221
[08:40:52] 650.0, 124.4, 5.205
[08:40:53] 649.8, 124.3, 5.311
[08:40:54] 661.9, 124.3, 5.373
[08:40:55] 662.3, 124.3, 5.405
[08:40:56] 662.4, 124.3, 5.212
[08:40:57] 648.5, 124.3, 5.208
[08:40:58] 648.5, 124.3, 5.225
[08:40:59] 648.5, 124.4, 5.213
[08:41:00] 648.5, 124.4, 5.205
[08:41:01] 726.8, 124.4, 5.212
[08:41:02] 666.2, 124.4, 5.225
[08:41:03] 647.7, 124.3, 5.201
[08:41:04] 647.7, 124.4, 5.200
[08:41:05] 647.7, 124.4, 5.194
[08:41:06] 720.7, 124.3, 5.223
[08:41:07] 666.2, 124.4, 5.204
[08:41:08] 647.5, 124.4, 5.191
[08:41:09] 647.5, 124.4, 5.195
[08:41:10] 647.4, 124.4, 5.219
[08:41:11] 719.5, 124.5, 5.204
[08:41:12] 666.8, 124.4, 5.199
[08:41:13] 647.3, 124.4, 5.190
[08:41:14] 647.2, 124.4, 5.213
[08:41:15] 647.2, 124.4, 5.206
[08:41:16] 716.6, 124.4, 5.204
[08:41:17] 667.2, 124.4, 5.196
[08:41:18] 647.1, 124.4, 5.215
[08:41:19] 647.0, 124.4, 5.192
[08:41:20] 647.0, 124.4, 5.197
[08:41:21] 712.4, 124.3, 5.203
[08:41:22] 667.6, 124.4, 5.215
[08:41:23] 647.1, 124.4, 5.196
[08:41:24] 647.0, 124.4, 5.192
[08:41:25] 647.0, 124.4, 5.195
[08:41:26] 705.2, 124.4, 5.221
[08:41:27] 667.8, 124.3, 5.195
[08:41:28] 647.1, 124.3, 5.198
[08:41:29] 647.0, 124.3, 5.190
[08:41:30] 646.9, 124.3, 5.211
[08:41:31] 692.6, 124.3, 5.324
[08:41:32] 718.4, 124.4, 5.194
[08:41:33] 646.9, 124.4, 5.200
[08:41:34] 646.8, 124.3, 5.213
[08:41:35] 646.8, 124.3, 5.190
[08:41:36] 665.2, 124.1, 6.685
[08:41:37] 771.1, 124.3, 5.192
[08:41:38] 646.7, 124.3, 5.207
[08:41:39] 646.6, 124.3, 5.196
[08:41:40] 646.6, 124.3, 5.191
[08:41:41] 646.6, 123.8, 7.348
[08:41:42] 840.4, 124.4, 5.219
[08:41:43] 646.9, 124.4, 5.194
[08:41:44] 646.8, 124.3, 5.196
[08:41:45] 646.8, 124.3, 5.195
[08:41:46] 646.8, 124.3, 5.206
[08:41:47] 761.7, 123.9, 7.244
[08:41:48] 827.8, 124.4, 5.198
[08:41:49] 647.7, 124.4, 5.194
[08:41:50] 647.5, 124.3, 5.213
[08:41:51] 647.4, 124.3, 5.198
[08:41:52] 647.3, 123.9, 6.884
[08:41:53] 803.6, 123.8, 7.372
[08:41:54] 913.8, 124.3, 5.383
[08:41:55] 725.2, 124.4, 5.203
[08:41:56] 647.9, 124.3, 5.199
[08:41:57] 647.8, 124.3, 5.201
[08:41:58] 647.7, 124.2, 5.218
[08:41:59] 647.5, 123.7, 7.354
[08:42:00] 888.4, 123.7, 7.383
[08:42:01] 915.2, 123.8, 7.399
[08:42:02] 915.3, 123.8, 7.299
[08:42:03] 833.1, 124.3, 5.217
[08:42:04] 649.1, 124.4, 5.206
[08:42:05] 648.9, 124.4, 5.196
[08:42:06] 648.7, 124.3, 5.215
[08:42:07] 648.5, 123.9, 6.533
[08:42:08] 792.6, 123.8, 7.377
[08:42:09] 915.0, 123.7, 7.397
[08:42:10] 915.2, 123.8, 7.394
[08:42:11] 915.5, 123.8, 7.400
[08:42:12] 915.8, 123.9, 7.410
[08:42:13] 916.2, 123.8, 7.401
[08:42:14] 916.6, 124.1, 6.914
[08:42:15] 780.0, 124.3, 5.224
[08:42:16] 649.9, 124.4, 5.206
[08:42:17] 649.7, 124.3, 5.209
[08:42:18] 649.5, 124.4, 5.218
[08:42:19] 649.3, 123.8, 7.348
[08:42:20] 869.7, 123.8, 7.395
[08:42:21] 916.6, 123.8, 7.395
[08:42:22] 916.7, 123.8, 7.407
[08:42:23] 916.9, 123.8, 7.415
[08:42:24] 917.2, 123.8, 7.408
[08:42:25] 917.5, 123.8, 7.428
[08:42:26] 917.9, 123.8, 7.422
[08:42:27] 918.2, 123.8, 7.431
[08:42:28] 918.7, 123.8, 7.439
[08:42:29] 919.0, 123.8, 7.432
[08:42:30] 919.4, 123.8, 7.436
[08:42:31] 919.7, 123.8, 7.434
[08:42:32] 920.0, 123.7, 7.436
[08:42:33] 816.2, 124.3, 5.232
[08:42:34] 650.8, 124.4, 5.224
[08:42:35] 650.6, 124.4, 5.210
[08:42:36] 650.4, 124.4, 5.212
