<<<[21:16:41] 647.3, 123.4, 5.244
[21:16:42] 647.3, 123.3, 5.241
[21:16:43] 647.2, 123.3, 5.245
[21:16:44] 647.4, 123.4, 5.356
[21:16:45] 660.1, 123.4, 5.245
[21:16:46] 647.9, 123.3, 5.228
[21:16:47] 647.6, 123.4, 5.238
[21:16:48] 647.3, 123.4, 5.236
[21:16:49] 647.2, 123.1, 6.337
[21:16:50] 742.2, 123.5, 5.226
[21:16:51] 645.3, 123.3, 5.245
[21:16:52] 645.4, 123.3, 5.242
[21:16:53] 645.6, 123.4, 5.242
[21:16:54] 645.8, 123.1, 6.086
[21:16:55] 739.6, 123.4, 5.238
[21:16:56] 645.7, 123.4, 5.231
[21:16:57] 645.6, 123.4, 5.232
[21:16:58] 645.6, 123.4, 5.223
[21:16:59] 645.5, 123.1, 5.966
[21:17:00] 738.0, 123.4, 5.233
[21:17:01] 645.5, 123.4, 5.232
[21:17:02] 645.5, 123.3, 5.245
[21:17:03] 645.6, 123.3, 5.241
[21:17:04] 645.8, 123.1, 5.836
[21:17:05] 738.0, 123.3, 5.235
[21:17:06] 645.7, 123.4, 5.224
[21:17:07] 645.6, 123.4, 5.234
[21:17:08] 645.5, 123.4, 5.232
[21:17:09] 645.5, 123.1, 5.679
[21:17:10] 737.4, 123.3, 5.239
[21:17:11] 646.1, 123.3, 5.246
[21:17:12] 646.2, 123.3, 5.245
[21:17:13] 646.2, 123.4, 5.235
[21:17:14] 646.1, 123.1, 5.484
[21:17:15] 735.7, 123.3, 5.237
[21:17:16] 645.5, 123.4, 5.233
[21:17:17] 645.4, 123.2, 5.233
[21:17:18] 645.4, 123.4, 5.222
[21:17:19] 645.3, 123.3, 5.298
[21:17:20] 734.5, 123.3, 5.247
[21:17:21] 646.3, 123.3, 5.241
[21:17:22] 646.3, 123.4, 5.234
[21:17:23] 646.3, 123.3, 5.243
[21:17:24] 646.3, 123.3, 5.244
[21:17:25] 731.9, 123.4, 5.236
[21:17:26] 645.3, 123.4, 5.223
[21:17:27] 645.2, 123.4, 5.230
[21:17:28] 645.1, 123.3, 5.230
[21:17:29] 645.1, 123.3, 5.231
[21:17:30] 724.5, 123.3, 5.225
[21:17:31] 644.5, 123.3, 5.232
[21:17:32] 644.5, 123.4, 5.244
[21:17:33] 644.7, 123.3, 5.245
[21:17:34] 644.9, 123.4, 5.231
[21:17:35] 734.1, 123.2, 5.259
[21:17:36] 674.3, 123.3, 5.246
[21:17:37] 646.5, 123.3, 5.231
[21:17:38] 646.3, 123.4, 5.219
[21:17:39] 646.0, 123.4, 5.228
[21:17:40] 705.6, 123.4, 5.420
[21:17:41] 723.7, 123.4, 5.230
[21:17:42] 644.9, 123.3, 5.220
[21:17:43] 644.8, 123.4, 5.227
[21:17:44] 644.8, 123.4, 5.238
[21:17:45] 644.9, 122.9, 7.459
[21:17:46] 834.7, 123.5, 5.230
[21:17:47] 646.3, 123.5, 5.243
[21:17:48] 646.3, 123.4, 5.238
[21:17:49] 646.3, 123.4, 5.229
[21:17:50] 646.1, 123.1, 5.698
[21:17:51] 782.3, 122.9, 7.369
[21:17:52] 842.2, 123.4, 5.236
[21:17:53] 645.5, 123.5, 5.232
[21:17:54] 645.5, 123.4, 5.221
[21:17:55] 645.4, 123.4, 5.234
[21:17:56] 645.3, 123.0, 6.605
[21:17:57] 798.7, 122.9, 7.553
[21:17:58] 929.0, 122.9, 7.307
[21:17:59] 794.3, 123.4, 5.255
[21:18:00] 647.9, 123.4, 5.250
[21:18:01] 647.8, 123.3, 5.238
[21:18:02] 647.5, 123.4, 5.222
[21:18:03] 647.2, 122.9, 7.314
[21:18:04] 829.0, 122.8, 7.542
[21:18:05] 928.0, 122.8, 7.556
[21:18:06] 928.2, 122.8, 7.566
[21:18:07] 928.4, 123.4, 5.561
[21:18:08] 740.2, 123.4, 5.263
[21:18:09] 648.3, 123.4, 5.261
[21:18:10] 648.3, 123.3, 5.245
[21:18:11] 648.2, 123.4, 5.248
[21:18:12] 648.1, 122.9, 7.535
[21:18:13] 894.7, 122.9, 7.559
[21:18:14] 929.8, 122.8, 7.573
[21:18:15] 929.9, 122.8, 7.565
[21:18:16] 930.1, 122.8, 7.581
[21:18:17] 930.4, 122.9, 7.585
[21:18:18] 930.8, 122.9, 7.589
[21:18:19] 931.1, 122.9, 7.590
[21:18:20] 912.8, 123.4, 5.282
[21:18:21] 649.7, 123.4, 5.267
[21:18:22] 649.6, 123.4, 5.249
[21:18:23] 649.5, 123.4, 5.257
[21:18:24] 649.2, 123.3, 5.254
[21:18:25] 743.0, 122.8, 7.546
[21:18:26] 928.6, 122.8, 7.555
[21:18:27] 928.7, 122.8, 7.571
[21:18:28] 929.0, 122.8, 7.579
[21:18:29] 929.4, 122.9, 7.588
[21:18:30] 929.9, 122.9, 7.592
[21:18:31] 930.3, 122.9, 7.596
[21:18:32] 930.8, 122.9, 7.608
[21:18:33] 931.3, 122.8, 7.607
[21:18:34] 931.8, 122.8, 7.612
[21:18:35] 932.4, 122.8, 7.611
[21:18:36] 932.9, 122.8, 7.620
[21:18:37] 933.3, 122.8, 7.603
[21:18:38] 933.5, 122.8, 7.605
[21:18:39] 933.7, 122.8, 7.607
[21:18:40] 858.5, 123.4, 5.279
[21:18:41] 650.0, 123.4, 5.271
[21:18:42] 649.8, 123.3, 5.247
[21:18:43] 649.6, 123.4, 5.257
<<<[21:18:58] 645.9, 123.4, 5.240
[21:18:59] 646.1, 123.3, 5.239
[21:19:00] 646.2, 123.4, 5.237
[21:19:01] 653.2, 123.5, 5.243
[21:19:02] 652.8, 123.4, 5.232
[21:19:03] 645.9, 123.5, 5.230
[21:19:04] 645.9, 123.5, 5.227
[21:19:05] 645.9, 123.4, 5.237
[21:19:06] 646.0, 122.9, 7.214
[21:19:07] 741.8, 123.3, 5.230
[21:19:08] 645.9, 123.4, 5.237
[21:19:09] 645.9, 123.3, 5.238
[21:19:10] 646.1, 123.4, 5.236
[21:19:11] 646.2, 122.9, 7.221
[21:19:12] 739.8, 123.4, 5.224
[21:19:13] 645.3, 123.4, 5.226
[21:19:14] 645.3, 123.5, 5.224
[21:19:15] 645.3, 123.5, 5.230
[21:19:16] 645.3, 122.9, 7.208
[21:19:17] 738.2, 123.5, 5.227
[21:19:18] 646.1, 123.5, 5.226
[21:19:19] 646.0, 123.4, 5.238
[21:19:20] 646.0, 123.4, 5.238
[21:19:21] 646.2, 122.9, 7.218
[21:19:22] 739.6, 123.5, 5.240
[21:19:23] 647.1, 123.4, 5.237
[21:19:24] 647.0, 123.4, 5.224
[21:19:25] 646.8, 123.4, 5.225
[21:19:26] 646.6, 123.0, 7.193
[21:19:27] 737.1, 123.4, 5.224
[21:19:28] 646.5, 123.5, 5.221
[21:19:29] 646.4, 123.4, 5.220
[21:19:30] 646.4, 123.4, 5.218
[21:19:31] 646.3, 122.9, 7.198
[21:19:32] 737.2, 123.5, 5.234
[21:19:33] 646.7, 123.5, 5.226
[21:19:34] 646.6, 123.5, 5.229
[21:19:35] 646.5, 123.6, 5.233
[21:19:36] 646.5, 123.0, 7.177
[21:19:37] 734.1, 123.4, 5.218
[21:19:38] 644.9, 123.4, 5.217
[21:19:39] 644.8, 123.5, 5.220
[21:19:40] 644.8, 123.5, 5.221
[21:19:41] 645.0, 122.9, 7.152
[21:19:42] 730.6, 123.4, 5.223
[21:19:43] 645.9, 123.3, 5.235
[21:19:44] 646.0, 123.4, 5.235
[21:19:45] 646.2, 123.4, 5.238
[21:19:46] 646.4, 123.0, 7.147
[21:19:47] 726.0, 123.4, 5.236
[21:19:48] 646.3, 123.3, 5.224
[21:19:49] 646.2, 123.3, 5.220
[21:19:50] 646.2, 123.4, 5.220
[21:19:51] 646.1, 122.9, 7.119
[21:19:52] 761.5, 123.4, 5.225
[21:19:53] 644.9, 123.4, 5.221
[21:19:54] 644.8, 123.4, 5.221
[21:19:55] 644.8, 123.4, 5.235
[21:19:56] 645.0, 123.1, 5.780
[21:19:57] 775.6, 123.4, 5.240
[21:19:58] 657.5, 123.4, 5.234
[21:19:59] 646.1, 123.4, 5.231
[21:20:00] 646.0, 123.4, 5.221
[21:20:01] 645.9, 123.5, 5.222
[21:20:02] 714.8, 123.3, 6.243
[21:20:03] 764.0, 123.4, 5.225
[21:20:04] 645.3, 123.4, 5.226
[21:20:05] 645.2, 123.4, 5.224
[21:20:06] 645.2, 123.5, 5.221
[21:20:07] 645.2, 122.9, 7.491
[21:20:08] 862.2, 123.3, 6.366
[21:20:09] 767.0, 123.3, 5.238
[21:20:10] 647.3, 123.3, 5.239
[21:20:11] 647.2, 123.3, 5.226
[21:20:12] 646.9, 123.3, 5.212
[21:20:13] 646.5, 122.8, 7.490
[21:20:14] 875.0, 122.8, 7.531
[21:20:15] 926.6, 123.4, 5.331
[21:20:16] 714.4, 123.5, 5.216
[21:20:17] 644.5, 123.4, 5.213
[21:20:18] 644.4, 123.5, 5.210
[21:20:19] 644.4, 123.5, 5.231
[21:20:20] 644.6, 122.8, 7.542
[21:20:21] 909.1, 122.8, 7.562
[21:20:22] 929.8, 122.8, 7.575
[21:20:23] 929.9, 122.8, 7.582
[21:20:24] 929.4, 123.4, 5.257
[21:20:25] 668.9, 123.4, 5.242
[21:20:26] 647.5, 123.4, 5.235
[21:20:27] 647.3, 123.3, 5.231
[21:20:28] 647.2, 123.4, 5.229
[21:20:29] 693.5, 122.9, 7.545
[21:20:30] 928.0, 122.9, 7.558
[21:20:31] 928.1, 122.9, 7.580
[21:20:32] 928.6, 122.8, 7.594
[21:20:33] 929.2, 122.9, 7.600
[21:20:34] 934.5, 122.9, 7.601
[21:20:35] 934.5, 122.9, 7.610
[21:20:36] 934.7, 122.9, 7.339
[21:20:37] 836.3, 123.3, 5.256
[21:20:38] 649.1, 123.4, 5.246
[21:20:39] 648.9, 123.4, 5.240
[21:20:40] 648.7, 123.3, 5.238
[21:20:41] 648.5, 122.8, 7.317
[21:20:42] 829.8, 122.8, 7.566
[21:20:43] 930.0, 122.8, 7.585
[21:20:44] 930.2, 122.9, 7.597
[21:20:45] 930.8, 122.9, 7.598
[21:20:46] 931.3, 122.9, 7.606
[21:20:47] 931.9, 122.9, 7.610
[21:20:48] 932.4, 122.8, 7.600
[21:20:49] 932.7, 122.9, 7.602
[21:20:50] 933.0, 122.9, 7.608
[21:20:51] 933.3, 122.7, 7.611
[21:20:52] 933.6, 122.8, 7.610
[21:20:53] 933.9, 122.9, 7.611
[21:20:54] 934.2, 122.9, 7.611
[21:20:55] 934.4, 122.9, 7.623
[21:20:56] 934.7, 123.4, 5.821
[21:20:57] 762.6, 123.5, 5.276
[21:20:58] 651.6, 123.5, 5.264
[21:20:59] 651.3, 123.4, 5.259
[21:21:00] 651.1, 123.5, 5.241
