<<<[09:36:27] 649.3, 123.8, 5.218
[09:36:28] 649.1, 123.8, 5.223
[09:36:29] 648.8, 123.9, 5.215
[09:36:30] 649.4, 123.8, 5.360
[09:36:31] 667.2, 123.7, 5.408
[09:36:32] 667.3, 123.8, 5.379
[09:36:33] 667.3, 123.8, 5.369
[09:36:34] 667.1, 123.7, 5.372
[09:36:35] 667.1, 123.7, 5.368
[09:36:36] 667.3, 123.8, 5.370
[09:36:37] 667.3, 123.8, 5.292
[09:36:38] 661.7, 123.8, 5.245
[09:36:39] 650.6, 123.7, 5.226
[09:36:40] 650.4, 123.7, 5.237
[09:36:41] 650.2, 123.8, 5.225
[09:36:42] 649.9, 123.3, 6.939
[09:36:43] 743.9, 123.8, 5.220
[09:36:44] 647.7, 123.8, 5.226
[09:36:45] 647.7, 123.7, 5.223
[09:36:46] 647.5, 123.7, 5.222
[09:36:47] 647.5, 123.3, 6.905
[09:36:48] 742.8, 123.7, 5.224
[09:36:49] 647.3, 123.8, 5.218
[09:36:50] 647.3, 123.8, 5.226
[09:36:51] 647.3, 123.8, 5.220
[09:36:52] 647.2, 123.4, 6.873
[09:36:53] 741.6, 123.9, 5.223
[09:36:54] 647.7, 123.9, 5.218
[09:36:55] 647.6, 123.8, 5.222
[09:36:56] 647.5, 123.9, 5.214
[09:36:57] 647.5, 123.3, 6.838
[09:36:58] 740.2, 123.8, 5.219
[09:36:59] 647.3, 123.8, 5.220
[09:37:00] 647.3, 123.8, 5.216
[09:37:01] 647.2, 123.7, 5.221
[09:37:02] 647.1, 123.4, 6.771
[09:37:03] 737.1, 123.8, 5.223
[09:37:04] 647.3, 123.8, 5.218
[09:37:05] 647.2, 123.9, 5.223
[09:37:06] 647.2, 123.9, 5.219
[09:37:07] 647.2, 123.4, 6.645
[09:37:08] 731.3, 123.8, 5.222
[09:37:09] 647.1, 123.9, 5.220
[09:37:10] 647.0, 123.9, 5.224
[09:37:11] 647.0, 123.8, 5.218
[09:37:12] 647.0, 123.7, 5.437
[09:37:13] 770.1, 123.9, 5.226
[09:37:14] 646.9, 123.9, 5.217
[09:37:15] 646.9, 123.9, 5.220
[09:37:16] 646.9, 123.9, 5.214
[09:37:17] 646.9, 123.9, 5.214
[09:37:18] 749.6, 123.9, 5.255
[09:37:19] 694.3, 123.9, 5.219
[09:37:20] 647.1, 123.9, 5.216
[09:37:21] 647.0, 123.9, 5.220
[09:37:22] 647.0, 123.8, 5.211
[09:37:23] 684.9, 123.3, 7.295
[09:37:24] 816.8, 123.8, 5.217
[09:37:25] 647.7, 123.8, 5.218
[09:37:26] 647.6, 123.8, 5.214
[09:37:27] 647.5, 123.9, 5.213
[09:37:28] 647.4, 123.3, 7.491
[09:37:29] 847.5, 123.4, 7.273
[09:37:30] 815.2, 123.8, 5.224
[09:37:31] 647.9, 123.8, 5.219
[09:37:32] 647.8, 123.8, 5.221
[09:37:33] 647.7, 123.9, 5.215
[09:37:34] 647.6, 123.3, 7.673
[09:37:35] 867.6, 123.2, 7.793
[09:37:36] 961.3, 123.7, 5.808
[09:37:37] 760.5, 123.8, 5.229
[09:37:38] 648.7, 123.8, 5.230
[09:37:39] 648.6, 123.8, 5.223
[09:37:40] 648.4, 123.8, 5.225
[09:37:41] 648.3, 123.2, 7.740
[09:37:42] 903.2, 123.2, 7.800
[09:37:43] 962.0, 123.1, 7.809
[09:37:44] 962.2, 123.2, 7.813
[09:37:45] 961.8, 123.7, 5.286
[09:37:46] 701.4, 123.8, 5.243
[09:37:47] 649.1, 123.9, 5.228
[09:37:48] 649.0, 123.8, 5.232
[09:37:49] 648.9, 123.9, 5.222
[09:37:50] 665.0, 123.1, 7.790
[09:37:51] 960.1, 123.1, 7.806
[09:37:52] 960.4, 123.1, 7.822
[09:37:53] 960.8, 123.1, 7.812
[09:37:54] 961.4, 123.2, 7.825
[09:37:55] 961.8, 123.2, 7.829
[09:37:56] 962.3, 123.2, 7.837
[09:37:57] 962.9, 123.2, 7.656
[09:37:58] 885.9, 123.8, 5.257
[09:37:59] 650.8, 123.8, 5.235
[09:38:00] 650.7, 123.8, 5.240
[09:38:01] 650.4, 123.8, 5.225
[09:38:02] 650.2, 123.4, 6.217
[09:38:03] 807.9, 123.1, 7.805
[09:38:04] 963.0, 123.1, 7.821
[09:38:05] 963.1, 123.1, 7.815
[09:38:06] 963.4, 123.1, 7.846
[09:38:07] 963.7, 123.1, 7.847
[09:38:08] 964.1, 123.1, 7.854
[09:38:09] 964.5, 123.1, 7.851
[09:38:10] 965.0, 123.1, 7.845
[09:38:11] 965.4, 123.1, 7.859
[09:38:12] 965.8, 123.1, 7.861
[09:38:13] 966.1, 123.1, 7.852
[09:38:14] 966.4, 123.1, 7.857
[09:38:15] 966.7, 123.1, 7.852
[09:38:16] 967.0, 123.1, 7.866
[09:38:17] 967.3, 123.1, 7.859
[09:38:18] 830.4, 123.8, 5.261
[09:38:19] 651.4, 123.8, 5.243
[09:38:20] 651.3, 123.8, 5.240
[09:38:21] 651.1, 123.9, 5.235
