<<<[15:53:20] 656.0, 122.3, 5.377
[15:53:21] 656.3, 122.4, 5.270
[15:53:22] 645.7, 122.4, 5.271
[15:53:23] 654.2, 122.2, 5.411
[15:53:24] 662.3, 122.3, 5.321
[15:53:25] 652.6, 122.3, 5.277
[15:53:26] 646.1, 122.2, 5.277
[15:53:27] 646.0, 122.2, 5.279
[15:53:28] 646.0, 122.2, 5.279
[15:53:29] 646.0, 121.7, 7.251
[15:53:30] 742.6, 122.2, 5.272
[15:53:31] 645.3, 122.3, 5.270
[15:53:32] 645.3, 122.2, 5.271
[15:53:33] 645.3, 122.3, 5.266
[15:53:34] 645.2, 121.8, 7.230
[15:53:35] 738.4, 122.3, 5.271
[15:53:36] 645.7, 122.2, 5.271
[15:53:37] 645.6, 122.4, 5.263
[15:53:38] 645.5, 122.3, 5.264
[15:53:39] 645.5, 121.7, 7.222
[15:53:40] 738.2, 122.3, 5.269
[15:53:41] 645.3, 122.3, 5.269
[15:53:42] 645.2, 122.3, 5.265
[15:53:43] 645.2, 122.3, 5.263
[15:53:44] 645.2, 121.8, 7.211
[15:53:45] 738.0, 122.2, 5.266
[15:53:46] 645.1, 122.3, 5.263
[15:53:47] 645.0, 122.3, 5.263
[15:53:48] 645.0, 122.3, 5.264
[15:53:49] 644.9, 121.9, 7.199
[15:53:50] 737.1, 122.3, 5.263
[15:53:51] 644.9, 122.3, 5.263
[15:53:52] 645.0, 122.3, 5.262
[15:53:53] 644.9, 122.3, 5.262
[15:53:54] 644.9, 121.9, 7.185
[15:53:55] 736.7, 122.2, 5.265
[15:53:56] 645.1, 122.4, 5.261
[15:53:57] 645.0, 122.3, 5.260
[15:53:58] 644.9, 122.4, 5.262
[15:53:59] 644.9, 121.8, 7.167
[15:54:00] 735.1, 122.3, 5.260
[15:54:01] 644.5, 122.3, 5.264
[15:54:02] 644.5, 122.3, 5.261
[15:54:03] 644.5, 122.4, 5.259
[15:54:04] 644.5, 121.8, 7.140
[15:54:05] 732.5, 122.3, 5.260
[15:54:06] 644.1, 122.4, 5.258
[15:54:07] 644.1, 122.3, 5.258
[15:54:08] 644.1, 122.4, 5.256
[15:54:09] 644.3, 121.9, 7.119
[15:54:10] 729.0, 122.3, 5.261
[15:54:11] 644.7, 122.4, 5.261
[15:54:12] 644.6, 122.4, 5.262
[15:54:13] 644.6, 122.3, 5.259
[15:54:14] 644.5, 121.9, 7.128
[15:54:15] 770.3, 122.4, 5.260
[15:54:16] 644.3, 122.2, 5.262
[15:54:17] 644.3, 122.3, 5.263
[15:54:18] 644.2, 122.3, 5.261
[15:54:19] 644.2, 122.0, 5.641
[15:54:20] 754.6, 122.3, 5.263
[15:54:21] 644.1, 122.3, 5.259
[15:54:22] 644.0, 122.3, 5.257
[15:54:23] 644.0, 122.3, 5.258
[15:54:24] 644.0, 122.3, 5.257
[15:54:25] 739.4, 122.4, 5.456
[15:54:26] 726.6, 122.2, 5.262
[15:54:27] 645.7, 122.2, 5.265
[15:54:28] 645.6, 122.3, 5.260
[15:54:29] 645.5, 122.3, 5.260
[15:54:30] 645.3, 121.6, 7.886
[15:54:31] 926.6, 122.3, 5.283
[15:54:32] 676.0, 122.3, 5.263
[15:54:33] 644.5, 122.3, 5.262
[15:54:34] 644.4, 122.3, 5.259
[15:54:35] 644.4, 122.3, 5.258
[15:54:36] 719.7, 121.6, 7.898
[15:54:37] 962.4, 121.8, 7.316
[15:54:38] 790.2, 122.3, 5.273
[15:54:39] 645.9, 122.3, 5.267
[15:54:40] 645.8, 122.3, 5.264
[15:54:41] 645.6, 122.3, 5.263
[15:54:42] 645.5, 121.6, 7.875
[15:54:43] 909.9, 121.6, 7.916
[15:54:44] 964.4, 121.6, 7.925
[15:54:45] 964.1, 122.3, 5.556
[15:54:46] 732.9, 122.3, 5.280
[15:54:47] 646.5, 122.3, 5.272
[15:54:48] 646.3, 122.2, 5.267
[15:54:49] 646.2, 122.3, 5.267
[15:54:50] 654.8, 121.7, 7.901
[15:54:51] 963.4, 121.6, 7.917
[15:54:52] 963.6, 121.5, 7.936
[15:54:53] 963.9, 121.7, 7.943
[15:54:54] 964.4, 121.6, 7.945
[15:54:55] 964.9, 121.6, 7.953
[15:54:56] 926.8, 122.4, 5.294
[15:54:57] 648.5, 122.3, 5.281
[15:54:58] 648.3, 122.4, 5.276
[15:54:59] 648.0, 122.4, 5.273
[15:55:00] 647.9, 122.3, 5.270
[15:55:01] 785.3, 121.7, 7.920
[15:55:02] 964.6, 121.6, 7.939
[15:55:03] 964.9, 121.7, 7.949
[15:55:04] 965.3, 121.6, 7.952
[15:55:05] 965.8, 121.7, 7.957
[15:55:06] 966.3, 121.6, 7.960
[15:55:07] 966.7, 121.7, 7.969
[15:55:08] 967.3, 121.6, 7.961
[15:55:09] 967.7, 121.7, 7.960
[15:55:10] 968.1, 121.6, 7.965
[15:55:11] 968.5, 121.7, 7.968
[15:55:12] 891.0, 122.3, 5.307
[15:55:13] 649.9, 122.3, 5.294
[15:55:14] 649.7, 122.3, 5.284
[15:55:15] 649.4, 122.3, 5.282
[15:55:16] 649.1, 122.4, 5.276
<<<[11:05:00] 649.5, 123.5, 5.232
[11:05:01] 649.3, 123.6, 5.223
[11:05:02] 649.3, 123.5, 5.230
[11:05:03] 656.3, 123.5, 5.394
[11:05:04] 667.0, 123.6, 5.311
[11:05:05] 659.1, 123.6, 5.242
[11:05:06] 650.2, 123.5, 5.222
[11:05:07] 649.7, 123.6, 5.230
[11:05:08] 649.4, 123.5, 5.234
[11:05:09] 649.1, 123.1, 7.174
[11:05:10] 742.8, 123.5, 5.230
[11:05:11] 646.5, 123.6, 5.219
[11:05:12] 646.3, 123.5, 5.220
[11:05:13] 646.3, 123.6, 5.225
[11:05:14] 646.3, 123.1, 7.156
[11:05:15] 737.8, 123.6, 5.223
[11:05:16] 646.3, 123.6, 5.221
[11:05:17] 646.1, 123.6, 5.219
[11:05:18] 646.1, 123.6, 5.219
[11:05:19] 646.0, 123.1, 7.137
[11:05:20] 737.6, 123.5, 5.217
[11:05:21] 646.3, 123.6, 5.219
[11:05:22] 646.2, 123.5, 5.220
[11:05:23] 646.1, 123.7, 5.220
[11:05:24] 646.1, 123.1, 7.124
[11:05:25] 736.5, 123.6, 5.217
[11:05:26] 646.3, 123.6, 5.220
[11:05:27] 646.2, 123.6, 5.218
[11:05:28] 646.1, 123.6, 5.218
[11:05:29] 646.0, 123.2, 7.112
[11:05:30] 737.4, 123.6, 5.214
[11:05:31] 646.5, 123.7, 5.217
[11:05:32] 646.5, 123.6, 5.220
[11:05:33] 646.5, 123.6, 5.220
[11:05:34] 646.5, 123.1, 7.107
[11:05:35] 735.5, 123.6, 5.223
[11:05:36] 645.9, 123.5, 5.221
[11:05:37] 645.8, 123.5, 5.221
[11:05:38] 645.8, 123.6, 5.218
[11:05:39] 645.7, 123.0, 7.095
[11:05:40] 734.1, 123.6, 5.219
[11:05:41] 645.7, 123.6, 5.217
[11:05:42] 645.7, 123.5, 5.216
[11:05:43] 645.5, 123.5, 5.217
[11:05:44] 645.5, 123.2, 7.074
[11:05:45] 731.5, 123.6, 5.213
[11:05:46] 645.9, 123.6, 5.211
[11:05:47] 645.7, 123.7, 5.215
[11:05:48] 645.7, 123.6, 5.213
[11:05:49] 645.6, 123.1, 7.060
[11:05:50] 728.2, 123.7, 5.213
[11:05:51] 644.9, 123.6, 5.213
[11:05:52] 645.0, 123.6, 5.213
[11:05:53] 645.0, 123.7, 5.216
[11:05:54] 645.1, 123.1, 7.088
[11:05:55] 768.7, 123.6, 5.219
[11:05:56] 645.5, 123.6, 5.219
[11:05:57] 645.5, 123.6, 5.214
[11:05:58] 645.5, 123.6, 5.216
[11:05:59] 645.5, 123.3, 5.827
[11:06:00] 753.2, 123.6, 5.219
[11:06:01] 645.5, 123.6, 5.217
[11:06:02] 645.5, 123.6, 5.215
[11:06:03] 645.5, 123.7, 5.214
[11:06:04] 645.5, 123.6, 5.212
[11:06:05] 743.9, 123.7, 5.369
[11:06:06] 722.1, 123.7, 5.221
[11:06:07] 646.5, 123.6, 5.217
[11:06:08] 646.5, 123.6, 5.212
[11:06:09] 646.5, 123.6, 5.214
[11:06:10] 646.4, 122.9, 7.797
[11:06:11] 929.2, 123.6, 5.237
[11:06:12] 671.9, 123.5, 5.218
[11:06:13] 645.9, 123.6, 5.217
[11:06:14] 645.9, 123.5, 5.218
[11:06:15] 645.8, 123.5, 5.221
[11:06:16] 723.7, 123.0, 7.810
[11:06:17] 960.9, 123.3, 6.990
[11:06:18] 784.3, 123.6, 5.228
[11:06:19] 646.3, 123.5, 5.224
[11:06:20] 646.3, 123.6, 5.216
[11:06:21] 646.2, 123.5, 5.218
[11:06:22] 646.1, 123.0, 7.783
[11:06:23] 909.5, 123.0, 7.830
[11:06:24] 964.0, 122.9, 7.849
[11:06:25] 964.1, 123.6, 5.427
[11:06:26] 727.0, 123.5, 5.234
[11:06:27] 647.5, 123.5, 5.231
[11:06:28] 647.4, 123.5, 5.229
[11:06:29] 647.2, 123.6, 5.224
[11:06:30] 647.7, 122.9, 7.816
[11:06:31] 963.0, 122.9, 7.834
[11:06:32] 963.2, 122.9, 7.850
[11:06:33] 963.7, 123.0, 7.855
[11:06:34] 964.1, 122.9, 7.868
[11:06:35] 964.6, 123.0, 7.867
[11:06:36] 923.3, 123.6, 5.242
[11:06:37] 649.3, 123.6, 5.242
[11:06:38] 649.1, 123.5, 5.234
[11:06:39] 648.9, 123.5, 5.229
[11:06:40] 648.6, 123.6, 5.225
[11:06:41] 765.4, 122.9, 7.838
[11:06:42] 964.4, 122.9, 7.835
[11:06:43] 964.6, 123.0, 7.855
[11:06:44] 964.9, 123.0, 7.871
[11:06:45] 965.4, 122.9, 7.858
[11:06:46] 965.8, 123.0, 7.874
[11:06:47] 966.3, 122.9, 7.872
[11:06:48] 966.7, 123.0, 7.877
[11:06:49] 967.2, 122.9, 7.885
[11:06:50] 967.6, 123.0, 7.889
[11:06:51] 968.0, 123.0, 7.891
[11:06:52] 938.2, 123.6, 5.365
[11:06:53] 664.8, 123.6, 5.355
[11:06:54] 664.5, 123.6, 5.350
[11:06:55] 664.1, 123.6, 5.239
[11:06:56] 649.5, 123.7, 5.231
