<<<[00:47:06] 645.1, 124.9, 5.172
[00:47:07] 644.9, 124.9, 5.164
[00:47:08] 644.8, 124.9, 5.392
[00:47:09] 666.4, 124.8, 5.378
[00:47:10] 666.1, 124.9, 5.305
[00:47:11] 665.5, 124.8, 5.303
[00:47:12] 665.1, 124.9, 5.301
[00:47:13] 664.8, 124.8, 5.280
[00:47:14] 658.5, 124.8, 5.167
[00:47:15] 644.3, 124.9, 5.177
[00:47:16] 644.2, 124.8, 5.171
[00:47:17] 644.3, 124.9, 5.167
[00:47:18] 644.2, 124.5, 6.264
[00:47:19] 739.8, 124.9, 5.166
[00:47:20] 643.7, 124.8, 5.164
[00:47:21] 643.6, 124.9, 5.152
[00:47:22] 643.6, 124.7, 5.170
[00:47:23] 643.6, 124.6, 6.142
[00:47:24] 739.0, 124.9, 5.168
[00:47:25] 643.6, 124.8, 5.164
[00:47:26] 643.6, 125.0, 5.147
[00:47:27] 643.5, 124.9, 5.160
[00:47:28] 643.5, 124.6, 6.064
[00:47:29] 738.4, 124.9, 5.163
[00:47:30] 643.6, 125.0, 5.165
[00:47:31] 643.6, 124.9, 5.161
[00:47:32] 643.5, 124.8, 5.160
[00:47:33] 643.5, 124.6, 5.958
[00:47:34] 738.0, 124.9, 5.167
[00:47:35] 643.6, 124.9, 5.161
[00:47:36] 643.6, 124.8, 5.162
[00:47:37] 643.5, 124.9, 5.160
[00:47:38] 643.5, 124.6, 5.825
[00:47:39] 737.4, 124.8, 5.166
[00:47:40] 643.7, 124.9, 5.164
[00:47:41] 643.6, 124.8, 5.161
[00:47:42] 643.6, 124.9, 5.147
[00:47:43] 643.5, 124.6, 5.602
[00:47:44] 736.3, 124.9, 5.163
[00:47:45] 643.4, 124.9, 5.162
[00:47:46] 643.4, 125.0, 5.162
[00:47:47] 643.3, 124.9, 5.158
[00:47:48] 643.4, 124.9, 5.196
[00:47:49] 733.1, 124.9, 5.161
[00:47:50] 643.6, 124.9, 5.162
[00:47:51] 643.6, 124.8, 5.173
[00:47:52] 643.6, 124.9, 5.176
[00:47:53] 643.7, 124.9, 5.171
[00:47:54] 728.6, 124.9, 5.164
[00:47:55] 643.4, 124.9, 5.158
[00:47:56] 643.3, 124.9, 5.158
[00:47:57] 643.3, 124.9, 5.160
[00:47:58] 643.4, 124.9, 5.142
[00:47:59] 740.2, 124.8, 5.171
[00:48:00] 668.0, 124.9, 5.167
[00:48:01] 643.4, 124.8, 5.160
[00:48:02] 643.4, 124.9, 5.160
[00:48:03] 643.4, 124.8, 5.159
[00:48:04] 707.1, 124.8, 5.328
[00:48:05] 728.0, 124.9, 5.164
[00:48:06] 643.7, 124.8, 5.163
[00:48:07] 643.6, 124.9, 5.157
[00:48:08] 643.6, 124.9, 5.157
[00:48:09] 643.5, 124.2, 7.865
[00:48:10] 893.7, 125.0, 5.171
[00:48:11] 643.9, 124.9, 5.160
[00:48:12] 643.8, 125.0, 5.160
[00:48:13] 643.8, 125.0, 5.159
[00:48:14] 643.7, 124.9, 5.144
[00:48:15] 743.7, 124.3, 7.891
[00:48:16] 969.7, 124.8, 5.192
[00:48:17] 673.9, 124.9, 5.167
[00:48:18] 644.3, 124.9, 5.167
[00:48:19] 644.2, 124.9, 5.159
[00:48:20] 644.1, 124.9, 5.161
[00:48:21] 685.5, 124.3, 7.892
[00:48:22] 981.7, 124.2, 7.919
[00:48:23] 982.0, 124.5, 7.094
[00:48:24] 795.7, 124.9, 5.181
[00:48:25] 645.7, 124.8, 5.173
[00:48:26] 645.5, 124.9, 5.182
[00:48:27] 645.5, 125.0, 5.179
[00:48:28] 645.5, 124.2, 7.844
[00:48:29] 907.3, 124.1, 7.918
[00:48:30] 984.3, 124.2, 7.932
[00:48:31] 984.5, 124.2, 7.942
[00:48:32] 984.8, 124.2, 7.949
[00:48:33] 978.8, 124.9, 5.203
[00:48:34] 681.1, 124.9, 5.188
[00:48:35] 646.5, 124.9, 5.180
[00:48:36] 646.4, 124.9, 5.174
[00:48:37] 646.2, 124.9, 5.166
[00:48:38] 677.6, 124.2, 7.907
[00:48:39] 983.3, 124.2, 7.924
[00:48:40] 983.6, 124.2, 7.942
[00:48:41] 984.0, 124.2, 7.950
[00:48:42] 984.6, 124.2, 7.958
[00:48:43] 985.1, 124.2, 7.958
[00:48:44] 990.2, 124.2, 7.966
[00:48:45] 990.2, 124.2, 7.970
[00:48:46] 990.4, 124.3, 7.965
[00:48:47] 990.3, 124.3, 7.261
[00:48:48] 809.7, 124.9, 5.202
[00:48:49] 648.9, 124.9, 5.189
[00:48:50] 648.6, 124.9, 5.185
[00:48:51] 648.4, 124.9, 5.178
[00:48:52] 648.1, 124.3, 7.835
[00:48:53] 894.5, 124.2, 7.944
[00:48:54] 987.0, 124.1, 7.953
[00:48:55] 987.1, 124.2, 7.958
[00:48:56] 987.4, 124.2, 7.967
[00:48:57] 987.8, 124.1, 7.975
[00:48:58] 988.3, 124.1, 7.973
[00:48:59] 988.7, 124.3, 7.975
[00:49:00] 989.1, 124.2, 7.985
[00:49:01] 989.5, 124.2, 7.981
[00:49:02] 989.9, 124.3, 7.983
[00:49:03] 990.3, 124.3, 7.991
[00:49:04] 990.7, 124.2, 7.993
[00:49:05] 991.1, 124.2, 7.991
[00:49:06] 991.5, 124.3, 7.994
[00:49:07] 991.8, 124.3, 7.994
[00:49:08] 992.1, 124.2, 7.998
[00:49:09] 992.4, 124.2, 8.002
[00:49:10] 992.7, 124.2, 8.003
[00:49:11] 987.2, 124.9, 5.224
[00:49:12] 651.4, 124.8, 5.213
[00:49:13] 651.1, 124.8, 5.197
[00:49:14] 650.8, 124.9, 5.190
[00:49:15] 650.4, 124.9, 5.188
