<<<[06:46:55] 650.3, 124.7, 5.211
[06:46:56] 650.0, 124.8, 5.199
[06:46:57] 649.8, 124.8, 5.352
[06:46:58] 666.2, 124.8, 5.252
[06:46:59] 654.8, 124.8, 5.237
[06:47:00] 654.2, 124.8, 5.204
[06:47:01] 648.1, 124.8, 5.203
[06:47:02] 648.0, 124.8, 5.203
[06:47:03] 648.0, 124.5, 6.957
[06:47:04] 743.9, 124.8, 5.202
[06:47:05] 648.1, 124.7, 5.200
[06:47:06] 648.0, 124.8, 5.209
[06:47:07] 647.9, 124.8, 5.198
[06:47:08] 647.9, 124.5, 6.978
[06:47:09] 740.4, 124.9, 5.181
[06:47:10] 646.7, 124.8, 5.198
[06:47:11] 646.8, 124.9, 5.202
[06:47:12] 646.8, 124.9, 5.198
[06:47:13] 646.9, 124.5, 7.010
[06:47:14] 739.6, 124.9, 5.194
[06:47:15] 646.9, 124.8, 5.193
[06:47:16] 646.9, 124.8, 5.203
[06:47:17] 646.9, 124.8, 5.189
[06:47:18] 646.9, 124.4, 7.037
[06:47:19] 739.4, 124.8, 5.202
[06:47:20] 647.1, 124.7, 5.193
[06:47:21] 647.0, 124.7, 5.198
[06:47:22] 647.0, 124.7, 5.203
[06:47:23] 647.1, 124.4, 7.074
[06:47:24] 738.8, 124.8, 5.193
[06:47:25] 646.9, 124.8, 5.175
[06:47:26] 646.8, 124.8, 5.195
[06:47:27] 646.8, 124.8, 5.193
[06:47:28] 646.8, 124.4, 7.093
[06:47:29] 738.4, 124.9, 5.192
[06:47:30] 646.7, 124.8, 5.195
[06:47:31] 646.7, 124.9, 5.195
[06:47:32] 646.6, 124.8, 5.191
[06:47:33] 646.6, 124.5, 7.110
[06:47:34] 737.1, 124.9, 5.198
[06:47:35] 646.9, 124.9, 5.190
[06:47:36] 646.9, 124.9, 5.190
[06:47:37] 646.8, 124.8, 5.189
[06:47:38] 646.7, 124.4, 7.103
[06:47:39] 734.7, 124.8, 5.193
[06:47:40] 646.7, 124.8, 5.192
[06:47:41] 646.7, 124.9, 5.170
[06:47:42] 646.6, 124.9, 5.194
[06:47:43] 646.5, 124.4, 7.128
[06:47:44] 732.7, 124.7, 5.192
[06:47:45] 646.3, 124.8, 5.189
[06:47:46] 646.3, 124.8, 5.200
[06:47:47] 646.4, 124.7, 5.195
[06:47:48] 646.4, 124.3, 7.136
[06:47:49] 726.4, 124.8, 5.198
[06:47:50] 646.7, 124.8, 5.195
[06:47:51] 646.6, 124.8, 5.191
[06:47:52] 646.6, 124.9, 5.199
[06:47:53] 646.7, 124.3, 7.220
[06:47:54] 763.8, 124.8, 5.197
[06:47:55] 646.7, 124.8, 5.189
[06:47:56] 646.6, 124.9, 5.189
[06:47:57] 646.6, 124.8, 5.180
[06:47:58] 646.5, 124.3, 6.949
[06:47:59] 790.2, 124.8, 5.196
[06:48:00] 646.7, 124.8, 5.199
[06:48:01] 646.6, 124.8, 5.194
[06:48:02] 646.7, 124.8, 5.201
[06:48:03] 646.6, 124.8, 5.190
[06:48:04] 741.6, 124.4, 7.187
[06:48:05] 797.5, 124.9, 5.198
[06:48:06] 647.3, 124.9, 5.190
[06:48:07] 647.2, 124.9, 5.193
[06:48:08] 647.1, 124.9, 5.190
[06:48:09] 647.0, 124.2, 7.669
[06:48:10] 892.0, 124.3, 7.212
[06:48:11] 801.8, 124.7, 5.199
[06:48:12] 647.7, 124.8, 5.203
[06:48:13] 647.6, 124.8, 5.176
[06:48:14] 647.5, 124.8, 5.192
[06:48:15] 647.3, 124.3, 7.642
[06:48:16] 879.4, 124.2, 7.751
[06:48:17] 963.4, 124.3, 7.255
[06:48:18] 809.1, 124.8, 5.216
[06:48:19] 648.9, 124.8, 5.201
[06:48:20] 648.7, 124.7, 5.204
[06:48:21] 648.6, 124.7, 5.206
[06:48:22] 648.4, 124.0, 7.543
[06:48:23] 857.7, 124.0, 7.759
[06:48:24] 964.4, 124.0, 7.768
[06:48:25] 964.5, 124.1, 7.771
[06:48:26] 964.9, 124.1, 7.561
[06:48:27] 872.1, 124.8, 5.225
[06:48:28] 650.4, 124.8, 5.215
[06:48:29] 650.3, 124.8, 5.195
[06:48:30] 650.0, 124.9, 5.204
[06:48:31] 649.8, 124.4, 6.462
[06:48:32] 814.0, 124.2, 7.749
[06:48:33] 964.6, 124.2, 7.762
[06:48:34] 964.8, 124.2, 7.778
[06:48:35] 965.3, 124.2, 7.779
[06:48:36] 965.7, 124.2, 7.790
[06:48:37] 966.2, 124.3, 7.785
[06:48:38] 966.6, 124.2, 7.794
[06:48:39] 967.1, 124.2, 7.807
[06:48:40] 955.1, 124.9, 5.267
[06:48:41] 690.0, 124.8, 5.222
[06:48:42] 650.8, 124.9, 5.221
[06:48:43] 650.7, 124.8, 5.222
[06:48:44] 650.5, 124.9, 5.207
[06:48:45] 727.0, 124.1, 7.754
[06:48:46] 965.4, 124.2, 7.784
[06:48:47] 965.6, 124.1, 7.776
[06:48:48] 966.0, 124.2, 7.793
[06:48:49] 966.5, 124.1, 7.802
[06:48:50] 967.0, 124.2, 7.801
[06:48:51] 967.6, 124.2, 7.812
[06:48:52] 968.0, 124.2, 7.808
[06:48:53] 968.5, 124.1, 7.806
[06:48:54] 968.9, 124.2, 7.818
[06:48:55] 969.3, 124.1, 7.811
[06:48:56] 969.7, 124.2, 7.814
[06:48:57] 970.1, 124.1, 7.820
[06:48:58] 970.4, 124.2, 7.815
[06:48:59] 970.8, 124.1, 7.821
[06:49:00] 971.1, 124.3, 7.812
[06:49:01] 971.3, 124.8, 5.483
[06:49:02] 755.2, 124.9, 5.246
[06:49:03] 652.8, 124.8, 5.231
[06:49:04] 652.7, 124.9, 5.229
[06:49:05] 652.6, 124.7, 5.226
<<<[06:51:07] 649.4, 124.9, 5.172
[06:51:08] 649.1, 124.9, 5.185
[06:51:09] 656.2, 124.7, 5.305
[06:51:10] 656.6, 124.8, 5.211
[06:51:11] 656.0, 124.8, 5.194
[06:51:12] 649.1, 124.8, 5.172
[06:51:13] 648.9, 124.8, 5.175
[06:51:14] 648.7, 124.8, 5.182
[06:51:15] 732.5, 124.9, 5.178
[06:51:16] 657.1, 124.9, 5.171
[06:51:17] 646.7, 124.9, 5.171
[06:51:18] 646.7, 124.9, 5.168
[06:51:19] 646.6, 124.9, 5.174
[06:51:20] 728.0, 124.9, 5.175
[06:51:21] 657.1, 124.9, 5.174
[06:51:22] 646.5, 124.8, 5.174
[06:51:23] 646.4, 124.8, 5.170
[06:51:24] 646.5, 124.9, 5.167
[06:51:25] 726.6, 124.8, 5.177
[06:51:26] 657.5, 124.8, 5.167
[06:51:27] 645.7, 124.8, 5.168
[06:51:28] 645.7, 124.9, 5.163
[06:51:30] 725.8, 124.9, 5.174
[06:51:32] 645.9, 124.9, 5.168
[06:51:39] 645.6, 124.8, 5.171
wattsup: [error] Reading final time stamp: Bad address
[06:51:46] 720.7, 124.8, 5.183
wattsup: [error] Reading final time stamp: Bad address
wattsup: [error] Blech. Giving up on read: Bad address
wattsup: [error] Reading final time stamp: Bad address
