<<<[21:29:15] 637.0, 123.5, 5.132
[21:29:16] 636.7, 123.5, 5.133
[21:29:17] 636.4, 123.5, 5.198
[21:29:18] 644.5, 123.4, 5.145
[21:29:19] 636.9, 123.6, 5.145
[21:29:20] 636.7, 123.5, 5.148
[21:29:21] 636.6, 123.6, 5.142
[21:29:22] 636.5, 123.6, 5.146
[21:29:23] 636.3, 123.4, 5.845
[21:29:24] 730.2, 123.5, 5.130
[21:29:25] 633.9, 123.5, 5.129
[21:29:26] 633.9, 123.5, 5.133
[21:29:27] 633.8, 123.6, 5.125
[21:29:28] 633.7, 123.4, 5.910
[21:29:29] 725.2, 123.5, 5.133
[21:29:30] 634.1, 123.5, 5.147
[21:29:31] 634.1, 123.6, 5.137
[21:29:32] 634.2, 123.4, 5.139
[21:29:33] 634.3, 123.4, 5.985
[21:29:34] 725.4, 123.4, 5.146
[21:29:35] 634.3, 123.5, 5.125
[21:29:36] 634.1, 123.5, 5.126
[21:29:37] 634.0, 123.5, 5.126
[21:29:38] 633.9, 123.5, 6.043
[21:29:39] 723.1, 123.6, 5.127
[21:29:40] 633.3, 123.5, 5.129
[21:29:41] 633.3, 123.5, 5.125
[21:29:42] 633.3, 123.5, 5.141
[21:29:43] 633.5, 123.5, 6.117
[21:29:44] 723.3, 123.6, 5.136
[21:29:45] 634.9, 123.5, 5.137
[21:29:46] 634.9, 123.5, 5.139
[21:29:47] 634.7, 123.5, 5.122
[21:29:48] 634.5, 123.4, 6.178
[21:29:49] 719.5, 123.5, 5.126
[21:29:50] 633.3, 123.5, 5.126
[21:29:51] 633.2, 123.5, 5.124
[21:29:52] 633.2, 123.4, 5.128
[21:29:53] 633.2, 123.4, 6.255
[21:29:54] 715.6, 123.5, 5.139
[21:29:55] 634.7, 123.4, 5.138
[21:29:56] 634.7, 123.5, 5.133
[21:29:57] 634.6, 123.5, 5.134
[21:29:58] 634.6, 123.3, 6.331
[21:29:59] 708.7, 123.5, 5.125
[21:30:00] 633.3, 123.5, 5.125
[21:30:01] 633.3, 123.5, 5.121
[21:30:02] 633.2, 123.4, 5.122
[21:30:03] 633.1, 123.1, 7.098
[21:30:04] 743.0, 123.6, 5.126
[21:30:05] 633.5, 123.6, 5.121
[21:30:06] 633.4, 123.6, 5.133
[21:30:07] 633.5, 123.5, 5.133
[21:30:08] 633.6, 123.1, 7.027
[21:30:09] 765.2, 123.6, 5.137
[21:30:10] 636.1, 123.6, 5.145
[21:30:11] 636.0, 123.6, 5.133
[21:30:12] 635.9, 123.6, 5.116
[21:30:13] 635.6, 123.7, 5.111
[21:30:14] 731.9, 123.4, 6.581
[21:30:15] 754.6, 123.5, 5.110
[21:30:16] 631.7, 123.5, 5.109
[21:30:17] 631.7, 123.5, 5.111
[21:30:18] 631.7, 123.5, 5.121
[21:30:19] 631.8, 122.9, 7.294
[21:30:20] 867.2, 123.3, 6.697
[21:30:21] 760.1, 123.5, 5.141
[21:30:22] 635.1, 123.5, 5.139
[21:30:23] 635.0, 123.5, 5.126
[21:30:24] 634.7, 123.5, 5.123
[21:30:25] 634.5, 123.0, 7.292
[21:30:26] 869.7, 123.0, 7.325
[21:30:27] 901.6, 123.5, 5.303
[21:30:28] 712.2, 123.5, 5.137
[21:30:29] 634.7, 123.6, 5.128
[21:30:30] 634.7, 123.5, 5.139
[21:30:31] 634.7, 123.5, 5.137
[21:30:32] 634.9, 123.0, 7.311
[21:30:33] 879.0, 123.0, 7.336
[21:30:34] 903.6, 123.0, 7.349
[21:30:35] 903.7, 122.9, 7.345
[21:30:36] 903.7, 123.5, 5.332
[21:30:37] 714.8, 123.5, 5.143
[21:30:38] 635.3, 123.5, 5.138
[21:30:39] 635.1, 123.6, 5.134
[21:30:40] 635.0, 123.5, 5.132
[21:30:41] 634.9, 123.0, 7.311
[21:30:42] 896.1, 123.0, 7.338
[21:30:43] 904.4, 123.0, 7.352
[21:30:44] 904.5, 123.0, 7.362
[21:30:45] 904.7, 123.0, 7.367
[21:30:46] 905.0, 123.0, 7.374
[21:30:47] 905.2, 123.1, 7.364
[21:30:48] 905.4, 123.0, 7.370
[21:30:49] 905.4, 123.5, 5.177
[21:30:50] 669.1, 123.5, 5.152
[21:30:51] 636.5, 123.5, 5.146
[21:30:52] 636.3, 123.5, 5.141
[21:30:54] 667.4, 123.0, 7.339
[21:30:55] 904.0, 122.9, 7.354
[21:30:57] 904.4, 123.0, 7.374
wattsup: [error] Reading final time stamp: Bad address
[21:31:04] 906.9, 123.0, 7.375
wattsup: [error] Reading final time stamp: Bad address
[21:31:11] 638.2, 123.5, 5.161
<<<[21:31:29] 635.8, 123.4, 5.144
[21:31:30] 635.8, 123.5, 5.157
[21:31:31] 635.7, 123.5, 5.292
[21:31:32] 646.1, 123.5, 5.141
[21:31:33] 637.8, 123.5, 5.137
[21:31:34] 637.4, 123.5, 5.148
[21:31:35] 637.1, 123.6, 5.130
[21:31:36] 636.7, 123.5, 5.131
[21:31:37] 658.7, 123.6, 5.268
[21:31:38] 706.5, 123.6, 5.144
[21:31:39] 634.7, 123.6, 5.160
[21:31:40] 635.2, 123.6, 5.172
[21:31:41] 635.8, 123.5, 5.171
[21:31:42] 660.9, 123.5, 5.333
[21:31:43] 713.8, 123.5, 5.177
[21:31:44] 639.6, 123.4, 5.175
[21:31:45] 639.6, 123.4, 5.176
[21:31:46] 639.5, 123.4, 5.191
[21:31:47] 658.7, 123.5, 5.357
[21:31:48] 717.6, 123.5, 5.186
[21:31:49] 641.0, 123.5, 5.182
[21:31:50] 640.9, 123.5, 5.191
[21:31:51] 640.7, 123.5, 5.177
[21:31:52] 655.8, 123.4, 5.366
[21:31:53] 717.6, 123.4, 5.180
[21:31:54] 639.6, 123.4, 5.193
[21:31:55] 639.6, 123.4, 5.185
[21:31:56] 639.6, 123.5, 5.177
[21:31:57] 653.0, 123.4, 5.394
[21:31:58] 720.9, 123.5, 5.195
[21:31:59] 641.0, 123.5, 5.189
[21:32:00] 640.9, 123.5, 5.188
[21:32:01] 640.9, 123.5, 5.180
[21:32:02] 649.9, 123.4, 5.418
[21:32:03] 721.5, 123.5, 5.177
[21:32:04] 639.4, 123.5, 5.174
[21:32:05] 639.3, 123.5, 5.175
[21:32:06] 639.3, 123.5, 5.186
[21:32:07] 639.7, 123.5, 5.429
[21:32:08] 724.5, 123.5, 5.176
[21:32:09] 639.6, 123.5, 5.186
[21:32:10] 639.7, 123.5, 5.198
[21:32:11] 639.8, 123.5, 5.187
[21:32:12] 639.9, 123.5, 5.461
[21:32:13] 721.5, 123.5, 5.180
[21:32:14] 639.8, 123.4, 5.180
[21:32:15] 639.7, 123.5, 5.174
[21:32:16] 639.6, 123.5, 5.174
[21:32:17] 639.5, 123.0, 7.180
[21:32:18] 755.6, 123.4, 5.187
[21:32:19] 639.2, 123.4, 5.176
[21:32:20] 639.1, 123.4, 5.175
[21:32:21] 639.2, 123.5, 5.181
[21:32:22] 639.3, 123.0, 7.252
[21:32:23] 777.6, 123.4, 5.187
[21:32:24] 640.8, 123.4, 5.187
[21:32:25] 640.7, 123.4, 5.184
[21:32:26] 640.7, 123.3, 5.186
[21:32:27] 640.5, 123.0, 6.131
[21:32:28] 776.2, 123.4, 5.570
[21:32:29] 731.9, 123.4, 5.180
[21:32:30] 640.0, 123.4, 5.179
[21:32:31] 639.9, 123.3, 5.201
[21:32:32] 639.9, 123.4, 5.197
[21:32:33] 640.5, 122.9, 7.378
[21:32:34] 908.3, 123.5, 5.239
[21:32:35] 686.7, 123.5, 5.192
[21:32:36] 641.6, 123.4, 5.190
[21:32:37] 641.5, 123.4, 5.181
[21:32:38] 641.3, 123.4, 5.186
[21:32:39] 641.8, 122.9, 7.367
[21:32:40] 907.3, 123.0, 7.391
[21:32:41] 907.3, 123.4, 5.226
[21:32:42] 688.8, 123.4, 5.196
[21:32:43] 640.6, 123.4, 5.181
[21:32:44] 640.5, 123.5, 5.176
[21:32:45] 640.4, 123.5, 5.207
[21:32:46] 654.6, 122.9, 7.386
[21:32:47] 908.9, 122.9, 7.391
[21:32:48] 909.1, 122.9, 7.413
[21:32:49] 909.5, 122.9, 7.415
[21:32:50] 909.5, 123.4, 5.250
[21:32:51] 692.8, 123.5, 5.192
[21:32:52] 641.6, 123.5, 5.189
[21:32:53] 641.5, 123.5, 5.182
[21:32:54] 641.3, 123.4, 5.189
[21:32:55] 665.2, 122.8, 7.386
[21:32:56] 909.1, 122.9, 7.393
[21:32:57] 909.2, 123.0, 7.415
[21:32:58] 909.6, 123.0, 7.417
[21:32:59] 910.1, 123.0, 7.436
[21:33:00] 910.7, 122.9, 7.439
[21:33:01] 911.3, 122.9, 7.441
[21:33:02] 911.8, 122.9, 7.433
[21:33:03] 911.6, 123.5, 5.216
[21:33:04] 646.9, 123.4, 5.201
[21:33:05] 646.4, 123.5, 5.195
[21:33:06] 645.8, 123.5, 5.198
[21:33:07] 645.2, 123.4, 5.188
[21:33:08] 695.3, 123.0, 7.394
[21:33:09] 910.3, 122.9, 7.409
[21:33:10] 910.6, 122.9, 7.428
[21:33:11] 911.1, 123.0, 7.437
[21:33:12] 911.6, 122.9, 7.443
[21:33:13] 912.2, 123.0, 7.443
[21:33:14] 912.6, 123.0, 7.435
[21:33:15] 913.0, 122.9, 7.435
[21:33:16] 913.3, 123.0, 7.436
[21:33:17] 913.5, 123.0, 7.443
[21:33:18] 913.9, 123.0, 7.438
[21:33:19] 914.1, 123.0, 7.441
[21:33:20] 914.4, 123.0, 7.435
[21:33:21] 914.7, 122.9, 7.459
[21:33:22] 915.1, 123.0, 7.461
[21:33:23] 915.5, 123.0, 7.462
[21:33:24] 801.8, 123.5, 5.227
[21:33:25] 646.1, 123.5, 5.210
[21:33:26] 645.8, 123.5, 5.207
[21:33:27] 645.4, 123.5, 5.193
