<<<[04:41:48] 645.3, 125.0, 5.158
[04:41:49] 645.1, 125.1, 5.151
[04:41:50] 645.4, 124.9, 5.355
[04:41:51] 668.4, 125.0, 5.335
[04:41:52] 668.6, 125.0, 5.304
[04:41:53] 668.1, 125.0, 5.406
[04:41:54] 668.7, 124.9, 5.336
[04:41:55] 668.7, 125.0, 5.297
[04:41:56] 662.8, 125.0, 5.294
[04:41:57] 662.6, 125.0, 5.348
[04:41:58] 662.7, 125.0, 5.297
[04:41:59] 662.6, 125.0, 5.325
[04:42:00] 663.0, 125.1, 5.291
[04:42:01] 662.9, 125.0, 5.284
[04:42:02] 662.9, 125.1, 5.295
[04:42:03] 663.0, 125.0, 5.335
[04:42:04] 663.5, 125.0, 5.304
[04:42:05] 656.5, 125.1, 5.190
[04:42:06] 648.3, 125.0, 5.155
[04:42:07] 647.7, 125.1, 5.154
[04:42:08] 647.3, 125.1, 5.157
[04:42:09] 646.9, 125.1, 5.151
[04:42:10] 740.6, 125.1, 5.158
[04:42:11] 643.9, 125.0, 5.149
[04:42:12] 643.9, 125.0, 5.148
[04:42:13] 643.8, 125.1, 5.150
[04:42:14] 643.8, 125.1, 5.154
[04:42:15] 733.3, 125.0, 5.156
[04:42:16] 643.9, 125.0, 5.155
[04:42:17] 643.8, 125.1, 5.151
[04:42:18] 643.8, 125.1, 5.150
[04:42:19] 643.8, 125.0, 5.154
[04:42:20] 720.3, 125.0, 5.160
[04:42:21] 643.7, 125.1, 5.150
[04:42:22] 643.7, 125.1, 5.144
[04:42:23] 643.6, 125.0, 5.152
[04:42:24] 643.6, 125.0, 5.148
[04:42:25] 700.2, 125.1, 5.179
[04:42:26] 687.3, 124.9, 5.158
[04:42:27] 643.6, 125.1, 5.149
[04:42:28] 643.6, 125.1, 5.155
[04:42:29] 643.6, 125.0, 5.149
[04:42:30] 655.0, 124.6, 7.133
[04:42:31] 780.7, 125.1, 5.152
[04:42:32] 644.1, 125.0, 5.158
[04:42:33] 644.0, 125.1, 5.154
[04:42:34] 644.0, 125.0, 5.153
[04:42:35] 643.9, 124.6, 6.824
[04:42:36] 794.5, 125.0, 5.626
[04:42:37] 738.8, 125.0, 5.157
[04:42:38] 644.5, 125.1, 5.155
[04:42:39] 644.3, 125.0, 5.151
[04:42:40] 644.3, 125.0, 5.155
[04:42:41] 644.2, 124.6, 6.960
[04:42:42] 848.9, 124.6, 6.980
[04:42:43] 828.6, 125.1, 5.159
[04:42:44] 645.1, 125.0, 5.164
[04:42:45] 645.0, 125.0, 5.151
[04:42:46] 644.9, 125.1, 5.156
[04:42:47] 644.8, 125.0, 5.151
[04:42:48] 733.9, 124.6, 6.978
[04:42:49] 870.3, 124.5, 6.983
[04:42:50] 870.4, 124.6, 6.997
[04:42:51] 870.6, 125.1, 5.164
[04:42:52] 646.3, 125.0, 5.152
[04:42:53] 646.0, 125.1, 5.152
[04:42:54] 645.8, 125.1, 5.165
[04:42:55] 645.6, 125.0, 5.147
[04:42:56] 730.2, 124.6, 6.982
[04:42:57] 870.5, 124.5, 6.991
[04:42:58] 870.7, 124.6, 7.003
[04:42:59] 870.9, 124.6, 7.002
[04:43:00] 871.2, 124.5, 7.007
[04:43:01] 871.6, 124.6, 7.010
[04:43:02] 882.7, 125.0, 5.198
[04:43:03] 650.0, 125.1, 5.161
[04:43:04] 649.4, 125.0, 5.162
[04:43:05] 648.8, 125.1, 5.153
[04:43:06] 648.2, 125.1, 5.172
[04:43:07] 726.6, 124.6, 6.984
[04:43:08] 871.5, 124.6, 7.000
[04:43:09] 871.6, 124.6, 7.000
[04:43:10] 871.8, 124.5, 7.011
[04:43:11] 872.1, 124.6, 7.011
[04:43:12] 872.4, 124.5, 7.022
[04:43:13] 872.8, 124.6, 7.012
[04:43:14] 873.1, 124.6, 7.022
[04:43:15] 873.4, 124.6, 7.019
[04:43:16] 873.6, 124.6, 7.025
[04:43:17] 873.9, 124.6, 7.021
[04:43:18] 874.1, 124.6, 7.022
[04:43:19] 802.8, 125.1, 5.168
[04:43:20] 646.7, 125.1, 5.169
[04:43:21] 646.6, 125.0, 5.161
[04:43:22] 646.4, 125.1, 5.180
