<<<[03:44:27] 649.6, 125.0, 5.165
[03:44:28] 649.2, 125.1, 5.159
[03:44:29] 648.8, 125.0, 5.380
[03:44:30] 665.0, 125.1, 5.283
[03:44:31] 664.5, 125.0, 5.301
[03:44:32] 664.3, 125.1, 5.286
[03:44:33] 664.1, 125.1, 5.197
[03:44:34] 652.0, 125.1, 5.163
[03:44:35] 645.5, 125.0, 5.159
[03:44:36] 645.5, 125.1, 5.156
[03:44:37] 645.6, 125.1, 5.156
[03:44:38] 645.6, 124.5, 7.116
[03:44:39] 741.8, 125.1, 5.153
[03:44:40] 645.3, 125.1, 5.158
[03:44:41] 645.2, 125.0, 5.151
[03:44:42] 645.2, 125.1, 5.155
[03:44:43] 645.1, 124.6, 7.109
[03:44:44] 737.1, 125.0, 5.160
[03:44:45] 645.1, 125.1, 5.155
[03:44:46] 645.0, 125.0, 5.155
[03:44:47] 645.0, 125.0, 5.151
[03:44:48] 645.0, 124.6, 7.109
[03:44:49] 735.5, 125.0, 5.153
[03:44:50] 645.1, 125.1, 5.156
[03:44:51] 645.0, 124.9, 5.150
[03:44:52] 645.0, 125.0, 5.155
[03:44:53] 644.9, 124.6, 7.098
[03:44:54] 733.1, 125.0, 5.156
[03:44:55] 644.7, 125.1, 5.149
[03:44:56] 644.7, 125.0, 5.151
[03:44:57] 644.7, 125.1, 5.150
[03:44:58] 644.7, 124.6, 7.104
[03:44:59] 728.6, 125.1, 5.148
[03:45:00] 644.7, 125.1, 5.155
[03:45:01] 644.6, 125.0, 5.150
[03:45:02] 644.6, 125.1, 5.152
[03:45:03] 644.6, 124.5, 7.165
[03:45:04] 770.3, 125.0, 5.155
[03:45:05] 645.1, 125.1, 5.151
[03:45:06] 645.0, 125.0, 5.154
[03:45:07] 645.0, 125.1, 5.148
[03:45:08] 644.9, 124.4, 7.262
[03:45:09] 756.3, 125.1, 5.152
[03:45:10] 645.3, 125.0, 5.152
[03:45:11] 645.1, 125.1, 5.147
[03:45:12] 645.1, 125.0, 5.146
[03:45:13] 645.0, 125.1, 5.152
[03:45:14] 776.4, 125.0, 5.201
[03:45:15] 696.5, 125.1, 5.152
[03:45:16] 644.9, 125.0, 5.153
[03:45:17] 644.8, 125.0, 5.148
[03:45:18] 644.7, 125.1, 5.147
[03:45:19] 655.4, 124.3, 7.953
[03:45:20] 959.1, 125.1, 5.165
[03:45:21] 649.1, 125.1, 5.152
[03:45:22] 648.6, 125.1, 5.155
[03:45:23] 648.1, 125.1, 5.149
[03:45:24] 647.6, 125.1, 5.151
[03:45:25] 754.4, 124.4, 7.966
[03:45:26] 992.2, 124.9, 5.840
[03:45:27] 760.7, 125.1, 5.159
[03:45:28] 646.3, 125.0, 5.158
[03:45:29] 646.2, 125.0, 5.158
[03:45:30] 646.2, 125.1, 5.155
[03:45:31] 646.0, 124.3, 7.952
[03:45:32] 954.2, 124.4, 7.994
[03:45:33] 994.7, 124.3, 7.998
[03:45:34] 994.2, 125.1, 5.233
[03:45:35] 703.6, 124.9, 5.186
[03:45:36] 648.1, 125.0, 5.166
[03:45:37] 647.9, 125.1, 5.159
[03:45:38] 647.7, 125.0, 5.160
[03:45:39] 663.4, 124.4, 7.975
[03:45:40] 993.5, 124.3, 7.991
[03:45:41] 993.8, 124.4, 8.009
[03:45:42] 994.2, 124.3, 8.013
[03:45:43] 994.7, 124.3, 8.014
[03:45:44] 995.1, 124.4, 8.015
[03:45:45] 916.8, 125.0, 5.184
[03:45:46] 649.1, 125.1, 5.175
[03:45:47] 648.8, 125.1, 5.167
[03:45:48] 648.6, 125.0, 5.168
[03:45:49] 648.3, 125.1, 5.158
[03:45:50] 778.6, 124.4, 7.991
[03:45:51] 995.1, 124.3, 8.004
[03:45:52] 995.3, 124.3, 8.017
[03:45:53] 995.7, 124.4, 8.018
[03:45:54] 996.1, 124.2, 8.033
[03:45:55] 996.5, 124.3, 8.028
[03:45:56] 996.8, 124.4, 8.037
[03:45:57] 997.4, 124.4, 8.034
[03:45:58] 997.9, 124.3, 8.045
[03:45:59] 998.3, 124.3, 8.035
[03:46:00] 998.6, 124.4, 8.038
[03:46:01] 988.4, 125.0, 5.312
[03:46:02] 661.5, 125.1, 5.192
[03:46:03] 648.9, 125.1, 5.176
[03:46:04] 648.8, 125.0, 5.174
