<<<[04:43:27] 645.9, 125.1, 5.155
[04:43:28] 645.7, 125.0, 5.151
[04:43:29] 645.6, 125.0, 5.409
[04:43:30] 665.8, 124.9, 5.320
[04:43:31] 666.2, 125.0, 5.381
[04:43:32] 675.2, 124.9, 5.309
[04:43:33] 668.2, 125.0, 5.313
[04:43:34] 668.7, 125.0, 5.365
[04:43:35] 668.9, 125.0, 5.382
[04:43:36] 669.0, 125.0, 5.352
[04:43:37] 674.1, 124.9, 5.438
[04:43:38] 674.0, 125.1, 5.371
[04:43:39] 668.4, 125.0, 5.348
[04:43:40] 668.8, 125.0, 5.401
[04:43:41] 668.8, 125.1, 5.325
[04:43:42] 669.3, 124.9, 5.370
[04:43:43] 669.4, 124.9, 5.385
[04:43:44] 669.4, 125.1, 5.344
[04:43:45] 669.6, 124.9, 5.384
[04:43:46] 669.7, 125.1, 5.352
[04:43:47] 669.5, 125.1, 5.274
[04:43:48] 669.3, 125.0, 5.271
[04:43:49] 660.1, 125.1, 5.272
[04:43:50] 660.2, 125.0, 5.389
[04:43:51] 660.5, 125.0, 5.272
[04:43:52] 660.5, 125.1, 5.280
[04:43:53] 660.7, 124.9, 5.278
[04:43:54] 661.2, 125.0, 5.347
[04:43:55] 661.1, 125.1, 5.270
[04:43:56] 661.2, 125.0, 5.280
[04:43:57] 661.1, 125.1, 5.270
[04:43:58] 661.0, 125.1, 5.399
[04:43:59] 670.7, 124.9, 5.357
[04:44:00] 670.7, 125.0, 5.289
[04:44:01] 659.7, 125.0, 5.271
[04:44:02] 659.8, 124.9, 5.339
[04:44:03] 660.2, 125.0, 5.273
[04:44:04] 660.3, 125.0, 5.278
[04:44:05] 660.7, 125.1, 5.272
[04:44:06] 660.9, 125.1, 5.302
[04:44:07] 660.9, 125.0, 5.313
[04:44:08] 661.1, 125.1, 5.273
[04:44:09] 661.1, 125.0, 5.283
[04:44:10] 661.0, 124.9, 5.440
[04:44:11] 676.2, 125.0, 5.369
[04:44:12] 675.7, 125.0, 5.298
[04:44:13] 665.0, 125.0, 5.269
[04:44:14] 664.4, 125.0, 5.295
[04:44:15] 659.3, 125.0, 5.273
[04:44:16] 659.7, 125.0, 5.273
[04:44:17] 659.8, 125.0, 5.271
[04:44:18] 659.8, 125.0, 5.368
[04:44:19] 666.6, 125.0, 5.268
[04:44:20] 660.7, 125.0, 5.286
[04:44:21] 660.5, 125.0, 5.286
[04:44:22] 660.8, 125.0, 5.295
[04:44:23] 660.7, 125.1, 5.270
[04:44:24] 660.6, 124.9, 5.379
[04:44:25] 672.5, 125.0, 5.268
[04:44:26] 661.3, 125.0, 5.368
[04:44:27] 661.2, 124.9, 5.268
[04:44:28] 661.3, 125.1, 5.272
[04:44:29] 661.1, 125.0, 5.286
[04:44:30] 661.0, 125.1, 5.289
[04:44:31] 661.5, 125.1, 5.266
[04:44:32] 661.5, 125.0, 5.323
[04:44:33] 661.4, 125.1, 5.268
[04:44:34] 661.5, 125.0, 5.304
[04:44:35] 661.3, 125.0, 5.271
[04:44:36] 661.2, 125.1, 5.320
[04:44:37] 668.0, 125.0, 5.410
[04:44:38] 674.1, 125.0, 5.409
[04:44:39] 673.8, 124.9, 5.396
[04:44:40] 673.8, 125.0, 5.369
[04:44:41] 673.5, 124.9, 5.329
[04:44:42] 667.2, 125.0, 5.359
[04:44:43] 666.9, 124.9, 5.285
[04:44:44] 660.9, 125.0, 5.276
[04:44:45] 660.7, 125.0, 5.278
[04:44:46] 661.1, 125.1, 5.390
[04:44:47] 671.3, 125.0, 5.219
[04:44:48] 653.8, 125.1, 5.153
[04:44:49] 645.7, 125.0, 5.143
[04:44:50] 645.5, 125.1, 5.172
[04:44:51] 645.3, 125.0, 5.146
[04:44:52] 645.2, 124.6, 7.260
[04:44:53] 846.5, 125.0, 5.144
[04:44:54] 644.1, 125.1, 5.172
[04:44:55] 644.0, 125.0, 5.144
[04:44:56] 644.0, 125.1, 5.151
[04:44:57] 644.0, 124.8, 5.413
[04:44:58] 767.0, 125.0, 5.740
[04:44:59] 744.3, 125.0, 5.146
[04:45:00] 644.1, 125.0, 5.153
[04:45:01] 644.0, 125.0, 5.144
[04:45:02] 644.0, 125.0, 5.178
[04:45:03] 644.0, 124.5, 7.203
[04:45:04] 888.8, 124.9, 5.784
[04:45:05] 748.1, 125.1, 5.147
[04:45:06] 644.3, 125.1, 5.167
[04:45:07] 644.2, 125.0, 5.144
[04:45:08] 644.1, 125.1, 5.143
[04:45:09] 644.1, 124.6, 7.243
[04:45:10] 872.1, 124.5, 7.231
[04:45:11] 902.6, 125.1, 5.833
[04:45:12] 752.0, 125.0, 5.156
[04:45:13] 644.9, 125.0, 5.147
[04:45:14] 644.7, 125.1, 5.167
[04:45:15] 644.6, 125.0, 5.143
[04:45:16] 644.5, 124.5, 7.195
[04:45:17] 842.4, 124.5, 7.250
[04:45:18] 902.2, 124.6, 7.221
[04:45:19] 902.4, 124.5, 7.296
[04:45:20] 902.6, 124.6, 7.223
[04:45:21] 841.4, 125.1, 5.162
[04:45:22] 645.7, 125.0, 5.182
[04:45:23] 645.6, 125.1, 5.150
[04:45:24] 645.4, 125.1, 5.153
[04:45:25] 645.3, 124.6, 6.373
[04:45:26] 784.9, 124.6, 7.275
[04:45:27] 901.8, 124.5, 7.235
[04:45:28] 902.1, 124.5, 7.259
[04:45:29] 902.4, 124.5, 7.277
[04:45:30] 902.7, 124.5, 7.255
[04:45:31] 903.3, 124.5, 7.310
[04:45:32] 903.6, 124.5, 7.265
[04:45:33] 904.1, 124.5, 7.293
[04:45:34] 904.3, 125.0, 5.267
[04:45:35] 707.1, 125.1, 5.168
[04:45:36] 647.1, 125.0, 5.163
[04:45:37] 646.9, 125.1, 5.156
[04:45:38] 646.7, 125.0, 5.177
[04:45:39] 671.1, 124.6, 7.234
[04:45:40] 903.4, 124.5, 7.243
[04:45:41] 903.6, 124.5, 7.291
[04:45:42] 903.8, 124.5, 7.253
[04:45:43] 904.2, 124.5, 7.304
[04:45:44] 904.4, 124.6, 7.257
[04:45:45] 904.8, 124.5, 7.283
[04:45:46] 905.1, 124.6, 7.292
[04:45:47] 905.3, 124.5, 7.260
[04:45:48] 905.8, 124.6, 7.322
[04:45:49] 905.9, 124.5, 7.261
[04:45:50] 906.3, 124.6, 7.307
[04:45:51] 906.4, 124.5, 7.275
[04:45:52] 906.7, 124.6, 7.279
[04:45:53] 907.0, 124.5, 7.318
[04:45:54] 907.1, 124.5, 7.272
[04:45:55] 907.5, 124.5, 7.321
[04:45:56] 856.3, 125.1, 5.179
[04:45:57] 647.5, 125.1, 5.165
[04:45:58] 647.4, 125.1, 5.185
[04:45:59] 647.2, 125.1, 5.153
