<<<[15:50:07] 640.4, 122.3, 5.214
[15:50:09] 650.4, 122.3, 5.456
[15:50:11] 663.2, 122.3, 5.450
[15:50:12] 663.1, 122.3, 5.439
[15:50:13] 663.1, 122.3, 5.436
[15:50:14] 663.0, 122.2, 5.450
[15:50:15] 662.8, 122.2, 5.463
[15:50:16] 662.8, 122.3, 5.439
[15:50:17] 662.7, 122.2, 5.440
[15:50:18] 662.8, 122.2, 5.424
[15:50:19] 662.7, 122.4, 5.391
[15:50:20] 662.9, 122.3, 5.404
[15:50:21] 663.1, 122.3, 5.405
[15:50:22] 663.1, 122.4, 5.386
[15:50:23] 663.1, 122.3, 5.390
[15:50:24] 662.8, 122.3, 5.425
[15:50:25] 662.8, 122.3, 5.438
[15:50:26] 662.7, 122.4, 5.458
[15:50:27] 662.6, 122.3, 5.446
[15:50:28] 662.7, 122.2, 5.450
[15:50:29] 662.9, 122.3, 5.411
[15:50:31] 662.9, 122.3, 5.395
[15:50:32] 662.9, 122.3, 5.384
[15:50:33] 662.8, 122.3, 5.370
[15:50:34] 662.6, 122.3, 5.483
[15:50:35] 662.6, 122.2, 5.338
[15:50:36] 654.0, 122.3, 5.399
[15:50:37] 654.2, 122.2, 5.380
[15:50:38] 654.3, 122.3, 5.453
[15:50:39] 654.8, 122.4, 5.362
[15:50:40] 654.7, 122.3, 5.359
[15:50:41] 654.8, 122.4, 5.339
[15:50:42] 654.8, 122.2, 5.466
[15:50:43] 664.4, 122.3, 5.340
[15:50:44] 654.2, 122.3, 5.436
[15:50:45] 654.3, 122.3, 5.349
[15:50:46] 654.4, 122.3, 5.422
[15:50:47] 654.9, 122.4, 5.341
[15:50:48] 654.7, 122.3, 5.339
[15:50:49] 654.9, 122.4, 5.343
[15:50:50] 655.0, 122.3, 5.463
[15:50:51] 668.9, 122.4, 5.347
[15:50:52] 658.1, 122.4, 5.331
[15:50:53] 657.5, 122.4, 5.339
[15:50:54] 657.4, 122.4, 5.331
[15:50:55] 657.3, 122.3, 5.337
[15:50:56] 657.1, 122.4, 5.330
[15:50:57] 656.8, 122.4, 5.335
[15:50:58] 656.5, 122.4, 5.339
[15:50:59] 657.1, 122.3, 5.336
[15:51:00] 657.0, 122.4, 5.334
[15:51:01] 656.8, 122.3, 5.337
[15:51:02] 656.5, 122.3, 5.332
[15:51:03] 656.6, 122.4, 5.332
[15:51:04] 656.3, 122.2, 5.337
[15:51:05] 656.2, 122.3, 5.374
[15:51:06] 655.9, 122.3, 5.467
[15:51:07] 664.6, 122.2, 5.472
[15:51:08] 669.7, 122.3, 5.438
[15:51:09] 669.3, 122.2, 5.341
[15:51:10] 656.7, 122.3, 5.332
[15:51:11] 656.2, 122.4, 5.344
[15:51:12] 656.1, 122.3, 5.343
[15:51:13] 655.8, 122.3, 5.455
[15:51:14] 656.2, 122.4, 5.331
[15:51:15] 655.8, 122.3, 5.333
[15:51:16] 655.8, 122.3, 5.332
[15:51:17] 655.5, 122.4, 5.338
[15:51:18] 655.4, 122.2, 5.456
[15:51:19] 662.4, 122.3, 5.328
[15:51:20] 653.4, 122.3, 5.332
[15:51:21] 653.6, 122.2, 5.338
[15:51:22] 653.6, 122.3, 5.337
[15:51:23] 653.5, 122.1, 5.359
[15:51:24] 654.1, 122.1, 5.374
[15:51:25] 654.0, 122.3, 5.356
[15:51:26] 654.2, 122.2, 5.331
[15:51:27] 654.0, 122.2, 5.335
[15:51:28] 654.2, 122.3, 5.459
[15:51:29] 668.2, 122.2, 5.362
[15:51:30] 658.7, 122.2, 5.362
[15:51:31] 653.2, 122.2, 5.371
[15:51:32] 653.4, 122.2, 5.331
[15:51:33] 653.3, 122.2, 5.339
[15:51:34] 653.7, 122.3, 5.332
[15:51:35] 653.8, 122.2, 5.335
[15:51:36] 653.7, 122.2, 5.387
[15:51:37] 654.2, 122.1, 5.381
[15:51:38] 654.2, 122.2, 5.350
[15:51:39] 660.5, 122.2, 5.340
[15:51:40] 660.0, 122.2, 5.369
[15:51:41] 659.4, 122.2, 5.440
[15:51:42] 658.9, 122.3, 5.329
[15:51:43] 653.4, 122.3, 5.330
[15:51:44] 653.9, 122.2, 5.333
[15:51:45] 653.8, 122.4, 5.336
[15:51:46] 653.8, 122.3, 5.341
[15:51:47] 653.9, 122.2, 5.340
[15:51:48] 653.8, 122.3, 5.449
[15:51:49] 663.4, 122.2, 5.471
[15:51:50] 670.3, 122.3, 5.450
[15:51:51] 669.9, 122.3, 5.448
[15:51:52] 669.5, 122.3, 5.325
[15:51:53] 653.6, 122.4, 5.217
[15:51:54] 639.0, 122.3, 5.213
[15:51:55] 638.8, 122.3, 5.210
[15:51:56] 638.7, 122.3, 5.238
[15:51:57] 638.8, 121.8, 7.146
[15:51:58] 741.0, 122.3, 5.212
[15:51:59] 637.8, 122.3, 5.209
[15:52:00] 637.7, 122.4, 5.206
[15:52:01] 637.7, 122.4, 5.214
[15:52:02] 637.7, 122.3, 5.207
[15:52:03] 755.2, 122.3, 5.256
[15:52:04] 688.6, 122.2, 5.213
[15:52:05] 637.6, 122.4, 5.215
[15:52:06] 637.6, 122.3, 5.209
[15:52:07] 637.6, 122.3, 5.207
[15:52:08] 668.7, 121.9, 7.531
[15:52:09] 858.9, 122.3, 5.224
[15:52:10] 638.8, 122.4, 5.214
[15:52:11] 638.7, 122.3, 5.239
[15:52:12] 639.0, 122.4, 5.209
[15:52:13] 638.9, 122.2, 5.417
[15:52:14] 776.4, 121.7, 7.600
[15:52:15] 918.7, 122.3, 5.231
[15:52:16] 643.2, 122.2, 5.218
[15:52:17] 642.5, 122.3, 5.221
[15:52:18] 642.0, 122.3, 5.212
[15:52:19] 641.6, 122.3, 5.214
[15:52:20] 703.0, 121.6, 7.640
[15:52:21] 929.6, 121.7, 7.674
[15:52:22] 929.7, 122.0, 6.369
[15:52:23] 771.9, 122.3, 5.228
[15:52:24] 639.6, 122.2, 5.220
[15:52:25] 639.5, 122.2, 5.233
[15:52:26] 639.5, 122.2, 5.217
[15:52:27] 639.3, 121.7, 7.552
[15:52:28] 849.6, 121.6, 7.628
[15:52:29] 930.5, 121.7, 7.634
[15:52:30] 930.7, 121.6, 7.645
[15:52:31] 931.0, 121.7, 7.684
[15:52:32] 931.4, 122.0, 6.184
[15:52:33] 765.6, 122.3, 5.245
[15:52:34] 641.2, 122.2, 5.228
[15:52:35] 641.0, 122.3, 5.225
[15:52:36] 640.7, 122.3, 5.222
[15:52:37] 640.5, 121.7, 7.587
[15:52:38] 854.0, 121.6, 7.657
[15:52:39] 931.5, 121.7, 7.634
[15:52:40] 931.6, 121.6, 7.647
[15:52:41] 931.8, 121.7, 7.671
[15:52:42] 932.2, 121.6, 7.704
[15:52:43] 932.6, 121.6, 7.715
[15:52:44] 932.9, 121.5, 7.701
[15:52:45] 933.3, 121.6, 7.676
[15:52:46] 933.6, 121.6, 7.733
[15:52:47] 944.1, 122.2, 6.318
[15:52:48] 775.0, 122.1, 5.293
[15:52:49] 647.7, 122.3, 5.291
[15:52:50] 647.6, 122.2, 5.278
[15:52:51] 647.4, 122.3, 5.275
[15:52:52] 647.1, 121.7, 7.636
[15:52:53] 867.2, 121.7, 7.733
[15:52:54] 939.0, 121.6, 7.744
[15:52:55] 939.1, 121.7, 7.727
[15:52:56] 939.3, 121.7, 7.709
[15:52:57] 939.6, 121.7, 7.719
[15:52:58] 939.9, 121.7, 7.747
[15:52:59] 940.4, 121.8, 7.769
[15:53:00] 940.7, 121.6, 7.777
[15:53:01] 941.1, 121.7, 7.749
[15:53:02] 941.3, 121.7, 7.727
[15:53:03] 941.5, 121.6, 7.726
[15:53:04] 941.8, 121.7, 7.758
[15:53:05] 942.1, 121.6, 7.785
[15:53:06] 942.4, 121.7, 7.784
[15:53:07] 942.7, 121.6, 7.759
[15:53:08] 942.8, 121.7, 7.735
[15:53:09] 943.0, 121.7, 7.730
[15:53:10] 943.2, 121.8, 7.755
[15:53:11] 943.4, 121.7, 7.780
[15:53:12] 943.6, 122.3, 5.466
[15:53:13] 718.7, 122.4, 5.303
[15:53:14] 649.1, 122.3, 5.285
[15:53:15] 648.8, 122.5, 5.278
[15:53:16] 648.5, 122.4, 5.276
