<<<[21:52:17] 648.2, 123.4, 5.226
[21:52:18] 647.9, 123.6, 5.223
[21:52:19] 647.7, 123.4, 5.296
[21:52:20] 659.5, 123.5, 5.332
[21:52:21] 659.7, 123.5, 5.359
[21:52:22] 660.1, 123.4, 5.325
[21:52:23] 659.8, 123.5, 5.215
[21:52:24] 645.3, 123.5, 5.215
[21:52:25] 645.2, 123.5, 5.218
[21:52:26] 645.2, 123.5, 5.216
[21:52:27] 645.2, 123.1, 6.452
[21:52:28] 741.4, 123.6, 5.223
[21:52:29] 645.7, 123.5, 5.222
[21:52:30] 645.6, 123.6, 5.213
[21:52:31] 645.4, 123.6, 5.213
[21:52:32] 645.3, 123.2, 6.349
[21:52:33] 739.4, 123.6, 5.212
[21:52:34] 644.3, 123.6, 5.209
[21:52:35] 644.3, 123.5, 5.209
[21:52:36] 644.3, 123.6, 5.208
[21:52:37] 644.2, 123.2, 6.278
[21:52:38] 739.6, 123.6, 5.212
[21:52:39] 644.7, 123.5, 5.212
[21:52:40] 644.6, 123.6, 5.212
[21:52:41] 644.5, 123.5, 5.211
[21:52:42] 644.4, 123.2, 6.186
[21:52:43] 739.2, 123.5, 5.215
[21:52:44] 644.5, 123.6, 5.211
[21:52:45] 644.4, 123.5, 5.222
[21:52:46] 644.4, 123.6, 5.218
[21:52:47] 644.6, 123.2, 6.092
[21:52:48] 739.2, 123.5, 5.226
[21:52:49] 645.7, 123.5, 5.222
[21:52:50] 645.6, 123.6, 5.208
[21:52:51] 645.4, 123.5, 5.211
[21:52:52] 645.2, 123.3, 5.933
[21:52:53] 736.3, 123.5, 5.212
[21:52:54] 644.1, 123.5, 5.212
[21:52:55] 644.1, 123.5, 5.214
[21:52:56] 644.1, 123.6, 5.207
[21:52:57] 644.1, 123.2, 5.644
[21:52:58] 735.3, 123.5, 5.224
[21:52:59] 646.1, 123.5, 5.219
[21:53:00] 645.9, 123.5, 5.222
[21:53:01] 645.8, 123.5, 5.221
[21:53:02] 645.7, 123.4, 5.218
[21:53:03] 730.6, 123.5, 5.215
[21:53:04] 643.9, 123.5, 5.211
[21:53:05] 643.8, 123.5, 5.211
[21:53:06] 643.8, 123.5, 5.211
[21:53:07] 643.9, 123.6, 5.208
[21:53:08] 750.8, 123.5, 5.220
[21:53:09] 665.0, 123.5, 5.224
[21:53:10] 645.1, 123.5, 5.223
[21:53:11] 645.1, 123.4, 5.220
[21:53:12] 645.1, 123.5, 5.224
[21:53:13] 736.1, 123.4, 5.237
[21:53:14] 667.4, 123.5, 5.215
[21:53:15] 644.5, 123.4, 5.217
[21:53:16] 644.4, 123.4, 5.210
[21:53:17] 644.3, 123.5, 5.211
[21:53:18] 682.9, 123.3, 6.763
[21:53:19] 787.0, 123.5, 5.215
[21:53:20] 644.5, 123.6, 5.211
[21:53:21] 644.4, 123.6, 5.218
[21:53:22] 644.4, 123.5, 5.220
[21:53:23] 644.6, 122.9, 7.861
[21:53:24] 891.0, 123.5, 5.376
[21:53:25] 719.5, 123.6, 5.231
[21:53:26] 645.5, 123.5, 5.213
[21:53:27] 645.4, 123.5, 5.209
[21:53:28] 645.2, 123.6, 5.208
[21:53:29] 645.2, 122.8, 7.921
[21:53:30] 975.2, 123.0, 7.628
[21:53:31] 859.5, 123.5, 5.224
[21:53:32] 645.5, 123.4, 5.220
[21:53:33] 645.4, 123.5, 5.225
[21:53:34] 645.4, 123.5, 5.227
[21:53:35] 645.5, 123.0, 6.578
[21:53:36] 819.3, 122.8, 7.949
[21:53:37] 978.6, 122.9, 7.975
[21:53:38] 978.9, 123.0, 7.487
[21:53:39] 860.5, 123.5, 5.235
[21:53:40] 646.9, 123.5, 5.230
[21:53:41] 646.7, 123.4, 5.226
[21:53:42] 646.6, 123.5, 5.219
[21:53:43] 646.4, 123.0, 7.232
[21:53:44] 835.9, 122.8, 7.960
[21:53:45] 979.4, 122.8, 7.985
[21:53:46] 979.7, 122.9, 8.002
[21:53:47] 980.3, 122.8, 8.008
[21:53:48] 980.9, 122.7, 8.009
[21:53:49] 981.4, 123.2, 7.175
[21:53:50] 805.6, 123.5, 5.239
[21:53:51] 647.7, 123.5, 5.234
[21:53:52] 647.5, 123.5, 5.226
[21:53:53] 647.3, 123.5, 5.249
[21:53:54] 647.5, 122.8, 7.765
[21:53:55] 871.9, 122.9, 7.951
[21:53:56] 979.0, 122.9, 7.968
[21:53:57] 979.2, 122.8, 7.993
[21:53:58] 979.7, 122.9, 7.999
[21:53:59] 980.3, 122.9, 8.005
[21:54:00] 985.5, 122.8, 8.012
[21:54:01] 985.5, 122.9, 8.010
[21:54:02] 985.6, 122.9, 8.004
[21:54:03] 985.5, 122.8, 8.002
[21:54:04] 985.4, 122.8, 8.012
[21:54:05] 985.4, 122.8, 8.009
[21:54:06] 985.4, 123.5, 5.278
[21:54:07] 685.7, 123.5, 5.251
[21:54:08] 648.9, 123.5, 5.237
[21:54:09] 648.6, 123.4, 5.241
