<<<[09:46:47] 648.9, 123.7, 5.221
[09:46:48] 648.6, 123.6, 5.225
[09:46:49] 648.5, 123.6, 5.389
[09:46:50] 662.4, 123.6, 5.362
[09:46:51] 662.8, 123.5, 5.415
[09:46:52] 663.3, 123.7, 5.358
[09:46:53] 663.5, 123.5, 5.384
[09:46:54] 663.9, 123.7, 5.374
[09:46:55] 664.4, 123.7, 5.369
[09:46:56] 664.7, 123.6, 5.392
[09:46:57] 665.2, 123.7, 5.286
[09:46:58] 651.4, 123.7, 5.232
[09:46:59] 650.8, 123.6, 5.251
[09:47:00] 650.6, 123.7, 5.256
[09:47:01] 650.3, 123.7, 5.247
[09:47:02] 667.8, 123.6, 5.411
[09:47:03] 723.7, 123.6, 5.223
[09:47:04] 647.1, 123.7, 5.232
[09:47:05] 647.0, 123.7, 5.223
[09:47:06] 647.0, 123.7, 5.228
[09:47:07] 662.8, 123.7, 5.410
[09:47:08] 725.8, 123.7, 5.233
[09:47:09] 646.9, 123.7, 5.217
[09:47:10] 646.8, 123.7, 5.226
[09:47:11] 646.6, 123.7, 5.219
[09:47:12] 661.9, 123.7, 5.430
[09:47:13] 726.2, 123.7, 5.217
[09:47:14] 646.9, 123.7, 5.228
[09:47:15] 646.7, 123.6, 5.220
[09:47:16] 646.7, 123.7, 5.228
[09:47:17] 658.1, 123.7, 5.429
[09:47:18] 727.0, 123.7, 5.226
[09:47:19] 646.1, 123.7, 5.216
[09:47:20] 646.1, 123.8, 5.223
[09:47:21] 646.2, 123.7, 5.214
[09:47:22] 646.7, 123.7, 5.443
[09:47:23] 730.0, 123.7, 5.218
[09:47:24] 646.9, 123.7, 5.226
[09:47:25] 646.8, 123.8, 5.216
[09:47:26] 646.7, 123.7, 5.221
[09:47:27] 646.5, 123.7, 5.447
[09:47:28] 726.6, 123.7, 5.220
[09:47:29] 646.3, 123.8, 5.219
[09:47:30] 646.3, 123.8, 5.220
[09:47:31] 646.3, 123.7, 5.213
[09:47:32] 646.3, 123.2, 7.233
[09:47:33] 757.9, 123.8, 5.218
[09:47:34] 646.9, 123.8, 5.222
[09:47:35] 646.7, 123.6, 5.220
[09:47:36] 646.8, 123.7, 5.222
[09:47:37] 646.7, 123.1, 7.559
[09:47:38] 822.7, 123.7, 5.229
[09:47:39] 646.1, 123.7, 5.218
[09:47:40] 646.1, 123.7, 5.226
[09:47:41] 646.2, 123.7, 5.220
[09:47:42] 646.2, 123.6, 5.221
[09:47:43] 747.1, 123.1, 7.309
[09:47:44] 851.6, 123.7, 5.233
[09:47:45] 647.3, 123.7, 5.224
[09:47:46] 647.2, 123.5, 5.227
[09:47:47] 647.1, 123.6, 5.224
[09:47:48] 647.0, 123.0, 7.368
[09:47:49] 833.5, 123.0, 7.715
[09:47:50] 938.8, 123.7, 5.257
[09:47:51] 685.3, 123.6, 5.231
[09:47:52] 647.3, 123.6, 5.227
[09:47:53] 647.2, 123.7, 5.229
[09:47:54] 647.2, 123.7, 5.218
[09:47:55] 704.8, 123.2, 7.714
[09:47:56] 949.2, 123.1, 7.723
[09:47:57] 949.5, 123.1, 7.726
[09:47:58] 921.3, 123.7, 5.240
[09:47:59] 648.5, 123.7, 5.262
[09:48:00] 648.6, 123.7, 5.249
[09:48:01] 648.6, 123.6, 5.255
[09:48:02] 648.6, 123.6, 5.220
[09:48:03] 754.6, 123.0, 7.705
[09:48:04] 949.4, 123.1, 7.722
[09:48:05] 949.8, 123.1, 7.754
[09:48:06] 950.3, 123.2, 7.739
[09:48:07] 950.8, 123.0, 7.747
[09:48:08] 951.2, 123.2, 7.311
[09:48:09] 805.9, 123.6, 5.248
[09:48:10] 649.7, 123.7, 5.236
[09:48:11] 649.5, 123.7, 5.236
[09:48:12] 649.4, 123.7, 5.223
[09:48:13] 649.1, 123.0, 7.601
[09:48:14] 861.8, 123.0, 7.728
[09:48:15] 952.0, 123.0, 7.752
[09:48:16] 952.1, 123.0, 7.738
[09:48:17] 952.2, 123.1, 7.753
[09:48:18] 952.7, 123.1, 7.747
[09:48:19] 953.0, 123.1, 7.770
[09:48:20] 953.5, 123.1, 7.755
[09:48:21] 953.9, 123.1, 7.765
[09:48:22] 954.4, 123.1, 7.764
[09:48:23] 954.8, 123.1, 7.751
[09:48:24] 955.1, 123.1, 7.772
[09:48:25] 827.8, 123.7, 5.278
[09:48:26] 652.0, 123.7, 5.242
[09:48:27] 651.6, 123.7, 5.269
[09:48:28] 651.4, 123.8, 5.257
