<<<[05:01:08] 648.7, 125.0, 5.161
[05:01:09] 648.2, 125.1, 5.163
[05:01:10] 648.1, 124.9, 5.386
[05:01:11] 669.5, 125.1, 5.291
[05:01:12] 664.4, 124.9, 5.394
[05:01:13] 671.1, 125.0, 5.300
[05:01:14] 664.0, 124.9, 5.371
[05:01:15] 669.5, 125.0, 5.330
[05:01:16] 669.0, 124.9, 5.390
[05:01:17] 668.9, 125.0, 5.282
[05:01:18] 668.3, 125.0, 5.327
[05:01:19] 667.9, 124.9, 5.339
[05:01:20] 667.5, 125.0, 5.376
[05:01:21] 666.9, 124.9, 5.290
[05:01:22] 666.5, 125.0, 5.292
[05:01:23] 666.0, 124.9, 5.400
[05:01:24] 666.0, 124.9, 5.297
[05:01:25] 665.8, 125.0, 5.293
[05:01:26] 665.3, 124.9, 5.428
[05:01:27] 672.5, 125.0, 5.289
[05:01:28] 662.1, 124.9, 5.351
[05:01:29] 662.2, 125.0, 5.293
[05:01:30] 662.5, 124.9, 5.294
[05:01:31] 662.8, 124.9, 5.292
[05:01:32] 662.9, 124.9, 5.338
[05:01:33] 662.7, 124.9, 5.436
[05:01:34] 673.9, 125.0, 5.345
[05:01:35] 668.4, 125.0, 5.306
[05:01:36] 663.2, 125.1, 5.184
[05:01:37] 651.4, 125.0, 5.157
[05:01:38] 644.1, 125.1, 5.165
[05:01:39] 644.1, 125.1, 5.156
[05:01:40] 644.1, 125.0, 5.158
[05:01:41] 644.1, 124.6, 6.999
[05:01:42] 740.4, 125.1, 5.156
[05:01:43] 643.9, 125.0, 5.154
[05:01:44] 643.8, 125.0, 5.159
[05:01:45] 643.8, 125.0, 5.149
[05:01:46] 643.8, 124.5, 6.965
[05:01:47] 733.7, 125.0, 5.153
[05:01:48] 643.7, 125.0, 5.154
[05:01:49] 643.7, 125.0, 5.150
[05:01:50] 643.6, 124.9, 5.145
[05:01:51] 643.5, 124.6, 6.889
[05:01:52] 754.2, 125.0, 5.157
[05:01:53] 644.1, 124.9, 5.151
[05:01:54] 644.0, 125.0, 5.152
[05:01:55] 643.9, 125.0, 5.152
[05:01:56] 643.9, 124.9, 5.193
[05:01:57] 766.4, 125.0, 5.168
[05:01:58] 675.6, 125.1, 5.151
[05:01:59] 643.7, 125.0, 5.154
[05:02:00] 643.6, 125.0, 5.153
[05:02:01] 643.6, 125.0, 5.150
[05:02:02] 712.1, 124.5, 7.124
[05:02:03] 783.9, 125.0, 5.154
[05:02:04] 644.1, 125.0, 5.153
[05:02:05] 644.0, 125.0, 5.151
[05:02:06] 644.0, 125.0, 5.146
[05:02:07] 643.9, 124.5, 7.438
[05:02:08] 870.1, 124.9, 5.422
[05:02:09] 732.9, 125.0, 5.154
[05:02:10] 643.9, 125.0, 5.152
[05:02:11] 643.9, 124.9, 5.151
[05:02:12] 643.8, 125.0, 5.150
[05:02:13] 643.8, 124.3, 7.468
[05:02:14] 903.2, 124.4, 7.484
[05:02:15] 926.8, 125.0, 5.186
[05:02:16] 682.5, 125.0, 5.163
[05:02:17] 644.7, 125.0, 5.157
[05:02:18] 644.6, 125.0, 5.153
[05:02:19] 644.5, 125.0, 5.153
[05:02:20] 682.1, 124.4, 7.487
[05:02:21] 932.1, 124.4, 7.498
[05:02:22] 932.2, 124.4, 7.507
[05:02:23] 932.6, 124.4, 7.249
[05:02:24] 850.6, 125.0, 5.181
[05:02:25] 647.5, 125.0, 5.169
[05:02:26] 647.3, 125.0, 5.167
[05:02:27] 647.1, 125.1, 5.160
[05:02:28] 646.8, 124.5, 7.039
[05:02:29] 817.0, 124.4, 7.497
[05:02:30] 933.7, 124.3, 7.508
[05:02:31] 933.9, 124.4, 7.516
[05:02:32] 934.1, 124.4, 7.518
[05:02:33] 934.3, 124.3, 7.516
[05:02:34] 934.6, 124.5, 7.516
[05:02:35] 934.8, 124.4, 7.337
[05:02:36] 856.5, 124.9, 5.176
[05:02:37] 646.9, 125.0, 5.193
[05:02:38] 646.9, 125.0, 5.164
[05:02:39] 646.7, 125.0, 5.158
[05:02:40] 646.5, 124.5, 6.482
[05:02:41] 798.1, 124.4, 7.474
[05:02:42] 930.9, 124.4, 7.486
[05:02:43] 931.1, 124.5, 7.490
[05:02:44] 931.3, 124.3, 7.498
[05:02:45] 931.5, 124.4, 7.494
[05:02:46] 931.8, 124.4, 7.498
[05:02:47] 932.2, 124.5, 7.498
[05:02:48] 932.5, 124.4, 7.508
[05:02:49] 932.8, 124.5, 7.507
[05:02:50] 933.1, 124.4, 7.512
[05:02:51] 933.4, 124.5, 7.510
[05:02:52] 933.7, 124.4, 7.511
[05:02:53] 934.0, 124.5, 7.513
[05:02:54] 934.2, 124.5, 7.516
[05:02:55] 890.0, 124.9, 5.316
[05:02:56] 662.6, 125.0, 5.314
[05:02:57] 662.5, 124.9, 5.303
[05:02:58] 662.3, 125.0, 5.200
