<<<[09:17:23] 651.0, 123.9, 5.226
[09:17:24] 650.6, 124.0, 5.226
[09:17:25] 650.4, 124.0, 5.229
[09:17:26] 650.4, 123.9, 5.407
[09:17:27] 668.7, 123.9, 5.409
[09:17:28] 668.7, 123.9, 5.366
[09:17:29] 668.6, 123.9, 5.381
[09:17:30] 668.6, 123.9, 5.402
[09:17:31] 668.4, 124.0, 5.368
[09:17:32] 668.4, 123.9, 5.374
[09:17:33] 668.4, 123.9, 5.410
[09:17:34] 668.5, 124.0, 5.350
[09:17:35] 668.1, 123.9, 5.370
[09:17:36] 667.9, 123.9, 5.408
[09:17:37] 667.9, 123.9, 5.380
[09:17:38] 667.9, 123.8, 5.362
[09:17:39] 667.8, 123.8, 5.355
[09:17:40] 667.5, 123.8, 5.392
[09:17:41] 667.4, 123.8, 5.367
[09:17:42] 667.1, 123.8, 5.356
[09:17:43] 666.7, 123.9, 5.404
[09:17:44] 666.9, 123.9, 5.387
[09:17:45] 666.9, 123.9, 5.378
[09:17:46] 667.0, 123.9, 5.377
[09:17:47] 666.9, 123.9, 5.353
[09:17:48] 666.8, 123.9, 5.354
[09:17:49] 667.0, 123.8, 5.372
[09:17:50] 667.1, 123.9, 5.360
[09:17:51] 667.2, 123.9, 5.420
[09:17:52] 667.0, 123.9, 5.475
[09:17:53] 667.5, 123.9, 5.372
[09:17:54] 667.3, 123.9, 5.351
[09:17:55] 667.4, 123.9, 5.363
[09:17:56] 668.0, 123.9, 5.443
[09:17:57] 668.5, 123.9, 5.361
[09:17:58] 668.5, 123.8, 5.359
[09:17:59] 668.2, 123.8, 5.394
[09:18:00] 668.7, 123.9, 5.360
[09:18:01] 668.5, 123.9, 5.460
[09:18:02] 668.5, 123.9, 5.351
[09:18:03] 668.2, 123.9, 5.495
[09:18:04] 680.4, 123.9, 5.465
[09:18:05] 679.9, 123.9, 5.351
[09:18:06] 666.6, 123.9, 5.435
[09:18:07] 666.6, 123.9, 5.406
[09:18:08] 666.4, 123.8, 5.486
[09:18:09] 666.9, 123.9, 5.419
[09:18:10] 666.7, 123.8, 5.407
[09:18:11] 666.7, 123.9, 5.362
[09:18:12] 666.5, 123.8, 5.478
[09:18:13] 677.4, 123.9, 5.359
[09:18:14] 665.6, 123.9, 5.343
[09:18:15] 665.7, 123.8, 5.377
[09:18:16] 665.8, 123.8, 5.475
[09:18:17] 671.1, 123.9, 5.373
[09:18:18] 670.5, 123.8, 5.453
[09:18:19] 670.0, 123.9, 5.381
[09:18:20] 669.6, 123.9, 5.468
[09:18:21] 677.2, 123.8, 5.467
[09:18:22] 677.4, 123.9, 5.425
[09:18:23] 677.0, 123.8, 5.439
[09:18:24] 676.5, 123.8, 5.371
[09:18:25] 666.0, 123.8, 5.377
[09:18:26] 666.0, 123.8, 5.361
[09:18:27] 659.1, 123.9, 5.255
[09:18:28] 649.7, 123.9, 5.221
[09:18:29] 649.2, 123.9, 5.212
[09:18:30] 648.9, 123.9, 5.213
[09:18:31] 648.5, 123.7, 5.405
[09:18:32] 743.9, 123.8, 5.215
[09:18:33] 646.3, 123.8, 5.220
[09:18:34] 646.2, 123.9, 5.200
[09:18:35] 646.1, 123.9, 5.208
[09:18:36] 646.1, 123.9, 5.211
[09:18:37] 730.6, 124.0, 5.204
[09:18:38] 646.1, 124.0, 5.201
[09:18:39] 646.0, 124.0, 5.206
[09:18:40] 645.9, 124.0, 5.205
[09:18:41] 645.9, 123.9, 5.205
[09:18:42] 727.2, 123.9, 5.213
[09:18:43] 674.7, 123.9, 5.208
[09:18:44] 645.9, 123.8, 5.209
[09:18:45] 645.9, 123.9, 5.205
[09:18:46] 645.9, 123.9, 5.203
[09:18:47] 672.3, 123.7, 7.084
[09:18:48] 781.5, 124.0, 5.212
[09:18:49] 646.3, 124.0, 5.206
[09:18:50] 646.2, 123.9, 5.199
[09:18:51] 646.1, 123.9, 5.222
[09:18:52] 646.3, 123.3, 7.272
[09:18:53] 831.1, 123.6, 7.105
[09:18:54] 778.8, 124.0, 5.208
[09:18:55] 645.7, 124.0, 5.215
[09:18:56] 645.7, 124.0, 5.210
[09:18:57] 645.8, 123.9, 5.217
[09:18:58] 645.8, 123.4, 7.395
[09:18:59] 875.6, 123.4, 7.432
[09:19:00] 913.2, 123.9, 5.232
[09:19:01] 678.0, 123.9, 5.220
[09:19:02] 647.1, 124.0, 5.204
[09:19:03] 646.9, 124.0, 5.206
[09:19:04] 646.8, 124.0, 5.209
[09:19:05] 695.5, 123.4, 7.419
[09:19:06] 917.4, 123.4, 7.424
[09:19:07] 917.4, 123.4, 7.432
[09:19:08] 917.7, 123.5, 7.162
[09:19:09] 781.3, 123.9, 5.218
[09:19:10] 647.3, 123.9, 5.204
[09:19:11] 647.2, 124.0, 5.207
[09:19:12] 647.0, 124.0, 5.210
[09:19:13] 646.9, 123.4, 7.402
[09:19:14] 877.4, 123.4, 7.426
[09:19:15] 918.7, 123.4, 7.435
[09:19:16] 918.7, 123.3, 7.433
[09:19:17] 918.9, 123.5, 7.446
[09:19:18] 919.0, 123.5, 7.442
[09:19:19] 919.2, 123.5, 7.450
[09:19:20] 918.9, 123.9, 5.244
[09:19:21] 680.0, 123.9, 5.224
[09:19:22] 648.1, 124.0, 5.213
[09:19:23] 647.9, 124.0, 5.216
[09:19:24] 647.8, 124.0, 5.211
[09:19:25] 699.8, 123.4, 7.429
[09:19:26] 918.3, 123.5, 7.432
[09:19:27] 918.4, 123.5, 7.445
[09:19:28] 918.6, 123.5, 7.444
[09:19:29] 918.9, 123.4, 7.452
[09:19:30] 919.2, 123.5, 7.450
[09:19:31] 919.5, 123.4, 7.455
[09:19:32] 919.8, 123.4, 7.459
[09:19:33] 920.0, 123.4, 7.457
[09:19:34] 920.3, 123.4, 7.468
[09:19:35] 920.6, 123.4, 7.459
[09:19:36] 920.9, 123.4, 7.459
[09:19:37] 921.1, 123.3, 7.470
[09:19:38] 921.3, 123.8, 5.241
[09:19:39] 683.1, 123.9, 5.228
[09:19:40] 648.5, 123.8, 5.225
[09:19:41] 648.3, 123.9, 5.215
[09:19:42] 648.2, 123.9, 5.213
