<<<[16:17:00] 647.6, 122.3, 5.290
[16:17:01] 647.3, 122.3, 5.285
[16:17:02] 646.9, 122.4, 5.283
[16:17:03] 646.8, 122.2, 5.518
[16:17:04] 669.1, 122.3, 5.458
[16:17:05] 668.8, 122.3, 5.458
[16:17:06] 668.8, 122.3, 5.407
[16:17:07] 661.3, 122.3, 5.451
[16:17:08] 661.1, 122.3, 5.506
[16:17:09] 661.3, 122.4, 5.427
[16:17:10] 661.1, 122.3, 5.528
[16:17:11] 661.5, 122.3, 5.400
[16:17:12] 661.3, 122.4, 5.401
[16:17:13] 661.0, 122.3, 5.381
[16:17:14] 661.1, 122.3, 5.449
[16:17:15] 660.9, 122.3, 5.400
[16:17:16] 661.1, 122.3, 5.467
[16:17:17] 667.8, 122.2, 5.459
[16:17:18] 667.2, 122.2, 5.408
[16:17:19] 658.1, 122.3, 5.322
[16:17:20] 648.7, 122.3, 5.288
[16:17:21] 648.2, 122.3, 5.284
[16:17:22] 647.7, 122.3, 5.280
[16:17:23] 647.3, 122.3, 5.282
[16:17:24] 718.2, 122.3, 5.292
[16:17:25] 667.4, 122.4, 5.276
[16:17:26] 643.6, 122.4, 5.276
[16:17:27] 643.6, 122.4, 5.275
[16:17:28] 643.6, 122.4, 5.275
[16:17:29] 707.7, 122.4, 5.288
[16:17:30] 668.7, 122.4, 5.281
[16:17:31] 644.3, 122.4, 5.275
[16:17:32] 644.1, 122.4, 5.277
[16:17:33] 644.1, 122.4, 5.277
[16:17:34] 698.3, 122.4, 5.285
[16:17:35] 670.5, 122.4, 5.277
[16:17:36] 643.7, 122.3, 5.280
[16:17:37] 643.7, 122.4, 5.276
[16:17:38] 643.7, 122.3, 5.275
[16:17:39] 671.7, 122.4, 5.467
[16:17:40] 730.4, 122.4, 5.276
[16:17:41] 643.6, 122.4, 5.274
[16:17:42] 643.6, 122.3, 5.279
[16:17:43] 643.6, 122.4, 5.274
[16:17:44] 643.5, 121.8, 7.777
[16:17:45] 827.2, 122.4, 5.285
[16:17:46] 644.3, 122.3, 5.286
[16:17:47] 644.3, 122.4, 5.281
[16:17:48] 644.3, 122.4, 5.290
[16:17:49] 644.4, 122.0, 6.180
[16:17:50] 814.8, 122.0, 7.324
[16:17:51] 799.8, 122.4, 5.286
[16:17:52] 644.9, 122.3, 5.287
[16:17:53] 644.8, 122.4, 5.279
[16:17:54] 644.7, 122.4, 5.283
[16:17:55] 644.7, 121.8, 7.935
[16:17:56] 889.8, 121.8, 8.024
[16:17:57] 958.3, 122.5, 5.304
[16:17:58] 681.0, 122.5, 5.284
[16:17:59] 644.9, 122.5, 5.282
[16:18:00] 644.8, 122.4, 5.288
[16:18:01] 644.9, 122.4, 5.279
[16:18:02] 715.8, 121.7, 8.022
[16:18:03] 978.0, 121.7, 8.032
[16:18:04] 978.2, 121.8, 8.044
[16:18:05] 963.4, 122.5, 5.321
[16:18:06] 684.3, 122.5, 5.285
[16:18:07] 645.3, 122.5, 5.280
[16:18:08] 645.2, 122.5, 5.280
[16:18:09] 645.0, 122.5, 5.278
[16:18:10] 706.5, 121.7, 8.019
[16:18:11] 977.4, 121.7, 8.037
[16:18:12] 977.6, 121.6, 8.051
[16:18:13] 977.9, 121.6, 8.058
[16:18:14] 978.3, 121.6, 8.060
[16:18:15] 978.8, 121.6, 8.067
[16:18:16] 969.3, 122.3, 5.332
[16:18:17] 688.4, 122.3, 5.300
[16:18:18] 646.3, 122.3, 5.299
[16:18:19] 646.2, 122.4, 5.287
[16:18:20] 646.0, 122.3, 5.289
[16:18:21] 691.2, 121.7, 8.034
[16:18:22] 978.2, 121.7, 8.044
[16:18:23] 978.4, 121.6, 8.059
[16:18:24] 978.8, 121.6, 8.074
[16:18:25] 979.3, 121.6, 8.067
[16:18:26] 979.8, 121.7, 8.073
[16:18:27] 980.3, 121.7, 8.081
[16:18:28] 980.8, 121.7, 8.079
[16:18:29] 981.2, 121.7, 8.077
[16:18:30] 981.6, 121.7, 8.081
[16:18:31] 981.9, 121.7, 8.081
[16:18:32] 982.2, 121.7, 8.079
[16:18:33] 968.1, 122.3, 5.316
[16:18:34] 647.7, 122.3, 5.307
[16:18:35] 647.6, 122.3, 5.303
[16:18:36] 647.4, 122.3, 5.302
