<<<[19:41:08] 645.6, 123.6, 5.223
[19:41:09] 645.6, 123.5, 5.220
[19:41:10] 645.6, 123.5, 5.436
[19:41:11] 668.4, 123.5, 5.251
[19:41:12] 654.6, 123.6, 5.221
[19:41:13] 645.5, 123.6, 5.220
[19:41:14] 645.4, 123.6, 5.223
[19:41:15] 645.4, 123.5, 5.220
[19:41:16] 645.4, 123.1, 6.855
[19:41:17] 740.4, 123.6, 5.214
[19:41:18] 644.5, 123.6, 5.224
[19:41:19] 644.5, 123.6, 5.236
[19:41:20] 644.7, 123.6, 5.236
[19:41:21] 644.8, 123.1, 6.764
[19:41:22] 736.7, 123.4, 5.220
[19:41:23] 644.7, 123.5, 5.215
[19:41:24] 644.7, 123.5, 5.212
[19:41:25] 644.6, 123.6, 5.211
[19:41:26] 644.5, 123.1, 6.729
[19:41:27] 735.3, 123.6, 5.214
[19:41:28] 644.5, 123.4, 5.213
[19:41:29] 644.4, 123.5, 5.211
[19:41:30] 644.4, 123.5, 5.213
[19:41:31] 644.4, 123.1, 6.694
[19:41:32] 733.7, 123.6, 5.214
[19:41:33] 644.5, 123.6, 5.207
[19:41:34] 644.4, 123.6, 5.217
[19:41:35] 644.3, 123.5, 5.231
[19:41:36] 644.4, 123.1, 6.665
[19:41:37] 733.9, 123.4, 5.215
[19:41:38] 644.1, 123.6, 5.212
[19:41:39] 644.1, 123.6, 5.208
[19:41:40] 644.0, 123.5, 5.211
[19:41:41] 644.0, 123.0, 6.613
[19:41:42] 731.9, 123.5, 5.213
[19:41:43] 644.1, 123.5, 5.211
[19:41:44] 644.0, 123.6, 5.211
[19:41:45] 644.0, 123.6, 5.209
[19:41:46] 644.0, 123.2, 6.553
[19:41:47] 730.8, 123.6, 5.211
[19:41:48] 643.9, 123.5, 5.207
[19:41:49] 643.8, 123.5, 5.203
[19:41:50] 643.8, 123.5, 5.209
[19:41:51] 643.8, 123.2, 6.471
[19:41:52] 728.0, 123.6, 5.208
[19:41:53] 643.7, 123.6, 5.209
[19:41:54] 643.7, 123.5, 5.208
[19:41:55] 643.7, 123.5, 5.206
[19:41:56] 643.7, 123.3, 6.343
[19:41:57] 724.5, 123.6, 5.206
[19:41:58] 643.7, 123.5, 5.209
[19:41:59] 643.7, 123.5, 5.207
[19:42:00] 643.6, 123.6, 5.204
[19:42:01] 643.6, 123.4, 5.452
[19:42:02] 717.8, 123.5, 5.215
[19:42:03] 643.9, 123.5, 5.210
[19:42:04] 643.8, 123.4, 5.208
[19:42:05] 643.8, 123.5, 5.202
[19:42:06] 643.7, 123.5, 5.214
[19:42:07] 752.8, 123.6, 5.212
[19:42:08] 645.1, 123.6, 5.211
[19:42:09] 644.9, 123.6, 5.205
[19:42:10] 644.7, 123.6, 5.206
[19:42:11] 644.5, 123.5, 5.207
[19:42:12] 722.9, 123.4, 5.792
[19:42:13] 747.3, 123.5, 5.210
[19:42:14] 643.7, 123.6, 5.209
[19:42:15] 643.7, 123.6, 5.208
[19:42:16] 643.6, 123.6, 5.205
[19:42:17] 643.6, 123.0, 7.844
[19:42:18] 921.5, 123.5, 5.217
[19:42:19] 646.5, 123.5, 5.211
[19:42:20] 646.2, 123.6, 5.210
[19:42:21] 645.9, 123.6, 5.199
[19:42:22] 645.5, 123.6, 5.205
[19:42:23] 753.6, 122.9, 7.849
[19:42:24] 955.3, 123.6, 5.268
[19:42:25] 697.7, 123.6, 5.219
[19:42:26] 644.9, 123.6, 5.216
[19:42:27] 644.8, 123.4, 5.213
[19:42:28] 644.7, 123.6, 5.214
[19:42:29] 689.4, 122.9, 7.850
[19:42:30] 966.6, 122.8, 7.872
[19:42:31] 966.8, 123.0, 7.269
[19:42:32] 816.6, 123.5, 5.238
[19:42:33] 646.5, 123.5, 5.226
[19:42:34] 646.4, 123.5, 5.220
[19:42:35] 646.1, 123.5, 5.219
[19:42:36] 645.9, 122.9, 7.778
[19:42:37] 886.3, 123.0, 7.871
[19:42:38] 969.1, 122.8, 7.889
[19:42:39] 969.3, 122.8, 7.896
[19:42:40] 969.6, 122.9, 7.900
[19:42:41] 969.9, 123.4, 5.921
[19:42:42] 753.6, 123.5, 5.240
[19:42:43] 646.9, 123.5, 5.230
[19:42:44] 646.7, 123.5, 5.226
[19:42:45] 646.5, 123.5, 5.217
[19:42:46] 646.3, 122.9, 7.853
[19:42:47] 959.3, 122.9, 7.879
[19:42:48] 969.3, 122.8, 7.884
[19:42:49] 969.4, 122.9, 7.894
[19:42:50] 969.6, 122.8, 7.909
[19:42:51] 970.0, 122.7, 7.915
[19:42:52] 970.4, 122.8, 7.919
[19:42:53] 970.8, 122.7, 7.919
[19:42:54] 971.2, 122.7, 7.911
[19:42:55] 971.4, 122.8, 7.920
[19:42:56] 897.1, 123.4, 5.256
[19:42:57] 648.7, 123.4, 5.237
[19:42:58] 648.4, 123.5, 5.234
[19:42:59] 648.1, 123.4, 5.251
[19:43:00] 647.9, 123.4, 5.244
[19:43:01] 782.1, 122.8, 7.885
[19:43:02] 969.5, 122.7, 7.898
[19:43:03] 969.7, 122.8, 7.904
[19:43:04] 970.0, 122.8, 7.917
[19:43:05] 970.4, 122.8, 7.917
[19:43:06] 970.9, 122.7, 7.924
[19:43:07] 971.2, 122.7, 7.919
[19:43:08] 971.6, 122.8, 7.932
[19:43:09] 972.1, 122.8, 7.928
[19:43:10] 972.5, 122.8, 7.933
[19:43:11] 972.9, 122.7, 7.934
[19:43:12] 973.2, 122.7, 7.927
[19:43:13] 973.5, 122.7, 7.933
[19:43:14] 973.7, 122.8, 7.933
[19:43:15] 974.0, 122.9, 7.932
[19:43:16] 974.3, 122.8, 7.931
[19:43:17] 974.5, 122.9, 7.934
[19:43:18] 974.7, 122.9, 7.927
[19:43:19] 974.9, 122.9, 7.930
[19:43:20] 874.4, 123.6, 5.271
[19:43:21] 654.6, 123.6, 5.242
[19:43:22] 647.9, 123.5, 5.240
[19:43:23] 647.8, 123.5, 5.237
