<<<[03:16:30] 650.0, 124.9, 5.108
[03:16:31] 638.2, 124.9, 5.105
[03:16:32] 638.1, 124.9, 5.287
[03:16:33] 654.0, 125.0, 5.187
[03:16:34] 646.7, 124.9, 5.112
[03:16:35] 638.6, 124.9, 5.114
[03:16:36] 638.6, 124.9, 5.105
[03:16:37] 638.6, 125.0, 5.106
[03:16:38] 719.1, 125.0, 5.114
[03:16:39] 653.4, 125.0, 5.109
[03:16:40] 638.6, 124.9, 5.102
[03:16:41] 638.5, 124.9, 5.110
[03:16:42] 638.5, 124.9, 5.106
[03:16:43] 713.6, 124.9, 5.117
[03:16:44] 654.6, 124.9, 5.103
[03:16:45] 638.8, 124.9, 5.106
[03:16:46] 638.7, 125.0, 5.105
[03:16:47] 638.6, 125.0, 5.098
[03:16:48] 712.2, 125.0, 5.116
[03:16:49] 655.2, 125.0, 5.104
[03:16:50] 638.4, 125.0, 5.101
[03:16:51] 638.3, 125.0, 5.102
[03:16:52] 638.3, 125.0, 5.097
[03:16:53] 710.9, 125.0, 5.109
[03:16:54] 655.8, 125.0, 5.104
[03:16:55] 638.0, 125.0, 5.101
[03:16:56] 638.0, 125.0, 5.100
[03:16:57] 638.0, 125.0, 5.104
[03:16:58] 709.7, 125.0, 5.112
[03:16:59] 656.5, 125.0, 5.104
[03:17:00] 638.4, 124.9, 5.098
[03:17:01] 638.3, 124.9, 5.099
[03:17:02] 638.4, 124.9, 5.104
[03:17:03] 708.3, 124.8, 5.117
[03:17:04] 657.3, 124.9, 5.101
[03:17:05] 638.2, 125.0, 5.102
[03:17:06] 638.1, 125.0, 5.103
[03:17:07] 638.1, 125.0, 5.100
[03:17:08] 705.2, 125.0, 5.111
[03:17:09] 657.7, 125.0, 5.103
[03:17:10] 638.2, 124.9, 5.101
[03:17:11] 638.1, 124.9, 5.103
[03:17:12] 638.1, 124.9, 5.099
[03:17:13] 699.5, 125.0, 5.107
[03:17:14] 658.1, 124.9, 5.102
[03:17:15] 637.8, 124.9, 5.106
[03:17:16] 637.8, 124.9, 5.098
[03:17:17] 637.9, 125.0, 5.103
[03:17:18] 689.4, 125.0, 5.222
[03:17:19] 707.9, 125.0, 5.108
[03:17:20] 638.2, 125.0, 5.102
[03:17:21] 638.2, 125.0, 5.103
[03:17:22] 638.2, 125.0, 5.098
[03:17:23] 668.4, 124.9, 5.228
[03:17:24] 710.1, 124.9, 5.099
[03:17:25] 638.2, 124.9, 5.110
[03:17:26] 638.2, 124.9, 5.100
[03:17:27] 638.1, 125.0, 5.108
[03:17:28] 638.0, 124.5, 7.124
[03:17:29] 801.4, 125.0, 5.102
[03:17:30] 638.2, 124.9, 5.105
[03:17:31] 638.1, 125.0, 5.099
[03:17:32] 638.1, 125.0, 5.104
[03:17:33] 638.1, 124.5, 6.838
[03:17:34] 798.9, 124.9, 5.247
[03:17:35] 713.4, 124.9, 5.105
[03:17:36] 638.8, 124.9, 5.103
[03:17:37] 638.7, 124.9, 5.100
[03:17:38] 638.6, 125.0, 5.099
[03:17:39] 638.5, 124.5, 7.303
[03:17:40] 884.9, 124.4, 7.223
[03:17:41] 824.4, 124.9, 5.113
[03:17:42] 639.6, 124.9, 5.111
[03:17:43] 639.4, 124.9, 5.105
[03:17:44] 639.3, 125.0, 5.103
[03:17:45] 639.1, 124.6, 6.290
[03:17:46] 783.3, 124.5, 7.326
[03:17:47] 913.0, 124.5, 7.343
[03:17:48] 913.2, 124.7, 6.729
[03:17:49] 770.5, 124.9, 5.119
[03:17:50] 640.2, 124.9, 5.109
[03:17:51] 640.0, 125.0, 5.113
[03:17:52] 639.9, 125.0, 5.106
[03:17:53] 639.7, 124.5, 7.292
[03:17:54] 855.7, 124.4, 7.340
[03:17:55] 915.2, 124.4, 7.352
[03:17:56] 915.2, 124.4, 7.360
[03:17:57] 915.4, 124.5, 7.370
[03:17:58] 915.7, 124.4, 7.373
[03:17:59] 886.5, 124.9, 5.138
[03:18:00] 641.8, 124.9, 5.122
[03:18:01] 641.6, 124.9, 5.127
[03:18:02] 641.5, 124.9, 5.121
[03:18:03] 641.2, 125.0, 5.114
[03:18:04] 726.2, 124.4, 7.336
[03:18:05] 914.4, 124.3, 7.349
[03:18:06] 914.4, 124.4, 7.364
[03:18:07] 914.8, 124.4, 7.367
[03:18:08] 915.1, 124.4, 7.377
[03:18:09] 915.6, 124.4, 7.383
[03:18:10] 916.0, 124.3, 7.379
[03:18:11] 916.4, 124.3, 7.387
[03:18:12] 916.9, 124.3, 7.377
[03:18:13] 917.3, 124.3, 7.383
[03:18:14] 917.6, 124.4, 7.380
[03:18:15] 815.4, 125.0, 5.146
[03:18:16] 643.0, 125.0, 5.127
[03:18:17] 642.8, 125.0, 5.123
[03:18:18] 642.5, 125.0, 5.123
