<<<[04:06:25] 654.8, 124.9, 5.244
[04:06:26] 654.4, 124.8, 5.145
[04:06:27] 643.0, 124.8, 5.236
[04:06:28] 655.0, 124.9, 5.273
[04:06:29] 655.5, 125.0, 5.160
[04:06:30] 645.3, 124.8, 5.148
[04:06:31] 645.0, 124.9, 5.143
[04:06:32] 644.8, 125.0, 5.146
[04:06:33] 644.6, 124.9, 5.142
[04:06:34] 664.8, 124.9, 5.294
[04:06:35] 717.0, 124.9, 5.148
[04:06:36] 643.4, 124.9, 5.142
[04:06:37] 643.3, 124.8, 5.141
[04:06:38] 643.1, 124.9, 5.142
[04:06:39] 662.3, 124.9, 5.307
[04:06:40] 719.1, 124.8, 5.148
[04:06:41] 643.2, 124.9, 5.147
[04:06:42] 643.1, 125.0, 5.140
[04:06:43] 643.1, 124.9, 5.145
[04:06:44] 660.5, 124.8, 5.323
[04:06:45] 720.7, 124.9, 5.147
[04:06:46] 643.2, 125.0, 5.144
[04:06:47] 643.1, 124.9, 5.143
[04:06:48] 643.1, 124.8, 5.140
[04:06:49] 658.3, 124.9, 5.340
[04:06:50] 721.9, 124.9, 5.146
[04:06:51] 643.2, 124.9, 5.143
[04:06:52] 643.1, 124.8, 5.149
[04:06:53] 643.1, 124.9, 5.141
[04:06:54] 656.0, 124.9, 5.355
[04:06:55] 723.7, 124.9, 5.145
[04:06:56] 643.2, 124.9, 5.142
[04:06:57] 643.1, 124.8, 5.141
[04:06:58] 643.1, 124.9, 5.142
[04:06:59] 654.2, 124.9, 5.373
[04:07:00] 725.2, 124.9, 5.144
[04:07:01] 642.8, 124.9, 5.142
[04:07:02] 642.8, 124.9, 5.146
[04:07:03] 642.8, 125.0, 5.141
[04:07:04] 650.2, 124.9, 5.395
[04:07:05] 727.2, 124.9, 5.143
[04:07:06] 643.0, 124.9, 5.143
[04:07:07] 642.9, 124.9, 5.139
[04:07:08] 642.9, 124.9, 5.145
[04:07:09] 643.0, 124.9, 5.413
[04:07:10] 729.8, 124.9, 5.145
[04:07:11] 642.8, 124.9, 5.141
[04:07:12] 642.8, 124.9, 5.144
[04:07:13] 642.7, 124.9, 5.139
[04:07:14] 642.7, 124.8, 5.444
[04:07:15] 725.0, 124.8, 5.145
[04:07:16] 643.2, 125.0, 5.141
[04:07:17] 643.1, 124.9, 5.140
[04:07:18] 643.0, 124.8, 5.140
[04:07:19] 643.0, 124.3, 7.149
[04:07:20] 761.7, 124.9, 5.147
[04:07:21] 643.2, 124.8, 5.140
[04:07:22] 643.1, 124.9, 5.143
[04:07:23] 643.0, 124.9, 5.140
[04:07:24] 643.0, 124.2, 7.672
[04:07:25] 834.1, 125.0, 5.149
[04:07:26] 642.6, 124.9, 5.145
[04:07:27] 642.6, 124.9, 5.140
[04:07:28] 642.7, 125.0, 5.140
[04:07:29] 642.7, 124.9, 5.140
[04:07:30] 773.3, 124.3, 7.155
[04:07:31] 801.4, 125.0, 5.161
[04:07:32] 644.7, 124.9, 5.165
[04:07:33] 644.6, 124.9, 5.159
[04:07:34] 644.5, 125.0, 5.142
[04:07:35] 644.4, 124.3, 7.731
[04:07:36] 898.5, 124.4, 7.395
[04:07:37] 872.1, 124.9, 5.153
[04:07:38] 644.5, 125.0, 5.154
[04:07:39] 644.4, 125.0, 5.145
[04:07:40] 644.3, 124.9, 5.148
[04:07:41] 644.1, 124.4, 6.914
[04:07:42] 824.6, 124.3, 7.809
[04:07:43] 971.3, 124.2, 7.820
[04:07:44] 963.6, 124.9, 5.202
[04:07:45] 692.8, 124.9, 5.157
[04:07:46] 644.9, 124.9, 5.154
[04:07:47] 644.8, 124.9, 5.150
[04:07:48] 644.6, 124.8, 5.149
[04:07:49] 681.5, 124.3, 7.804
[04:07:50] 970.1, 124.3, 7.825
[04:07:51] 970.5, 124.2, 7.836
[04:07:52] 970.9, 124.2, 7.843
[04:07:53] 976.0, 124.3, 7.853
[04:07:54] 956.1, 124.8, 5.177
[04:07:55] 647.5, 124.9, 5.169
[04:07:56] 647.3, 125.0, 5.157
[04:07:57] 647.0, 125.0, 5.151
[04:07:58] 646.6, 125.0, 5.150
[04:07:59] 721.7, 124.4, 7.811
[04:08:00] 972.1, 124.4, 7.826
[04:08:01] 972.3, 124.3, 7.835
[04:08:02] 972.7, 124.3, 7.848
[04:08:03] 973.1, 124.2, 7.849
[04:08:04] 973.6, 124.3, 7.855
[04:08:05] 974.1, 124.3, 7.859
[04:08:06] 974.6, 124.3, 7.870
[04:08:07] 975.1, 124.3, 7.865
[04:08:08] 975.6, 124.3, 7.734
[04:08:09] 892.2, 125.0, 5.182
[04:08:10] 648.5, 125.0, 5.173
[04:08:11] 648.2, 125.0, 5.166
[04:08:12] 648.0, 124.9, 5.162
[04:08:13] 647.7, 124.7, 5.691
[04:08:14] 805.6, 124.3, 7.828
[04:08:15] 973.8, 124.3, 7.837
[04:08:16] 973.9, 124.3, 7.849
[04:08:17] 974.3, 124.3, 7.857
[04:08:18] 974.8, 124.3, 7.866
[04:08:19] 975.3, 124.2, 7.871
[04:08:20] 975.8, 124.3, 7.870
[04:08:21] 976.2, 124.3, 7.869
[04:08:22] 976.7, 124.3, 7.889
[04:08:23] 977.2, 124.3, 7.882
[04:08:24] 977.7, 124.2, 7.883
[04:08:25] 978.0, 124.3, 7.881
[04:08:26] 978.4, 124.3, 7.886
[04:08:27] 978.7, 124.3, 7.884
[04:08:28] 979.0, 124.3, 7.893
[04:08:29] 979.3, 124.2, 7.889
[04:08:30] 979.6, 124.2, 7.898
[04:08:31] 980.0, 124.3, 7.892
[04:08:32] 980.2, 124.3, 7.898
[04:08:33] 980.3, 124.9, 5.207
[04:08:34] 651.2, 124.9, 5.192
[04:08:35] 650.9, 125.0, 5.179
[04:08:36] 650.5, 125.0, 5.178
