<<<[03:48:09] 647.5, 125.0, 5.165
[03:48:10] 647.3, 125.0, 5.162
[03:48:11] 647.0, 124.9, 5.413
[03:48:12] 665.6, 125.0, 5.279
[03:48:13] 665.2, 124.9, 5.356
[03:48:14] 665.0, 125.0, 5.359
[03:48:15] 664.8, 125.0, 5.262
[03:48:16] 655.6, 125.1, 5.185
[03:48:17] 647.9, 125.0, 5.189
[03:48:18] 647.9, 125.1, 5.175
[03:48:19] 647.8, 125.0, 5.169
[03:48:20] 734.1, 125.0, 5.166
[03:48:21] 653.4, 125.0, 5.161
[03:48:22] 645.1, 125.0, 5.155
[03:48:23] 645.0, 125.0, 5.161
[03:48:24] 645.0, 125.0, 5.156
[03:48:25] 727.6, 125.0, 5.166
[03:48:26] 654.6, 124.9, 5.155
[03:48:27] 644.5, 125.1, 5.156
[03:48:28] 644.5, 125.0, 5.153
[03:48:29] 644.5, 125.1, 5.162
[03:48:30] 725.8, 125.0, 5.157
[03:48:31] 655.2, 125.1, 5.162
[03:48:32] 644.9, 125.0, 5.156
[03:48:33] 644.8, 125.1, 5.157
[03:48:34] 644.8, 125.0, 5.151
[03:48:35] 724.3, 125.0, 5.167
[03:48:36] 656.7, 125.0, 5.157
[03:48:37] 644.9, 125.0, 5.161
[03:48:38] 644.8, 125.1, 5.148
[03:48:39] 644.7, 125.0, 5.158
[03:48:40] 722.3, 125.0, 5.162
[03:48:41] 657.9, 125.1, 5.157
[03:48:42] 644.7, 125.0, 5.148
[03:48:43] 644.6, 125.1, 5.157
[03:48:44] 644.5, 125.0, 5.156
[03:48:45] 720.3, 125.0, 5.160
[03:48:46] 658.5, 125.1, 5.146
[03:48:47] 644.1, 125.0, 5.156
[03:48:48] 644.1, 125.1, 5.150
[03:48:49] 644.1, 125.0, 5.157
[03:48:50] 716.6, 125.0, 5.153
[03:48:51] 659.5, 125.1, 5.157
[03:48:52] 644.3, 125.0, 5.151
[03:48:53] 644.3, 125.1, 5.152
[03:48:54] 644.2, 125.0, 5.143
[03:48:55] 710.7, 125.1, 5.159
[03:48:56] 660.7, 125.0, 5.149
[03:48:57] 644.1, 125.1, 5.147
[03:48:58] 644.1, 125.0, 5.144
[03:48:59] 644.0, 125.1, 5.156
[03:49:00] 702.2, 125.0, 5.255
[03:49:01] 711.7, 125.0, 5.158
[03:49:02] 643.9, 125.0, 5.145
[03:49:03] 643.8, 125.0, 5.154
[03:49:04] 643.9, 125.0, 5.151
[03:49:05] 677.4, 124.9, 6.442
[03:49:06] 770.9, 125.0, 5.147
[03:49:07] 644.3, 125.1, 5.159
[03:49:08] 644.2, 125.0, 5.151
[03:49:09] 644.2, 125.0, 5.157
[03:49:10] 644.2, 124.5, 7.635
[03:49:11] 872.5, 124.9, 5.162
[03:49:12] 644.9, 125.1, 5.152
[03:49:13] 644.8, 125.0, 5.154
[03:49:14] 644.8, 125.0, 5.149
[03:49:15] 644.7, 124.6, 6.153
[03:49:16] 815.2, 124.9, 6.616
[03:49:17] 791.2, 124.9, 5.166
[03:49:18] 645.1, 125.0, 5.155
[03:49:19] 645.0, 125.0, 5.161
[03:49:20] 645.0, 125.0, 5.153
[03:49:21] 645.0, 124.4, 7.794
[03:49:22] 890.0, 124.3, 7.921
[03:49:23] 969.5, 125.0, 5.185
[03:49:24] 670.1, 124.9, 5.166
[03:49:25] 645.9, 125.0, 5.163
[03:49:26] 645.8, 125.1, 5.159
[03:49:27] 645.7, 124.9, 5.158
[03:49:28] 704.8, 124.4, 7.893
[03:49:29] 983.5, 124.3, 7.914
[03:49:30] 983.7, 124.4, 7.930
[03:49:31] 983.2, 124.9, 5.333
[03:49:32] 722.5, 125.0, 5.169
[03:49:33] 646.5, 124.9, 5.163
[03:49:34] 646.3, 125.0, 5.153
[03:49:35] 646.1, 125.0, 5.156
[03:49:36] 672.7, 124.4, 7.901
[03:49:37] 984.5, 124.3, 7.921
[03:49:38] 984.7, 124.4, 7.932
[03:49:39] 985.1, 124.2, 7.950
[03:49:40] 985.6, 124.4, 7.945
[03:49:41] 986.1, 124.3, 7.959
[03:49:42] 986.7, 125.0, 5.359
[03:49:43] 734.5, 125.0, 5.182
[03:49:44] 647.7, 125.0, 5.167
[03:49:45] 647.5, 125.1, 5.165
[03:49:46] 647.3, 125.0, 5.157
[03:49:47] 647.1, 124.4, 7.910
[03:49:48] 952.4, 124.3, 7.931
[03:49:49] 988.6, 124.4, 7.947
[03:49:50] 988.7, 124.4, 7.952
[03:49:51] 988.9, 124.3, 7.963
[03:49:52] 989.2, 124.3, 7.961
[03:49:53] 989.5, 124.3, 7.967
[03:49:54] 989.7, 124.4, 7.959
[03:49:55] 989.9, 124.3, 7.963
[03:49:56] 990.1, 124.3, 7.967
[03:49:57] 990.3, 124.4, 7.966
[03:49:58] 990.6, 124.3, 7.968
[03:49:59] 990.8, 124.9, 6.713
[03:50:00] 814.4, 125.0, 5.299
[03:50:01] 657.3, 125.0, 5.179
[03:50:02] 648.1, 125.0, 5.171
[03:50:03] 647.8, 125.0, 5.169
<<<[03:53:51] 645.4, 124.8, 5.152
[03:53:52] 645.2, 125.0, 5.155
[03:53:53] 645.0, 124.9, 5.365
[03:53:54] 662.4, 124.8, 5.290
[03:53:55] 661.9, 124.9, 5.240
[03:53:56] 654.8, 124.9, 5.155
[03:53:57] 644.1, 124.9, 5.158
[03:53:58] 644.1, 124.9, 5.152
[03:53:59] 644.0, 124.9, 5.155
[03:54:00] 644.0, 124.4, 6.819
[03:54:01] 739.2, 124.9, 5.152
[03:54:02] 643.4, 124.9, 5.148
[03:54:03] 643.3, 124.9, 5.152
[03:54:04] 643.3, 124.8, 5.161
[03:54:05] 643.4, 124.5, 6.713
[03:54:06] 734.3, 124.8, 5.155
[03:54:07] 643.2, 124.9, 5.153
[03:54:08] 643.2, 124.9, 5.155
[03:54:09] 643.2, 124.8, 5.148
[03:54:10] 643.2, 124.5, 6.683
[03:54:11] 733.9, 124.8, 5.153
[03:54:12] 643.7, 124.8, 5.179
[03:54:13] 643.8, 124.9, 5.169
[03:54:14] 643.9, 124.9, 5.148
[03:54:15] 643.7, 124.4, 6.637
[03:54:16] 733.7, 124.9, 5.160
[03:54:17] 643.7, 124.9, 5.151
[03:54:18] 643.6, 124.8, 5.150
[03:54:19] 643.5, 124.8, 5.149
[03:54:20] 643.5, 124.5, 6.593
[03:54:21] 732.7, 124.9, 5.149
[03:54:22] 643.6, 124.9, 5.149
[03:54:23] 643.5, 124.9, 5.147
[03:54:24] 643.4, 124.9, 5.149
[03:54:25] 643.4, 124.4, 6.533
[03:54:26] 731.5, 124.9, 5.147
[03:54:27] 643.0, 125.0, 5.150
[03:54:28] 643.0, 125.0, 5.151
[03:54:29] 643.1, 124.9, 5.148
[03:54:30] 643.1, 124.5, 6.444
[03:54:31] 729.4, 124.9, 5.151
[03:54:32] 643.6, 124.8, 5.149
[03:54:33] 643.5, 125.0, 5.150
[03:54:34] 643.5, 125.0, 5.146
[03:54:35] 643.4, 124.5, 6.252
[03:54:36] 724.5, 124.9, 5.176
[03:54:37] 644.5, 125.0, 5.168
[03:54:38] 644.4, 125.0, 5.147
[03:54:39] 644.2, 124.9, 5.146
[03:54:40] 644.1, 124.8, 5.196
[03:54:41] 763.4, 124.9, 5.160
[03:54:42] 645.3, 124.9, 5.144
[03:54:43] 645.0, 124.8, 5.154
[03:54:44] 644.8, 124.8, 5.146
[03:54:45] 644.6, 124.8, 5.149
[03:54:46] 746.3, 124.9, 5.194
[03:54:47] 694.7, 124.9, 5.149
[03:54:48] 643.6, 124.9, 5.154
[03:54:49] 643.5, 124.9, 5.147
[03:54:50] 643.5, 124.8, 5.147
[03:54:51] 696.5, 124.8, 5.790
[03:54:52] 760.1, 124.9, 5.153
[03:54:53] 643.6, 124.9, 5.150
[03:54:54] 643.5, 125.0, 5.144
[03:54:55] 643.4, 125.0, 5.151
[03:54:56] 643.4, 124.3, 7.650
[03:54:57] 889.6, 124.9, 5.205
[03:54:58] 697.9, 124.9, 5.152
[03:54:59] 643.2, 125.0, 5.149
[03:55:00] 643.2, 125.0, 5.152
[03:55:01] 643.2, 124.9, 5.147
[03:55:02] 643.7, 124.3, 7.700
[03:55:03] 959.7, 124.3, 7.707
[03:55:04] 884.7, 124.8, 5.167
[03:55:05] 644.9, 124.9, 5.157
[03:55:06] 644.8, 125.0, 5.152
[03:55:07] 644.7, 124.9, 5.156
[03:55:08] 644.6, 124.7, 5.238
[03:55:09] 791.4, 124.3, 7.717
[03:55:10] 961.4, 124.3, 7.748
[03:55:11] 961.6, 124.3, 7.758
[03:55:12] 893.7, 124.9, 5.182
[03:55:13] 647.1, 124.9, 5.170
[03:55:14] 646.9, 124.9, 5.158
[03:55:15] 646.5, 124.9, 5.160
[03:55:16] 646.3, 124.9, 5.163
[03:55:17] 771.5, 124.3, 7.727
[03:55:18] 962.6, 124.3, 7.745
[03:55:19] 962.7, 124.2, 7.751
[03:55:20] 963.1, 124.3, 7.761
[03:55:21] 963.5, 124.3, 7.768
[03:55:22] 964.0, 124.3, 7.778
[03:55:23] 948.7, 125.0, 5.192
[03:55:24] 656.0, 125.0, 5.178
[03:55:25] 646.7, 124.9, 5.172
[03:55:26] 646.5, 125.0, 5.159
[03:55:27] 646.3, 124.9, 5.162
[03:55:28] 732.5, 124.3, 7.750
[03:55:29] 963.6, 124.3, 7.754
[03:55:30] 963.8, 124.3, 7.768
[03:55:31] 964.1, 124.3, 7.773
[03:55:32] 964.6, 124.2, 7.781
[03:55:33] 965.1, 124.2, 7.785
[03:55:34] 965.6, 124.3, 7.790
[03:55:35] 966.1, 124.3, 7.785
[03:55:36] 966.6, 124.2, 7.801
[03:55:37] 967.0, 124.3, 7.793
[03:55:38] 967.4, 124.3, 7.799
[03:55:39] 967.8, 124.2, 7.793
[03:55:40] 967.3, 124.9, 5.214
[03:55:41] 650.4, 125.0, 5.192
[03:55:42] 650.1, 125.0, 5.183
[03:55:43] 649.7, 124.8, 5.175
