<<<[02:01:52] 645.7, 125.1, 5.144
[02:01:53] 645.5, 125.2, 5.141
[02:01:54] 645.4, 125.0, 5.293
[02:01:55] 661.3, 125.2, 5.302
[02:01:56] 661.8, 125.0, 5.341
[02:01:57] 662.3, 125.1, 5.354
[02:01:58] 663.0, 125.1, 5.300
[02:01:59] 663.3, 125.1, 5.334
[02:02:00] 663.7, 125.0, 5.370
[02:02:01] 664.0, 125.1, 5.322
[02:02:02] 664.4, 125.0, 5.301
[02:02:03] 664.5, 125.1, 5.322
[02:02:04] 664.9, 125.0, 5.378
[02:02:05] 665.3, 125.1, 5.285
[02:02:06] 665.3, 125.0, 5.271
[02:02:07] 664.8, 125.1, 5.305
[02:02:08] 664.6, 125.0, 5.288
[02:02:09] 664.4, 125.1, 5.282
[02:02:10] 664.3, 125.0, 5.289
[02:02:11] 664.1, 125.1, 5.282
[02:02:12] 663.7, 125.1, 5.361
[02:02:13] 669.3, 125.1, 5.270
[02:02:14] 661.1, 125.2, 5.298
[02:02:15] 661.3, 125.1, 5.332
[02:02:16] 661.4, 125.2, 5.380
[02:02:17] 662.0, 125.1, 5.320
[02:02:18] 662.0, 125.2, 5.309
[02:02:19] 662.1, 125.1, 5.289
[02:02:20] 662.2, 125.1, 5.382
[02:02:21] 670.5, 125.0, 5.381
[02:02:22] 670.3, 125.1, 5.298
[02:02:23] 658.1, 125.1, 5.177
[02:02:24] 648.7, 125.2, 5.152
[02:02:25] 648.3, 125.1, 5.142
[02:02:26] 647.8, 125.2, 5.142
[02:02:27] 647.3, 125.1, 5.143
[02:02:28] 730.6, 125.1, 5.147
[02:02:29] 650.0, 125.1, 5.138
[02:02:30] 643.7, 125.2, 5.141
[02:02:31] 643.7, 125.1, 5.142
[02:02:32] 643.6, 125.2, 5.137
[02:02:33] 711.9, 125.1, 5.164
[02:02:34] 652.2, 125.1, 5.160
[02:02:35] 643.9, 125.1, 5.160
[02:02:36] 644.0, 125.1, 5.159
[02:02:37] 644.1, 125.1, 5.160
[02:02:38] 682.7, 125.2, 5.203
[02:02:39] 700.4, 125.1, 5.138
[02:02:40] 643.6, 125.1, 5.142
[02:02:41] 643.6, 125.1, 5.137
[02:02:42] 643.6, 125.2, 5.141
[02:02:43] 643.5, 124.6, 6.996
[02:02:44] 827.0, 125.1, 5.142
[02:02:45] 644.3, 125.2, 5.141
[02:02:46] 644.2, 125.1, 5.141
[02:02:47] 644.2, 125.1, 5.144
[02:02:48] 644.1, 124.8, 6.118
[02:02:49] 756.7, 124.6, 7.107
[02:02:50] 792.2, 125.2, 5.150
[02:02:51] 644.1, 125.1, 5.139
[02:02:52] 644.0, 125.1, 5.158
[02:02:53] 644.1, 125.2, 5.158
[02:02:54] 644.2, 124.7, 6.733
[02:02:55] 788.6, 124.8, 6.825
[02:02:56] 853.2, 125.2, 5.228
[02:02:57] 707.3, 125.0, 5.147
[02:02:58] 644.3, 125.2, 5.140
[02:02:59] 644.2, 125.1, 5.137
[02:03:00] 644.1, 125.2, 5.141
[02:03:01] 644.4, 124.8, 6.818
[02:03:02] 852.4, 124.7, 6.830
[02:03:03] 852.5, 124.8, 6.837
[02:03:04] 852.6, 124.6, 7.111
[02:03:05] 794.9, 125.1, 5.150
[02:03:06] 645.3, 125.2, 5.150
[02:03:07] 645.2, 125.1, 5.160
[02:03:08] 645.2, 125.2, 5.159
[02:03:09] 645.2, 124.7, 6.639
[02:03:10] 778.0, 124.8, 6.831
[02:03:11] 853.2, 124.7, 6.837
[02:03:12] 853.3, 124.8, 6.842
[02:03:13] 853.4, 124.7, 6.848
[02:03:14] 853.6, 124.8, 6.848
[02:03:15] 853.9, 124.8, 6.858
[02:03:16] 854.1, 125.0, 6.313
[02:03:17] 758.7, 125.1, 5.160
[02:03:18] 645.9, 125.1, 5.153
[02:03:19] 645.8, 125.1, 5.149
[02:03:20] 645.6, 125.2, 5.144
[02:03:21] 645.4, 124.8, 6.821
[02:03:22] 834.1, 124.7, 6.839
[02:03:23] 853.8, 124.7, 6.843
[02:03:24] 853.9, 124.6, 6.853
[02:03:25] 854.0, 124.6, 6.861
[02:03:26] 854.2, 124.7, 6.859
[02:03:27] 854.5, 124.6, 6.864
[02:03:28] 854.7, 124.7, 6.860
[02:03:29] 854.9, 124.7, 6.864
[02:03:30] 855.1, 124.7, 6.867
[02:03:31] 855.3, 124.6, 6.864
[02:03:32] 855.5, 124.7, 6.869
[02:03:33] 855.7, 124.7, 6.865
[02:03:34] 855.9, 124.7, 6.866
[02:03:35] 765.2, 125.1, 5.161
[02:03:36] 646.5, 125.2, 5.160
[02:03:37] 646.4, 125.1, 5.148
[02:03:38] 646.2, 125.1, 5.149
