<<<[05:05:00] 648.6, 124.9, 5.171
[05:05:01] 648.2, 125.0, 5.162
[05:05:02] 647.7, 124.9, 5.177
[05:05:03] 647.6, 124.9, 5.377
[05:05:04] 669.3, 124.9, 5.324
[05:05:05] 663.8, 125.0, 5.305
[05:05:06] 663.7, 124.9, 5.304
[05:05:07] 663.7, 124.9, 5.380
[05:05:08] 663.9, 124.9, 5.245
[05:05:09] 653.8, 124.9, 5.172
[05:05:10] 645.3, 124.9, 5.172
[05:05:11] 645.3, 124.9, 5.178
[05:05:12] 645.4, 125.0, 5.172
[05:05:13] 682.7, 124.9, 5.246
[05:05:14] 705.4, 124.9, 5.178
[05:05:15] 645.5, 125.0, 5.169
[05:05:16] 645.4, 124.9, 5.165
[05:05:17] 645.2, 124.9, 5.155
[05:05:18] 675.0, 125.0, 5.242
[05:05:19] 706.0, 125.0, 5.172
[05:05:20] 645.1, 124.9, 5.166
[05:05:21] 645.0, 124.9, 5.163
[05:05:22] 644.9, 125.0, 5.164
[05:05:23] 673.7, 124.9, 5.245
[05:05:24] 706.5, 124.9, 5.166
[05:05:25] 644.5, 125.0, 5.164
[05:05:26] 644.4, 125.0, 5.165
[05:05:27] 644.4, 124.9, 5.164
[05:05:28] 671.7, 124.9, 5.244
[05:05:29] 707.5, 125.0, 5.163
[05:05:30] 644.5, 125.0, 5.173
[05:05:31] 644.5, 124.9, 5.164
[05:05:32] 644.6, 124.9, 5.167
[05:05:33] 669.7, 125.0, 5.241
[05:05:34] 708.3, 124.9, 5.166
[05:05:35] 644.9, 124.9, 5.166
[05:05:36] 644.8, 125.0, 5.163
[05:05:37] 644.7, 125.0, 5.165
[05:05:38] 663.4, 125.0, 5.259
[05:05:39] 709.9, 124.9, 5.165
[05:05:40] 644.5, 124.9, 5.168
[05:05:41] 644.5, 125.0, 5.164
[05:05:42] 644.4, 124.9, 5.163
[05:05:43] 650.8, 124.9, 5.259
[05:05:44] 713.0, 125.0, 5.166
[05:05:45] 644.5, 124.9, 5.163
[05:05:46] 644.4, 124.9, 5.163
[05:05:47] 644.4, 125.0, 5.162
[05:05:48] 644.3, 124.7, 6.383
[05:05:49] 751.8, 124.9, 5.152
[05:05:50] 643.9, 125.0, 5.162
[05:05:51] 643.9, 124.9, 5.165
[05:05:52] 644.0, 124.9, 5.161
[05:05:53] 644.0, 124.5, 7.437
[05:05:54] 818.5, 124.9, 5.174
[05:05:55] 645.5, 125.0, 5.169
[05:05:56] 645.4, 125.0, 5.167
[05:05:57] 645.3, 124.9, 5.167
[05:05:58] 645.2, 125.0, 5.170
[05:05:59] 776.2, 124.8, 6.515
[05:06:00] 770.9, 125.0, 5.169
[05:06:01] 645.1, 124.9, 5.168
[05:06:02] 645.0, 125.0, 5.166
[05:06:03] 645.0, 125.0, 5.168
[05:06:04] 644.9, 124.4, 7.458
[05:06:05] 880.0, 124.5, 7.310
[05:06:06] 834.5, 125.0, 5.176
[05:06:07] 646.1, 124.9, 5.170
[05:06:08] 645.9, 125.0, 5.171
[05:06:09] 645.8, 124.9, 5.169
[05:06:10] 645.7, 124.5, 6.562
[05:06:11] 801.6, 124.3, 7.504
[05:06:12] 934.3, 124.4, 7.501
[05:06:13] 934.3, 124.8, 5.319
[05:06:14] 719.3, 124.9, 5.184
[05:06:15] 646.3, 124.9, 5.174
[05:06:16] 646.2, 124.9, 5.169
[05:06:17] 646.1, 124.9, 5.167
[05:06:18] 646.3, 124.3, 7.483
[05:06:19] 932.7, 124.4, 7.511
[05:06:20] 933.0, 124.3, 7.518
[05:06:21] 933.3, 124.3, 7.524
[05:06:22] 933.7, 124.4, 7.531
[05:06:23] 934.3, 124.9, 5.344
[05:06:24] 724.7, 124.9, 5.182
[05:06:25] 646.5, 124.9, 5.173
[05:06:26] 646.3, 124.9, 5.172
[05:06:27] 646.2, 125.0, 5.165
[05:06:28] 646.0, 124.4, 7.485
[05:06:29] 917.6, 124.4, 7.504
[05:06:30] 935.1, 124.3, 7.515
[05:06:31] 935.2, 124.3, 7.527
[05:06:32] 935.5, 124.4, 7.537
[05:06:33] 935.9, 124.4, 7.539
[05:06:34] 936.3, 124.4, 7.537
[05:06:35] 936.8, 124.4, 7.548
[05:06:36] 937.2, 124.4, 7.546
[05:06:37] 937.6, 124.5, 7.547
[05:06:38] 937.9, 125.0, 5.341
[05:06:39] 711.5, 124.9, 5.296
[05:06:40] 660.7, 124.9, 5.286
[05:06:41] 660.5, 125.0, 5.183
[05:06:42] 649.9, 125.0, 5.174
