<<<[12:58:53] 644.5, 123.1, 5.220
[12:58:54] 644.2, 123.0, 5.224
[12:58:55] 644.0, 123.0, 5.311
[12:58:56] 658.5, 123.0, 5.378
[12:58:57] 664.0, 123.0, 5.415
[12:58:58] 664.4, 123.0, 5.440
[12:58:59] 664.6, 123.0, 5.412
[12:59:00] 664.6, 123.0, 5.450
[12:59:01] 665.0, 123.1, 5.369
[12:59:02] 664.9, 123.0, 5.379
[12:59:03] 664.8, 123.0, 5.374
[12:59:04] 664.9, 123.0, 5.449
[12:59:05] 665.4, 123.0, 5.440
[12:59:06] 665.7, 123.1, 5.374
[12:59:07] 665.5, 123.0, 5.412
[12:59:08] 665.5, 123.0, 5.375
[12:59:09] 665.4, 123.0, 5.436
[12:59:10] 665.3, 123.1, 5.343
[12:59:11] 658.9, 123.0, 5.346
[12:59:12] 659.1, 123.1, 5.341
[12:59:13] 659.1, 123.1, 5.342
[12:59:14] 659.6, 123.1, 5.343
[12:59:15] 659.5, 123.1, 5.340
[12:59:16] 659.5, 123.1, 5.343
[12:59:17] 659.5, 123.1, 5.345
[12:59:18] 659.5, 123.2, 5.445
[12:59:19] 667.6, 123.2, 5.337
[12:59:20] 658.3, 123.1, 5.342
[12:59:21] 658.5, 123.1, 5.340
[12:59:22] 658.5, 123.2, 5.338
[12:59:23] 659.1, 123.2, 5.341
[12:59:24] 659.0, 123.1, 5.337
[12:59:25] 659.1, 123.2, 5.340
[12:59:26] 659.0, 123.1, 5.341
[12:59:27] 659.2, 123.1, 5.480
[12:59:28] 672.9, 123.1, 5.371
[12:59:29] 664.0, 123.1, 5.365
[12:59:30] 663.4, 123.1, 5.337
[12:59:31] 662.9, 123.1, 5.354
[12:59:32] 662.3, 123.1, 5.353
[12:59:33] 662.0, 123.0, 5.466
[12:59:34] 662.3, 123.1, 5.340
[12:59:35] 661.7, 123.1, 5.356
[12:59:36] 661.4, 123.0, 5.372
[12:59:37] 661.4, 123.1, 5.351
[12:59:38] 661.1, 123.0, 5.342
[12:59:39] 660.7, 122.9, 5.468
[12:59:40] 670.9, 123.0, 5.353
[12:59:41] 658.1, 123.0, 5.352
[12:59:42] 658.1, 123.0, 5.367
[12:59:43] 658.3, 123.0, 5.334
[12:59:44] 658.1, 123.0, 5.335
[12:59:45] 658.1, 123.0, 5.431
[12:59:46] 663.4, 123.1, 5.335
[12:59:47] 656.7, 123.1, 5.351
[12:59:48] 657.0, 123.1, 5.380
[12:59:49] 657.6, 123.1, 5.350
[12:59:50] 657.8, 123.1, 5.348
[12:59:51] 657.9, 123.1, 5.449
[12:59:52] 668.6, 123.0, 5.462
[12:59:53] 673.9, 123.0, 5.456
[12:59:54] 666.4, 123.0, 5.233
[12:59:55] 643.7, 123.0, 5.234
[12:59:56] 643.8, 123.1, 5.233
[12:59:57] 643.8, 123.1, 5.233
[12:59:58] 643.9, 123.0, 5.217
[12:59:59] 698.3, 123.1, 5.251
[13:00:00] 687.3, 123.1, 5.217
[13:00:01] 642.6, 123.1, 5.214
[13:00:02] 642.5, 123.1, 5.215
[13:00:03] 642.3, 123.0, 5.216
[13:00:04] 668.7, 123.0, 5.686
[13:00:05] 743.0, 123.0, 5.224
[13:00:06] 643.2, 123.0, 5.218
[13:00:07] 643.0, 123.0, 5.228
[13:00:08] 643.1, 123.0, 5.225
[13:00:09] 643.1, 122.5, 7.504
[13:00:10] 830.4, 123.0, 5.223
[13:00:11] 642.6, 123.1, 5.218
[13:00:12] 642.5, 123.1, 5.220
[13:00:13] 642.5, 123.1, 5.216
[13:00:14] 642.4, 122.8, 5.939
[13:00:15] 790.2, 122.6, 7.251
[13:00:16] 803.6, 123.1, 5.222
[13:00:17] 642.8, 123.1, 5.221
[13:00:18] 642.8, 123.1, 5.219
[13:00:19] 642.7, 123.0, 5.216
[13:00:20] 642.6, 122.4, 7.567
[13:00:21] 856.3, 122.5, 7.660
[13:00:22] 929.4, 123.0, 5.233
[13:00:23] 646.1, 123.0, 5.228
[13:00:24] 645.7, 122.9, 5.224
[13:00:25] 645.4, 123.0, 5.219
[13:00:26] 645.0, 123.1, 5.219
[13:00:27] 696.7, 122.5, 7.644
[13:00:28] 938.4, 122.5, 7.679
[13:00:29] 938.7, 122.5, 7.690
[13:00:30] 938.3, 123.0, 5.287
[13:00:31] 698.9, 123.0, 5.232
[13:00:32] 643.9, 123.0, 5.223
[13:00:33] 643.8, 123.1, 5.222
[13:00:34] 643.7, 123.1, 5.224
[13:00:35] 675.2, 122.4, 7.664
[13:00:36] 939.2, 122.4, 7.674
[13:00:37] 939.4, 122.5, 7.690
[13:00:38] 939.8, 122.5, 7.696
[13:00:39] 940.2, 122.5, 7.710
[13:00:40] 940.8, 122.4, 7.717
[13:00:41] 941.3, 123.0, 5.309
[13:00:42] 704.4, 123.1, 5.238
[13:00:43] 644.7, 123.0, 5.233
[13:00:44] 644.6, 123.0, 5.227
[13:00:45] 644.5, 123.1, 5.224
[13:00:46] 644.3, 122.5, 7.659
[13:00:47] 928.0, 122.4, 7.678
[13:00:48] 942.2, 122.4, 7.697
[13:00:49] 942.4, 122.5, 7.703
[13:00:50] 942.6, 122.5, 7.717
[13:00:51] 943.0, 122.4, 7.723
[13:00:52] 943.3, 122.5, 7.724
[13:00:53] 943.6, 122.5, 7.724
[13:00:54] 944.0, 122.4, 7.725
[13:00:55] 944.4, 122.5, 7.722
[13:00:56] 944.7, 122.5, 7.729
[13:00:57] 945.1, 122.4, 7.738
[13:00:58] 945.4, 122.9, 5.522
[13:00:59] 744.3, 123.1, 5.253
[13:01:00] 646.7, 123.0, 5.245
[13:01:01] 646.5, 123.1, 5.232
