<<<[17:07:12] 648.7, 122.5, 5.267
[17:07:13] 648.3, 122.4, 5.265
[17:07:14] 648.0, 122.4, 5.292
[17:07:15] 656.5, 122.3, 5.461
[17:07:16] 664.0, 122.4, 5.391
[17:07:17] 663.6, 122.4, 5.394
[17:07:18] 663.5, 122.3, 5.393
[17:07:19] 663.3, 122.3, 5.392
[17:07:20] 663.0, 122.3, 5.403
[17:07:21] 662.9, 122.3, 5.305
[17:07:22] 648.3, 122.4, 5.265
[17:07:23] 647.9, 122.4, 5.268
[17:07:24] 647.6, 122.3, 5.269
[17:07:25] 647.3, 122.3, 5.270
[17:07:26] 712.1, 122.4, 5.273
[17:07:27] 674.5, 122.4, 5.259
[17:07:28] 644.7, 122.4, 5.262
[17:07:29] 644.7, 122.4, 5.259
[17:07:30] 644.7, 122.4, 5.257
[17:07:31] 708.5, 122.4, 5.274
[17:07:32] 674.7, 122.4, 5.259
[17:07:33] 644.7, 122.4, 5.258
[17:07:34] 644.6, 122.3, 5.259
[17:07:35] 644.6, 122.3, 5.257
[17:07:36] 703.8, 122.3, 5.274
[17:07:37] 675.4, 122.4, 5.256
[17:07:38] 644.7, 122.4, 5.255
[17:07:39] 644.6, 122.4, 5.252
[17:07:40] 644.6, 122.4, 5.252
[17:07:41] 695.1, 122.4, 5.271
[17:07:42] 675.2, 122.4, 5.251
[17:07:43] 644.3, 122.4, 5.251
[17:07:44] 644.2, 122.5, 5.250
[17:07:45] 644.2, 122.5, 5.251
[17:07:46] 677.0, 122.5, 5.477
[17:07:47] 727.4, 122.4, 5.253
[17:07:48] 644.1, 122.5, 5.250
[17:07:49] 644.1, 122.5, 5.247
[17:07:50] 644.1, 122.4, 5.250
[17:07:51] 644.0, 121.9, 7.327
[17:07:52] 830.7, 122.4, 5.253
[17:07:53] 644.1, 122.4, 5.253
[17:07:54] 644.2, 122.4, 5.255
[17:07:55] 644.2, 122.4, 5.254
[17:07:56] 644.4, 121.8, 7.478
[17:07:57] 834.5, 122.3, 5.513
[17:07:58] 727.8, 122.2, 5.263
[17:07:59] 644.5, 122.3, 5.260
[17:08:00] 644.5, 122.3, 5.258
[17:08:01] 644.4, 122.3, 5.253
[17:08:02] 653.4, 121.7, 7.716
[17:08:03] 942.7, 121.8, 7.302
[17:08:04] 787.6, 122.4, 5.262
[17:08:05] 645.1, 122.4, 5.259
[17:08:06] 645.0, 122.4, 5.257
[17:08:07] 644.9, 122.4, 5.252
[17:08:08] 644.8, 121.8, 7.693
[17:08:09] 887.4, 121.8, 7.744
[17:08:10] 944.1, 121.7, 7.756
[17:08:11] 911.5, 122.3, 5.273
[17:08:12] 646.1, 122.4, 5.266
[17:08:13] 646.2, 122.4, 5.258
[17:08:14] 646.0, 122.4, 5.255
[17:08:15] 645.9, 122.3, 5.254
[17:08:16] 759.3, 121.8, 7.715
[17:08:17] 943.5, 121.8, 7.755
[17:08:18] 943.8, 121.7, 7.766
[17:08:19] 944.1, 121.7, 7.765
[17:08:20] 944.5, 121.8, 7.540
[17:08:21] 856.1, 122.4, 5.278
[17:08:22] 646.9, 122.4, 5.268
[17:08:23] 646.7, 122.4, 5.260
[17:08:24] 646.6, 122.5, 5.257
[17:08:25] 646.4, 122.1, 6.671
[17:08:26] 805.2, 121.9, 7.735
[17:08:27] 944.9, 121.9, 7.742
[17:08:28] 945.0, 121.9, 7.753
[17:08:29] 945.2, 121.8, 7.762
[17:08:30] 945.5, 121.8, 7.768
[17:08:31] 945.8, 121.9, 7.766
[17:08:32] 946.1, 121.9, 7.771
[17:08:33] 946.4, 121.9, 7.782
[17:08:34] 946.8, 121.9, 7.777
[17:08:35] 947.1, 121.9, 7.359
[17:08:36] 794.3, 122.4, 5.278
[17:08:37] 647.7, 122.4, 5.272
[17:08:38] 647.5, 122.4, 5.267
[17:08:39] 647.3, 122.4, 5.259
[17:08:40] 647.1, 121.9, 7.711
[17:08:41] 890.2, 121.8, 7.752
[17:08:42] 946.3, 121.8, 7.759
[17:08:43] 946.3, 121.8, 7.763
[17:08:44] 946.5, 121.7, 7.783
[17:08:45] 946.8, 121.7, 7.787
[17:08:46] 947.1, 121.7, 7.785
[17:08:47] 947.4, 121.7, 7.788
[17:08:48] 947.7, 121.7, 7.796
[17:08:49] 948.0, 121.8, 7.779
[17:08:50] 948.3, 121.8, 7.785
[17:08:51] 948.6, 121.7, 7.799
[17:08:52] 948.8, 121.7, 7.796
[17:08:53] 949.0, 121.7, 7.800
[17:08:54] 949.2, 121.6, 7.800
[17:08:55] 949.4, 121.7, 7.789
[17:08:56] 949.6, 121.7, 7.803
[17:08:57] 949.7, 121.7, 7.801
[17:08:58] 949.9, 121.7, 7.800
[17:08:59] 950.1, 121.7, 7.800
[17:09:00] 821.5, 122.3, 5.298
[17:09:01] 649.1, 122.4, 5.285
[17:09:02] 648.8, 122.4, 5.278
[17:09:03] 648.6, 122.4, 5.277
