<<<[21:23:08] 648.2, 123.4, 5.265
[21:23:09] 648.2, 123.3, 5.258
[21:23:10] 648.0, 123.4, 5.239
[21:23:11] 647.9, 123.4, 5.376
[21:23:12] 660.7, 123.4, 5.325
[21:23:13] 660.1, 123.4, 5.312
[21:23:14] 650.6, 123.3, 5.235
[21:23:15] 650.0, 123.4, 5.247
[21:23:16] 649.4, 123.5, 5.250
[21:23:17] 648.9, 123.1, 6.963
[21:23:18] 740.2, 123.5, 5.229
[21:23:19] 646.1, 123.4, 5.257
[21:23:20] 646.1, 123.3, 5.253
[21:23:21] 646.1, 123.4, 5.254
[21:23:22] 646.1, 123.1, 7.072
[21:23:23] 735.7, 123.4, 5.251
[21:23:24] 646.3, 123.5, 5.248
[21:23:25] 646.2, 123.5, 5.244
[21:23:26] 646.2, 123.4, 5.221
[21:23:27] 645.9, 123.0, 7.149
[21:23:28] 734.9, 123.3, 5.246
[21:23:29] 645.1, 123.4, 5.244
[21:23:30] 645.1, 123.4, 5.237
[21:23:31] 645.2, 123.4, 5.252
[21:23:32] 645.3, 123.0, 7.212
[21:23:33] 735.7, 123.3, 5.253
[21:23:34] 646.1, 123.4, 5.225
[21:23:35] 645.9, 123.4, 5.242
[21:23:36] 645.8, 123.3, 5.239
[21:23:37] 645.6, 122.9, 7.203
[21:23:38] 733.3, 123.4, 5.222
[21:23:39] 644.7, 123.4, 5.240
[21:23:40] 644.7, 123.5, 5.242
[21:23:41] 644.6, 123.5, 5.238
[21:23:42] 644.7, 123.0, 7.209
[21:23:43] 732.3, 123.5, 5.251
[21:23:44] 645.9, 123.5, 5.247
[21:23:45] 645.9, 123.4, 5.250
[21:23:46] 645.9, 123.4, 5.218
[21:23:47] 645.7, 122.9, 7.188
[21:23:48] 727.0, 123.4, 5.237
[21:23:49] 644.3, 123.3, 5.236
[21:23:50] 644.3, 123.4, 5.214
[21:23:51] 644.2, 123.5, 5.233
[21:23:52] 644.2, 122.9, 7.165
[21:23:53] 719.5, 123.4, 5.241
[21:23:54] 645.3, 123.4, 5.230
[21:23:55] 645.3, 123.4, 5.254
[21:23:56] 645.6, 123.4, 5.253
[21:23:57] 645.8, 122.9, 7.231
[21:23:58] 756.1, 123.5, 5.224
[21:23:59] 644.9, 123.4, 5.242
[21:24:00] 644.9, 123.4, 5.240
[21:24:01] 644.9, 123.3, 5.243
[21:24:02] 645.0, 123.0, 5.878
[21:24:03] 775.0, 123.4, 5.238
[21:24:04] 644.1, 123.4, 5.239
[21:24:05] 644.1, 123.4, 5.234
[21:24:06] 644.2, 123.5, 5.230
[21:24:07] 644.4, 123.4, 5.245
[21:24:08] 704.0, 123.0, 7.279
[21:24:09] 805.4, 123.5, 5.247
[21:24:10] 645.9, 123.3, 5.225
[21:24:11] 645.7, 123.3, 5.237
[21:24:12] 645.6, 123.3, 5.234
[21:24:13] 645.3, 122.8, 7.257
[21:24:14] 822.7, 122.8, 7.479
[21:24:15] 861.5, 123.3, 5.246
[21:24:16] 645.7, 123.4, 5.242
[21:24:17] 645.5, 123.4, 5.239
[21:24:18] 645.5, 123.4, 5.231
[21:24:19] 645.6, 123.2, 5.721
[21:24:20] 785.3, 122.9, 7.565
[21:24:21] 930.5, 122.9, 7.581
[21:24:22] 923.7, 123.5, 5.241
[21:24:23] 650.2, 123.5, 5.242
[21:24:24] 649.6, 123.4, 5.240
[21:24:25] 649.0, 123.4, 5.232
[21:24:26] 648.5, 123.4, 5.218
[21:24:27] 706.5, 122.9, 7.550
[21:24:28] 928.8, 122.8, 7.571
[21:24:29] 929.1, 122.9, 7.584
[21:24:30] 929.6, 122.9, 7.598
[21:24:31] 930.2, 123.0, 7.313
[21:24:32] 816.4, 123.5, 5.267
[21:24:33] 648.5, 123.4, 5.259
[21:24:34] 648.4, 123.5, 5.236
[21:24:35] 648.1, 123.4, 5.238
[21:24:36] 647.8, 122.8, 7.398
[21:24:37] 838.0, 122.8, 7.570
[21:24:38] 931.1, 122.9, 7.585
[21:24:39] 931.2, 122.9, 7.594
[21:24:40] 931.5, 122.9, 7.602
[21:24:41] 931.8, 122.9, 7.602
[21:24:42] 932.3, 122.8, 7.621
[21:24:43] 932.8, 122.8, 7.622
[21:24:44] 933.4, 122.8, 7.628
[21:24:45] 933.9, 122.8, 7.365
[21:24:46] 825.2, 123.4, 5.257
[21:24:47] 648.9, 123.4, 5.251
[21:24:48] 648.6, 123.3, 5.249
[21:24:49] 648.4, 123.3, 5.246
[21:24:50] 648.1, 122.9, 7.220
[21:24:51] 822.5, 122.9, 7.581
[21:24:52] 932.1, 122.9, 7.591
[21:24:53] 932.2, 122.9, 7.598
[21:24:54] 932.5, 122.8, 7.621
[21:24:55] 933.0, 122.8, 7.624
[21:24:56] 933.6, 122.8, 7.625
[21:24:57] 934.1, 122.8, 7.633
[21:24:58] 934.7, 122.8, 7.622
[21:24:59] 935.1, 122.8, 7.628
[21:25:00] 935.4, 122.8, 7.630
[21:25:01] 935.7, 122.8, 7.628
[21:25:02] 935.9, 122.8, 7.626
[21:25:03] 936.0, 122.7, 7.634
[21:25:04] 936.3, 122.7, 7.640
[21:25:05] 936.6, 122.7, 7.633
[21:25:06] 936.8, 122.7, 7.648
[21:25:07] 937.2, 122.8, 7.642
[21:25:08] 937.5, 123.1, 7.307
[21:25:09] 799.6, 123.4, 5.286
[21:25:10] 651.0, 123.3, 5.257
[21:25:11] 650.7, 123.3, 5.259
[21:25:12] 650.3, 123.3, 5.235
