<<<[19:08:56] 646.6, 124.0, 5.185
[19:08:58] 646.2, 124.0, 5.183
wattsup: [error] Reading final time stamp: Bad address
[19:09:05] 643.6, 124.0, 5.184
wattsup: [error] Reading final time stamp: Bad address
[19:09:12] 692.4, 124.1, 5.185
wattsup: [error] Reading final time stamp: Bad address
[19:09:19] 643.4, 124.1, 5.179
[19:09:20] 688.6, 124.0, 5.209
[19:09:22] 642.6, 124.1, 5.172
[19:09:24] 642.4, 124.0, 5.170
[19:09:25] 685.5, 124.1, 5.217
[19:09:26] 692.6, 124.1, 5.176
[19:09:27] 642.4, 124.0, 5.191
[19:09:28] 642.3, 124.1, 5.170
[19:09:29] 642.2, 124.1, 5.169
[19:09:30] 682.7, 124.1, 5.218
[19:09:31] 693.9, 124.1, 5.168
[19:09:32] 641.6, 124.1, 5.172
[19:09:33] 641.6, 124.0, 5.170
[19:09:34] 641.6, 124.0, 5.173
[19:09:35] 679.6, 124.0, 5.225
[19:09:36] 695.9, 124.0, 5.176
[19:09:37] 641.8, 123.9, 5.171
[19:09:38] 641.8, 124.0, 5.172
[19:09:39] 641.8, 124.0, 5.171
[19:09:40] 674.7, 124.0, 5.227
[19:09:41] 696.9, 124.0, 5.173
[19:09:42] 641.8, 124.1, 5.170
[19:09:43] 641.8, 124.0, 5.174
[19:09:44] 641.7, 123.9, 5.174
[19:09:45] 667.4, 124.0, 5.237
[19:09:46] 699.3, 124.0, 5.171
[19:09:47] 641.8, 124.1, 5.173
[19:09:48] 641.7, 124.0, 5.170
[19:09:49] 641.7, 124.0, 5.174
[19:09:50] 648.3, 123.9, 6.050
[19:09:51] 756.7, 124.0, 5.175
[19:09:52] 642.0, 124.0, 5.175
[19:09:53] 642.0, 124.1, 5.168
[19:09:54] 641.9, 124.1, 5.168
[19:09:55] 641.9, 123.6, 7.199
[19:09:56] 790.0, 124.1, 5.175
[19:09:57] 642.2, 124.1, 5.171
[19:09:58] 642.1, 124.1, 5.170
[19:09:59] 642.0, 124.1, 5.170
[19:10:00] 642.0, 123.5, 7.442
[19:10:01] 830.7, 124.1, 5.181
[19:10:02] 656.5, 124.0, 5.175
[19:10:03] 642.0, 124.1, 5.174
[19:10:04] 641.9, 124.1, 5.170
[19:10:05] 641.9, 124.1, 5.174
[19:10:06] 694.1, 123.5, 7.681
[19:10:07] 936.1, 124.1, 5.189
[19:10:08] 659.3, 124.1, 5.179
[19:10:09] 642.8, 124.1, 5.175
[19:10:10] 642.7, 124.1, 5.173
[19:10:11] 642.6, 124.1, 5.180
[19:10:12] 708.7, 123.4, 7.689
[19:10:13] 951.0, 123.4, 7.715
[19:10:14] 933.3, 124.0, 5.205
[19:10:15] 663.2, 124.0, 5.193
[19:10:16] 643.7, 124.1, 5.186
[19:10:17] 643.6, 124.0, 5.186
[19:10:18] 643.6, 123.9, 5.184
[19:10:19] 740.6, 123.4, 7.703
[19:10:20] 952.0, 123.4, 7.723
[19:10:21] 952.3, 123.4, 7.740
[19:10:22] 952.8, 123.5, 7.520
[19:10:23] 845.9, 124.1, 5.197
[19:10:24] 644.7, 124.0, 5.192
[19:10:25] 644.6, 124.1, 5.186
[19:10:26] 644.4, 124.1, 5.182
[19:10:27] 644.3, 123.7, 6.371
[19:10:28] 803.8, 123.5, 7.708
[19:10:29] 953.2, 123.4, 7.731
[19:10:30] 953.4, 123.3, 7.748
[19:10:31] 953.9, 123.3, 7.753
[19:10:32] 954.4, 123.4, 7.750
[19:10:33] 954.9, 123.4, 7.752
[19:10:34] 955.2, 123.4, 7.756
[19:10:35] 955.7, 124.0, 5.363
[19:10:36] 723.3, 124.0, 5.200
[19:10:37] 645.3, 124.0, 5.195
[19:10:38] 645.2, 124.0, 5.187
[19:10:39] 645.0, 124.0, 5.185
[19:10:40] 644.8, 123.4, 7.700
[19:10:41] 937.2, 123.4, 7.727
[19:10:42] 955.0, 123.4, 7.734
[19:10:43] 955.1, 123.4, 7.742
[19:10:44] 955.3, 123.4, 7.747
[19:10:45] 955.6, 123.3, 7.744
[19:10:46] 955.9, 123.4, 7.758
[19:10:47] 956.3, 123.4, 7.761
[19:10:48] 956.7, 123.4, 7.751
[19:10:49] 957.0, 123.4, 7.765
[19:10:50] 957.3, 123.3, 7.767
[19:10:51] 957.7, 123.4, 7.771
[19:10:52] 958.0, 123.3, 7.778
[19:10:53] 958.3, 123.3, 7.776
[19:10:54] 958.6, 123.4, 7.774
[19:10:55] 958.9, 124.0, 5.289
[19:10:56] 710.3, 124.1, 5.215
[19:10:57] 646.7, 124.1, 5.207
[19:10:58] 646.6, 124.1, 5.199
[19:10:59] 646.4, 124.1, 5.194
