<<<[23:05:17] 647.8, 123.7, 5.178
[23:05:18] 647.2, 123.8, 5.151
[23:05:19] 637.5, 123.8, 5.155
[23:05:20] 638.0, 123.8, 5.157
[23:05:21] 638.1, 123.8, 5.157
[23:05:22] 638.3, 123.9, 5.151
[23:05:23] 638.5, 123.9, 5.153
[23:05:24] 638.7, 123.9, 5.154
<<<[23:26:29] 658.1, 123.9, 5.314
[23:26:30] 657.7, 123.9, 5.201
[23:26:31] 645.3, 123.9, 5.207
[23:26:32] 645.6, 123.9, 5.311
[23:26:33] 652.2, 124.0, 5.205
[23:26:34] 644.9, 123.9, 5.196
[23:26:35] 644.8, 123.9, 5.202
[23:26:36] 644.8, 124.0, 5.204
