<<<[06:06:38] 643.7, 125.0, 5.139
[06:06:39] 643.6, 124.9, 5.142
[06:06:40] 643.4, 124.8, 5.376
[06:06:41] 664.0, 124.9, 5.356
[06:06:42] 663.8, 124.9, 5.150
[06:06:43] 643.6, 124.8, 5.148
[06:06:44] 643.5, 124.9, 5.146
[06:06:45] 643.5, 124.9, 5.147
[06:06:46] 643.4, 124.9, 5.143
[06:06:47] 692.0, 124.9, 5.176
[06:06:48] 691.7, 125.0, 5.144
[06:06:49] 643.0, 124.8, 5.141
[06:06:50] 642.9, 124.9, 5.144
[06:06:51] 642.9, 125.0, 5.136
[06:06:52] 689.6, 125.0, 5.180
[06:06:53] 689.8, 124.9, 5.141
[06:06:54] 642.2, 124.9, 5.137
[06:06:55] 642.2, 124.8, 5.141
[06:06:56] 642.2, 124.9, 5.142
[06:06:57] 688.4, 124.9, 5.180
[06:06:58] 688.9, 124.9, 5.142
[06:06:59] 642.6, 124.9, 5.164
[06:07:00] 642.7, 124.9, 5.163
[06:07:01] 642.8, 124.9, 5.162
[06:07:02] 687.3, 124.9, 5.189
[06:07:03] 694.3, 124.8, 5.141
[06:07:04] 643.0, 124.9, 5.140
[06:07:05] 642.9, 124.9, 5.143
[06:07:06] 642.8, 124.9, 5.139
[06:07:07] 683.7, 124.9, 5.190
[06:07:08] 695.7, 124.8, 5.147
[06:07:09] 642.8, 124.9, 5.142
[06:07:10] 642.6, 124.8, 5.139
[06:07:11] 642.6, 124.8, 5.138
[06:07:12] 681.1, 124.9, 5.195
[06:07:13] 697.7, 124.9, 5.143
[06:07:14] 642.8, 124.8, 5.141
[06:07:15] 642.7, 124.9, 5.140
[06:07:16] 642.6, 124.8, 5.137
[06:07:17] 678.4, 124.9, 5.198
[06:07:18] 699.1, 124.9, 5.138
[06:07:19] 642.2, 124.9, 5.136
[06:07:20] 642.2, 124.9, 5.142
[06:07:21] 642.2, 124.9, 5.137
[06:07:22] 673.9, 125.0, 5.200
[06:07:23] 699.8, 124.9, 5.139
[06:07:24] 642.4, 124.9, 5.139
[06:07:25] 642.4, 124.9, 5.143
[06:07:26] 642.3, 124.9, 5.140
[06:07:27] 666.6, 124.8, 5.208
[06:07:28] 701.8, 124.9, 5.137
[06:07:29] 642.4, 124.9, 5.138
[06:07:30] 642.3, 124.9, 5.138
[06:07:31] 642.3, 124.8, 5.136
[06:07:32] 642.5, 124.7, 6.095
[06:07:33] 761.9, 124.9, 5.142
[06:07:34] 642.8, 124.9, 5.141
[06:07:35] 642.7, 124.8, 5.165
[06:07:36] 642.8, 124.7, 5.161
[06:07:37] 642.8, 124.4, 7.224
[06:07:38] 789.6, 124.9, 5.146
[06:07:39] 642.6, 124.8, 5.144
[06:07:40] 642.5, 124.8, 5.139
[06:07:41] 642.5, 124.9, 5.139
[06:07:42] 642.3, 124.3, 7.236
[06:07:43] 826.4, 124.8, 5.239
[06:07:44] 707.7, 124.8, 5.145
[06:07:45] 642.8, 124.9, 5.145
[06:07:46] 642.7, 124.9, 5.144
[06:07:47] 642.7, 124.8, 5.139
[06:07:48] 665.0, 124.2, 7.710
[06:07:49] 957.9, 124.9, 5.252
[06:07:50] 709.9, 124.8, 5.150
[06:07:51] 643.2, 124.8, 5.146
[06:07:52] 643.1, 124.9, 5.141
[06:07:53] 643.0, 124.9, 5.139
[06:07:54] 648.1, 124.2, 7.710
[06:07:55] 960.3, 124.3, 7.723
[06:07:56] 960.5, 124.9, 5.280
[06:07:57] 719.1, 124.9, 5.154
[06:07:58] 643.4, 124.8, 5.148
[06:07:59] 643.4, 124.9, 5.145
[06:08:00] 643.3, 124.9, 5.146
[06:08:01] 643.3, 124.2, 7.712
[06:08:02] 935.7, 124.2, 7.747
[06:08:03] 963.0, 124.2, 7.761
[06:08:04] 963.2, 124.2, 7.768
[06:08:05] 963.5, 124.6, 6.613
[06:08:06] 785.7, 124.9, 5.165
[06:08:07] 645.3, 124.9, 5.156
[06:08:08] 645.2, 124.8, 5.181
[06:08:09] 645.2, 124.9, 5.174
[06:08:10] 645.1, 124.3, 7.643
[06:08:11] 877.8, 124.2, 7.748
[06:08:12] 963.6, 124.2, 7.763
[06:08:13] 963.8, 124.3, 7.770
[06:08:14] 964.1, 124.2, 7.779
[06:08:15] 964.5, 124.1, 7.772
[06:08:16] 964.9, 124.2, 7.794
[06:08:17] 965.4, 124.2, 7.796
[06:08:18] 965.9, 124.1, 7.802
[06:08:19] 916.8, 124.9, 5.184
[06:08:20] 647.5, 124.8, 5.173
[06:08:21] 647.3, 124.9, 5.165
[06:08:22] 647.0, 124.8, 5.163
[06:08:23] 646.7, 124.8, 5.158
[06:08:24] 764.0, 124.2, 7.756
[06:08:25] 964.0, 124.2, 7.752
[06:08:26] 964.2, 124.2, 7.784
[06:08:27] 964.6, 124.1, 7.790
[06:08:28] 965.1, 124.1, 7.801
[06:08:29] 965.7, 124.2, 7.802
[06:08:30] 966.3, 124.1, 7.805
[06:08:31] 966.8, 124.2, 7.800
[06:08:32] 967.2, 124.1, 7.814
[06:08:33] 967.7, 124.2, 7.809
[06:08:34] 968.2, 124.1, 7.814
[06:08:35] 968.6, 124.2, 7.799
[06:08:36] 969.0, 124.2, 7.817
[06:08:37] 969.4, 124.2, 7.817
[06:08:38] 969.7, 124.2, 7.816
[06:08:39] 970.0, 124.1, 7.817
[06:08:40] 970.2, 124.8, 5.544
[06:08:41] 759.3, 124.8, 5.188
[06:08:42] 648.1, 124.8, 5.176
[06:08:43] 647.9, 124.9, 5.171
[06:08:44] 647.7, 124.8, 5.169
