<<<[13:01:18] 643.1, 123.1, 5.226
[13:01:19] 643.0, 123.1, 5.220
[13:01:20] 643.0, 123.1, 5.318
[13:01:21] 658.1, 123.0, 5.392
[13:01:22] 664.8, 123.1, 5.348
[13:01:23] 658.7, 123.1, 5.337
[13:01:24] 658.8, 123.0, 5.337
[13:01:25] 658.6, 123.0, 5.338
[13:01:26] 658.5, 123.0, 5.426
[13:01:27] 658.1, 123.0, 5.221
[13:01:28] 643.0, 123.0, 5.223
[13:01:29] 643.0, 123.1, 5.218
[13:01:30] 643.0, 123.0, 5.229
[13:01:31] 643.0, 123.0, 5.220
[13:01:32] 724.5, 123.1, 5.227
[13:01:33] 659.5, 123.1, 5.222
[13:01:34] 643.0, 123.0, 5.228
[13:01:35] 642.9, 123.1, 5.218
[13:01:36] 642.8, 123.1, 5.221
[13:01:37] 703.0, 123.0, 5.321
[13:01:38] 709.5, 123.0, 5.228
[13:01:39] 642.6, 123.1, 5.220
[13:01:40] 642.6, 123.1, 5.218
[13:01:41] 642.6, 123.0, 5.214
[13:01:42] 653.4, 122.8, 6.561
[13:01:43] 767.6, 123.1, 5.218
[13:01:44] 643.0, 123.1, 5.217
[13:01:45] 642.9, 123.1, 5.215
[13:01:46] 642.8, 123.0, 5.224
[13:01:47] 642.7, 122.4, 7.292
[13:01:48] 825.0, 123.0, 5.354
[13:01:49] 714.6, 123.1, 5.223
[13:01:50] 643.2, 123.0, 5.226
[13:01:51] 643.1, 123.0, 5.217
[13:01:52] 643.0, 123.0, 5.218
[13:01:53] 642.9, 122.5, 7.429
[13:01:54] 900.8, 122.5, 7.351
[13:01:55] 825.2, 123.0, 5.229
[13:01:56] 643.7, 123.0, 5.224
[13:01:57] 643.6, 122.9, 5.224
[13:01:58] 643.6, 123.0, 5.234
[13:01:59] 643.5, 122.6, 6.355
[13:02:00] 784.9, 122.5, 7.438
[13:02:01] 912.8, 122.5, 7.463
[13:02:02] 913.1, 122.7, 6.904
[13:02:03] 776.2, 123.0, 5.235
[13:02:04] 644.5, 123.1, 5.228
[13:02:05] 644.3, 123.0, 5.225
[13:02:06] 644.3, 123.0, 5.238
[13:02:07] 644.1, 122.5, 7.287
[13:02:08] 824.8, 122.4, 7.456
[13:02:09] 914.4, 122.5, 7.468
[13:02:10] 914.5, 122.5, 7.482
[13:02:11] 914.9, 122.4, 7.473
[13:02:12] 915.2, 122.5, 7.494
[13:02:13] 915.6, 123.0, 5.425
[13:02:14] 723.9, 123.0, 5.253
[13:02:15] 645.3, 123.0, 5.234
[13:02:16] 645.2, 123.0, 5.228
[13:02:17] 645.0, 123.1, 5.223
[13:02:18] 644.8, 122.4, 7.447
[13:02:19] 908.1, 122.5, 7.465
[13:02:20] 915.6, 122.4, 7.477
[13:02:21] 915.7, 122.6, 7.485
[13:02:22] 916.1, 122.5, 7.477
[13:02:23] 916.4, 122.5, 7.493
[13:02:24] 916.7, 122.6, 7.499
[13:02:25] 917.1, 122.5, 7.500
[13:02:26] 917.5, 122.5, 7.506
[13:02:27] 917.8, 122.6, 7.503
[13:02:28] 918.1, 122.5, 7.508
[13:02:29] 918.4, 123.0, 6.025
[13:02:30] 762.6, 123.2, 5.261
[13:02:31] 646.7, 123.1, 5.235
[13:02:32] 646.5, 123.1, 5.234
[13:02:33] 646.3, 123.1, 5.226
