<<<[11:28:04] 646.0, 123.5, 5.224
[11:28:05] 645.9, 123.5, 5.216
[11:28:06] 645.9, 123.4, 5.230
[11:28:07] 654.4, 123.4, 5.367
[11:28:08] 664.2, 123.5, 5.224
[11:28:09] 648.9, 123.5, 5.229
[11:28:10] 648.5, 123.4, 5.230
[11:28:11] 648.2, 123.4, 5.229
[11:28:12] 647.9, 123.4, 5.236
[11:28:13] 647.7, 122.9, 7.211
[11:28:14] 743.0, 123.4, 5.223
[11:28:15] 645.9, 123.4, 5.226
[11:28:16] 646.0, 123.5, 5.224
[11:28:17] 646.0, 123.5, 5.213
[11:28:18] 646.0, 122.9, 7.199
[11:28:19] 741.2, 123.3, 5.217
[11:28:20] 645.3, 123.5, 5.218
[11:28:21] 645.3, 123.5, 5.219
[11:28:22] 645.2, 123.5, 5.220
[11:28:23] 645.2, 123.0, 7.196
[11:28:24] 740.2, 123.4, 5.225
[11:28:25] 645.7, 123.5, 5.222
[11:28:26] 645.6, 123.5, 5.220
[11:28:27] 645.5, 123.4, 5.222
[11:28:28] 645.4, 122.9, 7.195
[11:28:29] 739.8, 123.5, 5.222
[11:28:30] 645.3, 123.4, 5.219
[11:28:31] 645.2, 123.4, 5.220
[11:28:32] 645.1, 123.5, 5.219
[11:28:33] 645.1, 123.0, 7.193
[11:28:34] 739.8, 123.4, 5.223
[11:28:35] 646.3, 123.4, 5.222
[11:28:36] 646.3, 123.5, 5.225
[11:28:37] 646.3, 123.5, 5.217
[11:28:38] 646.2, 123.0, 7.186
[11:28:39] 737.2, 123.4, 5.219
[11:28:40] 644.9, 123.5, 5.218
[11:28:41] 644.8, 123.5, 5.215
[11:28:42] 644.8, 123.5, 5.216
[11:28:43] 644.8, 123.0, 7.173
[11:28:44] 734.5, 123.5, 5.217
[11:28:45] 644.9, 123.6, 5.207
[11:28:46] 644.8, 123.5, 5.209
[11:28:47] 644.7, 123.4, 5.211
[11:28:48] 644.7, 123.0, 7.147
[11:28:49] 729.4, 123.5, 5.217
[11:28:50] 644.7, 123.5, 5.217
[11:28:51] 644.6, 123.4, 5.216
[11:28:52] 644.6, 123.5, 5.218
[11:28:53] 644.6, 123.0, 7.158
[11:28:54] 768.9, 123.5, 5.221
[11:28:55] 644.7, 123.5, 5.217
[11:28:56] 644.6, 123.4, 5.216
[11:28:57] 644.6, 123.4, 5.216
[11:28:58] 644.6, 123.0, 6.919
[11:28:59] 749.5, 123.5, 5.221
[11:29:00] 645.1, 123.4, 5.219
[11:29:01] 645.0, 123.4, 5.213
[11:29:02] 644.9, 123.4, 5.217
[11:29:03] 644.7, 123.5, 5.216
[11:29:04] 751.6, 123.5, 5.279
[11:29:05] 701.4, 123.4, 5.217
[11:29:06] 645.1, 123.5, 5.216
[11:29:07] 645.0, 123.5, 5.214
[11:29:08] 644.9, 123.6, 5.212
[11:29:09] 644.8, 123.0, 7.581
[11:29:10] 918.7, 123.6, 5.224
[11:29:11] 654.8, 123.6, 5.219
[11:29:12] 645.3, 123.5, 5.210
[11:29:13] 645.2, 123.5, 5.208
[11:29:14] 645.1, 123.5, 5.211
[11:29:15] 704.8, 122.9, 7.585
[11:29:16] 932.9, 123.0, 7.273
[11:29:17] 818.9, 123.6, 5.223
[11:29:18] 645.7, 123.6, 5.218
[11:29:19] 645.6, 123.5, 5.218
[11:29:20] 645.4, 123.5, 5.217
[11:29:21] 645.3, 123.0, 7.408
[11:29:22] 837.6, 122.9, 7.602
[11:29:23] 934.9, 122.9, 7.621
[11:29:24] 935.1, 122.9, 7.343
[11:29:25] 827.0, 123.5, 5.236
[11:29:26] 646.5, 123.4, 5.232
[11:29:27] 646.4, 123.4, 5.225
[11:29:28] 646.3, 123.4, 5.222
[11:29:29] 646.1, 122.9, 7.151
[11:29:30] 818.9, 122.8, 7.602
[11:29:31] 935.7, 122.8, 7.621
[11:29:32] 935.9, 122.9, 7.632
[11:29:33] 936.3, 122.9, 7.640
[11:29:34] 936.7, 122.9, 7.651
[11:29:35] 937.2, 122.9, 7.608
[11:29:36] 887.2, 123.4, 5.250
[11:29:37] 648.3, 123.4, 5.241
[11:29:38] 648.1, 123.5, 5.236
[11:29:39] 648.0, 123.4, 5.232
[11:29:40] 647.7, 123.2, 5.444
[11:29:41] 784.1, 122.9, 7.614
[11:29:42] 936.8, 122.9, 7.630
[11:29:43] 937.0, 122.8, 7.643
[11:29:44] 937.4, 122.9, 7.643
[11:29:45] 937.8, 122.9, 7.643
[11:29:46] 938.1, 122.9, 7.651
[11:29:47] 938.5, 122.9, 7.654
[11:29:48] 938.9, 122.9, 7.659
[11:29:49] 939.2, 122.8, 7.663
[11:29:50] 939.6, 122.8, 7.662
[11:29:51] 940.0, 122.9, 7.669
[11:29:52] 940.4, 122.8, 7.669
[11:29:53] 872.7, 123.5, 5.259
[11:29:54] 649.5, 123.5, 5.245
[11:29:55] 649.3, 123.5, 5.242
[11:29:56] 649.1, 123.5, 5.237
[11:29:57] 648.8, 123.4, 5.232
