<<<[09:03:28] 647.8, 124.0, 5.218
[09:03:29] 647.7, 123.9, 5.214
[09:03:30] 647.7, 124.0, 5.349
[09:03:31] 661.9, 124.0, 5.347
[09:03:32] 662.1, 123.9, 5.349
[09:03:33] 662.7, 124.0, 5.249
[09:03:34] 653.6, 124.0, 5.214
[09:03:35] 647.3, 123.9, 5.215
[09:03:36] 647.3, 123.9, 5.222
[09:03:37] 647.4, 124.0, 5.210
[09:03:38] 647.3, 123.5, 7.154
[09:03:39] 743.5, 123.9, 5.219
[09:03:40] 647.1, 123.9, 5.207
[09:03:41] 647.0, 123.9, 5.210
[09:03:42] 646.9, 123.9, 5.217
[09:03:43] 646.9, 123.5, 7.146
[09:03:44] 739.8, 123.9, 5.216
[09:03:45] 647.1, 123.9, 5.207
[09:03:46] 647.0, 123.9, 5.209
[09:03:47] 647.0, 123.9, 5.214
[09:03:48] 646.9, 123.4, 7.137
[09:03:49] 738.8, 123.9, 5.213
[09:03:50] 646.7, 123.9, 5.206
[09:03:51] 646.7, 124.0, 5.205
[09:03:52] 646.6, 124.0, 5.210
[09:03:53] 646.6, 123.5, 7.110
[09:03:54] 735.9, 124.0, 5.210
[09:03:55] 646.7, 124.1, 5.209
[09:03:56] 646.7, 124.0, 5.206
[09:03:57] 646.6, 124.0, 5.205
[09:03:58] 646.5, 123.5, 7.085
[09:03:59] 730.8, 124.0, 5.229
[09:04:00] 647.9, 124.0, 5.237
[09:04:01] 647.8, 123.9, 5.229
[09:04:02] 647.8, 123.9, 5.208
[09:04:03] 647.6, 123.5, 7.018
[09:04:04] 721.1, 124.0, 5.207
[09:04:05] 646.7, 123.9, 5.209
[09:04:06] 646.7, 124.0, 5.212
[09:04:07] 646.6, 124.0, 5.205
[09:04:08] 646.6, 123.6, 6.492
[09:04:09] 752.0, 123.9, 5.208
[09:04:10] 646.7, 123.9, 5.208
[09:04:11] 646.6, 124.0, 5.216
[09:04:12] 646.6, 123.9, 5.210
[09:04:13] 646.6, 124.0, 5.207
[09:04:14] 746.5, 124.0, 5.330
[09:04:15] 715.4, 123.9, 5.209
[09:04:16] 646.9, 124.0, 5.211
[09:04:17] 646.8, 124.0, 5.209
[09:04:18] 646.7, 123.9, 5.209
[09:04:19] 661.1, 123.5, 7.424
[09:04:20] 878.0, 123.9, 5.211
[09:04:21] 647.3, 123.9, 5.214
[09:04:22] 647.2, 124.0, 5.212
[09:04:23] 647.1, 123.9, 5.207
[09:04:24] 647.0, 124.0, 5.209
[09:04:25] 755.8, 123.4, 7.433
[09:04:26] 915.2, 124.0, 5.226
[09:04:27] 670.1, 123.9, 5.219
[09:04:28] 646.9, 124.0, 5.207
[09:04:29] 646.8, 124.0, 5.214
[09:04:30] 646.7, 123.9, 5.214
[09:04:31] 678.0, 123.4, 7.431
[09:04:32] 917.2, 123.4, 7.446
[09:04:33] 917.5, 123.4, 7.338
[09:04:34] 832.1, 123.9, 5.228
[09:04:35] 648.7, 124.0, 5.223
[09:04:36] 648.5, 123.9, 5.216
[09:04:37] 648.4, 124.0, 5.212
[09:04:38] 648.2, 123.5, 6.596
[09:04:39] 795.3, 123.3, 7.445
[09:04:40] 919.9, 123.4, 7.465
[09:04:41] 920.0, 123.3, 7.468
[09:04:42] 920.3, 123.3, 7.477
[09:04:43] 920.7, 123.4, 7.486
[09:04:44] 888.6, 123.9, 5.236
[09:04:45] 649.9, 123.9, 5.229
[09:04:46] 649.7, 123.9, 5.228
[09:04:47] 649.5, 123.9, 5.220
[09:04:48] 649.3, 123.9, 5.221
[09:04:49] 761.9, 123.4, 7.452
[09:04:50] 920.3, 123.2, 7.461
[09:04:51] 920.4, 123.3, 7.479
[09:04:52] 920.7, 123.3, 7.484
[09:04:53] 921.1, 123.2, 7.485
[09:04:54] 921.5, 123.4, 7.496
[09:04:55] 922.0, 123.3, 7.483
[09:04:56] 922.4, 123.2, 7.501
[09:04:57] 922.8, 123.3, 7.502
[09:04:58] 923.2, 123.4, 7.499
[09:04:59] 880.2, 123.9, 5.248
[09:05:00] 651.2, 123.9, 5.242
[09:05:01] 651.0, 124.0, 5.232
[09:05:02] 650.8, 123.9, 5.230
