<<<[16:27:54] 644.7, 122.4, 5.259
[16:27:55] 644.6, 122.3, 5.257
[16:27:56] 644.5, 122.4, 5.464
[16:27:57] 663.6, 122.3, 5.424
[16:27:58] 663.7, 122.4, 5.442
[16:27:59] 664.0, 122.4, 5.470
[16:28:00] 664.2, 122.3, 5.411
[16:28:01] 664.3, 122.3, 5.509
[16:28:02] 664.8, 122.2, 5.512
[16:28:03] 664.7, 122.4, 5.467
[16:28:04] 664.7, 122.3, 5.500
[16:28:05] 665.0, 122.3, 5.445
[16:28:06] 664.9, 122.3, 5.549
[16:28:07] 670.5, 122.3, 5.424
[16:28:08] 664.6, 122.3, 5.419
[16:28:09] 664.7, 122.4, 5.423
[16:28:10] 664.6, 122.3, 5.421
[16:28:11] 665.0, 122.3, 5.553
[16:28:12] 671.7, 122.4, 5.302
[16:28:13] 652.0, 122.3, 5.288
[16:28:14] 645.9, 122.4, 5.260
[16:28:15] 645.7, 122.4, 5.262
[16:28:16] 645.5, 122.4, 5.259
[16:28:17] 645.4, 121.9, 7.171
[16:28:18] 741.0, 122.5, 5.257
[16:28:19] 644.1, 122.5, 5.254
[16:28:20] 644.1, 122.4, 5.251
[16:28:21] 644.0, 122.5, 5.249
[16:28:22] 644.0, 121.9, 7.156
[16:28:23] 736.7, 122.5, 5.253
[16:28:24] 643.9, 122.5, 5.252
[16:28:25] 643.9, 122.4, 5.254
[16:28:26] 643.9, 122.5, 5.256
[16:28:27] 643.9, 122.0, 7.155
[16:28:28] 733.7, 122.4, 5.253
[16:28:29] 644.3, 122.5, 5.249
[16:28:30] 644.2, 122.4, 5.251
[16:28:31] 644.1, 122.4, 5.260
[16:28:32] 644.1, 122.0, 7.194
[16:28:33] 728.4, 122.4, 5.257
[16:28:34] 644.1, 122.3, 5.261
[16:28:35] 644.1, 122.4, 5.255
[16:28:36] 644.1, 122.4, 5.280
[16:28:37] 644.2, 121.8, 6.888
[16:28:38] 767.2, 122.3, 5.261
[16:28:39] 644.3, 122.4, 5.259
[16:28:40] 644.2, 122.3, 5.262
[16:28:41] 644.2, 122.2, 5.259
[16:28:42] 644.2, 122.3, 5.260
[16:28:43] 765.8, 122.4, 5.278
[16:28:44] 672.1, 122.3, 5.260
[16:28:45] 644.1, 122.3, 5.258
[16:28:46] 644.1, 122.3, 5.257
[16:28:47] 644.0, 122.4, 5.255
[16:28:48] 680.2, 121.8, 7.649
[16:28:49] 861.1, 122.3, 5.265
[16:28:50] 644.7, 122.3, 5.261
[16:28:51] 644.6, 122.5, 5.255
[16:28:52] 644.5, 122.3, 5.280
[16:28:53] 644.6, 121.9, 6.858
[16:28:54] 825.0, 121.7, 8.040
[16:28:55] 924.0, 122.3, 5.272
[16:28:56] 645.3, 122.3, 5.265
[16:28:57] 645.2, 122.3, 5.263
[16:28:58] 645.1, 122.2, 5.269
[16:28:59] 644.9, 122.3, 5.263
[16:29:00] 779.2, 121.7, 8.045
[16:29:01] 980.1, 121.6, 8.068
[16:29:02] 969.5, 122.3, 5.294
[16:29:03] 677.4, 122.3, 5.271
[16:29:04] 645.5, 122.2, 5.271
[16:29:05] 645.4, 122.3, 5.265
[16:29:06] 645.3, 122.3, 5.265
[16:29:07] 690.6, 121.7, 8.047
[16:29:08] 980.3, 121.6, 8.056
[16:29:09] 980.4, 121.7, 8.065
[16:29:10] 980.7, 121.7, 8.075
[16:29:11] 981.1, 121.9, 7.484
[16:29:12] 863.6, 122.3, 5.278
[16:29:13] 646.9, 122.5, 5.274
[16:29:14] 646.8, 122.4, 5.269
[16:29:15] 646.6, 122.4, 5.263
[16:29:16] 646.4, 121.9, 7.573
[16:29:17] 847.9, 121.7, 8.054
[16:29:18] 981.5, 121.8, 8.065
[16:29:19] 981.6, 121.8, 8.073
[16:29:20] 981.9, 121.7, 8.078
[16:29:21] 982.3, 121.7, 8.088
[16:29:22] 982.6, 121.7, 8.092
[16:29:23] 983.1, 121.6, 8.095
[16:29:24] 983.4, 121.7, 8.096
[16:29:25] 983.8, 121.8, 7.653
[16:29:26] 873.3, 122.3, 5.291
[16:29:27] 647.9, 122.4, 5.282
[16:29:28] 647.7, 122.3, 5.277
[16:29:29] 647.5, 122.4, 5.271
[16:29:30] 647.3, 121.9, 7.065
[16:29:31] 830.5, 121.6, 8.068
[16:29:32] 982.9, 121.7, 8.077
[16:29:33] 983.0, 121.6, 8.090
[16:29:34] 983.3, 121.6, 8.096
[16:29:35] 983.6, 121.6, 8.103
[16:29:36] 984.0, 121.7, 8.102
[16:29:37] 984.4, 121.6, 8.112
[16:29:38] 984.8, 121.7, 8.104
[16:29:39] 985.1, 121.7, 8.104
[16:29:40] 985.5, 121.7, 8.106
[16:29:41] 985.8, 121.7, 8.104
[16:29:42] 986.1, 121.7, 8.105
[16:29:43] 986.3, 121.7, 8.112
[16:29:44] 986.5, 121.7, 8.113
[16:29:45] 986.7, 121.7, 8.104
[16:29:46] 986.9, 121.7, 8.112
[16:29:47] 987.1, 121.7, 8.113
[16:29:48] 987.3, 121.7, 8.108
[16:29:49] 840.2, 122.4, 5.324
[16:29:50] 649.9, 122.4, 5.286
[16:29:51] 649.6, 122.3, 5.282
[16:29:52] 649.2, 122.4, 5.281
<<<[16:31:51] 648.6, 122.3, 5.273
[16:31:52] 648.3, 122.4, 5.268
[16:31:53] 647.9, 122.5, 5.313
[16:31:54] 657.9, 122.3, 5.395
[16:31:55] 667.0, 122.4, 5.479
[16:31:56] 667.0, 122.5, 5.405
[16:31:57] 667.0, 122.3, 5.469
[16:31:58] 674.1, 122.4, 5.443
[16:31:59] 673.6, 122.4, 5.394
[16:32:00] 666.6, 122.4, 5.406
[16:32:01] 666.2, 122.4, 5.399
[16:32:02] 666.2, 122.4, 5.405
[16:32:03] 666.0, 122.3, 5.403
[16:32:04] 666.2, 122.4, 5.398
[16:32:05] 666.0, 122.4, 5.394
[16:32:06] 665.7, 122.4, 5.431
[16:32:07] 665.7, 122.4, 5.452
[16:32:08] 665.4, 122.4, 5.493
[16:32:09] 670.7, 122.4, 5.435
[16:32:10] 670.4, 122.5, 5.279
[16:32:11] 649.5, 122.5, 5.264
[16:32:12] 648.9, 122.4, 5.268
[16:32:13] 648.5, 122.5, 5.265
[16:32:14] 648.1, 122.4, 5.265
[16:32:15] 647.8, 122.3, 6.220
[16:32:16] 742.0, 122.4, 5.267
[16:32:17] 645.5, 122.4, 5.261
[16:32:18] 645.4, 122.5, 5.260
[16:32:19] 645.3, 122.4, 5.262
[16:32:20] 645.2, 122.3, 6.287
[16:32:21] 737.2, 122.4, 5.264
[16:32:22] 645.7, 122.4, 5.263
[16:32:23] 645.6, 122.5, 5.262
[16:32:24] 645.5, 122.4, 5.260
[16:32:25] 645.4, 122.3, 6.350
[16:32:26] 734.3, 122.5, 5.261
[16:32:27] 645.1, 122.3, 5.264
[16:32:28] 645.0, 122.5, 5.262
[16:32:29] 645.0, 122.5, 5.260
[16:32:30] 644.9, 122.1, 6.430
[16:32:31] 728.6, 122.4, 5.266
[16:32:32] 644.7, 122.3, 5.261
[16:32:33] 644.7, 122.3, 5.262
[16:32:34] 644.7, 122.4, 5.266
[16:32:35] 644.7, 121.8, 7.363
[16:32:36] 766.8, 122.3, 5.270
[16:32:37] 645.3, 122.3, 5.268
[16:32:38] 645.2, 122.2, 5.271
[16:32:39] 645.2, 122.2, 5.269
[16:32:40] 645.1, 121.6, 7.706
[16:32:41] 794.3, 122.3, 5.268
[16:32:42] 644.9, 122.3, 5.266
[16:32:43] 644.8, 122.3, 5.263
[16:32:44] 644.7, 122.4, 5.261
[16:32:46] 759.5, 122.1, 6.670
[16:32:48] 644.1, 122.4, 5.260
[16:32:50] 644.0, 122.5, 5.251
[16:32:52] 905.3, 121.9, 7.378
wattsup: [error] Reading final time stamp: Bad address
[16:32:59] 982.1, 121.7, 8.073
wattsup: [error] Reading final time stamp: Bad address
[16:33:06] 982.1, 121.6, 8.081
wattsup: [error] Reading final time stamp: Bad address
wattsup: [error] Blech. Giving up on read: Bad address
wattsup: [error] Reading final time stamp: Bad address
<<<[16:36:06] 651.4, 122.4, 5.291
[16:36:07] 650.8, 122.3, 5.289
[16:36:08] 650.3, 122.5, 5.285
[16:36:09] 649.9, 122.3, 5.490
[16:36:10] 667.4, 122.3, 5.514
[16:36:11] 667.5, 122.4, 5.440
[16:36:12] 667.4, 122.3, 5.467
[16:36:13] 667.6, 122.3, 5.457
[16:36:14] 667.6, 122.4, 5.450
[16:36:15] 667.2, 122.3, 5.431
[16:36:16] 667.1, 122.3, 5.423
[16:36:17] 666.9, 122.4, 5.424
[16:36:18] 667.0, 122.3, 5.456
[16:36:19] 667.0, 122.3, 5.458
[16:36:20] 667.4, 122.4, 5.450
[16:36:21] 667.2, 122.3, 5.532
[16:36:22] 667.2, 122.4, 5.503
[16:36:23] 666.8, 122.2, 5.515
[16:36:24] 672.7, 122.4, 5.460
[16:36:25] 672.3, 122.3, 5.300
[16:36:26] 649.3, 122.3, 5.285
[16:36:27] 648.8, 122.4, 5.285
[16:36:28] 648.6, 122.3, 5.288
[16:36:29] 648.3, 122.3, 5.270
[16:36:30] 648.0, 122.2, 6.055
[16:36:31] 742.2, 122.3, 5.284
[16:36:32] 645.3, 122.2, 5.283
[16:36:33] 645.2, 122.4, 5.284
[16:36:34] 645.3, 122.3, 5.279
[16:36:35] 645.3, 122.3, 6.099
[16:36:36] 739.2, 122.4, 5.281
[16:36:37] 645.5, 122.4, 5.281
[16:36:38] 645.4, 122.3, 5.276
[16:36:39] 645.3, 122.5, 5.276
[16:36:40] 645.3, 122.3, 6.146
[16:36:41] 736.3, 122.4, 5.279
[16:36:42] 644.9, 122.4, 5.276
[16:36:43] 644.9, 122.5, 5.275
[16:36:44] 644.8, 122.4, 5.274
[16:36:45] 644.8, 122.4, 6.198
[16:36:46] 730.2, 122.5, 5.275
[16:36:47] 644.7, 122.4, 5.278
[16:36:48] 644.7, 122.4, 5.278
[16:36:49] 644.7, 122.4, 5.278
[16:36:50] 644.7, 121.8, 7.342
[16:36:51] 768.3, 122.3, 5.282
[16:36:52] 644.9, 122.4, 5.280
[16:36:53] 644.8, 122.3, 5.282
[16:36:54] 644.8, 122.3, 5.282
[16:36:55] 644.8, 121.6, 7.795
[16:36:56] 795.3, 122.4, 5.286
[16:36:57] 645.1, 122.2, 5.282
[16:36:58] 645.0, 122.3, 5.280
[16:36:59] 644.9, 122.4, 5.278
[16:37:00] 644.9, 122.3, 5.280
[16:37:01] 766.4, 122.1, 6.453
[16:37:02] 777.8, 122.4, 5.282
[16:37:03] 644.9, 122.4, 5.280
[16:37:04] 644.8, 122.4, 5.276
[16:37:05] 644.8, 122.4, 5.277
[16:37:06] 644.8, 121.8, 8.011
[16:37:07] 910.3, 121.8, 7.387
[16:37:08] 841.6, 122.3, 5.288
[16:37:09] 645.7, 122.5, 5.283
[16:37:10] 645.6, 122.4, 5.281
[16:37:11] 645.5, 122.4, 5.278
[16:37:12] 645.3, 121.7, 7.807
[16:37:13] 864.8, 121.7, 8.057
[16:37:14] 982.1, 121.7, 8.067
[16:37:15] 918.5, 122.5, 5.294
[16:37:16] 646.5, 122.4, 5.288
[16:37:17] 646.4, 122.4, 5.264
[16:37:18] 646.1, 122.5, 5.288
[16:37:19] 646.0, 122.4, 5.281
[16:37:20] 776.0, 121.7, 8.058
[16:37:21] 981.9, 121.7, 8.071
[16:37:22] 982.1, 121.6, 8.083
[16:37:23] 982.4, 121.7, 8.093
[16:37:24] 982.8, 122.0, 6.826
[16:37:25] 781.7, 122.2, 5.311
[16:37:26] 647.1, 122.1, 5.305
[16:37:27] 647.0, 122.2, 5.299
[16:37:28] 646.8, 122.0, 5.300
[16:37:29] 646.7, 121.4, 8.060
[16:37:30] 936.3, 121.5, 8.090
[16:37:31] 984.1, 121.4, 8.103
[16:37:32] 984.2, 121.5, 8.112
[16:37:33] 984.5, 121.4, 8.120
[16:37:34] 984.8, 121.5, 8.115
[16:37:35] 985.1, 121.5, 8.119
[16:37:36] 985.4, 121.5, 8.122
[16:37:37] 985.8, 121.6, 8.119
[16:37:38] 986.2, 122.0, 6.990
[16:37:39] 790.0, 122.3, 5.315
[16:37:40] 648.3, 122.3, 5.306
[16:37:41] 648.1, 122.3, 5.299
[16:37:42] 647.9, 122.3, 5.298
[16:37:43] 647.7, 121.6, 8.041
[16:37:44] 922.1, 121.7, 8.085
[16:37:45] 984.9, 121.6, 8.093
[16:37:46] 985.0, 121.7, 8.100
[16:37:47] 985.3, 121.7, 8.108
[16:37:48] 985.6, 121.7, 8.112
[16:37:49] 985.9, 121.6, 8.106
[16:37:50] 986.2, 121.7, 8.111
[16:37:51] 986.5, 121.6, 8.118
[16:37:52] 986.8, 121.7, 8.116
[16:37:53] 987.1, 121.6, 8.123
[16:37:54] 987.4, 121.7, 8.129
[16:37:55] 987.7, 121.6, 8.122
[16:37:56] 987.9, 121.7, 8.119
[16:37:57] 988.2, 121.6, 8.123
[16:37:58] 988.4, 121.6, 8.128
[16:37:59] 988.7, 121.6, 8.134
[16:38:00] 988.9, 121.7, 8.131
[16:38:01] 989.0, 122.3, 5.458
[16:38:02] 738.2, 122.4, 5.317
[16:38:03] 649.1, 122.3, 5.311
[16:38:04] 648.9, 122.3, 5.309
[16:38:05] 648.7, 122.3, 5.282
<<<[16:40:20] 650.0, 122.2, 5.281
[16:40:21] 649.6, 122.4, 5.282
[16:40:22] 649.2, 122.3, 5.378
[16:40:23] 661.3, 122.3, 5.517
[16:40:24] 668.9, 122.3, 5.452
[16:40:25] 668.7, 122.2, 5.453
[16:40:26] 668.8, 122.3, 5.503
[16:40:27] 668.9, 122.2, 5.413
[16:40:28] 668.5, 122.3, 5.398
[16:40:29] 668.0, 122.2, 5.413
[16:40:30] 667.7, 122.3, 5.410
[16:40:31] 667.6, 122.2, 5.413
[16:40:32] 667.2, 122.4, 5.413
[16:40:33] 667.6, 122.3, 5.406
[16:40:34] 667.2, 122.4, 5.402
[16:40:35] 666.9, 122.3, 5.420
[16:40:36] 666.8, 122.4, 5.435
[16:40:37] 666.4, 122.4, 5.517
[16:40:38] 671.9, 122.4, 5.440
[16:40:39] 671.5, 122.5, 5.310
[16:40:40] 651.0, 122.5, 5.267
[16:40:41] 645.9, 122.4, 5.270
[16:40:42] 645.8, 122.4, 5.271
[16:40:43] 645.8, 122.5, 5.267
[16:40:44] 645.9, 122.3, 5.779
[16:40:45] 742.6, 122.4, 5.269
[16:40:46] 645.5, 122.5, 5.268
[16:40:47] 645.5, 122.4, 5.269
[16:40:48] 645.4, 122.3, 5.268
[16:40:49] 645.3, 122.4, 5.816
[16:40:50] 739.8, 122.4, 5.276
[16:40:51] 645.9, 122.2, 5.275
[16:40:52] 645.8, 122.2, 5.270
[16:40:53] 645.7, 122.5, 5.262
[16:40:54] 645.6, 122.2, 5.865
[16:40:55] 737.1, 122.3, 5.272
[16:40:56] 645.3, 122.4, 5.269
[16:40:57] 645.3, 122.4, 5.267
[16:40:58] 645.2, 122.2, 5.268
[16:40:59] 645.1, 122.3, 5.910
[16:41:00] 731.1, 122.3, 5.271
[16:41:01] 645.3, 122.2, 5.268
[16:41:02] 645.2, 122.3, 5.272
[16:41:03] 645.1, 122.2, 5.268
[16:41:04] 645.1, 121.8, 7.329
[16:41:05] 769.5, 122.3, 5.265
[16:41:06] 644.9, 122.4, 5.263
[16:41:07] 644.9, 122.3, 5.282
[16:41:08] 645.0, 122.4, 5.286
[16:41:09] 645.1, 121.7, 7.902
[16:41:10] 796.7, 122.4, 5.266
[16:41:11] 644.9, 122.3, 5.265
[16:41:12] 644.9, 122.4, 5.261
[16:41:13] 644.8, 122.4, 5.261
[16:41:14] 644.8, 122.5, 5.262
[16:41:15] 780.9, 122.3, 6.056
[16:41:16] 765.2, 122.4, 5.267
[16:41:17] 645.3, 122.3, 5.264
[16:41:18] 645.2, 122.5, 5.258
[16:41:19] 645.1, 122.3, 5.260
[16:41:20] 645.0, 121.6, 8.047
[16:41:21] 930.0, 121.9, 7.336
[16:41:22] 827.6, 122.3, 5.275
[16:41:23] 645.7, 122.3, 5.270
[16:41:24] 645.6, 122.4, 5.287
[16:41:25] 645.6, 122.3, 5.290
[16:41:26] 645.7, 121.6, 7.976
[16:41:27] 890.4, 121.7, 8.072
[16:41:28] 983.3, 121.7, 7.869
[16:41:29] 900.4, 122.2, 5.284
[16:41:30] 646.5, 122.3, 5.276
[16:41:31] 646.4, 122.3, 5.271
[16:41:32] 646.2, 122.2, 5.271
[16:41:33] 646.1, 122.0, 6.125
[16:41:34] 813.6, 121.6, 8.070
[16:41:35] 983.3, 121.6, 8.085
[16:41:36] 983.5, 121.7, 8.094
[16:41:37] 983.7, 121.6, 8.100
[16:41:38] 983.5, 122.2, 5.375
[16:41:39] 711.1, 122.3, 5.281
[16:41:40] 646.3, 122.4, 5.274
[16:41:41] 646.2, 122.3, 5.269
[16:41:42] 646.1, 122.3, 5.267
[16:41:43] 659.7, 121.7, 8.059
[16:41:44] 982.7, 121.7, 8.077
[16:41:45] 982.9, 121.6, 8.092
[16:41:46] 983.2, 121.6, 8.097
[16:41:47] 983.6, 121.7, 8.102
[16:41:48] 984.0, 121.7, 8.108
[16:41:49] 984.4, 121.6, 8.109
[16:41:50] 984.8, 121.6, 8.116
[16:41:51] 985.3, 121.7, 8.118
[16:41:52] 978.6, 122.4, 5.393
[16:41:53] 715.0, 122.3, 5.283
[16:41:54] 647.1, 122.2, 5.283
[16:41:55] 647.0, 122.4, 5.277
[16:41:56] 646.9, 122.4, 5.276
[16:41:57] 682.5, 121.6, 8.107
[16:41:58] 987.6, 121.7, 8.127
[16:41:59] 987.8, 121.7, 8.135
[16:42:00] 988.2, 121.6, 8.140
[16:42:01] 988.6, 121.7, 8.142
[16:42:02] 989.0, 121.7, 8.150
[16:42:03] 989.5, 121.6, 8.147
[16:42:04] 989.9, 121.6, 8.151
[16:42:05] 990.3, 121.7, 8.153
[16:42:06] 990.6, 121.7, 8.154
[16:42:07] 991.0, 121.6, 8.155
[16:42:08] 991.3, 121.6, 8.166
[16:42:09] 991.7, 121.6, 8.163
[16:42:10] 992.0, 121.6, 8.167
[16:42:11] 992.2, 121.6, 8.164
[16:42:12] 992.4, 121.6, 8.171
[16:42:13] 992.7, 121.5, 8.170
[16:42:14] 992.9, 121.6, 8.169
[16:42:15] 913.6, 122.4, 5.301
[16:42:16] 649.1, 122.3, 5.292
[16:42:17] 648.9, 122.3, 5.289
[16:42:18] 648.8, 122.3, 5.281
<<<[16:44:36] 648.9, 122.4, 5.275
[16:44:37] 648.6, 122.3, 5.270
[16:44:38] 648.3, 122.4, 5.273
[16:44:39] 648.2, 122.2, 5.529
[16:44:40] 670.9, 122.4, 5.471
[16:44:41] 670.6, 122.3, 5.395
[16:44:42] 670.1, 122.4, 5.520
[16:44:43] 670.3, 122.4, 5.408
[16:44:44] 669.8, 122.4, 5.442
[16:44:45] 669.3, 122.3, 5.401
[16:44:46] 664.2, 122.4, 5.433
[16:44:47] 664.2, 122.3, 5.411
[16:44:48] 664.4, 122.3, 5.428
[16:44:49] 664.6, 122.3, 5.409
[16:44:50] 664.9, 122.3, 5.409
[16:44:51] 664.6, 122.3, 5.476
[16:44:52] 664.8, 122.4, 5.452
[16:44:53] 664.6, 122.3, 5.535
[16:44:54] 671.3, 122.4, 5.427
[16:44:55] 670.7, 122.4, 5.285
[16:44:56] 647.5, 122.4, 5.270
[16:44:57] 647.1, 122.4, 5.267
[16:44:58] 646.8, 122.3, 5.265
[16:44:59] 646.5, 122.3, 5.265
[16:45:00] 646.9, 122.3, 5.627
[16:45:01] 735.3, 122.2, 5.264
[16:45:02] 644.7, 122.3, 5.264
[16:45:03] 644.6, 122.2, 5.266
[16:45:04] 644.5, 122.3, 5.264
[16:45:05] 644.5, 122.2, 5.650
[16:45:06] 735.7, 122.3, 5.266
[16:45:07] 644.1, 122.3, 5.261
[16:45:08] 644.0, 122.3, 5.262
[16:45:09] 644.0, 122.4, 5.264
[16:45:10] 644.1, 122.2, 5.672
[16:45:11] 732.9, 122.2, 5.266
[16:45:12] 644.7, 122.4, 5.261
[16:45:13] 644.6, 122.3, 5.260
[16:45:14] 644.5, 122.4, 5.255
[16:45:15] 644.4, 122.4, 5.687
[16:45:16] 726.6, 122.4, 5.258
[16:45:17] 643.9, 122.4, 5.253
[16:45:18] 643.8, 122.4, 5.255
[16:45:19] 643.8, 122.4, 5.257
[16:45:20] 643.7, 121.9, 7.302
[16:45:21] 764.6, 122.4, 5.259
[16:45:22] 644.1, 122.4, 5.258
[16:45:23] 644.0, 122.4, 5.256
[16:45:24] 643.9, 122.4, 5.253
[16:45:25] 643.9, 121.7, 7.912
[16:45:26] 791.8, 122.4, 5.260
[16:45:27] 644.1, 122.3, 5.258
[16:45:28] 644.0, 122.4, 5.259
[16:45:29] 644.0, 122.4, 5.262
[16:45:30] 644.0, 122.2, 5.260
[16:45:31] 784.1, 122.3, 5.788
[16:45:32] 755.0, 122.4, 5.262
[16:45:33] 644.1, 122.3, 5.263
[16:45:34] 644.0, 122.3, 5.262
[16:45:35] 644.0, 122.3, 5.259
[16:45:36] 643.9, 121.7, 8.023
[16:45:37] 927.6, 121.8, 7.329
[16:45:38] 819.1, 122.5, 5.264
[16:45:39] 644.9, 122.4, 5.261
[16:45:40] 644.8, 122.5, 5.259
[16:45:41] 644.7, 122.4, 5.260
[16:45:42] 644.7, 121.8, 7.899
[16:45:43] 879.2, 121.6, 8.050
[16:45:44] 980.3, 121.6, 8.058
[16:45:45] 896.5, 122.4, 5.272
[16:45:46] 646.1, 122.3, 5.266
[16:45:47] 645.9, 122.4, 5.263
[16:45:48] 645.8, 122.3, 5.260
[16:45:49] 645.7, 122.4, 5.255
[16:45:50] 784.3, 121.8, 8.045
[16:45:51] 980.7, 121.6, 8.058
[16:45:52] 980.8, 121.7, 8.064
[16:45:53] 981.1, 121.7, 8.066
[16:45:54] 981.4, 122.4, 5.925
[16:45:55] 761.1, 122.4, 5.273
[16:45:56] 645.7, 122.4, 5.263
[16:45:57] 645.5, 122.5, 5.261
[16:45:58] 645.4, 122.4, 5.260
[16:45:59] 645.2, 121.7, 8.020
[16:46:00] 933.1, 121.6, 8.057
[16:46:01] 981.9, 121.7, 8.069
[16:46:02] 982.0, 121.6, 8.078
[16:46:03] 982.2, 121.6, 8.085
[16:46:04] 982.6, 121.6, 8.089
[16:46:05] 982.9, 121.5, 8.096
[16:46:06] 983.2, 121.6, 8.100
[16:46:07] 983.6, 121.7, 8.099
[16:46:08] 984.0, 121.8, 7.371
[16:46:09] 825.0, 122.3, 5.287
[16:46:10] 647.3, 122.4, 5.278
[16:46:11] 647.1, 122.4, 5.275
[16:46:12] 646.9, 122.3, 5.268
[16:46:13] 646.7, 121.6, 7.976
[16:46:14] 894.1, 121.7, 8.069
[16:46:15] 983.1, 121.5, 8.087
[16:46:16] 983.2, 121.5, 8.089
[16:46:17] 983.4, 121.5, 8.093
[16:46:18] 983.7, 121.7, 8.098
[16:46:19] 984.0, 121.6, 8.099
[16:46:20] 984.3, 121.6, 8.102
[16:46:21] 984.7, 121.5, 8.101
[16:46:22] 985.0, 121.6, 8.112
[16:46:23] 985.3, 121.6, 8.115
[16:46:24] 985.7, 121.5, 8.116
[16:46:25] 986.0, 121.5, 8.115
[16:46:26] 986.3, 121.6, 8.121
[16:46:27] 986.6, 121.6, 8.119
[16:46:28] 986.8, 121.5, 8.115
[16:46:29] 987.0, 121.7, 8.113
[16:46:30] 987.3, 121.7, 8.114
[16:46:31] 987.5, 122.1, 7.298
[16:46:32] 814.4, 122.4, 5.290
[16:46:33] 647.7, 122.5, 5.285
[16:46:34] 647.6, 122.4, 5.277
[16:46:35] 647.4, 122.4, 5.275
<<<[16:48:43] 647.3, 122.5, 5.265
[16:48:44] 647.1, 122.5, 5.264
[16:48:45] 646.9, 122.4, 5.400
[16:48:46] 663.4, 122.4, 5.480
[16:48:47] 668.9, 122.5, 5.433
[16:48:48] 668.6, 122.3, 5.480
[16:48:49] 668.7, 122.4, 5.459
[16:48:50] 668.6, 122.4, 5.394
[16:48:51] 668.3, 122.4, 5.380
[16:48:52] 663.0, 122.5, 5.443
[16:48:53] 663.2, 122.3, 5.511
[16:48:54] 663.5, 122.3, 5.484
[16:48:55] 663.6, 122.4, 5.544
[16:48:56] 670.3, 122.4, 5.401
[16:48:57] 664.0, 122.3, 5.401
[16:48:58] 664.2, 122.5, 5.407
[16:48:59] 664.1, 122.5, 5.407
[16:49:00] 664.2, 122.3, 5.486
[16:49:01] 673.5, 122.4, 5.408
[16:49:02] 659.7, 122.5, 5.261
[16:49:03] 645.3, 122.5, 5.263
[16:49:04] 645.2, 122.4, 5.264
[16:49:05] 645.2, 122.4, 5.266
[16:49:06] 645.3, 121.9, 6.405
[16:49:07] 742.4, 122.4, 5.265
[16:49:08] 645.5, 122.4, 5.260
[16:49:09] 645.4, 122.5, 5.259
[16:49:10] 645.3, 122.4, 5.260
[16:49:11] 645.2, 122.1, 6.074
[16:49:12] 736.3, 122.4, 5.263
[16:49:13] 644.9, 122.4, 5.262
[16:49:14] 644.9, 122.5, 5.260
[16:49:15] 644.8, 122.4, 5.259
[16:49:16] 644.8, 122.1, 5.621
[16:49:17] 733.1, 122.4, 5.260
[16:49:18] 644.9, 122.4, 5.260
[16:49:19] 644.8, 122.5, 5.260
[16:49:20] 644.8, 122.5, 5.255
[16:49:21] 644.8, 122.4, 5.256
[16:49:22] 727.2, 122.4, 5.261
[16:49:23] 644.9, 122.5, 5.257
[16:49:24] 644.8, 122.5, 5.255
[16:49:25] 644.8, 122.4, 5.258
[16:49:26] 644.7, 122.4, 5.256
[16:49:27] 747.9, 122.5, 5.267
[16:49:28] 662.8, 122.5, 5.256
[16:49:29] 644.5, 122.4, 5.254
[16:49:30] 644.4, 122.4, 5.254
[16:49:31] 644.4, 122.4, 5.257
[16:49:32] 719.5, 122.5, 5.369
[16:49:33] 719.3, 122.5, 5.257
[16:49:34] 644.7, 122.5, 5.255
[16:49:35] 644.6, 122.4, 5.253
[16:49:36] 644.6, 122.5, 5.255
[16:49:37] 644.5, 121.9, 8.031
[16:49:38] 896.3, 122.5, 5.259
[16:49:39] 644.9, 122.5, 5.255
[16:49:40] 644.8, 122.5, 5.255
[16:49:41] 644.8, 122.4, 5.254
[16:49:42] 644.7, 122.4, 5.251
[16:49:43] 766.2, 121.8, 8.043
[16:49:44] 961.1, 122.4, 5.276
[16:49:45] 666.6, 122.5, 5.260
[16:49:46] 645.3, 122.5, 5.256
[16:49:47] 645.2, 122.4, 5.256
[16:49:48] 645.1, 122.5, 5.254
[16:49:49] 719.7, 121.8, 8.047
[16:49:50] 981.7, 121.7, 8.060
[16:49:51] 981.8, 122.5, 5.408
[16:49:52] 722.7, 122.5, 5.267
[16:49:53] 646.1, 122.4, 5.266
[16:49:54] 646.0, 122.4, 5.261
[16:49:55] 645.9, 122.5, 5.259
[16:49:56] 645.8, 121.7, 8.038
[16:49:57] 963.4, 121.8, 8.070
[16:49:58] 983.9, 121.8, 8.079
[16:49:59] 984.1, 121.7, 8.086
[16:50:00] 984.3, 121.7, 8.095
[16:50:01] 923.5, 122.5, 5.286
[16:50:02] 647.7, 122.5, 5.271
[16:50:03] 647.5, 122.4, 5.268
[16:50:04] 647.3, 122.4, 5.263
[16:50:05] 647.1, 122.4, 5.261
[16:50:06] 785.3, 121.8, 8.067
[16:50:07] 983.7, 121.7, 8.082
[16:50:08] 983.9, 121.7, 8.085
[16:50:09] 984.2, 121.8, 8.098
[16:50:10] 984.7, 121.8, 8.102
[16:50:11] 985.1, 121.7, 8.108
[16:50:12] 985.6, 121.7, 8.109
[16:50:13] 986.0, 121.8, 8.113
[16:50:14] 986.5, 121.8, 8.109
[16:50:15] 929.0, 122.5, 5.286
[16:50:16] 648.5, 122.5, 5.278
[16:50:17] 648.3, 122.4, 5.271
[16:50:18] 648.1, 122.4, 5.271
[16:50:19] 647.8, 122.3, 5.278
[16:50:20] 776.8, 121.7, 8.081
[16:50:21] 984.9, 121.7, 8.091
[16:50:22] 985.0, 121.6, 8.106
[16:50:23] 985.4, 121.7, 8.109
[16:50:24] 985.8, 121.7, 8.119
[16:50:25] 986.3, 121.5, 8.130
[16:50:26] 986.8, 121.5, 8.131
[16:50:27] 987.2, 121.6, 8.133
[16:50:28] 987.6, 121.6, 8.134
[16:50:29] 987.9, 121.5, 8.134
[16:50:30] 988.3, 121.6, 8.135
[16:50:31] 988.6, 121.7, 8.137
[16:50:32] 989.0, 121.6, 8.133
[16:50:33] 989.2, 121.6, 8.129
[16:50:34] 989.3, 121.7, 8.132
[16:50:35] 989.5, 121.6, 8.135
[16:50:36] 989.8, 121.6, 8.132
[16:50:37] 989.9, 121.6, 8.139
[16:50:38] 879.6, 122.4, 5.301
[16:50:39] 649.5, 122.4, 5.290
[16:50:40] 649.3, 122.4, 5.287
[16:50:41] 649.1, 122.5, 5.278
<<<[16:50:56] 647.0, 122.4, 5.262
[16:50:57] 646.8, 122.5, 5.264
[16:50:58] 646.6, 122.4, 5.322
[16:50:59] 657.5, 122.4, 5.396
[16:51:00] 668.2, 122.3, 5.486
[16:51:01] 668.2, 122.3, 5.461
[16:51:02] 668.1, 122.4, 5.391
[16:51:03] 667.9, 122.3, 5.500
[16:51:04] 668.0, 122.5, 5.390
[16:51:05] 667.6, 122.5, 5.408
[16:51:06] 667.4, 122.6, 5.400
[16:51:07] 667.3, 122.4, 5.405
[16:51:08] 667.0, 122.5, 5.399
[16:51:09] 667.5, 122.4, 5.423
[16:51:10] 667.3, 122.5, 5.414
[16:51:11] 666.9, 122.5, 5.397
[16:51:12] 666.7, 122.5, 5.396
[16:51:13] 666.4, 122.4, 5.530
[16:51:14] 675.6, 122.4, 5.425
[16:51:15] 662.1, 122.4, 5.340
[16:51:16] 654.6, 122.5, 5.279
[16:51:17] 649.1, 122.5, 5.265
[16:51:18] 648.6, 122.5, 5.264
[16:51:19] 648.2, 122.5, 5.264
[16:51:20] 722.7, 122.4, 5.271
[16:51:21] 664.4, 122.4, 5.260
[16:51:22] 645.3, 122.4, 5.258
[16:51:23] 645.2, 122.4, 5.259
[16:51:24] 645.2, 122.4, 5.255
[16:51:25] 717.4, 122.5, 5.271
[16:51:26] 665.2, 122.4, 5.262
[16:51:27] 645.1, 122.5, 5.261
[16:51:28] 645.1, 122.4, 5.259
[16:51:29] 645.0, 122.4, 5.259
[16:51:30] 713.4, 122.4, 5.273
[16:51:31] 666.0, 122.5, 5.259
[16:51:32] 644.9, 122.5, 5.260
[16:51:33] 644.9, 122.5, 5.259
[16:51:34] 644.8, 122.4, 5.258
[16:51:35] 707.3, 122.4, 5.272
[16:51:36] 666.8, 122.4, 5.262
[16:51:37] 644.9, 122.5, 5.256
[16:51:38] 644.8, 122.4, 5.259
[16:51:39] 644.8, 122.4, 5.262
[16:51:40] 695.3, 122.3, 5.404
[16:51:41] 717.2, 122.4, 5.263
[16:51:42] 645.1, 122.5, 5.260
[16:51:43] 645.0, 122.5, 5.261
[16:51:44] 645.0, 122.4, 5.259
[16:51:45] 645.3, 122.1, 6.856
[16:51:46] 792.8, 122.4, 5.264
[16:51:47] 645.1, 122.4, 5.260
[16:51:48] 645.0, 122.4, 5.259
[16:51:49] 644.9, 122.4, 5.258
[16:51:50] 644.9, 121.8, 7.946
[16:51:51] 873.7, 122.5, 5.278
[16:51:52] 670.1, 122.4, 5.262
[16:51:53] 645.1, 122.4, 5.260
[16:51:54] 645.0, 122.5, 5.259
[16:51:55] 645.0, 122.5, 5.258
[16:51:56] 696.7, 121.8, 8.051
[16:51:57] 979.2, 122.4, 5.432
[16:51:58] 721.1, 122.4, 5.263
[16:51:59] 645.3, 122.4, 5.265
[16:52:00] 645.4, 122.4, 5.263
[16:52:01] 645.4, 122.4, 5.263
[16:52:02] 654.2, 121.7, 8.051
[16:52:03] 982.7, 121.8, 8.062
[16:52:04] 982.8, 122.2, 7.032
[16:52:05] 792.8, 122.5, 5.273
[16:52:06] 646.3, 122.4, 5.267
[16:52:07] 646.2, 122.5, 5.260
[16:52:08] 646.0, 122.5, 5.262
[16:52:09] 646.1, 121.8, 7.994
[16:52:10] 906.1, 121.7, 8.058
[16:52:11] 983.5, 121.9, 8.067
[16:52:12] 983.6, 121.8, 8.079
[16:52:13] 983.9, 121.9, 8.081
[16:52:14] 961.1, 122.5, 5.291
[16:52:15] 675.6, 122.5, 5.274
[16:52:16] 647.7, 122.5, 5.270
[16:52:17] 647.6, 122.5, 5.267
[16:52:18] 647.5, 122.5, 5.266
[16:52:19] 739.8, 121.7, 8.055
[16:52:20] 983.1, 121.9, 8.068
[16:52:21] 983.3, 121.8, 8.082
[16:52:22] 983.7, 121.8, 8.087
[16:52:23] 984.1, 121.8, 8.092
[16:52:24] 984.5, 121.8, 8.103
[16:52:25] 985.0, 121.8, 8.100
[16:52:26] 985.4, 121.7, 8.105
[16:52:27] 985.8, 121.7, 8.112
[16:52:28] 943.1, 122.5, 5.292
[16:52:29] 648.5, 122.5, 5.280
[16:52:30] 648.3, 122.3, 5.277
[16:52:31] 648.1, 122.4, 5.270
[16:52:32] 647.9, 122.4, 5.271
[16:52:33] 741.8, 121.8, 8.067
[16:52:34] 984.1, 121.7, 8.084
[16:52:35] 984.3, 121.7, 8.090
[16:52:36] 984.6, 121.8, 8.099
[16:52:37] 984.9, 121.7, 8.109
[16:52:38] 985.4, 121.7, 8.112
[16:52:39] 985.8, 121.6, 8.116
[16:52:40] 986.2, 121.7, 8.115
[16:52:41] 986.7, 121.8, 8.114
[16:52:42] 987.0, 121.8, 8.117
[16:52:43] 987.3, 121.6, 8.117
[16:52:44] 987.6, 121.6, 8.120
[16:52:45] 987.9, 121.7, 8.116
[16:52:46] 988.1, 121.7, 8.115
[16:52:47] 988.3, 121.8, 8.116
[16:52:48] 988.5, 121.8, 8.122
[16:52:49] 988.7, 121.7, 8.119
[16:52:50] 988.8, 121.7, 8.123
[16:52:51] 890.2, 122.4, 5.295
[16:52:52] 649.3, 122.4, 5.286
[16:52:53] 649.1, 122.4, 5.283
[16:52:54] 648.9, 122.5, 5.277
<<<[16:53:10] 645.8, 122.4, 5.260
[16:53:11] 645.6, 122.5, 5.257
[16:53:12] 645.5, 122.4, 5.477
[16:53:13] 666.4, 122.5, 5.387
[16:53:14] 666.3, 122.4, 5.502
[16:53:15] 666.4, 122.5, 5.403
[16:53:16] 666.3, 122.4, 5.416
[16:53:17] 666.4, 122.5, 5.455
[16:53:18] 666.1, 122.5, 5.454
[16:53:19] 665.8, 122.5, 5.410
[16:53:20] 665.5, 122.5, 5.425
[16:53:21] 665.6, 122.5, 5.398
[16:53:22] 665.4, 122.4, 5.516
[16:53:23] 666.0, 122.4, 5.439
[16:53:24] 665.7, 122.4, 5.418
[16:53:25] 665.7, 122.4, 5.396
[16:53:26] 665.4, 122.4, 5.395
[16:53:27] 665.8, 122.4, 5.534
[16:53:28] 666.4, 122.4, 5.282
[16:53:29] 651.8, 122.5, 5.260
[16:53:30] 645.1, 122.4, 5.267
[16:53:31] 645.1, 122.4, 5.264
[16:53:32] 645.1, 122.5, 5.260
[16:53:33] 645.0, 121.9, 7.224
[16:53:34] 741.4, 122.4, 5.264
[16:53:35] 645.1, 122.4, 5.258
[16:53:36] 645.1, 122.4, 5.254
[16:53:37] 645.0, 122.4, 5.256
[16:53:38] 644.9, 121.9, 7.207
[16:53:39] 735.1, 122.3, 5.260
[16:53:40] 644.9, 122.3, 5.260
[16:53:41] 644.8, 122.3, 5.258
[16:53:42] 644.7, 122.3, 5.262
[16:53:43] 644.7, 121.8, 7.212
[16:53:44] 732.7, 122.4, 5.257
[16:53:45] 644.1, 122.4, 5.256
[16:53:46] 644.1, 122.3, 5.266
[16:53:47] 644.2, 122.4, 5.270
[16:53:48] 644.4, 122.0, 7.237
[16:53:49] 727.8, 122.4, 5.254
[16:53:50] 644.1, 122.4, 5.259
[16:53:51] 644.1, 122.5, 5.252
[16:53:52] 644.1, 122.5, 5.252
[16:53:53] 644.1, 121.9, 7.376
[16:53:54] 764.6, 122.4, 5.264
[16:53:55] 644.5, 122.5, 5.254
[16:53:56] 644.4, 122.4, 5.259
[16:53:57] 644.4, 122.4, 5.255
[16:53:58] 644.4, 122.4, 5.260
[16:53:59] 779.0, 122.4, 5.267
[16:54:00] 660.3, 122.4, 5.261
[16:54:01] 644.7, 122.4, 5.254
[16:54:02] 644.6, 122.4, 5.263
[16:54:03] 644.5, 122.4, 5.256
[16:54:04] 697.1, 121.9, 7.463
[16:54:05] 845.1, 122.4, 5.261
[16:54:06] 644.7, 122.3, 5.262
[16:54:07] 644.6, 122.3, 5.260
[16:54:08] 644.6, 122.3, 5.258
[16:54:09] 644.5, 121.7, 7.538
[16:54:10] 846.3, 121.7, 7.954
[16:54:11] 905.2, 122.4, 5.265
[16:54:12] 645.3, 122.4, 5.263
[16:54:13] 645.2, 122.5, 5.254
[16:54:14] 645.1, 122.5, 5.260
[16:54:15] 644.9, 122.2, 5.666
[16:54:16] 807.7, 121.8, 8.057
[16:54:17] 982.5, 121.7, 8.069
[16:54:18] 959.7, 122.3, 5.287
[16:54:19] 664.0, 122.3, 5.264
[16:54:20] 645.1, 122.3, 5.261
[16:54:21] 645.0, 122.4, 5.256
[16:54:22] 644.9, 122.4, 5.256
[16:54:23] 730.9, 121.8, 8.053
[16:54:24] 982.3, 121.8, 8.066
[16:54:25] 982.5, 121.8, 8.078
[16:54:26] 982.8, 121.8, 8.080
[16:54:27] 983.1, 122.4, 6.578
[16:54:28] 782.3, 122.4, 5.271
[16:54:29] 646.3, 122.5, 5.261
[16:54:30] 646.1, 122.4, 5.266
[16:54:31] 646.0, 122.5, 5.256
[16:54:32] 645.8, 121.8, 8.022
[16:54:33] 917.2, 121.9, 8.061
[16:54:34] 983.5, 121.8, 8.073
[16:54:35] 983.6, 121.8, 8.080
[16:54:36] 983.9, 121.8, 8.078
[16:54:37] 984.2, 121.9, 8.083
[16:54:38] 984.5, 121.8, 8.091
[16:54:39] 984.9, 121.7, 8.096
[16:54:40] 985.2, 121.8, 8.099
[16:54:41] 985.6, 122.2, 6.664
[16:54:42] 776.2, 122.4, 5.292
[16:54:43] 647.1, 122.4, 5.274
[16:54:44] 647.0, 122.4, 5.272
[16:54:45] 646.8, 122.4, 5.266
[16:54:46] 646.6, 121.7, 8.052
[16:54:47] 952.4, 121.7, 8.076
[16:54:48] 985.1, 121.7, 8.086
[16:54:49] 985.1, 121.7, 8.088
[16:54:50] 985.3, 121.7, 8.094
[16:54:51] 985.6, 121.8, 8.099
[16:54:52] 985.9, 121.7, 8.099
[16:54:53] 986.1, 121.7, 8.102
[16:54:54] 986.4, 121.7, 8.111
[16:54:55] 986.7, 121.8, 8.113
[16:54:56] 987.0, 121.7, 8.107
[16:54:57] 987.3, 121.7, 8.114
[16:54:58] 987.6, 121.8, 8.117
[16:54:59] 987.9, 121.7, 8.118
[16:55:00] 988.1, 121.6, 8.121
[16:55:01] 988.4, 121.6, 8.121
[16:55:02] 988.6, 121.7, 8.096
[16:55:03] 988.7, 121.7, 8.118
[16:55:04] 952.2, 122.4, 5.297
[16:55:05] 649.9, 122.5, 5.290
[16:55:06] 649.7, 122.5, 5.284
[16:55:07] 649.3, 122.5, 5.286
<<<[16:55:23] 644.7, 122.3, 5.282
[16:55:24] 644.8, 122.4, 5.286
[16:55:25] 644.9, 122.3, 5.390
[16:55:26] 662.3, 122.3, 5.461
[16:55:27] 662.7, 122.4, 5.434
[16:55:28] 663.0, 122.3, 5.469
[16:55:29] 663.5, 122.3, 5.419
[16:55:30] 663.6, 122.3, 5.404
[16:55:31] 663.8, 122.4, 5.380
[16:55:32] 663.6, 122.4, 5.439
[16:55:33] 663.6, 122.2, 5.480
[16:55:34] 663.8, 122.2, 5.421
[16:55:35] 663.7, 122.3, 5.469
[16:55:36] 670.1, 122.4, 5.427
[16:55:37] 663.4, 122.3, 5.426
[16:55:38] 663.2, 122.2, 5.405
[16:55:39] 663.4, 122.3, 5.394
[16:55:40] 663.3, 122.3, 5.530
[16:55:41] 672.5, 122.4, 5.419
[16:55:42] 662.6, 122.4, 5.268
[16:55:43] 644.7, 122.3, 5.256
[16:55:44] 644.6, 122.4, 5.256
[16:55:45] 644.5, 122.3, 5.256
[16:55:46] 644.4, 122.3, 5.270
[16:55:47] 687.4, 122.4, 5.308
[16:55:48] 697.5, 122.3, 5.260
[16:55:49] 643.9, 122.2, 5.257
[16:55:50] 643.8, 122.3, 5.268
[16:55:51] 643.8, 122.3, 5.255
[16:55:52] 683.9, 122.3, 5.310
[16:55:53] 698.3, 122.3, 5.255
[16:55:54] 643.9, 122.3, 5.276
[16:55:55] 643.9, 122.4, 5.255
[16:55:56] 643.8, 122.4, 5.254
[16:55:57] 680.4, 122.3, 5.307
[16:55:58] 699.1, 122.2, 5.265
[16:55:59] 643.9, 122.4, 5.253
[16:56:00] 643.9, 122.4, 5.254
[16:56:01] 643.8, 122.4, 5.248
[16:56:02] 673.3, 122.3, 5.325
[16:56:03] 700.2, 122.5, 5.253
[16:56:04] 643.6, 122.4, 5.249
[16:56:05] 643.6, 122.4, 5.247
[16:56:06] 643.5, 122.5, 5.263
[16:56:07] 649.1, 122.4, 6.057
[16:56:08] 762.4, 122.4, 5.249
[16:56:09] 643.6, 122.4, 5.246
[16:56:10] 643.6, 122.5, 5.261
[16:56:11] 643.5, 122.4, 5.250
[16:56:12] 643.5, 121.9, 7.472
[16:56:13] 794.9, 122.4, 5.253
[16:56:14] 643.6, 122.5, 5.256
[16:56:15] 643.6, 122.5, 5.272
[16:56:16] 643.7, 122.4, 5.274
[16:56:17] 643.8, 121.7, 7.408
[16:56:18] 838.8, 122.3, 5.340
[16:56:19] 703.2, 122.4, 5.254
[16:56:20] 643.9, 122.4, 5.251
[16:56:21] 643.8, 122.3, 5.250
[16:56:22] 643.7, 122.3, 5.263
[16:56:23] 644.2, 121.7, 8.029
[16:56:24] 980.3, 122.3, 6.183
[16:56:25] 765.0, 122.5, 5.253
[16:56:26] 644.1, 122.5, 5.265
[16:56:27] 644.0, 122.4, 5.251
[16:56:28] 644.0, 122.4, 5.249
[16:56:29] 643.9, 121.7, 8.018
[16:56:30] 938.0, 121.8, 8.045
[16:56:31] 980.7, 122.0, 7.466
[16:56:32] 841.2, 122.5, 5.291
[16:56:33] 646.5, 122.4, 5.283
[16:56:34] 646.4, 122.4, 5.281
[16:56:35] 646.1, 122.5, 5.278
[16:56:36] 646.0, 121.8, 7.557
[16:56:37] 846.7, 121.7, 8.038
[16:56:38] 980.3, 121.7, 8.048
[16:56:39] 980.4, 121.8, 8.057
[16:56:40] 980.7, 121.8, 8.064
[16:56:41] 980.3, 122.4, 5.354
[16:56:42] 709.5, 122.4, 5.284
[16:56:43] 645.9, 122.5, 5.261
[16:56:44] 645.7, 122.5, 5.254
[16:56:45] 645.5, 122.4, 5.251
[16:56:46] 665.0, 121.7, 8.034
[16:56:47] 980.1, 121.8, 8.045
[16:56:48] 980.2, 121.8, 8.061
[16:56:49] 980.6, 121.8, 8.059
[16:56:50] 981.0, 121.7, 8.066
[16:56:51] 981.3, 121.8, 8.077
[16:56:52] 981.8, 121.8, 8.079
[16:56:53] 982.2, 121.7, 8.078
[16:56:54] 982.6, 121.7, 8.084
[16:56:55] 983.0, 122.4, 5.370
[16:56:56] 713.0, 122.5, 5.272
[16:56:57] 646.3, 122.5, 5.264
[16:56:58] 646.2, 122.4, 5.275
[16:56:59] 646.0, 122.4, 5.257
[16:57:00] 645.8, 121.7, 8.042
[16:57:01] 975.8, 121.8, 8.055
[16:57:02] 982.7, 121.8, 8.064
[16:57:03] 982.7, 121.7, 8.075
[16:57:04] 983.0, 121.7, 8.077
[16:57:05] 983.2, 121.7, 8.082
[16:57:06] 983.5, 121.7, 8.087
[16:57:07] 983.8, 121.7, 8.089
[16:57:08] 984.0, 121.8, 8.089
[16:57:09] 984.3, 121.8, 8.091
[16:57:10] 984.6, 121.7, 8.091
[16:57:11] 984.9, 121.7, 8.090
[16:57:12] 985.1, 121.7, 8.102
[16:57:13] 985.4, 121.7, 8.098
[16:57:14] 985.6, 121.6, 8.101
[16:57:15] 985.8, 121.7, 8.100
[16:57:16] 986.0, 121.7, 8.099
[16:57:17] 986.2, 121.7, 8.103
[16:57:18] 986.4, 122.3, 5.347
[16:57:19] 707.3, 122.4, 5.280
[16:57:20] 646.9, 122.4, 5.274
[16:57:21] 646.8, 122.4, 5.267
[16:57:22] 646.6, 122.3, 5.285
