<<<[02:03:42] 646.5, 125.2, 5.161
[02:03:43] 646.1, 125.1, 5.163
[02:03:44] 645.9, 125.0, 5.300
[02:03:45] 661.5, 125.1, 5.282
[02:03:46] 661.0, 125.0, 5.241
[02:03:47] 653.0, 125.1, 5.175
[02:03:48] 647.7, 125.2, 5.162
[02:03:49] 647.2, 125.1, 5.168
[02:03:50] 646.8, 125.2, 5.162
[02:03:51] 711.5, 125.2, 5.174
[02:03:52] 671.7, 125.1, 5.164
[02:03:53] 643.7, 125.1, 5.161
[02:03:54] 643.6, 125.2, 5.158
[02:03:55] 643.6, 125.1, 5.161
[02:03:56] 705.4, 125.1, 5.179
[02:03:57] 672.9, 125.2, 5.136
[02:03:58] 643.2, 125.1, 5.158
[02:03:59] 643.2, 125.0, 5.159
[02:04:00] 643.3, 125.2, 5.161
[02:04:01] 703.4, 125.2, 5.171
[02:04:02] 673.5, 125.1, 5.157
[02:04:03] 643.4, 125.1, 5.159
[02:04:04] 643.4, 125.2, 5.158
[02:04:05] 643.4, 125.1, 5.159
[02:04:06] 701.8, 125.1, 5.173
[02:04:07] 674.5, 125.2, 5.157
[02:04:08] 643.6, 125.1, 5.159
[02:04:09] 643.6, 125.1, 5.164
[02:04:10] 643.5, 125.2, 5.153
[02:04:11] 700.2, 125.1, 5.172
[02:04:12] 675.6, 125.2, 5.159
[02:04:13] 643.2, 125.2, 5.134
[02:04:14] 643.1, 125.1, 5.155
[02:04:15] 643.1, 125.1, 5.157
[02:04:16] 697.7, 125.0, 5.179
[02:04:17] 677.0, 125.2, 5.159
[02:04:18] 643.4, 125.1, 5.157
[02:04:19] 643.3, 125.1, 5.153
[02:04:20] 643.3, 125.1, 5.156
[02:04:21] 694.3, 125.1, 5.177
[02:04:22] 678.2, 125.2, 5.161
[02:04:23] 643.2, 125.2, 5.151
[02:04:24] 643.1, 125.2, 5.154
[02:04:25] 643.1, 125.1, 5.157
[02:04:26] 689.0, 125.2, 5.175
[02:04:27] 678.8, 125.1, 5.154
[02:04:28] 643.2, 125.2, 5.157
[02:04:29] 643.1, 125.2, 5.130
[02:04:30] 643.0, 125.1, 5.151
[02:04:31] 680.2, 125.2, 5.175
[02:04:32] 680.2, 125.1, 5.155
[02:04:33] 643.0, 125.2, 5.154
[02:04:34] 643.0, 125.1, 5.155
[02:04:35] 642.9, 125.1, 5.150
[02:04:36] 658.3, 125.2, 5.463
[02:04:37] 736.5, 125.1, 5.157
[02:04:38] 643.2, 125.1, 5.154
[02:04:39] 643.1, 125.2, 5.149
[02:04:40] 643.1, 125.1, 5.150
[02:04:41] 643.0, 124.6, 7.208
[02:04:42] 820.5, 125.2, 5.163
[02:04:43] 643.0, 125.1, 5.155
[02:04:44] 643.0, 125.1, 5.150
[02:04:45] 642.9, 125.2, 5.130
[02:04:46] 642.8, 124.6, 6.960
[02:04:47] 816.2, 125.0, 5.530
[02:04:48] 736.3, 125.2, 5.158
[02:04:49] 643.2, 125.1, 5.159
[02:04:50] 643.1, 125.1, 5.156
[02:04:51] 643.2, 125.1, 5.156
[02:04:52] 643.1, 124.6, 7.535
[02:04:53] 929.6, 124.6, 7.143
[02:04:54] 799.6, 125.2, 5.166
[02:04:55] 643.9, 125.2, 5.161
[02:04:56] 643.8, 125.1, 5.161
[02:04:57] 643.8, 125.2, 5.161
[02:04:58] 643.7, 124.5, 7.487
[02:04:59] 863.2, 124.5, 7.576
[02:05:00] 944.5, 124.5, 7.591
[02:05:01] 927.4, 125.0, 5.156
[02:05:02] 644.5, 125.1, 5.170
[02:05:03] 644.5, 125.1, 5.164
[02:05:04] 644.4, 125.1, 5.165
[02:05:05] 644.3, 125.0, 5.160
[02:05:06] 729.4, 124.5, 7.569
[02:05:07] 943.7, 124.6, 7.584
[02:05:08] 943.9, 124.5, 7.600
[02:05:09] 944.3, 124.5, 7.603
[02:05:10] 944.8, 124.4, 7.607
[02:05:11] 925.8, 125.1, 5.191
[02:05:12] 646.9, 125.1, 5.181
[02:05:13] 646.7, 125.1, 5.166
[02:05:14] 646.5, 125.1, 5.165
[02:05:15] 646.2, 125.2, 5.166
[02:05:16] 760.7, 124.6, 7.570
[02:05:17] 944.7, 124.5, 7.589
[02:05:18] 944.9, 124.6, 7.599
[02:05:19] 945.3, 124.6, 7.604
[02:05:20] 945.7, 124.5, 7.609
[02:05:21] 946.2, 124.5, 7.614
[02:05:22] 946.6, 124.6, 7.616
[02:05:23] 947.0, 124.6, 7.621
[02:05:24] 947.5, 124.5, 7.626
[02:05:25] 948.0, 124.7, 7.251
[02:05:26] 817.0, 125.2, 5.189
[02:05:27] 647.7, 125.2, 5.183
[02:05:28] 647.5, 125.2, 5.177
[02:05:29] 647.4, 125.1, 5.173
[02:05:30] 647.1, 124.6, 7.253
[02:05:31] 832.9, 124.6, 7.593
[02:05:32] 947.3, 124.5, 7.611
[02:05:33] 947.5, 124.6, 7.612
[02:05:34] 947.7, 124.4, 7.626
[02:05:35] 948.1, 124.5, 7.636
[02:05:36] 948.4, 124.5, 7.631
[02:05:37] 948.9, 124.5, 7.632
[02:05:38] 949.2, 124.6, 7.631
[02:05:39] 949.5, 124.5, 7.639
[02:05:40] 949.8, 124.5, 7.637
[02:05:41] 950.1, 124.6, 7.639
[02:05:42] 950.4, 124.5, 7.638
[02:05:43] 950.6, 124.5, 7.637
[02:05:44] 950.8, 124.6, 7.635
[02:05:45] 951.0, 124.5, 7.639
[02:05:46] 951.1, 124.5, 7.633
[02:05:47] 951.2, 124.6, 7.634
[02:05:48] 951.3, 124.6, 7.637
[02:05:49] 951.4, 124.5, 7.636
[02:05:50] 930.2, 125.1, 5.190
[02:05:51] 649.5, 125.2, 5.198
[02:05:52] 649.2, 125.1, 5.187
[02:05:53] 649.0, 125.1, 5.187
