<<<[18:48:00] 645.1, 123.7, 5.193
[18:48:01] 644.8, 123.7, 5.197
[18:48:02] 644.6, 123.6, 5.367
[18:48:03] 659.1, 123.6, 5.343
[18:48:04] 659.4, 123.6, 5.336
[18:48:05] 659.6, 123.6, 5.364
[18:48:06] 660.0, 123.6, 5.374
[18:48:07] 660.3, 123.6, 5.343
[18:48:08] 660.5, 123.5, 5.348
[18:48:09] 660.6, 123.6, 5.383
[18:48:10] 660.8, 123.6, 5.345
[18:48:11] 660.9, 123.6, 5.335
[18:48:12] 660.8, 123.6, 5.348
[18:48:13] 661.0, 123.6, 5.338
[18:48:14] 661.2, 123.5, 5.346
[18:48:15] 661.1, 123.5, 5.356
[18:48:16] 661.6, 123.6, 5.333
[18:48:17] 661.8, 123.6, 5.327
[18:48:18] 661.5, 123.7, 5.445
[18:48:19] 669.9, 123.7, 5.341
[18:48:20] 661.9, 123.7, 5.318
[18:48:21] 661.8, 123.7, 5.373
[18:48:22] 661.5, 123.6, 5.445
[18:48:23] 662.0, 123.6, 5.329
[18:48:24] 661.7, 123.7, 5.319
[18:48:25] 661.8, 123.7, 5.325
[18:48:26] 662.1, 123.7, 5.450
[18:48:27] 670.7, 123.7, 5.382
[18:48:28] 664.6, 123.8, 5.338
[18:48:29] 664.1, 123.8, 5.196
[18:48:30] 647.3, 123.8, 5.190
[18:48:31] 646.7, 123.9, 5.190
[18:48:32] 646.2, 123.8, 5.192
[18:48:33] 645.8, 123.8, 5.189
[18:48:34] 645.4, 123.3, 7.096
[18:48:35] 738.8, 123.8, 5.190
[18:48:36] 642.8, 123.8, 5.185
[18:48:37] 642.7, 123.8, 5.187
[18:48:38] 642.6, 123.8, 5.184
[18:48:39] 642.5, 123.3, 7.093
[18:48:40] 735.9, 123.8, 5.190
[18:48:41] 642.6, 123.8, 5.184
[18:48:42] 642.5, 123.7, 5.189
[18:48:43] 642.4, 123.7, 5.187
[18:48:44] 642.4, 123.1, 7.093
[18:48:45] 730.9, 123.6, 5.192
[18:48:46] 642.2, 123.6, 5.189
[18:48:47] 642.1, 123.7, 5.184
[18:48:48] 642.1, 123.7, 5.184
[18:48:49] 642.1, 123.2, 7.220
[18:48:50] 769.3, 123.7, 5.188
[18:48:51] 642.4, 123.6, 5.189
[18:48:52] 642.4, 123.7, 5.187
[18:48:53] 642.3, 123.8, 5.183
[18:48:54] 642.2, 123.8, 5.188
[18:48:55] 772.1, 123.8, 5.207
[18:48:56] 669.5, 123.7, 5.187
[18:48:57] 642.4, 123.7, 5.185
[18:48:58] 642.3, 123.6, 5.184
[18:48:59] 642.3, 123.8, 5.182
[18:49:00] 711.3, 123.4, 7.032
[18:49:01] 789.8, 123.7, 5.200
[18:49:02] 642.6, 123.6, 5.190
[18:49:03] 642.5, 123.6, 5.191
[18:49:04] 642.5, 123.7, 5.187
[18:49:05] 642.5, 123.1, 7.775
[18:49:06] 881.5, 123.4, 7.113
[18:49:07] 788.8, 123.6, 5.195
[18:49:08] 643.2, 123.7, 5.197
[18:49:09] 643.1, 123.8, 5.187
[18:49:10] 643.1, 123.8, 5.182
[18:49:11] 643.0, 123.1, 7.813
[18:49:13] 897.9, 123.0, 7.864
[18:49:14] 968.7, 123.7, 5.434
[18:49:15] 733.9, 123.6, 5.195
[18:49:16] 643.4, 123.8, 5.194
[18:49:17] 643.3, 123.8, 5.190
[18:49:18] 643.3, 123.8, 5.189
[18:49:19] 643.1, 123.1, 7.841
[18:49:20] 934.1, 123.0, 7.872
[18:49:21] 969.5, 123.0, 7.879
[18:49:22] 969.5, 123.0, 7.883
[18:49:23] 960.9, 123.7, 5.230
[18:49:24] 680.6, 123.7, 5.202
[18:49:25] 643.9, 123.7, 5.200
[18:49:26] 643.8, 123.7, 5.195
[18:49:27] 643.8, 123.7, 5.191
[18:49:28] 684.1, 123.1, 7.856
[18:49:29] 968.1, 123.1, 7.870
[18:49:30] 968.3, 123.1, 7.879
[18:49:31] 968.6, 123.1, 7.895
[18:49:32] 969.1, 123.1, 7.900
[18:49:33] 969.6, 123.1, 7.904
[18:49:34] 970.0, 123.0, 7.908
[18:49:35] 970.5, 123.2, 7.400
[18:49:36] 866.2, 123.7, 5.219
[18:49:37] 645.9, 123.7, 5.210
[18:49:38] 645.7, 123.7, 5.214
[18:49:39] 645.6, 123.7, 5.205
[18:49:40] 645.4, 123.1, 7.333
[18:49:41] 836.7, 123.1, 7.875
[18:49:42] 970.3, 123.1, 7.892
[18:49:43] 970.5, 123.1, 7.899
[18:49:44] 970.8, 123.1, 7.905
[18:49:45] 971.1, 123.1, 7.904
[18:49:46] 971.5, 123.1, 7.908
[18:49:47] 971.8, 123.0, 7.920
[18:49:48] 972.1, 123.0, 7.921
[18:49:49] 972.5, 123.0, 7.921
[18:49:50] 972.9, 123.1, 7.923
[18:49:51] 973.2, 123.1, 7.922
[18:49:52] 973.5, 123.1, 7.922
[18:49:53] 973.8, 123.1, 7.929
[18:49:54] 974.1, 123.0, 7.923
[18:49:55] 974.4, 123.6, 6.766
[18:49:56] 800.6, 123.7, 5.225
[18:49:57] 646.5, 123.7, 5.212
[18:49:58] 646.3, 123.8, 5.208
[18:49:59] 646.1, 123.6, 5.207
