<<<[10:59:22] 646.1, 123.7, 5.207
[10:59:23] 645.9, 123.7, 5.217
[10:59:24] 645.8, 123.6, 5.220
[10:59:25] 651.4, 123.6, 5.377
[10:59:26] 666.4, 123.6, 5.382
[10:59:27] 666.3, 123.5, 5.298
[10:59:28] 652.8, 123.6, 5.225
[10:59:29] 645.9, 123.6, 5.213
[10:59:30] 645.9, 123.6, 5.221
[10:59:31] 645.9, 123.6, 5.225
[10:59:32] 645.9, 123.5, 6.108
[10:59:33] 741.8, 123.6, 5.210
[10:59:34] 646.5, 123.5, 5.221
[10:59:35] 646.4, 123.6, 5.221
[10:59:36] 646.4, 123.6, 5.220
[10:59:37] 646.5, 123.4, 6.174
[10:59:38] 737.4, 123.6, 5.217
[10:59:39] 645.1, 123.6, 5.223
[10:59:40] 645.1, 123.7, 5.218
[10:59:41] 645.1, 123.6, 5.213
[10:59:42] 645.2, 123.5, 6.246
[10:59:43] 736.7, 123.6, 5.219
[10:59:44] 645.3, 123.5, 5.221
[10:59:45] 645.3, 123.5, 5.219
[10:59:46] 645.4, 123.6, 5.220
[10:59:47] 645.3, 123.3, 6.320
[10:59:48] 736.5, 123.6, 5.215
[10:59:49] 645.7, 123.6, 5.217
[10:59:50] 645.7, 123.5, 5.220
[10:59:51] 645.6, 123.7, 5.219
[10:59:52] 645.7, 123.4, 6.380
[10:59:53] 736.1, 123.6, 5.219
[10:59:54] 645.9, 123.6, 5.218
[10:59:55] 645.7, 123.6, 5.223
[10:59:56] 645.7, 123.6, 5.210
[10:59:57] 645.7, 123.5, 6.459
[10:59:58] 734.7, 123.6, 5.220
[10:59:59] 645.1, 123.5, 5.211
[11:00:00] 645.1, 123.5, 5.220
[11:00:01] 645.2, 123.5, 5.218
[11:00:02] 645.2, 123.2, 6.546
[11:00:03] 732.5, 123.6, 5.213
[11:00:04] 645.7, 123.5, 5.218
[11:00:05] 645.6, 123.6, 5.218
[11:00:06] 645.7, 123.6, 5.219
[11:00:07] 645.6, 123.5, 6.605
[11:00:08] 728.0, 123.6, 5.221
[11:00:09] 645.7, 123.6, 5.222
[11:00:10] 645.7, 123.7, 5.207
[11:00:11] 645.6, 123.7, 5.215
[11:00:12] 645.5, 123.1, 7.227
[11:00:13] 769.5, 123.6, 5.221
[11:00:14] 645.9, 123.7, 5.208
[11:00:15] 645.7, 123.6, 5.217
[11:00:16] 645.6, 123.6, 5.205
[11:00:17] 645.5, 123.1, 7.596
[11:00:18] 802.6, 123.7, 5.212
[11:00:19] 645.1, 123.6, 5.219
[11:00:20] 645.1, 123.6, 5.220
[11:00:21] 645.1, 123.6, 5.223
[11:00:22] 645.2, 123.3, 5.455
[11:00:23] 791.6, 123.6, 5.237
[11:00:24] 672.5, 123.6, 5.221
[11:00:25] 645.7, 123.5, 5.219
[11:00:26] 645.7, 123.5, 5.212
[11:00:27] 645.5, 123.6, 5.219
[11:00:28] 672.9, 122.9, 7.855
[11:00:29] 922.1, 123.6, 5.220
[11:00:30] 646.5, 123.6, 5.217
[11:00:31] 646.3, 123.6, 5.218
[11:00:32] 646.1, 123.6, 5.214
[11:00:33] 645.9, 123.7, 5.207
[11:00:34] 744.9, 123.0, 7.869
[11:00:35] 968.1, 123.2, 7.200
[11:00:36] 794.3, 123.6, 5.233
[11:00:37] 647.5, 123.5, 5.225
[11:00:38] 647.4, 123.6, 5.225
[11:00:39] 647.2, 123.5, 5.227
[11:00:40] 647.1, 122.9, 7.805
[11:00:41] 892.9, 122.9, 7.882
[11:00:42] 969.9, 122.8, 7.895
[11:00:43] 970.1, 123.1, 7.312
[11:00:44] 804.4, 123.6, 5.247
[11:00:45] 648.5, 123.6, 5.230
[11:00:46] 648.4, 123.6, 5.230
[11:00:47] 648.1, 123.6, 5.229
[11:00:48] 647.9, 122.9, 7.719
[11:00:49] 869.5, 122.9, 7.883
[11:00:50] 970.3, 123.0, 7.887
[11:00:51] 970.5, 122.9, 7.910
[11:00:52] 970.8, 122.9, 7.913
[11:00:53] 971.2, 122.9, 7.923
[11:00:54] 971.6, 123.0, 7.542
[11:00:55] 870.1, 123.6, 5.259
[11:00:56] 650.0, 123.6, 5.246
[11:00:57] 649.8, 123.6, 5.245
[11:00:58] 649.7, 123.5, 5.226
[11:00:59] 649.4, 123.1, 6.908
[11:01:00] 824.6, 123.0, 7.890
[11:01:01] 971.1, 123.0, 7.907
[11:01:02] 971.3, 122.9, 7.923
[11:01:03] 971.6, 122.8, 7.927
[11:01:04] 972.1, 122.9, 7.935
[11:01:05] 972.6, 122.9, 7.938
[11:01:06] 973.1, 123.0, 7.934
[11:01:07] 973.6, 122.9, 7.935
[11:01:08] 974.0, 122.9, 7.942
[11:01:09] 974.5, 123.0, 7.946
[11:01:10] 974.9, 123.0, 7.948
[11:01:11] 975.3, 123.0, 7.939
[11:01:12] 890.6, 123.6, 5.269
[11:01:13] 651.8, 123.6, 5.258
[11:01:14] 651.6, 123.6, 5.251
[11:01:15] 651.3, 123.6, 5.248
[11:01:16] 651.0, 123.6, 5.228
