<<<[09:05:07] 647.3, 123.8, 5.220
[09:05:08] 647.3, 123.8, 5.220
[09:05:09] 647.3, 123.9, 5.402
[09:05:10] 664.2, 123.9, 5.371
[09:05:11] 664.2, 123.8, 5.357
[09:05:12] 664.7, 123.8, 5.260
[09:05:13] 653.2, 123.9, 5.252
[09:05:14] 652.8, 123.8, 5.218
[09:05:15] 647.3, 123.8, 5.223
[09:05:16] 647.3, 123.9, 5.222
[09:05:17] 647.3, 123.8, 5.799
[09:05:18] 745.5, 123.9, 5.225
[09:05:19] 646.9, 123.8, 5.213
[09:05:20] 646.9, 123.8, 5.213
[09:05:21] 646.9, 123.9, 5.217
[09:05:22] 646.9, 123.9, 5.794
[09:05:23] 739.4, 123.9, 5.216
[09:05:24] 647.1, 123.9, 5.213
[09:05:25] 647.0, 123.9, 5.210
[09:05:26] 647.0, 123.9, 5.213
[09:05:27] 646.9, 123.8, 5.824
[09:05:28] 739.0, 123.9, 5.213
[09:05:29] 647.1, 123.9, 5.216
[09:05:30] 647.0, 123.8, 5.209
[09:05:31] 646.9, 123.8, 5.216
[09:05:32] 646.9, 123.9, 5.860
[09:05:33] 738.6, 123.9, 5.215
[09:05:34] 646.5, 123.9, 5.213
[09:05:35] 646.5, 123.8, 5.211
[09:05:36] 646.5, 123.9, 5.209
[09:05:37] 646.5, 123.8, 5.895
[09:05:38] 737.4, 123.8, 5.210
[09:05:39] 646.5, 123.9, 5.212
[09:05:40] 646.5, 123.9, 5.218
[09:05:41] 646.5, 123.9, 5.213
[09:05:42] 646.6, 123.8, 5.925
[09:05:43] 735.5, 124.0, 5.214
[09:05:44] 647.1, 123.9, 5.237
[09:05:45] 647.3, 123.9, 5.241
[09:05:46] 647.5, 123.9, 5.225
[09:05:47] 647.6, 123.9, 5.964
[09:05:48] 732.3, 123.9, 5.216
[09:05:49] 646.9, 123.9, 5.218
[09:05:50] 646.9, 124.0, 5.218
[09:05:51] 646.8, 123.8, 5.214
[09:05:52] 646.8, 123.9, 5.996
[09:05:53] 724.7, 123.9, 5.215
[09:05:54] 646.7, 123.8, 5.213
[09:05:55] 646.6, 123.9, 5.215
[09:05:56] 646.6, 123.8, 5.223
[09:05:57] 646.7, 123.3, 7.290
[09:05:58] 761.1, 123.9, 5.223
[09:05:59] 646.7, 123.8, 5.215
[09:06:00] 646.7, 123.9, 5.216
[09:06:01] 646.7, 123.9, 5.222
[09:06:02] 646.8, 123.3, 7.445
[09:06:03] 821.9, 123.9, 5.226
[09:06:04] 657.9, 123.9, 5.217
[09:06:05] 647.1, 123.9, 5.214
[09:06:06] 647.0, 124.0, 5.211
[09:06:07] 647.0, 123.9, 5.221
[09:06:08] 741.4, 123.5, 7.302
[09:06:09] 833.7, 123.9, 5.225
[09:06:10] 648.1, 123.9, 5.214
[09:06:11] 648.0, 124.0, 5.217
[09:06:12] 647.8, 123.9, 5.215
[09:06:13] 647.7, 123.3, 7.631
[09:06:14] 858.7, 123.2, 7.879
[09:06:15] 906.3, 124.0, 5.233
[09:06:16] 648.1, 123.8, 5.217
[09:06:17] 648.0, 123.9, 5.221
[09:06:18] 647.9, 123.8, 5.214
[09:06:19] 647.7, 123.9, 5.218
[09:06:20] 772.1, 123.2, 7.878
[09:06:21] 972.3, 123.3, 7.889
[09:06:22] 972.5, 123.7, 6.328
[09:06:23] 774.1, 123.8, 5.234
[09:06:24] 648.9, 123.9, 5.225
[09:06:25] 648.7, 123.8, 5.222
[09:06:26] 648.6, 123.9, 5.216
[09:06:27] 648.4, 123.2, 7.849
[09:06:28] 925.4, 123.2, 7.889
[09:06:29] 973.5, 123.1, 7.903
[09:06:30] 973.7, 123.2, 7.921
[09:06:31] 974.0, 123.2, 7.932
[09:06:32] 974.5, 123.7, 6.429
[09:06:33] 782.5, 123.9, 5.240
[09:06:34] 650.0, 123.8, 5.236
[09:06:35] 649.8, 123.8, 5.229
[09:06:36] 649.6, 123.9, 5.225
[09:06:37] 649.4, 123.1, 7.851
[09:06:38] 909.7, 123.2, 7.902
[09:06:39] 974.4, 123.2, 7.918
[09:06:40] 974.7, 123.2, 7.928
[09:06:41] 975.0, 123.1, 7.930
[09:06:42] 975.5, 123.2, 7.938
[09:06:43] 975.9, 123.3, 7.941
[09:06:44] 976.4, 123.2, 7.950
[09:06:45] 976.9, 123.2, 7.938
[09:06:46] 977.2, 123.2, 7.939
[09:06:47] 977.6, 123.9, 5.477
[09:06:48] 749.6, 123.8, 5.247
[09:06:49] 651.0, 123.8, 5.242
[09:06:50] 650.9, 123.9, 5.240
[09:06:51] 650.7, 123.9, 5.229
