<<<[21:57:21] 635.6, 123.5, 5.154
[21:57:22] 635.6, 123.5, 5.135
[21:57:23] 635.5, 123.5, 5.389
[21:57:24] 657.7, 123.5, 5.270
[21:57:25] 657.1, 123.5, 5.322
[21:57:26] 656.8, 123.5, 5.274
[21:57:27] 647.3, 123.5, 5.148
[21:57:28] 635.3, 123.5, 5.144
[21:57:29] 635.2, 123.6, 5.145
[21:57:30] 635.1, 123.5, 5.127
[21:57:31] 635.0, 123.1, 6.223
[21:57:32] 730.4, 123.6, 5.142
[21:57:33] 634.1, 123.6, 5.142
[21:57:34] 634.2, 123.5, 5.137
[21:57:35] 634.2, 123.6, 5.154
[21:57:36] 634.4, 123.2, 6.110
[21:57:37] 730.2, 123.5, 5.154
[21:57:38] 635.5, 123.5, 5.135
[21:57:39] 635.4, 123.5, 5.143
[21:57:40] 635.3, 123.5, 5.140
[21:57:41] 635.1, 123.3, 6.042
[21:57:42] 728.6, 123.6, 5.128
[21:57:43] 633.7, 123.6, 5.140
[21:57:44] 633.7, 123.6, 5.140
[21:57:45] 633.7, 123.5, 5.147
[21:57:46] 633.8, 123.2, 5.975
[21:57:47] 728.8, 123.5, 5.151
[21:57:48] 635.3, 123.5, 5.148
[21:57:49] 635.3, 123.6, 5.138
[21:57:50] 635.2, 123.6, 5.127
[21:57:51] 635.1, 123.3, 5.896
[21:57:52] 728.8, 123.4, 5.144
[21:57:53] 634.1, 123.5, 5.140
[21:57:54] 634.1, 123.5, 5.124
[21:57:55] 634.0, 123.4, 5.142
[21:57:56] 633.9, 123.3, 5.759
[21:57:57] 726.4, 123.5, 5.144
[21:57:58] 634.1, 123.6, 5.135
[21:57:59] 634.1, 123.5, 5.153
[21:58:00] 634.3, 123.5, 5.149
[21:58:01] 634.4, 123.2, 5.488
[21:58:02] 725.6, 123.4, 5.139
[21:58:03] 634.9, 123.5, 5.147
[21:58:04] 634.8, 123.6, 5.138
[21:58:05] 634.6, 123.6, 5.129
[21:58:06] 634.5, 123.6, 5.124
[21:58:07] 719.5, 123.6, 5.141
[21:58:08] 633.9, 123.6, 5.138
[21:58:09] 633.8, 123.6, 5.140
[21:58:10] 633.9, 123.5, 5.131
[21:58:11] 633.9, 123.5, 5.150
[21:58:12] 741.8, 123.5, 5.162
[21:58:13] 656.5, 123.5, 5.148
[21:58:14] 635.3, 123.6, 5.133
[21:58:15] 635.2, 123.6, 5.142
[21:58:16] 635.1, 123.6, 5.135
[21:58:17] 723.1, 123.6, 5.147
[21:58:18] 655.8, 123.5, 5.123
[21:58:19] 633.5, 123.4, 5.145
[21:58:20] 633.5, 123.5, 5.141
[21:58:21] 633.5, 123.5, 5.126
[21:58:22] 668.9, 123.3, 6.655
[21:58:23] 775.8, 123.5, 5.157
[21:58:24] 635.7, 123.5, 5.154
[21:58:25] 635.7, 123.5, 5.147
[21:58:26] 635.5, 123.5, 5.127
[21:58:27] 635.3, 122.8, 7.664
[21:58:28] 866.6, 123.5, 5.295
[21:58:29] 710.9, 123.5, 5.148
[21:58:30] 634.7, 123.6, 5.129
[21:58:31] 634.6, 123.5, 5.147
[21:58:32] 634.5, 123.6, 5.144
[21:58:33] 634.6, 122.9, 7.796
[21:58:34] 948.5, 122.8, 7.835
[21:58:35] 905.9, 123.4, 5.212
[21:58:36] 642.0, 123.5, 5.206
[21:58:37] 641.9, 123.5, 5.188
[21:58:38] 641.8, 123.5, 5.187
[21:58:39] 641.7, 123.5, 5.195
[21:58:40] 780.7, 122.9, 7.825
[21:58:41] 963.6, 122.9, 7.843
[21:58:42] 963.8, 122.8, 7.857
[21:58:43] 912.6, 123.4, 5.221
[21:58:44] 643.4, 123.4, 5.211
[21:58:45] 643.2, 123.5, 5.208
[21:58:46] 643.0, 123.6, 5.191
[21:58:47] 642.8, 123.5, 5.212
[21:58:48] 768.2, 122.8, 7.847
[21:58:49] 965.8, 122.8, 7.863
[21:58:50] 966.0, 122.8, 7.878
[21:58:51] 966.5, 122.7, 7.882
[21:58:52] 966.9, 122.7, 7.888
[21:58:53] 967.3, 122.9, 7.881
[21:58:54] 922.5, 123.5, 5.212
[21:58:55] 644.1, 123.5, 5.218
[21:58:56] 644.0, 123.5, 5.211
[21:58:57] 643.8, 123.5, 5.223
[21:58:58] 643.7, 123.5, 5.194
[21:58:59] 738.4, 122.8, 7.847
[21:59:00] 965.6, 122.7, 7.864
[21:59:01] 965.8, 122.7, 7.880
[21:59:02] 966.3, 122.7, 7.886
[21:59:03] 966.8, 122.8, 7.884
[21:59:04] 967.2, 122.8, 7.883
[21:59:05] 967.5, 122.8, 7.883
[21:59:06] 968.0, 122.8, 7.887
[21:59:07] 968.3, 122.8, 7.888
[21:59:08] 968.6, 122.8, 7.885
[21:59:09] 968.9, 122.9, 7.897
[21:59:10] 969.3, 122.8, 7.905
[21:59:11] 933.7, 123.5, 5.255
[21:59:12] 647.3, 123.5, 5.240
[21:59:13] 647.0, 123.5, 5.230
[21:59:14] 646.7, 123.5, 5.208
