<<<[20:04:40] 654.4, 123.4, 5.285
[20:04:41] 654.3, 123.4, 5.286
[20:04:42] 654.1, 123.4, 5.485
[20:04:43] 672.1, 123.3, 5.459
[20:04:44] 672.7, 123.3, 5.506
[20:04:45] 678.8, 123.4, 5.463
[20:04:46] 678.6, 123.4, 5.428
[20:04:47] 678.0, 123.4, 5.433
[20:04:48] 677.5, 123.4, 5.438
[20:04:49] 677.2, 123.5, 5.432
[20:04:50] 676.7, 123.4, 5.437
[20:04:51] 676.3, 123.3, 5.535
[20:04:52] 676.6, 123.4, 5.393
[20:04:53] 662.4, 123.4, 5.272
[20:04:54] 652.0, 123.4, 5.293
[20:04:55] 652.2, 123.3, 5.286
[20:04:56] 652.3, 123.3, 5.286
[20:04:57] 652.4, 123.1, 5.910
[20:04:58] 748.9, 123.4, 5.281
[20:04:59] 652.2, 123.4, 5.266
[20:05:00] 652.0, 123.4, 5.270
[20:05:01] 651.9, 123.5, 5.287
[20:05:02] 651.9, 123.2, 5.684
[20:05:03] 745.5, 123.5, 5.269
[20:05:04] 651.2, 123.5, 5.271
[20:05:05] 651.2, 123.4, 5.264
[20:05:06] 651.2, 123.4, 5.283
[20:05:07] 651.3, 123.3, 5.337
[20:05:08] 742.6, 123.4, 5.282
[20:05:09] 653.2, 123.4, 5.276
[20:05:10] 653.1, 123.5, 5.275
[20:05:11] 652.9, 123.5, 5.260
[20:05:12] 652.5, 123.5, 5.210
[20:05:13] 728.0, 123.5, 5.211
[20:05:14] 644.1, 123.5, 5.211
[20:05:15] 644.0, 123.5, 5.206
[20:05:16] 644.0, 123.4, 5.211
[20:05:17] 643.9, 123.4, 5.203
[20:05:18] 737.4, 123.4, 5.233
[20:05:19] 670.5, 123.4, 5.221
[20:05:20] 646.9, 123.4, 5.275
[20:05:21] 652.2, 123.4, 5.273
[20:05:22] 652.2, 123.4, 5.269
[20:05:23] 716.6, 123.4, 5.418
[20:05:24] 726.0, 123.5, 5.262
[20:05:25] 650.8, 123.5, 5.265
[20:05:26] 650.7, 123.5, 5.269
[20:05:27] 650.7, 123.5, 5.259
[20:05:28] 650.6, 123.0, 7.530
[20:05:29] 884.7, 123.5, 5.265
[20:05:30] 651.2, 123.5, 5.284
[20:05:31] 651.3, 123.6, 5.273
[20:05:32] 651.4, 123.5, 5.270
[20:05:33] 651.5, 123.4, 5.339
[20:05:34] 782.5, 122.8, 7.558
[20:05:35] 893.3, 123.4, 5.268
[20:05:36] 651.2, 123.3, 5.266
[20:05:37] 651.1, 123.4, 5.264
[20:05:38] 651.0, 123.4, 5.275
[20:05:39] 651.0, 123.4, 5.263
[20:05:40] 776.0, 122.8, 7.555
[20:05:41] 930.0, 122.9, 7.560
[20:05:42] 895.3, 123.5, 5.297
[20:05:43] 653.6, 123.5, 5.284
[20:05:44] 653.5, 123.5, 5.276
[20:05:45] 653.4, 123.5, 5.275
[20:05:46] 653.2, 123.5, 5.277
[20:05:47] 769.1, 122.9, 7.549
[20:05:48] 929.4, 122.9, 7.566
[20:05:49] 929.6, 122.9, 7.573
[20:05:50] 929.9, 122.9, 7.575
[20:05:51] 900.0, 123.5, 5.281
[20:05:52] 652.8, 123.4, 5.276
[20:05:53] 652.7, 123.4, 5.269
[20:05:54] 652.5, 123.5, 5.291
[20:05:55] 652.5, 123.5, 5.278
[20:05:56] 752.6, 122.9, 7.569
[20:05:57] 931.9, 123.0, 7.575
[20:05:58] 932.0, 122.9, 7.574
[20:05:59] 932.1, 122.9, 7.580
[20:06:00] 932.3, 122.9, 7.582
[20:06:01] 932.4, 122.9, 7.585
[20:06:02] 932.7, 122.8, 7.592
[20:06:03] 932.9, 122.9, 7.588
[20:06:04] 926.2, 123.4, 5.306
[20:06:05] 683.5, 123.4, 5.280
[20:06:06] 653.2, 123.5, 5.289
[20:06:07] 653.2, 123.5, 5.281
[20:06:08] 653.2, 123.4, 5.281
[20:06:09] 722.5, 122.8, 7.574
[20:06:10] 932.7, 122.9, 7.575
[20:06:11] 932.7, 122.9, 7.575
[20:06:12] 932.7, 122.9, 7.582
[20:06:13] 932.9, 122.9, 7.589
[20:06:14] 933.1, 122.8, 7.598
[20:06:15] 933.3, 122.8, 7.595
[20:06:16] 933.5, 122.9, 7.597
[20:06:17] 933.8, 122.9, 7.607
[20:06:18] 934.1, 122.9, 7.623
[20:06:19] 934.7, 123.0, 7.624
[20:06:20] 935.2, 123.0, 7.626
[20:06:21] 935.7, 122.9, 7.624
[20:06:22] 936.1, 122.9, 7.618
[20:06:23] 936.4, 122.9, 7.612
[20:06:24] 936.6, 122.9, 7.614
[20:06:25] 907.7, 123.5, 5.290
[20:06:26] 654.2, 123.5, 5.298
[20:06:27] 654.1, 123.5, 5.278
[20:06:28] 653.9, 123.5, 5.277
