<<<[16:42:23] 650.4, 122.3, 5.277
[16:42:24] 649.8, 122.3, 5.274
[16:42:25] 649.3, 122.2, 5.493
[16:42:26] 664.0, 122.3, 5.399
[16:42:27] 663.7, 122.2, 5.449
[16:42:28] 663.8, 122.2, 5.373
[16:42:29] 655.2, 122.3, 5.280
[16:42:30] 645.9, 122.3, 5.277
[16:42:31] 645.8, 122.2, 5.279
[16:42:32] 645.8, 122.1, 5.278
[16:42:33] 645.8, 121.8, 6.339
[16:42:34] 741.4, 122.2, 5.278
[16:42:35] 645.5, 122.1, 5.278
[16:42:36] 645.5, 122.2, 5.277
[16:42:37] 645.4, 122.2, 5.274
[16:42:38] 645.4, 121.9, 6.201
[16:42:39] 735.9, 122.2, 5.279
[16:42:40] 644.9, 122.2, 5.273
[16:42:41] 644.9, 122.2, 5.273
[16:42:42] 644.9, 122.2, 5.270
[16:42:43] 644.9, 121.9, 6.097
[16:42:44] 734.7, 122.3, 5.270
[16:42:45] 645.1, 122.3, 5.271
[16:42:46] 645.1, 122.3, 5.265
[16:42:47] 645.0, 122.3, 5.264
[16:42:48] 644.9, 122.1, 5.979
[16:42:49] 733.9, 122.3, 5.266
[16:42:50] 644.7, 122.4, 5.265
[16:42:51] 644.6, 122.3, 5.260
[16:42:52] 644.6, 122.2, 5.262
[16:42:53] 644.5, 122.1, 5.833
[16:42:54] 732.7, 122.3, 5.265
[16:42:55] 644.5, 122.3, 5.265
[16:42:56] 644.5, 122.3, 5.262
[16:42:57] 644.4, 122.3, 5.261
[16:42:58] 644.4, 122.0, 5.648
[16:42:59] 731.3, 122.3, 5.266
[16:43:00] 644.7, 122.3, 5.258
[16:43:01] 644.6, 122.3, 5.260
[16:43:02] 644.5, 122.3, 5.261
[16:43:03] 644.4, 122.2, 5.373
[16:43:04] 729.2, 122.3, 5.262
[16:43:05] 644.1, 122.2, 5.265
[16:43:06] 644.1, 122.3, 5.261
[16:43:07] 644.1, 122.3, 5.255
[16:43:08] 644.1, 122.4, 5.255
[16:43:09] 725.2, 122.4, 5.256
[16:43:10] 644.1, 122.5, 5.254
[16:43:11] 644.0, 122.4, 5.258
[16:43:12] 644.0, 122.5, 5.252
[16:43:13] 644.0, 122.4, 5.251
[16:43:14] 719.1, 122.5, 5.257
[16:43:15] 644.1, 122.4, 5.248
[16:43:16] 644.0, 122.5, 5.249
[16:43:17] 644.0, 122.3, 5.256
[16:43:18] 643.9, 122.4, 5.252
[16:43:19] 736.9, 122.5, 5.263
[16:43:20] 664.2, 122.4, 5.255
[16:43:21] 643.6, 122.5, 5.253
[16:43:22] 643.6, 122.4, 5.278
[16:43:23] 643.7, 122.4, 5.282
[16:43:24] 706.3, 122.1, 6.677
[16:43:25] 771.5, 122.4, 5.255
[16:43:26] 644.1, 122.4, 5.255
[16:43:27] 644.0, 122.3, 5.279
[16:43:28] 644.1, 122.4, 5.281
[16:43:29] 644.2, 121.6, 8.001
[16:43:30] 886.1, 122.3, 5.266
[16:43:31] 644.7, 122.3, 5.260
[16:43:32] 644.6, 122.3, 5.257
[16:43:33] 644.5, 122.4, 5.257
[16:43:34] 644.4, 122.3, 5.252
[16:43:35] 753.0, 121.7, 8.029
[16:43:36] 960.3, 122.3, 5.284
[16:43:37] 668.7, 122.3, 5.264
[16:43:38] 644.7, 122.4, 5.260
[16:43:39] 644.6, 122.3, 5.261
[16:43:40] 644.5, 122.3, 5.258
[16:43:41] 710.5, 121.6, 8.025
[16:43:42] 977.6, 121.6, 8.047
[16:43:43] 977.9, 122.4, 5.429
[16:43:44] 725.2, 122.4, 5.271
[16:43:45] 645.9, 122.4, 5.289
[16:43:46] 645.9, 122.3, 5.287
[16:43:47] 645.8, 122.4, 5.289
[16:43:48] 645.8, 121.7, 8.014
[16:43:49] 960.5, 121.6, 8.045
[16:43:50] 980.1, 121.7, 8.052
[16:43:51] 980.2, 121.7, 8.065
[16:43:52] 980.5, 121.7, 8.069
[16:43:53] 920.9, 122.3, 5.289
[16:43:54] 647.5, 122.4, 5.278
[16:43:55] 647.3, 122.3, 5.270
[16:43:56] 647.1, 122.4, 5.268
[16:43:57] 646.8, 122.4, 5.258
[16:43:58] 793.3, 121.7, 8.039
[16:43:59] 980.0, 121.8, 8.051
[16:44:00] 980.1, 121.7, 8.061
[16:44:01] 980.5, 121.7, 8.073
[16:44:02] 980.9, 121.6, 8.081
[16:44:03] 981.3, 121.7, 8.087
[16:44:04] 981.8, 121.7, 8.085
[16:44:05] 982.3, 121.6, 8.097
[16:44:06] 982.8, 121.8, 8.089
[16:44:07] 925.2, 122.4, 5.300
[16:44:08] 649.1, 122.4, 5.282
[16:44:09] 648.9, 122.4, 5.275
[16:44:10] 648.6, 122.3, 5.272
[16:44:11] 648.2, 122.4, 5.270
[16:44:12] 797.3, 121.6, 8.045
[16:44:13] 980.9, 121.7, 8.069
[16:44:14] 981.1, 121.6, 8.076
[16:44:15] 981.5, 121.7, 8.083
[16:44:16] 982.0, 121.6, 8.085
[16:44:17] 982.3, 121.7, 8.105
[16:44:18] 982.9, 121.6, 8.099
[16:44:19] 983.4, 121.7, 8.099
[16:44:20] 983.8, 121.6, 8.104
[16:44:21] 984.2, 121.7, 8.103
[16:44:22] 984.6, 121.6, 8.105
[16:44:23] 985.0, 121.7, 8.112
[16:44:24] 985.4, 121.6, 8.114
[16:44:25] 985.7, 121.6, 8.113
[16:44:26] 986.0, 121.7, 8.108
[16:44:27] 986.3, 121.6, 8.110
[16:44:28] 986.5, 121.7, 8.114
[16:44:29] 986.8, 121.8, 7.966
[16:44:30] 829.0, 122.4, 5.307
[16:44:31] 649.9, 122.4, 5.292
[16:44:32] 649.7, 122.3, 5.285
[16:44:33] 649.4, 122.4, 5.286
