<<<[16:50:45] 648.2, 122.4, 5.294
[16:50:46] 648.0, 122.3, 5.291
[16:50:47] 647.8, 122.4, 5.294
[16:50:48] 647.7, 122.4, 5.290
[16:50:49] 647.5, 122.3, 5.296
[16:50:50] 647.4, 122.3, 5.291
[16:50:51] 647.2, 122.5, 5.291
<<<[23:00:32] 634.0, 123.9, 5.129
[23:00:33] 633.9, 123.8, 5.135
[23:00:34] 634.0, 123.8, 5.336
[23:00:35] 661.3, 123.7, 5.351
[23:00:36] 660.8, 123.8, 5.339
[23:00:37] 653.4, 123.7, 5.357
[23:00:38] 653.4, 123.9, 5.180
[23:00:39] 638.6, 123.8, 5.135
[23:00:40] 638.0, 123.9, 5.135
[23:00:41] 637.6, 123.8, 5.134
[23:00:42] 637.1, 123.9, 5.131
[23:00:43] 683.5, 123.8, 5.162
[23:00:44] 683.0, 124.0, 5.127
[23:00:45] 632.9, 123.9, 5.104
[23:00:46] 632.8, 123.9, 5.124
[23:00:47] 632.8, 123.9, 5.126
[23:00:48] 679.6, 123.8, 5.163
[23:00:49] 679.7, 123.9, 5.127
[23:00:50] 633.1, 123.9, 5.125
[23:00:51] 633.0, 123.9, 5.132
[23:00:52] 633.2, 123.9, 5.130
[23:00:53] 678.6, 123.9, 5.167
[23:00:54] 679.0, 123.8, 5.130
[23:00:55] 633.5, 123.9, 5.131
[23:00:56] 633.4, 123.8, 5.129
[23:00:57] 633.3, 123.8, 5.127
[23:00:58] 675.8, 123.9, 5.174
[23:00:59] 684.1, 123.8, 5.130
[23:01:00] 633.1, 123.9, 5.129
[23:01:01] 633.0, 123.8, 5.110
[23:01:02] 632.9, 123.9, 5.134
[23:01:03] 673.7, 123.8, 5.175
[23:01:04] 685.3, 123.8, 5.132
[23:01:05] 633.3, 123.8, 5.130
[23:01:06] 633.2, 123.8, 5.129
[23:01:07] 633.2, 123.8, 5.135
[23:01:08] 671.1, 123.8, 5.180
[23:01:09] 686.5, 123.8, 5.128
[23:01:10] 632.9, 123.9, 5.128
[23:01:11] 632.9, 123.7, 5.129
[23:01:12] 632.8, 123.9, 5.124
[23:01:13] 664.4, 123.8, 5.178
[23:01:14] 687.6, 123.9, 5.130
[23:01:15] 632.9, 123.8, 5.132
[23:01:16] 633.0, 123.9, 5.129
[23:01:17] 633.1, 123.8, 5.104
[23:01:18] 652.0, 123.7, 6.030
[23:01:19] 740.8, 123.8, 5.129
[23:01:20] 633.1, 123.9, 5.134
[23:01:21] 633.1, 123.8, 5.124
[23:01:22] 633.1, 123.8, 5.124
[23:01:23] 633.0, 123.7, 5.941
[23:01:24] 745.9, 123.9, 5.126
[23:01:25] 633.1, 123.9, 5.125
[23:01:26] 633.0, 123.9, 5.126
[23:01:27] 633.0, 123.8, 5.123
[23:01:28] 632.9, 123.2, 7.783
[23:01:29] 814.4, 123.8, 5.130
[23:01:30] 633.5, 123.9, 5.127
[23:01:31] 633.4, 123.9, 5.126
[23:01:32] 633.3, 123.8, 5.129
[23:01:33] 633.3, 123.9, 5.105
[23:01:34] 760.9, 123.3, 7.236
[23:01:35] 824.6, 123.8, 5.133
[23:01:36] 633.9, 123.8, 5.132
[23:01:37] 633.8, 123.8, 5.131
[23:01:38] 633.8, 123.8, 5.131
[23:01:39] 633.7, 123.2, 7.502
[23:01:40] 843.1, 123.2, 7.873
[23:01:41] 959.7, 123.7, 5.226
[23:01:42] 697.3, 123.8, 5.142
[23:01:43] 634.7, 123.8, 5.135
[23:01:44] 634.5, 123.9, 5.136
[23:01:45] 634.4, 123.8, 5.132
[23:01:46] 674.3, 123.1, 7.861
[23:01:47] 969.9, 123.2, 7.878
[23:01:48] 970.2, 123.2, 7.892
[23:01:49] 963.0, 123.8, 5.217
[23:01:50] 699.3, 123.8, 5.153
[23:01:51] 636.3, 123.9, 5.142
[23:01:52] 636.1, 123.9, 5.136
[23:01:53] 635.9, 123.8, 5.135
[23:01:54] 671.5, 123.2, 7.869
[23:01:55] 971.1, 123.1, 7.886
[23:01:56] 971.3, 123.2, 7.903
[23:01:57] 971.7, 123.3, 7.909
[23:01:58] 972.2, 123.2, 7.921
[23:01:59] 972.8, 123.3, 7.918
[23:02:00] 972.2, 123.8, 5.259
[23:02:01] 703.6, 123.9, 5.159
[23:02:02] 636.9, 123.9, 5.153
[23:02:03] 636.8, 124.0, 5.144
[23:02:04] 636.6, 123.9, 5.138
[23:02:05] 666.8, 123.3, 7.868
[23:02:06] 971.1, 123.3, 7.884
[23:02:07] 971.4, 123.2, 7.909
[23:02:08] 972.0, 123.2, 7.921
[23:02:09] 972.6, 123.3, 7.921
[23:02:10] 973.2, 123.3, 7.931
[23:02:11] 973.8, 123.1, 7.946
[23:02:12] 979.4, 123.2, 7.944
[23:02:13] 979.3, 123.2, 7.938
[23:02:14] 979.3, 123.1, 7.941
[23:02:15] 979.3, 123.1, 7.943
[23:02:16] 979.3, 123.2, 7.948
[23:02:17] 957.5, 123.9, 5.188
[23:02:18] 640.0, 123.8, 5.170
[23:02:19] 639.7, 123.8, 5.161
[23:02:20] 639.4, 123.9, 5.159
[23:02:21] 639.0, 123.8, 5.130
