<<<[12:41:10] 644.9, 123.2, 5.216
[12:41:11] 644.7, 123.2, 5.217
[12:41:12] 644.5, 123.1, 5.215
[12:41:13] 644.9, 123.2, 5.405
[12:41:14] 667.4, 123.0, 5.424
[12:41:15] 667.8, 123.1, 5.402
[12:41:16] 667.6, 123.2, 5.368
[12:41:17] 667.4, 123.1, 5.408
[12:41:18] 667.0, 123.2, 5.403
[12:41:19] 660.1, 123.2, 5.350
[12:41:20] 660.1, 123.2, 5.347
[12:41:21] 660.5, 123.2, 5.348
[12:41:22] 661.1, 123.3, 5.333
[12:41:23] 661.1, 123.1, 5.336
[12:41:24] 660.9, 123.1, 5.339
[12:41:25] 661.1, 123.3, 5.341
[12:41:26] 661.0, 123.1, 5.466
[12:41:27] 670.7, 123.2, 5.372
[12:41:28] 659.7, 123.3, 5.208
[12:41:29] 642.6, 123.1, 5.209
[12:41:30] 642.5, 123.3, 5.207
[12:41:31] 642.5, 123.3, 5.206
[12:41:32] 642.5, 123.2, 5.210
[12:41:33] 684.7, 123.2, 5.301
[12:41:34] 700.2, 123.3, 5.210
[12:41:35] 642.8, 123.2, 5.213
[12:41:36] 642.7, 123.2, 5.210
[12:41:37] 642.7, 123.1, 5.211
[12:41:38] 679.4, 123.2, 5.273
[12:41:39] 699.1, 123.2, 5.214
[12:41:40] 643.0, 123.2, 5.214
[12:41:41] 643.0, 123.3, 5.213
[12:41:42] 643.0, 123.1, 5.214
[12:41:43] 671.9, 123.2, 5.278
[12:41:44] 700.6, 123.2, 5.210
[12:41:45] 642.6, 123.2, 5.216
[12:41:46] 642.6, 123.2, 5.211
[12:41:47] 642.6, 123.3, 5.208
[12:41:48] 648.3, 123.1, 6.099
[12:41:49] 759.9, 123.2, 5.214
[12:41:50] 643.0, 123.1, 5.212
[12:41:51] 642.9, 123.3, 5.211
[12:41:52] 642.9, 123.2, 5.211
[12:41:53] 642.8, 122.7, 7.391
[12:41:54] 793.5, 123.3, 5.212
[12:41:55] 643.0, 123.2, 5.216
[12:41:56] 642.9, 123.3, 5.209
[12:41:57] 642.9, 123.3, 5.206
[12:41:58] 642.9, 122.7, 7.246
[12:41:59] 828.2, 123.2, 5.295
[12:42:00] 705.0, 123.3, 5.212
[12:42:01] 643.2, 123.2, 5.212
[12:42:02] 643.2, 123.3, 5.208
[12:42:03] 643.1, 123.2, 5.209
[12:42:04] 643.6, 122.6, 7.827
[12:42:05] 962.2, 123.2, 6.316
[12:42:06] 764.8, 123.2, 5.216
[12:42:07] 643.4, 123.3, 5.216
[12:42:08] 643.4, 123.2, 5.230
[12:42:09] 643.6, 123.3, 5.229
[12:42:10] 643.8, 122.6, 7.817
[12:42:11] 924.8, 122.6, 7.848
[12:42:12] 963.4, 122.8, 7.338
[12:42:13] 836.3, 123.3, 5.221
[12:42:14] 644.5, 123.3, 5.217
[12:42:15] 644.3, 123.2, 5.221
[12:42:16] 644.3, 123.3, 5.215
[12:42:17] 644.1, 122.6, 7.490
[12:42:18] 842.8, 122.6, 7.846
[12:42:19] 963.6, 122.6, 7.858
[12:42:20] 963.7, 122.6, 7.871
[12:42:21] 964.1, 122.6, 7.876
[12:42:22] 963.4, 123.1, 5.349
[12:42:23] 714.4, 123.3, 5.233
[12:42:24] 645.3, 123.1, 5.229
[12:42:25] 645.2, 123.3, 5.227
[12:42:26] 645.1, 123.2, 5.217
[12:42:27] 678.6, 122.6, 7.844
[12:42:28] 963.2, 122.5, 7.866
[12:42:29] 963.5, 122.7, 7.874
[12:42:30] 963.9, 122.5, 7.883
[12:42:31] 964.3, 122.6, 7.892
[12:42:32] 964.9, 122.6, 7.889
[12:42:33] 965.4, 122.7, 7.899
[12:42:34] 966.0, 122.5, 7.899
[12:42:35] 966.5, 122.6, 7.895
[12:42:36] 966.2, 123.3, 5.375
[12:42:37] 718.5, 123.2, 5.241
[12:42:38] 646.5, 123.3, 5.232
[12:42:39] 646.4, 123.2, 5.230
[12:42:40] 646.2, 123.3, 5.225
[12:42:41] 670.5, 122.6, 7.854
[12:42:42] 964.4, 122.6, 7.878
[12:42:43] 964.7, 122.5, 7.885
[12:42:44] 965.1, 122.6, 7.898
[12:42:45] 965.6, 122.5, 7.887
[12:42:46] 966.1, 122.5, 7.908
[12:42:47] 966.7, 122.5, 7.913
[12:42:48] 967.2, 122.5, 7.919
[12:42:49] 967.7, 122.6, 7.916
[12:42:50] 968.2, 122.5, 7.917
[12:42:51] 968.6, 122.6, 7.918
[12:42:52] 969.1, 122.6, 7.921
[12:42:53] 969.4, 122.5, 7.927
[12:42:54] 969.8, 122.6, 7.919
[12:42:55] 970.1, 122.5, 7.917
[12:42:56] 970.4, 122.5, 7.927
[12:42:57] 970.7, 122.5, 7.930
[12:42:58] 971.0, 122.5, 7.931
[12:42:59] 963.8, 123.2, 5.269
[12:43:00] 649.3, 123.2, 5.252
[12:43:01] 649.0, 123.2, 5.242
[12:43:02] 648.7, 123.2, 5.237
[12:43:03] 648.4, 123.2, 5.237
