<<<[07:06:33] 648.7, 124.9, 5.180
[07:06:34] 648.5, 124.9, 5.182
[07:06:35] 648.2, 124.9, 5.358
[07:06:36] 664.0, 124.9, 5.347
[07:06:37] 664.3, 124.8, 5.311
[07:06:38] 664.3, 124.8, 5.328
[07:06:39] 664.7, 124.8, 5.306
[07:06:40] 664.7, 124.9, 5.394
[07:06:41] 665.1, 125.0, 5.213
[07:06:42] 650.4, 125.0, 5.181
[07:06:43] 649.9, 124.9, 5.168
[07:06:44] 649.5, 124.9, 5.166
[07:06:45] 649.1, 124.9, 5.164
[07:06:46] 664.8, 124.9, 5.373
[07:06:47] 724.3, 124.9, 5.165
[07:06:48] 646.3, 124.9, 5.163
[07:06:49] 646.2, 124.9, 5.170
[07:06:50] 646.2, 125.0, 5.173
[07:06:51] 661.5, 124.9, 5.348
[07:06:52] 724.8, 124.9, 5.170
[07:06:53] 645.9, 124.9, 5.161
[07:06:54] 645.9, 124.9, 5.174
[07:06:55] 645.8, 125.0, 5.158
[07:06:56] 660.5, 124.9, 5.347
[07:06:57] 724.7, 124.9, 5.165
[07:06:58] 645.7, 124.9, 5.183
[07:06:59] 645.7, 124.9, 5.160
[07:07:00] 645.7, 125.0, 5.161
[07:07:01] 658.3, 125.0, 5.356
[07:07:02] 725.4, 125.0, 5.184
[07:07:03] 645.7, 124.9, 5.159
[07:07:04] 645.7, 124.8, 5.162
[07:07:05] 645.6, 124.9, 5.158
[07:07:06] 656.2, 124.9, 5.377
[07:07:07] 725.6, 124.9, 5.158
[07:07:08] 645.7, 125.0, 5.162
[07:07:09] 645.6, 125.0, 5.155
[07:07:10] 645.5, 125.0, 5.172
[07:07:11] 646.1, 125.0, 5.368
[07:07:12] 729.2, 125.0, 5.162
[07:07:13] 645.3, 125.0, 5.158
[07:07:14] 645.3, 125.0, 5.168
[07:07:15] 645.3, 125.0, 5.150
[07:07:16] 645.2, 125.0, 5.380
[07:07:17] 727.8, 125.0, 5.157
[07:07:18] 645.1, 125.0, 5.173
[07:07:19] 645.1, 125.0, 5.157
[07:07:20] 645.0, 125.1, 5.154
[07:07:21] 645.0, 124.6, 7.126
[07:07:22] 764.4, 125.0, 5.174
[07:07:23] 645.5, 125.0, 5.154
[07:07:24] 645.4, 125.0, 5.154
[07:07:25] 645.3, 124.9, 5.152
[07:07:26] 645.3, 124.3, 7.792
[07:07:27] 839.4, 125.0, 5.164
[07:07:28] 645.3, 125.0, 5.162
[07:07:29] 645.3, 125.0, 5.152
[07:07:30] 645.3, 125.0, 5.173
[07:07:31] 645.2, 124.9, 5.151
[07:07:32] 793.9, 124.6, 7.145
[07:07:33] 793.5, 125.0, 5.161
[07:07:34] 645.5, 125.0, 5.173
[07:07:35] 645.4, 125.0, 5.161
[07:07:36] 645.4, 124.9, 5.153
[07:07:37] 645.3, 124.2, 7.844
[07:07:38] 928.2, 124.5, 7.244
[07:07:39] 810.5, 124.9, 5.159
[07:07:40] 645.9, 124.9, 5.163
[07:07:41] 645.9, 125.0, 5.158
[07:07:42] 645.7, 124.9, 5.174
[07:07:43] 645.7, 124.3, 7.641
[07:07:44] 864.4, 124.3, 7.884
[07:07:45] 981.9, 124.2, 7.893
[07:07:46] 946.3, 124.9, 5.201
[07:07:47] 647.1, 124.9, 5.168
[07:07:48] 647.0, 124.9, 5.163
[07:07:49] 646.9, 124.9, 5.163
[07:07:50] 646.7, 124.9, 5.174
[07:07:51] 738.0, 124.3, 7.886
[07:07:52] 981.1, 124.3, 7.897
[07:07:53] 981.4, 124.2, 7.914
[07:07:54] 981.9, 124.2, 7.927
[07:07:55] 982.4, 124.3, 7.619
[07:07:56] 880.0, 125.0, 5.186
[07:07:57] 648.7, 125.0, 5.172
[07:07:58] 648.4, 125.0, 5.184
[07:07:59] 648.2, 125.0, 5.168
[07:08:00] 648.0, 124.5, 6.470
[07:08:01] 821.1, 124.3, 7.897
[07:08:02] 983.5, 124.2, 7.917
[07:08:03] 983.7, 124.2, 7.929
[07:08:04] 984.1, 124.2, 7.934
[07:08:05] 984.5, 124.2, 7.938
[07:08:06] 984.8, 124.3, 7.933
[07:08:07] 985.3, 124.2, 7.943
[07:08:08] 985.8, 124.3, 7.946
[07:08:09] 986.2, 124.3, 7.944
[07:08:10] 986.4, 124.9, 5.546
[07:08:11] 741.0, 125.1, 5.185
[07:08:12] 649.1, 125.1, 5.178
[07:08:13] 649.0, 125.1, 5.171
[07:08:14] 648.8, 125.0, 5.186
[07:08:15] 649.3, 124.3, 7.885
[07:08:16] 983.7, 124.4, 7.918
[07:08:17] 983.9, 124.4, 7.921
[07:08:18] 984.3, 124.3, 7.920
[07:08:19] 984.7, 124.4, 7.946
[07:08:20] 985.2, 124.3, 7.953
[07:08:21] 985.8, 124.3, 7.954
[07:08:22] 986.4, 124.3, 7.959
[07:08:23] 986.9, 124.3, 7.954
[07:08:24] 987.4, 124.3, 7.960
[07:08:25] 987.8, 124.3, 7.957
[07:08:26] 988.1, 124.4, 7.958
[07:08:27] 988.5, 124.2, 7.966
[07:08:28] 988.8, 124.2, 7.969
[07:08:29] 989.2, 124.3, 7.959
[07:08:30] 989.5, 124.3, 7.968
[07:08:31] 989.8, 124.3, 7.965
[07:08:32] 990.0, 124.3, 7.976
[07:08:33] 990.3, 124.3, 7.973
[07:08:34] 989.9, 124.9, 5.234
[07:08:35] 652.2, 124.9, 5.222
[07:08:36] 652.0, 125.0, 5.204
[07:08:37] 651.9, 125.0, 5.199
