<<<[13:10:33] 648.3, 122.9, 5.249
[13:10:34] 647.9, 122.9, 5.249
[13:10:35] 647.6, 122.9, 5.247
[13:10:36] 647.7, 122.8, 5.429
[13:10:37] 670.7, 122.8, 5.481
[13:10:38] 671.0, 122.9, 5.452
[13:10:39] 670.7, 122.8, 5.433
[13:10:40] 663.2, 122.9, 5.425
[13:10:41] 663.3, 122.9, 5.385
[13:10:42] 663.2, 122.9, 5.290
[13:10:43] 655.2, 123.0, 5.246
[13:10:44] 644.7, 123.0, 5.247
[13:10:45] 644.7, 123.0, 5.246
[13:10:46] 644.7, 122.9, 5.247
[13:10:47] 644.7, 122.5, 6.909
[13:10:48] 740.8, 123.0, 5.245
[13:10:49] 644.7, 122.9, 5.244
[13:10:50] 644.6, 123.0, 5.237
[13:10:51] 644.5, 123.0, 5.239
[13:10:52] 644.4, 122.5, 6.869
[13:10:53] 740.0, 123.0, 5.238
[13:10:54] 643.9, 123.0, 5.237
[13:10:55] 643.9, 123.0, 5.240
[13:10:56] 643.9, 123.0, 5.237
[13:10:57] 643.8, 122.5, 6.819
[13:10:58] 739.6, 122.9, 5.242
[13:10:59] 644.1, 122.9, 5.239
[13:11:00] 644.0, 122.9, 5.242
[13:11:01] 644.0, 122.8, 5.243
[13:11:02] 644.0, 122.4, 6.758
[13:11:03] 739.2, 122.9, 5.242
[13:11:04] 643.9, 122.8, 5.242
[13:11:05] 643.9, 122.9, 5.238
[13:11:06] 643.9, 122.9, 5.241
[13:11:07] 643.8, 122.5, 6.676
[13:11:08] 738.2, 123.0, 5.239
[13:11:09] 643.7, 123.0, 5.233
[13:11:10] 643.6, 122.9, 5.239
[13:11:11] 643.6, 122.9, 5.237
[13:11:12] 643.6, 122.5, 6.585
[13:11:13] 737.1, 122.8, 5.242
[13:11:14] 643.9, 122.9, 5.241
[13:11:15] 643.8, 122.8, 5.239
[13:11:16] 643.8, 122.8, 5.238
[13:11:17] 643.8, 122.5, 6.471
[13:11:18] 734.5, 122.9, 5.238
[13:11:19] 643.7, 122.9, 5.240
[13:11:20] 643.6, 122.8, 5.238
[13:11:21] 643.6, 122.9, 5.233
[13:11:22] 643.6, 122.6, 5.807
[13:11:23] 730.0, 122.9, 5.239
[13:11:24] 643.6, 122.9, 5.241
[13:11:25] 643.6, 122.9, 5.229
[13:11:26] 643.5, 122.9, 5.237
[13:11:27] 643.4, 122.9, 5.234
[13:11:28] 759.1, 122.9, 5.246
[13:11:29] 655.4, 122.9, 5.242
[13:11:30] 643.7, 122.8, 5.239
[13:11:31] 643.6, 122.9, 5.239
[13:11:32] 643.6, 122.8, 5.239
[13:11:33] 740.6, 122.9, 5.324
[13:11:34] 706.3, 122.9, 5.238
[13:11:35] 643.7, 122.9, 5.237
[13:11:36] 643.6, 122.9, 5.240
[13:11:37] 643.6, 122.9, 5.238
[13:11:38] 665.8, 122.4, 7.434
[13:11:39] 846.1, 122.9, 5.244
[13:11:40] 643.9, 122.9, 5.238
[13:11:41] 643.8, 123.0, 5.227
[13:11:42] 643.7, 122.9, 5.236
[13:11:43] 643.6, 122.3, 7.566
[13:11:44] 851.2, 122.4, 7.336
[13:11:45] 841.6, 122.9, 5.249
[13:11:46] 644.1, 122.9, 5.246
[13:11:47] 644.0, 122.9, 5.242
[13:11:48] 643.9, 122.9, 5.242
[13:11:49] 643.9, 122.2, 7.916
[13:11:50] 879.0, 122.2, 8.120
[13:11:51] 993.1, 122.6, 6.617
[13:11:52] 779.2, 122.8, 5.257
[13:11:53] 644.9, 122.8, 5.249
[13:11:54] 644.8, 122.8, 5.248
[13:11:55] 644.7, 122.8, 5.245
[13:11:56] 644.5, 122.2, 8.079
[13:11:57] 937.0, 122.2, 8.122
[13:11:58] 993.9, 122.2, 8.132
[13:11:59] 994.0, 122.1, 8.147
[13:12:00] 977.6, 122.9, 5.281
[13:12:01] 669.9, 122.8, 5.260
[13:12:02] 645.7, 122.8, 5.252
[13:12:03] 645.5, 122.8, 5.249
[13:12:04] 645.4, 122.9, 5.247
[13:12:05] 708.1, 122.1, 8.122
[13:12:06] 992.5, 122.1, 8.132
[13:12:07] 992.7, 122.1, 8.150
[13:12:08] 993.2, 122.1, 8.157
[13:12:09] 993.7, 122.1, 8.163
[13:12:10] 994.3, 122.1, 8.164
[13:12:11] 994.8, 122.2, 8.167
[13:12:12] 995.4, 122.5, 7.010
[13:12:13] 787.6, 122.8, 5.268
[13:12:14] 647.3, 122.8, 5.265
[13:12:15] 647.1, 122.8, 5.260
[13:12:16] 646.9, 122.8, 5.254
[13:12:17] 646.7, 122.0, 8.110
[13:12:18] 949.2, 122.0, 8.146
[13:12:19] 995.9, 122.1, 8.154
[13:12:20] 996.0, 122.1, 8.165
[13:12:21] 996.3, 122.1, 8.168
[13:12:22] 996.6, 122.1, 8.172
[13:12:23] 997.0, 122.2, 8.179
[13:12:24] 997.4, 122.2, 8.175
[13:12:25] 997.8, 122.2, 8.178
[13:12:26] 998.0, 122.2, 8.180
[13:12:27] 998.4, 122.2, 8.185
[13:12:28] 998.7, 122.2, 8.186
[13:12:29] 999.0, 122.2, 8.185
[13:12:30] 999.3, 122.2, 8.191
[13:12:31] 999.7, 122.2, 8.192
[13:12:32] 910.3, 122.9, 5.294
[13:12:33] 649.9, 123.0, 5.280
[13:12:34] 649.6, 122.9, 5.271
[13:12:35] 649.3, 122.8, 5.267
[13:12:36] 648.9, 122.9, 5.265
