<<<[17:31:02] 643.7, 122.5, 5.244
[17:31:03] 643.7, 122.5, 5.242
[17:31:04] 643.6, 122.4, 5.446
[17:31:05] 662.4, 122.4, 5.477
[17:31:06] 662.9, 122.4, 5.475
[17:31:07] 668.6, 122.4, 5.455
[17:31:08] 668.5, 122.4, 5.452
[17:31:09] 668.5, 122.4, 5.423
[17:31:10] 668.3, 122.4, 5.391
[17:31:11] 668.0, 122.4, 5.387
[17:31:12] 667.9, 122.5, 5.421
[17:31:13] 667.8, 122.5, 5.452
[17:31:14] 667.7, 122.5, 5.478
[17:31:15] 667.7, 122.5, 5.500
[17:31:16] 667.8, 122.5, 5.473
[17:31:17] 667.8, 122.5, 5.460
[17:31:18] 667.7, 122.4, 5.447
[17:31:19] 667.7, 122.4, 5.425
[17:31:20] 667.8, 122.4, 5.430
[17:31:21] 667.9, 122.4, 5.419
[17:31:22] 668.0, 122.5, 5.422
[17:31:23] 668.1, 122.4, 5.447
[17:31:24] 668.0, 122.4, 5.485
[17:31:25] 667.9, 122.5, 5.491
[17:31:26] 667.8, 122.5, 5.461
[17:31:27] 667.9, 122.4, 5.443
[17:31:28] 667.7, 122.4, 5.419
[17:31:29] 667.8, 122.3, 5.431
[17:31:30] 667.8, 122.4, 5.412
[17:31:31] 667.8, 122.4, 5.425
[17:31:32] 667.8, 122.4, 5.444
[17:31:33] 667.8, 122.3, 5.456
[17:31:34] 667.8, 122.3, 5.482
[17:31:35] 667.7, 122.3, 5.492
[17:31:36] 667.6, 122.4, 5.485
[17:31:37] 667.5, 122.3, 5.465
[17:31:38] 667.4, 122.3, 5.502
[17:31:39] 672.9, 122.4, 5.436
[17:31:40] 672.3, 122.4, 5.410
[17:31:41] 671.7, 122.5, 5.421
[17:31:42] 671.2, 122.5, 5.402
[17:31:43] 670.9, 122.4, 5.442
[17:31:44] 670.6, 122.4, 5.446
[17:31:45] 670.1, 122.4, 5.475
[17:31:46] 669.7, 122.4, 5.490
[17:31:47] 669.3, 122.4, 5.496
[17:31:48] 669.0, 122.3, 5.462
[17:31:49] 668.8, 122.3, 5.459
[17:31:50] 668.7, 122.3, 5.452
[17:31:51] 668.6, 122.3, 5.403
[17:31:52] 668.3, 122.3, 5.432
[17:31:53] 668.4, 122.3, 5.441
[17:31:54] 668.3, 122.3, 5.463
[17:31:55] 668.2, 122.2, 5.484
[17:31:56] 668.2, 122.2, 5.489
[17:31:57] 668.2, 122.3, 5.483
[17:31:58] 668.1, 122.3, 5.450
[17:31:59] 668.0, 122.3, 5.451
[17:32:00] 668.1, 122.4, 5.402
[17:32:01] 668.1, 122.4, 5.393
[17:32:02] 668.1, 122.4, 5.422
[17:32:03] 668.1, 122.4, 5.447
[17:32:04] 667.9, 122.4, 5.454
[17:32:05] 667.7, 122.4, 5.496
[17:32:06] 667.6, 122.5, 5.477
[17:32:07] 667.5, 122.5, 5.457
[17:32:08] 667.4, 122.5, 5.448
[17:32:09] 667.3, 122.5, 5.422
[17:32:10] 667.3, 122.6, 5.427
[17:32:11] 667.3, 122.5, 5.408
[17:32:12] 667.2, 122.4, 5.397
[17:32:13] 667.4, 122.5, 5.416
[17:32:14] 667.3, 122.4, 5.455
[17:32:15] 667.3, 122.5, 5.461
[17:32:16] 667.1, 122.5, 5.487
[17:32:17] 667.3, 122.5, 5.490
[17:32:18] 667.2, 122.4, 5.467
[17:32:19] 667.2, 122.4, 5.448
[17:32:20] 667.2, 122.4, 5.438
[17:32:21] 667.3, 122.4, 5.421
[17:32:22] 667.4, 122.4, 5.451
[17:32:23] 667.4, 122.4, 5.401
[17:32:24] 667.3, 122.4, 5.439
[17:32:25] 667.3, 122.4, 5.435
[17:32:26] 667.4, 122.4, 5.477
[17:32:27] 667.5, 122.3, 5.490
[17:32:28] 667.7, 122.3, 5.493
[17:32:29] 667.7, 122.4, 5.493
[17:32:30] 667.7, 122.4, 5.458
[17:32:31] 667.7, 122.4, 5.441
[17:32:32] 667.6, 122.4, 5.424
[17:32:33] 667.5, 122.5, 5.419
[17:32:34] 667.5, 122.5, 5.411
[17:32:35] 667.5, 122.5, 5.383
[17:32:36] 667.5, 122.5, 5.423
[17:32:37] 667.6, 122.5, 5.450
[17:32:38] 667.7, 122.5, 5.472
[17:32:39] 667.7, 122.5, 5.491
[17:32:40] 667.8, 122.5, 5.408
[17:32:41] 668.0, 122.5, 5.443
[17:32:42] 668.1, 122.5, 5.443
[17:32:43] 668.2, 122.6, 5.467
[17:32:44] 668.1, 122.6, 5.405
[17:32:45] 668.2, 122.5, 5.471
[17:32:46] 668.2, 122.5, 5.438
[17:32:47] 668.2, 122.5, 5.442
[17:32:48] 668.2, 122.5, 5.492
[17:32:49] 668.2, 122.5, 5.435
[17:32:50] 668.4, 122.5, 5.448
[17:32:51] 668.4, 122.6, 5.480
[17:32:52] 668.3, 122.5, 5.427
[17:32:53] 668.3, 122.4, 5.453
[17:32:54] 668.3, 122.5, 5.460
[17:32:55] 668.5, 122.5, 5.464
[17:32:56] 668.3, 122.4, 5.518
[17:32:57] 668.3, 122.4, 5.462
[17:32:58] 668.2, 122.5, 5.477
[17:32:59] 668.1, 122.5, 5.407
[17:33:00] 668.4, 122.4, 5.451
[17:33:01] 668.2, 122.5, 5.478
[17:33:02] 668.1, 122.5, 5.421
[17:33:03] 668.2, 122.5, 5.474
[17:33:04] 668.1, 122.5, 5.480
[17:33:05] 668.1, 122.3, 5.458
[17:33:06] 668.1, 122.4, 5.406
[17:33:07] 668.1, 122.6, 5.408
[17:33:08] 668.1, 122.5, 5.457
[17:33:09] 667.8, 122.4, 5.461
[17:33:10] 667.7, 122.4, 5.407
[17:33:11] 667.8, 122.3, 5.464
[17:33:12] 667.7, 122.4, 5.456
[17:33:13] 667.6, 122.4, 5.395
[17:33:14] 667.7, 122.3, 5.489
[17:33:15] 667.7, 122.4, 5.450
[17:33:16] 667.8, 122.4, 5.409
[17:33:17] 667.8, 122.4, 5.452
[17:33:18] 667.9, 122.4, 5.436
[17:33:19] 667.9, 122.4, 5.447
[17:33:20] 667.5, 122.4, 5.486
[17:33:21] 667.4, 122.4, 5.405
[17:33:22] 667.6, 122.4, 5.466
[17:33:23] 667.7, 122.5, 5.476
[17:33:24] 667.6, 122.4, 5.399
[17:33:25] 667.6, 122.5, 5.445
[17:33:26] 667.7, 122.6, 5.477
[17:33:27] 667.8, 122.6, 5.392
[17:33:28] 668.0, 122.6, 5.478
[17:33:29] 667.9, 122.6, 5.462
[17:33:30] 668.0, 122.6, 5.391
[17:33:31] 668.1, 122.6, 5.375
[17:33:32] 662.3, 122.5, 5.436
[17:33:33] 670.9, 122.5, 5.490
[17:33:34] 670.5, 122.5, 5.412
[17:33:35] 670.3, 122.4, 5.434
[17:33:36] 669.9, 122.4, 5.496
[17:33:37] 669.6, 122.5, 5.401
[17:33:38] 669.4, 122.4, 5.429
[17:33:39] 669.3, 122.5, 5.473
[17:33:40] 669.1, 122.5, 5.397
[17:33:41] 668.9, 122.5, 5.448
[17:33:42] 668.6, 122.5, 5.479
[17:33:43] 668.5, 122.6, 5.398
[17:33:44] 668.5, 122.5, 5.422
[17:33:45] 668.3, 122.5, 5.465
[17:33:46] 668.3, 122.5, 5.394
[17:33:47] 668.2, 122.4, 5.448
[17:33:48] 668.0, 122.5, 5.465
[17:33:49] 667.9, 122.5, 5.388
[17:33:50] 667.9, 122.5, 5.472
[17:33:51] 667.7, 122.6, 5.441
[17:33:52] 667.6, 122.6, 5.390
[17:33:53] 667.6, 122.5, 5.463
[17:33:54] 667.4, 122.5, 5.441
[17:33:55] 667.5, 122.5, 5.383
[17:33:56] 667.5, 122.4, 5.492
[17:33:57] 667.5, 122.5, 5.471
[17:33:58] 667.6, 122.4, 5.417
[17:33:59] 667.7, 122.4, 5.484
[17:34:00] 667.7, 122.5, 5.478
[17:34:01] 667.7, 122.5, 5.465
[17:34:02] 667.6, 122.5, 5.415
[17:34:03] 667.7, 122.4, 5.481
[17:34:04] 667.7, 122.5, 5.450
[17:34:05] 667.7, 122.4, 5.423
[17:34:06] 667.8, 122.3, 5.495
[17:34:07] 667.6, 122.5, 5.413
[17:34:08] 667.4, 122.4, 5.393
[17:34:09] 667.5, 122.4, 5.472
[17:34:10] 667.4, 122.5, 5.423
[17:34:11] 667.5, 122.4, 5.401
[17:34:12] 667.6, 122.4, 5.483
[17:34:13] 667.6, 122.4, 5.417
[17:34:14] 667.7, 122.5, 5.424
[17:34:15] 667.6, 122.4, 5.499
[17:34:16] 667.5, 122.5, 5.441
[17:34:17] 667.7, 122.5, 5.394
[17:34:18] 667.5, 122.5, 5.433
[17:34:19] 667.6, 122.5, 5.447
[17:34:20] 667.6, 122.6, 5.486
[17:34:21] 667.5, 122.6, 5.416
[17:34:22] 667.5, 122.5, 5.436
[17:34:23] 667.4, 122.6, 5.466
[17:34:24] 667.5, 122.6, 5.389
[17:34:25] 667.5, 122.6, 5.437
[17:34:26] 667.5, 122.6, 5.475
[17:34:27] 667.5, 122.7, 5.388
[17:34:28] 667.5, 122.6, 5.464
[17:34:29] 667.5, 122.6, 5.460
[17:34:30] 667.4, 122.7, 5.389
[17:34:31] 667.5, 122.7, 5.434
[17:34:32] 667.4, 122.5, 5.465
[17:34:33] 667.4, 122.6, 5.395
[17:34:34] 667.5, 122.5, 5.456
[17:34:35] 667.3, 122.5, 5.452
[17:34:36] 667.3, 122.6, 5.389
[17:34:37] 667.4, 122.6, 5.451
[17:34:38] 667.2, 122.5, 5.453
[17:34:39] 667.1, 122.5, 5.390
[17:34:40] 667.1, 122.4, 5.468
[17:34:41] 667.3, 122.4, 5.474
[17:34:42] 667.9, 122.4, 5.492
[17:34:43] 668.4, 122.4, 5.479
[17:34:44] 668.8, 122.4, 5.488
[17:34:45] 669.1, 122.3, 5.502
[17:34:46] 669.6, 122.5, 5.526
[17:34:47] 670.0, 122.5, 5.470
[17:34:48] 670.1, 122.5, 5.505
[17:34:49] 670.2, 122.6, 5.468
[17:34:50] 670.2, 122.6, 5.466
[17:34:51] 670.2, 122.5, 5.490
[17:34:52] 670.2, 122.5, 5.369
[17:34:53] 660.3, 122.5, 5.374
[17:34:54] 660.4, 122.5, 5.367
[17:34:55] 660.3, 122.6, 5.361
[17:34:56] 660.0, 122.6, 5.373
[17:34:57] 660.3, 122.6, 5.356
[17:34:58] 659.9, 122.5, 5.360
[17:34:59] 659.9, 122.5, 5.358
[17:35:00] 660.0, 122.6, 5.416
[17:35:01] 660.4, 122.6, 5.361
[17:35:02] 660.1, 122.6, 5.365
[17:35:03] 660.1, 122.5, 5.356
[17:35:04] 659.8, 122.5, 5.363
[17:35:05] 660.0, 122.6, 5.360
[17:35:06] 659.8, 122.6, 5.359
[17:35:07] 659.7, 122.4, 5.362
[17:35:08] 659.9, 122.4, 5.479
[17:35:09] 671.3, 122.6, 5.415
[17:35:10] 663.4, 122.5, 5.365
[17:35:11] 657.7, 122.5, 5.364
[17:35:12] 657.8, 122.5, 5.359
[17:35:13] 658.0, 122.6, 5.358
[17:35:14] 658.3, 122.6, 5.363
[17:35:15] 658.5, 122.5, 5.356
[17:35:16] 658.4, 122.6, 5.359
[17:35:17] 658.8, 122.6, 5.378
[17:35:18] 659.3, 122.5, 5.362
[17:35:19] 659.1, 122.5, 5.358
[17:35:20] 659.1, 122.5, 5.367
[17:35:21] 659.3, 122.4, 5.358
[17:35:22] 659.4, 122.4, 5.363
[17:35:23] 659.4, 122.4, 5.366
[17:35:24] 659.2, 122.5, 5.371
[17:35:25] 659.8, 122.4, 5.500
[17:35:26] 673.7, 122.5, 5.467
[17:35:27] 673.2, 122.5, 5.458
[17:35:28] 672.8, 122.4, 5.379
[17:35:29] 661.9, 122.4, 5.380
[17:35:30] 661.6, 122.5, 5.377
[17:35:31] 661.3, 122.4, 5.377
[17:35:32] 661.5, 122.3, 5.386
[17:35:33] 661.3, 122.5, 5.375
[17:35:34] 661.1, 122.5, 5.378
[17:35:35] 660.8, 122.4, 5.379
[17:35:36] 661.3, 122.4, 5.389
[17:35:37] 661.3, 122.4, 5.379
[17:35:38] 661.1, 122.5, 5.384
[17:35:39] 660.9, 122.5, 5.368
[17:35:40] 661.0, 122.5, 5.376
[17:35:41] 660.7, 122.4, 5.375
[17:35:42] 660.6, 122.4, 5.366
[17:35:43] 660.3, 122.5, 5.393
[17:35:44] 660.8, 122.4, 5.494
[17:35:45] 668.9, 122.4, 5.364
[17:35:46] 658.1, 122.4, 5.440
[17:35:47] 658.2, 122.4, 5.383
[17:35:48] 658.2, 122.3, 5.473
[17:35:49] 658.6, 122.5, 5.378
[17:35:50] 658.6, 122.5, 5.382
[17:35:51] 658.7, 122.4, 5.366
[17:35:52] 658.6, 122.3, 5.491
[17:35:53] 666.2, 122.4, 5.372
[17:35:54] 657.5, 122.4, 5.439
[17:35:55] 657.6, 122.4, 5.371
[17:35:56] 657.6, 122.5, 5.461
[17:35:57] 658.1, 122.4, 5.376
[17:35:58] 658.1, 122.4, 5.372
[17:35:59] 658.2, 122.5, 5.364
[17:36:00] 658.1, 122.4, 5.474
[17:36:01] 671.1, 122.4, 5.490
[17:36:02] 671.1, 122.4, 5.483
[17:36:03] 671.1, 122.4, 5.448
[17:36:04] 671.0, 122.4, 5.452
[17:36:05] 670.6, 122.6, 5.446
[17:36:06] 670.4, 122.6, 5.366
[17:36:07] 661.9, 122.6, 5.352
[17:36:08] 661.3, 122.6, 5.362
[17:36:09] 661.1, 122.6, 5.359
[17:36:10] 660.9, 122.6, 5.360
[17:36:11] 660.8, 122.5, 5.367
[17:36:12] 660.6, 122.5, 5.368
[17:36:13] 660.3, 122.6, 5.372
[17:36:14] 660.7, 122.5, 5.369
[17:36:15] 660.7, 122.5, 5.355
[17:36:16] 660.3, 122.6, 5.354
[17:36:17] 660.2, 122.5, 5.356
[17:36:18] 660.1, 122.5, 5.359
[17:36:19] 660.1, 122.5, 5.360
[17:36:20] 659.9, 122.5, 5.363
[17:36:21] 659.6, 122.4, 5.362
[17:36:22] 659.9, 122.3, 5.512
[17:36:23] 671.9, 122.5, 5.361
[17:36:24] 657.3, 122.4, 5.364
[17:36:25] 657.4, 122.4, 5.365
[17:36:26] 657.4, 122.3, 5.439
[17:36:27] 658.0, 122.4, 5.362
[17:36:28] 658.0, 122.4, 5.431
[17:36:29] 658.1, 122.4, 5.378
[17:36:30] 658.0, 122.4, 5.473
[17:36:31] 666.0, 122.6, 5.368
[17:36:32] 658.3, 122.6, 5.371
[17:36:33] 658.4, 122.5, 5.371
[17:36:34] 658.4, 122.4, 5.467
[17:36:35] 658.8, 122.5, 5.382
[17:36:36] 658.7, 122.6, 5.431
[17:36:37] 658.8, 122.5, 5.367
[17:36:38] 658.7, 122.4, 5.496
[17:36:39] 670.5, 122.4, 5.488
[17:36:40] 670.7, 122.5, 5.481
[17:36:41] 670.5, 122.5, 5.370
[17:36:42] 658.3, 122.4, 5.440
[17:36:43] 658.4, 122.5, 5.399
[17:36:44] 658.5, 122.5, 5.491
[17:36:45] 659.0, 122.5, 5.402
[17:36:46] 658.9, 122.4, 5.394
[17:36:47] 659.0, 122.4, 5.366
[17:36:48] 658.8, 122.5, 5.505
[17:36:49] 667.4, 122.4, 5.360
[17:36:50] 657.7, 122.4, 5.450
[17:36:51] 657.9, 122.5, 5.378
[17:36:52] 657.8, 122.5, 5.489
[17:36:53] 658.4, 122.4, 5.374
[17:36:54] 658.3, 122.5, 5.368
[17:36:55] 658.4, 122.6, 5.356
[17:36:56] 658.3, 122.6, 5.487
[17:36:57] 673.7, 122.5, 5.365
[17:36:58] 662.1, 122.6, 5.353
[17:36:59] 661.5, 122.6, 5.359
[17:37:00] 661.2, 122.6, 5.357
[17:37:01] 661.1, 122.6, 5.358
[17:37:02] 660.9, 122.5, 5.360
[17:37:03] 660.6, 122.6, 5.360
[17:37:04] 660.2, 122.6, 5.357
[17:37:05] 660.5, 122.5, 5.364
[17:37:06] 660.7, 122.5, 5.357
[17:37:07] 660.3, 122.6, 5.358
[17:37:08] 660.2, 122.5, 5.359
[17:37:09] 660.2, 122.5, 5.370
[17:37:10] 660.2, 122.6, 5.368
[17:37:11] 660.1, 122.6, 5.368
[17:37:12] 659.8, 122.5, 5.368
[17:37:13] 660.4, 122.6, 5.503
[17:37:14] 672.9, 122.6, 5.494
[17:37:15] 672.9, 122.5, 5.502
[17:37:16] 672.9, 122.6, 5.470
[17:37:17] 672.8, 122.6, 5.498
[17:37:18] 672.7, 122.4, 5.497
[17:37:19] 672.6, 122.5, 5.460
[17:37:20] 672.2, 122.5, 5.454
[17:37:21] 671.8, 122.4, 5.499
[17:37:22] 671.8, 122.5, 5.455
[17:37:23] 671.4, 122.5, 5.458
[17:37:24] 671.0, 122.4, 5.470
[17:37:25] 670.8, 122.5, 5.456
[17:37:26] 670.6, 122.5, 5.499
[17:37:27] 671.0, 122.5, 5.357
[17:37:28] 657.9, 122.5, 5.357
[17:37:29] 658.0, 122.6, 5.356
[17:37:30] 657.9, 122.5, 5.368
[17:37:31] 658.4, 122.5, 5.357
[17:37:32] 658.3, 122.6, 5.388
[17:37:33] 658.3, 122.5, 5.383
[17:37:34] 658.3, 122.4, 5.472
[17:37:35] 665.8, 122.6, 5.358
[17:37:36] 657.7, 122.6, 5.354
[17:37:37] 657.8, 122.6, 5.354
[17:37:38] 657.7, 122.6, 5.431
[17:37:39] 658.2, 122.6, 5.357
[17:37:40] 658.1, 122.6, 5.434
[17:37:41] 658.2, 122.5, 5.372
[17:37:42] 658.1, 122.6, 5.469
[17:37:43] 668.4, 122.6, 5.474
[17:37:44] 668.0, 122.5, 5.376
[17:37:45] 657.9, 122.6, 5.375
[17:37:46] 658.0, 122.5, 5.363
[17:37:47] 658.0, 122.6, 5.376
[17:37:48] 658.4, 122.5, 5.363
[17:37:49] 658.4, 122.5, 5.359
[17:37:50] 658.4, 122.6, 5.367
[17:37:51] 658.7, 122.5, 5.415
[17:37:52] 664.2, 122.6, 5.365
[17:37:53] 658.1, 122.5, 5.365
[17:37:54] 658.2, 122.5, 5.360
[17:37:55] 658.2, 122.6, 5.362
[17:37:56] 658.6, 122.5, 5.368
[17:37:57] 658.7, 122.6, 5.364
[17:37:58] 658.6, 122.6, 5.364
[17:37:59] 659.0, 122.4, 5.488
[17:38:00] 672.3, 122.5, 5.487
[17:38:01] 672.1, 122.5, 5.398
[17:38:02] 663.2, 122.4, 5.371
[17:38:03] 662.5, 122.5, 5.377
[17:38:04] 662.2, 122.6, 5.374
[17:38:05] 661.9, 122.5, 5.371
[17:38:06] 661.8, 122.5, 5.361
[17:38:07] 661.5, 122.6, 5.361
[17:38:08] 661.1, 122.6, 5.365
[17:38:09] 661.2, 122.5, 5.371
[17:38:10] 661.4, 122.5, 5.361
[17:38:11] 661.0, 122.6, 5.359
[17:38:12] 660.8, 122.6, 5.365
[17:38:13] 660.8, 122.6, 5.360
[17:38:14] 660.7, 122.6, 5.363
[17:38:15] 660.7, 122.5, 5.359
[17:38:16] 660.4, 122.6, 5.360
[17:38:17] 660.7, 122.5, 5.513
[17:38:18] 673.7, 122.6, 5.372
[17:38:19] 658.7, 122.6, 5.371
[17:38:20] 658.8, 122.6, 5.375
[17:38:21] 658.8, 122.5, 5.430
[17:38:22] 659.3, 122.5, 5.363
[17:38:23] 659.1, 122.5, 5.437
[17:38:24] 659.2, 122.6, 5.379
[17:38:25] 659.1, 122.4, 5.482
[17:38:26] 667.0, 122.5, 5.366
[17:38:27] 658.7, 122.5, 5.364
[17:38:28] 658.8, 122.5, 5.408
[17:38:29] 658.7, 122.6, 5.481
[17:38:30] 659.2, 122.6, 5.398
[17:38:31] 659.1, 122.6, 5.402
[17:38:32] 659.2, 122.5, 5.380
[17:38:33] 659.2, 122.5, 5.495
[17:38:34] 671.7, 122.4, 5.507
[17:38:35] 672.0, 122.5, 5.492
[17:38:36] 672.1, 122.5, 5.502
[17:38:37] 672.1, 122.5, 5.470
[17:38:38] 671.9, 122.4, 5.517
[17:38:39] 671.4, 122.6, 5.387
[17:38:40] 658.3, 122.6, 5.387
[17:38:41] 658.5, 122.5, 5.365
[17:38:42] 658.4, 122.5, 5.388
[17:38:43] 658.9, 122.6, 5.365
[17:38:44] 658.8, 122.6, 5.364
[17:38:45] 658.9, 122.4, 5.362
[17:38:46] 659.0, 122.6, 5.456
[17:38:47] 665.4, 122.6, 5.377
[17:38:48] 658.9, 122.5, 5.380
[17:38:49] 659.0, 122.6, 5.369
[17:38:50] 659.0, 122.5, 5.382
[17:38:51] 659.5, 122.6, 5.372
[17:38:52] 659.4, 122.5, 5.373
[17:38:53] 659.5, 122.6, 5.368
[17:38:54] 659.8, 122.6, 5.481
[17:38:55] 673.3, 122.6, 5.362
[17:38:56] 660.1, 122.7, 5.364
[17:38:57] 660.1, 122.6, 5.360
[17:38:58] 659.8, 122.6, 5.359
[17:38:59] 660.1, 122.5, 5.362
[17:39:00] 659.8, 122.6, 5.361
[17:39:01] 659.8, 122.5, 5.367
[17:39:02] 659.6, 122.5, 5.472
[17:39:03] 667.2, 122.5, 5.376
[17:39:04] 659.5, 122.4, 5.377
[17:39:05] 659.6, 122.5, 5.372
[17:39:06] 659.5, 122.5, 5.381
[17:39:07] 660.0, 122.3, 5.377
[17:39:08] 659.9, 122.5, 5.384
[17:39:09] 660.0, 122.4, 5.420
[17:39:10] 659.9, 122.3, 5.484
[17:39:11] 668.0, 122.4, 5.484
[17:39:12] 673.5, 122.3, 5.489
[17:39:13] 673.4, 122.5, 5.371
[17:39:14] 658.3, 122.5, 5.370
[17:39:15] 658.5, 122.5, 5.366
[17:39:16] 658.4, 122.4, 5.397
[17:39:17] 658.9, 122.4, 5.366
[17:39:18] 658.9, 122.5, 5.432
[17:39:19] 659.1, 122.5, 5.399
[17:39:20] 659.1, 122.5, 5.505
[17:39:21] 668.4, 122.6, 5.370
[17:39:22] 659.1, 122.6, 5.370
[17:39:23] 659.2, 122.6, 5.368
[17:39:24] 659.2, 122.6, 5.464
[17:39:25] 659.6, 122.6, 5.369
[17:39:26] 659.6, 122.6, 5.461
[17:39:27] 659.7, 122.7, 5.369
[17:39:28] 659.5, 122.6, 5.486
[17:39:29] 670.1, 122.5, 5.464
[17:39:30] 669.5, 122.6, 5.370
[17:39:31] 658.5, 122.6, 5.370
[17:39:32] 658.6, 122.5, 5.364
[17:39:33] 658.6, 122.6, 5.374
[17:39:34] 659.1, 122.6, 5.363
[17:39:35] 659.0, 122.5, 5.367
[17:39:36] 659.2, 122.6, 5.359
[17:39:37] 659.4, 122.5, 5.409
[17:39:38] 660.0, 122.5, 5.368
[17:39:39] 659.8, 122.6, 5.362
[17:39:40] 659.8, 122.5, 5.366
[17:39:41] 659.8, 122.6, 5.363
[17:39:42] 659.9, 122.4, 5.368
[17:39:43] 659.9, 122.5, 5.368
[17:39:44] 659.8, 122.5, 5.372
[17:39:45] 660.1, 122.3, 5.502
[17:39:46] 672.9, 122.5, 5.499
[17:39:47] 672.8, 122.5, 5.482
[17:39:48] 672.8, 122.4, 5.502
[17:39:49] 672.9, 122.5, 5.482
[17:39:50] 672.9, 122.4, 5.503
[17:39:51] 672.9, 122.5, 5.475
[17:39:52] 673.0, 122.5, 5.507
[17:39:53] 673.1, 122.5, 5.477
[17:39:54] 672.9, 122.5, 5.505
[17:39:55] 673.1, 122.5, 5.508
[17:39:56] 673.3, 122.4, 5.523
[17:39:57] 673.6, 122.5, 5.490
[17:39:58] 673.2, 122.4, 5.457
[17:39:59] 672.7, 122.5, 5.456
[17:40:00] 672.3, 122.5, 5.472
[17:40:01] 672.1, 122.4, 5.484
[17:40:02] 671.8, 122.4, 5.481
[17:40:03] 671.6, 122.5, 5.472
[17:40:04] 671.4, 122.4, 5.492
[17:40:05] 671.7, 122.6, 5.474
[17:40:06] 671.6, 122.5, 5.472
[17:40:07] 671.5, 122.4, 5.460
[17:40:08] 671.3, 122.5, 5.490
[17:40:09] 671.3, 122.4, 5.472
[17:40:10] 671.2, 122.4, 5.473
[17:40:11] 671.0, 122.5, 5.494
[17:40:12] 670.9, 122.4, 5.478
[17:40:13] 670.9, 122.4, 5.479
[17:40:14] 670.9, 122.5, 5.460
[17:40:15] 670.7, 122.5, 5.467
[17:40:16] 670.6, 122.5, 5.458
[17:40:17] 670.5, 122.5, 5.502
[17:40:18] 670.9, 122.5, 5.503
[17:40:19] 671.4, 122.6, 5.366
[17:40:20] 660.9, 122.6, 5.362
[17:40:21] 660.6, 122.6, 5.362
[17:40:22] 660.5, 122.7, 5.361
[17:40:23] 660.3, 122.6, 5.388
[17:40:24] 660.7, 122.6, 5.370
[17:40:25] 660.5, 122.6, 5.390
[17:40:26] 660.4, 122.6, 5.373
[17:40:27] 660.2, 122.5, 5.503
[17:40:28] 669.5, 122.6, 5.374
[17:40:29] 659.3, 122.6, 5.374
[17:40:30] 659.4, 122.6, 5.363
[17:40:31] 659.4, 122.6, 5.361
[17:40:32] 659.4, 122.7, 5.371
[17:40:33] 659.7, 122.5, 5.367
[17:40:34] 659.6, 122.5, 5.372
[17:40:35] 659.8, 122.6, 5.366
[17:40:36] 659.6, 122.4, 5.509
[17:40:37] 672.5, 122.4, 5.489
[17:40:38] 666.8, 122.5, 5.422
[17:40:39] 659.7, 122.5, 5.447
[17:40:40] 659.8, 122.6, 5.396
[17:40:41] 659.7, 122.6, 5.426
[17:40:42] 660.2, 122.5, 5.365
[17:40:43] 660.0, 122.6, 5.363
[17:40:44] 660.1, 122.6, 5.363
[17:40:45] 659.9, 122.6, 5.363
[17:40:46] 660.2, 122.6, 5.391
[17:40:47] 660.8, 122.5, 5.379
[17:40:48] 660.7, 122.5, 5.388
[17:40:49] 660.7, 122.6, 5.377
[17:40:50] 660.5, 122.5, 5.484
[17:40:51] 660.9, 122.6, 5.444
[17:40:52] 661.3, 122.6, 5.451
[17:40:53] 661.1, 122.6, 5.398
[17:40:54] 660.9, 122.7, 5.469
[17:40:55] 668.2, 122.5, 5.502
[17:40:56] 674.8, 122.5, 5.482
[17:40:57] 674.5, 122.6, 5.389
[17:40:58] 664.2, 122.6, 5.377
[17:40:59] 663.6, 122.5, 5.391
[17:41:00] 663.2, 122.6, 5.379
[17:41:01] 662.7, 122.5, 5.506
[17:41:02] 662.9, 122.5, 5.413
[17:41:03] 662.4, 122.6, 5.452
[17:41:04] 662.2, 122.5, 5.376
[17:41:05] 661.8, 122.5, 5.417
[17:41:06] 662.4, 122.6, 5.369
[17:41:07] 662.2, 122.6, 5.367
[17:41:08] 661.8, 122.5, 5.378
[17:41:09] 661.7, 122.5, 5.365
[17:41:10] 661.3, 122.6, 5.397
[17:41:11] 661.6, 122.6, 5.374
[17:41:12] 661.2, 122.7, 5.399
[17:41:13] 661.2, 122.7, 5.371
[17:41:14] 660.9, 122.6, 5.495
[17:41:15] 669.7, 122.5, 5.474
[17:41:16] 669.6, 122.7, 5.362
[17:41:17] 658.9, 122.7, 5.361
[17:41:18] 659.1, 122.6, 5.360
[17:41:19] 659.0, 122.7, 5.362
[17:41:20] 659.5, 122.7, 5.365
[17:41:21] 659.5, 122.6, 5.362
[17:41:22] 659.6, 122.7, 5.363
[17:41:23] 659.6, 122.7, 5.372
[17:41:24] 660.0, 122.5, 5.408
[17:41:25] 665.4, 122.7, 5.379
[17:41:26] 659.7, 122.6, 5.399
[17:41:27] 659.8, 122.6, 5.382
[17:41:28] 659.8, 122.6, 5.505
[17:41:29] 660.3, 122.6, 5.374
[17:41:30] 660.2, 122.7, 5.397
[17:41:31] 660.3, 122.6, 5.368
[17:41:32] 660.2, 122.7, 5.378
[17:41:33] 666.6, 122.6, 5.524
[17:41:34] 674.1, 122.7, 5.505
[17:41:35] 674.1, 122.6, 5.497
[17:41:36] 674.0, 122.6, 5.505
[17:41:37] 673.7, 122.6, 5.481
[17:41:38] 673.5, 122.6, 5.469
[17:41:39] 667.2, 122.6, 5.365
[17:41:40] 658.9, 122.6, 5.367
[17:41:41] 659.0, 122.5, 5.364
[17:41:42] 659.0, 122.6, 5.403
[17:41:43] 659.5, 122.5, 5.368
[17:41:44] 659.5, 122.6, 5.377
[17:41:45] 659.6, 122.5, 5.368
[17:41:46] 659.6, 122.6, 5.370
[17:41:47] 660.0, 122.5, 5.397
[17:41:48] 660.6, 122.5, 5.376
[17:41:49] 660.4, 122.6, 5.401
[17:41:50] 660.4, 122.6, 5.377
[17:41:51] 660.2, 122.7, 5.485
[17:41:52] 660.6, 122.6, 5.362
[17:41:53] 660.4, 122.6, 5.372
[17:41:54] 660.4, 122.7, 5.363
[17:41:55] 660.2, 122.6, 5.387
[17:41:56] 665.8, 122.6, 5.520
[17:41:57] 672.9, 122.6, 5.368
[17:41:58] 658.9, 122.5, 5.366
[17:41:59] 659.0, 122.6, 5.366
[17:42:00] 659.0, 122.6, 5.365
[17:42:01] 659.3, 122.5, 5.365
[17:42:02] 659.4, 122.6, 5.366
[17:42:03] 659.4, 122.6, 5.363
[17:42:04] 659.5, 122.5, 5.365
[17:42:05] 659.5, 122.6, 5.502
[17:42:06] 668.9, 122.6, 5.368
[17:42:07] 659.1, 122.7, 5.363
[17:42:08] 659.3, 122.6, 5.369
[17:42:09] 659.3, 122.6, 5.373
[17:42:10] 659.8, 122.6, 5.374
[17:42:11] 659.8, 122.6, 5.374
[17:42:12] 659.9, 122.6, 5.376
[17:42:13] 659.9, 122.6, 5.372
[17:42:14] 660.2, 122.6, 5.509
[17:42:15] 674.8, 122.5, 5.522
[17:42:16] 674.9, 122.6, 5.492
[17:42:17] 668.6, 122.6, 5.377
[17:42:18] 659.9, 122.5, 5.389
[17:42:19] 660.0, 122.5, 5.379
[17:42:20] 660.0, 122.7, 5.434
[17:42:21] 660.7, 122.6, 5.380
[17:42:22] 660.6, 122.6, 5.369
[17:42:23] 660.7, 122.6, 5.370
[17:42:24] 660.6, 122.6, 5.372
[17:42:25] 661.0, 122.6, 5.384
[17:42:26] 661.5, 122.6, 5.374
[17:42:27] 661.3, 122.6, 5.384
[17:42:28] 661.2, 122.6, 5.375
[17:42:29] 661.0, 122.6, 5.495
[17:42:30] 661.4, 122.6, 5.410
[17:42:31] 661.1, 122.6, 5.455
[17:42:32] 661.1, 122.6, 5.411
[17:42:33] 661.0, 122.6, 5.462
[17:42:34] 668.0, 122.5, 5.494
[17:42:35] 668.4, 122.6, 5.368
[17:42:36] 659.5, 122.6, 5.369
[17:42:37] 659.7, 122.6, 5.368
[17:42:38] 659.6, 122.6, 5.370
[17:42:39] 660.1, 122.6, 5.369
[17:42:40] 660.1, 122.7, 5.367
[17:42:41] 660.1, 122.6, 5.368
[17:42:42] 660.1, 122.7, 5.362
[17:42:43] 660.1, 122.7, 5.481
[17:42:44] 667.8, 122.6, 5.394
[17:42:45] 659.3, 122.7, 5.421
[17:42:46] 659.4, 122.7, 5.372
[17:42:47] 659.3, 122.6, 5.408
[17:42:48] 659.8, 122.7, 5.360
[17:42:49] 659.7, 122.6, 5.359
[17:42:50] 659.8, 122.7, 5.362
[17:42:51] 659.7, 122.6, 5.363
[17:42:52] 660.1, 122.7, 5.494
[17:42:53] 673.5, 122.6, 5.515
[17:42:54] 673.6, 122.6, 5.477
[17:42:55] 673.7, 122.6, 5.513
[17:42:56] 673.9, 122.5, 5.490
[17:42:57] 673.7, 122.5, 5.485
[17:42:58] 673.9, 122.6, 5.470
[17:42:59] 673.7, 122.5, 5.511
[17:43:00] 673.6, 122.4, 5.485
[17:43:01] 673.4, 122.6, 5.473
[17:43:02] 673.3, 122.5, 5.479
[17:43:03] 673.1, 122.6, 5.467
[17:43:04] 672.6, 122.6, 5.361
[17:43:05] 658.7, 122.7, 5.359
[17:43:06] 658.9, 122.6, 5.361
[17:43:07] 658.9, 122.7, 5.362
[17:43:08] 659.3, 122.6, 5.371
[17:43:09] 659.4, 122.6, 5.365
[17:43:10] 659.4, 122.6, 5.371
[17:43:11] 659.4, 122.5, 5.369
[17:43:12] 659.4, 122.5, 5.488
[17:43:13] 668.0, 122.6, 5.364
[17:43:14] 658.9, 122.6, 5.374
[17:43:15] 659.1, 122.5, 5.361
[17:43:16] 659.1, 122.6, 5.363
[17:43:17] 659.6, 122.6, 5.361
[17:43:18] 659.5, 122.7, 5.362
[17:43:19] 659.6, 122.6, 5.362
[17:43:20] 659.5, 122.5, 5.365
[17:43:21] 659.8, 122.6, 5.495
[17:43:22] 673.7, 122.6, 5.364
[17:43:23] 660.7, 122.5, 5.363
[17:43:24] 660.4, 122.6, 5.359
[17:43:25] 660.4, 122.7, 5.358
[17:43:26] 660.2, 122.7, 5.386
[17:43:27] 660.6, 122.6, 5.369
[17:43:28] 660.3, 122.6, 5.384
[17:43:29] 660.3, 122.7, 5.368
[17:43:30] 660.1, 122.6, 5.487
[17:43:31] 668.6, 122.7, 5.359
[17:43:32] 658.9, 122.7, 5.371
[17:43:33] 659.1, 122.6, 5.361
[17:43:34] 659.1, 122.6, 5.364
[17:43:35] 659.3, 122.6, 5.363
[17:43:36] 659.4, 122.5, 5.365
[17:43:37] 659.3, 122.6, 5.359
[17:43:38] 659.4, 122.7, 5.361
[17:43:39] 659.4, 122.6, 5.512
[17:43:40] 673.7, 122.5, 5.485
[17:43:41] 673.6, 122.5, 5.471
[17:43:42] 673.3, 122.6, 5.365
[17:43:43] 658.5, 122.5, 5.362
[17:43:44] 658.7, 122.6, 5.369
[17:43:45] 658.7, 122.5, 5.366
[17:43:46] 658.8, 122.6, 5.364
[17:43:47] 659.1, 122.6, 5.359
[17:43:48] 659.0, 122.5, 5.367
[17:43:49] 659.2, 122.5, 5.369
[17:43:50] 659.1, 122.5, 5.505
[17:43:51] 668.7, 122.4, 5.366
[17:43:52] 658.7, 122.4, 5.369
[17:43:53] 658.8, 122.5, 5.364
[17:43:54] 658.8, 122.5, 5.363
[17:43:55] 659.3, 122.4, 5.366
[17:43:56] 659.2, 122.5, 5.367
[17:43:57] 659.4, 122.5, 5.368
[17:43:58] 659.3, 122.5, 5.362
[17:43:59] 659.4, 122.6, 5.479
[17:44:00] 674.3, 122.6, 5.370
[17:44:01] 662.6, 122.6, 5.373
[17:44:02] 662.2, 122.6, 5.382
[17:44:03] 662.1, 122.7, 5.371
[17:44:04] 661.7, 122.6, 5.431
[17:44:05] 662.0, 122.6, 5.391
[17:44:06] 661.7, 122.7, 5.442
[17:44:07] 661.6, 122.6, 5.394
[17:44:08] 661.3, 122.6, 5.492
[17:44:09] 669.7, 122.7, 5.372
[17:44:10] 660.1, 122.7, 5.371
[17:44:11] 660.1, 122.7, 5.372
[17:44:12] 660.1, 122.7, 5.367
[17:44:13] 660.1, 122.7, 5.372
[17:44:14] 660.4, 122.7, 5.362
[17:44:15] 660.3, 122.6, 5.362
[17:44:16] 660.3, 122.7, 5.357
[17:44:17] 660.1, 122.7, 5.492
[17:44:18] 671.9, 122.7, 5.480
[17:44:19] 672.2, 122.6, 5.476
[17:44:20] 672.2, 122.5, 5.495
[17:44:21] 672.6, 122.5, 5.475
[17:44:22] 672.6, 122.5, 5.473
[17:44:23] 672.5, 122.6, 5.362
[17:44:24] 659.5, 122.6, 5.361
[17:44:25] 659.4, 122.6, 5.358
[17:44:26] 659.4, 122.6, 5.365
[17:44:27] 659.4, 122.5, 5.371
[17:44:28] 659.9, 122.6, 5.361
[17:44:29] 659.7, 122.6, 5.369
[17:44:30] 659.7, 122.5, 5.369
[17:44:31] 659.5, 122.4, 5.499
[17:44:32] 669.1, 122.5, 5.374
[17:44:33] 659.7, 122.6, 5.369
[17:44:34] 659.8, 122.6, 5.369
[17:44:35] 659.7, 122.6, 5.371
[17:44:36] 660.0, 122.6, 5.373
[17:44:37] 660.1, 122.6, 5.378
[17:44:38] 660.1, 122.5, 5.378
[17:44:39] 660.1, 122.5, 5.374
[17:44:40] 660.0, 122.5, 5.506
[17:44:41] 675.0, 122.5, 5.410
[17:44:42] 665.0, 122.5, 5.383
[17:44:43] 659.1, 122.5, 5.391
[17:44:44] 659.3, 122.6, 5.380
[17:44:45] 659.3, 122.6, 5.497
[17:44:46] 659.8, 122.6, 5.371
[17:44:47] 659.7, 122.6, 5.406
[17:44:48] 659.8, 122.5, 5.363
[17:44:49] 659.6, 122.6, 5.393
[17:44:50] 665.4, 122.5, 5.364
[17:44:51] 664.8, 122.5, 5.359
[17:44:52] 658.3, 122.5, 5.367
[17:44:53] 658.5, 122.6, 5.360
[17:44:54] 658.5, 122.6, 5.422
[17:44:55] 659.0, 122.6, 5.374
[17:44:56] 658.9, 122.6, 5.409
[17:44:57] 659.1, 122.5, 5.367
[17:44:58] 659.0, 122.6, 5.481
[17:44:59] 668.7, 122.6, 5.469
[17:45:00] 669.2, 122.6, 5.488
[17:45:01] 669.7, 122.6, 5.359
[17:45:02] 660.7, 122.6, 5.363
[17:45:03] 660.5, 122.5, 5.361
[17:45:04] 660.3, 122.7, 5.357
[17:45:05] 660.1, 122.7, 5.398
[17:45:06] 660.3, 122.6, 5.371
[17:45:07] 660.1, 122.6, 5.385
[17:45:08] 660.0, 122.7, 5.366
[17:45:09] 659.8, 122.6, 5.480
[17:45:10] 668.4, 122.6, 5.359
[17:45:11] 658.1, 122.6, 5.357
[17:45:12] 658.2, 122.7, 5.358
[17:45:13] 658.3, 122.6, 5.357
[17:45:14] 658.4, 122.5, 5.369
[17:45:15] 658.7, 122.6, 5.356
[17:45:16] 658.7, 122.6, 5.358
[17:45:17] 658.8, 122.5, 5.356
[17:45:18] 658.6, 122.5, 5.494
[17:45:19] 671.9, 122.6, 5.465
[17:45:20] 665.6, 122.5, 5.403
[17:45:21] 658.7, 122.5, 5.458
[17:45:22] 658.8, 122.6, 5.408
[17:45:23] 658.7, 122.5, 5.472
[17:45:24] 659.2, 122.5, 5.383
[17:45:25] 659.1, 122.6, 5.423
[17:45:26] 659.2, 122.6, 5.373
[17:45:27] 659.2, 122.5, 5.412
[17:45:28] 666.0, 122.5, 5.374
[17:45:29] 665.4, 122.5, 5.375
[17:45:30] 659.1, 122.6, 5.370
[17:45:31] 659.2, 122.6, 5.367
[17:45:32] 659.1, 122.5, 5.396
[17:45:33] 659.7, 122.5, 5.377
[17:45:34] 659.6, 122.5, 5.381
[17:45:35] 659.6, 122.6, 5.365
[17:45:36] 659.4, 122.5, 5.485
[17:45:37] 669.7, 122.4, 5.481
[17:45:38] 670.1, 122.4, 5.483
[17:45:39] 670.4, 122.4, 5.497
[17:45:40] 670.8, 122.5, 5.500
[17:45:41] 671.3, 122.5, 5.477
[17:45:42] 671.4, 122.5, 5.501
[17:45:43] 671.6, 122.5, 5.492
[17:45:44] 672.0, 122.4, 5.516
[17:45:45] 672.2, 122.5, 5.479
[17:45:46] 672.2, 122.5, 5.477
[17:45:47] 672.1, 122.5, 5.472
[17:45:48] 671.9, 122.5, 5.511
[17:45:49] 672.5, 122.5, 5.450
[17:45:50] 672.2, 122.6, 5.452
[17:45:51] 671.8, 122.6, 5.487
[17:45:52] 672.1, 122.6, 5.451
[17:45:53] 671.7, 122.6, 5.444
[17:45:54] 671.4, 122.6, 5.477
[17:45:55] 671.4, 122.5, 5.465
[17:45:56] 671.3, 122.5, 5.479
[17:45:57] 671.4, 122.6, 5.454
[17:45:58] 671.2, 122.7, 5.473
[17:45:59] 671.2, 122.6, 5.467
[17:46:00] 671.2, 122.6, 5.464
[17:46:01] 671.1, 122.6, 5.455
[17:46:02] 670.8, 122.6, 5.463
[17:46:03] 670.6, 122.6, 5.463
[17:46:04] 670.5, 122.6, 5.465
[17:46:05] 670.5, 122.5, 5.486
[17:46:06] 670.8, 122.6, 5.465
[17:46:07] 670.8, 122.6, 5.372
[17:46:08] 660.3, 122.6, 5.272
[17:46:09] 647.5, 122.7, 5.259
[17:46:10] 647.0, 122.7, 5.259
[17:46:11] 646.5, 122.6, 5.262
[17:46:12] 646.2, 122.2, 6.625
[17:46:13] 801.6, 122.6, 5.295
[17:46:14] 693.5, 122.7, 5.245
[17:46:15] 642.8, 122.6, 5.231
[17:46:16] 642.7, 122.6, 5.231
[17:46:17] 642.6, 122.6, 5.229
[17:46:18] 669.7, 122.0, 7.814
[17:46:19] 935.1, 122.7, 5.242
[17:46:20] 656.5, 122.6, 5.236
[17:46:21] 643.2, 122.7, 5.232
[17:46:22] 643.1, 122.7, 5.232
[17:46:23] 642.9, 122.6, 5.229
[17:46:24] 717.6, 121.9, 7.755
[17:46:25] 950.6, 122.1, 7.480
[17:46:26] 833.1, 122.6, 5.256
[17:46:27] 643.7, 122.6, 5.237
[17:46:28] 643.6, 122.6, 5.235
[17:46:29] 643.4, 122.6, 5.231
[17:46:30] 643.3, 122.1, 6.854
[17:46:31] 811.8, 122.0, 7.791
[17:46:32] 951.2, 122.0, 7.826
[17:46:33] 951.3, 121.9, 7.780
[17:46:34] 941.2, 122.7, 5.268
[17:46:35] 661.1, 122.6, 5.243
[17:46:36] 643.7, 122.6, 5.238
[17:46:37] 643.6, 122.7, 5.236
[17:46:38] 643.5, 122.6, 5.241
[17:46:39] 699.7, 122.0, 7.761
[17:46:40] 950.0, 122.1, 7.795
[17:46:41] 950.3, 121.9, 7.841
[17:46:42] 950.6, 121.9, 7.788
[17:46:43] 951.0, 122.0, 7.789
[17:46:44] 951.3, 121.9, 7.829
[17:46:45] 951.8, 122.0, 7.852
[17:46:46] 892.6, 122.6, 5.272
[17:46:47] 645.5, 122.6, 5.248
[17:46:48] 645.3, 122.6, 5.242
[17:46:49] 645.1, 122.7, 5.241
[17:46:50] 644.9, 122.6, 5.248
[17:46:51] 779.8, 122.1, 7.764
[17:46:52] 951.6, 122.0, 7.781
[17:46:53] 951.6, 122.1, 7.817
[17:46:54] 951.9, 122.0, 7.844
[17:46:55] 952.2, 122.0, 7.797
[17:46:56] 952.6, 122.1, 7.802
[17:46:57] 952.8, 122.0, 7.838
[17:46:58] 953.2, 122.0, 7.864
[17:46:59] 953.6, 122.0, 7.803
[17:47:00] 953.9, 121.9, 7.821
[17:47:01] 954.1, 122.0, 7.843
[17:47:02] 954.4, 121.9, 7.878
[17:47:03] 954.8, 122.0, 7.809
[17:47:04] 955.1, 122.6, 5.288
[17:47:05] 679.4, 122.6, 5.257
[17:47:06] 645.1, 122.6, 5.260
[17:47:07] 645.0, 122.6, 5.253
[17:47:08] 644.9, 122.5, 5.251
