<<<[02:45:20] 645.4, 125.3, 5.132
[02:45:21] 645.2, 125.2, 5.132
[02:45:22] 645.0, 125.2, 5.351
[02:45:23] 663.6, 125.2, 5.371
[02:45:24] 664.1, 125.2, 5.373
[02:45:25] 664.6, 125.2, 5.368
[02:45:26] 664.9, 125.1, 5.355
[02:45:27] 665.3, 125.2, 5.328
[02:45:28] 665.6, 125.1, 5.297
[02:45:29] 665.9, 125.3, 5.273
[02:45:30] 666.1, 125.2, 5.275
[02:45:31] 666.4, 125.1, 5.316
[02:45:32] 666.0, 125.2, 5.261
[02:45:33] 665.6, 125.2, 5.259
[02:45:34] 659.7, 125.1, 5.260
[02:45:35] 659.8, 125.1, 5.258
[02:45:36] 660.0, 125.2, 5.330
[02:45:37] 660.1, 125.2, 5.261
[02:45:38] 660.4, 125.1, 5.258
[02:45:39] 660.7, 125.2, 5.271
[02:45:40] 660.6, 125.2, 5.254
[02:45:41] 660.8, 125.3, 5.252
[02:45:42] 660.7, 125.3, 5.284
[02:45:43] 660.6, 125.2, 5.246
[02:45:44] 661.0, 125.1, 5.334
[02:45:45] 668.6, 125.3, 5.245
[02:45:46] 657.7, 125.2, 5.272
[02:45:47] 657.9, 125.2, 5.255
[02:45:48] 657.9, 125.2, 5.331
[02:45:49] 658.3, 125.3, 5.248
[02:45:50] 658.2, 125.3, 5.247
[02:45:51] 658.3, 125.2, 5.251
[02:45:52] 658.4, 125.2, 5.313
[02:45:53] 665.2, 125.3, 5.246
[02:45:54] 657.9, 125.2, 5.252
[02:45:55] 658.0, 125.2, 5.247
[02:45:56] 658.3, 125.3, 5.246
[02:45:57] 658.5, 125.2, 5.242
[02:45:58] 658.5, 125.3, 5.244
[02:45:59] 658.4, 125.2, 5.293
[02:46:00] 666.2, 125.2, 5.361
[02:46:01] 666.7, 125.2, 5.254
[02:46:02] 660.9, 125.2, 5.258
[02:46:03] 660.6, 125.2, 5.257
[02:46:04] 660.4, 125.2, 5.250
[02:46:05] 660.6, 125.2, 5.138
[02:46:06] 646.9, 125.2, 5.132
[02:46:07] 646.4, 125.3, 5.130
[02:46:08] 646.0, 125.3, 5.127
[02:46:09] 645.7, 125.2, 5.128
[02:46:10] 645.4, 125.1, 6.121
[02:46:11] 738.8, 125.2, 5.127
[02:46:12] 643.2, 125.3, 5.131
[02:46:13] 643.1, 125.3, 5.119
[02:46:14] 643.0, 125.2, 5.120
[02:46:15] 642.9, 124.7, 7.100
[02:46:16] 767.8, 125.2, 5.123
[02:46:17] 642.8, 125.2, 5.124
[02:46:18] 642.7, 125.3, 5.124
[02:46:19] 642.7, 125.3, 5.120
[02:46:20] 642.6, 124.7, 7.075
[02:46:21] 782.9, 125.3, 5.125
[02:46:22] 642.2, 125.3, 5.120
[02:46:23] 642.2, 125.3, 5.120
[02:46:24] 642.2, 125.2, 5.126
[02:46:25] 642.2, 125.2, 5.120
[02:46:26] 747.1, 125.1, 6.268
[02:46:27] 758.7, 125.2, 5.126
[02:46:28] 642.8, 125.2, 5.127
[02:46:29] 642.7, 125.3, 5.119
[02:46:30] 642.7, 125.2, 5.122
[02:46:31] 642.6, 124.7, 7.173
[02:46:32] 855.9, 124.8, 7.120
[02:46:33] 811.5, 125.3, 5.133
[02:46:34] 643.6, 125.2, 5.128
[02:46:35] 643.5, 125.3, 5.125
[02:46:36] 643.4, 125.3, 5.125
[02:46:37] 643.2, 124.7, 7.077
[02:46:38] 819.5, 124.7, 7.199
[02:46:39] 899.0, 124.8, 7.203
[02:46:40] 865.2, 125.2, 5.135
[02:46:41] 643.7, 125.1, 5.133
[02:46:42] 643.6, 125.3, 5.136
[02:46:43] 643.5, 125.3, 5.129
[02:46:44] 643.5, 125.2, 5.124
[02:46:45] 747.3, 124.7, 7.199
[02:46:46] 899.4, 124.8, 7.201
[02:46:47] 899.5, 124.8, 7.212
[02:46:48] 899.6, 124.7, 7.211
[02:46:49] 899.8, 125.0, 6.486
[02:46:50] 765.6, 125.2, 5.137
[02:46:51] 644.1, 125.2, 5.137
[02:46:52] 644.0, 125.2, 5.128
[02:46:53] 643.9, 125.3, 5.127
[02:46:54] 643.7, 124.7, 7.186
[02:46:55] 860.3, 124.7, 7.203
[02:46:56] 900.0, 124.8, 7.204
[02:46:57] 900.0, 124.8, 7.219
[02:46:58] 900.2, 124.7, 7.218
[02:46:59] 900.3, 124.6, 7.226
[02:47:00] 900.6, 124.7, 7.228
[02:47:01] 900.8, 124.7, 7.225
[02:47:02] 901.0, 124.6, 7.228
[02:47:03] 901.3, 124.9, 6.599
[02:47:04] 769.9, 125.3, 5.142
[02:47:05] 644.9, 125.3, 5.140
[02:47:06] 644.8, 125.2, 5.138
[02:47:07] 644.7, 125.2, 5.134
[02:47:08] 644.5, 124.8, 7.127
[02:47:09] 830.2, 124.8, 7.211
[02:47:10] 900.6, 124.7, 7.211
[02:47:11] 900.6, 124.7, 7.213
[02:47:12] 900.8, 124.7, 7.222
[02:47:13] 900.9, 124.7, 7.227
[02:47:14] 901.1, 124.8, 7.229
[02:47:15] 901.4, 124.7, 7.232
[02:47:16] 901.7, 124.7, 7.233
[02:47:17] 901.9, 124.8, 7.238
[02:47:18] 902.1, 124.8, 7.230
[02:47:19] 902.3, 124.7, 7.239
[02:47:20] 902.5, 124.8, 7.233
[02:47:21] 902.7, 124.8, 7.237
[02:47:22] 902.9, 124.7, 7.235
[02:47:23] 903.1, 124.7, 7.241
[02:47:24] 903.2, 124.8, 7.238
[02:47:25] 903.4, 124.7, 7.244
[02:47:26] 903.5, 124.9, 6.906
[02:47:27] 778.2, 125.3, 5.161
[02:47:28] 646.1, 125.2, 5.145
[02:47:29] 645.9, 125.2, 5.145
[02:47:30] 645.8, 125.3, 5.136
