[15:39:40],[15:39:58],65536,144649,144649,1074393,0.000275,210.443069,144.mtx,2142988,945.5,1.55442915567,16
[15:41:49],[15:42:02],131072,70304,70304,1528092,0.000098,403.366882,lhr71.mtx,1528092,977.727272727,13.704617066,11
[15:43:56],[15:44:14],131072,101492,101492,874378,0.000132,288.644409,2cubes_sphere.mtx,1647264,976.49375,2.0231376467,16
[15:46:03],[15:46:14],131072,22695,22695,1350309,0.000085,327.208389,li.mtx,1350309,956.222222222,1.21543570402,9
[15:48:08],[15:48:19],65536,256000,256000,1011200,0.000162,417.766052,Lin.mtx,1766400,980.255555556,4.32283628886,9
[15:49:46],[15:49:58],1024,3712815,3712815,11108633,0.011289,6457651.177734,333SP.mtx,21167989,975.36,1.12534439173,10
[15:52:52],[15:53:12],256,5363260,5363260,79023142,0.077907,23528444.250000,ljournal-2008.mtx,79023142,941.55,1.42058282249,18
[15:55:00],[15:55:11],131072,51448,51448,1056610,0.000085,319.699158,3D_51448_3D.mtx,1056610,966.733333333,1.18883696668,9
[15:57:41],[15:57:51],512,1470152,1470152,44279572,0.019923,17231577.785156,Long_Coup_dt0.mtx,87088992,985.2625,0.638234870561,8
[15:59:34],[15:59:45],65536,45330,45330,1629474,0.000167,318.384262,3dtube.mtx,3170988,959.933333333,1.21106014164,9
[16:02:15],[16:02:25],512,1470152,1470152,44279572,0.019893,17231822.939453,Long_Coup_dt6.mtx,87088992,985.0375,0.734740600484,8
[16:04:10],[16:04:24],65536,110971,110971,741934,0.000204,165.269012,598a.mtx,1481971,949.1,1.39582711441,12
[16:06:11],[16:06:30],32768,534388,534388,1088904,0.000599,302.636230,lp1.mtx,1399171,932.494117647,1.48025061004,17
[16:08:05],[16:08:22],1024,6815744,6815744,13624320,0.015990,10112421.301758,adaptive.mtx,25118720,978.62,1.43582728766,15
[16:10:18],[16:10:36],4096,503625,503625,9027150,0.004384,3459904.074463,af_0_k101.mtx,17550675,985.9,1.27915988055,16
[16:12:17],[16:12:30],32768,214765,214765,1679018,0.000402,226.476929,m14b.mtx,3318044,951.536363636,1.51973246884,11
[16:14:16],[16:14:35],4096,503625,503625,9027150,0.004615,3459862.548096,af_1_k101.mtx,17550675,980.029411765,1.59069526267,17
[16:16:33],[16:16:51],4096,503625,503625,9027150,0.004485,3459986.991943,af_2_k101.mtx,17550675,765.03856383,148.633533261,376
[16:18:19],[16:18:31],1024,3501776,3501776,10501936,0.011794,8838645.265625,M6.mtx,20422977,980.03,1.26889715895,10
[16:20:17],[16:20:35],4096,503625,503625,9027150,0.004406,3459802.100098,af_3_k101.mtx,17550675,988.76875,1.5983267618,16
[16:22:32],[16:22:51],4096,503625,503625,9027150,0.004471,3460014.767334,af_4_k101.mtx,17550675,983.817647059,1.79844223251,17
[16:24:48],[16:25:07],4096,503625,503625,9027150,0.004535,3460092.837891,af_5_k101.mtx,17550675,982.847058824,1.55832400431,17
[16:27:21],[16:27:33],1024,1508065,1508065,27090195,0.012131,10381002.956055,af_shell10.mtx,52672325,991.27,0.953991614219,10
[16:29:29],[16:29:47],4096,504855,504855,9046865,0.004420,3468339.888916,af_shell1.mtx,17588875,985.125,1.40022319649,16
[16:31:31],[16:31:42],65536,206500,206500,1273389,0.000167,391.340286,mac_econ_fwd500.mtx,1273389,980.577777778,1.18394611155,9
[16:33:27],[16:33:45],4096,504855,504855,9046865,0.004503,3467525.119385,af_shell2.mtx,17588875,0,0,0
[16:35:41],[16:35:58],131072,160000,160000,1750416,0.000131,406.852272,majorbasis.mtx,1750416,992.36,2.01620104818,15
[16:37:43],[16:38:01],4096,504855,504855,9046865,0.004411,3468301.156250,af_shell3.mtx,17588875,987.1625,1.27322179922,16
[16:39:52],[16:40:10],65536,389874,389874,1167685,0.000282,266.371414,mario002.mtx,2101242,966.86875,1.75560486372,16
[16:41:55],[16:42:13],4096,504855,504855,9046865,0.004360,3468195.736084,af_shell4.mtx,17588875,990.3,1.64962116863,16
[16:44:10],[16:44:28],131072,103430,103430,2121550,0.000137,417.456657,matrix_9.mtx,2121550,983.85,1.84051623193,16
[16:46:13],[16:46:31],4096,504855,504855,9046865,0.004450,3468362.230957,af_shell5.mtx,17588875,985.425,1.3872184399,16
[16:48:19],[16:48:33],65536,125329,125329,2678750,0.000210,370.475342,matrix-new_3.mtx,2678750,965.008333333,1.43030202716,12
[16:50:18],[16:50:36],4096,504855,504855,9046865,0.004408,3468134.651855,af_shell6.mtx,17588875,987.5375,1.62013695409,16
[16:52:31],[16:52:49],4096,504855,504855,9046865,0.004391,3468369.540527,af_shell7.mtx,17588875,986.5875,1.52433387091,16
[16:54:45],[16:55:02],4096,504855,504855,9046865,0.004344,3468265.198486,af_shell8.mtx,17588875,986.74,1.16950131823,15
[16:56:59],[16:57:17],4096,504855,504855,9046865,0.004432,3468389.933105,af_shell9.mtx,17588875,984.425,1.15893269865,16
[16:59:45],[16:59:57],2048,2707524,2707524,14810202,0.005815,4026431.272461,memchip.mtx,14810202,1003.48,0.966229786334,10
[17:02:27],[17:02:42],65536,262111,262111,1234877,0.000217,155.877045,amazon0302.mtx,1234877,970.0,1.70790019525,13
[17:04:36],[17:04:51],32768,400727,400727,3200440,0.000455,159.952942,amazon0312.mtx,3200440,966.361538462,1.83241684103,13
[17:06:48],[17:07:03],32768,410236,410236,3356824,0.000462,162.406464,amazon0505.mtx,3356824,967.284615385,1.94455696115,13
[17:08:39],[17:08:58],4096,66463,66463,5209641,0.004732,1089686.577637,mip1.mtx,10298495,948.152941176,1.20982140007,17
[17:10:43],[17:10:58],32768,403394,403394,3387388,0.000457,153.815643,amazon0601.mtx,3387388,967.246153846,1.52194985494,13
[17:12:43],[17:12:54],65536,29957,29957,1995041,0.000167,267.645401,mixtank_new.mtx,1995041,954.7,0.743863786814,9
[17:14:36],[17:14:52],16384,735323,735323,5158388,0.000939,77747.000061,amazon-2008.mtx,5158388,972.621428571,1.46686184539,14
[17:19:39],[17:19:56],256,1504002,1504002,110879972,0.066771,21427118.222656,ML_Geer.mtx,110879972,870.573333333,0.885789039344,15
[17:22:13],[17:22:27],1024,377002,377002,27689972,0.013816,5334260.895508,ML_Laplace.mtx,27689972,897.633333333,0.887255443614,12
[17:24:23],[17:24:38],262144,80800,80800,311492,0.000058,444.660091,apache1.mtx,542184,961.730769231,1.31522716107,13
[17:26:33],[17:26:47],32768,715176,715176,2766523,0.000425,394.941101,apache2.mtx,4817870,989.275,1.37363568678,12
[17:28:56],[17:29:15],131072,14000,14000,1853104,0.000144,1118.958221,appu.mtx,1853104,957.935294118,1.669780252,17
[17:46:49],[17:47:03],64,22744080,22744080,639999458,0.210510,129588501.796875,arabic-2005.mtx,639999458,953.058333333,1.06258986548,12
[17:49:16],[17:49:33],2048,45101,45101,14506196,0.008318,5454674.272461,mouse_gene.mtx,28967291,971.2,3.05395917895,15
[17:51:04],[17:51:18],1024,3799275,3799275,11368076,0.013285,9935058.601562,AS365.mtx,22110421,963.866666667,1.27301043026,12
[17:53:23],[17:53:39],1024,11950757,11950757,12711603,0.015413,8705034.695312,asia_osm.mtx,20362934,976.85,1.50748134317,14
[17:55:28],[17:55:40],32768,99340,99340,954163,0.000355,284.821320,ASIC_100k.mtx,954163,782.375,139.025400107,4
[17:57:40],[17:57:52],131072,99190,99190,578890,0.000093,375.825851,ASIC_100ks.mtx,578890,964.1,1.1627553483,10
[17:59:40],[17:59:51],131072,10848,10848,620313,0.000084,293.753197,msc10848.mtx,1229778,953.711111111,1.0702486154,9
[18:01:26],[18:01:36],16384,321821,321821,2635364,0.000620,297.520691,ASIC_320k.mtx,2635364,932.85,0.848528137424,8
[18:03:24],[18:03:35],131072,23052,23052,588933,0.000085,310.306091,msc23052.mtx,1154814,957.411111111,1.13474857171,9
[18:05:24],[18:05:40],65536,321671,321671,1827807,0.000242,395.519104,ASIC_320ks.mtx,1827807,965.735714286,2.44499697425,14
[18:07:16],[18:07:26],2048,415863,415863,10328399,0.004964,3960878.100586,msdoor.mtx,20240935,973.7875,0.784916396822,8
[18:09:03],[18:09:19],8192,682862,682862,3871773,0.001899,158831.527710,ASIC_680k.mtx,3871773,940.142857143,1.30860573879,14
[18:10:59],[18:11:15],8192,97578,97578,4925574,0.001933,1512159.945312,m_t1.mtx,9753570,986.214285714,0.998468214572,14
[18:12:55],[18:13:05],32768,682712,682712,2329176,0.000310,341.819092,ASIC_680ks.mtx,2329176,987.925,1.13330269566,8
[18:14:37],[18:14:48],512,1696415,1696415,11095298,0.021923,4717020.376953,as-Skitter.mtx,22168298,941.555555556,0.801541724305,9
[18:16:49],[18:17:09],8192,1270432,1270432,8814880,0.002362,1703244.488037,atmosmodd.mtx,8814880,1008.63888889,6.08268388213,18
[18:19:10],[18:19:30],8192,1270432,1270432,8814880,0.002429,1702520.332764,atmosmodj.mtx,8814880,996.055555556,2.33028901932,18
[18:21:20],[18:21:32],4096,1489752,1489752,10319760,0.003038,2197616.041992,atmosmodl.mtx,10319760,986.73,1.05456152025,10
[18:23:30],[18:23:47],8192,1039183,1039183,3114818,0.002055,1075456.484375,NACA0015.mtx,6060802,988.486666667,1.68398997094,15
[18:26:07],[18:26:18],256,943695,943695,39297771,0.039706,15476907.921875,audikw_1.mtx,77651847,920.911111111,0.921887489453,9
[18:28:15],[18:28:34],131072,54870,54870,1366097,0.000146,388.767639,nasasrb.mtx,2677324,982.1,2.20534111007,17
[18:30:13],[18:30:27],16384,448695,448695,3314611,0.000841,31448.152222,auto.mtx,6582550,957.8,1.49666295471,12
[18:32:17],[18:32:28],32768,41092,41092,1683902,0.000336,382.791412,av41092.mtx,1683902,0,0,0
[18:35:21],[18:35:32],131072,87500,87500,312481,0.000088,304.342758,ncvxqp7.mtx,574962,943.133333333,0.907989231458,9
[18:37:21],[18:37:35],4096,36000,36000,7128473,0.003277,2574610.131104,nd12k.mtx,14220946,973.3,1.39104277432,12
[18:39:18],[18:39:30],32768,115625,115625,3897557,0.000357,266.807648,barrier2-10.mtx,3897557,0,0,0
[18:41:24],[18:41:36],32768,115625,115625,3897557,0.000359,271.900696,barrier2-11.mtx,3897557,954.16,1.36908728721,10
[18:43:30],[18:43:42],32768,115625,115625,3897557,0.000358,269.867981,barrier2-12.mtx,3897557,958.74,1.43540934928,10
[18:45:35],[18:45:46],32768,113076,113076,3805068,0.000339,242.116791,barrier2-1.mtx,3805068,958.177777778,1.33481399268,9
[18:47:40],[18:47:51],32768,113076,113076,3805068,0.000339,249.019684,barrier2-2.mtx,3805068,956.755555556,1.21939065941,9
[18:49:39],[18:49:54],2048,72000,72000,14393817,0.007345,5439452.777832,nd24k.mtx,28715634,972.161538462,1.23259479994,13
[18:51:36],[18:51:47],32768,113076,113076,3805068,0.000339,240.768188,barrier2-3.mtx,3805068,959.822222222,0.989700041851,9
[18:53:33],[18:53:44],65536,9000,9000,1644345,0.000179,257.035019,nd3k.mtx,3279690,957.422222222,1.27869532274,9
[18:55:27],[18:55:38],32768,113076,113076,3805068,0.000339,244.104462,barrier2-4.mtx,3805068,961.888888889,3.0791212471,9
[18:57:26],[18:57:41],32768,18000,18000,3457658,0.000472,45590.395691,nd6k.mtx,6897316,972.538461538,1.30828041074,13
[18:59:24],[18:59:36],32768,115625,115625,3897557,0.000359,273.057281,barrier2-9.mtx,3897557,946.1,35.580697014,10
[19:01:34],[19:01:44],131072,112211,112211,760631,0.000078,381.190361,Baumann.mtx,760631,981.5,13.0971370917,8
[19:03:49],[19:04:05],131072,38744,38744,1771722,0.000117,329.809601,bbmat.mtx,1771722,978.328571429,1.33706959506,14
[19:06:30],[19:06:42],262144,13992,13992,316740,0.000044,482.277817,bcsstk29.mtx,606958,942.05,1.33135269557,10
[19:08:35],[19:08:47],262144,9506,9506,367280,0.000046,427.395439,nemeth01.mtx,725054,963.31,0.96067684473,10
[19:10:39],[19:10:54],131072,28924,28924,1036208,0.000115,343.063744,bcsstk30.mtx,2017706,956.676923077,1.20009861528,13
[19:13:00],[19:13:19],524288,9506,9506,274654,0.000037,447.764286,nemeth15.mtx,539802,953.158823529,1.69707666419,17
[19:15:06],[19:15:17],131072,35588,35588,608502,0.000083,397.487984,bcsstk31.mtx,1157900,0,0,0
[19:17:08],[19:17:18],262144,9506,9506,298259,0.000038,428.190403,nemeth16.mtx,587012,957.4125,0.82981549154,8
[19:19:13],[19:19:30],131072,44609,44609,1029655,0.000133,386.130234,bcsstk32.mtx,1976076,958.513333333,1.95204735826,15
[19:21:22],[19:21:32],262144,9506,9506,319563,0.000040,421.708523,nemeth17.mtx,629620,956.775,0.718940192227,8
[19:23:24],[19:23:34],262144,8738,8738,300321,0.000039,469.464077,bcsstk33.mtx,583794,937.1375,1.15967398436,8
[19:25:27],[19:25:39],262144,9506,9506,352370,0.000044,373.166428,nemeth18.mtx,695234,960.08,0.998799279135,10
[19:27:27],[19:27:39],131072,30237,30237,740200,0.000088,398.485947,bcsstk35.mtx,1450163,974.66,1.0818502669,10
[19:29:33],[19:29:46],262144,9506,9506,413904,0.000050,432.965294,nemeth19.mtx,818302,969.081818182,1.29391455515,11
[19:31:46],[19:32:05],262144,23052,23052,583096,0.000070,376.073730,bcsstk36.mtx,1143140,975.329411765,1.59623258879,17
[19:34:01],[19:34:16],262144,9506,9506,490688,0.000056,403.944324,nemeth20.mtx,971870,970.746153846,1.64626167871,13
[19:36:16],[19:36:35],262144,25503,25503,583240,0.000073,351.177471,bcsstk37.mtx,1140977,974.382352941,1.68810206484,17
[19:38:34],[19:38:52],262144,9506,9506,591626,0.000065,373.850937,nemeth21.mtx,1173746,973.2625,1.58306467019,16
[19:40:44],[19:40:58],131072,46772,46772,1068033,0.000113,342.220306,bcsstk39.mtx,2089294,973.3,1.43061758226,12
[19:43:00],[19:43:19],262144,9506,9506,684169,0.000073,385.601639,nemeth22.mtx,1358832,972.594117647,1.65830196223,17
[19:45:17],[19:45:27],131072,9506,9506,758158,0.000078,371.645027,nemeth23.mtx,1506810,970.9,1.15217186218,8
[19:47:02],[19:47:13],16384,1441295,1441295,1549970,0.000712,549.921082,belgium_osm.mtx,2542027,964.211111111,1.03219770333,9
[19:49:01],[19:49:11],131072,9506,9506,758028,0.000080,367.075424,nemeth24.mtx,1506550,970.7125,0.901994318164,8
[19:50:39],[19:50:50],2048,245874,245874,6698185,0.005191,2428106.986328,BenElechi1.mtx,13150496,925.955555556,0.727417213481,9
[19:52:38],[19:52:48],131072,9506,9506,760632,0.000081,361.479416,nemeth25.mtx,1511758,969.5,0.756637297521,8
[19:54:26],[19:54:38],32768,60012,60012,340022,0.000366,390.052643,blockqp1.mtx,640033,908.78,1.11874930168,10
[19:56:26],[19:56:37],131072,9506,9506,760633,0.000081,362.442039,nemeth26.mtx,1511760,0,0,0
[19:58:15],[19:58:32],4096,227362,227362,5757996,0.004233,2009009.057861,bmw3_2.mtx,11288630,0,0,0
[20:00:19],[20:00:35],65536,29920,29920,1031560,0.000238,284.639481,net100.mtx,2033200,0,0,0
[20:02:24],[20:02:39],32768,141347,141347,3740507,0.000474,49184.071564,bmw7st_1.mtx,7339667,1006.72307692,3.9559407801,13
[20:04:18],[20:04:30],32768,36720,36720,1306960,0.000368,293.517517,net125.mtx,2577200,930.7,1.20166551086,10
[20:06:07],[20:06:23],4096,148770,148770,5396386,0.003942,1834654.297852,bmwcra_1.mtx,10644002,934.064285714,1.27649472208,14
[20:08:07],[20:08:23],32768,43520,43520,1582360,0.000499,270.259827,net150.mtx,3121200,928.985714286,1.25234473965,14
[20:10:13],[20:10:25],32768,88343,88343,1265035,0.000370,326.711761,net4-1.mtx,2408949,932.91,4.05004938242,10
[20:12:35],[20:12:53],262144,16320,16320,480760,0.000068,281.763577,net50.mtx,945200,953.03125,1.58497584761,16
[20:14:27],[20:14:38],1024,986703,986703,12437739,0.011412,4863110.871094,bone010_M.mtx,23888775,921.122222222,0.89415109061,9
[20:16:33],[20:16:51],131072,23120,23120,756160,0.000137,302.552635,net75.mtx,1489200,945.4125,1.26039428355,16
[20:19:07],[20:19:22],512,986703,986703,36326514,0.029918,14027301.873047,bone010.mtx,71666325,910.830769231,1.16776223567,13
[20:21:09],[20:21:21],4096,2216688,2216688,2441238,0.002850,909493.715576,netherlands_osm.mtx,4266503,969.36,8.41619866686,10
[20:23:25],[20:23:36],65536,127224,127224,1182804,0.000162,320.277969,boneS01_M.mtx,2238384,988.622222222,0.76416661618,9
[20:25:30],[20:25:41],32768,127224,127224,3421188,0.000350,2050.778015,boneS01.mtx,6715152,996.877777778,3.08752967697,9
[20:28:54],[20:29:05],256,3542400,3542400,50194096,0.045123,20548422.746094,nlpkkt120.mtx,96845792,907.877777778,0.723844332218,9
[20:30:46],[20:31:04],2048,914898,914898,9702186,0.008747,3757256.613770,boneS10_M.mtx,18489474,926.8,1.52438512194,16
[20:35:39],[20:35:52],128,8345600,8345600,118931856,0.100237,48892440.203125,nlpkkt160.mtx,229518112,919.527272727,0.531021158782,11
[20:38:03],[20:38:22],1024,914898,914898,28191660,0.018154,10929933.122070,boneS10.mtx,55468422,952.270588235,1.56910041889,17
[20:47:02],[20:47:20],128,16240000,16240000,232232816,0.135992,95391089.023438,nlpkkt200.mtx,448225632,0,0,0
[20:48:56],[20:49:10],16384,93279,93279,652246,0.000864,358.275696,boyd1.mtx,1211231,899.866666667,1.17284080572,12
[21:03:35],[21:03:53],64,27993600,27993600,401232976,0.285942,164838828.875000,nlpkkt240.mtx,774472352,946.83125,1.34290671214,16
[21:05:33],[21:05:46],32768,466316,466316,890091,0.000395,331.304108,boyd2.mtx,1500397,944.109090909,2.81439628451,11
[21:07:31],[21:07:46],2048,1062400,1062400,14883536,0.007258,5914418.059082,nlpkkt80.mtx,28704672,983.930769231,1.40842771879,13
[21:09:56],[21:10:07],131072,62631,62631,366559,0.000088,354.266754,brack2.mtx,698700,954.844444444,1.23837807107,9
[21:11:42],[21:11:57],1024,4163763,4163763,12487976,0.015148,11469239.837891,NLR.mtx,24284175,978.884615385,1.37831901736,13
[21:13:40],[21:13:56],32768,10581,10581,390741,0.000494,399.390167,bundle1.mtx,770901,907.692857143,1.45477749193,14
[21:16:02],[21:16:21],131072,37595,37595,295076,0.000147,350.842285,c-58.mtx,552557,925.676470588,1.45097509273,17
[21:18:24],[21:18:39],131072,41731,41731,300537,0.000115,355.566521,c-62ghs.mtx,559343,931.307692308,1.69817165865,13
[21:20:40],[21:20:55],131072,41731,41731,300537,0.000115,343.964554,c-62.mtx,559343,932.438461538,1.43555856807,13
[21:22:46],[21:22:59],32768,51035,51035,384438,0.000403,383.792084,c-64b.mtx,717841,913.263636364,1.22791229127,11
[21:24:49],[21:25:07],65536,325729,325729,929849,0.000276,318.758331,NotreDame_www.mtx,929849,934.825,1.65208201976,16
[21:26:47],[21:27:00],32768,51035,51035,384438,0.000405,399.380646,c-64.mtx,717841,911.963636364,1.10063843231,11
[21:28:50],[21:29:06],65536,20414,20414,1679599,0.000245,193.052643,ns3Da.mtx,1679599,926.728571429,2.99032453361,14
[21:30:52],[21:31:08],65536,57975,57975,294955,0.000239,356.243698,c-67b.mtx,531935,724.392622951,115.530027442,122
[21:33:06],[21:33:22],65536,57975,57975,294955,0.000240,342.562592,c-67.mtx,531935,912.885714286,1.48461497792,14
[21:35:18],[21:35:32],65536,64810,64810,315408,0.000214,327.752167,c-68.mtx,566006,923.216666667,1.4763882356,12
[21:37:25],[21:37:36],65536,67458,67458,345714,0.000167,320.162003,c-69.mtx,623970,928.211111111,3.07117221357,9
[21:39:31],[21:39:43],65536,68924,68924,363955,0.000184,357.079758,c-70.mtx,658986,925.28,1.0925200227,10
[21:41:24],[21:41:35],32768,259789,259789,2251231,0.000347,231.258179,offshore.mtx,4242673,982.288888889,2.97038884265,9
[21:43:21],[21:43:36],65536,76638,76638,468096,0.000225,324.928665,c-71.mtx,859554,927.723076923,2.79261494389,13
[21:45:33],[21:45:48],65536,84064,84064,395811,0.000225,386.864655,c-72.mtx,707558,925.807692308,1.83992539082,13
[21:47:34],[21:47:47],16384,169422,169422,724348,0.000796,344.387146,c-73b.mtx,1279274,918.772727273,2.95606953698,11
[21:49:32],[21:49:45],16384,169422,169422,724348,0.000797,357.706909,c-73.mtx,1279274,914.8,3.20510955706,11
[21:51:46],[21:51:57],4096,181343,181343,11063545,0.002604,1979524.910156,ohne2.mtx,11063545,982.111111111,1.02028802518,9
[21:53:53],[21:54:05],65536,73752,73752,1835470,0.000180,274.222275,oilpan.mtx,3597188,983.11,2.92453415094,10
[21:56:46],[21:57:01],262144,39082,39082,559722,0.000059,440.023201,cage11.mtx,559722,947.338461538,1.5637914781,13
[21:58:58],[21:59:10],65536,130228,130228,2032536,0.000186,355.235855,cage12.mtx,2032536,967.67,1.09183332061,10
[22:01:01],[22:01:13],8192,445315,445315,7479343,0.001436,631642.983154,cage13.mtx,7479343,997.98,1.29907659512,10
[22:03:11],[22:03:27],262144,16146,16146,515651,0.000062,399.935677,olafu.mtx,1015156,971.835714286,1.54022593095,14
[22:05:40],[22:05:58],2048,1505785,1505785,27130349,0.008953,5816074.089355,cage14.mtx,27130349,979.04375,1.48069609897,16
[22:07:45],[22:07:56],131072,88263,88263,402623,0.000081,434.059189,olesnik0.mtx,744216,962.866666667,1.13038833052,9
[22:12:03],[22:12:16],256,5154859,5154859,99199551,0.047835,23029763.437500,cage15.mtx,99199551,922.6,17.5994834635,11
[22:14:06],[22:14:20],131072,15449,15449,973052,0.000106,357.628899,opt1.mtx,1915453,954.958333333,1.32379400042,12
[22:16:03],[22:16:18],32768,192244,192244,609066,0.000484,165.827972,caidaRouterLevel.mtx,1217878,928.907692308,1.28569737943,13
[22:18:16],[22:18:29],65536,62451,62451,2034917,0.000195,404.500931,cant.mtx,4007383,990.545454545,1.31035292703,11
[22:20:19],[22:20:31],32768,40216,40216,526139,0.000370,340.602142,case39_A_01.mtx,1042160,913.95,1.08282039139,10
[22:22:20],[22:22:32],32768,40216,40216,526144,0.000369,341.501038,case39_A_02.mtx,1042170,915.16,0.866256313108,10
[22:24:22],[22:24:34],32768,40216,40216,526144,0.000371,346.789032,case39_A_03.mtx,1042170,916.21,0.938562730988,10
[22:26:24],[22:26:36],32768,40216,40216,526144,0.000371,344.294708,case39_A_04.mtx,1042170,915.9,1.47783625615,10
[22:28:26],[22:28:38],32768,40216,40216,526144,0.000371,341.801422,case39_A_05.mtx,1042170,916.63,0.85094065598,10
[22:30:27],[22:30:40],32768,40216,40216,526144,0.000371,351.841949,case39_A_06.mtx,1042170,914.636363636,1.13799882351,11
[22:32:29],[22:32:41],32768,40216,40216,526144,0.000370,336.768829,case39_A_07.mtx,1042170,914.21,0.928924108849,10
[22:34:15],[22:34:25],1024,2145852,2145852,17488243,0.009971,7184936.050781,packing-500x100x100-b050.mtx,34043123,975.4125,0.831320485733,8
[22:36:04],[22:36:16],32768,40216,40216,526144,0.000370,303.569244,case39_A_08.mtx,1042170,915.03,1.16965806969,10
[22:38:05],[22:38:20],32768,155924,155924,5416358,0.000471,264.466919,para-10.mtx,5416358,962.3,1.33301278198,13
[22:39:59],[22:40:11],32768,40216,40216,526144,0.000370,307.235016,case39_A_09.mtx,1042170,915.89,1.1211155159,10
[22:42:00],[22:42:15],32768,153226,153226,5326228,0.000455,252.293060,para-4.mtx,5326228,963.292307692,1.61695893981,13
[22:43:54],[22:44:06],32768,40216,40216,526144,0.000371,349.911377,case39_A_10.mtx,1042170,914.62,1.00179838291,10
[22:45:55],[22:46:11],32768,155924,155924,5416358,0.000474,270.581604,para-5.mtx,5416358,947.692857143,1.73265456359,14
[22:47:49],[22:48:02],32768,40216,40216,526144,0.000370,336.527283,case39_A_11.mtx,1042170,903.609090909,1.31041599603,11
[22:49:51],[22:50:07],32768,155924,155924,5416358,0.000472,268.436554,para-6.mtx,5416358,956.65,1.71662043396,14
[22:51:45],[22:51:57],32768,40216,40216,526144,0.000371,348.144836,case39_A_12.mtx,1042170,911.35,1.24438739949,10
[22:53:46],[22:54:02],32768,155924,155924,5416358,0.000472,261.510651,para-7.mtx,5416358,960.25,9.91159133828,14
[22:55:40],[22:55:53],32768,40216,40216,526144,0.000371,338.866577,case39_A_13.mtx,1042170,916.345454545,0.893780160446,11
[22:57:42],[22:57:57],32768,155924,155924,5416358,0.000473,267.268982,para-8.mtx,5416358,960.238461538,1.38204890348,13
[22:59:57],[23:00:12],32768,155924,155924,5416358,0.000472,264.405731,para-9.mtx,5416358,950.830769231,0.440951096861,13
[23:02:04],[23:02:16],32768,525825,525825,2100225,0.000367,323.761047,parabolic_fem.mtx,3674625,975.96,3.41326822855,10
[23:07:02],[23:07:14],65536,240547,240547,560943,0.000177,159.285049,patents_main.mtx,560943,964.31,1.27784975643,10
[23:09:42],[23:09:56],1024,3774768,3774768,14970767,0.013758,5858139.524414,patents.mtx,14970767,961.516666667,0.791447338039,12
[23:12:30],[23:12:49],8192,19242,19242,4671337,0.002369,1562729.971069,pattern1.mtx,9323414,987.541176471,1.20394392264,17
[23:14:55],[23:15:10],262144,13965,13965,491274,0.000056,396.788754,pcrystk02.mtx,954867,955.761538462,1.35222805401,13
[23:17:10],[23:17:22],131072,24696,24696,887937,0.000093,370.817268,pcrystk03.mtx,1726875,960.86,1.11373246339,10
[23:19:15],[23:19:26],65536,52329,52329,1375396,0.000165,357.575836,pct20stif.mtx,2650668,958.422222222,1.19794061973,9
[23:21:25],[23:21:39],65536,36417,36417,2190591,0.000215,341.406036,pdb1HYS.mtx,4344765,981.408333333,1.54459181951,12
[23:23:42],[23:23:58],131072,9728,9728,367436,0.000122,278.654381,pf2177.mtx,725144,923.521428571,1.34013782416,14
[23:26:05],[23:26:20],262144,74752,74752,335872,0.000060,443.178520,pfinan512.mtx,571392,959.976923077,1.47447714131,13
[23:28:18],[23:28:28],131072,22044,22044,500712,0.000080,335.209732,pkustk01.mtx,960521,942.5625,0.988606974485,8
[23:30:35],[23:30:50],262144,10800,10800,410400,0.000058,413.463036,pkustk02.mtx,800223,940.707692308,1.11594150554,13
[23:32:45],[23:32:56],65536,63336,63336,1596876,0.000172,280.597977,pkustk03.mtx,3075267,959.544444444,1.28332130826,9
[23:34:34],[23:34:47],32768,40216,40216,526139,0.000372,346.283569,case39.mtx,1042160,913.272727273,1.09800721068,11
[23:36:27],[23:36:39],32768,55590,55590,2137125,0.000371,309.075867,pkustk04.mtx,4170665,936.43,1.09091704543,10
[23:38:13],[23:38:24],16384,345241,345241,1343126,0.000677,316.161133,c-big.mtx,2341011,927.366666667,0.988826464946,9
[23:40:18],[23:40:35],131072,37164,37164,1121154,0.000131,323.339691,pkustk05.mtx,2173340,955.28,1.56384142419,15
[23:42:27],[23:42:37],262144,13681,13681,263754,0.000040,409.048428,cbuckle_G.mtx,514896,948.5125,0.788095013307,8
[23:44:34],[23:44:52],131072,43164,43164,1307466,0.000144,345.414497,pkustk06.mtx,2534794,958.3,1.90131533418,16
[23:46:45],[23:46:57],262144,13681,13681,345098,0.000045,402.393234,cbuckle.mtx,676515,958.28,1.36293800299,10
[23:48:54],[23:49:13],131072,16860,16860,1217832,0.000150,299.327583,pkustk07.mtx,2405055,948.1,1.5911520059,17
[23:51:05],[23:51:20],131072,70656,70656,949510,0.000113,392.976448,cfd1.mtx,1828364,983.607692308,1.67536978167,13
[23:53:05],[23:53:18],65536,22209,22209,1624440,0.000195,297.335342,pkustk08.mtx,3208670,944.790909091,1.51324728824,11
[23:55:03],[23:55:15],65536,123440,123440,1605669,0.000179,395.322342,cfd2.mtx,3087898,986.72,1.33850663054,10
[23:57:04],[23:57:17],131072,33960,33960,808800,0.000097,392.368614,pkustk09.mtx,1554204,944.290909091,1.19731103687,11
[23:59:16],[23:59:32],65536,80676,80676,2194830,0.000242,326.137146,pkustk10.mtx,4237584,948.735714286,1.66587906561,14
[00:01:43],[00:02:00],512,4802000,4802000,42681372,0.033960,17409574.548828,channel-500x100x100-b050.mtx,83010744,915.366666667,1.14406682012,15
[00:03:54],[00:04:13],65536,87804,87804,2652858,0.000297,351.582886,pkustk11.mtx,5142514,955.423529412,2.73915603399,17
[00:05:34],[00:05:44],1024,68121,68121,5377761,0.010319,564737.939453,Chebyshev4.mtx,5377761,923.8375,0.710523574556,8
[00:07:22],[00:07:34],16384,94653,94653,3803485,0.000749,57445.998291,pkustk12.mtx,7429105,951.22,1.11157545853,10
[00:09:22],[00:09:35],1024,3523317,3523317,19194193,0.012795,5398462.272461,circuit5M_dc.mtx,19194193,936.281818182,1.13042082415,11
[00:11:19],[00:11:32],32768,94893,94893,3355860,0.000417,1267.052277,pkustk13.mtx,6542332,955.672727273,1.45732688608,11
[00:14:20],[00:14:31],128,5558326,5558326,59524291,0.084995,15111534.140625,circuit5M.mtx,59524291,926.388888889,0.971189928152,9
[00:15:59],[00:16:12],2048,151926,151926,7494215,0.006358,2704603.740234,pkustk14.mtx,14708717,921.636363636,0.828221234468,11
[00:17:51],[00:18:04],32768,268495,268495,1156647,0.000377,158.053375,citationCiteseer.mtx,2313179,948.490909091,1.33106556457,11
[00:19:51],[00:20:02],131072,22695,22695,686502,0.000084,394.676041,pli.mtx,1335622,950.333333333,1.00332779622,9
[00:21:30],[00:21:41],512,3774768,3774768,16518948,0.020969,6401164.388672,cit-Patents.mtx,16518948,931.866666667,0.764489662745,9
[00:23:28],[00:23:45],32768,85623,85623,2374949,0.000514,161.775635,poisson3Db.mtx,2374949,936.306666667,1.41113035857,15
[00:25:47],[00:26:04],16384,161070,161070,8185136,0.001036,303735.971741,PR02R.mtx,8185136,952.066666667,1.76584886732,15
[00:27:52],[00:28:10],32768,325557,325557,3216152,0.000559,409.739929,cnr-2000.mtx,3216152,935.81875,1.55692756334,16
[00:30:24],[00:30:41],32768,659033,659033,5959282,0.000515,3442.795898,pre2.mtx,5959282,990.98,1.73443554699,15
[00:32:31],[00:32:44],32768,100000,100000,499985,0.000394,229.710876,preferentialAttachment.mtx,999950,915.672727273,1.38373073385,11
[00:34:48],[00:35:00],262144,14822,14822,365313,0.000046,396.933022,Pres_Poisson.mtx,715804,958.44,1.17405280972,10
[00:37:02],[00:37:15],32768,227320,227320,814134,0.000395,157.882782,coAuthorsCiteseer.mtx,1568787,936.054545455,1.14285419126,11
[00:39:03],[00:39:14],131072,3140,3140,540022,0.000087,2951.156898,psmigr_2.mtx,540022,906.211111111,0.831924735437,9
[00:40:59],[00:41:17],32768,299067,299067,977676,0.000549,169.424072,coAuthorsDBLP.mtx,1895593,934.975,1.37272539133,16
[00:43:05],[00:43:17],131072,3140,3140,543162,0.000089,3112.958519,psmigr_3.mtx,543162,901.95,1.01906820184,10
[00:44:58],[00:45:12],16384,221119,221119,3943588,0.000831,206960.110168,CO.mtx,7666057,971.483333333,1.38614172756,12
[00:46:42],[00:46:56],2048,217918,217918,5926171,0.006929,2098529.656738,pwtk.mtx,11634424,874.158333333,0.86357622066,12
[00:48:51],[00:49:09],65536,83334,83334,3046907,0.000285,374.725235,consph.mtx,6010480,989.66875,1.77402041631,16
[00:51:11],[00:51:25],131072,180895,180895,539396,0.000107,391.112556,cont-300.mtx,988195,969.15,1.37689263682,12
[00:53:15],[00:53:28],131072,66127,66127,863353,0.000101,386.954140,qa8fk.mtx,1660579,980.318181818,1.39010672044,11
[00:55:08],[00:55:20],32768,121192,121192,1362087,0.000363,207.089844,cop20k_A.mtx,2624331,0,0,0
[00:56:57],[00:57:08],512,434102,434102,16036720,0.020953,6000910.736328,coPapersCiteseer.mtx,31765148,911.011111111,1.03863633294,9
[00:58:58],[00:59:12],131072,66127,66127,863353,0.000101,442.937828,qa8fm.mtx,1660579,976.233333333,1.56329424258,12
[01:00:36],[01:00:47],512,540486,540486,15245729,0.019753,5812587.404297,coPapersDBLP.mtx,30128561,908.0,0.825967446224,9
[01:02:35],[01:02:45],131072,21200,21200,1488768,0.000079,404.751923,raefsky3.mtx,1488768,979.9875,1.09480306448,8
[01:04:32],[01:04:42],131072,55476,55476,407714,0.000079,357.580185,copter2.mtx,759952,966.4625,0.96945538835,8
[01:06:44],[01:07:04],262144,19779,19779,674195,0.000076,395.278336,raefsky4.mtx,1328611,971.155555556,2.03175409225,18
[01:08:57],[01:09:12],1024,416800,416800,22322336,0.014325,4390506.986328,CoupCons3D.mtx,22322336,877.138461538,0.903445082864,13
[01:10:47],[01:10:57],2048,52804,52804,5333507,0.005010,1541580.901367,crankseg_1.mtx,10614210,902.975,0.757875319561,8
[01:12:43],[01:13:00],2048,63838,63838,7106348,0.008435,2543396.428711,crankseg_2.mtx,14148858,886.813333333,1.40374103341,15
[01:15:00],[01:15:18],262144,79841,79841,317377,0.000071,349.260078,rail_79841_E.mtx,554913,0,0,0
[01:17:14],[01:17:31],131072,160000,160000,1750416,0.000131,414.464394,crashbasis.mtx,1750416,989.546666667,1.95136419518,15
[01:19:31],[01:19:49],262144,79841,79841,316881,0.000070,296.887402,rail_79841.mtx,553921,961.25625,1.75533784141,16
[01:21:46],[01:22:02],262144,18010,18010,489478,0.000061,373.720448,crplat2.mtx,943184,951.3,1.4599412904,14
[01:23:48],[01:24:00],65536,263743,263743,1302464,0.000193,319.450836,Raj1.mtx,1302464,964.46,1.35587610053,10
[01:25:56],[01:26:11],262144,13965,13965,491274,0.000056,400.796021,crystk02.mtx,968583,971.738461538,1.46735683958,13
[01:28:03],[01:28:19],131072,86916,86916,605045,0.000117,348.432419,rajat20.mtx,605045,945.121428571,1.34598799158,14
[01:30:08],[01:30:20],131072,24696,24696,887937,0.000092,355.978615,crystk03.mtx,1751178,976.39,1.36341483049,10
[01:32:02],[01:32:16],32768,411676,411676,1893370,0.000408,371.281464,rajat21.mtx,1893370,951.583333333,1.12163075723,12
[01:34:08],[01:34:19],262144,24696,24696,304233,0.000043,417.747536,crystm03.mtx,583770,949.044444444,0.874466327553,9
[01:36:07],[01:36:17],131072,110355,110355,556938,0.000082,400.846420,rajat23.mtx,556938,963.875,0.976921184129,8
[01:38:01],[01:38:12],65536,52329,52329,1375396,0.000165,334.685135,ct20stif.mtx,2698463,973.333333333,1.06874796946,9
[01:39:54],[01:40:08],32768,358172,358172,1948235,0.000421,347.073090,rajat24.mtx,1948235,949.683333333,1.35390382064,12
[01:43:19],[01:43:35],256,2164760,2164760,64685452,0.060238,25166219.160156,Cube_Coup_dt0.mtx,127206144,894.8,0.78010988237,14
[01:45:26],[01:45:41],131072,87190,87190,607235,0.000114,362.687813,rajat25.mtx,607235,943.676923077,1.34287512802,13
[01:48:41],[01:48:52],128,2164760,2164760,64685452,0.080323,25143414.070312,Cube_Coup_dt6.mtx,127206144,879.477777778,0.616040723361,9
[01:50:43],[01:50:58],131072,87190,87190,607235,0.000114,354.743141,rajat28.mtx,607235,945.5,1.5752899611,13
[01:52:44],[01:52:56],65536,226451,226451,1349261,0.000190,392.715576,CurlCurl_1.mtx,2472071,986.72,0.570613704707,10
[01:54:28],[01:54:42],4096,643994,643994,4866270,0.003317,299106.132324,rajat29.mtx,4866270,934.45,1.26721479368,12
[01:56:06],[01:56:17],2048,806529,806529,4864159,0.005077,1597760.669922,CurlCurl_2.mtx,8921789,889.888888889,0.727926193518,9
[01:57:55],[01:58:12],4096,643994,643994,6175377,0.004222,436810.908447,rajat30.mtx,6175377,936.933333333,1.39650357043,15
[01:59:37],[01:59:47],1024,1219574,1219574,7382096,0.010139,2788766.317383,CurlCurl_3.mtx,13544618,874.15,0.494974746831,8
[02:01:31],[02:01:42],512,4690002,4690002,20316253,0.022534,5465768.609375,rajat31.mtx,20316253,868.244444444,0.636153564813,9
[02:03:20],[02:03:33],512,2380515,2380515,14448191,0.026278,6041350.189453,CurlCurl_4.mtx,26515867,854.690909091,0.634542849695,11
[02:05:30],[02:05:49],131072,16830,16830,1441591,0.000149,296.212540,ramage02.mtx,2849922,949.823529412,1.27856970261,17
[02:08:02],[02:08:21],65536,389874,389874,1167685,0.000285,273.458328,darcy003.mtx,2101242,961.070588235,1.48710722185,17
[02:10:07],[02:10:18],131072,65536,65536,342127,0.000082,482.358986,rgg_n_2_16_s0.mtx,682389,940.577777778,1.194224786,9
[02:12:05],[02:12:15],131072,51537,51537,531157,0.000078,364.888557,dawson5.mtx,1010777,962.0375,0.929969757573,8
[02:14:04],[02:14:15],32768,326186,326186,807700,0.000337,267.193726,dblp-2010.mtx,1490996,940.088888889,1.18550921496,9
[02:15:57],[02:16:07],65536,131072,131072,728753,0.000157,317.237488,rgg_n_2_17_s0.mtx,1454744,954.0875,0.985440891175,8
[02:17:44],[02:17:54],32768,116835,116835,766396,0.000311,429.818329,dc1.mtx,766396,923.5125,0.930641579772,8
[02:19:42],[02:19:53],32768,116835,116835,766396,0.000313,443.929016,dc2.mtx,766396,922.955555556,0.848673620175,9
[02:21:30],[02:21:41],32768,262144,262144,1547283,0.000312,455.973114,rgg_n_2_18_s0.mtx,3090647,961.233333333,0.856348838578,9
[02:23:18],[02:23:28],32768,116835,116835,766396,0.000312,433.246735,dc3.mtx,766396,922.325,0.824242076092,8
[02:25:41],[02:25:53],1048576,8,8,13,0.000011,304.812698,debr_G_01.mtx,21,889.89,0.944933860119,10
[02:27:29],[02:27:39],16384,524288,524288,3269766,0.000640,12729.788208,rgg_n_2_19_s0.mtx,6533773,967.775,0.907950989867,8
[02:29:43],[02:29:56],1048576,16,16,29,0.000012,360.727681,debr_G_02.mtx,51,888.654545455,1.0949168805,11
[02:32:10],[02:32:23],1048576,32,32,61,0.000012,443.705974,debr_G_03.mtx,113,889.527272727,1.09385964622,11
[02:33:46],[02:34:00],1024,1048576,1048576,6891620,0.013026,2813696.798828,rgg_n_2_20_s0.mtx,13774937,842.5,0.677003200386,12
[02:36:03],[02:36:16],1048576,64,64,125,0.000012,465.579625,debr_G_04.mtx,239,889.754545455,0.927718253041,11
[02:38:31],[02:38:45],1048576,128,128,253,0.000013,530.913866,debr_G_05.mtx,492,888.758333333,0.932253840015,12
[02:40:15],[02:40:30],512,2097152,2097152,14487995,0.028672,6106826.906250,rgg_n_2_21_s0.mtx,28963873,841.776923077,0.914123242115,13
[02:42:33],[02:42:45],1048576,256,256,509,0.000012,317.324253,debr_G_06.mtx,1001,890.75,0.943663075467,10
[02:44:59],[02:45:11],1048576,512,512,1021,0.000012,332.939771,debr_G_07.mtx,2022,891.43,1.04694794522,10
[02:47:07],[02:47:26],512,4194304,4194304,30359198,0.035600,12739492.269531,rgg_n_2_22_s0.mtx,60701054,902.041176471,0.979831212073,17
[02:49:28],[02:49:41],1048576,1024,1024,2045,0.000012,353.327317,debr_G_08.mtx,4067,896.918181818,0.991617761602,11
[02:51:56],[02:52:09],1048576,2048,2048,4093,0.000013,358.538315,debr_G_09.mtx,8160,898.663636364,1.00658985714,11
[02:54:50],[02:55:09],256,8388608,8388608,63501393,0.073580,26525385.191406,rgg_n_2_23_s0.mtx,126977218,901.3,1.26444593772,17
[02:57:14],[02:57:29],1048576,4096,4096,8189,0.000014,361.960585,debr_G_10.mtx,16349,902.238461538,1.05286310129,13
[02:59:49],[03:00:08],1048576,8192,8192,16381,0.000018,396.853631,debr_G_11.mtx,32730,906.035294118,4.95449186288,17
[03:04:35],[03:04:49],128,16777216,16777216,132557200,0.113700,55165356.406250,rgg_n_2_24_s0.mtx,265077571,936.666666667,0.964653075233,12
[03:06:49],[03:07:03],524288,16384,16384,32765,0.000027,380.340811,debr_G_12.mtx,65495,913.3,1.19443152448,12
[03:09:01],[03:09:17],262144,22560,22560,1014951,0.000061,481.569851,rim.mtx,1014951,982.657142857,1.60031884578,14
[03:11:10],[03:11:23],262144,32768,32768,65533,0.000047,365.914146,debr_G_13.mtx,131028,916.4,1.10864372505,11
[03:13:52],[03:14:11],1024,381689,381689,37464962,0.017983,7292446.125000,RM07R.mtx,37464962,891.7,1.13965939184,17
[03:15:58],[03:16:09],131072,65536,65536,131069,0.000088,385.833282,debr_G_14.mtx,262097,914.944444444,0.860376030338,9
[03:18:02],[03:18:13],65536,131072,131072,262141,0.000167,344.133621,debr_G_15.mtx,524238,915.655555556,1.00676722578,9
[03:20:00],[03:20:12],65536,46835,46835,2374001,0.000183,398.425003,rma10.mtx,2374001,967.67,1.38351002888,10
[03:21:49],[03:21:59],32768,262144,262144,524285,0.000327,350.557983,debr_G_16.mtx,1048523,925.625,1.01704228034,8
[03:23:26],[03:23:36],256,14081816,14081816,16933413,0.042091,18047219.132812,road_central.mtx,33679146,928.85,0.769740215917,8
[03:25:09],[03:25:19],16384,524288,524288,1048573,0.000644,337.801880,debr_G_17.mtx,2097096,925.525,0.966630746459,8
[03:26:50],[03:27:01],8192,1971281,1971281,2766607,0.001389,483035.989990,roadNet-CA.mtx,5245210,1027.34444444,1.00897209642,9
[03:28:33],[03:28:47],8192,1048576,1048576,2097149,0.001690,47269.164551,debr_G_18.mtx,4194245,931.483333333,1.2863600671,12
[03:30:21],[03:30:32],16384,1090920,1090920,1541898,0.000682,346.251221,roadNet-PA.mtx,2955556,965.311111111,1.23688178223,9
[03:32:02],[03:32:15],8192,1048576,1048576,2097149,0.001523,24959.463867,debr.mtx,4194245,927.863636364,1.12998208133,11
[03:33:52],[03:34:06],16384,1393383,1393383,1921660,0.000854,388.121826,roadNet-TX.mtx,3702778,965.4,1.61503353938,12
[03:35:58],[03:36:14],131072,131072,131072,393176,0.000123,421.821777,delaunay_n17.mtx,742844,962.264285714,1.30909300273,14
[03:37:51],[03:38:01],128,23947347,23947347,28854312,0.080200,23333880.789062,road_usa.mtx,56929515,893.7,0.6204836823,8
[03:39:48],[03:40:04],65536,262144,262144,786396,0.000236,330.970413,delaunay_n18.mtx,1485667,965.364285714,1.52812076134,14
[03:41:57],[03:42:12],32768,524288,524288,1572823,0.000459,388.865967,delaunay_n19.mtx,2971594,965.761538462,1.47728360984,13
[03:44:03],[03:44:18],65536,90449,90449,2455670,0.000233,408.516190,s3dkq4m2.mtx,4820891,994.461538462,1.72873384593,13
[03:45:49],[03:46:00],8192,1048576,1048576,3145686,0.001385,366843.328247,delaunay_n20.mtx,5942733,996.955555556,1.09960711278,9
[03:47:42],[03:48:00],2048,2097152,2097152,6291408,0.008627,3125056.813477,delaunay_n21.mtx,11888276,935.275,1.08483869769,16
[03:49:46],[03:49:58],65536,90449,90449,1921955,0.000189,369.610825,s3dkt3m2.mtx,3753461,989.55,0.654599113962,10
[03:51:26],[03:51:41],512,4194304,4194304,12582869,0.028557,6792970.988281,delaunay_n22.mtx,23771400,891.830769231,1.0999193085,13
[03:53:29],[03:53:42],256,8388608,8388608,25165784,0.048298,13947926.234375,delaunay_n23.mtx,47554738,914.490909091,0.940458829464,11
[03:55:27],[03:55:39],65536,90449,90449,1921955,0.000187,374.083923,s4dkt3m2.mtx,3663163,965.81,1.32623527325,10
[03:57:47],[03:57:58],128,16777216,16777216,50331601,0.091680,28088660.312500,delaunay_n24.mtx,95092341,932.988888889,1.11499321816,9
[03:59:58],[04:00:10],131072,89400,89400,622812,0.000089,415.671272,denormal.mtx,1156224,981.15,1.37858623234,10
[04:02:29],[04:02:46],1024,1157456,1157456,24848204,0.016904,9797347.592773,dielFilterV2real.mtx,48538952,952.78,1.44277510375,15
[04:05:47],[04:06:05],512,1102824,1102824,45204422,0.035183,17851990.732422,dielFilterV3real.mtx,89306020,945.25625,1.46243322497,16
[04:08:12],[04:08:32],131072,182730,182730,885416,0.000149,383.283165,d_pretok.mtx,1641672,977.161111111,2.08490311229,18
[04:10:14],[04:10:24],65536,170998,170998,958936,0.000155,316.698624,scircuit.mtx,958936,967.8125,0.879541784113,8
[04:12:16],[04:12:31],131072,65025,65025,547625,0.000117,328.153687,Dubcova2.mtx,1030225,951.769230769,1.28863948255,13
[04:14:46],[04:15:01],512,1391349,1391349,32961525,0.030474,12882322.875000,Serena.mtx,64531701,920.176923077,0.956076796202,13
[04:16:44],[04:16:57],32768,146689,146689,1891669,0.000414,331.845490,Dubcova3.mtx,3636649,943.527272727,1.48206913659,11
[04:19:00],[04:19:11],262144,17281,17281,553562,0.000041,452.424313,e40r0100.mtx,553562,958.355555556,0.820719347228,9
[04:21:02],[04:21:18],65536,34920,34920,2339575,0.000251,248.366043,ship_001.mtx,4644230,970.671428571,1.32956951757,14
[04:23:05],[04:23:21],32768,1000000,1000000,2998000,0.000502,3618.613739,ecology1.mtx,4996000,982.257142857,1.49030882979,14
[04:25:00],[04:25:12],16384,121728,121728,4103881,0.000693,249296.341614,ship_003.mtx,8086034,995.09,1.15883562251,10
[04:26:58],[04:27:14],32768,999999,999999,2997995,0.000500,542.456085,ecology2.mtx,4995991,977.15,1.67364017297,14
[04:29:03],[04:29:20],32768,140874,140874,3977139,0.000521,139284.968445,shipsec1.mtx,7813404,1002.16,1.79584706105,15
[04:31:16],[04:31:33],1024,923136,923136,20964171,0.017315,8129551.946289,Emilia_923.mtx,41005206,914.24,1.33256644612,15
[04:33:09],[04:33:25],4096,179860,179860,5146478,0.003966,1689264.234375,shipsec5.mtx,10113096,912.178571429,1.14466375065,14
[04:35:19],[04:35:30],32768,114919,114919,3384159,0.000357,1922.612915,shipsec8.mtx,6653399,976.333333333,1.06039824804,9
[04:37:29],[04:37:40],131072,17077,17077,446500,0.000086,344.735252,Si10H16.mtx,875923,943.611111111,1.21878304007,9
[04:39:18],[04:39:32],1024,862664,862664,19235140,0.014155,3942916.549805,eu-2005.mtx,19235140,880.85,1.02672618875,12
[04:41:15],[04:41:27],32768,97569,97569,2626974,0.000375,302.080933,Si34H36.mtx,5156379,965.33,0.98493654618,10
[04:43:05],[04:43:17],1024,185639,185639,7598452,0.011749,2744142.856445,Si41Ge41H72.mtx,15011265,872.62,0.821948903521,10
[04:45:38],[04:45:54],128,50912018,50912018,54054660,0.131852,41092220.664062,europe_osm.mtx,87659663,905.457142857,1.13434328749,14
[04:47:54],[04:48:12],262144,19896,19896,379247,0.000069,304.386642,Si5H12.mtx,738598,952.04375,1.42388936982,16
[04:50:12],[04:50:29],262144,16614,16614,1096948,0.000067,354.916008,ex11.mtx,1096948,976.193333333,1.36941187701,15
[04:52:15],[04:52:34],8192,240369,240369,5451000,0.002365,1717526.076660,Si87H76.mtx,10661631,999.547058824,1.85539520035,17
[04:54:34],[04:54:53],262144,16782,16782,347890,0.000072,234.643383,ex3sta1.mtx,671494,934.329411765,1.56534706014,17
[04:56:49],[04:57:04],262144,11532,11532,568526,0.000058,419.147388,sinc15.mtx,568526,941.115384615,1.50835935009,13
[04:58:42],[04:58:57],16384,6001,6001,1137751,0.000920,241275.046936,exdata_1.mtx,2269501,957.269230769,1.09008441126,13
[05:00:46],[05:00:58],131072,16428,16428,973826,0.000091,530.778946,sinc18.mtx,973826,948.16,1.22735487941,10
[05:02:39],[05:02:53],1024,343791,343791,13590452,0.014033,5246749.086914,F1.mtx,26837113,932.358333333,1.01032860441,12
[05:04:33],[05:04:52],4096,155331,155331,5719417,0.004578,1640750.356445,SiO2.mtx,11283503,965.676470588,1.87225231198,17
[05:06:27],[05:06:38],16384,71505,71505,2682895,0.000618,224.846741,F2.mtx,5294285,936.388888889,0.982564043086,9
[05:08:29],[05:08:43],131072,33401,33401,675528,0.000111,279.488235,SiO.mtx,1317655,959.9,1.37234592335,12
[05:10:28],[05:10:45],1024,638802,638802,14626683,0.016959,5601384.039062,Fault_639.mtx,28614564,890.88,0.821543263215,15
[05:33:29],[05:33:39],4096,201822,201822,5748069,0.002568,1963393.816895,fcondp2.mtx,11100482,968.8125,0.730475016684,8
[05:35:30],[05:35:45],131072,100000,100000,499998,0.000114,184.386337,smallworld.mtx,920011,963.207692308,1.41337650189,13
[05:37:35],[05:37:48],65536,147900,147900,3489300,0.000200,411.731964,FEM_3D_thermal2.mtx,3489300,994.072727273,1.4403856233,11
[05:39:39],[05:39:52],131072,12504,12504,874887,0.000104,707.406967,sme3Da.mtx,874887,943.627272727,1.29199698078,11
[05:41:41],[05:41:54],131072,143437,143437,409593,0.000099,437.857628,fe_ocean.mtx,751512,964.8,1.20905673226,11
[05:43:47],[05:44:06],65536,29067,29067,2081063,0.000287,170.568527,sme3Db.mtx,2081063,939.817647059,1.71300743246,17
[05:45:49],[05:46:00],65536,99617,99617,662431,0.000170,174.973114,fe_rotor.mtx,1288018,949.022222222,1.08092324507,9
[05:47:46],[05:48:01],32768,42930,42930,3148656,0.000467,154.702515,sme3Dc.mtx,3148656,934.053846154,1.54003765419,13
[05:49:52],[05:50:06],131072,78136,78136,452591,0.000109,316.732208,fe_tooth.mtx,861697,953.391666667,1.30285477148,12
[05:52:14],[05:52:27],65536,25710,25710,1889447,0.000194,314.640106,smt.mtx,3753184,970.490909091,1.49633160244,11
[05:55:04],[05:55:16],128,4847571,4847571,68993773,0.088851,22748507.546875,soc-LiveJournal1.mtx,68993773,940.6,3.22149033834,10
[05:57:02],[05:57:15],65536,106437,106437,1406791,0.000196,309.085403,filter3D_E.mtx,2707145,981.245454545,1.24050109843,11
[05:59:11],[05:59:24],65536,106437,106437,1406808,0.000197,343.857803,filter3D.mtx,2707179,981.8,1.41934684082,11
[06:01:32],[06:01:49],262144,74752,74752,335872,0.000063,430.930771,finan512.mtx,596992,968.186666667,1.44815591549,15
[06:04:01],[06:04:20],65536,77360,77360,905468,0.000294,192.438965,soc-Slashdot0811.mtx,905468,922.658823529,1.68245577637,17
[06:06:08],[06:06:19],32768,82168,82168,948464,0.000317,218.092865,soc-Slashdot0902.mtx,948464,920.466666667,0.82865352631,9
[06:08:23],[06:08:39],131072,50000,50000,799494,0.000127,172.726196,sparsine.mtx,1548988,967.321428571,1.8624785987,14
[06:10:47],[06:11:07],131072,54924,54924,1508538,0.000150,367.010239,srb1.mtx,2908058,967.177777778,1.82317048497,18
[06:14:17],[06:14:33],512,1564794,1564794,59485419,0.031245,22929437.216797,Flan_1565.mtx,117406044,964.864285714,1.4988601111,14
[06:16:04],[06:16:16],4096,683446,683446,7583376,0.002923,722109.771240,Stanford_Berkeley.mtx,7583376,953.17,1.1445959986,10
[06:17:47],[06:18:06],1024,820878,820878,9837214,0.018500,1747449.745117,flickr.mtx,9837214,931.188235294,1.90815042968,17
[06:20:06],[06:20:18],131072,100196,100196,322442,0.000097,331.141869,ford2.mtx,483446,943.56,1.17745488236,10
[06:22:02],[06:22:17],32768,281903,281903,2312497,0.000470,166.715149,Stanford.mtx,2312497,948.938461538,1.2111904262,13
[06:24:07],[06:24:24],65536,7548,7548,848553,0.000264,1195.729752,fp.mtx,848553,914.066666667,1.49651446888,15
[06:26:19],[06:26:36],131072,21982,21982,1248731,0.000130,391.036728,std1_Jac2.mtx,1248731,943.833333333,1.75068240663,15
[06:28:22],[06:28:33],1024,3428755,3428755,18920347,0.010639,5640022.092773,Freescale1.mtx,18920347,985.5,1.01434160365,9
[06:30:32],[06:30:50],262144,21982,21982,531826,0.000068,395.163452,std1_Jac3_db.mtx,531826,944.14375,1.80864892599,16
[06:32:18],[06:32:29],4096,199187,199187,5953632,0.002524,2089327.125000,fullb.mtx,11516648,986.488888889,0.772362097644,9
[06:34:26],[06:34:46],131072,21982,21982,1455848,0.000149,383.215950,std1_Jac3.mtx,1455848,947.811111111,2.59398639782,18
[06:36:48],[06:37:07],512,2987012,2987012,26621990,0.036328,7241874.490234,FullChip.mtx,26621990,946.829411765,1.72925169327,17
[06:38:44],[06:38:56],2048,1465137,1465137,11235263,0.005462,4426070.251953,StocF-1465.mtx,21005389,1009.86,0.886791971096,10
[06:40:43],[06:40:55],131072,150102,150102,438388,0.000089,356.397499,G2_circuit.mtx,726674,976.31,1.21692234756,10
[06:42:50],[06:43:04],262144,49666,49666,295938,0.000053,422.255074,stokes128.mtx,558594,956.708333333,1.57663054927,12
[06:44:33],[06:44:43],4096,1585478,1585478,4623152,0.002529,1647316.611328,G3_circuit.mtx,7660826,1003.275,0.953611556138,8
[06:46:32],[06:46:46],65536,213360,213360,3021648,0.000205,393.631042,stomach.mtx,3021648,989.15,17.8094310222,12
[06:48:44],[06:49:01],262144,47430,47430,656616,0.000063,387.210411,g7jac160.mtx,656616,968.72,1.81739740655,15
[06:50:47],[06:50:57],131072,53570,53570,613632,0.000079,441.727188,struct3.mtx,1148910,966.75,1.06066017178,8
[06:52:56],[06:53:12],262144,47430,47430,656616,0.000063,444.483852,g7jac160sc.mtx,656616,0,0,0
[06:55:23],[06:55:42],262144,53370,53370,747276,0.000071,423.005096,g7jac180.mtx,747276,969.605882353,1.88382295541,17
[06:57:31],[06:57:45],65536,79171,79171,2215638,0.000219,376.075073,t3dh_a.mtx,4352105,993.016666667,1.54964153561,12
[06:59:46],[07:00:04],262144,53370,53370,747276,0.000071,458.381187,g7jac180sc.mtx,747276,971.43125,1.59715322919,16
[07:02:02],[07:02:12],131072,59310,59310,837936,0.000077,292.461143,g7jac200.mtx,837936,970.8375,0.931312917338,8
[07:04:09],[07:04:19],131072,59310,59310,837936,0.000078,315.578133,g7jac200sc.mtx,837936,968.15,1.01980390272,8
[07:06:09],[07:06:23],65536,79171,79171,2215638,0.000219,375.564117,t3dh_e.mtx,4352105,991.716666667,1.25819535667,12
[07:08:14],[07:08:33],32768,113081,113081,3114357,0.000580,86011.926270,Ga10As10H30.mtx,6115633,987.447058824,2.03155045023,17
[07:10:22],[07:10:36],65536,79171,79171,2215638,0.000219,373.634232,t3dh_E.mtx,4352105,992.708333333,1.3919161453,12
[07:12:16],[07:12:31],8192,133123,133123,4508981,0.001912,1004833.215454,Ga19As19H42.mtx,8884839,997.8,1.58793528254,13
[07:14:20],[07:14:35],65536,79171,79171,2215638,0.000219,359.906937,t3dh.mtx,4352105,992.984615385,1.65196673176,13
[07:16:47],[07:17:07],262144,82654,82654,328556,0.000076,449.426273,thermal1.mtx,574458,977.588888889,1.9304256551,18
[07:18:54],[07:19:11],4096,1228045,1228045,4904179,0.004117,1774144.834961,thermal2.mtx,8580313,979.52,1.76340579561,15
[07:21:14],[07:21:31],65536,204316,204316,2846228,0.000256,154.410004,thermomech_dK.mtx,2846228,978.853333333,1.46645453011,15
[07:23:26],[07:23:37],65536,204316,204316,813716,0.000176,146.305237,thermomech_dM.mtx,1423116,970.5,1.30469238605,9
[07:25:24],[07:25:43],16384,61349,61349,3016148,0.001212,307731.225342,Ga3As3H12.mtx,5970947,970.641176471,1.61247300881,17
[07:27:34],[07:27:48],131072,102158,102158,406858,0.000108,170.178276,thermomech_TC.mtx,711558,967.425,1.61303285769,12
[07:29:37],[07:29:57],4096,268096,268096,9378286,0.004883,3493963.583252,Ga41As41H72.mtx,18488476,991.944444444,1.52031510704,18
[07:31:47],[07:32:01],131072,102158,102158,406858,0.000106,171.940887,thermomech_TK.mtx,711558,969.483333333,1.72232078571,12
[07:33:41],[07:33:52],32768,61349,61349,1721579,0.000346,347.508514,GaAsH6.mtx,3381809,946.411111111,1.06400129954,9
[07:35:41],[07:35:56],65536,29736,29736,2249892,0.000220,337.384048,thread.mtx,4470048,980.553846154,3.09406762012,13
[07:37:56],[07:38:16],32768,726713,726713,2903837,0.000587,378.746490,tmt_sym.mtx,5080961,989.366666667,2.90822588149,18
[07:40:14],[07:40:29],32768,917825,917825,4584801,0.000459,471.431122,tmt_unsym.mtx,4584801,994.692307692,2.57397075426,13
[07:42:29],[07:42:43],524288,66917,66917,66917,0.000027,468.100801,gas_sensor_E.mtx,66917,945.8,1.31212296172,12
[07:44:45],[07:44:58],131072,66917,66917,885141,0.000102,408.981667,gas_sensor.mtx,1703365,991.709090909,1.03172806975,11
[07:46:45],[07:46:59],8192,112985,112985,4002590,0.001640,847913.189453,Ge87H76.mtx,7892195,998.008333333,1.50635229021,12
[07:48:46],[07:48:59],8192,112985,112985,4282190,0.001629,903124.083130,Ge99H100.mtx,8451395,1002.74545455,1.14920022495,11
[07:50:45],[07:50:58],8192,153746,153746,4617075,0.001593,985158.669067,gearbox.mtx,8943728,991.036363636,1.53046203794,11
[07:52:34],[07:52:45],4096,116158,116158,8516500,0.002731,811718.125488,torso1.mtx,8516500,959.7,0.861523198888,9
[07:55:01],[07:55:16],1024,1437960,1437960,32297325,0.014688,12615703.046875,Geo_1438.mtx,63156690,998.030769231,1.13163232367,13
[07:57:05],[07:57:17],131072,115967,115967,1033473,0.000090,416.726189,torso2.mtx,1033473,979.62,1.1417530381,10
[07:59:25],[07:59:44],65536,259156,259156,4429042,0.000288,360.144974,torso3.mtx,4429042,994.635294118,1.95356120561,17
[08:01:19],[08:01:36],1024,11548845,11548845,12369181,0.016893,9710187.682617,germany_osm.mtx,20385176,977.966666667,1.52038006944,15
[08:03:13],[08:03:23],32768,116835,116835,766396,0.000313,436.307922,trans4.mtx,766396,924.9625,1.03191266588,8
[08:05:17],[08:05:34],131072,100000,100000,501198,0.000134,141.292824,G_n_pin_pout.mtx,1000823,926.225,61.7471608659,4
[08:07:11],[08:07:22],32768,116835,116835,766396,0.000313,443.020782,trans5.mtx,766396,927.477777778,1.04326174172,9
[08:09:23],[08:09:41],65536,178866,178866,961790,0.000276,362.540161,transient.mtx,961790,944.2625,1.81861038983,16
[08:11:03],[08:11:13],1024,7733822,7733822,8156517,0.010473,6009999.104492,great-britain_osm.mtx,13407835,984.275,0.961444226151,8
[08:13:16],[08:13:29],2048,1602111,1602111,23500731,0.006111,4960412.556152,Transport.mtx,23500731,1005.71818182,1.36035969964,11
[08:15:17],[08:15:36],2048,589446,589446,11174185,0.009505,4308169.209473,gsm_106857.mtx,21758924,967.1,1.44017972735,17
[08:17:26],[08:17:39],131072,22098,22098,978711,0.000100,346.855598,trdheim.mtx,1913501,962.345454545,1.40477344428,11
[08:19:26],[08:19:46],32768,31802,31802,1098006,0.000607,338.926270,gupta1.mtx,2164149,918.505555556,1.43002417315,18
[08:21:30],[08:21:42],16384,62064,62064,2155175,0.000680,377.046082,gupta2.mtx,4248162,918.83,16.9965319992,10
[08:23:18],[08:23:34],2048,16783,16783,4670105,0.007346,1007748.867676,gupta3.mtx,9307069,938.921428571,1.24738501985,14
[08:25:02],[08:25:12],4096,213453,213453,6099282,0.002618,2135376.009277,troll.mtx,11784722,980.9875,0.856500875656,8
[08:27:03],[08:27:15],32768,8140,8140,1012521,0.000380,343.520813,TSC_OPF_1047.mtx,2016902,919.5,1.11355287257,10
[08:29:19],[08:29:36],131072,9774,9774,415289,0.000131,392.567169,TSC_OPF_300.mtx,820804,928.693333333,1.37281543633,15
[08:31:36],[08:31:54],262144,17361,17361,519260,0.000069,427.866505,gyro_k.mtx,1021159,971.7625,1.28300185113,16
[08:33:39],[08:33:53],65536,10798,10798,305732,0.000210,389.552826,TSOPF_FS_b162_c1.mtx,608540,916.9,1.2233832869,12
[08:35:58],[08:36:16],524288,17361,17361,178896,0.000036,453.541439,gyro_M.mtx,340431,951.03125,1.40388690339,16
[08:38:04],[08:38:23],32768,30798,30798,904612,0.000607,312.533691,TSOPF_FS_b162_c3.mtx,1801300,919.623529412,1.44894664042,17
[08:40:23],[08:40:42],262144,17361,17361,519260,0.000069,392.181984,gyro.mtx,1021159,971.247058824,1.96292628103,17
[08:42:18],[08:42:31],16384,40798,40798,1204322,0.000820,420.022522,TSOPF_FS_b162_c4.mtx,2398220,917.981818182,1.05038363712,11
[08:44:26],[08:44:44],131072,67024,67024,1141880,0.000133,353.208290,H2O.mtx,2216736,992.08125,1.58517299923,16
[08:46:14],[08:46:29],4096,29214,29214,2203949,0.003740,474810.144287,TSOPF_FS_b300_c1.mtx,4400122,935.846153846,1.68596714295,13
[08:47:59],[08:48:10],4096,224617,224617,6306219,0.002685,2243765.025879,halfb.mtx,12169847,975.944444444,17.9608284337,9
[08:49:41],[08:49:59],2048,56814,56814,4391071,0.008743,1573421.823730,TSOPF_FS_b300_c2.mtx,8767466,927.5875,1.50161371531,16
[08:51:40],[08:51:56],8192,1447360,1447360,5514242,0.001934,1182663.777100,Hamrle3.mtx,5514242,1016.42142857,2.89387988975,14
[08:53:23],[08:53:37],1024,84414,84414,6578753,0.013482,2432143.402344,TSOPF_FS_b300_c3.mtx,13135930,935.4,1.35523675668,12
[08:55:25],[08:55:36],131072,3557,3557,1387773,0.000084,438.755562,heart1.mtx,1387773,966.922222222,1.1063230167,9
[08:57:07],[08:57:23],4096,29214,29214,2203949,0.003944,474884.210938,TSOPF_FS_b300.mtx,4400122,938.05,1.10760359077,14
[08:59:16],[08:59:28],262144,2339,2339,682797,0.000044,459.094292,heart2.mtx,682797,955.28,1.19063008529,10
[09:01:02],[09:01:14],16384,76216,76216,998359,0.000707,361.766479,TSOPF_FS_b39_c19.mtx,1977600,916.16,0.759210115844,10
[09:03:07],[09:03:19],262144,2339,2339,682797,0.000045,486.264553,heart3.mtx,682797,954.85,0.943663075467,10
[09:04:48],[09:04:58],8192,120216,120216,1575639,0.001251,17921.255249,TSOPF_FS_b39_c30.mtx,3121160,921.7625,0.941989251531,8
[09:06:36],[09:06:46],32768,392257,392257,1567096,0.000308,329.865112,helm2d03.mtx,2741935,975.75,0.963068014213,8
[09:08:35],[09:08:52],65536,28216,28216,368599,0.000261,340.993576,TSOPF_FS_b39_c7.mtx,730080,919.48,1.69044372873,15
[09:11:08],[09:11:21],128,1139905,1139905,57515616,0.095993,22987799.132812,hollywood-2009.mtx,113057520,936.036363636,1.05767560525,11
[09:13:19],[09:13:36],262144,15374,15374,610299,0.000064,444.831223,TSOPF_RS_b162_c3.mtx,610299,949.526666667,1.4387340114,15
[09:15:06],[09:15:17],4096,220542,220542,5494489,0.002506,1894961.801758,hood.mtx,10768436,990.433333333,1.04986771653,9
[09:17:04],[09:17:15],131072,20374,20374,812749,0.000081,352.008232,TSOPF_RS_b162_c4.mtx,812749,949.344444444,3.21942407241,9
[09:19:24],[09:19:37],512,1498023,1498023,31207734,0.026005,12211694.384766,Hook_1498.mtx,60917445,919.754545455,0.877355153923,11
[09:21:12],[09:21:24],4096,25626,25626,6761100,0.002983,1193500.852783,TSOPF_RS_b2052_c1.mtx,6761100,957.03,1.02279030109,10
[09:23:09],[09:23:22],65536,226340,226340,565431,0.000203,329.794952,HTC_336_4438.mtx,904522,945.236363636,1.27298698649,11
[09:25:13],[09:25:29],2048,38120,38120,16171169,0.007906,3036746.859375,TSOPF_RS_b2383_c1.mtx,16171169,955.064285714,1.31345082178,14
[09:27:14],[09:27:27],65536,226340,226340,554881,0.000202,335.831390,HTC_336_9129.mtx,883422,944.572727273,1.41040993982,11
[09:29:18],[09:29:33],2048,38120,38120,16171169,0.007508,3036372.550293,TSOPF_RS_b2383.mtx,16171169,956.715384615,0.90879984582,13
[09:31:40],[09:31:58],131072,14538,14538,1474325,0.000138,387.597725,TSOPF_RS_b300_c1.mtx,1474325,948.65,1.74499283666,16
[09:33:42],[09:33:58],256,18318143,18318143,27470081,0.060416,25041827.742188,hugebubbles-00000.mtx,51131166,909.528571429,1.1572310372,14
[09:35:50],[09:36:08],65536,28338,28338,2943887,0.000261,381.571243,TSOPF_RS_b300_c2.mtx,2943887,953.00625,2.09388059294,16
[09:38:02],[09:38:17],16384,42138,42138,4413449,0.000920,244456.604858,TSOPF_RS_b300_c3.mtx,4413449,965.269230769,1.36234222256,13
[09:39:57],[09:40:07],128,19458087,19458087,29179764,0.080826,35182532.445312,hugebubbles-00010.mtx,55892729,911.0375,0.642139976952,8
[09:42:08],[09:42:26],262144,38098,38098,684206,0.000072,479.205582,TSOPF_RS_b39_c19.mtx,684206,953.09375,1.75409119988,16
[09:44:29],[09:44:43],131072,60098,60098,1079986,0.000108,453.116631,TSOPF_RS_b39_c30.mtx,1079986,954.6,2.97629523625,12
[09:46:27],[09:46:38],128,21198119,21198119,31790179,0.085604,37476566.906250,hugebubbles-00020.mtx,60788928,912.133333333,1.51950284267,9
[09:48:12],[09:48:23],8192,18696,18696,4396289,0.001377,304068.519531,TSOPF_RS_b678_c1.mtx,4396289,953.177777778,0.972714161255,9
[09:50:17],[09:50:34],4096,35696,35696,8781949,0.004082,1635548.728271,TSOPF_RS_b678_c2.mtx,8781949,956.453333333,1.05884633236,15
[09:51:56],[09:52:09],1024,4588484,4588484,6879133,0.012094,5157928.656250,hugetrace-00000.mtx,12803373,921.181818182,0.940810271491,11
[09:54:04],[09:54:22],131072,20685,20685,1237821,0.000136,331.230568,tsyl201.mtx,2436249,956.13125,1.68734953033,16
[09:56:28],[09:56:43],262144,21498,21498,459277,0.000056,417.197983,tube1.mtx,876007,959.292307692,1.42313929177,13
[09:58:24],[09:58:44],512,12057441,12057441,18082179,0.037763,15775447.964844,hugetrace-00010.mtx,33857462,911.416666667,1.07043604822,18
[10:00:47],[10:00:58],65536,189924,189924,912345,0.000157,372.024002,turon_m.mtx,1690876,977.588888889,1.03327359445,9
[10:02:37],[10:02:52],256,16002413,16002413,23998813,0.057044,23503536.589844,hugetrace-00020.mtx,45422927,912.561538462,0.884515044477,13
[10:04:44],[10:04:59],131072,120750,120750,1224224,0.000112,319.041260,twotone.mtx,1224224,982.438461538,1.71622952631,13
[10:06:49],[10:07:05],1024,5824554,5824554,8733523,0.016035,6695682.951172,hugetric-00000.mtx,16256855,922.235714286,1.40285787024,14
[10:08:58],[10:09:09],512,6592765,6592765,9885854,0.021228,9505538.326172,hugetric-00010.mtx,18874249,925.4,0.998888270918,9
[10:16:54],[10:17:06],64,18520486,18520486,298113762,0.182879,63925429.031250,uk-2002.mtx,298113762,894.49,0.844334057112,10
[10:18:32],[10:18:47],512,7122792,7122792,10680777,0.029519,10535422.660156,hugetric-00020.mtx,20393249,895.6,1.1734236562,13
[10:42:30],[10:42:46],32,39459925,39459925,936364282,0.526146,194409891.718750,uk-2005.mtx,936364282,931.878571429,3.11039238945,14
[10:44:31],[10:44:47],2048,22283,22283,12345963,0.007536,4633070.708008,human_gene1.mtx,24669643,980.571428571,1.04226989336,14
[10:46:44],[10:47:04],4096,14340,14340,9041364,0.004746,3342256.954590,human_gene2.mtx,18068388,988.994444444,1.90801590438,18
[10:58:26],[10:58:41],128,2017169,2017169,283073458,0.119839,55495341.781250,HV15R.mtx,283073458,925.146153846,1.014976608,13
[11:00:59],[11:01:11],65536,189860,189860,1347273,0.000187,324.975525,hvdc2.mtx,1347273,973.3,1.32060592154,10
[11:04:33],[11:04:51],131072,47072,47072,1191985,0.000136,415.574081,vanbody.mtx,2336898,984.05,1.75035710642,16
[11:06:40],[11:06:51],131072,51448,51448,1056610,0.000086,321.429413,ibm_matrix_2.mtx,1056610,966.277777778,1.1282018907,9
[11:08:43],[11:08:57],131072,62424,62424,1717792,0.000105,405.358849,venkat01.mtx,1717792,991.158333333,1.32127358593,12
[11:11:00],[11:11:14],131072,62424,62424,1717792,0.000105,402.740318,venkat25.mtx,1717792,0,0,0
[11:13:17],[11:13:31],131072,62424,62424,1717792,0.000105,403.482803,venkat50.mtx,1717792,985.758333333,17.9901110953,12
[11:15:10],[11:15:23],2048,4026819,4026819,8054237,0.006364,4203560.574707,venturiLevel3.mtx,14940720,998.845454545,1.12521806886,11
[11:17:36],[11:17:54],262144,37762,37762,1162244,0.000071,432.018833,viscorocks.mtx,1162244,976.675,1.61225773374,16
[11:19:46],[11:19:58],32768,58348,58348,2016578,0.000377,180.872345,vsp_bcsstk30_500sep_10in_1Kout.mtx,4033077,943.41,1.22755855257,10
[11:21:52],[11:22:03],65536,56438,56438,300801,0.000174,329.123917,vsp_bump2_e18_aa01_model1_crew1.mtx,600919,917.511111111,0.891246872451,9
[11:23:47],[11:24:00],16384,139752,139752,552020,0.000763,373.360413,vsp_finan512_scagr7-2c_rlfddd.mtx,1092776,910.490909091,1.12448335244,11
[11:25:57],[11:26:13],65536,101364,101364,389368,0.000239,252.023697,vsp_mod2_pgp2_slptsk.mtx,778659,922.55,1.25797456254,14
[11:27:44],[11:27:55],1024,1382908,1382908,16917053,0.010654,3622389.683594,in-2004.mtx,16917053,0,0,0
[11:29:39],[11:29:52],65536,21996,21996,1221028,0.000187,251.039429,vsp_msc10848_300sep_100in_1Kout.mtx,2441916,938.518181818,1.15665519481,11
[11:31:41],[11:31:54],32768,77328,77328,435586,0.000379,334.087585,vsp_vibrobox_scagr7-2c_rlfddd.mtx,868950,911.309090909,1.04137544138,11
[11:37:58],[11:38:09],32,7414866,7414866,194109311,0.335970,39201450.312500,indochina-2004.mtx,194109311,904.811111111,2.23081671364,9
[11:40:13],[11:40:29],1024,503712,503712,18660027,0.014838,7195300.439453,inline_1.mtx,36816342,933.564285714,1.16165346619,14
[11:42:25],[11:42:42],131072,60740,60740,2035281,0.000131,341.294456,water_tank.mtx,2035281,982.46,1.98050498611,15
[11:44:17],[11:44:34],8192,309412,309412,1530448,0.002135,537.941040,ins2.mtx,2751481,911.253333333,1.38268659581,15
[11:46:28],[11:46:40],262144,36441,36441,301101,0.000047,461.913391,wathen120.mtx,565761,956.08,0.978570385818,10
[11:48:24],[11:48:34],65536,30412,30412,1793881,0.000153,323.261276,invextr1_new.mtx,1793881,956.325,0.631961232988,8
[12:06:12],[12:06:24],65536,156317,156317,1059331,0.000179,310.833771,wave.mtx,2065176,947.56,1.45890369799,10
[12:08:54],[12:09:05],512,9845725,9845725,57156537,0.021450,14173176.908203,wb-edu.mtx,57156537,979.811111111,0.989325746202,9
[12:10:36],[12:10:53],2048,6686493,6686493,7013978,0.008078,4736425.976562,italy_osm.mtx,11152452,0,0,0
[12:12:35],[12:12:52],16384,1000005,1000005,3105536,0.001034,365.004456,webbase-1M.mtx,3105536,941.133333333,1.51070255915,15
[12:14:50],[12:15:06],262144,67759,67759,303364,0.000064,336.993889,k1_san.mtx,559774,962.185714286,1.62342545381,14
[12:40:45],[12:41:01],32,118142155,118142155,1019903190,0.514089,242944981.812500,webbase-2001.mtx,1019903190,936.607142857,0.826752930544,14
[12:42:40],[12:42:58],2048,2063494,2063494,8130343,0.008811,3672079.357422,kkt_power.mtx,14612663,968.15,2.0,16
[12:44:29],[12:44:42],4096,685230,685230,7600595,0.002979,746801.274170,web-BerkStan.mtx,7600595,960.754545455,1.1162955265,11
[12:46:26],[12:46:38],8192,916428,916428,5105039,0.001459,320448.121704,web-Google.mtx,5105039,980.66,0.623217458035,10
[12:48:32],[12:48:50],32768,325729,325729,1497134,0.000519,347.396210,web-NotreDame.mtx,1497134,924.04375,1.61747053683,16
[12:50:40],[12:50:51],32768,281903,281903,2312497,0.000351,157.426788,web-Stanford.mtx,2312497,966.466666667,1.27104506433,9
[12:53:58],[12:54:08],512,1634989,1634989,19753078,0.019723,4770402.548828,wikipedia-20051105.mtx,19753078,939.275,0.794905654779,8
[12:56:08],[12:56:18],256,2983494,2983494,37269096,0.040152,11256648.800781,wikipedia-20060925.mtx,37269096,942.4625,0.649879796578,8
[12:58:22],[12:58:33],256,3148440,3148440,39383235,0.042799,12164652.210938,wikipedia-20061104.mtx,39383235,940.611111111,1.11199964473,9
[13:00:45],[13:00:57],256,3566907,3566907,45030389,0.047914,14633039.152344,wikipedia-20070206.mtx,45030389,943.53,0.951892851113,10
[13:02:17],[13:02:28],256,2394385,2394385,5021410,0.044488,1659371.812500,wiki-Talk.mtx,5021410,916.777777778,0.854761536307,9
[13:05:48],[13:06:05],8192,108384,108384,5138004,0.002067,1675935.282593,x104.mtx,10167624,989.68,1.85443612274,15
[13:08:03],[13:08:13],131072,48600,48600,1181120,0.000077,417.133018,xenon1.mtx,1181120,986.325,1.16484977572,8
[13:10:08],[13:10:25],65536,67173,67173,3833077,0.000261,424.257339,laminar_duct3D.mtx,3833077,962.906666667,1.55583489555,15
[13:12:17],[13:12:31],65536,157464,157464,3866688,0.000223,440.500320,xenon2.mtx,3866688,997.85,1.16225355811,12
[13:14:09],[13:14:20],32768,399130,399130,1216334,0.000326,212.237762,language.mtx,1216334,946.555555556,1.17389296418,9
[13:16:20],[13:16:38],262144,22835,22835,676439,0.000069,440.020958,Zd_Jac2_db.mtx,676439,948.4375,1.33831750717,16
[13:18:27],[13:18:41],32768,440020,440020,5560100,0.000430,14477.176971,largebasis.mtx,5560100,998.258333333,1.76042529584,12
[13:20:39],[13:20:57],131072,22835,22835,1642833,0.000140,425.944038,Zd_Jac2.mtx,1642833,949.975,1.69908063375,16
[13:22:55],[13:23:07],1024,952203,952203,23737339,0.011772,9379675.029297,ldoor.mtx,46522475,0,0,0
[13:25:08],[13:25:28],262144,22835,22835,713907,0.000074,442.272221,Zd_Jac3_db.mtx,713907,948.888888889,1.36499446026,18
[13:27:24],[13:27:39],262144,35152,35152,764014,0.000055,435.817192,lhr34c.mtx,764014,973.753846154,1.35964666486,13
[13:29:23],[13:29:33],65536,22835,22835,1916152,0.000159,420.302155,Zd_Jac3.mtx,1916152,948.825,0.815092019345,8
[13:31:29],[13:31:44],262144,35152,35152,764014,0.000054,421.713612,lhr34.mtx,764014,974.023076923,1.47916496513,13
[13:33:45],[13:34:04],262144,22835,22835,663643,0.000074,449.564316,Zd_Jac6_db.mtx,663643,944.476470588,1.63869726299,17
[13:35:54],[13:36:07],131072,70304,70304,1528092,0.000097,400.356789,lhr71c.mtx,1528092,986.918181818,1.23274872601,11
[13:37:51],[13:38:01],65536,22835,22835,1711983,0.000158,417.589371,Zd_Jac6.mtx,1711983,941.425,1.13550649492,8
