<<<[19:52:58] 647.5, 123.5, 5.211
[19:52:59] 647.0, 123.6, 5.208
[19:53:00] 646.7, 123.4, 5.368
[19:53:01] 654.6, 123.5, 5.212
[19:53:02] 644.9, 123.5, 5.216
[19:53:03] 644.8, 123.4, 5.215
[19:53:04] 644.7, 123.4, 5.221
[19:53:05] 644.8, 123.6, 5.211
[19:53:06] 703.2, 123.5, 5.236
[19:53:07] 682.5, 123.4, 5.212
[19:53:08] 644.1, 123.5, 5.207
[19:53:09] 644.0, 123.5, 5.237
[19:53:10] 644.1, 123.6, 5.235
[19:53:11] 699.8, 123.5, 5.229
[19:53:12] 682.3, 123.5, 5.206
[19:53:13] 643.7, 123.6, 5.205
[19:53:14] 643.7, 123.6, 5.207
[19:53:15] 643.7, 123.4, 5.204
[19:53:16] 696.5, 123.5, 5.233
[19:53:17] 683.5, 123.6, 5.205
[19:53:18] 643.9, 123.6, 5.205
[19:53:19] 643.8, 123.5, 5.202
[19:53:20] 643.8, 123.5, 5.198
[19:53:21] 694.3, 123.5, 5.228
[19:53:22] 683.7, 123.6, 5.208
[19:53:23] 644.1, 123.6, 5.204
[19:53:24] 644.0, 123.5, 5.201
[19:53:25] 643.9, 123.5, 5.202
[19:53:26] 692.2, 123.6, 5.231
[19:53:27] 685.3, 123.5, 5.209
[19:53:28] 643.7, 123.5, 5.208
[19:53:29] 643.7, 123.5, 5.202
[19:53:30] 643.6, 123.6, 5.202
[19:53:31] 688.4, 123.5, 5.232
[19:53:32] 688.1, 123.5, 5.207
[19:53:33] 643.6, 123.5, 5.201
[19:53:34] 643.5, 123.5, 5.205
[19:53:35] 643.5, 123.5, 5.200
[19:53:36] 681.9, 123.5, 5.230
[19:53:37] 682.4, 123.5, 5.200
[19:53:38] 643.2, 123.5, 5.200
[19:53:39] 643.2, 123.5, 5.201
[19:53:40] 643.2, 123.6, 5.200
[19:53:41] 669.7, 123.5, 5.612
[19:53:42] 735.9, 123.5, 5.201
[19:53:43] 643.2, 123.5, 5.198
[19:53:44] 643.2, 123.6, 5.199
[19:53:45] 643.2, 123.6, 5.194
[19:53:46] 643.3, 123.1, 7.209
[19:53:47] 789.4, 123.5, 5.202
[19:53:48] 643.7, 123.6, 5.201
[19:53:49] 643.6, 123.6, 5.196
[19:53:50] 643.6, 123.6, 5.197
[19:53:51] 643.5, 123.0, 7.310
[19:53:52] 795.1, 123.6, 5.203
[19:53:53] 643.6, 123.6, 5.200
[19:53:54] 643.5, 123.6, 5.197
[19:53:55] 643.5, 123.5, 5.196
[19:53:56] 643.4, 123.6, 5.192
[19:53:57] 754.2, 123.2, 7.221
[19:53:58] 793.9, 123.6, 5.201
[19:53:59] 643.6, 123.6, 5.198
[19:54:00] 643.5, 123.6, 5.198
[19:54:01] 643.5, 123.7, 5.193
[19:54:02] 643.4, 123.0, 7.172
[19:54:03] 817.8, 123.0, 7.347
[19:54:04] 902.0, 123.5, 5.260
[19:54:05] 693.7, 123.5, 5.208
[19:54:06] 644.3, 123.5, 5.206
[19:54:07] 644.2, 123.6, 5.203
[19:54:08] 644.1, 123.6, 5.202
[19:54:09] 687.3, 123.1, 7.341
[19:54:10] 904.4, 123.0, 7.360
[19:54:11] 904.7, 122.9, 7.368
[19:54:12] 904.7, 123.6, 5.259
[19:54:13] 695.5, 123.6, 5.212
[19:54:14] 644.7, 123.6, 5.205
[19:54:15] 644.6, 123.6, 5.202
[19:54:16] 644.4, 123.5, 5.202
[19:54:17] 687.1, 123.0, 7.341
[19:54:18] 905.2, 123.0, 7.347
[19:54:19] 905.4, 123.0, 7.373
[19:54:20] 905.8, 123.1, 7.382
[19:54:21] 906.3, 123.1, 7.387
[19:54:22] 906.8, 123.1, 7.389
[19:54:23] 907.0, 123.7, 5.265
[19:54:24] 697.7, 123.6, 5.215
[19:54:25] 645.5, 123.5, 5.212
[19:54:26] 645.4, 123.6, 5.208
[19:54:27] 645.3, 123.6, 5.204
[19:54:28] 686.3, 123.1, 7.360
[19:54:29] 907.1, 123.1, 7.361
[19:54:30] 907.3, 123.1, 7.385
[19:54:31] 907.8, 123.1, 7.394
[19:54:32] 908.2, 123.1, 7.391
[19:54:33] 908.6, 123.2, 7.395
[19:54:34] 909.0, 123.1, 7.400
[19:54:35] 909.4, 123.0, 7.402
[19:54:36] 909.8, 123.1, 7.404
[19:54:37] 910.1, 123.1, 7.407
[19:54:38] 910.5, 123.1, 7.409
[19:54:39] 910.9, 123.1, 7.416
[19:54:40] 870.9, 123.6, 5.237
[19:54:41] 648.3, 123.5, 5.224
[19:54:42] 648.0, 123.6, 5.223
[19:54:43] 647.8, 123.6, 5.216
