<<<[23:57:37] 632.9, 124.3, 5.099
[23:57:38] 632.7, 124.2, 5.101
[23:57:39] 632.6, 124.3, 5.235
[23:57:40] 650.8, 124.2, 5.253
[23:57:41] 650.3, 124.2, 5.241
[23:57:42] 644.3, 124.3, 5.101
[23:57:43] 631.9, 124.3, 5.101
[23:57:44] 631.9, 124.3, 5.086
[23:57:45] 631.9, 124.2, 5.102
[23:57:46] 631.9, 124.3, 5.103
[23:57:47] 727.8, 124.3, 5.101
[23:57:48] 631.7, 124.2, 5.098
[23:57:49] 631.6, 124.2, 5.099
[23:57:50] 631.6, 124.3, 5.098
[23:57:51] 631.6, 124.3, 5.094
[23:57:52] 726.4, 124.3, 5.104
[23:57:53] 632.3, 124.3, 5.098
[23:57:54] 632.2, 124.3, 5.095
[23:57:55] 632.0, 124.2, 5.096
[23:57:56] 632.0, 124.3, 5.097
[23:57:57] 725.4, 124.3, 5.100
[23:57:58] 633.1, 124.3, 5.097
[23:57:59] 632.9, 124.2, 5.096
[23:58:00] 632.6, 124.3, 5.093
[23:58:01] 632.4, 124.2, 5.095
[23:58:02] 724.1, 124.3, 5.108
[23:58:03] 634.5, 124.3, 5.097
[23:58:04] 634.1, 124.3, 5.095
[23:58:05] 633.7, 124.2, 5.095
[23:58:06] 633.4, 124.3, 5.092
[23:58:07] 721.9, 124.3, 5.100
[23:58:08] 634.7, 124.3, 5.099
[23:58:09] 634.3, 124.3, 5.097
[23:58:10] 633.9, 124.4, 5.089
[23:58:11] 633.5, 124.3, 5.088
[23:58:12] 719.1, 124.2, 5.097
[23:58:13] 635.1, 124.3, 5.093
[23:58:14] 634.6, 124.3, 5.096
[23:58:15] 634.2, 124.2, 5.092
[23:58:16] 633.7, 124.2, 5.092
[23:58:17] 715.4, 124.2, 5.100
[23:58:18] 636.3, 124.3, 5.095
[23:58:19] 631.2, 124.3, 5.092
[23:58:20] 631.1, 124.3, 5.094
[23:58:21] 631.1, 124.2, 5.093
[23:58:22] 708.3, 124.3, 5.095
[23:58:23] 636.9, 124.3, 5.096
[23:58:24] 631.0, 124.3, 5.092
[23:58:25] 631.0, 124.3, 5.090
[23:58:26] 631.0, 124.1, 5.101
[23:58:27] 696.1, 124.2, 5.152
[23:58:28] 687.3, 124.2, 5.095
[23:58:29] 631.2, 124.3, 5.093
[23:58:30] 631.1, 124.3, 5.094
[23:58:31] 631.1, 124.2, 5.090
[23:58:32] 662.4, 124.2, 5.870
[23:58:33] 746.7, 124.3, 5.095
[23:58:34] 631.0, 124.3, 5.096
[23:58:35] 631.0, 124.2, 5.095
[23:58:36] 631.0, 124.2, 5.095
[23:58:37] 630.9, 123.6, 7.578
[23:58:38] 871.3, 124.2, 5.111
[23:58:39] 641.2, 124.1, 5.103
[23:58:40] 632.7, 124.2, 5.104
[23:58:41] 632.6, 124.3, 5.099
[23:58:42] 632.6, 124.3, 5.099
[23:58:43] 738.6, 123.6, 7.614
[23:58:44] 919.9, 124.2, 5.114
[23:58:45] 642.6, 124.3, 5.099
[23:58:46] 631.7, 124.2, 5.100
[23:58:47] 631.6, 124.2, 5.101
[23:58:48] 631.6, 124.3, 5.093
[23:58:49] 736.5, 123.6, 7.613
[23:58:50] 942.7, 123.6, 7.636
[23:58:51] 923.3, 124.2, 5.121
[23:58:52] 644.5, 124.2, 5.107
[23:58:53] 632.5, 124.3, 5.099
[23:58:54] 632.3, 124.2, 5.097
[23:58:55] 632.2, 124.3, 5.078
[23:58:56] 735.3, 123.6, 7.623
[23:58:57] 943.5, 123.6, 7.637
[23:58:58] 943.7, 123.6, 7.642
[23:58:59] 944.0, 123.6, 7.651
[23:59:00] 926.2, 124.1, 5.112
[23:59:01] 646.9, 124.3, 5.095
[23:59:02] 632.9, 124.1, 5.113
[23:59:03] 632.9, 124.3, 5.084
[23:59:04] 632.7, 124.2, 5.082
[23:59:05] 733.5, 123.7, 7.630
[23:59:06] 944.1, 123.6, 7.639
[23:59:07] 944.3, 123.7, 7.648
[23:59:08] 944.6, 123.6, 7.665
[23:59:09] 945.1, 123.7, 7.673
[23:59:10] 945.6, 123.5, 7.676
[23:59:11] 946.2, 123.7, 7.676
[23:59:12] 946.7, 123.6, 7.679
[23:59:13] 891.8, 124.3, 5.115
[23:59:14] 635.3, 124.1, 5.129
[23:59:15] 635.2, 124.2, 5.098
[23:59:16] 635.0, 124.2, 5.095
[23:59:17] 634.7, 124.2, 5.089
[23:59:18] 746.1, 123.6, 7.646
[23:59:19] 946.3, 123.6, 7.656
[23:59:20] 946.4, 123.6, 7.669
[23:59:21] 946.8, 123.6, 7.670
[23:59:22] 947.2, 123.6, 7.680
[23:59:23] 947.6, 123.7, 7.680
[23:59:24] 948.1, 123.6, 7.686
[23:59:25] 948.5, 123.5, 7.691
[23:59:26] 948.9, 123.6, 7.699
[23:59:27] 949.4, 123.6, 7.697
[23:59:28] 949.8, 123.6, 7.702
[23:59:29] 950.3, 123.6, 7.703
[23:59:30] 950.7, 123.6, 7.703
[23:59:31] 951.0, 123.6, 7.703
[23:59:32] 951.3, 123.6, 7.702
[23:59:33] 951.6, 124.1, 7.017
[23:59:34] 797.5, 124.2, 5.138
[23:59:35] 638.2, 124.3, 5.110
[23:59:36] 637.8, 124.3, 5.108
[23:59:37] 637.4, 124.3, 5.099
