<<<[19:49:20] 647.9, 123.4, 5.234
[19:49:21] 647.4, 123.5, 5.232
[19:49:22] 647.1, 123.4, 5.458
[19:49:23] 669.1, 123.4, 5.444
[19:49:24] 669.0, 123.4, 5.388
[19:49:25] 668.7, 123.4, 5.439
[19:49:26] 668.6, 123.4, 5.384
[19:49:27] 668.4, 123.4, 5.403
[19:49:28] 668.1, 123.4, 5.386
[19:49:29] 668.0, 123.4, 5.400
[19:49:30] 667.7, 123.4, 5.391
[19:49:31] 668.0, 123.4, 5.385
[19:49:32] 667.9, 123.4, 5.437
[19:49:33] 667.7, 123.4, 5.496
[19:49:34] 673.7, 123.5, 5.285
[19:49:35] 654.2, 123.5, 5.238
[19:49:36] 645.1, 123.5, 5.235
[19:49:37] 645.0, 123.5, 5.232
[19:49:38] 645.0, 123.5, 5.234
[19:49:39] 644.9, 123.1, 6.705
[19:49:40] 741.6, 123.5, 5.233
[19:49:41] 644.3, 123.4, 5.226
[19:49:42] 644.2, 123.4, 5.229
[19:49:43] 644.2, 123.5, 5.226
[19:49:44] 644.2, 123.1, 6.488
[19:49:45] 735.7, 123.5, 5.229
[19:49:46] 644.1, 123.5, 5.225
[19:49:47] 644.0, 123.5, 5.227
[19:49:48] 644.0, 123.5, 5.235
[19:49:49] 644.3, 123.1, 6.274
[19:49:50] 731.5, 123.4, 5.236
[19:49:51] 644.7, 123.4, 5.231
[19:49:52] 644.6, 123.5, 5.230
[19:49:53] 644.5, 123.5, 5.228
[19:49:54] 644.4, 123.4, 5.432
[19:49:55] 722.1, 123.5, 5.228
[19:49:56] 644.1, 123.5, 5.229
[19:49:57] 644.1, 123.5, 5.228
[19:49:58] 644.0, 123.6, 5.222
[19:49:59] 644.0, 123.5, 5.224
[19:50:00] 745.9, 123.4, 5.236
[19:50:01] 652.0, 123.5, 5.228
[19:50:02] 643.7, 123.4, 5.227
[19:50:03] 643.7, 123.5, 5.226
[19:50:04] 643.7, 123.6, 5.224
[19:50:05] 705.8, 123.4, 6.038
[19:50:06] 755.0, 123.6, 5.231
[19:50:07] 644.1, 123.6, 5.227
[19:50:08] 644.0, 123.5, 5.227
[19:50:09] 644.0, 123.6, 5.220
[19:50:10] 644.0, 122.9, 7.479
[19:50:11] 883.5, 123.5, 5.241
[19:50:12] 655.4, 123.6, 5.228
[19:50:13] 644.1, 123.5, 5.225
[19:50:14] 644.0, 123.5, 5.229
[19:50:15] 644.0, 123.5, 5.226
[19:50:16] 705.4, 122.9, 7.494
[19:50:17] 922.5, 123.3, 6.166
[19:50:18] 758.7, 123.4, 5.234
[19:50:19] 644.7, 123.5, 5.237
[19:50:20] 644.6, 123.5, 5.239
[19:50:21] 644.6, 123.5, 5.206
[19:50:22] 644.5, 122.9, 7.481
[19:50:23] 891.4, 122.9, 7.512
[19:50:24] 924.4, 123.0, 7.512
[19:50:25] 917.9, 123.5, 5.253
[19:50:26] 659.1, 123.4, 5.239
[19:50:27] 645.5, 123.6, 5.234
[19:50:28] 645.4, 123.6, 5.229
[19:50:29] 645.3, 123.5, 5.229
[19:50:30] 707.3, 122.9, 7.488
[19:50:31] 922.7, 123.0, 7.506
[19:50:32] 922.9, 123.0, 7.518
[19:50:33] 923.3, 122.9, 7.521
[19:50:34] 923.7, 122.9, 7.526
[19:50:35] 924.1, 123.4, 6.290
[19:50:36] 763.2, 123.5, 5.244
[19:50:37] 646.1, 123.5, 5.221
[19:50:38] 646.0, 123.6, 5.246
[19:50:39] 645.9, 123.6, 5.242
[19:50:40] 645.9, 122.9, 7.488
[19:50:41] 898.1, 122.9, 7.509
[19:50:42] 925.0, 123.0, 7.520
[19:50:43] 925.1, 123.0, 7.522
[19:50:44] 925.3, 123.0, 7.538
[19:50:45] 925.6, 123.0, 7.528
[19:50:46] 925.9, 123.0, 7.534
[19:50:47] 926.2, 123.0, 7.538
[19:50:48] 926.5, 122.9, 7.543
[19:50:49] 926.9, 123.0, 7.545
[19:50:50] 927.1, 122.9, 7.551
[19:50:51] 854.2, 123.5, 5.254
[19:50:52] 647.3, 123.6, 5.243
[19:50:53] 647.2, 123.6, 5.218
[19:50:54] 646.9, 123.5, 5.250
