<<<[00:16:20] 654.6, 124.6, 5.268
[00:16:21] 654.8, 124.6, 5.167
[00:16:22] 644.1, 124.5, 5.166
[00:16:23] 651.4, 124.6, 5.288
[00:16:24] 658.9, 124.5, 5.264
[00:16:25] 652.8, 124.6, 5.171
[00:16:26] 644.3, 124.5, 5.173
[00:16:27] 644.3, 124.6, 5.169
[00:16:28] 644.3, 124.5, 5.167
[00:16:29] 644.2, 124.1, 7.028
[00:16:30] 739.0, 124.6, 5.165
[00:16:31] 643.9, 124.5, 5.164
[00:16:32] 643.8, 124.6, 5.161
[00:16:33] 643.8, 124.5, 5.162
[00:16:34] 643.7, 124.1, 7.024
[00:16:35] 738.4, 124.5, 5.166
[00:16:36] 643.9, 124.6, 5.162
[00:16:37] 643.8, 124.5, 5.162
[00:16:38] 643.8, 124.6, 5.162
[00:16:39] 643.7, 124.0, 7.011
[00:16:40] 738.0, 124.6, 5.165
[00:16:41] 643.7, 124.4, 5.163
[00:16:42] 643.6, 124.6, 5.162
[00:16:43] 643.6, 124.5, 5.162
[00:16:44] 643.6, 124.1, 6.998
[00:16:45] 737.6, 124.4, 5.164
[00:16:46] 643.2, 124.6, 5.164
[00:16:47] 643.2, 124.5, 5.165
[00:16:48] 643.2, 124.6, 5.165
[00:16:49] 643.3, 124.1, 6.972
[00:16:50] 736.1, 124.6, 5.161
[00:16:51] 643.4, 124.5, 5.162
[00:16:52] 643.4, 124.6, 5.159
[00:16:53] 643.3, 124.5, 5.158
[00:16:54] 643.3, 124.2, 6.941
[00:16:55] 732.9, 124.5, 5.159
[00:16:56] 643.6, 124.7, 5.158
[00:16:57] 643.5, 124.5, 5.158
[00:16:58] 643.4, 124.6, 5.157
[00:16:59] 643.4, 124.2, 6.886
[00:17:00] 728.2, 124.5, 5.159
[00:17:01] 643.2, 124.5, 5.164
[00:17:02] 643.3, 124.5, 5.160
[00:17:03] 643.4, 124.5, 5.161
[00:17:04] 643.5, 124.0, 6.724
[00:17:05] 767.8, 124.5, 5.164
[00:17:06] 643.2, 124.5, 5.160
[00:17:07] 643.1, 124.5, 5.162
[00:17:08] 643.1, 124.5, 5.161
[00:17:09] 643.1, 124.5, 5.161
[00:17:10] 764.0, 124.5, 5.179
[00:17:11] 677.6, 124.5, 5.162
[00:17:12] 643.2, 124.5, 5.161
[00:17:13] 643.2, 124.4, 5.161
[00:17:14] 643.2, 124.5, 5.157
[00:17:15] 718.2, 124.4, 5.431
[00:17:16] 735.1, 124.6, 5.162
[00:17:17] 643.2, 124.6, 5.161
[00:17:18] 643.1, 124.5, 5.159
[00:17:19] 643.3, 124.6, 5.157
[00:17:20] 643.4, 123.9, 7.578
[00:17:21] 895.5, 124.5, 5.187
[00:17:22] 680.4, 124.5, 5.165
[00:17:23] 643.6, 124.5, 5.160
[00:17:24] 643.5, 124.6, 5.160
[00:17:25] 643.5, 124.6, 5.156
[00:17:26] 666.8, 123.9, 7.596
[00:17:27] 943.7, 124.0, 7.407
[00:17:28] 855.9, 124.5, 5.172
[00:17:29] 644.7, 124.5, 5.166
[00:17:30] 644.6, 124.6, 5.161
[00:17:31] 644.4, 124.6, 5.157
[00:17:32] 644.3, 124.1, 6.419
[00:17:33] 802.4, 124.0, 7.610
[00:17:34] 944.7, 123.9, 7.627
[00:17:35] 944.9, 124.0, 7.632
[00:17:36] 914.4, 124.5, 5.184
[00:17:37] 645.7, 124.5, 5.172
[00:17:38] 645.6, 124.6, 5.168
[00:17:39] 645.4, 124.5, 5.164
[00:17:40] 645.2, 124.6, 5.160
[00:17:41] 774.1, 124.0, 7.617
[00:17:42] 945.5, 123.9, 7.633
[00:17:43] 945.7, 123.9, 7.639
[00:17:44] 946.0, 124.0, 7.649
[00:17:45] 946.4, 123.9, 7.653
[00:17:46] 946.8, 124.0, 7.658
[00:17:47] 928.4, 124.5, 5.195
[00:17:48] 647.1, 124.5, 5.183
[00:17:49] 646.9, 124.6, 5.174
[00:17:50] 646.7, 124.5, 5.172
[00:17:51] 646.4, 124.6, 5.167
[00:17:52] 720.5, 123.9, 7.625
[00:17:53] 946.3, 123.8, 7.639
[00:17:54] 946.5, 124.0, 7.645
[00:17:55] 946.7, 123.8, 7.658
[00:17:56] 947.1, 123.9, 7.664
[00:17:57] 947.6, 123.9, 7.669
[00:17:58] 948.1, 123.9, 7.672
[00:17:59] 948.6, 123.9, 7.674
[00:18:00] 949.0, 123.9, 7.674
[00:18:01] 949.4, 123.8, 7.679
[00:18:02] 949.8, 124.0, 7.678
[00:18:03] 950.1, 123.9, 7.678
[00:18:04] 950.5, 124.5, 5.330
[00:18:05] 690.2, 124.6, 5.191
[00:18:06] 647.1, 124.5, 5.186
[00:18:07] 647.1, 124.6, 5.180
[00:18:08] 647.1, 124.6, 5.175
