<<<[08:09:50] 651.6, 124.6, 5.194
[08:09:51] 651.1, 124.6, 5.195
[08:09:52] 650.8, 124.6, 5.321
[08:09:53] 663.2, 124.6, 5.383
[08:09:54] 669.5, 124.6, 5.383
[08:09:55] 669.2, 124.6, 5.322
[08:09:56] 668.8, 124.7, 5.390
[08:09:57] 668.6, 124.7, 5.322
[08:09:58] 668.3, 124.6, 5.322
[08:09:59] 668.2, 124.7, 5.320
[08:10:00] 667.9, 124.6, 5.320
[08:10:01] 667.5, 124.5, 5.410
[08:10:02] 668.1, 124.6, 5.339
[08:10:03] 668.1, 124.6, 5.248
[08:10:04] 652.8, 124.6, 5.209
[08:10:05] 652.3, 124.7, 5.206
[08:10:06] 651.7, 124.7, 5.191
[08:10:07] 651.2, 124.7, 5.187
[08:10:08] 681.7, 124.6, 5.269
[08:10:09] 711.3, 124.7, 5.185
[08:10:10] 647.5, 124.7, 5.186
[08:10:11] 647.4, 124.7, 5.179
[08:10:12] 647.4, 124.7, 5.180
[08:10:13] 674.1, 124.7, 5.274
[08:10:14] 712.8, 124.7, 5.183
[08:10:15] 647.5, 124.7, 5.182
[08:10:16] 647.4, 124.7, 5.182
[08:10:17] 647.3, 124.7, 5.176
[08:10:18] 662.3, 124.7, 5.276
[08:10:19] 715.6, 124.7, 5.187
[08:10:20] 648.1, 124.7, 5.206
[08:10:21] 648.1, 124.7, 5.209
[08:10:22] 648.0, 124.7, 5.177
[08:10:23] 647.8, 124.5, 6.343
[08:10:24] 766.6, 124.6, 5.181
[08:10:25] 646.7, 124.6, 5.178
[08:10:26] 646.6, 124.6, 5.187
[08:10:27] 646.7, 124.7, 5.179
[08:10:28] 646.6, 124.0, 7.856
[08:10:29] 838.4, 124.6, 5.207
[08:10:30] 647.9, 124.6, 5.180
[08:10:31] 647.8, 124.6, 5.205
[08:10:32] 647.8, 124.6, 5.210
[08:10:33] 647.9, 124.7, 5.202
[08:10:34] 797.9, 124.5, 6.428
[08:10:35] 782.9, 124.7, 5.189
[08:10:36] 647.1, 124.6, 5.181
[08:10:37] 647.1, 124.7, 5.207
[08:10:38] 647.1, 124.7, 5.178
[08:10:39] 647.1, 123.9, 7.847
[08:10:40] 906.5, 123.9, 7.910
[08:10:41] 912.6, 124.6, 5.189
[08:10:42] 648.1, 124.6, 5.185
[08:10:43] 648.0, 124.6, 5.179
[08:10:44] 647.8, 124.7, 5.180
[08:10:45] 647.7, 124.7, 5.189
[08:10:46] 792.0, 124.0, 7.900
[08:10:47] 982.1, 124.0, 7.914
[08:10:48] 982.3, 124.4, 6.517
[08:10:49] 788.6, 124.7, 5.190
[08:10:50] 648.9, 124.6, 5.195
[08:10:51] 648.7, 124.6, 5.177
[08:10:52] 648.5, 124.6, 5.177
[08:10:53] 648.3, 124.0, 7.841
[08:10:54] 898.7, 124.0, 7.907
[08:10:55] 982.9, 124.0, 7.910
[08:10:56] 983.0, 124.0, 7.936
[08:10:57] 983.4, 123.9, 7.937
[08:10:58] 983.7, 124.0, 7.941
[08:10:59] 921.9, 124.7, 5.197
[08:11:00] 649.9, 124.7, 5.194
[08:11:01] 649.7, 124.7, 5.189
[08:11:02] 649.4, 124.7, 5.187
[08:11:03] 649.2, 124.7, 5.184
[08:11:04] 777.4, 124.0, 7.911
[08:11:05] 982.7, 124.1, 7.904
[08:11:06] 982.9, 124.1, 7.932
[08:11:07] 983.2, 124.1, 7.935
[08:11:08] 983.6, 124.1, 7.946
[08:11:09] 984.0, 124.1, 7.945
[08:11:10] 984.5, 124.1, 7.952
[08:11:11] 984.9, 124.1, 7.954
[08:11:12] 985.3, 124.1, 7.960
[08:11:13] 985.8, 124.0, 7.956
[08:11:14] 986.2, 124.6, 5.602
[08:11:15] 772.1, 124.7, 5.335
[08:11:16] 663.0, 124.7, 5.302
[08:11:17] 662.8, 124.6, 5.296
[08:11:18] 657.3, 124.7, 5.185
