<<<[20:19:52] 657.8, 123.5, 5.267
[20:19:53] 652.4, 123.5, 5.265
[20:19:54] 652.2, 123.5, 5.263
[20:19:55] 652.7, 123.4, 5.398
[20:19:56] 668.6, 123.5, 5.400
[20:19:57] 668.1, 123.3, 5.430
[20:19:58] 667.6, 123.5, 5.257
[20:19:59] 649.9, 123.5, 5.254
[20:20:00] 649.8, 123.4, 5.257
[20:20:01] 649.8, 123.5, 5.257
[20:20:02] 649.8, 123.4, 5.254
[20:20:03] 683.5, 123.5, 5.350
[20:20:04] 713.4, 123.4, 5.268
[20:20:05] 651.0, 123.4, 5.265
[20:20:06] 651.0, 123.5, 5.269
[20:20:07] 650.9, 123.4, 5.252
[20:20:08] 676.4, 123.5, 5.341
[20:20:09] 712.8, 123.4, 5.255
[20:20:10] 649.3, 123.4, 5.250
[20:20:11] 649.0, 123.5, 5.204
[20:20:12] 643.6, 123.4, 5.197
[20:20:13] 666.8, 123.5, 5.293
[20:20:14] 707.5, 123.3, 5.204
[20:20:15] 643.7, 123.5, 5.216
[20:20:16] 643.8, 123.4, 5.213
[20:20:17] 643.8, 123.4, 5.215
[20:20:18] 663.8, 123.5, 5.307
[20:20:19] 711.7, 123.4, 5.251
[20:20:20] 649.3, 123.5, 5.251
[20:20:21] 649.2, 123.5, 5.248
[20:20:22] 649.2, 123.5, 5.248
[20:20:23] 649.7, 123.5, 5.623
[20:20:24] 734.3, 123.4, 5.247
[20:20:25] 649.1, 123.6, 5.247
[20:20:26] 649.1, 123.4, 5.248
[20:20:27] 649.1, 123.5, 5.259
[20:20:28] 649.2, 123.3, 6.527
[20:20:29] 761.1, 123.5, 5.260
[20:20:30] 650.0, 123.5, 5.264
[20:20:31] 650.0, 123.4, 5.248
[20:20:32] 649.9, 123.4, 5.246
[20:20:33] 649.7, 122.8, 7.831
[20:20:34] 828.2, 123.5, 5.254
[20:20:35] 649.5, 123.4, 5.252
[20:20:36] 649.4, 123.5, 5.251
[20:20:37] 649.4, 123.5, 5.246
[20:20:38] 649.4, 123.4, 5.246
[20:20:39] 776.8, 122.9, 7.312
[20:20:40] 841.0, 123.5, 5.273
[20:20:41] 651.8, 123.5, 5.267
[20:20:42] 651.7, 123.4, 5.264
[20:20:43] 651.5, 123.4, 5.252
[20:20:44] 651.3, 122.7, 7.757
[20:20:45] 873.1, 122.8, 7.907
[20:20:46] 949.4, 123.5, 5.275
[20:20:47] 671.5, 123.4, 5.259
[20:20:48] 650.2, 123.5, 5.252
[20:20:49] 650.1, 123.6, 5.250
[20:20:50] 650.0, 123.5, 5.248
[20:20:51] 746.3, 122.8, 7.909
[20:20:52] 974.0, 122.8, 7.934
[20:20:53] 974.3, 122.9, 7.691
[20:20:54] 859.3, 123.5, 5.280
[20:20:55] 652.6, 123.5, 5.258
[20:20:56] 652.3, 123.5, 5.257
[20:20:57] 652.0, 123.5, 5.255
[20:20:58] 651.8, 123.1, 6.369
[20:20:59] 814.4, 122.8, 7.883
[20:21:00] 970.3, 122.8, 7.895
[20:21:01] 970.5, 122.9, 7.913
[20:21:02] 970.8, 122.8, 7.912
[20:21:03] 971.3, 122.8, 7.938
[20:21:04] 976.4, 123.3, 6.784
[20:21:05] 792.6, 123.4, 5.289
[20:21:06] 653.6, 123.4, 5.280
[20:21:07] 653.4, 123.5, 5.260
[20:21:08] 653.1, 123.4, 5.256
[20:21:09] 652.8, 122.8, 7.816
[20:21:10] 896.9, 122.9, 7.887
[20:21:11] 970.3, 122.8, 7.897
[20:21:12] 970.5, 122.8, 7.906
[20:21:13] 970.8, 122.9, 7.911
[20:21:14] 971.2, 122.8, 7.919
[20:21:15] 971.7, 122.9, 7.937
[20:21:16] 972.3, 122.9, 7.926
[20:21:17] 972.7, 122.8, 7.936
[20:21:18] 973.1, 122.8, 7.936
[20:21:19] 973.4, 122.8, 7.924
[20:21:20] 973.6, 122.8, 7.925
[20:21:21] 944.3, 123.5, 5.295
[20:21:22] 654.2, 123.5, 5.279
[20:21:23] 653.9, 123.4, 5.272
[20:21:24] 653.7, 123.4, 5.265
[20:21:25] 653.3, 123.5, 5.264
