<<<[18:26:27] 639.6, 123.5, 5.169
[18:26:28] 639.5, 123.5, 5.172
[18:26:29] 639.4, 123.5, 5.372
[18:26:30] 657.1, 123.4, 5.343
[18:26:31] 657.3, 123.2, 5.406
[18:26:32] 656.9, 123.3, 5.176
[18:26:33] 639.4, 123.4, 5.181
[18:26:34] 639.4, 123.4, 5.174
[18:26:35] 639.3, 123.3, 5.176
[18:26:36] 639.2, 123.3, 5.175
[18:26:37] 717.6, 123.4, 5.184
[18:26:38] 656.0, 123.3, 5.176
[18:26:39] 638.2, 123.3, 5.176
[18:26:40] 638.2, 123.4, 5.173
[18:26:41] 638.3, 123.4, 5.195
[18:26:42] 716.2, 123.3, 5.178
[18:26:43] 657.1, 123.4, 5.169
[18:26:44] 638.6, 123.4, 5.168
[18:26:45] 638.5, 123.4, 5.171
[18:26:46] 638.5, 123.4, 5.166
[18:26:47] 712.8, 123.4, 5.180
[18:26:48] 659.5, 123.4, 5.171
[18:26:49] 638.4, 123.4, 5.165
[18:26:50] 638.4, 123.5, 5.165
[18:26:51] 638.3, 123.5, 5.167
[18:26:52] 711.3, 123.4, 5.178
[18:26:53] 660.9, 123.4, 5.167
[18:26:54] 638.0, 123.5, 5.164
[18:26:55] 637.9, 123.5, 5.163
[18:26:56] 637.9, 123.5, 5.163
[18:26:57] 709.3, 123.5, 5.179
[18:26:58] 662.6, 123.5, 5.163
[18:26:59] 637.8, 123.5, 5.164
[18:27:00] 637.8, 123.4, 5.163
[18:27:01] 637.8, 123.5, 5.165
[18:27:02] 706.7, 123.4, 5.180
[18:27:03] 663.4, 123.4, 5.170
[18:27:04] 638.4, 123.4, 5.167
[18:27:05] 638.3, 123.3, 5.173
[18:27:06] 638.3, 123.4, 5.162
[18:27:07] 702.6, 123.3, 5.180
[18:27:08] 665.6, 123.4, 5.167
[18:27:09] 638.0, 123.4, 5.170
[18:27:10] 637.9, 123.4, 5.166
[18:27:11] 637.9, 123.4, 5.165
[18:27:12] 698.3, 123.4, 5.182
[18:27:13] 667.4, 123.4, 5.167
[18:27:14] 638.0, 123.4, 5.164
[18:27:15] 637.9, 123.4, 5.166
[18:27:16] 637.9, 123.4, 5.163
[18:27:17] 690.8, 123.4, 5.183
[18:27:18] 669.1, 123.5, 5.167
[18:27:19] 637.6, 123.4, 5.162
[18:27:20] 637.6, 123.5, 5.162
[18:27:21] 637.6, 123.5, 5.166
[18:27:22] 673.7, 123.4, 5.396
[18:27:23] 723.5, 123.4, 5.165
[18:27:24] 638.0, 123.4, 5.167
[18:27:25] 638.0, 123.4, 5.164
[18:27:26] 637.9, 123.4, 5.163
[18:27:27] 637.8, 122.9, 7.249
[18:27:28] 833.7, 123.4, 5.172
[18:27:29] 638.6, 123.4, 5.168
[18:27:30] 638.5, 123.4, 5.184
[18:27:31] 638.6, 123.4, 5.188
[18:27:32] 638.7, 122.7, 7.635
[18:27:33] 850.0, 123.3, 5.464
[18:27:34] 725.4, 123.5, 5.170
[18:27:35] 638.6, 123.5, 5.170
[18:27:36] 638.6, 123.5, 5.168
[18:27:37] 638.6, 123.4, 5.164
[18:27:38] 651.0, 122.8, 7.921
[18:27:39] 974.6, 123.4, 5.502
[18:27:40] 742.2, 123.4, 5.174
[18:27:41] 639.4, 123.5, 5.165
[18:27:42] 639.2, 123.5, 5.166
[18:27:43] 639.0, 123.5, 5.164
[18:27:44] 638.9, 122.8, 7.894
[18:27:45] 919.7, 122.7, 7.943
[18:27:46] 976.6, 122.8, 7.947
[18:27:47] 879.8, 123.5, 5.179
[18:27:48] 640.6, 123.5, 5.173
[18:27:49] 640.4, 123.6, 5.168
[18:27:50] 640.3, 123.6, 5.163
[18:27:51] 640.0, 123.5, 5.163
[18:27:52] 785.3, 122.8, 7.928
[18:27:53] 976.0, 122.8, 7.951
[18:27:54] 976.2, 122.8, 7.967
[18:27:55] 976.7, 122.8, 7.973
[18:27:56] 977.1, 122.9, 7.334
[18:27:57] 817.4, 123.5, 5.192
[18:27:58] 641.4, 123.4, 5.185
[18:27:59] 641.2, 123.5, 5.176
[18:28:00] 641.0, 123.4, 5.176
[18:28:01] 640.8, 122.8, 7.681
[18:28:02] 858.5, 122.6, 7.956
[18:28:03] 977.6, 122.7, 7.981
[18:28:04] 977.9, 122.7, 7.979
[18:28:05] 978.3, 122.7, 7.991
[18:28:06] 978.7, 122.7, 7.994
[18:28:07] 979.2, 122.7, 8.002
[18:28:08] 979.8, 122.7, 8.003
[18:28:09] 980.3, 122.7, 8.002
[18:28:10] 980.7, 122.8, 8.001
[18:28:11] 974.6, 123.4, 5.253
[18:28:12] 692.8, 123.5, 5.200
[18:28:13] 642.8, 123.5, 5.191
[18:28:14] 642.5, 123.5, 5.186
[18:28:15] 642.2, 123.4, 5.182
[18:28:16] 672.9, 122.7, 7.951
[18:28:17] 978.0, 122.7, 7.974
[18:28:18] 978.2, 122.8, 7.984
[18:28:19] 978.6, 122.8, 7.996
[18:28:20] 979.2, 122.7, 8.007
[18:28:21] 979.8, 122.7, 8.015
[18:28:22] 980.4, 122.7, 8.007
[18:28:23] 980.8, 122.7, 8.021
[18:28:24] 981.5, 122.7, 8.017
[18:28:25] 982.0, 122.7, 8.020
[18:28:26] 982.4, 122.8, 8.023
[18:28:27] 982.9, 122.8, 8.021
[18:28:28] 983.3, 122.7, 8.022
[18:28:29] 983.6, 122.7, 8.025
[18:28:30] 984.0, 122.7, 8.029
[18:28:31] 984.3, 122.8, 8.025
[18:28:32] 984.6, 122.8, 8.030
[18:28:33] 984.9, 122.8, 8.032
[18:28:34] 985.2, 122.7, 8.032
[18:28:35] 985.4, 123.4, 5.232
[18:28:36] 647.7, 123.3, 5.214
[18:28:37] 647.2, 123.4, 5.205
[18:28:38] 646.7, 123.5, 5.196
