<<<[00:14:40] 646.7, 124.5, 5.182
[00:14:41] 646.3, 124.5, 5.187
[00:14:42] 646.1, 124.4, 5.169
[00:14:43] 645.9, 124.5, 5.417
[00:14:44] 671.5, 124.5, 5.332
[00:14:45] 666.0, 124.4, 5.308
[00:14:46] 660.5, 124.5, 5.312
[00:14:47] 660.5, 124.5, 5.302
[00:14:48] 660.7, 124.6, 5.302
[00:14:49] 660.7, 124.4, 5.329
[00:14:50] 660.8, 124.5, 5.296
[00:14:51] 660.6, 124.5, 5.340
[00:14:52] 665.8, 124.5, 5.184
[00:14:53] 645.7, 124.6, 5.184
[00:14:54] 645.5, 124.5, 5.172
[00:14:55] 645.3, 124.6, 5.182
[00:14:56] 645.2, 124.5, 5.182
[00:14:57] 645.1, 124.5, 6.170
[00:14:58] 741.8, 124.5, 5.168
[00:14:59] 644.1, 124.5, 5.179
[00:15:00] 644.0, 124.6, 5.181
[00:15:01] 644.2, 124.5, 5.185
[00:15:02] 644.2, 124.4, 6.212
[00:15:03] 735.5, 124.6, 5.180
[00:15:04] 643.6, 124.5, 5.183
[00:15:05] 643.6, 124.6, 5.178
[00:15:06] 643.6, 124.5, 5.168
[00:15:07] 643.6, 124.4, 6.281
[00:15:08] 729.0, 124.6, 5.177
[00:15:09] 643.6, 124.6, 5.178
[00:15:10] 643.5, 124.5, 5.164
[00:15:11] 643.5, 124.6, 5.175
[00:15:12] 643.5, 124.1, 7.136
[00:15:13] 766.8, 124.5, 5.183
[00:15:14] 643.7, 124.5, 5.175
[00:15:15] 643.6, 124.6, 5.178
[00:15:16] 643.6, 124.6, 5.177
[00:15:17] 643.5, 124.0, 7.221
[00:15:18] 794.1, 124.5, 5.171
[00:15:19] 643.7, 124.6, 5.183
[00:15:20] 643.8, 124.5, 5.186
[00:15:21] 643.9, 124.5, 5.190
[00:15:22] 644.1, 124.2, 5.949
[00:15:23] 780.7, 124.5, 5.310
[00:15:24] 714.2, 124.5, 5.192
[00:15:25] 644.7, 124.4, 5.189
[00:15:26] 644.6, 124.5, 5.173
[00:15:27] 644.5, 124.5, 5.184
[00:15:28] 671.3, 124.0, 7.398
[00:15:29] 909.9, 124.5, 5.204
[00:15:30] 667.0, 124.5, 5.176
[00:15:31] 644.5, 124.5, 5.192
[00:15:32] 644.5, 124.5, 5.187
[00:15:33] 644.4, 124.5, 5.188
[00:15:34] 724.3, 123.9, 7.403
[00:15:35] 918.7, 124.1, 7.202
[00:15:36] 825.6, 124.5, 5.195
[00:15:37] 645.3, 124.5, 5.195
[00:15:38] 645.2, 124.5, 5.176
[00:15:39] 645.1, 124.5, 5.187
[00:15:40] 645.0, 124.0, 7.255
[00:15:41] 830.5, 123.9, 7.400
[00:15:42] 918.9, 124.0, 7.414
[00:15:43] 919.1, 124.0, 7.418
[00:15:44] 884.7, 124.5, 5.200
[00:15:45] 645.5, 124.6, 5.189
[00:15:46] 645.4, 124.5, 5.178
[00:15:47] 645.3, 124.5, 5.187
[00:15:48] 645.2, 124.6, 5.182
[00:15:49] 759.7, 123.9, 7.405
[00:15:50] 919.1, 123.9, 7.411
[00:15:51] 919.2, 124.0, 7.421
[00:15:52] 919.4, 123.9, 7.425
[00:15:53] 919.8, 124.0, 7.434
[00:15:54] 920.1, 124.0, 7.433
[00:15:55] 920.5, 124.4, 5.382
[00:15:56] 727.0, 124.5, 5.208
[00:15:57] 646.7, 124.5, 5.199
[00:15:58] 646.5, 124.5, 5.182
[00:15:59] 646.4, 124.5, 5.190
[00:16:00] 646.1, 123.9, 7.389
[00:16:01] 892.8, 124.1, 7.414
[00:16:02] 920.5, 124.0, 7.418
[00:16:03] 920.6, 124.0, 7.425
[00:16:04] 920.8, 124.0, 7.431
[00:16:05] 921.0, 124.1, 7.432
[00:16:06] 921.3, 123.9, 7.440
[00:16:07] 921.6, 124.0, 7.444
[00:16:08] 921.9, 123.9, 7.442
[00:16:09] 922.2, 124.0, 7.448
[00:16:10] 922.4, 123.9, 7.452
[00:16:11] 922.7, 123.9, 7.451
[00:16:12] 923.0, 124.0, 7.456
[00:16:13] 923.3, 124.5, 5.246
[00:16:14] 682.9, 124.5, 5.194
[00:16:15] 646.7, 124.5, 5.203
[00:16:16] 646.6, 124.5, 5.200
[00:16:17] 646.4, 124.5, 5.195
