<<<[08:13:37] 659.5, 124.6, 5.301
[08:13:38] 659.0, 124.7, 5.184
[08:13:39] 647.1, 124.7, 5.198
[08:13:40] 647.2, 124.7, 5.395
[08:13:41] 669.1, 124.7, 5.352
[08:13:42] 668.8, 124.6, 5.358
[08:13:43] 668.6, 124.5, 5.368
[08:13:44] 668.6, 124.6, 5.348
[08:13:45] 668.7, 124.6, 5.379
[08:13:46] 668.8, 124.7, 5.374
[08:13:47] 668.7, 124.7, 5.339
[08:13:48] 668.6, 124.6, 5.358
[08:13:49] 668.5, 124.6, 5.336
[08:13:50] 668.5, 124.5, 5.332
[08:13:51] 668.3, 124.6, 5.453
[08:13:52] 668.4, 124.7, 5.339
[08:13:53] 668.3, 124.7, 5.334
[08:13:54] 668.5, 124.7, 5.328
[08:13:55] 668.7, 124.7, 5.335
[08:13:56] 668.4, 124.7, 5.337
[08:13:57] 668.3, 124.6, 5.332
[08:13:58] 668.2, 124.6, 5.403
[08:13:59] 667.9, 124.7, 5.333
[08:14:00] 668.1, 124.7, 5.439
[08:14:01] 678.2, 124.7, 5.385
[08:14:02] 672.3, 124.7, 5.348
[08:14:03] 671.8, 124.7, 5.243
[08:14:04] 653.2, 124.8, 5.211
[08:14:05] 652.7, 124.8, 5.204
[08:14:06] 652.3, 124.7, 5.180
[08:14:07] 647.1, 124.6, 5.204
[08:14:08] 647.0, 124.6, 6.099
[08:14:09] 744.5, 124.6, 5.193
[08:14:10] 646.9, 124.6, 5.182
[08:14:11] 646.8, 124.6, 5.188
[08:14:12] 646.7, 124.6, 5.193
[08:14:13] 646.7, 124.5, 6.118
[08:14:14] 738.8, 124.6, 5.173
[08:14:15] 646.5, 124.7, 5.197
[08:14:16] 646.5, 124.5, 5.196
[08:14:17] 646.5, 124.6, 5.194
[08:14:18] 646.5, 124.5, 6.141
[08:14:19] 731.9, 124.6, 5.191
[08:14:20] 646.7, 124.6, 5.195
[08:14:21] 646.6, 124.7, 5.181
[08:14:22] 646.6, 124.6, 5.176
[08:14:23] 646.6, 124.2, 7.206
[08:14:24] 766.8, 124.6, 5.192
[08:14:25] 646.7, 124.7, 5.194
[08:14:26] 646.7, 124.7, 5.180
[08:14:27] 646.6, 124.7, 5.187
[08:14:28] 646.6, 124.1, 7.460
[08:14:29] 804.2, 124.7, 5.181
[08:14:30] 652.4, 124.8, 5.174
[08:14:31] 646.5, 124.8, 5.180
[08:14:32] 646.3, 124.8, 5.171
[08:14:33] 646.3, 124.8, 5.172
[08:14:34] 751.4, 124.2, 7.204
[08:14:35] 827.8, 124.7, 5.182
[08:14:36] 646.7, 124.7, 5.180
[08:14:37] 646.6, 124.8, 5.176
[08:14:38] 646.6, 124.8, 5.174
[08:14:39] 646.5, 124.1, 7.648
[08:14:40] 873.9, 124.2, 7.558
[08:14:41] 893.7, 124.8, 5.189
[08:14:42] 647.9, 124.7, 5.191
[08:14:43] 647.7, 124.6, 5.179
[08:14:44] 647.5, 124.6, 5.180
[08:14:45] 647.3, 124.3, 6.065
[08:14:46] 805.2, 124.1, 7.744
[08:14:47] 962.2, 123.9, 7.758
[08:14:48] 961.6, 124.6, 5.294
[08:14:49] 715.0, 124.7, 5.193
[08:14:50] 647.9, 124.7, 5.190
[08:14:51] 647.8, 124.6, 5.179
[08:14:52] 647.6, 124.7, 5.186
[08:14:53] 669.9, 124.1, 7.731
[08:14:54] 961.6, 124.0, 7.748
[08:14:55] 961.8, 124.0, 7.769
[08:14:56] 962.2, 124.1, 7.770
[08:14:57] 962.6, 124.0, 7.780
[08:14:58] 951.2, 124.6, 5.219
[08:14:59] 668.0, 124.7, 5.199
[08:15:00] 648.3, 124.6, 5.192
[08:15:01] 648.2, 124.6, 5.187
[08:15:02] 648.1, 124.7, 5.187
[08:15:03] 716.4, 124.0, 7.745
[08:15:04] 962.2, 124.0, 7.760
[08:15:05] 962.5, 124.1, 7.772
[08:15:06] 962.9, 124.0, 7.786
[08:15:07] 963.4, 123.9, 7.789
[08:15:08] 963.9, 124.0, 7.794
[08:15:09] 964.4, 123.9, 7.796
[08:15:10] 964.9, 123.9, 7.803
[08:15:11] 965.4, 124.0, 7.806
[08:15:12] 965.8, 124.0, 7.603
[08:15:13] 861.7, 124.5, 5.218
[08:15:14] 650.4, 124.7, 5.207
[08:15:15] 650.2, 124.6, 5.205
[08:15:16] 650.0, 124.6, 5.197
[08:15:17] 649.8, 124.3, 6.243
[08:15:18] 809.5, 123.9, 7.768
[08:15:19] 964.2, 124.0, 7.780
[08:15:20] 964.4, 124.0, 7.786
[08:15:21] 964.8, 124.0, 7.795
[08:15:22] 965.2, 124.0, 7.802
[08:15:23] 965.5, 124.0, 7.803
[08:15:24] 966.0, 123.9, 7.805
[08:15:25] 966.4, 124.0, 7.803
[08:15:26] 966.8, 123.9, 7.808
[08:15:27] 967.1, 124.0, 7.802
[08:15:28] 967.4, 124.0, 7.810
[08:15:29] 967.7, 124.0, 7.805
[08:15:30] 968.0, 124.0, 7.810
[08:15:31] 968.1, 124.0, 7.807
[08:15:32] 968.3, 124.0, 7.807
[08:15:33] 968.5, 124.0, 7.816
[08:15:34] 968.7, 123.9, 7.817
[08:15:35] 968.8, 124.0, 7.812
[08:15:36] 969.0, 123.8, 7.814
[08:15:37] 957.1, 124.6, 5.234
[08:15:38] 652.4, 124.6, 5.227
[08:15:39] 652.2, 124.5, 5.213
[08:15:40] 651.9, 124.5, 5.213
[08:15:41] 651.6, 124.6, 5.214
