<<<[03:07:11] 647.4, 124.9, 5.160
[03:07:12] 647.1, 124.9, 5.157
[03:07:13] 646.9, 124.9, 5.159
[03:07:14] 647.3, 124.9, 5.328
[03:07:15] 667.8, 124.8, 5.295
[03:07:16] 658.9, 124.9, 5.237
[03:07:17] 652.8, 124.9, 5.162
[03:07:18] 645.5, 124.9, 5.158
[03:07:19] 645.4, 124.9, 5.156
[03:07:20] 645.4, 124.6, 5.917
[03:07:21] 741.4, 124.9, 5.160
[03:07:22] 646.1, 124.9, 5.154
[03:07:23] 645.9, 124.9, 5.156
[03:07:24] 645.8, 125.0, 5.150
[03:07:25] 645.6, 124.7, 5.833
[03:07:26] 740.2, 124.9, 5.158
[03:07:27] 645.1, 124.9, 5.154
[03:07:28] 645.0, 125.0, 5.150
[03:07:29] 644.9, 125.0, 5.150
[03:07:30] 644.8, 124.6, 5.759
[03:07:31] 740.6, 125.0, 5.159
[03:07:32] 644.7, 125.0, 5.147
[03:07:33] 644.7, 124.9, 5.151
[03:07:34] 644.7, 124.9, 5.154
[03:07:35] 644.6, 124.6, 5.675
[03:07:36] 740.0, 125.0, 5.156
[03:07:37] 644.1, 125.0, 5.152
[03:07:38] 644.1, 125.0, 5.151
[03:07:39] 644.1, 125.0, 5.156
[03:07:40] 644.1, 124.7, 5.576
[03:07:41] 739.4, 124.9, 5.160
[03:07:42] 643.7, 124.9, 5.151
[03:07:43] 643.8, 124.9, 5.153
[03:07:44] 643.8, 124.9, 5.157
[03:07:45] 643.9, 124.7, 5.483
[03:07:46] 738.6, 124.8, 5.157
[03:07:47] 644.5, 125.0, 5.155
[03:07:48] 644.4, 125.0, 5.149
[03:07:49] 644.4, 125.0, 5.149
[03:07:50] 644.4, 124.8, 5.371
[03:07:51] 737.6, 125.0, 5.151
[03:07:52] 644.7, 124.9, 5.151
[03:07:53] 644.6, 124.9, 5.152
[03:07:54] 644.5, 124.9, 5.145
[03:07:55] 644.4, 124.9, 5.217
[03:07:56] 736.1, 125.0, 5.152
[03:07:57] 644.1, 125.1, 5.143
[03:07:58] 644.0, 125.0, 5.145
[03:07:59] 644.0, 125.0, 5.149
[03:08:00] 644.0, 125.0, 5.147
[03:08:01] 733.7, 125.0, 5.155
[03:08:02] 644.1, 124.9, 5.157
[03:08:03] 644.1, 125.0, 5.146
[03:08:04] 644.0, 124.9, 5.146
[03:08:05] 644.0, 124.9, 5.149
[03:08:06] 728.4, 124.9, 5.151
[03:08:07] 643.9, 124.9, 5.145
[03:08:08] 643.9, 124.9, 5.148
[03:08:09] 643.9, 125.0, 5.150
[03:08:10] 643.8, 125.0, 5.148
[03:08:11] 740.4, 125.0, 5.160
[03:08:12] 670.9, 125.0, 5.148
[03:08:13] 643.7, 125.0, 5.147
[03:08:14] 643.6, 124.9, 5.150
[03:08:15] 643.7, 124.9, 5.145
[03:08:16] 716.0, 124.9, 5.319
[03:08:17] 722.9, 124.9, 5.151
[03:08:18] 644.1, 124.9, 5.150
[03:08:19] 644.0, 125.0, 5.144
[03:08:20] 644.0, 124.9, 5.146
[03:08:21] 643.9, 124.3, 7.826
[03:08:22] 903.2, 125.0, 5.156
[03:08:23] 644.9, 124.9, 5.147
[03:08:24] 644.7, 125.0, 5.144
[03:08:25] 644.6, 125.0, 5.145
[03:08:26] 644.5, 124.9, 5.154
[03:08:27] 795.3, 124.3, 7.850
[03:08:28] 918.3, 125.0, 5.158
[03:08:29] 645.3, 125.0, 5.151
[03:08:30] 645.1, 124.9, 5.153
[03:08:31] 645.0, 124.9, 5.148
[03:08:32] 644.8, 124.9, 5.148
[03:08:33] 792.4, 124.3, 7.849
[03:08:34] 977.4, 124.2, 7.865
[03:08:35] 923.1, 125.0, 5.170
[03:08:36] 646.1, 125.0, 5.160
[03:08:37] 645.9, 125.0, 5.155
[03:08:38] 645.8, 124.9, 5.155
[03:08:39] 645.6, 125.0, 5.148
[03:08:40] 787.4, 124.3, 7.853
[03:08:41] 977.8, 124.3, 7.872
[03:08:42] 978.0, 124.3, 7.879
[03:08:43] 978.3, 124.2, 7.894
[03:08:44] 929.0, 124.9, 5.183
[03:08:45] 647.3, 125.0, 5.169
[03:08:46] 647.1, 124.9, 5.169
[03:08:47] 646.9, 124.9, 5.161
[03:08:48] 646.6, 125.0, 5.155
[03:08:49] 780.2, 124.3, 7.864
[03:08:50] 978.6, 124.3, 7.879
[03:08:51] 978.7, 124.2, 7.889
[03:08:52] 979.2, 124.2, 7.896
[03:08:53] 979.6, 124.3, 7.902
[03:08:54] 980.1, 124.3, 7.903
[03:08:55] 980.5, 124.3, 7.907
[03:08:56] 981.0, 124.2, 7.919
[03:08:57] 936.4, 124.9, 5.190
[03:08:58] 648.9, 124.9, 5.183
[03:08:59] 648.7, 124.9, 5.173
[03:09:00] 648.4, 125.0, 5.164
[03:09:01] 648.1, 125.0, 5.161
[03:09:02] 765.2, 124.3, 7.875
[03:09:03] 979.8, 124.3, 7.889
[03:09:04] 980.0, 124.3, 7.897
[03:09:05] 980.3, 124.3, 7.904
[03:09:06] 980.8, 124.2, 7.910
[03:09:07] 981.2, 124.2, 7.914
[03:09:08] 981.7, 124.2, 7.927
[03:09:09] 982.2, 124.2, 7.922
[03:09:10] 982.7, 124.3, 7.919
[03:09:11] 983.0, 124.3, 7.921
[03:09:12] 983.4, 124.2, 7.925
[03:09:13] 983.7, 124.3, 7.924
[03:09:14] 984.1, 124.3, 7.931
[03:09:15] 984.4, 124.3, 7.931
[03:09:16] 984.7, 124.2, 7.931
[03:09:17] 985.0, 124.2, 7.933
[03:09:18] 895.9, 124.8, 5.205
[03:09:19] 650.4, 124.9, 5.188
[03:09:20] 650.2, 124.9, 5.184
[03:09:21] 649.8, 125.0, 5.175
