<<<[16:58:10] 654.7, 122.5, 5.254
[16:58:11] 644.5, 122.5, 5.243
[16:58:12] 644.2, 122.4, 5.439
[16:58:13] 660.9, 122.4, 5.450
[16:58:14] 661.3, 122.5, 5.384
[16:58:15] 661.8, 122.4, 5.393
[16:58:16] 662.1, 122.4, 5.444
[16:58:17] 662.4, 122.3, 5.476
[16:58:18] 662.8, 122.4, 5.422
[16:58:19] 663.2, 122.5, 5.390
[16:58:20] 663.3, 122.4, 5.410
[16:58:21] 663.4, 122.4, 5.481
[16:58:22] 663.9, 122.5, 5.444
[16:58:23] 664.0, 122.5, 5.404
[16:58:24] 663.7, 122.4, 5.397
[16:58:25] 663.7, 122.4, 5.452
[16:58:26] 663.7, 122.4, 5.400
[16:58:27] 663.3, 122.4, 5.403
[16:58:28] 663.7, 122.5, 5.388
[16:58:29] 663.7, 122.5, 5.382
[16:58:30] 663.5, 122.4, 5.546
[16:58:31] 672.9, 122.4, 5.390
[16:58:32] 662.3, 122.4, 5.379
[16:58:33] 662.3, 122.4, 5.375
[16:58:34] 662.1, 122.4, 5.519
[16:58:35] 662.7, 122.4, 5.421
[16:58:36] 662.5, 122.4, 5.442
[16:58:37] 662.5, 122.4, 5.384
[16:58:38] 662.3, 122.4, 5.526
[16:58:39] 675.8, 122.4, 5.319
[16:58:40] 654.0, 122.4, 5.252
[16:58:41] 645.7, 122.3, 5.249
[16:58:42] 645.4, 122.4, 5.260
[16:58:43] 645.1, 122.3, 5.249
[16:58:44] 644.9, 121.9, 7.176
[16:58:45] 738.4, 122.4, 5.248
[16:58:46] 643.0, 122.4, 5.260
[16:58:47] 643.0, 122.3, 5.253
[16:58:48] 643.0, 122.3, 5.251
[16:58:49] 642.9, 121.9, 7.217
[16:58:50] 734.3, 122.3, 5.262
[16:58:51] 642.8, 122.2, 5.254
[16:58:52] 642.8, 122.2, 5.251
[16:58:53] 642.7, 122.3, 5.251
[16:58:54] 642.7, 121.8, 7.234
[16:58:55] 730.4, 122.3, 5.250
[16:58:56] 643.2, 122.3, 5.249
[16:58:57] 643.1, 122.3, 5.248
[16:58:58] 643.0, 122.3, 5.255
[16:58:59] 643.0, 121.9, 7.290
[16:59:00] 743.3, 122.4, 5.247
[16:59:01] 642.8, 122.4, 5.245
[16:59:02] 642.7, 122.3, 5.260
[16:59:03] 642.7, 122.3, 5.248
[16:59:04] 642.7, 121.8, 7.919
[16:59:05] 761.1, 122.3, 5.251
[16:59:06] 643.4, 122.3, 5.259
[16:59:07] 643.2, 122.4, 5.248
[16:59:08] 643.2, 122.3, 5.246
[16:59:09] 643.1, 122.3, 5.277
[16:59:10] 796.7, 122.3, 5.281
[16:59:11] 679.4, 122.4, 5.254
[16:59:12] 643.2, 122.4, 5.247
[16:59:13] 643.1, 122.4, 5.244
[16:59:14] 643.0, 122.3, 5.256
[16:59:15] 673.5, 121.6, 8.196
[16:59:16] 948.7, 122.3, 5.258
[16:59:17] 643.7, 122.4, 5.253
[16:59:18] 643.6, 122.4, 5.260
[16:59:19] 643.5, 122.3, 5.249
[16:59:20] 643.5, 122.3, 5.248
[16:59:21] 763.6, 121.6, 8.198
[16:59:22] 998.7, 122.4, 5.599
[16:59:23] 748.3, 122.4, 5.256
[16:59:24] 643.9, 122.4, 5.251
[16:59:25] 643.8, 122.4, 5.246
[16:59:26] 643.8, 122.5, 5.255
[16:59:27] 643.7, 121.8, 8.165
[16:59:28] 946.3, 121.8, 8.197
[16:59:29] 999.8, 121.7, 8.207
[16:59:30] 1000.0, 122.4, 5.619
[16:59:31] 748.5, 122.4, 5.258
[16:59:32] 644.9, 122.5, 5.253
[16:59:33] 644.8, 122.4, 5.253
[16:59:34] 644.6, 122.5, 5.256
[16:59:35] 644.4, 121.6, 8.184
[16:59:36] 954.6, 121.7, 8.209
[16:59:37] 1001.0, 121.7, 8.215
[16:59:38] 1001.1, 121.8, 8.222
[16:59:39] 1001.4, 121.8, 8.235
[16:59:40] 1001.8, 121.7, 8.242
[16:59:41] 1002.2, 122.4, 5.644
[16:59:42] 747.3, 122.5, 5.278
[16:59:43] 645.5, 122.5, 5.260
[16:59:44] 645.4, 122.5, 5.252
[16:59:45] 645.3, 122.4, 5.249
[16:59:46] 645.1, 121.8, 8.189
[16:59:47] 969.7, 121.8, 8.215
[16:59:48] 1002.2, 121.7, 8.220
[16:59:49] 1002.3, 121.7, 8.233
[16:59:50] 1002.5, 121.7, 8.243
[16:59:51] 1002.9, 121.8, 8.249
[16:59:52] 1003.2, 121.8, 8.250
[16:59:53] 1003.6, 121.7, 8.255
[16:59:54] 1004.0, 121.7, 8.250
[16:59:55] 1004.4, 121.7, 8.259
[16:59:56] 1004.7, 121.7, 8.261
[16:59:57] 1005.0, 121.8, 8.262
[16:59:58] 1005.2, 122.5, 5.304
[16:59:59] 648.9, 122.5, 5.275
[17:00:00] 648.6, 122.4, 5.265
[17:00:01] 648.3, 122.4, 5.263
