<<<[09:06:56] 648.3, 124.0, 5.217
[09:06:57] 648.4, 123.9, 5.215
[09:06:58] 648.9, 123.9, 5.316
[09:06:59] 657.1, 124.1, 5.223
[09:07:00] 649.1, 124.0, 5.218
[09:07:01] 649.0, 123.9, 5.219
[09:07:02] 649.0, 123.9, 5.218
[09:07:03] 649.0, 123.7, 5.755
[09:07:04] 744.7, 124.0, 5.217
[09:07:05] 647.3, 124.0, 5.213
[09:07:06] 647.3, 124.0, 5.213
[09:07:07] 647.2, 123.9, 5.213
[09:07:08] 647.2, 123.8, 5.388
[09:07:09] 740.0, 124.0, 5.217
[09:07:10] 647.3, 124.0, 5.215
[09:07:11] 647.2, 123.9, 5.212
[09:07:12] 647.2, 124.0, 5.210
[09:07:13] 647.1, 123.8, 5.317
[09:07:14] 739.8, 124.0, 5.220
[09:07:15] 647.7, 124.0, 5.214
[09:07:16] 647.6, 124.0, 5.214
[09:07:17] 647.6, 124.0, 5.211
[09:07:18] 647.5, 123.9, 5.252
[09:07:19] 739.0, 124.1, 5.212
[09:07:20] 647.3, 124.0, 5.210
[09:07:21] 647.2, 124.0, 5.205
[09:07:22] 647.1, 124.0, 5.215
[09:07:23] 647.0, 124.0, 5.211
[09:07:24] 737.6, 124.0, 5.212
[09:07:25] 646.7, 124.0, 5.209
[09:07:26] 646.6, 123.9, 5.208
[09:07:27] 646.6, 124.0, 5.210
[09:07:28] 646.6, 124.0, 5.206
[09:07:29] 735.1, 124.0, 5.210
[09:07:30] 646.7, 124.1, 5.210
[09:07:31] 646.6, 124.0, 5.211
[09:07:32] 646.6, 124.0, 5.204
[09:07:33] 646.5, 124.0, 5.210
[09:07:34] 730.9, 124.0, 5.209
[09:07:35] 646.5, 124.0, 5.208
[09:07:36] 646.5, 124.0, 5.208
[09:07:37] 646.6, 123.9, 5.205
[09:07:38] 646.7, 124.0, 5.209
[09:07:39] 723.1, 124.0, 5.214
[09:07:40] 646.5, 124.0, 5.207
[09:07:41] 646.4, 124.1, 5.211
[09:07:42] 646.4, 124.0, 5.206
[09:07:43] 646.3, 124.0, 5.205
[09:07:44] 726.0, 124.1, 5.226
[09:07:45] 678.2, 123.9, 5.208
[09:07:46] 646.5, 124.0, 5.207
[09:07:47] 646.4, 124.0, 5.212
[09:07:48] 646.4, 124.0, 5.204
[09:07:49] 692.6, 124.0, 5.443
[09:07:50] 729.8, 124.0, 5.204
[09:07:51] 646.5, 124.0, 5.213
[09:07:52] 646.4, 124.0, 5.206
[09:07:53] 646.4, 124.0, 5.206
[09:07:54] 646.3, 123.5, 7.378
[09:07:55] 863.6, 123.9, 5.217
[09:07:56] 646.9, 124.0, 5.210
[09:07:57] 646.8, 124.0, 5.215
[09:07:58] 646.7, 123.9, 5.204
[09:07:59] 646.7, 124.0, 5.210
[09:08:00] 742.2, 123.5, 7.398
[09:08:01] 893.9, 124.0, 5.224
[09:08:02] 647.3, 123.9, 5.210
[09:08:03] 647.2, 123.9, 5.214
[09:08:04] 647.1, 124.0, 5.207
[09:08:05] 647.0, 123.9, 5.210
[09:08:06] 722.1, 123.4, 7.391
[09:08:07] 914.2, 123.5, 7.400
[09:08:08] 914.1, 123.9, 5.250
[09:08:09] 684.9, 123.9, 5.215
[09:08:10] 647.5, 124.0, 5.211
[09:08:11] 647.4, 124.0, 5.217
[09:08:12] 647.3, 123.9, 5.210
[09:08:13] 684.3, 123.4, 7.398
[09:08:14] 914.6, 123.5, 7.416
[09:08:15] 914.8, 123.4, 7.426
[09:08:16] 915.3, 123.4, 7.436
[09:08:17] 915.6, 124.0, 5.527
[09:08:18] 739.8, 124.0, 5.223
[09:08:19] 648.9, 123.9, 5.223
[09:08:20] 648.7, 123.9, 5.214
[09:08:21] 648.6, 124.0, 5.215
[09:08:22] 648.4, 123.5, 7.374
[09:08:23] 875.4, 123.4, 7.415
[09:08:24] 917.2, 123.4, 7.435
[09:08:25] 917.3, 123.5, 7.429
[09:08:26] 917.5, 123.5, 7.434
[09:08:27] 917.7, 123.4, 7.440
[09:08:28] 918.0, 123.4, 7.442
[09:08:29] 918.3, 123.5, 7.438
[09:08:30] 918.6, 123.5, 7.447
[09:08:31] 904.8, 124.0, 5.238
[09:08:32] 650.0, 124.0, 5.232
[09:08:33] 649.8, 124.0, 5.222
[09:08:34] 649.7, 124.1, 5.214
[09:08:35] 649.5, 124.0, 5.216
[09:08:36] 726.0, 123.5, 7.409
[09:08:37] 916.6, 123.5, 7.426
[09:08:38] 916.8, 123.5, 7.425
[09:08:39] 917.0, 123.4, 7.436
[09:08:40] 917.4, 123.4, 7.445
[09:08:41] 917.8, 123.4, 7.448
[09:08:42] 918.3, 123.5, 7.453
[09:08:43] 918.7, 123.4, 7.471
[09:08:44] 919.2, 123.4, 7.464
[09:08:45] 919.6, 123.4, 7.462
[09:08:46] 920.0, 123.5, 7.466
[09:08:47] 920.4, 123.5, 7.467
[09:08:48] 920.8, 123.5, 7.479
[09:08:49] 921.2, 123.4, 7.466
[09:08:50] 921.4, 123.4, 7.469
[09:08:51] 921.7, 123.5, 7.466
[09:08:52] 921.9, 123.5, 7.469
[09:08:53] 876.0, 124.0, 5.250
[09:08:54] 651.6, 124.0, 5.236
[09:08:55] 651.3, 123.9, 5.231
[09:08:56] 651.1, 124.0, 5.234
[09:08:57] 650.8, 124.0, 5.221
