<<<[09:56:52] 651.5, 123.6, 5.236
[09:56:53] 651.2, 123.8, 5.236
[09:56:54] 650.8, 123.7, 5.402
[09:56:55] 664.6, 123.6, 5.430
[09:56:56] 665.2, 123.6, 5.423
[09:56:57] 665.7, 123.7, 5.424
[09:56:58] 666.2, 123.6, 5.424
[09:56:59] 666.5, 123.6, 5.433
[09:57:00] 666.9, 123.5, 5.426
[09:57:01] 667.0, 123.7, 5.403
[09:57:02] 666.8, 123.6, 5.378
[09:57:03] 666.8, 123.6, 5.392
[09:57:04] 666.7, 123.6, 5.395
[09:57:05] 667.2, 123.7, 5.397
[09:57:06] 667.2, 123.6, 5.365
[09:57:07] 667.1, 123.6, 5.391
[09:57:08] 667.6, 123.7, 5.385
[09:57:09] 667.7, 123.7, 5.392
[09:57:10] 667.5, 123.6, 5.426
[09:57:11] 667.3, 123.6, 5.390
[09:57:12] 667.1, 123.7, 5.381
[09:57:13] 667.5, 123.7, 5.383
[09:57:14] 667.1, 123.6, 5.359
[09:57:15] 666.8, 123.6, 5.389
[09:57:16] 666.9, 123.7, 5.383
[09:57:17] 666.7, 123.7, 5.489
[09:57:18] 673.5, 123.6, 5.462
[09:57:19] 673.5, 123.6, 5.434
[09:57:20] 672.9, 123.7, 5.394
[09:57:21] 667.0, 123.7, 5.253
[09:57:22] 649.3, 123.6, 5.231
[09:57:23] 649.2, 123.6, 5.254
[09:57:24] 649.2, 123.7, 5.251
[09:57:25] 649.1, 123.8, 5.256
[09:57:26] 677.6, 123.7, 5.340
[09:57:27] 716.0, 123.7, 5.227
[09:57:28] 647.5, 123.7, 5.223
[09:57:29] 647.4, 123.7, 5.224
[09:57:30] 647.3, 123.7, 5.230
[09:57:31] 652.4, 123.5, 6.615
[09:57:32] 769.3, 123.7, 5.230
[09:57:33] 647.7, 123.7, 5.231
[09:57:34] 647.5, 123.7, 5.227
[09:57:35] 647.5, 123.7, 5.231
[09:57:36] 647.4, 123.1, 7.275
[09:57:37] 788.2, 123.7, 5.228
[09:57:38] 647.5, 123.6, 5.230
[09:57:39] 647.5, 123.6, 5.251
[09:57:40] 647.5, 123.7, 5.254
[09:57:41] 647.6, 123.2, 6.646
[09:57:42] 792.2, 123.7, 5.374
[09:57:43] 720.9, 123.6, 5.229
[09:57:44] 647.5, 123.7, 5.234
[09:57:45] 647.4, 123.6, 5.231
[09:57:46] 647.4, 123.6, 5.226
[09:57:47] 647.3, 123.1, 7.357
[09:57:48] 893.9, 123.3, 6.847
[09:57:49] 775.6, 123.6, 5.234
[09:57:50] 647.3, 123.7, 5.230
[09:57:51] 647.3, 123.6, 5.228
[09:57:52] 647.3, 123.6, 5.230
[09:57:53] 647.3, 123.1, 7.291
[09:57:54] 838.6, 123.1, 7.364
[09:57:55] 908.3, 123.1, 7.384
[09:57:56] 881.7, 123.6, 5.240
[09:57:57] 648.7, 123.7, 5.233
[09:57:58] 648.6, 123.6, 5.231
[09:57:59] 648.4, 123.6, 5.228
[09:58:00] 648.3, 123.6, 5.226
[09:58:01] 728.4, 123.2, 7.361
[09:58:02] 907.7, 123.1, 7.374
[09:58:03] 907.9, 123.1, 7.381
[09:58:04] 908.1, 123.1, 7.386
[09:58:05] 908.5, 123.1, 7.392
[09:58:06] 881.7, 123.6, 5.249
[09:58:07] 650.0, 123.6, 5.241
[09:58:08] 649.7, 123.6, 5.234
[09:58:09] 649.5, 123.7, 5.233
[09:58:10] 649.3, 123.5, 5.405
[09:58:11] 771.7, 123.1, 7.373
[09:58:12] 908.5, 123.1, 7.381
[09:58:13] 908.7, 123.1, 7.389
[09:58:14] 908.9, 123.1, 7.391
[09:58:15] 909.2, 123.0, 7.401
[09:58:16] 909.5, 123.1, 7.393
[09:58:17] 909.8, 123.1, 7.406
[09:58:18] 910.1, 123.1, 7.400
[09:58:19] 910.4, 123.2, 7.405
[09:58:20] 910.6, 123.3, 7.103
[09:58:21] 781.9, 123.6, 5.255
[09:58:22] 648.7, 123.6, 5.238
[09:58:23] 648.7, 123.7, 5.244
[09:58:24] 648.7, 123.7, 5.228
[09:58:25] 648.6, 123.1, 7.343
[09:58:26] 857.7, 123.2, 7.368
[09:58:27] 909.7, 123.1, 7.395
[09:58:28] 909.8, 123.1, 7.388
[09:58:29] 910.0, 123.1, 7.406
[09:58:30] 910.2, 123.1, 7.394
[09:58:31] 910.4, 123.1, 7.412
[09:58:32] 910.7, 123.1, 7.399
[09:58:33] 910.9, 123.1, 7.415
[09:58:34] 911.2, 123.1, 7.403
[09:58:35] 911.4, 123.1, 7.425
[09:58:36] 911.6, 123.1, 7.406
[09:58:37] 911.9, 123.1, 7.418
[09:58:38] 912.0, 123.1, 7.413
[09:58:39] 912.2, 123.0, 7.420
[09:58:40] 912.4, 123.1, 7.410
[09:58:41] 912.5, 123.1, 7.420
[09:58:42] 912.7, 123.1, 7.409
[09:58:43] 912.9, 123.1, 7.421
[09:58:44] 913.0, 123.1, 7.409
[09:58:45] 794.3, 123.6, 5.284
[09:58:46] 651.2, 123.6, 5.242
[09:58:47] 651.0, 123.6, 5.273
[09:58:48] 650.9, 123.6, 5.259
