<<<[00:28:41] 643.9, 124.7, 5.172
[00:28:42] 643.8, 124.7, 5.172
[00:28:43] 643.7, 124.7, 5.174
[00:28:44] 643.7, 124.7, 5.358
[00:28:45] 665.0, 124.6, 5.363
[00:28:46] 670.7, 124.6, 5.381
[00:28:47] 670.1, 124.7, 5.327
[00:28:48] 662.1, 124.6, 5.313
[00:28:49] 661.9, 124.6, 5.317
[00:28:50] 662.0, 124.7, 5.412
[00:28:51] 662.2, 124.7, 5.312
[00:28:52] 662.2, 124.6, 5.329
[00:28:53] 661.9, 124.5, 5.402
[00:28:54] 661.7, 124.7, 5.180
[00:28:55] 643.2, 124.7, 5.181
[00:28:56] 643.2, 124.6, 5.182
[00:28:57] 643.2, 124.6, 5.178
[00:28:58] 643.2, 124.7, 5.180
[00:28:59] 739.6, 124.7, 5.181
[00:29:00] 642.8, 124.6, 5.178
[00:29:01] 642.8, 124.6, 5.179
[00:29:02] 642.8, 124.6, 5.172
[00:29:03] 642.8, 124.6, 5.173
[00:29:04] 734.3, 124.7, 5.181
[00:29:05] 643.0, 124.6, 5.175
[00:29:06] 642.9, 124.6, 5.178
[00:29:07] 642.9, 124.7, 5.180
[00:29:08] 642.9, 124.6, 5.179
[00:29:09] 734.3, 124.7, 5.180
[00:29:10] 642.6, 124.6, 5.178
[00:29:11] 642.6, 124.6, 5.176
[00:29:12] 642.6, 124.6, 5.172
[00:29:13] 642.6, 124.6, 5.173
[00:29:14] 733.1, 124.7, 5.176
[00:29:15] 642.6, 124.7, 5.173
[00:29:16] 642.6, 124.7, 5.170
[00:29:17] 642.5, 124.7, 5.169
[00:29:18] 642.4, 124.7, 5.168
[00:29:19] 731.3, 124.7, 5.176
[00:29:20] 642.2, 124.7, 5.172
[00:29:21] 642.2, 124.7, 5.171
[00:29:22] 642.2, 124.7, 5.170
[00:29:23] 642.1, 124.7, 5.166
[00:29:24] 728.6, 124.6, 5.176
[00:29:25] 642.0, 124.6, 5.172
[00:29:26] 642.0, 124.6, 5.168
[00:29:27] 642.0, 124.6, 5.175
[00:29:28] 642.2, 124.6, 5.177
[00:29:29] 724.5, 124.7, 5.176
[00:29:30] 642.4, 124.7, 5.171
[00:29:31] 642.3, 124.7, 5.172
[00:29:32] 642.3, 124.7, 5.170
[00:29:33] 642.3, 124.7, 5.167
[00:29:34] 712.1, 124.7, 5.210
[00:29:35] 692.2, 124.6, 5.170
[00:29:36] 642.2, 124.6, 5.171
[00:29:37] 642.2, 124.6, 5.172
[00:29:38] 642.2, 124.5, 5.175
[00:29:39] 675.0, 124.6, 5.771
[00:29:40] 758.7, 124.6, 5.177
[00:29:41] 642.8, 124.6, 5.171
[00:29:42] 642.7, 124.6, 5.171
[00:29:43] 642.6, 124.6, 5.177
[00:29:44] 642.6, 123.9, 7.896
[00:29:45] 894.5, 124.6, 5.182
[00:29:46] 647.3, 124.7, 5.179
[00:29:47] 646.7, 124.7, 5.170
[00:29:48] 646.2, 124.6, 5.170
[00:29:49] 645.8, 124.7, 5.170
[00:29:50] 742.0, 124.0, 7.928
[00:29:51] 961.4, 124.6, 5.183
[00:29:52] 649.1, 124.6, 5.175
[00:29:53] 643.0, 124.7, 5.171
[00:29:54] 642.9, 124.7, 5.172
[00:29:55] 642.9, 124.6, 5.172
[00:29:56] 721.3, 124.0, 7.932
[00:29:57] 984.3, 124.0, 7.950
[00:29:58] 975.4, 124.6, 5.252
[00:29:59] 701.6, 124.6, 5.186
[00:30:00] 644.1, 124.7, 5.181
[00:30:01] 643.9, 124.6, 5.179
[00:30:02] 643.8, 124.5, 5.181
[00:30:03] 682.3, 123.9, 7.936
[00:30:04] 984.7, 123.8, 7.962
[00:30:05] 985.0, 123.9, 7.969
[00:30:06] 985.4, 123.8, 7.983
[00:30:07] 986.0, 124.5, 6.065
[00:30:08] 766.2, 124.7, 5.197
[00:30:09] 645.5, 124.6, 5.190
[00:30:10] 645.3, 124.6, 5.186
[00:30:11] 645.2, 124.6, 5.178
[00:30:12] 645.0, 123.9, 7.929
[00:30:13] 948.7, 124.0, 7.970
[00:30:14] 988.6, 123.9, 7.975
[00:30:15] 988.7, 124.0, 7.987
[00:30:16] 989.0, 123.9, 7.992
[00:30:17] 989.3, 124.0, 7.996
[00:30:18] 989.7, 123.9, 7.999
[00:30:19] 990.1, 124.0, 8.001
[00:30:20] 990.4, 124.0, 8.003
[00:30:21] 911.5, 124.6, 5.212
[00:30:22] 647.5, 124.7, 5.196
[00:30:23] 647.3, 124.7, 5.190
[00:30:24] 647.0, 124.7, 5.189
[00:30:25] 646.7, 124.7, 5.186
[00:30:26] 799.6, 124.0, 7.966
[00:30:27] 988.2, 123.9, 7.978
[00:30:28] 988.4, 124.0, 7.992
[00:30:29] 988.9, 123.9, 7.990
[00:30:30] 989.3, 124.0, 8.000
[00:30:31] 989.7, 123.9, 8.006
[00:30:32] 990.2, 124.0, 8.011
[00:30:33] 990.7, 123.9, 8.017
[00:30:34] 991.2, 124.0, 8.014
[00:30:35] 991.6, 123.9, 8.014
[00:30:36] 991.9, 124.0, 8.014
[00:30:37] 992.2, 123.9, 8.027
[00:30:38] 992.6, 124.0, 8.022
[00:30:39] 993.0, 123.9, 8.021
[00:30:40] 993.2, 124.0, 8.021
[00:30:41] 993.6, 123.9, 8.022
[00:30:42] 993.8, 124.6, 6.187
[00:30:43] 800.8, 124.6, 5.334
[00:30:44] 662.3, 124.7, 5.244
[00:30:45] 653.0, 124.7, 5.199
[00:30:46] 646.5, 124.7, 5.198
