<<<[23:53:28] 646.9, 124.2, 5.193
[23:53:29] 646.5, 124.3, 5.192
[23:53:30] 646.2, 124.1, 5.435
[23:53:31] 663.8, 124.1, 5.325
[23:53:32] 663.4, 124.2, 5.321
[23:53:33] 663.3, 124.2, 5.264
[23:53:34] 652.0, 124.1, 5.191
[23:53:35] 644.3, 124.3, 5.193
[23:53:36] 644.2, 124.3, 5.190
[23:53:37] 644.2, 124.1, 5.192
[23:53:38] 676.4, 124.2, 5.273
[23:53:39] 706.7, 124.1, 5.186
[23:53:40] 643.4, 124.2, 5.189
[23:53:41] 643.4, 124.2, 5.188
[23:53:42] 643.4, 124.1, 5.187
[23:53:43] 671.7, 124.2, 5.276
[23:53:44] 707.9, 124.2, 5.186
[23:53:45] 643.4, 124.2, 5.185
[23:53:46] 643.3, 124.2, 5.196
[23:53:47] 643.4, 124.1, 5.184
[23:53:48] 670.3, 124.2, 5.282
[23:53:49] 708.9, 124.3, 5.188
[23:53:50] 643.4, 124.2, 5.183
[23:53:51] 643.3, 124.2, 5.186
[23:53:52] 643.4, 124.2, 5.189
[23:53:53] 668.9, 124.1, 5.282
[23:53:54] 709.7, 124.1, 5.187
[23:53:55] 643.2, 124.3, 5.180
[23:53:56] 643.1, 124.1, 5.181
[23:53:57] 643.1, 124.1, 5.180
[23:53:58] 666.6, 124.2, 5.295
[23:53:59] 711.5, 124.2, 5.201
[23:54:00] 644.3, 124.2, 5.197
[23:54:01] 644.2, 124.2, 5.196
[23:54:02] 644.2, 124.3, 5.196
[23:54:03] 665.6, 124.2, 5.295
[23:54:04] 711.9, 124.2, 5.186
[23:54:05] 643.4, 124.3, 5.179
[23:54:06] 643.3, 124.2, 5.175
[23:54:07] 643.2, 124.1, 5.195
[23:54:08] 662.4, 124.2, 5.298
[23:54:09] 712.6, 124.2, 5.182
[23:54:10] 642.6, 124.2, 5.186
[23:54:11] 642.6, 124.2, 5.180
[23:54:12] 642.6, 124.2, 5.179
[23:54:13] 655.6, 124.2, 5.302
[23:54:14] 713.8, 124.3, 5.182
[23:54:15] 642.8, 124.2, 5.176
[23:54:16] 642.7, 124.2, 5.184
[23:54:17] 642.7, 124.2, 5.176
[23:54:18] 642.7, 124.0, 6.641
[23:54:19] 769.3, 124.2, 5.185
[23:54:20] 643.0, 124.2, 5.183
[23:54:21] 643.0, 124.2, 5.176
[23:54:22] 642.9, 124.1, 5.176
[23:54:23] 642.8, 123.9, 6.716
[23:54:24] 755.2, 124.2, 5.183
[23:54:25] 643.0, 124.0, 5.186
[23:54:26] 642.9, 124.1, 5.187
[23:54:27] 642.9, 124.2, 5.180
[23:54:28] 642.9, 123.5, 7.817
[23:54:29] 825.2, 124.2, 5.188
[23:54:30] 643.2, 124.1, 5.188
[23:54:31] 643.1, 124.1, 5.187
[23:54:32] 643.1, 124.1, 5.186
[23:54:33] 643.1, 124.2, 5.182
[23:54:34] 757.1, 123.6, 7.350
[23:54:35] 852.2, 124.3, 5.184
[23:54:36] 643.6, 124.3, 5.182
[23:54:37] 643.5, 124.3, 5.179
[23:54:38] 643.4, 124.3, 5.176
[23:54:39] 643.3, 123.6, 7.445
[23:54:40] 847.3, 123.5, 7.941
[23:54:41] 969.9, 124.2, 5.206
[23:54:42] 670.3, 124.2, 5.192
[23:54:43] 643.6, 124.2, 5.185
[23:54:44] 643.5, 124.2, 5.186
[23:54:45] 643.5, 124.1, 5.181
[23:54:46] 688.8, 123.5, 7.937
[23:54:47] 981.7, 123.5, 7.960
[23:54:48] 982.1, 123.5, 7.973
[23:54:49] 967.5, 124.2, 5.219
[23:54:50] 672.7, 124.2, 5.202
[23:54:51] 644.5, 124.2, 5.190
[23:54:52] 644.4, 124.2, 5.190
[23:54:53] 644.3, 124.2, 5.190
[23:54:54] 712.4, 123.5, 7.944
[23:54:55] 982.7, 123.5, 7.968
[23:54:56] 983.0, 123.5, 7.973
[23:54:57] 983.5, 123.5, 7.985
[23:54:58] 984.0, 123.5, 8.003
[23:54:59] 989.8, 123.5, 8.001
[23:55:00] 935.1, 124.2, 5.222
[23:55:01] 647.5, 124.2, 5.215
[23:55:02] 647.3, 124.2, 5.208
[23:55:03] 647.1, 124.2, 5.199
[23:55:04] 646.8, 124.2, 5.200
[23:55:05] 761.5, 123.6, 7.961
[23:55:06] 984.9, 123.6, 7.977
[23:55:07] 985.1, 123.5, 7.988
[23:55:08] 985.4, 123.6, 7.993
[23:55:09] 985.9, 123.6, 7.995
[23:55:10] 986.4, 123.5, 8.008
[23:55:11] 986.9, 123.5, 8.013
[23:55:12] 987.4, 123.5, 8.008
[23:55:13] 987.9, 123.5, 8.018
[23:55:14] 988.4, 123.4, 8.024
[23:55:15] 988.9, 123.4, 8.022
[23:55:16] 989.3, 124.1, 5.779
[23:55:17] 776.4, 124.1, 5.228
[23:55:18] 648.3, 124.2, 5.220
[23:55:19] 648.1, 124.2, 5.214
[23:55:20] 647.9, 124.2, 5.205
