<<<[20:21:51] 649.3, 123.4, 5.269
[20:21:52] 649.5, 123.5, 5.264
[20:21:53] 649.6, 123.5, 5.266
[20:21:54] 650.1, 123.4, 5.383
[20:21:55] 666.8, 123.5, 5.375
[20:21:56] 666.7, 123.5, 5.260
[20:21:57] 651.2, 123.5, 5.257
[20:21:58] 651.0, 123.5, 5.252
[20:21:59] 650.8, 123.4, 5.257
[20:22:00] 650.6, 123.5, 5.255
[20:22:01] 683.9, 123.5, 5.328
[20:22:02] 711.5, 123.5, 5.270
[20:22:03] 651.2, 123.5, 5.262
[20:22:04] 651.1, 123.5, 5.263
[20:22:05] 651.0, 123.6, 5.273
[20:22:06] 682.9, 123.6, 5.336
[20:22:07] 712.4, 123.5, 5.250
[20:22:08] 649.1, 123.5, 5.248
[20:22:09] 649.0, 123.5, 5.248
[20:22:10] 648.9, 123.6, 5.249
[20:22:11] 679.8, 123.6, 5.334
[20:22:12] 712.8, 123.5, 5.248
[20:22:13] 649.5, 123.5, 5.260
[20:22:14] 649.5, 123.6, 5.264
[20:22:15] 649.7, 123.5, 5.259
[20:22:16] 679.4, 123.5, 5.354
[20:22:17] 715.4, 123.6, 5.249
[20:22:18] 649.1, 123.5, 5.253
[20:22:19] 649.0, 123.5, 5.245
[20:22:20] 648.9, 123.6, 5.245
[20:22:21] 676.0, 123.4, 5.344
[20:22:22] 714.8, 123.5, 5.254
[20:22:23] 649.1, 123.5, 5.249
[20:22:24] 649.0, 123.5, 5.247
[20:22:25] 649.0, 123.5, 5.259
[20:22:26] 675.4, 123.5, 5.369
[20:22:27] 718.0, 123.5, 5.263
[20:22:28] 650.2, 123.5, 5.261
[20:22:29] 650.1, 123.5, 5.246
[20:22:30] 649.9, 123.5, 5.251
[20:22:31] 670.9, 123.5, 5.357
[20:22:32] 717.0, 123.5, 5.249
[20:22:33] 648.9, 123.5, 5.248
[20:22:34] 648.8, 123.5, 5.254
[20:22:35] 648.8, 123.5, 5.245
[20:22:36] 666.4, 123.4, 5.365
[20:22:37] 718.4, 123.5, 5.263
[20:22:38] 650.4, 123.5, 5.268
[20:22:39] 650.4, 123.4, 5.263
[20:22:40] 650.3, 123.4, 5.263
[20:22:41] 650.7, 123.5, 5.375
[20:22:42] 726.4, 123.5, 5.257
[20:22:43] 649.3, 123.5, 5.247
[20:22:44] 649.1, 123.6, 5.245
[20:22:45] 649.1, 123.5, 5.245
[20:22:46] 649.0, 123.3, 6.709
[20:22:47] 765.0, 123.5, 5.247
[20:22:48] 648.9, 123.6, 5.244
[20:22:49] 648.9, 123.6, 5.258
[20:22:50] 649.0, 123.6, 5.262
[20:22:51] 649.2, 122.9, 7.909
[20:22:52] 837.6, 123.6, 5.263
[20:22:53] 650.6, 123.6, 5.247
[20:22:54] 650.4, 123.6, 5.250
[20:22:55] 650.2, 123.6, 5.241
[20:22:56] 650.0, 123.6, 5.243
[20:22:57] 787.2, 123.3, 6.838
[20:22:58] 793.0, 123.6, 5.256
[20:22:59] 650.0, 123.5, 5.251
[20:23:00] 649.8, 123.6, 5.247
[20:23:01] 649.8, 123.5, 5.259
[20:23:02] 649.8, 122.8, 7.915
[20:23:03] 899.8, 122.9, 8.011
[20:23:04] 925.2, 123.5, 5.276
[20:23:05] 651.6, 123.6, 5.255
[20:23:06] 651.3, 123.5, 5.255
[20:23:07] 651.1, 123.6, 5.250
[20:23:08] 650.9, 123.5, 5.253
[20:23:09] 788.2, 122.9, 7.993
[20:23:10] 983.5, 122.8, 8.014
[20:23:11] 983.8, 123.2, 7.036
[20:23:12] 798.9, 123.5, 5.270
[20:23:13] 651.8, 123.5, 5.277
[20:23:14] 651.8, 123.4, 5.278
[20:23:15] 651.8, 123.6, 5.266
[20:23:16] 651.8, 122.8, 7.939
[20:23:17] 905.2, 122.8, 8.014
[20:23:18] 985.9, 122.8, 8.021
[20:23:19] 986.0, 122.8, 8.035
[20:23:20] 986.3, 122.7, 8.045
[20:23:21] 986.7, 122.8, 8.041
[20:23:22] 929.6, 123.5, 5.293
[20:23:23] 653.6, 123.4, 5.276
[20:23:24] 653.3, 123.4, 5.272
[20:23:25] 653.1, 123.5, 5.275
[20:23:26] 653.0, 123.5, 5.282
[20:23:27] 804.4, 122.8, 8.030
[20:23:28] 987.6, 122.9, 8.043
[20:23:29] 987.8, 122.8, 8.039
[20:23:30] 988.0, 122.9, 8.042
[20:23:31] 988.2, 122.8, 8.051
[20:23:32] 988.5, 122.8, 8.059
[20:23:33] 988.8, 122.8, 8.063
[20:23:34] 989.2, 122.8, 8.064
[20:23:35] 989.6, 122.8, 8.065
[20:23:36] 989.9, 122.7, 8.070
[20:23:37] 990.2, 123.4, 5.354
[20:23:38] 709.5, 123.5, 5.310
[20:23:39] 655.8, 123.4, 5.293
[20:23:40] 655.5, 123.6, 5.286
[20:23:41] 655.2, 123.4, 5.274
