<<<[00:04:22] 653.8, 124.3, 5.165
[00:04:23] 641.6, 124.3, 5.166
[00:04:24] 641.5, 124.3, 5.157
[00:04:25] 641.4, 124.2, 5.373
[00:04:26] 665.2, 124.3, 5.317
[00:04:27] 665.0, 124.2, 5.421
[00:04:28] 670.1, 124.3, 5.312
[00:04:29] 659.9, 124.3, 5.275
[00:04:30] 659.6, 124.3, 5.291
[00:04:31] 659.6, 124.3, 5.294
[00:04:32] 659.9, 124.3, 5.313
[00:04:33] 659.5, 124.2, 5.291
[00:04:34] 659.4, 124.2, 5.420
[00:04:35] 659.4, 124.3, 5.232
[00:04:36] 649.3, 124.2, 5.162
[00:04:37] 641.8, 124.2, 5.159
[00:04:38] 641.5, 124.3, 5.161
[00:04:39] 641.3, 124.3, 5.160
[00:04:40] 732.5, 124.2, 5.162
[00:04:41] 644.9, 124.2, 5.159
[00:04:42] 639.8, 124.2, 5.158
[00:04:43] 639.8, 124.2, 5.154
[00:04:44] 639.7, 124.2, 5.152
[00:04:45] 724.8, 124.2, 5.167
[00:04:46] 647.9, 124.2, 5.208
[00:04:47] 647.6, 124.3, 5.196
[00:04:48] 647.4, 124.2, 5.197
[00:04:49] 647.1, 124.3, 5.197
[00:04:50] 720.5, 124.2, 5.203
[00:04:51] 651.2, 124.3, 5.196
[00:04:52] 645.1, 124.3, 5.192
[00:04:53] 645.0, 124.3, 5.194
[00:04:54] 645.0, 124.4, 5.194
[00:04:55] 700.8, 124.3, 5.256
[00:04:56] 700.8, 124.3, 5.195
[00:04:57] 644.9, 124.3, 5.196
[00:04:58] 644.9, 124.3, 5.194
[00:04:59] 644.9, 124.3, 5.196
[00:05:00] 655.0, 123.8, 7.208
[00:05:01] 808.7, 124.2, 5.198
[00:05:02] 645.5, 124.2, 5.197
[00:05:03] 645.5, 124.2, 5.196
[00:05:04] 645.4, 124.2, 5.192
[00:05:05] 645.3, 123.8, 7.298
[00:05:06] 835.7, 124.4, 5.264
[00:05:07] 703.4, 124.3, 5.199
[00:05:08] 645.3, 124.3, 5.195
[00:05:09] 645.2, 124.3, 5.195
[00:05:10] 645.1, 124.3, 5.197
[00:05:11] 651.0, 123.6, 7.417
[00:05:12] 919.9, 123.7, 7.238
[00:05:13] 813.2, 124.3, 5.208
[00:05:14] 646.5, 124.3, 5.202
[00:05:15] 646.4, 124.3, 5.201
[00:05:16] 646.2, 124.2, 5.199
[00:05:17] 646.1, 123.6, 7.284
[00:05:18] 832.9, 123.5, 7.443
[00:05:19] 921.3, 123.7, 7.441
[00:05:20] 921.2, 124.2, 5.295
[00:05:21] 708.7, 124.3, 5.212
[00:05:22] 647.1, 124.2, 5.208
[00:05:23] 647.0, 124.3, 5.204
[00:05:24] 646.9, 124.2, 5.204
[00:05:25] 656.2, 123.8, 7.428
[00:05:26] 920.3, 123.8, 7.448
[00:05:27] 920.5, 123.7, 7.458
[00:05:28] 921.0, 123.7, 7.464
[00:05:29] 921.4, 123.7, 7.470
[00:05:30] 921.9, 123.6, 7.270
[00:05:31] 817.2, 124.2, 5.226
[00:05:32] 648.7, 124.2, 5.218
[00:05:33] 648.5, 124.2, 5.215
[00:05:34] 648.3, 124.2, 5.209
[00:05:35] 648.1, 123.7, 7.379
[00:05:36] 850.0, 123.6, 7.449
[00:05:37] 922.9, 123.6, 7.457
[00:05:38] 923.0, 123.7, 7.464
[00:05:39] 923.3, 123.7, 7.472
[00:05:40] 923.6, 123.7, 7.480
[00:05:41] 924.0, 123.7, 7.474
[00:05:42] 924.3, 123.7, 7.480
[00:05:43] 924.7, 123.7, 7.466
[00:05:44] 924.9, 123.7, 7.477
[00:05:45] 925.2, 123.7, 7.486
[00:05:46] 880.7, 124.3, 5.233
[00:05:47] 649.9, 124.3, 5.217
[00:05:48] 649.6, 124.4, 5.214
[00:05:49] 649.4, 124.4, 5.210
