<<<[08:46:37] 648.8, 124.3, 5.199
[08:46:38] 648.4, 124.2, 5.193
[08:46:39] 648.2, 124.2, 5.196
[08:46:40] 653.4, 124.2, 5.353
[08:46:41] 668.9, 124.2, 5.339
[08:46:42] 668.4, 124.2, 5.332
[08:46:43] 667.9, 124.2, 5.337
[08:46:44] 662.8, 124.1, 5.330
[08:46:45] 663.2, 124.2, 5.331
[08:46:46] 663.3, 124.2, 5.324
[08:46:47] 663.3, 124.2, 5.345
[08:46:48] 663.6, 124.1, 5.239
[08:46:49] 650.0, 124.3, 5.195
[08:46:50] 649.5, 124.3, 5.197
[08:46:51] 649.2, 124.2, 5.197
[08:46:52] 648.9, 124.2, 5.190
[08:46:53] 699.1, 124.2, 5.225
[08:46:54] 689.8, 124.3, 5.190
[08:46:55] 646.1, 124.3, 5.188
[08:46:56] 646.1, 124.3, 5.192
[08:46:57] 646.0, 124.3, 5.186
[08:46:58] 693.0, 124.2, 5.222
[08:46:59] 692.6, 124.2, 5.194
[08:47:00] 646.1, 124.2, 5.186
[08:47:01] 646.0, 124.2, 5.195
[08:47:02] 646.0, 124.2, 5.188
[08:47:03] 690.0, 124.2, 5.218
[08:47:04] 690.1, 124.2, 5.189
[08:47:05] 645.7, 124.3, 5.184
[08:47:06] 645.7, 124.3, 5.192
[08:47:07] 645.7, 124.3, 5.187
[08:47:08] 685.9, 124.3, 5.214
[08:47:09] 686.5, 124.3, 5.193
[08:47:10] 644.9, 124.3, 5.185
[08:47:11] 645.0, 124.3, 5.188
[08:47:12] 645.1, 124.3, 5.192
[08:47:13] 678.2, 124.3, 5.218
[08:47:14] 691.2, 124.3, 5.192
[08:47:15] 646.1, 124.3, 5.189
[08:47:16] 646.0, 124.3, 5.182
[08:47:17] 645.9, 124.3, 5.194
[08:47:18] 646.3, 124.1, 5.671
[08:47:19] 756.1, 124.2, 5.195
[08:47:20] 645.9, 124.2, 5.188
[08:47:21] 645.8, 124.2, 5.182
[08:47:22] 645.7, 124.2, 5.191
[08:47:23] 645.7, 123.6, 7.766
[08:47:24] 830.5, 124.2, 5.191
[08:47:25] 645.9, 124.2, 5.195
[08:47:26] 645.7, 124.3, 5.187
[08:47:27] 645.7, 124.2, 5.191
[08:47:28] 645.7, 123.9, 5.734
[08:47:29] 809.3, 123.9, 7.010
[08:47:30] 803.6, 124.3, 5.197
[08:47:31] 646.1, 124.3, 5.187
[08:47:32] 646.0, 124.3, 5.185
[08:47:33] 646.0, 124.3, 5.192
[08:47:34] 645.9, 123.6, 7.878
[08:47:35] 913.0, 123.5, 7.925
[08:47:36] 893.7, 124.2, 5.197
[08:47:37] 646.3, 124.2, 5.193
[08:47:38] 646.3, 124.2, 5.194
[08:47:39] 646.2, 124.2, 5.189
[08:47:40] 646.1, 124.1, 5.184
[08:47:41] 786.3, 123.6, 7.924
[08:47:42] 980.3, 123.6, 7.924
[08:47:43] 980.4, 123.8, 7.264
[08:47:44] 823.5, 124.3, 5.205
[08:47:45] 647.1, 124.2, 5.196
[08:47:46] 647.0, 124.3, 5.194
[08:47:47] 646.9, 124.2, 5.195
[08:47:48] 646.8, 123.5, 7.727
[08:47:49] 871.1, 123.5, 7.925
[08:47:50] 980.7, 123.5, 7.929
[08:47:51] 980.8, 123.5, 7.948
[08:47:52] 981.1, 123.5, 7.943
[08:47:53] 981.4, 123.6, 7.949
[08:47:54] 968.7, 124.3, 5.252
[08:47:55] 698.3, 124.3, 5.207
[08:47:56] 647.9, 124.3, 5.201
[08:47:57] 647.7, 124.3, 5.194
[08:47:58] 647.6, 124.4, 5.191
[08:47:59] 706.0, 123.7, 7.917
[08:48:00] 980.5, 123.6, 7.934
[08:48:01] 980.6, 123.7, 7.943
[08:48:02] 980.9, 123.6, 7.945
[08:48:03] 981.3, 123.6, 7.951
[08:48:04] 981.7, 123.6, 7.957
[08:48:05] 982.1, 123.7, 7.957
[08:48:06] 982.5, 123.6, 7.963
[08:48:07] 982.9, 123.6, 7.967
[08:48:08] 983.3, 123.6, 7.964
[08:48:09] 983.6, 123.6, 7.972
[08:48:10] 925.2, 124.2, 5.216
[08:48:11] 649.5, 124.2, 5.212
[08:48:12] 649.3, 124.2, 5.204
[08:48:13] 649.0, 124.2, 5.200
[08:48:14] 648.8, 124.2, 5.200
