<<<[01:40:18] 647.1, 124.8, 5.162
[01:40:19] 646.8, 124.8, 5.191
[01:40:20] 646.6, 124.8, 5.434
[01:40:21] 672.3, 124.7, 5.394
[01:40:22] 671.8, 124.8, 5.298
[01:40:23] 664.8, 124.8, 5.402
[01:40:24] 665.2, 124.7, 5.314
[01:40:25] 665.5, 124.8, 5.435
[01:40:26] 672.1, 124.8, 5.292
[01:40:27] 664.8, 124.8, 5.365
[01:40:28] 665.1, 124.7, 5.336
[01:40:29] 665.3, 124.7, 5.411
[01:40:30] 673.5, 124.8, 5.332
[01:40:31] 666.6, 124.8, 5.333
[01:40:32] 666.5, 124.8, 5.393
[01:40:33] 666.6, 124.8, 5.322
[01:40:34] 666.4, 124.8, 5.422
[01:40:35] 672.7, 124.8, 5.305
[01:40:36] 665.0, 124.8, 5.378
[01:40:37] 665.4, 124.8, 5.303
[01:40:38] 665.5, 124.8, 5.413
[01:40:39] 673.3, 124.8, 5.353
[01:40:40] 673.1, 124.7, 5.329
[01:40:41] 665.8, 124.8, 5.421
[01:40:42] 666.2, 124.9, 5.312
[01:40:43] 666.2, 124.8, 5.329
[01:40:44] 666.2, 124.8, 5.389
[01:40:45] 666.4, 124.9, 5.382
[01:40:46] 672.9, 124.8, 5.312
[01:40:47] 664.2, 124.8, 5.432
[01:40:48] 672.9, 124.8, 5.296
[01:40:49] 665.4, 124.9, 5.334
[01:40:50] 665.4, 124.8, 5.371
[01:40:51] 665.5, 124.8, 5.299
[01:40:52] 665.7, 124.9, 5.331
[01:40:53] 665.6, 124.8, 5.374
[01:40:54] 665.8, 124.8, 5.281
[01:40:55] 665.7, 124.9, 5.339
[01:40:56] 665.8, 124.8, 5.417
[01:40:57] 672.9, 124.8, 5.342
[01:40:58] 672.5, 124.9, 5.323
[01:40:59] 665.0, 124.8, 5.368
[01:41:00] 665.2, 124.8, 5.296
[01:41:01] 665.1, 124.8, 5.350
[01:41:02] 665.2, 124.8, 5.297
[01:41:03] 665.4, 124.9, 5.336
[01:41:04] 665.5, 124.9, 5.303
[01:41:05] 665.2, 124.9, 5.322
[01:41:06] 664.9, 124.9, 5.285
[01:41:07] 665.2, 124.9, 5.308
[01:41:08] 664.7, 124.8, 5.350
[01:41:09] 664.4, 124.8, 5.319
[01:41:10] 664.0, 124.9, 5.364
[01:41:11] 670.7, 124.9, 5.305
[01:41:12] 661.3, 124.8, 5.319
[01:41:13] 661.6, 124.9, 5.349
[01:41:14] 661.8, 124.8, 5.403
[01:41:15] 662.4, 124.9, 5.318
[01:41:16] 662.4, 124.9, 5.309
[01:41:17] 662.7, 124.9, 5.312
[01:41:18] 663.0, 124.8, 5.368
[01:41:19] 669.5, 124.9, 5.369
[01:41:20] 669.2, 124.8, 5.354
[01:41:21] 660.7, 124.9, 5.350
[01:41:22] 660.8, 124.9, 5.288
[01:41:23] 660.9, 124.9, 5.313
[01:41:24] 661.2, 124.9, 5.310
[01:41:25] 661.4, 124.9, 5.298
[01:41:26] 661.3, 124.9, 5.308
[01:41:27] 661.8, 124.9, 5.318
[01:41:28] 662.1, 124.8, 5.316
[01:41:29] 662.2, 124.9, 5.298
[01:41:30] 662.0, 124.9, 5.299
[01:41:31] 662.3, 124.9, 5.293
[01:41:32] 662.1, 124.9, 5.353
[01:41:33] 662.0, 124.9, 5.317
[01:41:34] 662.0, 124.8, 5.379
[01:41:35] 670.1, 124.8, 5.391
[01:41:36] 670.2, 124.8, 5.384
[01:41:37] 670.1, 124.9, 5.343
[01:41:38] 669.9, 124.8, 5.295
[01:41:39] 661.5, 124.9, 5.294
[01:41:40] 661.6, 124.8, 5.296
[01:41:41] 661.4, 124.8, 5.293
[01:41:42] 662.0, 124.8, 5.288
[01:41:43] 661.9, 124.9, 5.286
[01:41:44] 661.8, 124.9, 5.291
[01:41:45] 661.6, 124.8, 5.357
[01:41:46] 662.2, 124.8, 5.295
[01:41:47] 662.5, 124.8, 5.292
[01:41:48] 662.2, 124.9, 5.287
[01:41:49] 662.1, 124.9, 5.305
[01:41:50] 662.0, 124.8, 5.286
[01:41:51] 662.1, 124.9, 5.286
[01:41:52] 662.0, 124.9, 5.298
[01:41:53] 661.9, 124.9, 5.303
[01:41:54] 662.1, 124.8, 5.376
[01:41:55] 669.9, 124.8, 5.380
[01:41:56] 669.7, 124.9, 5.301
[01:41:57] 661.3, 124.9, 5.325
[01:41:58] 661.4, 124.9, 5.295
[01:41:59] 661.3, 124.8, 5.386
[01:42:00] 661.8, 124.8, 5.297
[01:42:01] 661.7, 124.9, 5.367
[01:42:02] 661.8, 124.9, 5.327
[01:42:03] 661.7, 124.8, 5.380
[01:42:04] 668.2, 124.8, 5.300
[01:42:05] 667.5, 124.9, 5.305
[01:42:06] 662.4, 124.9, 5.282
[01:42:07] 662.0, 124.9, 5.286
[01:42:08] 662.2, 124.9, 5.300
[01:42:09] 662.0, 124.9, 5.289
[01:42:10] 662.0, 124.8, 5.284
[01:42:11] 661.7, 124.8, 5.284
[01:42:12] 661.9, 124.8, 5.382
[01:42:13] 670.9, 124.8, 5.386
[01:42:14] 670.8, 124.8, 5.376
[01:42:15] 670.4, 124.8, 5.376
[01:42:16] 670.2, 124.9, 5.354
[01:42:17] 669.9, 124.8, 5.362
[01:42:18] 669.8, 124.9, 5.355
[01:42:19] 669.7, 124.8, 5.304
[01:42:20] 662.3, 124.8, 5.300
[01:42:21] 662.1, 124.9, 5.303
[01:42:22] 662.0, 124.9, 5.298
[01:42:23] 661.8, 124.9, 5.302
[01:42:24] 661.7, 124.9, 5.305
[01:42:25] 661.7, 124.9, 5.193
[01:42:26] 646.5, 124.9, 5.156
[01:42:27] 646.0, 124.9, 5.155
[01:42:28] 645.5, 124.9, 5.155
[01:42:29] 645.2, 124.9, 5.154
[01:42:30] 644.9, 124.8, 5.955
[01:42:31] 737.4, 124.9, 5.150
[01:42:32] 642.2, 124.9, 5.153
[01:42:33] 642.1, 124.9, 5.147
[01:42:34] 642.1, 124.9, 5.148
[01:42:35] 642.1, 124.4, 7.118
[01:42:36] 755.4, 124.9, 5.151
[01:42:37] 642.4, 124.9, 5.150
[01:42:38] 642.3, 124.9, 5.146
[01:42:39] 642.3, 124.9, 5.144
[01:42:40] 642.2, 124.5, 6.530
[01:42:41] 781.9, 124.9, 5.227
[01:42:42] 704.4, 125.0, 5.149
[01:42:43] 642.6, 124.9, 5.151
[01:42:44] 642.5, 124.9, 5.148
[01:42:45] 642.5, 124.9, 5.146
[01:42:46] 660.7, 124.4, 7.162
[01:42:47] 890.8, 124.9, 5.230
[01:42:48] 705.4, 125.0, 5.138
[01:42:49] 642.0, 124.9, 5.142
[01:42:50] 641.9, 124.9, 5.149
[01:42:51] 642.0, 124.9, 5.139
[01:42:52] 667.0, 124.4, 7.166
[01:42:53] 892.0, 124.4, 7.175
[01:42:54] 892.0, 124.9, 5.170
[01:42:55] 661.5, 125.0, 5.148
[01:42:56] 642.8, 124.9, 5.149
[01:42:57] 642.7, 124.9, 5.142
[01:42:58] 642.6, 124.9, 5.147
[01:42:59] 683.7, 124.4, 7.166
[01:43:00] 892.0, 124.4, 7.174
[01:43:01] 892.1, 124.4, 7.174
[01:43:02] 892.3, 124.4, 7.183
[01:43:03] 885.9, 124.9, 5.161
[01:43:04] 659.5, 124.9, 5.151
[01:43:05] 643.0, 124.9, 5.140
[01:43:06] 642.9, 124.9, 5.153
[01:43:07] 642.9, 125.0, 5.143
[01:43:08] 716.6, 124.5, 7.163
[01:43:09] 892.8, 124.5, 7.176
[01:43:10] 892.8, 124.4, 7.186
[01:43:11] 893.0, 124.4, 7.189
[01:43:12] 893.2, 124.4, 7.192
[01:43:13] 893.4, 124.3, 7.187
[01:43:14] 893.6, 124.4, 7.194
[01:43:15] 893.9, 124.4, 7.177
[01:43:16] 820.5, 124.9, 5.163
[01:43:17] 644.1, 124.9, 5.151
[01:43:18] 643.9, 125.0, 5.159
[01:43:19] 643.9, 125.0, 5.146
[01:43:20] 643.7, 124.5, 6.615
[01:43:21] 786.3, 124.4, 7.182
[01:43:22] 893.7, 124.4, 7.195
[01:43:23] 893.7, 124.4, 7.184
[01:43:24] 893.9, 124.5, 7.188
[01:43:25] 894.0, 124.5, 7.192
[01:43:26] 894.3, 124.4, 7.201
[01:43:27] 894.5, 124.4, 7.196
[01:43:28] 894.7, 124.4, 7.208
[01:43:29] 894.9, 124.4, 7.198
[01:43:30] 895.1, 124.4, 7.197
[01:43:31] 895.3, 124.4, 7.210
[01:43:32] 895.5, 124.4, 7.206
[01:43:33] 895.7, 124.4, 7.215
[01:43:34] 895.9, 124.5, 7.211
[01:43:35] 896.0, 124.4, 7.201
[01:43:36] 866.8, 124.9, 5.173
[01:43:37] 645.5, 124.9, 5.157
[01:43:38] 645.3, 124.9, 5.168
[01:43:39] 645.1, 125.0, 5.149
<<<[01:45:49] 654.7, 125.0, 5.147
[01:45:50] 643.4, 125.0, 5.151
[01:45:51] 643.3, 124.9, 5.148
[01:45:52] 654.0, 124.9, 5.266
[01:45:53] 666.0, 124.9, 5.374
[01:45:54] 666.1, 124.9, 5.270
[01:45:55] 665.8, 124.9, 5.369
[01:45:56] 666.0, 125.0, 5.265
[01:45:57] 665.8, 124.9, 5.352
[01:45:58] 665.9, 124.9, 5.273
[01:45:59] 665.6, 124.9, 5.345
[01:46:00] 665.7, 124.9, 5.292
[01:46:01] 665.4, 124.9, 5.338
[01:46:02] 665.4, 124.9, 5.328
[01:46:03] 665.4, 124.9, 5.329
[01:46:04] 665.6, 124.9, 5.349
[01:46:05] 665.8, 124.9, 5.331
[01:46:06] 665.7, 124.9, 5.354
[01:46:07] 665.6, 124.9, 5.278
[01:46:08] 665.5, 124.9, 5.374
[01:46:09] 665.6, 125.0, 5.269
[01:46:10] 665.5, 124.9, 5.435
[01:46:11] 675.4, 124.9, 5.267
[01:46:12] 665.2, 124.8, 5.403
[01:46:13] 672.3, 124.9, 5.346
[01:46:14] 665.0, 124.9, 5.279
[01:46:15] 664.9, 124.9, 5.356
[01:46:16] 665.1, 124.9, 5.300
[01:46:17] 665.0, 124.9, 5.333
[01:46:18] 665.0, 124.9, 5.371
[01:46:19] 664.9, 124.9, 5.259
[01:46:20] 664.7, 124.9, 5.319
[01:46:21] 664.6, 124.9, 5.347
[01:46:22] 664.6, 124.9, 5.264
[01:46:23] 664.5, 125.0, 5.352
[01:46:24] 664.7, 125.0, 5.302
[01:46:25] 664.6, 125.0, 5.278
[01:46:26] 664.3, 124.9, 5.430
[01:46:27] 675.2, 125.0, 5.272
[01:46:28] 666.0, 124.9, 5.299
[01:46:29] 665.7, 124.8, 5.363
[01:46:30] 665.8, 124.9, 5.261
[01:46:31] 665.5, 125.0, 5.322
[01:46:32] 665.6, 125.0, 5.336
[01:46:33] 665.6, 124.9, 5.310
[01:46:34] 665.4, 124.9, 5.379
[01:46:35] 665.9, 124.9, 5.283
[01:46:36] 665.5, 125.0, 5.270
[01:46:37] 665.1, 125.0, 5.310
[01:46:38] 659.9, 124.9, 5.357
[01:46:39] 660.4, 124.9, 5.311
[01:46:40] 660.4, 124.9, 5.287
[01:46:41] 660.5, 125.0, 5.277
[01:46:42] 660.7, 125.0, 5.367
[01:46:43] 668.4, 125.0, 5.270
[01:46:44] 660.5, 124.9, 5.358
[01:46:45] 660.6, 124.9, 5.274
[01:46:46] 660.6, 125.0, 5.312
[01:46:47] 661.0, 125.0, 5.274
[01:46:48] 661.1, 125.0, 5.279
[01:46:49] 661.2, 125.0, 5.264
[01:46:50] 661.6, 125.0, 5.345
[01:46:51] 671.3, 125.0, 5.379
[01:46:52] 665.0, 125.0, 5.271
[01:46:53] 664.3, 125.0, 5.271
[01:46:54] 663.9, 125.1, 5.270
[01:46:55] 663.7, 125.1, 5.284
[01:46:56] 663.5, 125.1, 5.272
[01:46:57] 663.3, 125.0, 5.277
[01:46:58] 662.9, 125.0, 5.347
[01:46:59] 663.4, 125.0, 5.284
[01:47:00] 663.3, 124.9, 5.268
[01:47:01] 663.0, 125.0, 5.282
[01:47:02] 662.7, 124.9, 5.366
[01:47:03] 662.7, 124.9, 5.300
[01:47:04] 662.4, 124.9, 5.288
[01:47:05] 662.2, 125.0, 5.278
[01:47:06] 662.2, 125.0, 5.387
[01:47:07] 672.9, 125.0, 5.383
[01:47:08] 672.8, 125.0, 5.397
[01:47:09] 672.5, 125.0, 5.363
[01:47:10] 672.0, 125.0, 5.273
[01:47:11] 660.1, 125.0, 5.268
[01:47:12] 660.4, 124.9, 5.279
[01:47:13] 660.3, 125.0, 5.384
[01:47:14] 665.6, 125.0, 5.270
[01:47:15] 660.1, 125.0, 5.317
[01:47:16] 660.3, 124.9, 5.340
[01:47:17] 660.4, 124.9, 5.396
[01:47:18] 669.1, 125.0, 5.270
[01:47:19] 662.1, 125.0, 5.290
[01:47:20] 662.1, 125.1, 5.285
[01:47:21] 662.0, 125.0, 5.272
[01:47:22] 662.2, 125.0, 5.270
[01:47:23] 662.2, 125.0, 5.277
[01:47:24] 662.3, 125.0, 5.274
[01:47:25] 662.0, 125.0, 5.267
[01:47:26] 662.3, 124.9, 5.362
[01:47:27] 673.7, 125.0, 5.388
[01:47:28] 665.4, 125.0, 5.298
[01:47:29] 664.7, 125.1, 5.325
[01:47:30] 664.4, 125.0, 5.277
[01:47:31] 663.9, 125.0, 5.383
[01:47:32] 664.2, 125.0, 5.285
[01:47:33] 663.7, 125.0, 5.283
[01:47:34] 663.5, 125.0, 5.269
[01:47:35] 663.3, 124.9, 5.425
[01:47:36] 674.8, 125.0, 5.283
[01:47:37] 662.3, 125.0, 5.313
[01:47:38] 662.4, 125.0, 5.349
[01:47:39] 662.4, 125.0, 5.405
[01:47:40] 667.6, 124.9, 5.285
[01:47:41] 662.3, 124.9, 5.359
[01:47:42] 662.3, 124.9, 5.328
[01:47:43] 662.1, 125.0, 5.403
[01:47:44] 671.7, 125.0, 5.409
[01:47:45] 672.1, 125.0, 5.409
[01:47:46] 672.1, 124.9, 5.361
[01:47:47] 671.9, 124.9, 5.351
[01:47:48] 671.6, 124.9, 5.363
[01:47:49] 671.3, 125.0, 5.335
[01:47:50] 670.7, 125.0, 5.341
[01:47:51] 665.2, 124.9, 5.290
[01:47:52] 664.7, 124.9, 5.291
[01:47:53] 664.3, 125.0, 5.283
[01:47:54] 663.8, 125.0, 5.284
[01:47:55] 663.4, 124.9, 5.285
[01:47:56] 663.1, 124.9, 5.290
[01:47:57] 656.3, 125.0, 5.139
[01:47:58] 642.4, 125.0, 5.140
[01:47:59] 642.4, 124.9, 5.146
[01:48:00] 642.5, 125.0, 5.140
[01:48:01] 642.5, 125.0, 5.149
[01:48:02] 730.2, 124.9, 5.142
[01:48:03] 650.6, 125.0, 5.140
[01:48:04] 642.4, 125.0, 5.138
[01:48:05] 642.4, 125.0, 5.135
[01:48:06] 642.4, 125.0, 5.138
[01:48:07] 685.5, 125.0, 5.984
[01:48:08] 748.3, 125.1, 5.140
[01:48:09] 642.6, 125.0, 5.136
[01:48:10] 642.6, 125.0, 5.137
[01:48:11] 642.5, 125.0, 5.134
[01:48:12] 642.5, 124.5, 7.016
[01:48:13] 845.3, 125.1, 5.147
[01:48:14] 654.6, 125.0, 5.143
[01:48:15] 643.4, 125.0, 5.138
[01:48:16] 643.4, 124.9, 5.138
[01:48:17] 643.4, 125.0, 5.137
[01:48:18] 691.2, 124.5, 7.039
[01:48:19] 876.8, 124.9, 5.928
[01:48:20] 742.8, 125.0, 5.147
[01:48:21] 643.0, 125.0, 5.141
[01:48:22] 643.0, 124.9, 5.147
[01:48:23] 642.9, 125.0, 5.137
[01:48:24] 642.9, 124.6, 7.029
[01:48:25] 856.7, 124.5, 7.043
[01:48:26] 878.4, 124.6, 7.057
[01:48:27] 849.1, 125.0, 5.150
[01:48:28] 644.3, 125.0, 5.143
[01:48:29] 644.1, 125.0, 5.145
[01:48:30] 643.9, 125.0, 5.141
[01:48:31] 643.8, 125.0, 5.139
[01:48:32] 722.5, 124.6, 7.043
[01:48:33] 878.0, 124.6, 7.051
[01:48:34] 878.1, 124.6, 7.058
[01:48:35] 878.3, 124.5, 7.058
[01:48:36] 878.5, 124.6, 7.059
[01:48:37] 878.9, 125.0, 5.162
[01:48:38] 663.2, 125.0, 5.154
[01:48:39] 643.9, 125.1, 5.147
[01:48:40] 643.9, 125.1, 5.144
[01:48:41] 643.8, 125.0, 5.145
[01:48:42] 686.9, 124.6, 7.041
[01:48:43] 878.4, 124.6, 7.062
[01:48:44] 878.5, 124.6, 7.057
[01:48:45] 878.8, 124.6, 7.066
[01:48:46] 879.0, 124.6, 7.068
[01:48:47] 879.2, 124.6, 7.065
[01:48:48] 879.5, 124.6, 7.068
[01:48:49] 879.7, 124.6, 7.070
[01:48:50] 880.0, 124.5, 7.076
[01:48:51] 880.2, 124.5, 7.069
[01:48:52] 880.4, 125.1, 5.182
[01:48:53] 675.0, 125.1, 5.157
[01:48:54] 645.3, 125.0, 5.151
[01:48:55] 645.2, 125.1, 5.149
[01:48:56] 645.0, 125.1, 5.148
