<<<[06:43:14] 659.0, 124.9, 5.244
[06:43:15] 653.0, 124.8, 5.174
[06:43:16] 645.9, 124.8, 5.307
[06:43:17] 661.5, 124.8, 5.355
[06:43:18] 666.6, 124.7, 5.318
[06:43:19] 666.4, 124.8, 5.325
[06:43:20] 666.3, 124.8, 5.314
[06:43:21] 666.2, 124.8, 5.325
[06:43:22] 666.5, 124.8, 5.322
[06:43:23] 666.4, 124.7, 5.424
[06:43:24] 672.3, 124.8, 5.208
[06:43:25] 649.3, 124.8, 5.174
[06:43:26] 648.9, 124.8, 5.175
[06:43:27] 648.6, 124.9, 5.179
[06:43:28] 648.4, 124.8, 5.169
[06:43:29] 648.7, 124.8, 5.563
[06:43:30] 738.6, 124.8, 5.166
[06:43:31] 645.9, 124.8, 5.163
[06:43:32] 645.8, 124.9, 5.170
[06:43:33] 645.8, 124.7, 5.168
[06:43:34] 645.9, 124.8, 5.584
[06:43:35] 740.0, 124.8, 5.170
[06:43:36] 645.9, 124.8, 5.165
[06:43:37] 645.9, 124.9, 5.169
[06:43:38] 645.8, 124.8, 5.166
[06:43:39] 645.8, 124.8, 5.610
[06:43:40] 740.0, 124.8, 5.173
[06:43:41] 645.9, 124.9, 5.162
[06:43:42] 645.9, 124.8, 5.166
[06:43:43] 645.8, 124.8, 5.168
[06:43:44] 645.8, 124.9, 5.629
[06:43:45] 736.1, 124.8, 5.172
[06:43:46] 645.9, 124.9, 5.167
[06:43:47] 645.8, 124.9, 5.162
[06:43:48] 645.8, 124.9, 5.165
[06:43:49] 645.7, 124.8, 5.664
[06:43:50] 730.0, 124.9, 5.166
[06:43:51] 645.7, 124.9, 5.168
[06:43:52] 645.6, 124.9, 5.158
[06:43:53] 645.6, 124.8, 5.186
[06:43:54] 645.7, 124.3, 7.213
[06:43:55] 767.8, 124.9, 5.165
[06:43:56] 645.9, 124.8, 5.166
[06:43:57] 645.8, 124.9, 5.160
[06:43:58] 645.8, 124.9, 5.165
[06:43:59] 645.7, 124.1, 7.787
[06:44:00] 840.8, 124.9, 5.168
[06:44:01] 647.7, 124.9, 5.173
[06:44:02] 647.4, 124.8, 5.163
[06:44:03] 647.1, 124.8, 5.165
[06:44:04] 647.0, 124.9, 5.170
[06:44:05] 761.5, 124.3, 7.221
[06:44:06] 830.2, 124.8, 5.170
[06:44:07] 646.1, 124.9, 5.167
[06:44:08] 646.0, 124.9, 5.166
[06:44:09] 646.0, 124.8, 5.170
[06:44:10] 646.0, 124.1, 7.851
[06:44:11] 885.5, 124.2, 8.050
[06:44:12] 913.0, 124.9, 5.180
[06:44:13] 647.1, 124.8, 5.166
[06:44:14] 647.0, 124.9, 5.169
[06:44:15] 646.8, 124.9, 5.167
[06:44:16] 646.7, 124.9, 5.163
[06:44:17] 780.9, 124.2, 8.036
[06:44:18] 999.8, 124.2, 8.058
[06:44:19] 1000.0, 124.8, 5.879
[06:44:20] 773.5, 124.8, 5.180
[06:44:21] 647.3, 124.8, 5.177
[06:44:22] 647.2, 124.8, 5.171
[06:44:23] 647.1, 124.9, 5.172
[06:44:24] 647.0, 124.0, 8.000
[06:44:25] 927.2, 124.0, 8.054
[06:44:26] 1001.6, 124.0, 8.059
[06:44:27] 1001.7, 124.1, 8.082
[06:44:28] 1002.1, 124.1, 8.088
[06:44:29] 1002.5, 124.3, 7.363
[06:44:30] 845.7, 124.8, 5.188
[06:44:31] 648.5, 124.7, 5.183
[06:44:32] 648.3, 124.8, 5.178
[06:44:33] 648.2, 124.8, 5.176
[06:44:34] 648.0, 124.1, 7.640
[06:44:35] 865.0, 124.0, 8.063
[06:44:36] 1002.0, 124.0, 8.079
[06:44:37] 1002.2, 124.0, 8.090
[06:44:38] 1002.5, 124.0, 8.094
[06:44:39] 1003.0, 124.1, 8.100
[06:44:40] 1003.5, 124.1, 8.096
[06:44:41] 1003.9, 124.1, 8.098
[06:44:42] 1004.3, 124.1, 8.102
[06:44:43] 1004.8, 124.2, 8.104
[06:44:44] 1005.2, 124.1, 8.106
[06:44:45] 915.6, 124.9, 5.201
[06:44:46] 650.6, 124.9, 5.188
[06:44:47] 650.4, 124.9, 5.194
[06:44:48] 650.1, 124.8, 5.176
