<<<[21:54:58] 634.4, 123.6, 5.119
[21:54:59] 634.3, 123.6, 5.120
[21:55:00] 634.2, 123.6, 5.268
[21:55:01] 645.3, 123.6, 5.139
[21:55:02] 638.8, 123.6, 5.115
[21:55:03] 633.1, 123.6, 5.117
[21:55:04] 633.1, 123.6, 5.117
[21:55:05] 633.1, 123.5, 5.122
[21:55:06] 633.1, 123.0, 7.036
[21:55:07] 729.4, 123.5, 5.117
[21:55:08] 632.9, 123.5, 5.124
[21:55:09] 632.9, 123.6, 5.126
[21:55:10] 633.0, 123.6, 5.124
[21:55:11] 633.1, 123.1, 7.036
[21:55:12] 728.6, 123.5, 5.106
[21:55:13] 631.5, 123.5, 5.102
[21:55:14] 631.4, 123.5, 5.101
[21:55:15] 631.4, 123.6, 5.128
[21:55:16] 631.5, 123.1, 7.017
[21:55:17] 727.0, 123.5, 5.108
[21:55:18] 631.9, 123.5, 5.107
[21:55:19] 631.8, 123.5, 5.124
[21:55:20] 632.1, 123.5, 5.127
[21:55:21] 632.3, 123.1, 7.036
[21:55:22] 729.8, 123.6, 5.126
[21:55:23] 634.5, 123.6, 5.128
[21:55:24] 634.5, 123.5, 5.123
[21:55:25] 634.4, 123.5, 5.125
[21:55:26] 634.2, 123.0, 7.023
[21:55:27] 728.0, 123.5, 5.124
[21:55:28] 633.7, 123.5, 5.121
[21:55:29] 633.6, 123.5, 5.125
[21:55:30] 633.6, 123.5, 5.119
[21:55:31] 633.6, 123.1, 7.020
[21:55:32] 728.4, 123.5, 5.132
[21:55:33] 634.9, 123.5, 5.133
[21:55:34] 634.8, 123.4, 5.131
[21:55:35] 634.8, 123.4, 5.136
[21:55:36] 634.8, 123.0, 7.008
[21:55:37] 727.0, 123.5, 5.123
[21:55:38] 633.7, 123.6, 5.119
[21:55:39] 633.6, 123.5, 5.142
[21:55:40] 633.7, 123.5, 5.140
[21:55:41] 633.7, 123.1, 6.982
[21:55:42] 724.1, 123.5, 5.130
[21:55:43] 634.1, 123.6, 5.114
[21:55:44] 633.9, 123.6, 5.122
[21:55:45] 633.8, 123.5, 5.128
[21:55:46] 633.9, 123.1, 6.970
[21:55:47] 722.7, 123.5, 5.124
[21:55:48] 634.5, 123.5, 5.116
[21:55:49] 634.3, 123.5, 5.111
[21:55:50] 634.1, 123.5, 5.110
[21:55:51] 633.9, 123.1, 6.929
[21:55:52] 715.4, 123.6, 5.112
[21:55:53] 632.7, 123.5, 5.112
[21:55:54] 632.7, 123.5, 5.117
[21:55:55] 632.7, 123.5, 5.116
[21:55:56] 632.7, 123.0, 6.699
[21:55:57] 753.4, 123.5, 5.132
[21:55:58] 633.9, 123.5, 5.127
[21:55:59] 633.9, 123.5, 5.150
[21:56:00] 634.1, 123.5, 5.141
[21:56:01] 634.1, 123.5, 5.137
[21:56:02] 752.4, 123.5, 5.132
[21:56:03] 660.9, 123.5, 5.117
[21:56:04] 633.3, 123.5, 5.112
[21:56:05] 633.2, 123.5, 5.115
[21:56:06] 633.1, 123.5, 5.115
[21:56:07] 688.6, 123.1, 6.969
[21:56:08] 778.6, 123.5, 5.128
[21:56:09] 634.3, 123.6, 5.125
[21:56:10] 634.3, 123.5, 5.124
[21:56:11] 634.2, 123.5, 5.125
[21:56:12] 634.2, 122.8, 7.504
[21:56:13] 846.1, 123.2, 7.002
[21:56:14] 777.8, 123.5, 5.120
[21:56:15] 633.7, 123.5, 5.123
[21:56:16] 633.6, 123.5, 5.119
[21:56:17] 633.6, 123.5, 5.117
[21:56:18] 633.5, 122.9, 7.532
[21:56:19] 855.4, 122.9, 7.641
[21:56:20] 941.4, 123.2, 7.045
[21:56:21] 777.8, 123.5, 5.143
[21:56:22] 636.1, 123.6, 5.137
[21:56:23] 636.0, 123.5, 5.133
[21:56:24] 635.9, 123.6, 5.124
[21:56:25] 635.6, 123.0, 7.577
[21:56:26] 876.6, 123.0, 7.647
[21:56:27] 942.4, 122.9, 7.665
[21:56:28] 942.6, 122.9, 7.675
[21:56:29] 943.0, 123.5, 5.350
[21:56:30] 721.1, 123.5, 5.136
[21:56:31] 635.9, 123.5, 5.130
[21:56:32] 635.7, 123.5, 5.135
[21:56:33] 635.7, 123.6, 5.134
[21:56:34] 635.6, 122.9, 7.636
[21:56:35] 920.3, 122.9, 7.661
[21:56:36] 944.9, 122.8, 7.681
[21:56:37] 945.0, 122.9, 7.685
[21:56:38] 945.2, 123.0, 7.684
[21:56:39] 945.4, 123.0, 7.692
[21:56:40] 945.7, 123.0, 7.702
[21:56:41] 946.0, 122.9, 7.708
[21:56:42] 937.0, 123.6, 5.180
[21:56:43] 669.5, 123.5, 5.148
[21:56:44] 636.9, 123.6, 5.149
[21:56:45] 636.8, 123.6, 5.153
[21:56:46] 636.8, 123.5, 5.139
[21:56:47] 697.3, 122.9, 7.669
[21:56:48] 944.9, 122.9, 7.681
[21:56:49] 945.1, 122.9, 7.685
[21:56:50] 945.3, 122.9, 7.694
[21:56:51] 945.6, 123.0, 7.700
[21:56:52] 946.0, 123.0, 7.707
[21:56:53] 946.4, 122.9, 7.714
[21:56:54] 946.8, 122.9, 7.719
[21:56:55] 947.3, 122.9, 7.709
[21:56:56] 947.7, 122.8, 7.725
[21:56:57] 948.1, 122.8, 7.732
[21:56:58] 948.6, 122.9, 7.736
[21:56:59] 949.1, 122.8, 7.738
[21:57:00] 949.5, 122.8, 7.731
[21:57:01] 949.9, 122.8, 7.728
[21:57:02] 950.0, 123.4, 5.283
[21:57:03] 717.8, 123.4, 5.164
[21:57:04] 638.6, 123.5, 5.151
[21:57:05] 638.4, 123.4, 5.151
[21:57:06] 638.2, 123.5, 5.147
