<<<[21:46:08] 647.3, 123.5, 5.245
[21:46:09] 647.3, 123.5, 5.244
[21:46:10] 647.2, 123.5, 5.408
[21:46:11] 662.4, 123.5, 5.330
[21:46:12] 656.0, 123.6, 5.235
[21:46:13] 646.5, 123.6, 5.233
[21:46:14] 646.4, 123.5, 5.225
[21:46:15] 646.4, 123.6, 5.236
[21:46:16] 646.4, 123.2, 6.846
[21:46:17] 742.0, 123.5, 5.241
[21:46:18] 647.1, 123.6, 5.227
[21:46:19] 647.0, 123.6, 5.236
[21:46:20] 647.0, 123.5, 5.237
[21:46:21] 647.0, 123.1, 6.635
[21:46:22] 735.1, 123.5, 5.223
[21:46:23] 645.9, 123.5, 5.228
[21:46:24] 645.8, 123.5, 5.225
[21:46:25] 645.7, 123.5, 5.229
[21:46:26] 645.7, 123.1, 6.539
[21:46:27] 733.7, 123.5, 5.232
[21:46:28] 645.9, 123.4, 5.238
[21:46:29] 646.0, 123.4, 5.239
[21:46:30] 646.1, 123.5, 5.234
[21:46:31] 646.2, 123.2, 6.427
[21:46:32] 733.5, 123.5, 5.239
[21:46:33] 647.1, 123.5, 5.230
[21:46:34] 646.9, 123.5, 5.224
[21:46:35] 646.8, 123.5, 5.226
[21:46:36] 646.6, 123.2, 6.202
[21:46:37] 729.0, 123.6, 5.223
[21:46:38] 645.3, 123.5, 5.217
[21:46:39] 645.3, 123.6, 5.227
[21:46:40] 645.3, 123.5, 5.234
[21:46:41] 645.4, 123.2, 5.668
[21:46:42] 724.5, 123.5, 5.232
[21:46:43] 646.9, 123.6, 5.236
[21:46:44] 646.9, 123.6, 5.233
[21:46:45] 646.8, 123.6, 5.226
[21:46:46] 646.7, 123.5, 5.221
[21:46:47] 753.6, 123.4, 5.231
[21:46:48] 652.8, 123.6, 5.223
[21:46:49] 645.5, 123.5, 5.223
[21:46:50] 645.5, 123.5, 5.220
[21:46:51] 645.4, 123.5, 5.227
[21:46:52] 729.6, 123.6, 5.299
[21:46:53] 704.8, 123.5, 5.235
[21:46:54] 646.7, 123.5, 5.233
[21:46:55] 646.6, 123.5, 5.234
[21:46:56] 646.7, 123.6, 5.229
[21:46:57] 677.0, 123.1, 7.250
[21:46:58] 809.7, 123.6, 5.221
[21:46:59] 645.9, 123.6, 5.223
[21:47:00] 645.8, 123.5, 5.220
[21:47:01] 645.7, 123.5, 5.220
[21:47:02] 645.7, 122.9, 7.282
[21:47:03] 830.2, 123.3, 6.213
[21:47:04] 760.3, 123.5, 5.240
[21:47:05] 647.3, 123.4, 5.238
[21:47:06] 647.2, 123.5, 5.234
[21:47:07] 647.2, 123.5, 5.237
[21:47:08] 647.1, 122.9, 7.401
[21:47:09] 879.6, 122.9, 7.418
[21:47:10] 909.3, 123.4, 5.242
[21:47:11] 661.7, 123.4, 5.259
[21:47:12] 647.9, 123.4, 5.253
[21:47:13] 647.8, 123.5, 5.251
[21:47:14] 647.7, 123.6, 5.222
[21:47:15] 708.9, 122.9, 7.409
[21:47:16] 912.4, 123.0, 7.439
[21:47:17] 912.8, 123.0, 7.444
[21:47:18] 913.3, 123.6, 5.356
[21:47:19] 717.0, 123.5, 5.249
[21:47:20] 649.1, 123.6, 5.243
[21:47:21] 648.9, 123.5, 5.232
[21:47:22] 648.7, 123.5, 5.223
[21:47:23] 648.4, 122.9, 7.401
[21:47:24] 903.4, 123.0, 7.428
[21:47:25] 914.6, 123.0, 7.435
[21:47:26] 914.7, 123.1, 7.439
[21:47:27] 914.9, 123.0, 7.451
[21:47:28] 915.2, 123.0, 7.464
[21:47:29] 915.7, 123.0, 7.469
[21:47:30] 881.7, 123.5, 5.263
[21:47:31] 650.6, 123.5, 5.252
[21:47:32] 650.4, 123.5, 5.247
[21:47:33] 650.3, 123.5, 5.263
[21:47:34] 650.1, 123.5, 5.228
[21:47:35] 762.2, 122.9, 7.432
[21:47:36] 914.8, 122.9, 7.439
[21:47:37] 914.9, 123.0, 7.452
[21:47:38] 915.1, 122.9, 7.455
[21:47:39] 915.5, 123.0, 7.462
[21:47:40] 915.9, 122.9, 7.480
[21:47:41] 916.4, 123.0, 7.481
[21:47:42] 921.5, 123.0, 7.476
[21:47:43] 921.5, 123.0, 7.483
[21:47:44] 921.5, 122.9, 7.480
[21:47:45] 921.5, 122.9, 7.475
[21:47:46] 921.4, 122.9, 7.482
[21:47:47] 921.3, 123.0, 7.476
[21:47:48] 821.9, 123.5, 5.364
[21:47:49] 662.4, 123.6, 5.246
[21:47:50] 648.9, 123.6, 5.241
[21:47:51] 648.8, 123.5, 5.241
<<<[21:48:07] 657.6, 123.5, 5.232
[21:48:08] 647.7, 123.6, 5.238
[21:48:09] 647.8, 123.6, 5.302
[21:48:10] 661.5, 123.4, 5.398
[21:48:11] 662.0, 123.5, 5.229
[21:48:12] 647.5, 123.6, 5.234
[21:48:13] 647.5, 123.6, 5.229
[21:48:14] 647.5, 123.5, 5.225
[21:48:15] 647.3, 123.5, 5.224
[21:48:16] 708.7, 123.6, 5.245
[21:48:17] 679.4, 123.5, 5.233
[21:48:18] 646.9, 123.5, 5.231
[21:48:19] 646.9, 123.6, 5.233
[21:48:20] 647.0, 123.6, 5.235
[21:48:21] 703.0, 123.5, 5.240
[21:48:22] 680.2, 123.6, 5.223
[21:48:23] 645.9, 123.6, 5.223
[21:48:24] 645.8, 123.5, 5.223
[21:48:25] 645.8, 123.5, 5.220
[21:48:26] 700.6, 123.6, 5.250
[21:48:27] 681.5, 123.5, 5.224
[21:48:28] 645.7, 123.5, 5.236
[21:48:29] 645.8, 123.6, 5.235
[21:48:30] 646.0, 123.6, 5.233
[21:48:31] 697.9, 123.5, 5.255
[21:48:32] 683.9, 123.4, 5.236
[21:48:33] 646.9, 123.6, 5.221
[21:48:34] 646.7, 123.6, 5.220
[21:48:35] 646.5, 123.5, 5.219
[21:48:36] 692.0, 123.5, 5.248
[21:48:37] 683.5, 123.6, 5.221
[21:48:38] 645.7, 123.6, 5.220
[21:48:39] 645.6, 123.5, 5.220
[21:48:40] 645.6, 123.5, 5.231
[21:48:41] 685.3, 123.6, 5.255
[21:48:42] 685.3, 123.5, 5.232
[21:48:43] 648.1, 123.5, 5.232
[21:48:44] 648.0, 123.6, 5.233
[21:48:45] 648.0, 123.5, 5.221
[21:48:46] 672.3, 123.5, 5.563
[21:48:47] 734.7, 123.6, 5.214
[21:48:48] 645.7, 123.7, 5.216
[21:48:49] 645.6, 123.7, 5.215
[21:48:50] 645.6, 123.6, 5.214
[21:48:51] 645.6, 123.2, 7.220
[21:48:52] 786.1, 123.6, 5.231
[21:48:53] 646.5, 123.6, 5.227
[21:48:54] 646.5, 123.6, 5.230
[21:48:55] 646.5, 123.6, 5.229
[21:48:56] 646.5, 123.1, 7.350
[21:48:57] 839.0, 123.6, 5.226
[21:48:58] 645.7, 123.6, 5.220
[21:48:59] 645.6, 123.6, 5.217
[21:49:00] 645.6, 123.5, 5.216
[21:49:01] 645.5, 123.6, 5.218
[21:49:02] 739.0, 123.0, 7.313
[21:49:03] 847.1, 123.5, 5.232
[21:49:04] 646.7, 123.5, 5.237
[21:49:05] 646.7, 123.5, 5.233
[21:49:06] 646.7, 123.5, 5.234
[21:49:07] 646.7, 123.1, 6.371
[21:49:08] 787.2, 122.9, 7.415
[21:49:09] 912.0, 123.4, 5.726
[21:49:10] 745.9, 123.4, 5.231
[21:49:11] 646.5, 123.4, 5.229
[21:49:12] 646.5, 123.4, 5.228
[21:49:13] 646.6, 123.5, 5.222
[21:49:14] 646.6, 123.0, 7.382
[21:49:15] 882.1, 122.9, 7.411
[21:49:16] 912.2, 122.9, 7.436
[21:49:17] 912.5, 123.0, 7.300
[21:49:18] 805.4, 123.5, 5.253
[21:49:19] 648.9, 123.5, 5.243
[21:49:20] 648.8, 123.5, 5.242
[21:49:21] 648.5, 123.5, 5.226
[21:49:22] 648.2, 123.0, 7.065
[21:49:23] 809.3, 122.9, 7.411
[21:49:24] 912.6, 122.9, 7.428
[21:49:25] 912.7, 122.9, 7.428
[21:49:26] 913.0, 122.9, 7.438
[21:49:27] 913.3, 122.9, 7.448
[21:49:28] 913.7, 122.9, 7.448
[21:49:29] 913.9, 123.5, 5.312
[21:49:30] 703.8, 123.5, 5.255
[21:49:31] 649.3, 123.5, 5.247
[21:49:32] 649.2, 123.5, 5.242
[21:49:33] 649.0, 123.4, 5.227
[21:49:34] 667.4, 123.0, 7.401
[21:49:35] 911.6, 123.0, 7.420
[21:49:36] 911.8, 123.0, 7.427
[21:49:37] 912.2, 123.0, 7.433
[21:49:38] 912.5, 123.0, 7.440
[21:49:39] 913.0, 122.9, 7.437
[21:49:40] 913.4, 122.9, 7.464
[21:49:41] 914.1, 122.9, 7.464
[21:49:42] 914.7, 123.0, 7.471
[21:49:43] 919.9, 123.0, 7.473
[21:49:44] 919.8, 123.0, 7.475
[21:49:45] 919.8, 122.9, 7.465
[21:49:46] 919.7, 123.0, 7.462
[21:49:47] 913.2, 123.5, 5.263
[21:49:48] 650.0, 123.5, 5.248
