<<<[03:14:20] 634.2, 124.9, 5.067
[03:14:21] 634.0, 124.9, 5.066
[03:14:22] 633.8, 124.9, 5.229
[03:14:23] 648.1, 124.9, 5.221
[03:14:24] 648.6, 125.0, 5.068
[03:14:25] 634.5, 124.9, 5.070
[03:14:26] 634.3, 125.0, 5.063
[03:14:27] 634.0, 124.7, 6.199
[03:14:28] 728.0, 125.0, 5.069
[03:14:29] 632.1, 125.0, 5.062
[03:14:30] 632.1, 125.0, 5.057
[03:14:31] 632.1, 124.9, 5.066
[03:14:32] 632.0, 124.6, 6.066
[03:14:33] 726.0, 124.9, 5.066
[03:14:34] 632.3, 124.9, 5.064
[03:14:35] 632.3, 124.9, 5.078
[03:14:36] 632.4, 124.9, 5.078
[03:14:37] 632.5, 124.6, 6.037
[03:14:38] 726.2, 125.0, 5.060
[03:14:39] 632.3, 125.0, 5.052
[03:14:40] 632.2, 125.0, 5.056
[03:14:41] 632.2, 125.0, 5.052
[03:14:42] 632.2, 124.7, 5.971
[03:14:43] 725.8, 125.0, 5.056
[03:14:44] 632.1, 125.0, 5.050
[03:14:45] 632.1, 124.9, 5.051
[03:14:46] 632.0, 124.9, 5.059
[03:14:47] 632.0, 124.7, 5.890
[03:14:48] 724.8, 125.0, 5.056
[03:14:49] 632.3, 125.0, 5.081
[03:14:50] 632.4, 125.0, 5.058
[03:14:51] 632.3, 124.9, 5.078
[03:14:52] 632.4, 124.6, 5.817
[03:14:53] 724.7, 124.9, 5.054
[03:14:54] 632.7, 124.9, 5.063
[03:14:55] 632.6, 124.9, 5.051
[03:14:56] 632.5, 125.0, 5.058
[03:14:57] 632.4, 124.7, 5.651
[03:14:58] 722.7, 125.0, 5.066
[03:14:59] 632.3, 125.0, 5.051
[03:15:00] 632.2, 125.0, 5.054
[03:15:01] 632.2, 125.0, 5.049
[03:15:02] 632.2, 124.8, 5.396
[03:15:03] 720.5, 125.0, 5.057
[03:15:04] 632.9, 124.9, 5.060
[03:15:05] 632.7, 125.0, 5.052
[03:15:06] 632.6, 125.0, 5.055
[03:15:07] 632.5, 125.0, 5.067
[03:15:08] 715.0, 125.0, 5.053
[03:15:09] 632.1, 125.0, 5.053
[03:15:10] 632.0, 125.0, 5.060
[03:15:11] 632.0, 125.0, 5.050
[03:15:12] 632.0, 125.0, 5.050
[03:15:13] 705.6, 125.0, 5.052
[03:15:14] 631.7, 124.9, 5.055
[03:15:15] 631.7, 124.9, 5.052
[03:15:16] 631.7, 124.9, 5.053
[03:15:17] 631.8, 125.0, 5.048
[03:15:18] 714.6, 125.0, 5.069
[03:15:19] 652.4, 125.0, 5.053
[03:15:20] 632.1, 124.9, 5.054
[03:15:21] 632.0, 125.0, 5.048
[03:15:22] 632.0, 124.9, 5.061
[03:15:23] 668.0, 124.8, 6.454
[03:15:24] 757.9, 125.0, 5.059
[03:15:25] 632.7, 124.9, 5.055
[03:15:26] 632.6, 124.9, 5.058
[03:15:27] 632.5, 124.9, 5.055
[03:15:28] 632.5, 124.5, 7.215
[03:15:29] 839.8, 125.0, 5.189
[03:15:30] 704.8, 125.0, 5.067
[03:15:31] 632.9, 124.9, 5.055
[03:15:32] 632.8, 124.9, 5.064
[03:15:33] 632.8, 124.9, 5.055
[03:15:34] 643.9, 124.3, 7.265
[03:15:35] 905.2, 124.4, 7.117
[03:15:36] 816.0, 124.8, 5.072
[03:15:37] 634.1, 124.9, 5.065
[03:15:38] 634.0, 125.0, 5.069
[03:15:39] 633.9, 125.0, 5.057
[03:15:40] 633.7, 124.5, 6.806
[03:15:41] 793.9, 124.5, 7.273
[03:15:42] 906.7, 124.4, 7.284
[03:15:43] 906.8, 124.8, 6.635
[03:15:44] 765.6, 125.0, 5.069
[03:15:45] 634.3, 124.9, 5.070
[03:15:46] 634.2, 124.9, 5.068
[03:15:47] 634.2, 124.9, 5.121
[03:15:48] 640.0, 124.3, 7.212
[03:15:49] 831.1, 124.4, 7.329
[03:15:50] 913.0, 124.5, 7.335
[03:15:51] 913.1, 124.5, 7.340
[03:15:52] 913.3, 124.3, 7.352
[03:15:53] 913.7, 124.4, 7.354
[03:15:54] 914.0, 124.9, 5.289
[03:15:55] 718.7, 125.0, 5.127
[03:15:56] 641.4, 125.0, 5.123
[03:15:57] 641.2, 125.0, 5.114
[03:15:58] 641.1, 124.9, 5.121
[03:15:59] 640.8, 124.5, 7.310
[03:16:00] 895.5, 124.4, 7.335
[03:16:01] 913.8, 124.4, 7.345
[03:16:02] 913.9, 124.4, 7.353
[03:16:03] 914.2, 124.4, 7.358
[03:16:04] 914.5, 124.3, 7.365
[03:16:05] 914.9, 124.3, 7.368
[03:16:06] 915.3, 124.4, 7.369
[03:16:07] 915.6, 124.4, 7.370
[03:16:08] 916.0, 124.4, 7.378
[03:16:09] 916.3, 124.5, 7.375
[03:16:10] 916.6, 124.4, 7.385
[03:16:11] 810.1, 124.9, 5.140
[03:16:12] 643.0, 124.9, 5.128
[03:16:13] 642.8, 125.0, 5.121
[03:16:14] 642.5, 125.0, 5.125
