<<<[07:19:31] 647.3, 125.0, 5.162
[07:19:32] 647.2, 125.0, 5.172
[07:19:33] 647.2, 125.0, 5.316
[07:19:34] 662.3, 125.0, 5.309
[07:19:35] 662.7, 125.0, 5.302
[07:19:36] 663.1, 125.0, 5.314
[07:19:37] 663.6, 125.0, 5.344
[07:19:38] 663.8, 125.0, 5.214
[07:19:39] 658.1, 125.0, 5.210
[07:19:40] 652.4, 125.0, 5.173
[07:19:41] 647.3, 125.0, 5.170
[07:19:42] 647.2, 125.1, 5.168
[07:19:43] 647.2, 124.6, 7.082
[07:19:44] 743.9, 125.0, 5.171
[07:19:45] 647.1, 125.1, 5.169
[07:19:46] 647.1, 124.9, 5.164
[07:19:47] 647.0, 124.9, 5.170
[07:19:48] 647.0, 124.6, 7.073
[07:19:49] 739.6, 125.1, 5.168
[07:19:50] 646.9, 125.1, 5.165
[07:19:51] 646.8, 125.0, 5.173
[07:19:52] 646.9, 125.0, 5.194
[07:19:53] 647.0, 124.6, 7.066
[07:19:54] 739.2, 125.0, 5.173
[07:19:55] 647.5, 125.0, 5.173
[07:19:56] 647.4, 125.0, 5.169
[07:19:57] 647.3, 125.0, 5.166
[07:19:58] 647.2, 124.6, 7.053
[07:19:59] 737.8, 125.1, 5.167
[07:20:00] 647.1, 125.1, 5.170
[07:20:01] 647.0, 125.0, 5.164
[07:20:02] 647.0, 125.0, 5.163
[07:20:03] 646.9, 124.5, 7.064
[07:20:04] 737.4, 125.0, 5.165
[07:20:05] 646.9, 125.1, 5.164
[07:20:06] 646.9, 124.9, 5.173
[07:20:07] 646.8, 125.0, 5.162
[07:20:08] 646.7, 124.5, 7.046
[07:20:09] 735.9, 125.0, 5.171
[07:20:10] 646.9, 125.0, 5.162
[07:20:11] 646.8, 125.1, 5.167
[07:20:12] 646.7, 125.0, 5.161
[07:20:13] 646.8, 124.5, 7.033
[07:20:14] 732.3, 125.0, 5.164
[07:20:15] 646.1, 125.0, 5.166
[07:20:16] 646.2, 125.1, 5.171
[07:20:17] 646.2, 125.0, 5.160
[07:20:18] 646.3, 124.5, 7.031
[07:20:19] 726.2, 125.0, 5.177
[07:20:20] 646.7, 125.1, 5.162
[07:20:21] 646.7, 125.1, 5.168
[07:20:22] 646.7, 124.9, 5.165
[07:20:23] 646.6, 124.5, 6.956
[07:20:24] 764.6, 125.1, 5.170
[07:20:25] 646.7, 125.0, 5.163
[07:20:26] 646.7, 125.1, 5.160
[07:20:27] 646.6, 125.0, 5.174
[07:20:28] 646.6, 125.0, 5.162
[07:20:29] 771.7, 125.0, 5.176
[07:20:30] 666.6, 125.0, 5.166
[07:20:31] 646.1, 125.0, 5.187
[07:20:32] 646.3, 125.0, 5.195
[07:20:33] 646.5, 125.0, 5.191
[07:20:34] 700.8, 124.5, 7.252
[07:20:35] 843.0, 124.9, 5.175
[07:20:36] 647.1, 125.0, 5.166
[07:20:37] 647.0, 125.0, 5.166
[07:20:38] 647.0, 124.9, 5.170
[07:20:39] 646.9, 124.4, 7.492
[07:20:40] 852.8, 124.5, 7.340
[07:20:41] 852.2, 125.0, 5.179
[07:20:42] 648.1, 125.0, 5.173
[07:20:43] 647.9, 125.0, 5.166
[07:20:44] 647.8, 125.0, 5.163
[07:20:45] 647.6, 124.4, 7.234
[07:20:46] 837.2, 124.3, 7.812
[07:20:47] 972.9, 124.4, 7.700
[07:20:48] 908.5, 124.9, 5.184
[07:20:49] 648.9, 125.0, 5.178
[07:20:50] 648.8, 125.0, 5.172
[07:20:51] 648.5, 124.9, 5.172
[07:20:52] 648.4, 124.7, 5.752
[07:20:53] 805.9, 124.4, 7.813
[07:20:54] 973.3, 124.3, 7.827
[07:20:55] 973.4, 124.3, 7.843
[07:20:56] 973.8, 124.3, 7.845
[07:20:57] 954.4, 124.9, 5.216
[07:20:58] 672.7, 124.9, 5.191
[07:20:59] 649.3, 125.0, 5.184
[07:21:00] 649.2, 124.9, 5.182
[07:21:01] 649.0, 125.0, 5.175
[07:21:02] 746.1, 124.2, 7.828
[07:21:03] 973.8, 124.2, 7.845
[07:21:04] 974.1, 124.2, 7.847
[07:21:05] 974.5, 124.2, 7.862
[07:21:06] 975.0, 124.3, 7.863
[07:21:07] 975.5, 124.3, 7.865
[07:21:08] 976.0, 124.3, 7.869
[07:21:09] 976.5, 124.4, 7.874
[07:21:10] 977.1, 124.9, 5.348
[07:21:11] 729.6, 124.9, 5.207
[07:21:12] 651.0, 124.9, 5.191
[07:21:13] 650.8, 124.9, 5.193
[07:21:14] 650.6, 125.0, 5.183
[07:21:15] 650.4, 124.3, 7.816
[07:21:16] 952.4, 124.3, 7.843
[07:21:17] 976.6, 124.4, 7.852
[07:21:18] 976.8, 124.3, 7.859
[07:21:19] 977.0, 124.3, 7.866
[07:21:20] 977.3, 124.3, 7.875
[07:21:21] 977.8, 124.2, 7.894
[07:21:22] 978.3, 124.3, 7.870
[07:21:23] 978.6, 124.2, 7.876
[07:21:24] 978.9, 124.3, 7.888
[07:21:25] 979.2, 124.3, 7.889
[07:21:26] 979.6, 124.3, 7.889
[07:21:27] 980.0, 124.3, 7.885
[07:21:28] 980.3, 124.2, 7.887
[07:21:29] 980.5, 124.3, 7.896
[07:21:30] 980.8, 124.2, 7.892
[07:21:31] 981.1, 124.3, 7.901
[07:21:32] 921.1, 124.9, 5.223
[07:21:33] 653.4, 124.9, 5.210
[07:21:34] 653.2, 125.0, 5.201
[07:21:35] 652.8, 124.9, 5.194
