<<<[23:07:22] 649.6, 123.7, 5.219
[23:07:23] 649.2, 123.8, 5.216
[23:07:24] 648.8, 123.8, 5.219
[23:07:25] 648.9, 123.8, 5.217
[23:07:26] 648.5, 123.8, 5.213
[23:07:27] 648.2, 123.9, 5.217
[23:07:28] 647.9, 123.8, 5.212
[23:07:29] 647.6, 123.8, 5.215
<<<[23:28:37] 646.6, 123.9, 5.192
[23:28:38] 646.4, 123.9, 5.192
[23:28:39] 646.2, 123.9, 5.190
[23:28:40] 646.4, 123.9, 5.189
[23:28:41] 646.2, 124.0, 5.186
[23:28:42] 646.0, 123.9, 5.187
[23:28:43] 645.8, 123.9, 5.183
[23:28:44] 645.6, 123.9, 5.189
