<<<[05:40:01] 647.6, 124.9, 5.158
[05:40:02] 647.4, 124.8, 5.159
[05:40:03] 647.2, 124.9, 5.157
[05:40:04] 653.2, 124.9, 5.198
[05:40:05] 653.2, 124.9, 5.161
[05:40:06] 647.5, 124.9, 5.165
[05:40:07] 647.4, 124.9, 5.159
[05:40:08] 647.3, 124.9, 5.156
[05:40:09] 647.1, 124.5, 7.119
[05:40:10] 741.8, 124.9, 5.154
[05:40:11] 644.7, 124.9, 5.167
[05:40:12] 644.8, 124.8, 5.156
[05:40:13] 644.9, 124.9, 5.152
[05:40:14] 644.8, 124.4, 7.123
[05:40:15] 736.7, 124.9, 5.156
[05:40:16] 645.3, 124.9, 5.152
[05:40:17] 645.2, 124.9, 5.150
[05:40:18] 645.1, 124.9, 5.152
[05:40:19] 645.0, 124.4, 7.123
[05:40:20] 737.4, 125.0, 5.152
[05:40:21] 644.5, 125.0, 5.152
[05:40:22] 644.5, 125.0, 5.150
[05:40:23] 644.5, 125.0, 5.150
[05:40:24] 644.4, 124.5, 7.119
[05:40:25] 736.1, 125.0, 5.151
[05:40:26] 645.1, 125.0, 5.150
[05:40:27] 644.9, 125.0, 5.149
[05:40:28] 644.9, 124.9, 5.150
[05:40:29] 644.8, 124.4, 7.115
[05:40:30] 735.9, 124.9, 5.150
[05:40:31] 644.1, 125.0, 5.147
[05:40:32] 644.1, 125.0, 5.150
[05:40:33] 644.1, 125.0, 5.147
[05:40:34] 644.2, 124.5, 7.113
[05:40:35] 734.5, 124.9, 5.150
[05:40:36] 644.7, 124.9, 5.148
[05:40:37] 644.6, 124.9, 5.147
[05:40:38] 644.6, 125.0, 5.147
[05:40:39] 644.5, 124.5, 7.108
[05:40:40] 733.7, 125.0, 5.148
[05:40:41] 644.3, 124.9, 5.144
[05:40:42] 644.3, 124.9, 5.144
[05:40:43] 644.2, 125.0, 5.143
[05:40:44] 644.1, 124.5, 7.090
[05:40:45] 730.8, 125.0, 5.147
[05:40:46] 644.5, 125.0, 5.143
[05:40:47] 644.3, 125.0, 5.143
[05:40:48] 644.3, 125.0, 5.143
[05:40:49] 644.2, 124.6, 7.098
[05:40:50] 726.8, 125.0, 5.145
[05:40:51] 643.4, 125.1, 5.141
[05:40:52] 643.4, 125.1, 5.144
[05:40:53] 643.5, 125.0, 5.146
[05:40:54] 643.6, 124.5, 7.132
[05:40:55] 766.0, 125.0, 5.147
[05:40:56] 644.1, 125.0, 5.146
[05:40:57] 644.0, 125.0, 5.146
[05:40:58] 644.1, 125.0, 5.143
[05:40:59] 644.0, 124.5, 7.241
[05:41:00] 797.1, 125.0, 5.150
[05:41:01] 643.7, 124.9, 5.147
[05:41:02] 643.7, 124.9, 5.143
[05:41:03] 643.7, 124.9, 5.145
[05:41:04] 643.7, 124.9, 5.144
[05:41:05] 768.9, 124.9, 5.494
[05:41:06] 735.1, 124.9, 5.145
[05:41:07] 643.6, 124.9, 5.146
[05:41:08] 643.6, 124.9, 5.143
[05:41:09] 643.6, 124.9, 5.148
[05:41:10] 643.7, 124.4, 7.696
[05:41:11] 943.5, 125.0, 5.179
[05:41:12] 686.1, 125.0, 5.151
[05:41:13] 644.7, 125.0, 5.147
[05:41:14] 644.7, 125.0, 5.144
[05:41:15] 644.5, 125.0, 5.144
[05:41:16] 699.5, 124.3, 7.705
[05:41:17] 959.5, 124.4, 7.384
[05:41:18] 867.0, 124.9, 5.160
[05:41:19] 645.3, 125.0, 5.153
[05:41:20] 645.2, 124.9, 5.149
[05:41:21] 645.1, 125.0, 5.147
[05:41:22] 645.0, 124.5, 6.793
[05:41:23] 818.0, 124.4, 7.713
[05:41:24] 960.9, 124.4, 7.724
[05:41:25] 961.0, 124.4, 7.736
[05:41:26] 935.7, 125.0, 5.174
[05:41:27] 646.3, 125.0, 5.161
[05:41:28] 646.2, 125.0, 5.155
[05:41:29] 646.0, 125.0, 5.151
[05:41:30] 645.9, 124.9, 5.150
[05:41:31] 740.6, 124.3, 7.717
[05:41:32] 961.1, 124.3, 7.728
[05:41:33] 961.2, 124.3, 7.740
[05:41:34] 961.6, 124.3, 7.749
[05:41:35] 962.1, 124.3, 7.756
[05:41:36] 962.6, 124.3, 7.762
[05:41:37] 963.1, 124.4, 7.218
[05:41:38] 804.4, 125.0, 5.175
[05:41:39] 647.3, 125.0, 5.166
[05:41:40] 647.2, 125.0, 5.158
[05:41:41] 647.0, 125.0, 5.155
[05:41:42] 646.8, 124.3, 7.686
[05:41:43] 903.4, 124.4, 7.728
[05:41:44] 963.0, 124.3, 7.747
[05:41:45] 963.2, 124.3, 7.755
[05:41:46] 963.6, 124.3, 7.761
[05:41:47] 964.0, 124.3, 7.763
[05:41:48] 964.4, 124.3, 7.767
[05:41:49] 964.8, 124.4, 7.770
[05:41:50] 965.2, 124.4, 7.777
[05:41:51] 965.6, 124.4, 7.780
[05:41:52] 966.0, 124.3, 7.779
[05:41:53] 966.4, 124.3, 7.776
[05:41:54] 966.6, 124.3, 7.777
[05:41:55] 966.9, 125.0, 5.223
[05:41:56] 698.7, 125.0, 5.181
[05:41:57] 648.3, 125.0, 5.172
[05:41:58] 648.2, 124.9, 5.167
[05:41:59] 648.0, 124.9, 5.161
