<<<[04:27:23] 647.3, 125.0, 5.158
[04:27:24] 647.0, 125.0, 5.157
[04:27:25] 646.7, 124.9, 5.155
[04:27:26] 647.3, 124.9, 5.297
[04:27:27] 666.4, 124.9, 5.276
[04:27:28] 665.9, 125.0, 5.297
[04:27:29] 665.5, 124.9, 5.295
[04:27:30] 665.4, 124.9, 5.285
[04:27:31] 665.0, 125.0, 5.311
[04:27:32] 665.2, 125.0, 5.257
[04:27:33] 657.7, 124.9, 5.224
[04:27:34] 650.8, 124.9, 5.154
[04:27:35] 645.5, 125.1, 5.153
[04:27:36] 645.5, 124.9, 5.153
[04:27:37] 645.5, 124.5, 7.072
[04:27:38] 741.2, 125.0, 5.151
[04:27:39] 644.1, 125.1, 5.145
[04:27:40] 644.0, 124.9, 5.150
[04:27:41] 644.0, 125.0, 5.145
[04:27:42] 643.9, 124.6, 7.064
[04:27:43] 739.2, 125.0, 5.153
[04:27:44] 643.9, 125.0, 5.149
[04:27:45] 643.8, 125.0, 5.151
[04:27:46] 643.8, 125.0, 5.148
[04:27:47] 643.8, 124.5, 7.057
[04:27:48] 738.6, 125.0, 5.145
[04:27:49] 643.6, 125.0, 5.147
[04:27:50] 643.6, 125.0, 5.151
[04:27:51] 643.6, 124.9, 5.145
[04:27:52] 643.6, 124.5, 7.046
[04:27:53] 737.6, 125.0, 5.147
[04:27:54] 643.6, 125.0, 5.143
[04:27:55] 643.6, 125.1, 5.146
[04:27:56] 643.6, 125.0, 5.144
[04:27:57] 643.6, 124.6, 7.029
[04:27:58] 735.9, 125.0, 5.145
[04:27:59] 644.1, 125.0, 5.149
[04:28:00] 644.2, 125.1, 5.140
[04:28:01] 644.2, 125.0, 5.145
[04:28:02] 644.2, 124.6, 7.026
[04:28:03] 734.1, 125.1, 5.146
[04:28:04] 643.6, 125.0, 5.144
[04:28:05] 643.5, 125.0, 5.147
[04:28:06] 643.5, 125.0, 5.142
[04:28:07] 643.5, 124.5, 7.079
[04:28:08] 728.2, 125.0, 5.145
[04:28:09] 644.3, 125.0, 5.147
[04:28:10] 644.3, 125.1, 5.138
[04:28:11] 644.2, 125.0, 5.143
[04:28:12] 644.2, 124.4, 6.937
[04:28:13] 767.8, 125.0, 5.145
[04:28:14] 643.6, 125.1, 5.140
[04:28:15] 643.5, 125.0, 5.142
[04:28:16] 643.5, 125.0, 5.145
[04:28:17] 643.6, 124.9, 5.140
[04:28:18] 772.3, 125.0, 5.161
[04:28:19] 669.7, 125.0, 5.146
[04:28:20] 643.6, 125.1, 5.143
[04:28:21] 643.5, 125.1, 5.141
[04:28:22] 643.4, 124.9, 5.144
[04:28:23] 689.6, 124.4, 7.344
[04:28:24] 860.5, 124.9, 5.148
[04:28:25] 643.7, 125.0, 5.149
[04:28:26] 643.6, 125.0, 5.144
[04:28:27] 643.6, 124.9, 5.146
[04:28:28] 643.5, 124.4, 7.398
[04:28:29] 851.0, 124.4, 7.691
[04:28:30] 872.5, 124.9, 5.153
[04:28:31] 644.1, 125.0, 5.152
[04:28:32] 644.0, 124.9, 5.147
[04:28:33] 644.0, 125.0, 5.148
[04:28:34] 644.1, 124.6, 6.351
[04:28:35] 825.0, 124.2, 8.016
[04:28:36] 995.9, 124.3, 8.028
[04:28:37] 942.0, 125.0, 5.167
[04:28:38] 645.5, 125.0, 5.155
[04:28:39] 645.3, 125.0, 5.148
[04:28:40] 645.2, 125.0, 5.150
[04:28:41] 645.0, 125.0, 5.151
[04:28:42] 771.1, 124.3, 8.005
[04:28:43] 996.9, 124.3, 8.030
[04:28:44] 997.2, 124.3, 8.039
[04:28:45] 997.5, 124.3, 8.048
[04:28:46] 992.0, 125.0, 5.192
[04:28:47] 680.6, 124.9, 5.169
[04:28:48] 646.1, 125.1, 5.158
[04:28:49] 645.9, 125.0, 5.156
[04:28:50] 645.9, 125.0, 5.156
[04:28:51] 673.1, 124.3, 8.013
[04:28:52] 997.3, 124.3, 8.031
[04:28:53] 997.5, 124.2, 8.043
[04:28:54] 997.9, 124.3, 8.055
[04:28:55] 998.4, 124.3, 8.063
[04:28:56] 998.9, 124.3, 8.066
[04:28:57] 999.5, 124.2, 8.070
[04:28:58] 1000.1, 124.3, 8.068
[04:28:59] 1000.7, 124.4, 7.692
[04:29:00] 884.1, 125.0, 5.181
[04:29:01] 648.3, 124.9, 5.177
[04:29:02] 648.1, 125.0, 5.166
[04:29:03] 647.8, 124.9, 5.164
[04:29:04] 647.5, 124.5, 6.585
[04:29:05] 830.9, 124.3, 8.037
[04:29:06] 999.4, 124.3, 8.050
[04:29:07] 999.6, 124.3, 8.061
[04:29:08] 1000.0, 124.3, 8.062
[04:29:09] 1000.4, 124.3, 8.064
[04:29:10] 1000.9, 124.2, 8.073
[04:29:11] 1001.3, 124.3, 8.080
[04:29:12] 1001.8, 124.3, 8.079
[04:29:13] 1002.2, 124.2, 8.087
[04:29:14] 1002.6, 124.3, 8.083
[04:29:15] 1003.1, 124.2, 8.088
[04:29:16] 1003.4, 124.2, 8.093
[04:29:17] 1003.8, 124.3, 8.103
[04:29:18] 1004.2, 124.2, 8.099
[04:29:19] 1004.7, 124.3, 8.090
[04:29:20] 1005.0, 124.2, 8.093
[04:29:21] 1005.3, 124.2, 8.093
[04:29:22] 853.2, 125.0, 5.195
[04:29:23] 649.7, 124.9, 5.187
[04:29:24] 649.4, 125.0, 5.171
[04:29:25] 649.1, 125.0, 5.173
