<<<[00:18:13] 646.5, 124.5, 5.168
[00:18:14] 646.2, 124.6, 5.165
[00:18:15] 645.9, 124.5, 5.215
[00:18:16] 654.2, 124.5, 5.304
[00:18:17] 654.5, 124.5, 5.240
[00:18:18] 653.9, 124.6, 5.168
[00:18:19] 644.1, 124.6, 5.166
[00:18:20] 644.0, 124.5, 5.166
[00:18:21] 644.1, 124.2, 6.903
[00:18:22] 741.0, 124.6, 5.162
[00:18:23] 643.4, 124.6, 5.162
[00:18:24] 643.4, 124.5, 5.160
[00:18:25] 643.4, 124.6, 5.160
[00:18:26] 643.4, 124.1, 6.847
[00:18:27] 735.9, 124.6, 5.164
[00:18:28] 643.6, 124.5, 5.162
[00:18:29] 643.5, 124.5, 5.164
[00:18:30] 643.5, 124.5, 5.160
[00:18:31] 643.5, 124.2, 6.818
[00:18:32] 735.3, 124.5, 5.163
[00:18:33] 643.6, 124.6, 5.163
[00:18:34] 643.6, 124.5, 5.160
[00:18:35] 643.5, 124.6, 5.159
[00:18:36] 643.5, 124.1, 6.785
[00:18:37] 734.9, 124.6, 5.162
[00:18:38] 643.2, 124.5, 5.160
[00:18:39] 643.2, 124.5, 5.159
[00:18:40] 643.1, 124.5, 5.160
[00:18:41] 643.1, 124.1, 6.751
[00:18:42] 734.3, 124.6, 5.160
[00:18:43] 643.2, 124.5, 5.158
[00:18:44] 643.1, 124.6, 5.158
[00:18:45] 643.1, 124.5, 5.158
[00:18:46] 643.2, 124.1, 6.713
[00:18:47] 733.5, 124.6, 5.161
[00:18:48] 643.2, 124.6, 5.158
[00:18:49] 643.1, 124.5, 5.155
[00:18:50] 643.1, 124.6, 5.157
[00:18:51] 643.1, 124.2, 6.650
[00:18:52] 732.1, 124.5, 5.157
[00:18:53] 643.0, 124.6, 5.156
[00:18:54] 642.9, 124.6, 5.156
[00:18:55] 642.9, 124.5, 5.156
[00:18:56] 642.9, 124.1, 6.570
[00:18:57] 729.6, 124.6, 5.157
[00:18:58] 643.0, 124.5, 5.155
[00:18:59] 643.0, 124.5, 5.154
[00:19:00] 642.9, 124.7, 5.152
[00:19:01] 642.9, 124.2, 6.406
[00:19:02] 725.2, 124.6, 5.157
[00:19:03] 643.4, 124.6, 5.158
[00:19:04] 643.3, 124.5, 5.155
[00:19:05] 643.3, 124.5, 5.152
[00:19:06] 643.2, 124.4, 5.539
[00:19:07] 765.8, 124.6, 5.159
[00:19:08] 643.4, 124.6, 5.156
[00:19:09] 643.3, 124.7, 5.150
[00:19:10] 643.2, 124.6, 5.151
[00:19:11] 643.1, 124.6, 5.150
[00:19:12] 748.1, 124.6, 5.159
[00:19:13] 643.9, 124.6, 5.155
[00:19:14] 643.7, 124.7, 5.153
[00:19:15] 643.6, 124.6, 5.152
[00:19:16] 643.5, 124.7, 5.151
[00:19:17] 707.1, 124.6, 5.736
[00:19:18] 750.4, 124.7, 5.153
[00:19:19] 642.6, 124.7, 5.153
[00:19:20] 642.6, 124.6, 5.151
[00:19:21] 642.6, 124.6, 5.157
[00:19:22] 642.6, 124.1, 7.601
[00:19:23] 894.3, 124.7, 5.204
[00:19:24] 695.5, 124.6, 5.155
[00:19:25] 643.0, 124.6, 5.154
[00:19:26] 642.9, 124.6, 5.152
[00:19:27] 642.9, 124.7, 5.153
[00:19:28] 692.2, 124.1, 7.617
[00:19:29] 945.9, 124.6, 5.873
[00:19:30] 760.9, 124.7, 5.165
[00:19:31] 643.7, 124.6, 5.156
[00:19:32] 643.6, 124.6, 5.155
[00:19:33] 643.5, 124.6, 5.154
[00:19:34] 643.5, 124.0, 7.571
[00:19:35] 877.2, 124.1, 7.637
[00:19:36] 948.1, 124.0, 7.656
[00:19:37] 948.3, 124.6, 5.239
[00:19:38] 702.8, 124.6, 5.172
[00:19:39] 644.7, 124.6, 5.163
[00:19:40] 644.5, 124.6, 5.161
[00:19:41] 644.4, 124.7, 5.156
[00:19:42] 644.3, 124.0, 7.624
[00:19:43] 945.7, 123.9, 7.651
[00:19:44] 946.2, 124.0, 7.655
[00:19:45] 946.7, 124.1, 7.663
[00:19:46] 947.3, 124.0, 7.673
[00:19:47] 952.6, 123.9, 7.677
[00:19:48] 887.8, 124.6, 5.187
[00:19:49] 646.5, 124.7, 5.174
[00:19:50] 646.3, 124.6, 5.173
[00:19:51] 646.2, 124.6, 5.168
[00:19:52] 645.9, 124.7, 5.162
[00:19:53] 781.7, 123.9, 7.648
[00:19:54] 949.0, 124.0, 7.656
[00:19:55] 949.1, 124.0, 7.666
[00:19:56] 949.5, 123.9, 7.677
[00:19:57] 949.9, 124.0, 7.673
[00:19:58] 950.2, 124.0, 7.680
[00:19:59] 950.7, 124.0, 7.683
[00:20:00] 951.1, 123.9, 7.687
[00:20:01] 951.5, 124.1, 7.688
[00:20:02] 952.0, 124.0, 7.691
[00:20:03] 952.4, 124.0, 7.694
[00:20:04] 837.8, 124.6, 5.194
[00:20:05] 647.9, 124.7, 5.182
[00:20:06] 647.7, 124.7, 5.174
[00:20:07] 647.5, 124.7, 5.168
