<<<[18:33:43] 636.6, 123.6, 5.162
[18:33:44] 636.5, 123.6, 5.162
[18:33:45] 636.6, 123.6, 5.291
[18:33:46] 645.9, 123.6, 5.159
[18:33:47] 636.9, 123.6, 5.167
[18:33:48] 636.8, 123.6, 5.167
[18:33:49] 636.8, 123.5, 5.168
[18:33:50] 636.8, 123.4, 5.195
[18:33:51] 731.5, 123.5, 5.167
[18:33:52] 636.3, 123.5, 5.167
[18:33:53] 636.2, 123.4, 5.167
[18:33:54] 636.2, 123.5, 5.159
[18:33:55] 636.2, 123.5, 5.169
[18:33:56] 731.5, 123.6, 5.169
[18:33:57] 636.5, 123.5, 5.167
[18:33:58] 636.4, 123.5, 5.158
[18:33:59] 636.4, 123.6, 5.163
[18:34:00] 636.3, 123.5, 5.165
[18:34:01] 731.3, 123.5, 5.171
[18:34:02] 636.5, 123.5, 5.157
[18:34:03] 636.4, 123.6, 5.162
[18:34:04] 636.3, 123.5, 5.163
[18:34:05] 636.3, 123.6, 5.159
[18:34:06] 730.9, 123.7, 5.156
[18:34:07] 635.9, 123.7, 5.165
[18:34:08] 635.9, 123.7, 5.163
[18:34:09] 636.0, 123.6, 5.161
[18:34:10] 635.9, 123.6, 5.154
[18:34:11] 730.8, 123.6, 5.167
[18:34:12] 636.1, 123.6, 5.169
[18:34:13] 636.1, 123.6, 5.172
[18:34:14] 636.1, 123.6, 5.156
[18:34:15] 636.1, 123.6, 5.163
[18:34:16] 730.2, 123.6, 5.168
[18:34:17] 635.9, 123.6, 5.169
[18:34:18] 635.9, 123.6, 5.157
[18:34:19] 635.9, 123.6, 5.168
[18:34:20] 635.9, 123.6, 5.164
[18:34:21] 729.0, 123.5, 5.171
[18:34:22] 635.7, 123.6, 5.158
[18:34:23] 635.7, 123.5, 5.173
[18:34:24] 635.8, 123.5, 5.172
[18:34:25] 636.0, 123.5, 5.174
[18:34:26] 727.8, 123.4, 5.177
[18:34:27] 637.6, 123.4, 5.175
[18:34:28] 637.6, 123.4, 5.173
[18:34:29] 637.6, 123.5, 5.173
[18:34:30] 637.7, 123.5, 5.168
[18:34:31] 723.9, 123.6, 5.173
[18:34:32] 635.9, 123.5, 5.165
[18:34:33] 635.9, 123.5, 5.167
[18:34:34] 635.9, 123.6, 5.160
[18:34:35] 635.9, 123.6, 5.163
[18:34:36] 713.4, 123.6, 5.167
[18:34:37] 636.1, 123.5, 5.166
[18:34:38] 636.1, 123.6, 5.157
[18:34:39] 636.0, 123.6, 5.166
[18:34:40] 636.1, 123.5, 5.167
[18:34:41] 697.3, 123.6, 5.207
[18:34:42] 685.5, 123.6, 5.165
[18:34:43] 636.3, 123.6, 5.173
[18:34:44] 636.3, 123.5, 5.168
[18:34:45] 636.2, 123.4, 5.170
[18:34:46] 636.8, 122.9, 7.203
[18:34:47] 805.2, 123.4, 5.173
[18:34:48] 636.7, 123.5, 5.172
[18:34:49] 636.6, 123.5, 5.169
[18:34:50] 636.6, 123.5, 5.162
[18:34:51] 636.5, 122.9, 7.379
[18:34:52] 831.1, 123.3, 5.820
[18:34:53] 742.4, 123.6, 5.174
[18:34:54] 637.1, 123.6, 5.165
[18:34:55] 636.9, 123.4, 5.171
[18:34:56] 636.9, 123.5, 5.167
[18:34:57] 636.8, 122.9, 7.610
[18:34:58] 914.4, 123.0, 7.577
[18:34:59] 868.5, 123.5, 5.178
[18:35:00] 637.6, 123.5, 5.172
[18:35:01] 637.5, 123.4, 5.174
[18:35:02] 637.4, 123.5, 5.163
[18:35:03] 637.3, 123.4, 5.421
[18:35:04] 780.9, 123.0, 7.625
[18:35:05] 938.6, 123.0, 7.642
[18:35:06] 938.8, 123.1, 7.295
[18:35:07] 817.4, 123.6, 5.187
[18:35:08] 638.2, 123.6, 5.177
[18:35:09] 638.1, 123.6, 5.171
[18:35:10] 637.9, 123.7, 5.164
[18:35:11] 637.8, 123.1, 7.121
[18:35:12] 815.6, 123.0, 7.631
[18:35:13] 939.6, 123.0, 7.653
[18:35:14] 939.8, 123.0, 7.659
[18:35:15] 940.2, 122.9, 7.665
[18:35:16] 940.6, 122.9, 7.668
[18:35:17] 941.0, 123.3, 6.140
[18:35:18] 760.1, 123.5, 5.194
[18:35:19] 639.2, 123.5, 5.192
[18:35:20] 639.0, 123.5, 5.182
[18:35:21] 638.9, 123.5, 5.177
[18:35:22] 638.7, 122.9, 7.607
[18:35:23] 887.6, 122.8, 7.659
[18:35:24] 942.0, 122.8, 7.682
[18:35:25] 942.2, 122.8, 7.683
[18:35:26] 942.4, 122.8, 7.688
[18:35:27] 942.6, 122.9, 7.686
[18:35:28] 942.9, 122.9, 7.695
[18:35:29] 943.3, 122.9, 7.701
[18:35:30] 943.8, 122.9, 7.703
[18:35:31] 944.2, 122.9, 7.710
[18:35:32] 944.8, 122.9, 7.708
[18:35:33] 945.2, 122.9, 7.711
[18:35:34] 847.1, 123.4, 5.214
[18:35:35] 641.2, 123.5, 5.203
[18:35:36] 641.0, 123.5, 5.194
[18:35:37] 640.8, 123.6, 5.190
