<<<[00:02:10] 640.6, 124.2, 5.152
[00:02:11] 640.4, 124.2, 5.133
[00:02:12] 640.2, 124.3, 5.391
[00:02:13] 656.3, 124.3, 5.259
[00:02:14] 656.1, 124.2, 5.275
[00:02:15] 655.9, 124.3, 5.164
[00:02:16] 647.1, 124.3, 5.159
[00:02:17] 639.8, 124.3, 5.166
[00:02:18] 639.8, 124.3, 5.151
[00:02:19] 639.7, 124.4, 5.160
[00:02:20] 639.8, 123.9, 7.012
[00:02:21] 736.7, 124.3, 5.134
[00:02:22] 638.8, 124.4, 5.145
[00:02:23] 638.7, 124.3, 5.129
[00:02:24] 638.6, 124.3, 5.131
[00:02:25] 638.5, 123.9, 6.965
[00:02:26] 732.9, 124.3, 5.149
[00:02:27] 638.4, 124.2, 5.130
[00:02:28] 638.3, 124.3, 5.131
[00:02:29] 638.2, 124.2, 5.147
[00:02:30] 638.2, 123.7, 6.960
[00:02:31] 732.7, 124.3, 5.133
[00:02:32] 638.2, 124.2, 5.133
[00:02:33] 638.1, 124.2, 5.130
[00:02:34] 638.1, 124.3, 5.147
[00:02:35] 638.1, 123.7, 6.939
[00:02:36] 732.5, 124.3, 5.134
[00:02:37] 638.2, 124.2, 5.131
[00:02:38] 638.1, 124.2, 5.144
[00:02:39] 638.1, 124.3, 5.130
[00:02:40] 638.0, 123.8, 6.908
[00:02:41] 730.6, 124.3, 5.135
[00:02:42] 638.4, 124.2, 5.148
[00:02:43] 638.3, 124.3, 5.131
[00:02:44] 638.2, 124.3, 5.128
[00:02:45] 638.2, 123.8, 6.869
[00:02:46] 728.4, 124.3, 5.146
[00:02:47] 638.2, 124.2, 5.134
[00:02:48] 638.2, 124.2, 5.130
[00:02:49] 638.1, 124.1, 5.131
[00:02:50] 638.0, 123.9, 6.819
[00:02:51] 725.0, 124.2, 5.132
[00:02:52] 638.0, 124.3, 5.129
[00:02:53] 637.9, 124.2, 5.134
[00:02:54] 638.0, 124.4, 5.140
[00:02:55] 637.9, 123.8, 6.723
[00:02:56] 717.6, 124.3, 5.130
[00:02:57] 638.0, 124.3, 5.126
[00:02:58] 637.9, 124.3, 5.141
[00:02:59] 637.9, 124.3, 5.129
[00:03:00] 637.9, 124.2, 5.225
[00:03:01] 752.2, 124.3, 5.127
[00:03:02] 637.6, 124.3, 5.144
[00:03:03] 637.6, 124.3, 5.125
[00:03:04] 637.5, 124.3, 5.126
[00:03:05] 637.6, 124.2, 5.130
[00:03:06] 733.1, 124.3, 5.495
[00:03:07] 728.0, 124.3, 5.129
[00:03:08] 638.0, 124.3, 5.127
[00:03:09] 637.9, 124.2, 5.134
[00:03:10] 637.9, 124.3, 5.142
[00:03:11] 637.8, 123.6, 7.636
[00:03:12] 913.4, 124.3, 5.139
[00:03:13] 638.2, 124.3, 5.132
[00:03:14] 638.2, 124.3, 5.147
[00:03:15] 638.2, 124.3, 5.128
[00:03:16] 638.1, 124.3, 5.128
[00:03:17] 751.8, 123.6, 7.650
[00:03:18] 938.2, 124.3, 5.193
[00:03:19] 684.1, 124.2, 5.138
[00:03:20] 639.0, 124.3, 5.132
[00:03:21] 638.9, 124.3, 5.131
[00:03:22] 638.7, 124.3, 5.150
[00:03:23] 679.6, 123.6, 7.650
[00:03:24] 946.7, 123.7, 7.661
[00:03:25] 946.9, 123.7, 7.223
[00:03:26] 806.5, 124.2, 5.168
[00:03:27] 640.4, 124.3, 5.171
[00:03:28] 640.4, 124.2, 5.166
[00:03:29] 640.4, 124.3, 5.162
[00:03:30] 640.3, 123.8, 7.448
[00:03:31] 844.3, 123.6, 7.660
[00:03:32] 948.7, 123.6, 7.673
[00:03:33] 948.8, 123.7, 7.683
[00:03:34] 949.2, 123.6, 7.693
[00:03:35] 949.6, 123.8, 7.216
[00:03:36] 805.9, 124.3, 5.157
[00:03:37] 641.2, 124.2, 5.151
[00:03:38] 641.1, 124.3, 5.163
[00:03:39] 640.9, 124.3, 5.141
[00:03:40] 640.7, 123.6, 7.590
[00:03:41] 870.3, 123.7, 7.676
[00:03:42] 950.2, 123.6, 7.690
[00:03:43] 950.4, 123.7, 7.701
[00:03:44] 950.8, 123.7, 7.704
[00:03:45] 951.1, 123.7, 7.708
[00:03:46] 951.5, 123.7, 7.713
[00:03:47] 952.0, 123.6, 7.720
[00:03:48] 952.4, 123.7, 7.719
[00:03:49] 952.9, 123.6, 7.719
[00:03:50] 953.2, 124.3, 5.237
[00:03:51] 695.3, 124.3, 5.163
[00:03:52] 642.2, 124.3, 5.155
[00:03:53] 642.0, 124.3, 5.156
[00:03:54] 641.9, 124.2, 5.168
[00:03:55] 641.9, 123.6, 7.666
[00:03:56] 949.4, 123.7, 7.694
[00:03:57] 949.8, 123.6, 7.701
[00:03:58] 950.2, 123.6, 7.717
[00:03:59] 950.8, 123.4, 7.729
[00:04:00] 951.4, 123.6, 7.732
[00:04:01] 956.5, 123.6, 7.737
[00:04:02] 956.5, 123.5, 7.734
[00:04:03] 956.5, 123.6, 7.732
[00:04:04] 956.6, 123.5, 7.732
[00:04:05] 956.6, 123.7, 7.738
[00:04:06] 956.7, 123.6, 7.738
[00:04:07] 956.9, 123.7, 7.736
[00:04:08] 957.0, 123.7, 7.737
[00:04:09] 957.1, 123.6, 7.737
[00:04:10] 957.2, 123.7, 7.734
[00:04:11] 957.3, 123.6, 7.741
[00:04:12] 957.5, 123.7, 7.742
[00:04:13] 957.6, 123.6, 7.744
[00:04:14] 957.8, 124.1, 6.875
[00:04:15] 795.7, 124.2, 5.185
[00:04:16] 644.5, 124.3, 5.205
[00:04:17] 644.6, 124.2, 5.200
[00:04:18] 644.5, 124.2, 5.175
