<<<[21:39:51] 646.1, 123.5, 5.225
[21:39:52] 646.0, 123.5, 5.225
[21:39:53] 645.8, 123.5, 5.224
[21:39:54] 646.4, 123.4, 5.449
[21:39:55] 670.9, 123.4, 5.398
[21:39:56] 664.8, 123.3, 5.436
[21:39:57] 664.7, 123.4, 5.355
[21:39:58] 664.9, 123.4, 5.309
[21:39:59] 655.6, 123.4, 5.296
[21:40:00] 650.4, 123.4, 5.224
[21:40:01] 645.1, 123.4, 5.224
[21:40:02] 645.1, 123.4, 5.222
[21:40:03] 645.2, 123.4, 5.722
[21:40:04] 740.2, 123.5, 5.223
[21:40:05] 644.9, 123.4, 5.219
[21:40:06] 644.9, 123.5, 5.226
[21:40:07] 645.0, 123.5, 5.235
[21:40:08] 645.1, 123.4, 5.749
[21:40:09] 736.3, 123.5, 5.220
[21:40:10] 645.3, 123.5, 5.217
[21:40:11] 645.1, 123.5, 5.216
[21:40:12] 645.0, 123.6, 5.203
[21:40:13] 644.7, 123.4, 5.764
[21:40:14] 733.1, 123.4, 5.206
[21:40:15] 643.0, 123.5, 5.202
[21:40:16] 643.0, 123.6, 5.216
[21:40:17] 643.1, 123.5, 5.216
[21:40:18] 643.3, 123.5, 5.826
[21:40:19] 734.1, 123.5, 5.229
[21:40:20] 645.7, 123.5, 5.228
[21:40:21] 645.7, 123.5, 5.212
[21:40:22] 645.6, 123.5, 5.213
[21:40:23] 645.3, 123.4, 5.881
[21:40:24] 732.5, 123.5, 5.218
[21:40:25] 644.5, 123.5, 5.216
[21:40:26] 644.5, 123.4, 5.213
[21:40:27] 644.4, 123.4, 5.215
[21:40:28] 644.4, 123.4, 5.959
[21:40:29] 731.5, 123.5, 5.226
[21:40:30] 645.9, 123.4, 5.228
[21:40:31] 645.8, 123.4, 5.228
[21:40:32] 645.8, 123.4, 5.228
[21:40:33] 645.7, 123.4, 6.017
[21:40:34] 726.8, 123.5, 5.213
[21:40:35] 643.7, 123.5, 5.214
[21:40:36] 643.7, 123.4, 5.214
[21:40:37] 643.8, 123.5, 5.210
[21:40:38] 643.8, 122.9, 7.211
[21:40:39] 767.2, 123.4, 5.220
[21:40:40] 644.9, 123.4, 5.231
[21:40:41] 644.9, 123.4, 5.228
[21:40:42] 645.1, 123.4, 5.222
[21:40:43] 645.1, 122.9, 7.436
[21:40:44] 755.2, 123.5, 5.231
[21:40:45] 645.9, 123.4, 5.215
[21:40:46] 645.7, 123.4, 5.213
[21:40:47] 645.4, 123.5, 5.215
[21:40:48] 645.3, 123.0, 6.849
[21:40:49] 807.5, 123.5, 5.230
[21:40:50] 659.5, 123.5, 5.217
[21:40:51] 643.9, 123.5, 5.213
[21:40:52] 643.9, 123.5, 5.226
[21:40:53] 644.0, 123.4, 5.226
[21:40:54] 704.6, 122.7, 7.913
[21:40:55] 902.6, 123.4, 5.238
[21:40:56] 646.5, 123.5, 5.231
[21:40:57] 646.4, 123.5, 5.219
[21:40:58] 646.2, 123.5, 5.214
[21:40:59] 645.8, 123.5, 5.228
[21:41:00] 795.1, 122.7, 7.928
[21:41:01] 971.5, 123.4, 5.345
[21:41:02] 714.0, 123.4, 5.223
[21:41:03] 645.1, 123.5, 5.221
[21:41:04] 645.2, 123.4, 5.236
[21:41:05] 645.4, 123.4, 5.234
[21:41:06] 656.2, 122.8, 7.932
[21:41:07] 975.6, 122.8, 7.955
[21:41:08] 975.9, 122.8, 7.975
[21:41:09] 964.4, 123.4, 5.251
[21:41:10] 669.7, 123.3, 5.236
[21:41:11] 645.7, 123.4, 5.226
[21:41:12] 645.6, 123.4, 5.226
[21:41:13] 645.5, 123.4, 5.220
[21:41:14] 703.6, 122.7, 7.934
[21:41:15] 975.2, 122.8, 7.954
[21:41:16] 975.5, 122.8, 7.975
[21:41:17] 976.1, 122.8, 7.987
[21:41:18] 981.7, 122.7, 7.995
[21:41:19] 981.8, 122.8, 7.908
[21:41:20] 918.1, 123.4, 5.268
[21:41:21] 649.9, 123.4, 5.242
[21:41:22] 649.5, 123.4, 5.237
[21:41:23] 649.1, 123.4, 5.234
[21:41:24] 648.7, 123.2, 5.529
[21:41:25] 804.2, 122.8, 7.953
[21:41:26] 977.4, 122.8, 7.974
[21:41:27] 977.7, 122.8, 7.980
[21:41:28] 978.0, 122.7, 8.000
[21:41:29] 978.6, 122.7, 8.007
[21:41:30] 984.3, 122.7, 8.011
[21:41:31] 984.3, 122.7, 8.016
[21:41:32] 984.4, 122.7, 8.015
[21:41:33] 984.5, 122.7, 8.004
[21:41:34] 984.4, 122.7, 8.008
[21:41:35] 984.4, 122.6, 8.018
[21:41:36] 952.6, 123.4, 5.270
[21:41:37] 650.2, 123.5, 5.255
[21:41:38] 650.0, 123.5, 5.242
[21:41:39] 649.7, 123.5, 5.236
[21:41:40] 649.3, 123.5, 5.243
