<<<[23:05:28] 639.3, 123.8, 5.173
[23:05:29] 639.3, 123.8, 5.172
[23:05:30] 639.2, 123.8, 5.311
[23:05:31] 656.9, 123.9, 5.209
[23:05:32] 642.4, 123.9, 5.175
[23:05:33] 642.0, 123.8, 5.161
[23:05:34] 641.7, 123.8, 5.176
[23:05:35] 641.4, 123.8, 5.175
[23:05:36] 641.2, 123.8, 5.921
[23:05:37] 736.3, 123.9, 5.174
[23:05:38] 639.4, 123.8, 5.172
[23:05:39] 639.4, 123.8, 5.172
[23:05:40] 639.3, 123.9, 5.172
[23:05:41] 639.3, 123.8, 5.955
[23:05:42] 735.5, 123.8, 5.178
[23:05:43] 639.6, 123.8, 5.169
[23:05:44] 639.5, 123.9, 5.167
[23:05:45] 639.4, 123.8, 5.171
[23:05:46] 639.3, 123.8, 5.998
[23:05:47] 734.9, 123.9, 5.175
[23:05:48] 639.0, 123.8, 5.173
[23:05:49] 639.0, 123.8, 5.157
[23:05:50] 638.9, 123.8, 5.173
[23:05:51] 638.9, 123.7, 6.043
[23:05:52] 734.3, 123.8, 5.177
[23:05:53] 639.2, 123.8, 5.173
[23:05:54] 639.1, 123.8, 5.175
[23:05:55] 639.1, 123.8, 5.174
[23:05:56] 639.1, 123.7, 6.085
[23:05:57] 733.3, 123.8, 5.173
[23:05:58] 639.0, 123.8, 5.174
[23:05:59] 638.9, 123.7, 5.176
[23:06:00] 639.0, 123.9, 5.179
[23:06:01] 639.0, 123.7, 6.140
[23:06:02] 732.5, 123.7, 5.179
[23:06:03] 639.2, 123.9, 5.178
[23:06:04] 639.2, 123.9, 5.173
[23:06:05] 639.2, 123.8, 5.228
[23:06:06] 645.1, 123.7, 6.243
[23:06:07] 736.7, 123.8, 5.234
[23:06:08] 646.3, 123.7, 5.235
[23:06:09] 646.3, 123.8, 5.232
[23:06:10] 646.3, 123.8, 5.228
[23:06:11] 646.1, 123.6, 6.279
[23:06:12] 731.7, 123.8, 5.223
[23:06:13] 645.3, 123.8, 5.230
[23:06:14] 645.3, 123.8, 5.226
[23:06:15] 645.3, 123.8, 5.226
[23:06:16] 645.3, 123.7, 6.332
[23:06:17] 723.9, 123.9, 5.220
[23:06:18] 644.9, 123.8, 5.220
[23:06:19] 644.9, 123.8, 5.216
[23:06:20] 644.8, 123.9, 5.214
[23:06:21] 644.8, 123.4, 7.360
[23:06:22] 755.9, 123.9, 5.215
[23:06:23] 644.7, 123.8, 5.220
[23:06:24] 644.7, 123.8, 5.220
[23:06:25] 644.7, 123.9, 5.217
[23:06:26] 644.7, 123.4, 6.817
[23:06:27] 803.6, 123.8, 5.232
[23:06:28] 663.2, 123.7, 5.218
[23:06:29] 645.1, 123.8, 5.221
[23:06:30] 645.0, 123.8, 5.234
[23:06:31] 645.1, 123.8, 5.232
[23:06:32] 704.0, 123.2, 7.767
[23:06:33] 897.5, 123.8, 5.232
[23:06:34] 646.3, 123.9, 5.225
[23:06:35] 646.2, 123.9, 5.223
[23:06:36] 646.1, 123.8, 5.223
[23:06:37] 646.0, 123.9, 5.207
[23:06:38] 787.2, 123.2, 7.778
[23:06:39] 959.5, 123.9, 5.350
[23:06:40] 716.4, 123.8, 5.230
[23:06:41] 646.3, 123.8, 5.225
[23:06:42] 646.2, 123.8, 5.224
[23:06:43] 646.1, 123.8, 5.220
[23:06:44] 646.2, 123.2, 7.765
[23:06:45] 958.7, 123.2, 7.792
[23:06:46] 959.0, 123.2, 7.808
[23:06:47] 958.7, 123.8, 5.370
[23:06:48] 718.9, 123.8, 5.244
[23:06:49] 647.9, 123.8, 5.234
[23:06:50] 647.7, 123.7, 5.235
[23:06:51] 647.6, 123.7, 5.230
[23:06:52] 677.4, 123.0, 7.786
[23:06:53] 960.1, 123.2, 7.807
[23:06:54] 960.4, 123.2, 7.818
[23:06:55] 960.9, 123.2, 7.822
[23:06:56] 961.4, 123.2, 7.824
[23:06:57] 962.0, 123.2, 7.827
[23:06:58] 946.7, 123.8, 5.270
[23:06:59] 671.3, 123.7, 5.248
[23:07:00] 648.5, 123.7, 5.248
[23:07:01] 648.4, 123.8, 5.238
[23:07:02] 648.2, 123.8, 5.236
[23:07:03] 739.2, 123.2, 7.801
[23:07:04] 962.2, 123.1, 7.813
[23:07:05] 962.3, 123.1, 7.826
[23:07:06] 962.7, 123.1, 7.836
[23:07:07] 963.2, 123.2, 7.836
[23:07:08] 963.6, 123.2, 7.839
[23:07:09] 964.1, 123.1, 7.852
[23:07:10] 964.6, 123.1, 7.854
[23:07:11] 965.1, 123.2, 7.848
[23:07:12] 965.5, 123.2, 7.851
[23:07:13] 965.8, 123.2, 7.849
[23:07:14] 966.2, 123.8, 5.507
[23:07:15] 749.3, 123.7, 5.263
[23:07:16] 650.2, 123.8, 5.249
[23:07:17] 650.0, 123.9, 5.245
[23:07:18] 649.8, 123.8, 5.254
