<<<[11:38:29] 644.5, 123.4, 5.218
[11:38:30] 644.5, 123.5, 5.221
[11:38:31] 644.5, 123.4, 5.315
[11:38:32] 658.1, 123.4, 5.422
[11:38:33] 666.8, 123.4, 5.377
[11:38:34] 666.7, 123.4, 5.420
[11:38:35] 666.8, 123.4, 5.375
[11:38:36] 666.7, 123.4, 5.415
[11:38:37] 666.8, 123.4, 5.412
[11:38:38] 666.9, 123.4, 5.385
[11:38:39] 666.8, 123.4, 5.420
[11:38:40] 666.8, 123.3, 5.381
[11:38:41] 666.8, 123.4, 5.421
[11:38:42] 666.8, 123.3, 5.387
[11:38:43] 666.8, 123.3, 5.401
[11:38:44] 666.7, 123.3, 5.426
[11:38:45] 666.9, 123.4, 5.379
[11:38:46] 666.8, 123.3, 5.432
[11:38:47] 666.9, 123.4, 5.385
[11:38:48] 666.9, 123.4, 5.428
[11:38:49] 667.0, 123.4, 5.383
[11:38:50] 666.9, 123.3, 5.399
[11:38:51] 667.4, 123.4, 5.407
[11:38:52] 667.4, 123.5, 5.396
[11:38:53] 667.4, 123.4, 5.413
[11:38:54] 667.3, 123.4, 5.395
[11:38:55] 667.3, 123.5, 5.472
[11:38:56] 676.6, 123.3, 5.410
[11:38:57] 665.4, 123.3, 5.390
[11:38:58] 665.4, 123.4, 5.388
[11:38:59] 665.7, 123.3, 5.384
[11:39:00] 665.8, 123.4, 5.488
[11:39:01] 671.7, 123.4, 5.386
[11:39:02] 666.6, 123.3, 5.378
[11:39:03] 666.7, 123.4, 5.413
[11:39:04] 666.6, 123.4, 5.397
[11:39:05] 666.5, 123.3, 5.512
[11:39:06] 677.4, 123.3, 5.474
[11:39:07] 677.1, 123.4, 5.452
[11:39:08] 671.1, 123.3, 5.412
[11:39:09] 670.7, 123.4, 5.325
[11:39:10] 655.4, 123.4, 5.221
[11:39:11] 644.9, 123.4, 5.221
[11:39:12] 644.9, 123.5, 5.220
[11:39:13] 644.8, 123.4, 5.217
[11:39:14] 644.8, 123.0, 7.050
[11:39:15] 741.4, 123.3, 5.220
[11:39:16] 644.7, 123.4, 5.222
[11:39:17] 644.7, 123.4, 5.201
[11:39:18] 644.5, 123.5, 5.216
[11:39:19] 644.5, 122.9, 6.979
[11:39:20] 733.3, 123.4, 5.220
[11:39:21] 644.7, 123.3, 5.211
[11:39:22] 644.6, 123.4, 5.217
[11:39:23] 644.5, 123.5, 5.200
[11:39:24] 644.3, 123.0, 6.611
[11:39:25] 768.2, 123.4, 5.210
[11:39:26] 642.8, 123.4, 5.207
[11:39:27] 642.8, 123.3, 5.204
[11:39:28] 642.8, 123.4, 5.204
[11:39:29] 642.8, 123.3, 5.206
[11:39:30] 755.0, 123.4, 5.231
[11:39:31] 681.1, 123.3, 5.213
[11:39:32] 643.4, 123.4, 5.207
[11:39:33] 643.3, 123.4, 5.202
[11:39:34] 643.2, 123.5, 5.203
[11:39:35] 693.4, 122.8, 7.239
[11:39:36] 792.6, 123.4, 5.204
[11:39:37] 643.4, 123.5, 5.207
[11:39:38] 643.3, 123.4, 5.203
[11:39:39] 643.3, 123.4, 5.202
[11:39:40] 643.2, 122.9, 7.437
[11:39:41] 842.8, 122.9, 7.238
[11:39:42] 792.0, 123.4, 5.213
[11:39:43] 643.9, 123.3, 5.213
[11:39:44] 643.9, 123.4, 5.211
[11:39:45] 643.8, 123.4, 5.206
[11:39:46] 643.7, 122.8, 7.499
[11:39:47] 856.7, 122.8, 7.572
[11:39:48] 931.3, 123.3, 5.589
[11:39:49] 741.8, 123.4, 5.212
[11:39:50] 643.9, 123.5, 5.208
[11:39:51] 643.8, 123.4, 5.206
[11:39:52] 643.7, 123.4, 5.204
[11:39:53] 643.6, 122.8, 7.543
[11:39:54] 885.1, 122.7, 7.568
[11:39:55] 930.9, 122.9, 7.577
[11:39:56] 931.0, 122.8, 7.580
[11:39:57] 930.9, 123.5, 5.251
[11:39:58] 687.8, 123.5, 5.214
[11:39:59] 644.1, 123.4, 5.211
[11:40:00] 644.0, 123.4, 5.208
[11:40:01] 643.9, 123.4, 5.206
[11:40:02] 656.0, 122.8, 7.566
[11:40:03] 930.5, 122.9, 7.573
[11:40:04] 930.6, 122.8, 7.581
[11:40:05] 930.8, 122.8, 7.586
[11:40:06] 931.1, 122.9, 7.592
[11:40:07] 931.4, 122.8, 7.599
[11:40:08] 931.8, 122.9, 7.599
[11:40:09] 932.2, 122.9, 7.599
[11:40:10] 863.0, 123.3, 5.229
[11:40:11] 645.9, 123.4, 5.222
[11:40:12] 645.8, 123.4, 5.226
[11:40:13] 645.7, 123.3, 5.217
[11:40:14] 645.5, 123.3, 5.212
[11:40:15] 773.9, 122.7, 7.577
[11:40:16] 931.7, 122.7, 7.587
[11:40:17] 931.9, 122.8, 7.595
[11:40:18] 932.2, 122.9, 7.600
[11:40:19] 932.5, 122.8, 7.603
[11:40:20] 932.8, 122.8, 7.602
[11:40:21] 933.2, 122.8, 7.606
[11:40:22] 933.5, 122.8, 7.609
[11:40:23] 933.8, 122.8, 7.613
[11:40:24] 934.1, 122.7, 7.614
[11:40:25] 934.4, 122.8, 7.615
[11:40:26] 934.6, 122.7, 7.615
[11:40:27] 934.9, 122.8, 7.613
[11:40:28] 935.1, 122.8, 7.615
[11:40:29] 935.2, 122.8, 7.607
[11:40:30] 863.0, 123.4, 5.234
[11:40:31] 646.7, 123.3, 5.229
[11:40:32] 646.6, 123.3, 5.221
[11:40:33] 646.3, 123.4, 5.220
