<<<[23:51:30] 647.8, 124.2, 5.201
[23:51:31] 647.4, 124.2, 5.185
[23:51:32] 647.1, 124.1, 5.402
[23:51:33] 660.7, 124.1, 5.308
[23:51:34] 660.7, 124.2, 5.219
[23:51:35] 648.7, 124.1, 5.216
[23:51:36] 648.3, 124.1, 5.218
[23:51:37] 648.0, 124.1, 5.216
[23:51:38] 647.8, 124.1, 5.217
[23:51:39] 647.5, 123.9, 6.733
[23:51:40] 740.2, 124.1, 5.187
[23:51:41] 644.3, 124.1, 5.183
[23:51:42] 644.3, 124.2, 5.187
[23:51:43] 644.2, 124.1, 5.180
[23:51:44] 644.1, 123.9, 6.796
[23:51:45] 736.9, 124.2, 5.184
[23:51:46] 644.3, 124.2, 5.193
[23:51:47] 644.2, 124.1, 5.180
[23:51:48] 644.1, 124.2, 5.180
[23:51:49] 644.1, 124.0, 6.846
[23:51:50] 735.9, 124.1, 5.198
[23:51:51] 644.3, 124.1, 5.205
[23:51:52] 644.3, 124.3, 5.203
[23:51:53] 644.4, 124.2, 5.203
[23:51:54] 644.4, 124.0, 6.907
[23:51:55] 734.7, 124.2, 5.176
[23:51:56] 643.7, 124.3, 5.205
[23:51:57] 643.9, 124.2, 5.204
[23:51:58] 644.1, 124.2, 5.184
[23:51:59] 644.1, 124.0, 6.967
[23:52:00] 733.5, 124.2, 5.180
[23:52:01] 643.6, 124.2, 5.177
[23:52:02] 643.5, 124.1, 5.194
[23:52:03] 643.6, 124.2, 5.175
[23:52:04] 643.5, 123.8, 7.028
[23:52:05] 732.1, 124.1, 5.177
[23:52:06] 643.6, 124.2, 5.191
[23:52:07] 643.6, 124.1, 5.176
[23:52:08] 643.5, 124.2, 5.181
[23:52:09] 643.5, 123.8, 7.070
[23:52:10] 730.0, 124.1, 5.191
[23:52:11] 643.6, 124.2, 5.173
[23:52:12] 643.5, 124.1, 5.174
[23:52:13] 643.5, 124.2, 5.174
[23:52:14] 643.4, 123.8, 7.091
[23:52:15] 724.1, 124.1, 5.178
[23:52:16] 643.2, 124.1, 5.179
[23:52:17] 643.2, 124.1, 5.178
[23:52:18] 643.2, 124.1, 5.185
[23:52:19] 643.2, 123.7, 7.154
[23:52:20] 763.2, 124.1, 5.179
[23:52:21] 643.6, 124.2, 5.175
[23:52:22] 643.5, 124.2, 5.188
[23:52:23] 643.5, 124.1, 5.173
[23:52:24] 643.4, 123.6, 7.300
[23:52:25] 793.0, 124.1, 5.178
[23:52:26] 643.4, 124.1, 5.192
[23:52:27] 643.4, 124.2, 5.175
[23:52:28] 643.4, 124.1, 5.172
[23:52:29] 643.3, 124.1, 5.173
[23:52:30] 768.2, 124.2, 5.449
[23:52:31] 728.0, 124.1, 5.180
[23:52:32] 643.9, 124.2, 5.176
[23:52:33] 643.8, 124.2, 5.173
[23:52:34] 643.7, 124.2, 5.184
[23:52:35] 644.2, 123.6, 7.594
[23:52:36] 929.8, 124.2, 5.201
[23:52:37] 681.1, 124.3, 5.175
[23:52:38] 643.4, 124.1, 5.195
[23:52:39] 643.4, 124.2, 5.177
[23:52:40] 643.4, 124.2, 5.172
[23:52:41] 706.9, 123.7, 7.601
[23:52:42] 941.0, 123.6, 7.270
[23:52:43] 850.6, 124.3, 5.186
[23:52:44] 644.9, 124.2, 5.184
[23:52:45] 644.8, 124.3, 5.172
[23:52:46] 644.6, 124.2, 5.180
[23:52:47] 644.4, 123.7, 7.213
[23:52:48] 825.0, 123.7, 7.614
[23:52:49] 942.7, 123.5, 7.634
[23:52:50] 942.9, 123.6, 7.644
[23:52:51] 914.8, 124.1, 5.199
[23:52:52] 645.7, 124.2, 5.190
[23:52:53] 645.5, 124.2, 5.184
[23:52:54] 645.4, 124.2, 5.191
[23:52:55] 645.1, 124.2, 5.175
[23:52:56] 767.0, 123.6, 7.621
[23:52:57] 942.7, 123.6, 7.636
[23:52:58] 943.0, 123.6, 7.643
[23:52:59] 943.3, 123.5, 7.649
[23:53:00] 943.7, 123.7, 7.655
[23:53:01] 944.2, 123.6, 7.662
[23:53:02] 944.5, 124.1, 5.243
[23:53:03] 690.0, 124.2, 5.198
[23:53:04] 645.9, 124.1, 5.194
[23:53:05] 645.8, 124.2, 5.189
[23:53:06] 645.6, 124.1, 5.200
[23:53:07] 651.4, 123.6, 7.609
[23:53:08] 942.6, 123.5, 7.645
[23:53:09] 942.9, 123.6, 7.642
[23:53:10] 943.2, 123.6, 7.655
[23:53:11] 943.7, 123.5, 7.662
[23:53:12] 944.2, 123.6, 7.665
[23:53:13] 944.8, 123.6, 7.669
[23:53:14] 945.3, 123.5, 7.675
[23:53:15] 945.9, 123.5, 7.670
[23:53:16] 946.3, 123.6, 7.671
[23:53:17] 946.7, 123.6, 7.672
[23:53:18] 947.1, 123.5, 7.672
[23:53:19] 947.4, 123.6, 7.675
[23:53:20] 872.7, 124.3, 5.215
[23:53:21] 648.5, 124.2, 5.202
[23:53:22] 648.2, 124.2, 5.207
[23:53:23] 648.0, 124.2, 5.191
