<<<[00:59:20] 647.6, 124.7, 5.173
[00:59:21] 647.2, 124.6, 5.170
[00:59:22] 646.9, 124.6, 5.165
[00:59:23] 647.2, 124.6, 5.329
[00:59:24] 669.3, 124.5, 5.377
[00:59:25] 669.0, 124.5, 5.404
[00:59:26] 668.8, 124.6, 5.404
[00:59:27] 668.4, 124.6, 5.316
[00:59:28] 661.1, 124.5, 5.291
[00:59:29] 661.1, 124.6, 5.301
[00:59:30] 660.9, 124.6, 5.292
[00:59:31] 661.1, 124.5, 5.302
[00:59:32] 661.1, 124.6, 5.291
[00:59:33] 661.1, 124.5, 5.303
[00:59:34] 661.5, 124.6, 5.288
[00:59:35] 661.4, 124.6, 5.292
[00:59:36] 661.2, 124.5, 5.384
[00:59:37] 661.4, 124.6, 5.292
[00:59:38] 661.2, 124.6, 5.292
[00:59:39] 661.1, 124.5, 5.288
[00:59:40] 661.5, 124.6, 5.341
[00:59:41] 662.0, 124.6, 5.302
[00:59:42] 662.0, 124.6, 5.239
[00:59:43] 653.0, 124.6, 5.224
[00:59:44] 652.4, 124.7, 5.167
[00:59:45] 644.3, 124.7, 5.167
[00:59:46] 644.3, 124.6, 5.165
[00:59:47] 644.3, 124.6, 5.655
[00:59:48] 739.8, 124.6, 5.159
[00:59:49] 643.9, 124.7, 5.163
[00:59:50] 643.9, 124.6, 5.160
[00:59:51] 643.8, 124.6, 5.162
[00:59:52] 643.7, 124.6, 5.689
[00:59:53] 730.2, 124.6, 5.162
[00:59:54] 643.9, 124.7, 5.160
[00:59:55] 643.8, 124.5, 5.169
[00:59:56] 643.8, 124.6, 5.164
[00:59:57] 643.8, 124.0, 7.150
[00:59:58] 760.7, 124.6, 5.163
[00:59:59] 643.7, 124.5, 5.169
[01:00:00] 643.7, 124.5, 5.164
[01:00:01] 643.7, 124.5, 5.165
[01:00:02] 643.7, 124.0, 7.157
[01:00:03] 797.1, 124.5, 5.172
[01:00:04] 645.9, 124.7, 5.163
[01:00:05] 645.6, 124.6, 5.168
[01:00:06] 645.4, 124.7, 5.158
[01:00:07] 645.1, 124.6, 5.162
[01:00:08] 741.6, 124.1, 7.170
[01:00:09] 799.3, 124.7, 5.168
[01:00:10] 644.5, 124.5, 5.162
[01:00:11] 644.3, 124.6, 5.166
[01:00:12] 644.3, 124.6, 5.161
[01:00:13] 644.2, 124.1, 7.197
[01:00:14] 835.7, 124.1, 7.283
[01:00:15] 854.4, 124.6, 5.172
[01:00:16] 645.3, 124.7, 5.164
[01:00:17] 645.1, 124.6, 5.170
[01:00:18] 645.0, 124.7, 5.159
[01:00:19] 644.8, 124.5, 5.235
[01:00:20] 766.2, 124.2, 7.280
[01:00:21] 905.0, 124.1, 7.296
[01:00:22] 905.1, 124.6, 5.917
[01:00:23] 752.2, 124.6, 5.178
[01:00:24] 645.3, 124.7, 5.168
[01:00:25] 645.2, 124.6, 5.166
[01:00:26] 645.1, 124.7, 5.164
[01:00:27] 644.9, 124.1, 7.265
[01:00:28] 887.0, 124.1, 7.291
[01:00:29] 905.9, 124.1, 7.304
[01:00:30] 906.1, 124.2, 7.306
[01:00:31] 906.3, 124.1, 7.318
[01:00:32] 906.7, 124.5, 6.021
[01:00:33] 756.9, 124.6, 5.185
[01:00:34] 646.5, 124.6, 5.177
[01:00:35] 646.3, 124.6, 5.175
[01:00:36] 646.1, 124.6, 5.169
[01:00:37] 645.9, 124.1, 7.271
[01:00:38] 871.7, 124.1, 7.300
[01:00:39] 906.9, 124.0, 7.310
[01:00:40] 907.0, 124.1, 7.314
[01:00:41] 907.3, 124.0, 7.330
[01:00:42] 907.6, 124.1, 7.329
[01:00:43] 907.9, 124.1, 7.336
[01:00:44] 908.3, 124.1, 7.331
[01:00:45] 908.7, 124.1, 7.333
[01:00:46] 909.0, 124.0, 7.332
[01:00:47] 909.3, 124.7, 5.284
[01:00:48] 714.0, 124.6, 5.187
[01:00:49] 647.3, 124.7, 5.184
[01:00:50] 647.1, 124.6, 5.179
[01:00:51] 646.9, 124.7, 5.177
