<<<[19:45:37] 646.5, 123.4, 5.206
[19:45:38] 646.2, 123.5, 5.206
[19:45:39] 645.9, 123.5, 5.247
[19:45:40] 654.8, 123.4, 5.394
[19:45:41] 665.2, 123.5, 5.387
[19:45:42] 655.8, 123.5, 5.212
[19:45:43] 644.9, 123.5, 5.207
[19:45:44] 644.8, 123.5, 5.207
[19:45:45] 644.7, 123.5, 5.208
[19:45:46] 644.7, 123.6, 5.205
[19:45:47] 739.6, 123.6, 5.204
[19:45:48] 643.4, 123.6, 5.199
[19:45:49] 643.4, 123.6, 5.201
[19:45:50] 643.4, 123.6, 5.202
[19:45:51] 643.4, 123.6, 5.201
[19:45:52] 734.5, 123.6, 5.203
[19:45:53] 643.4, 123.6, 5.200
[19:45:54] 643.4, 123.6, 5.200
[19:45:55] 643.4, 123.6, 5.201
[19:45:56] 643.4, 123.6, 5.198
[19:45:57] 733.7, 123.6, 5.209
[19:45:58] 643.6, 123.6, 5.197
[19:45:59] 643.6, 123.6, 5.196
[19:46:00] 643.5, 123.6, 5.198
[19:46:01] 643.5, 123.6, 5.201
[19:46:02] 732.1, 123.6, 5.201
[19:46:03] 643.6, 123.6, 5.199
[19:46:04] 643.6, 123.6, 5.199
[19:46:05] 643.7, 123.6, 5.196
[19:46:06] 643.8, 123.6, 5.196
[19:46:07] 729.0, 123.6, 5.198
[19:46:08] 643.4, 123.5, 5.198
[19:46:09] 643.3, 123.6, 5.194
[19:46:10] 643.3, 123.5, 5.196
[19:46:11] 643.3, 123.6, 5.192
[19:46:12] 724.5, 123.6, 5.196
[19:46:13] 643.0, 123.6, 5.196
[19:46:14] 643.0, 123.5, 5.197
[19:46:15] 643.1, 123.6, 5.199
[19:46:16] 643.1, 123.6, 5.196
[19:46:17] 726.0, 123.5, 5.227
[19:46:18] 681.9, 123.6, 5.197
[19:46:19] 643.4, 123.6, 5.199
[19:46:20] 643.4, 123.7, 5.192
[19:46:21] 643.4, 123.7, 5.194
[19:46:22] 710.3, 123.5, 5.508
[19:46:23] 730.8, 123.6, 5.197
[19:46:24] 643.2, 123.6, 5.196
[19:46:25] 643.2, 123.6, 5.193
[19:46:26] 643.2, 123.6, 5.191
[19:46:27] 653.8, 123.1, 7.252
[19:46:28] 803.6, 123.5, 5.201
[19:46:29] 643.4, 123.6, 5.196
[19:46:30] 643.3, 123.6, 5.195
[19:46:31] 643.3, 123.6, 5.196
[19:46:32] 643.3, 123.0, 7.577
[19:46:33] 852.4, 123.6, 5.532
[19:46:34] 737.1, 123.6, 5.203
[19:46:35] 643.7, 123.5, 5.201
[19:46:36] 643.6, 123.5, 5.201
[19:46:37] 643.6, 123.5, 5.202
[19:46:38] 643.6, 122.8, 7.778
[19:46:39] 937.4, 122.8, 7.778
[19:46:40] 869.3, 123.5, 5.216
[19:46:41] 644.9, 123.4, 5.213
[19:46:42] 644.8, 123.4, 5.204
[19:46:43] 644.7, 123.4, 5.212
[19:46:44] 644.8, 123.4, 5.327
[19:46:45] 792.8, 122.8, 7.804
[19:46:46] 960.5, 122.8, 7.822
[19:46:47] 960.7, 122.9, 7.504
[19:46:48] 866.8, 123.5, 5.224
[19:46:49] 645.9, 123.5, 5.217
[19:46:50] 645.8, 123.5, 5.214
[19:46:51] 645.7, 123.5, 5.210
[19:46:52] 645.5, 123.0, 6.822
[19:46:53] 816.8, 122.8, 7.809
[19:46:54] 961.8, 122.8, 7.824
[19:46:55] 962.0, 122.8, 7.833
[19:46:56] 962.3, 122.9, 7.841
[19:46:57] 962.7, 122.8, 7.849
[19:46:58] 963.1, 123.0, 7.321
[19:46:59] 808.5, 123.6, 5.232
[19:47:00] 647.5, 123.5, 5.224
[19:47:01] 647.3, 123.5, 5.218
[19:47:02] 647.1, 123.5, 5.213
[19:47:03] 646.8, 122.8, 7.690
[19:47:04] 868.9, 122.8, 7.821
[19:47:05] 962.8, 122.9, 7.832
[19:47:06] 963.0, 122.9, 7.844
[19:47:07] 963.3, 122.9, 7.851
[19:47:08] 963.7, 122.9, 7.858
[19:47:09] 964.2, 122.9, 7.859
[19:47:10] 964.6, 122.9, 7.864
[19:47:11] 965.0, 122.8, 7.870
[19:47:12] 965.4, 122.8, 7.872
[19:47:13] 965.9, 122.8, 7.875
[19:47:14] 966.3, 122.8, 7.873
[19:47:15] 957.5, 123.5, 5.255
[19:47:16] 649.3, 123.5, 5.241
[19:47:17] 649.1, 123.6, 5.229
[19:47:18] 648.8, 123.5, 5.226
