<<<[04:15:10] 653.3, 124.9, 5.157
[04:15:11] 643.9, 124.9, 5.149
[04:15:12] 643.9, 124.9, 5.151
[04:15:13] 653.0, 124.9, 5.278
[04:15:14] 664.8, 124.8, 5.283
[04:15:15] 664.3, 124.9, 5.300
[04:15:16] 664.3, 124.9, 5.193
[04:15:17] 652.0, 125.0, 5.185
[04:15:18] 646.5, 124.9, 5.154
[04:15:19] 646.2, 124.9, 5.153
[04:15:20] 645.9, 124.9, 5.150
[04:15:21] 645.7, 124.5, 7.114
[04:15:22] 740.4, 124.9, 5.146
[04:15:23] 643.6, 124.9, 5.153
[04:15:24] 643.6, 125.0, 5.146
[04:15:25] 643.6, 124.9, 5.150
[04:15:26] 643.6, 124.4, 7.113
[04:15:27] 735.1, 124.9, 5.148
[04:15:28] 643.7, 124.9, 5.149
[04:15:29] 643.8, 124.9, 5.153
[04:15:30] 644.0, 124.9, 5.152
[04:15:31] 644.1, 124.4, 7.108
[04:15:32] 735.1, 124.9, 5.153
[04:15:33] 644.1, 124.9, 5.150
[04:15:34] 644.1, 125.0, 5.151
[04:15:35] 644.0, 124.9, 5.147
[04:15:36] 644.0, 124.5, 7.102
[04:15:37] 733.9, 124.9, 5.150
[04:15:38] 644.1, 125.0, 5.150
[04:15:39] 644.0, 124.9, 5.148
[04:15:40] 644.0, 124.9, 5.146
[04:15:41] 644.0, 124.5, 7.095
[04:15:42] 732.5, 124.9, 5.148
[04:15:43] 643.9, 125.0, 5.144
[04:15:44] 643.7, 124.9, 5.139
[04:15:45] 643.7, 125.0, 5.148
[04:15:46] 643.6, 124.4, 7.090
[04:15:47] 730.4, 125.0, 5.144
[04:15:48] 644.3, 124.9, 5.144
[04:15:49] 644.3, 125.0, 5.140
[04:15:50] 644.2, 124.9, 5.142
[04:15:51] 644.1, 124.5, 7.073
[04:15:52] 724.3, 125.0, 5.142
[04:15:53] 643.2, 124.9, 5.146
[04:15:54] 643.2, 125.0, 5.143
[04:15:55] 643.2, 124.9, 5.143
[04:15:56] 643.2, 124.5, 7.079
[04:15:57] 762.2, 124.9, 5.144
[04:15:58] 643.4, 125.0, 5.145
[04:15:59] 643.3, 125.0, 5.144
[04:16:00] 643.3, 124.9, 5.140
[04:16:01] 643.3, 124.5, 6.608
[04:16:02] 787.8, 124.9, 5.146
[04:16:03] 646.1, 125.0, 5.144
[04:16:04] 645.7, 124.9, 5.145
[04:16:05] 645.4, 124.9, 5.140
[04:16:06] 645.1, 124.9, 5.140
[04:16:07] 740.2, 124.9, 5.794
[04:16:08] 750.2, 124.8, 5.148
[04:16:09] 643.6, 125.0, 5.142
[04:16:10] 643.5, 124.9, 5.143
[04:16:11] 643.5, 125.0, 5.143
[04:16:12] 643.5, 124.3, 7.524
[04:16:13] 906.7, 125.0, 5.204
[04:16:14] 698.3, 124.9, 5.146
[04:16:15] 643.4, 124.9, 5.148
[04:16:16] 643.3, 125.0, 5.140
[04:16:17] 643.3, 124.9, 5.148
[04:16:18] 656.9, 124.4, 7.522
[04:16:19] 938.4, 124.3, 7.556
[04:16:20] 923.5, 125.0, 5.162
[04:16:21] 651.6, 125.0, 5.157
[04:16:22] 644.1, 124.8, 5.146
[04:16:23] 644.0, 125.0, 5.147
[04:16:24] 643.9, 124.9, 5.143
[04:16:25] 745.9, 124.4, 7.542
[04:16:26] 939.8, 124.4, 7.568
[04:16:27] 940.1, 124.3, 7.571
[04:16:28] 940.4, 124.9, 5.960
[04:16:29] 755.6, 124.9, 5.156
[04:16:30] 645.3, 125.0, 5.154
[04:16:31] 645.1, 124.9, 5.146
[04:16:32] 645.1, 125.0, 5.148
[04:16:33] 645.0, 124.3, 7.537
[04:16:34] 924.4, 124.4, 7.568
[04:16:35] 942.6, 124.4, 7.578
[04:16:36] 942.6, 124.3, 7.580
[04:16:37] 942.8, 124.4, 7.585
[04:16:38] 943.0, 124.3, 7.589
[04:16:39] 943.4, 124.4, 7.599
[04:16:40] 938.0, 124.9, 5.181
[04:16:41] 657.1, 125.0, 5.167
[04:16:42] 646.1, 124.9, 5.159
[04:16:43] 646.0, 124.9, 5.158
[04:16:44] 645.8, 125.0, 5.149
[04:16:45] 692.2, 124.3, 7.563
[04:16:46] 941.0, 124.3, 7.576
[04:16:47] 941.3, 124.3, 7.590
[04:16:48] 941.6, 124.3, 7.589
[04:16:49] 942.1, 124.3, 7.593
[04:16:50] 942.5, 124.3, 7.601
[04:16:51] 943.0, 124.4, 7.606
[04:16:52] 943.5, 124.3, 7.611
[04:16:53] 944.1, 124.3, 7.615
[04:16:54] 944.5, 124.3, 7.620
[04:16:55] 945.0, 124.2, 7.619
[04:16:56] 945.4, 124.3, 7.625
[04:16:57] 945.8, 124.3, 7.619
[04:16:58] 946.2, 124.8, 5.902
[04:16:59] 769.9, 125.0, 5.179
[04:17:00] 647.7, 125.0, 5.172
[04:17:01] 647.6, 124.9, 5.163
[04:17:02] 647.8, 124.9, 5.160
