<<<[06:28:42] 647.3, 124.7, 5.182
[06:28:43] 647.2, 124.7, 5.178
[06:28:44] 647.2, 124.8, 5.176
[06:28:45] 654.0, 124.8, 5.320
[06:28:46] 660.1, 124.7, 5.178
[06:28:47] 647.3, 124.7, 5.177
[06:28:48] 647.3, 124.8, 5.187
[06:28:49] 647.3, 124.8, 5.180
[06:28:50] 647.2, 124.8, 5.189
[06:28:51] 743.3, 124.8, 5.177
[06:28:52] 647.5, 124.8, 5.172
[06:28:53] 647.4, 124.8, 5.179
[06:28:54] 647.3, 124.8, 5.171
[06:28:55] 647.4, 124.8, 5.179
[06:28:56] 740.6, 124.8, 5.179
[06:28:57] 647.5, 124.8, 5.173
[06:28:58] 647.3, 124.8, 5.181
[06:28:59] 647.2, 124.8, 5.168
[06:29:00] 647.1, 124.8, 5.171
[06:29:01] 739.4, 124.8, 5.182
[06:29:02] 647.9, 124.8, 5.172
[06:29:03] 647.7, 124.8, 5.179
[06:29:04] 647.5, 124.8, 5.176
[06:29:05] 647.4, 124.7, 5.171
[06:29:06] 738.2, 124.8, 5.182
[06:29:07] 648.9, 124.8, 5.171
[06:29:08] 648.5, 124.8, 5.171
[06:29:09] 648.2, 124.8, 5.171
[06:29:10] 647.9, 124.7, 5.169
[06:29:11] 736.5, 124.8, 5.181
[06:29:12] 650.0, 124.8, 5.176
[06:29:13] 649.5, 124.8, 5.169
[06:29:14] 649.1, 124.8, 5.174
[06:29:15] 648.7, 124.8, 5.171
[06:29:16] 734.5, 124.8, 5.174
[06:29:17] 650.8, 124.7, 5.172
[06:29:18] 650.2, 124.8, 5.172
[06:29:19] 649.7, 124.8, 5.171
[06:29:20] 649.3, 124.7, 5.173
[06:29:21] 731.9, 124.8, 5.175
[06:29:22] 652.4, 124.7, 5.179
[06:29:23] 646.3, 124.8, 5.171
[06:29:24] 646.2, 124.7, 5.171
[06:29:25] 646.2, 124.7, 5.172
[06:29:26] 728.4, 124.8, 5.177
[06:29:27] 653.4, 124.7, 5.172
[06:29:28] 645.9, 124.8, 5.174
[06:29:29] 645.8, 124.7, 5.171
[06:29:30] 645.8, 124.8, 5.170
[06:29:31] 724.1, 124.8, 5.175
[06:29:32] 654.2, 124.8, 5.177
[06:29:33] 645.9, 124.7, 5.169
[06:29:34] 645.9, 124.7, 5.171
[06:29:35] 645.8, 124.8, 5.170
[06:29:36] 715.8, 124.8, 5.182
[06:29:37] 655.6, 124.8, 5.168
[06:29:38] 645.9, 124.7, 5.170
[06:29:39] 645.9, 124.7, 5.181
[06:29:40] 645.8, 124.8, 5.166
[06:29:41] 700.2, 124.8, 5.238
[06:29:42] 705.6, 124.7, 5.174
[06:29:43] 645.9, 124.8, 5.169
[06:29:44] 645.9, 124.8, 5.176
[06:29:45] 645.9, 124.7, 5.174
[06:29:46] 661.1, 124.6, 6.113
[06:29:47] 766.2, 124.7, 5.183
[06:29:48] 646.5, 124.7, 5.170
[06:29:49] 646.5, 124.7, 5.172
[06:29:50] 646.4, 124.7, 5.181
[06:29:51] 646.3, 124.2, 7.475
[06:29:52] 860.5, 124.8, 5.186
[06:29:53] 659.5, 124.7, 5.173
[06:29:54] 646.5, 124.7, 5.168
[06:29:55] 646.4, 124.7, 5.181
[06:29:56] 646.4, 124.7, 5.168
[06:29:57] 707.9, 124.1, 7.529
[06:29:58] 933.1, 124.7, 5.273
[06:29:59] 709.7, 124.7, 5.176
[06:30:00] 647.1, 124.7, 5.180
[06:30:01] 647.1, 124.7, 5.174
[06:30:02] 647.0, 124.6, 5.173
[06:30:03] 674.5, 124.1, 7.531
[06:30:04] 937.0, 124.1, 7.550
[06:30:05] 937.4, 124.7, 6.245
[06:30:06] 767.6, 124.8, 5.187
[06:30:07] 647.9, 124.8, 5.176
[06:30:08] 647.8, 124.8, 5.181
[06:30:09] 647.7, 124.8, 5.174
[06:30:10] 647.5, 124.2, 7.515
[06:30:11] 900.6, 124.2, 7.558
[06:30:12] 940.4, 124.2, 7.570
[06:30:13] 940.5, 124.2, 7.576
[06:30:14] 940.9, 124.2, 7.586
[06:30:15] 889.6, 124.8, 5.206
[06:30:16] 649.7, 124.8, 5.189
[06:30:17] 649.6, 124.8, 5.184
[06:30:18] 649.4, 124.8, 5.183
[06:30:19] 649.1, 124.8, 5.178
[06:30:20] 770.9, 124.2, 7.551
[06:30:21] 940.0, 124.2, 7.570
[06:30:22] 940.2, 124.2, 7.580
[06:30:23] 940.6, 124.3, 7.584
[06:30:24] 940.9, 124.2, 7.589
[06:30:25] 941.4, 124.2, 7.587
[06:30:26] 941.8, 124.2, 7.607
[06:30:27] 942.4, 124.1, 7.604
[06:30:28] 942.8, 124.2, 7.429
[06:30:29] 837.4, 124.7, 5.205
[06:30:30] 650.8, 124.8, 5.202
[06:30:31] 650.6, 124.7, 5.198
[06:30:32] 650.5, 124.7, 5.187
[06:30:33] 650.2, 124.3, 6.501
[06:30:34] 804.6, 124.1, 7.572
[06:30:35] 941.4, 124.1, 7.570
[06:30:36] 941.5, 124.1, 7.587
[06:30:37] 941.8, 124.1, 7.593
[06:30:38] 942.2, 124.1, 7.599
[06:30:39] 942.6, 124.1, 7.601
[06:30:40] 943.1, 124.1, 7.611
[06:30:41] 943.6, 124.1, 7.625
[06:30:42] 944.1, 124.2, 7.615
[06:30:43] 944.5, 124.2, 7.621
[06:30:44] 945.0, 124.2, 7.627
[06:30:45] 945.4, 124.2, 7.613
[06:30:46] 945.7, 124.2, 7.622
[06:30:47] 945.9, 124.2, 7.616
[06:30:48] 946.2, 124.2, 7.623
[06:30:49] 946.5, 124.2, 7.633
[06:30:50] 946.8, 124.1, 7.633
[06:30:51] 947.1, 124.7, 5.321
[06:30:52] 725.0, 124.7, 5.214
[06:30:53] 652.6, 124.7, 5.203
[06:30:54] 652.3, 124.7, 5.208
[06:30:55] 652.0, 124.7, 5.197
