<<<[01:11:17] 644.7, 124.7, 5.158
[01:11:18] 644.6, 124.7, 5.155
[01:11:19] 644.4, 124.6, 5.355
[01:11:20] 665.2, 124.7, 5.354
[01:11:21] 665.5, 124.7, 5.309
[01:11:22] 665.4, 124.7, 5.299
[01:11:23] 665.1, 124.7, 5.303
[01:11:24] 664.8, 124.6, 5.339
[01:11:25] 664.6, 124.6, 5.304
[01:11:26] 664.4, 124.7, 5.293
[01:11:27] 664.6, 124.7, 5.320
[01:11:28] 664.3, 124.6, 5.417
[01:11:29] 664.3, 124.6, 5.327
[01:11:30] 664.1, 124.6, 5.387
[01:11:31] 669.7, 124.7, 5.312
[01:11:32] 654.8, 124.7, 5.190
[01:11:33] 645.1, 124.7, 5.188
[01:11:34] 645.1, 124.7, 5.160
[01:11:35] 644.9, 124.6, 5.165
[01:11:36] 644.8, 124.5, 5.437
[01:11:37] 739.8, 124.7, 5.158
[01:11:38] 643.7, 124.7, 5.182
[01:11:39] 643.7, 124.7, 5.182
[01:11:40] 643.8, 124.7, 5.179
[01:11:41] 643.9, 124.6, 5.169
[01:11:42] 735.1, 124.6, 5.161
[01:11:43] 643.6, 124.7, 5.160
[01:11:44] 643.6, 124.7, 5.166
[01:11:45] 643.6, 124.7, 5.157
[01:11:46] 643.6, 124.7, 5.154
[01:11:47] 726.2, 124.7, 5.163
[01:11:48] 643.4, 124.7, 5.157
[01:11:49] 643.4, 124.6, 5.155
[01:11:50] 643.4, 124.7, 5.161
[01:11:51] 643.4, 124.7, 5.155
[01:11:52] 726.4, 124.7, 5.175
[01:11:53] 675.4, 124.6, 5.157
[01:11:54] 643.7, 124.6, 5.158
[01:11:55] 643.7, 124.7, 5.179
[01:11:56] 643.8, 124.7, 5.183
[01:11:57] 692.6, 124.7, 5.390
[01:11:58] 725.2, 124.7, 5.157
[01:11:59] 643.7, 124.8, 5.163
[01:12:00] 643.6, 124.7, 5.152
[01:12:01] 643.6, 124.7, 5.154
[01:12:02] 643.6, 124.3, 7.091
[01:12:03] 853.0, 124.8, 5.163
[01:12:04] 644.1, 124.7, 5.155
[01:12:05] 644.0, 124.7, 5.162
[01:12:06] 643.9, 124.8, 5.155
[01:12:07] 643.9, 124.7, 5.156
[01:12:08] 733.5, 124.2, 7.100
[01:12:09] 873.1, 124.7, 5.162
[01:12:10] 644.3, 124.7, 5.159
[01:12:11] 644.2, 124.7, 5.163
[01:12:12] 644.1, 124.8, 5.153
[01:12:13] 644.1, 124.8, 5.154
[01:12:14] 712.1, 124.3, 7.100
[01:12:15] 882.7, 124.3, 7.109
[01:12:16] 883.0, 124.7, 5.194
[01:12:17] 684.9, 124.6, 5.171
[01:12:18] 644.3, 124.6, 5.161
[01:12:19] 644.3, 124.7, 5.163
[01:12:20] 644.2, 124.7, 5.159
[01:12:21] 672.5, 124.3, 7.092
[01:12:22] 882.9, 124.3, 7.115
[01:12:23] 883.0, 124.2, 7.117
[01:12:24] 883.3, 124.2, 7.122
[01:12:25] 883.7, 124.2, 7.188
[01:12:26] 786.7, 124.7, 5.176
[01:12:27] 645.5, 124.7, 5.165
[01:12:28] 645.4, 124.7, 5.161
[01:12:29] 645.3, 124.7, 5.165
[01:12:30] 645.0, 124.2, 7.071
[01:12:31] 833.1, 124.3, 7.108
[01:12:32] 884.3, 124.3, 7.125
[01:12:33] 884.4, 124.3, 7.128
[01:12:34] 884.7, 124.3, 7.136
[01:12:35] 885.0, 124.3, 7.136
[01:12:36] 885.3, 124.3, 7.140
[01:12:37] 885.6, 124.3, 7.145
[01:12:38] 885.9, 124.3, 7.150
[01:12:39] 886.4, 124.7, 5.218
[01:12:40] 693.9, 124.7, 5.178
[01:12:41] 646.3, 124.7, 5.179
[01:12:42] 646.1, 124.6, 5.168
[01:12:43] 646.0, 124.7, 5.163
[01:12:44] 678.2, 124.2, 7.111
[01:12:45] 884.3, 124.3, 7.123
[01:12:46] 884.5, 124.3, 7.132
[01:12:47] 884.8, 124.3, 7.135
[01:12:48] 885.1, 124.3, 7.142
[01:12:49] 885.5, 124.3, 7.147
[01:12:50] 885.8, 124.3, 7.150
[01:12:51] 886.2, 124.3, 7.146
[01:12:52] 886.6, 124.2, 7.152
[01:12:53] 886.9, 124.2, 7.162
[01:12:54] 887.2, 124.1, 7.156
[01:12:55] 887.6, 124.3, 7.156
[01:12:56] 887.9, 124.3, 7.160
[01:12:57] 888.1, 124.2, 7.158
[01:12:58] 888.4, 124.2, 7.165
[01:12:59] 888.7, 124.2, 7.170
[01:13:00] 888.9, 124.2, 7.162
[01:13:01] 889.1, 124.6, 5.307
[01:13:02] 695.5, 124.6, 5.304
[01:13:03] 659.3, 124.7, 5.205
[01:13:04] 648.5, 124.7, 5.203
