<<<[06:39:04] 656.3, 124.7, 5.191
[06:39:05] 655.8, 124.8, 5.181
[06:39:06] 648.1, 124.8, 5.177
[06:39:07] 648.2, 124.8, 5.316
[06:39:08] 658.7, 124.8, 5.183
[06:39:09] 648.5, 124.9, 5.176
[06:39:10] 648.4, 124.8, 5.178
[06:39:11] 648.1, 124.8, 5.183
[06:39:12] 648.0, 124.8, 5.179
[06:39:13] 743.2, 124.8, 5.178
[06:39:14] 645.9, 124.8, 5.172
[06:39:15] 645.8, 124.8, 5.177
[06:39:16] 645.9, 124.8, 5.176
[06:39:17] 645.9, 124.8, 5.174
[06:39:18] 738.4, 124.8, 5.184
[06:39:19] 645.5, 124.8, 5.173
[06:39:20] 645.6, 124.7, 5.179
[06:39:21] 645.6, 124.8, 5.176
[06:39:22] 645.7, 124.8, 5.167
[06:39:23] 738.2, 124.8, 5.182
[06:39:24] 645.7, 124.8, 5.175
[06:39:25] 645.7, 124.9, 5.172
[06:39:26] 645.9, 124.9, 5.170
[06:39:27] 645.8, 124.8, 5.168
[06:39:28] 738.0, 124.9, 5.179
[06:39:29] 646.5, 124.9, 5.171
[06:39:30] 646.4, 124.8, 5.165
[06:39:31] 646.3, 124.7, 5.179
[06:39:32] 646.3, 124.9, 5.169
[06:39:33] 737.2, 124.8, 5.172
[06:39:34] 646.7, 124.8, 5.176
[06:39:35] 646.5, 124.8, 5.166
[06:39:36] 646.4, 124.9, 5.169
[06:39:37] 646.3, 124.8, 5.172
[06:39:38] 735.7, 124.8, 5.170
[06:39:39] 646.1, 124.9, 5.173
[06:39:40] 646.0, 124.9, 5.167
[06:39:41] 646.0, 124.8, 5.166
[06:39:42] 646.0, 124.7, 5.174
[06:39:43] 733.1, 124.8, 5.172
[06:39:44] 647.5, 124.9, 5.170
[06:39:45] 647.3, 124.9, 5.173
[06:39:46] 647.1, 124.8, 5.160
[06:39:47] 646.8, 124.8, 5.166
[06:39:48] 730.4, 124.8, 5.175
[06:39:49] 648.3, 124.9, 5.167
[06:39:50] 648.0, 124.8, 5.173
[06:39:51] 647.6, 124.7, 5.165
[06:39:52] 647.3, 124.8, 5.167
[06:39:53] 726.0, 124.9, 5.178
[06:39:54] 648.9, 124.8, 5.163
[06:39:55] 648.4, 124.7, 5.173
[06:39:56] 648.1, 124.8, 5.167
[06:39:57] 647.7, 124.9, 5.161
[06:39:58] 717.4, 124.9, 5.220
[06:39:59] 698.7, 124.9, 5.170
[06:40:00] 646.1, 124.7, 5.175
[06:40:01] 646.0, 124.8, 5.170
[06:40:02] 646.0, 124.9, 5.163
[06:40:03] 699.3, 124.9, 5.223
[06:40:04] 699.5, 124.9, 5.168
[06:40:05] 646.1, 124.8, 5.168
[06:40:06] 646.0, 124.8, 5.161
[06:40:07] 645.9, 124.8, 5.163
[06:40:08] 645.8, 124.4, 7.270
[06:40:09] 822.7, 124.9, 5.172
[06:40:10] 646.1, 124.8, 5.167
[06:40:11] 645.9, 124.8, 5.178
[06:40:12] 646.1, 124.8, 5.170
[06:40:13] 646.0, 124.3, 7.382
[06:40:14] 844.5, 124.8, 5.907
[06:40:15] 760.1, 124.8, 5.171
[06:40:16] 646.5, 124.8, 5.166
[06:40:17] 646.4, 124.9, 5.176
[06:40:18] 646.4, 124.9, 5.164
[06:40:19] 646.2, 124.2, 7.779
[06:40:20] 932.1, 124.2, 7.822
[06:40:21] 897.3, 124.9, 5.178
[06:40:22] 647.5, 124.8, 5.169
[06:40:23] 647.3, 124.9, 5.172
[06:40:24] 647.1, 124.9, 5.165
[06:40:25] 646.9, 124.8, 5.168
[06:40:26] 782.9, 124.1, 7.814
[06:40:27] 971.9, 124.2, 7.833
[06:40:28] 972.3, 124.3, 7.624
[06:40:29] 894.7, 124.8, 5.187
[06:40:30] 648.9, 124.9, 5.175
[06:40:31] 648.6, 124.9, 5.176
[06:40:32] 648.5, 124.8, 5.170
[06:40:33] 648.4, 124.4, 6.212
[06:40:34] 813.2, 124.2, 7.826
[06:40:35] 973.3, 124.2, 7.832
[06:40:36] 973.4, 124.1, 7.850
[06:40:37] 973.8, 124.1, 7.857
[06:40:38] 974.3, 124.2, 7.867
[06:40:39] 974.8, 124.3, 7.273
[06:40:40] 834.1, 124.9, 5.195
[06:40:41] 649.5, 124.8, 5.196
[06:40:42] 649.3, 124.8, 5.179
[06:40:43] 649.1, 124.8, 5.175
[06:40:44] 648.8, 124.2, 7.672
[06:40:45] 872.3, 124.3, 7.825
[06:40:46] 974.6, 124.3, 7.843
[06:40:47] 974.8, 124.1, 7.856
[06:40:48] 975.1, 124.3, 7.858
[06:40:49] 975.6, 124.3, 7.872
[06:40:50] 976.0, 124.3, 7.869
[06:40:51] 976.6, 124.3, 7.873
[06:40:52] 977.0, 124.3, 7.880
[06:40:53] 977.4, 124.2, 7.876
[06:40:54] 977.8, 124.2, 7.885
[06:40:55] 978.2, 124.1, 7.882
[06:40:56] 963.6, 124.9, 5.217
[06:40:57] 651.6, 124.9, 5.206
[06:40:58] 651.4, 124.8, 5.191
[06:40:59] 651.1, 124.9, 5.190
[06:41:00] 650.7, 124.8, 5.187
