<<<[05:08:53] 647.3, 125.0, 5.161
[05:08:54] 647.1, 125.0, 5.160
[05:08:55] 646.8, 125.0, 5.210
[05:08:56] 656.7, 124.9, 5.364
[05:08:57] 672.7, 124.9, 5.398
[05:08:58] 672.4, 124.9, 5.386
[05:08:59] 667.0, 124.9, 5.299
[05:09:00] 666.9, 124.9, 5.336
[05:09:01] 666.7, 124.9, 5.333
[05:09:02] 666.7, 124.9, 5.382
[05:09:03] 666.6, 124.9, 5.389
[05:09:04] 666.8, 124.9, 5.274
[05:09:05] 666.5, 124.9, 5.283
[05:09:06] 666.0, 124.9, 5.319
[05:09:07] 665.6, 124.9, 5.294
[05:09:08] 665.3, 124.9, 5.287
[05:09:09] 665.1, 124.9, 5.281
[05:09:10] 664.8, 124.8, 5.302
[05:09:11] 664.4, 124.8, 5.362
[05:09:12] 669.7, 124.9, 5.281
[05:09:13] 661.1, 124.8, 5.315
[05:09:14] 661.2, 124.9, 5.312
[05:09:15] 661.2, 124.9, 5.358
[05:09:16] 661.7, 124.9, 5.297
[05:09:17] 661.6, 124.9, 5.286
[05:09:18] 661.7, 124.9, 5.287
[05:09:19] 661.9, 124.9, 5.346
[05:09:20] 669.7, 124.9, 5.342
[05:09:21] 669.3, 124.9, 5.301
[05:09:22] 660.3, 124.9, 5.157
[05:09:23] 644.3, 125.0, 5.152
[05:09:24] 644.3, 125.0, 5.151
[05:09:25] 644.3, 125.0, 5.152
[05:09:26] 644.3, 125.0, 5.156
[05:09:27] 690.4, 125.0, 5.189
[05:09:28] 690.7, 125.0, 5.150
[05:09:29] 644.1, 125.0, 5.148
[05:09:30] 644.0, 125.0, 5.154
[05:09:31] 644.0, 125.0, 5.149
[05:09:32] 679.0, 125.0, 5.192
[05:09:33] 694.5, 125.0, 5.150
[05:09:34] 644.3, 125.0, 5.152
[05:09:35] 644.3, 125.0, 5.157
[05:09:36] 644.4, 125.0, 5.152
[05:09:37] 662.3, 124.9, 5.732
[05:09:38] 745.1, 125.0, 5.159
[05:09:39] 644.9, 125.0, 5.154
[05:09:40] 644.8, 125.0, 5.154
[05:09:41] 644.9, 125.0, 5.158
[05:09:42] 645.0, 124.5, 7.140
[05:09:43] 778.0, 124.9, 5.151
[05:09:44] 644.3, 124.9, 5.151
[05:09:45] 644.3, 124.9, 5.151
[05:09:46] 644.3, 124.9, 5.153
[05:09:47] 644.2, 124.4, 6.945
[05:09:48] 804.8, 125.0, 5.202
[05:09:49] 697.5, 125.0, 5.154
[05:09:50] 644.3, 125.0, 5.152
[05:09:51] 644.2, 125.0, 5.149
[05:09:52] 644.2, 124.9, 5.150
[05:09:53] 671.9, 124.4, 7.116
[05:09:54] 887.2, 124.9, 5.211
[05:09:55] 698.7, 124.8, 5.153
[05:09:56] 644.3, 125.0, 5.154
[05:09:57] 644.3, 125.0, 5.149
[05:09:58] 644.3, 125.0, 5.156
[05:09:59] 650.4, 124.4, 7.113
[05:10:00] 887.6, 124.4, 7.126
[05:10:01] 887.6, 124.8, 5.851
[05:10:02] 749.6, 124.8, 5.167
[05:10:03] 645.3, 124.9, 5.155
[05:10:04] 645.1, 124.9, 5.155
[05:10:05] 645.1, 124.9, 5.153
[05:10:06] 645.0, 124.4, 7.100
[05:10:07] 852.0, 124.4, 7.125
[05:10:08] 888.0, 124.4, 7.134
[05:10:09] 888.1, 124.4, 7.136
[05:10:10] 888.3, 124.5, 7.154
[05:10:11] 848.7, 124.9, 5.166
[05:10:12] 646.3, 124.9, 5.171
[05:10:13] 646.3, 125.0, 5.152
[05:10:14] 646.0, 125.0, 5.156
[05:10:15] 645.8, 124.7, 5.909
[05:10:16] 768.2, 124.5, 7.121
[05:10:17] 887.6, 124.5, 7.131
[05:10:18] 887.7, 124.4, 7.139
[05:10:19] 887.9, 124.4, 7.143
[05:10:20] 888.3, 124.4, 7.146
[05:10:21] 888.6, 124.4, 7.150
[05:10:22] 888.9, 124.5, 7.151
[05:10:23] 889.2, 124.5, 7.159
[05:10:24] 889.6, 124.9, 5.923
[05:10:25] 753.4, 125.0, 5.169
[05:10:26] 646.3, 124.9, 5.169
[05:10:27] 646.2, 124.9, 5.162
[05:10:28] 646.1, 124.9, 5.155
[05:10:29] 645.9, 124.4, 7.110
[05:10:30] 846.1, 124.4, 7.136
[05:10:31] 889.6, 124.4, 7.142
[05:10:32] 889.7, 124.4, 7.150
[05:10:33] 889.8, 124.4, 7.155
[05:10:34] 890.1, 124.4, 7.159
[05:10:35] 890.3, 124.5, 7.156
[05:10:36] 890.6, 124.4, 7.153
[05:10:37] 890.7, 124.4, 7.160
[05:10:38] 890.9, 124.4, 7.159
[05:10:39] 891.1, 124.4, 7.162
[05:10:40] 891.3, 124.4, 7.164
[05:10:41] 891.5, 124.4, 7.163
[05:10:42] 891.7, 124.4, 7.160
[05:10:43] 891.8, 124.4, 7.164
[05:10:44] 892.0, 124.4, 7.167
[05:10:45] 892.1, 124.4, 7.166
[05:10:46] 892.3, 124.4, 7.164
[05:10:47] 786.7, 124.9, 5.284
[05:10:48] 660.7, 125.0, 5.273
[05:10:49] 660.6, 125.0, 5.172
[05:10:50] 647.1, 125.0, 5.169
