<<<[00:51:33] 648.1, 124.9, 5.178
[00:51:34] 647.7, 125.0, 5.176
[00:51:35] 647.4, 124.8, 5.179
[00:51:36] 647.3, 124.9, 5.305
[00:51:37] 664.8, 124.9, 5.279
[00:51:38] 655.8, 124.9, 5.215
[00:51:39] 648.3, 124.9, 5.178
[00:51:40] 647.9, 124.9, 5.177
[00:51:41] 647.6, 124.9, 5.166
[00:51:42] 647.2, 124.6, 6.051
[00:51:43] 741.6, 124.9, 5.175
[00:51:44] 644.9, 124.9, 5.175
[00:51:45] 644.8, 124.8, 5.170
[00:51:46] 644.8, 124.9, 5.167
[00:51:47] 644.7, 124.7, 5.672
[00:51:48] 736.7, 124.9, 5.173
[00:51:49] 644.5, 125.0, 5.168
[00:51:50] 644.4, 125.0, 5.168
[00:51:51] 644.4, 124.9, 5.165
[00:51:52] 644.3, 124.8, 5.531
[00:51:53] 736.3, 125.0, 5.180
[00:51:54] 644.5, 124.9, 5.166
[00:51:55] 644.4, 124.9, 5.164
[00:51:56] 644.3, 125.0, 5.168
[00:51:57] 644.2, 124.7, 5.375
[00:51:58] 735.3, 124.8, 5.172
[00:51:59] 644.3, 124.9, 5.174
[00:52:00] 644.2, 124.9, 5.171
[00:52:01] 644.2, 124.9, 5.166
[00:52:02] 644.1, 124.8, 5.280
[00:52:03] 735.1, 124.9, 5.167
[00:52:04] 643.9, 124.8, 5.170
[00:52:05] 643.9, 124.9, 5.173
[00:52:06] 643.9, 125.0, 5.163
[00:52:07] 643.8, 124.8, 5.191
[00:52:08] 734.5, 124.8, 5.176
[00:52:09] 643.7, 125.0, 5.163
[00:52:10] 643.7, 124.8, 5.171
[00:52:11] 643.7, 124.9, 5.164
[00:52:12] 643.7, 124.9, 5.165
[00:52:13] 733.1, 125.0, 5.148
[00:52:14] 643.6, 125.0, 5.167
[00:52:15] 643.6, 124.9, 5.160
[00:52:16] 643.5, 125.0, 5.164
[00:52:17] 643.5, 124.9, 5.168
[00:52:18] 730.4, 125.0, 5.167
[00:52:19] 643.6, 124.9, 5.162
[00:52:20] 643.6, 125.0, 5.166
[00:52:21] 643.6, 124.9, 5.164
[00:52:22] 643.5, 125.0, 5.162
[00:52:23] 726.4, 124.9, 5.174
[00:52:24] 643.6, 124.9, 5.163
[00:52:25] 643.5, 125.0, 5.160
[00:52:26] 643.5, 125.0, 5.163
[00:52:27] 643.5, 124.9, 5.162
[00:52:28] 735.9, 125.0, 5.175
[00:52:29] 674.5, 124.9, 5.150
[00:52:30] 643.0, 124.9, 5.164
[00:52:31] 643.0, 125.0, 5.162
[00:52:32] 643.1, 125.0, 5.164
[00:52:33] 717.2, 124.9, 5.387
[00:52:34] 724.8, 125.0, 5.162
[00:52:35] 643.4, 125.0, 5.169
[00:52:36] 643.3, 124.9, 5.164
[00:52:37] 643.3, 125.0, 5.157
[00:52:38] 643.8, 124.5, 7.293
[00:52:39] 859.5, 125.0, 5.167
[00:52:40] 643.9, 125.0, 5.163
[00:52:41] 643.8, 125.0, 5.167
[00:52:42] 643.7, 125.0, 5.160
[00:52:43] 643.6, 124.3, 7.300
[00:52:44] 839.8, 124.4, 7.169
[00:52:45] 798.5, 125.0, 5.149
[00:52:46] 643.6, 125.0, 5.170
[00:52:47] 643.5, 125.0, 5.164
[00:52:48] 643.5, 125.0, 5.167
[00:52:49] 643.5, 124.3, 7.759
[00:52:50] 894.1, 124.3, 7.856
[00:52:51] 968.1, 124.9, 5.204
[00:52:52] 684.1, 124.9, 5.177
[00:52:53] 644.7, 124.9, 5.168
[00:52:54] 644.5, 124.9, 5.166
[00:52:55] 644.4, 125.0, 5.167
[00:52:56] 675.4, 124.3, 7.840
[00:52:57] 975.4, 124.3, 7.861
[00:52:58] 975.7, 124.3, 7.869
[00:52:59] 976.2, 124.4, 7.216
[00:53:00] 805.2, 124.9, 5.190
[00:53:01] 645.9, 124.9, 5.161
[00:53:02] 645.7, 124.9, 5.179
[00:53:03] 645.5, 124.9, 5.171
[00:53:04] 645.4, 124.3, 7.792
[00:53:05] 902.6, 124.2, 7.874
[00:53:06] 978.4, 124.2, 7.872
[00:53:07] 978.5, 124.3, 7.882
[00:53:08] 978.9, 124.3, 7.900
[00:53:09] 979.3, 124.2, 7.895
[00:53:10] 979.7, 124.2, 7.898
[00:53:11] 969.7, 124.9, 5.243
[00:53:12] 692.4, 125.0, 5.200
[00:53:13] 647.3, 124.9, 5.185
[00:53:14] 647.1, 124.9, 5.183
[00:53:15] 646.8, 125.0, 5.174
[00:53:16] 694.5, 124.4, 7.856
[00:53:17] 978.0, 124.3, 7.875
[00:53:18] 978.2, 124.3, 7.881
[00:53:19] 978.5, 124.2, 7.887
[00:53:20] 979.0, 124.3, 7.900
[00:53:21] 979.4, 124.3, 7.899
[00:53:22] 979.8, 124.3, 7.899
[00:53:23] 980.3, 124.3, 7.917
[00:53:24] 980.8, 124.3, 7.919
[00:53:25] 981.3, 124.3, 7.914
[00:53:26] 981.7, 124.3, 7.918
[00:53:27] 982.1, 124.2, 7.915
[00:53:28] 982.4, 124.2, 7.919
[00:53:29] 982.7, 124.9, 5.236
[00:53:30] 682.5, 124.8, 5.207
[00:53:31] 647.9, 124.9, 5.198
[00:53:32] 647.8, 125.0, 5.197
[00:53:33] 647.6, 124.9, 5.169
<<<[00:57:16] 655.8, 125.0, 5.262
[00:57:17] 655.6, 125.1, 5.146
[00:57:18] 643.0, 125.1, 5.157
[00:57:19] 643.0, 125.1, 5.337
[00:57:20] 664.2, 125.0, 5.315
[00:57:21] 663.6, 125.1, 5.166
[00:57:22] 644.5, 125.0, 5.162
[00:57:23] 644.3, 125.1, 5.166
[00:57:24] 644.3, 125.1, 5.159
[00:57:25] 644.2, 125.0, 5.162
[00:57:26] 739.8, 125.1, 5.161
[00:57:27] 643.2, 125.0, 5.158
[00:57:28] 643.2, 125.0, 5.161
[00:57:29] 643.3, 125.1, 5.169
[00:57:30] 643.4, 125.0, 5.156
[00:57:31] 736.1, 125.1, 5.162
[00:57:32] 643.4, 125.1, 5.163
[00:57:33] 643.3, 125.0, 5.140
[00:57:34] 643.3, 125.0, 5.158
[00:57:35] 643.3, 125.0, 5.162
[00:57:36] 735.7, 125.1, 5.162
[00:57:37] 643.4, 125.0, 5.159
[00:57:38] 643.4, 125.0, 5.161
[00:57:39] 643.3, 125.1, 5.156
[00:57:40] 643.3, 125.1, 5.157
[00:57:41] 735.5, 125.1, 5.163
[00:57:42] 643.4, 125.0, 5.160
[00:57:43] 643.3, 125.1, 5.157
[00:57:44] 643.3, 125.1, 5.160
[00:57:45] 643.3, 125.1, 5.159
[00:57:46] 736.5, 125.1, 5.161
[00:57:47] 643.2, 125.0, 5.164
[00:57:48] 643.2, 125.1, 5.156
[00:57:49] 643.1, 125.1, 5.133
[00:57:50] 643.1, 125.1, 5.160
[00:57:51] 734.3, 125.1, 5.159
[00:57:52] 643.2, 125.1, 5.157
[00:57:53] 643.2, 125.0, 5.155
[00:57:54] 643.2, 125.1, 5.154
[00:57:55] 643.1, 125.2, 5.152
[00:57:56] 732.9, 125.1, 5.162
[00:57:57] 643.0, 125.1, 5.155
[00:57:58] 643.0, 125.2, 5.152
[00:57:59] 643.0, 125.1, 5.160
[00:58:00] 643.0, 125.1, 5.155
[00:58:01] 730.2, 125.1, 5.164
[00:58:02] 644.1, 125.1, 5.161
[00:58:03] 643.9, 125.1, 5.160
[00:58:04] 644.0, 125.0, 5.157
[00:58:05] 644.0, 125.1, 5.133
[00:58:06] 726.0, 125.1, 5.158
[00:58:07] 642.6, 125.1, 5.156
[00:58:08] 642.6, 125.1, 5.151
[00:58:09] 642.6, 125.2, 5.152
[00:58:10] 642.7, 125.1, 5.158
[00:58:11] 718.9, 125.1, 5.190
[00:58:12] 689.8, 125.0, 5.155
[00:58:13] 643.0, 125.1, 5.156
[00:58:14] 643.0, 125.1, 5.159
[00:58:15] 643.0, 125.2, 5.153
[00:58:16] 697.1, 125.0, 5.650
[00:58:17] 743.0, 125.2, 5.165
[00:58:18] 643.4, 125.0, 5.155
[00:58:19] 643.3, 125.0, 5.161
[00:58:20] 643.2, 124.9, 5.161
[00:58:21] 643.1, 124.4, 7.463
[00:58:22] 861.3, 124.8, 5.171
[00:58:23] 644.1, 124.9, 5.170
[00:58:24] 644.1, 124.9, 5.171
[00:58:25] 644.1, 124.9, 5.169
[00:58:26] 644.1, 124.4, 6.556
[00:58:27] 816.2, 124.4, 7.183
[00:58:28] 816.3, 124.9, 5.172
[00:58:29] 643.9, 124.9, 5.175
[00:58:30] 643.8, 124.9, 5.166
[00:58:31] 643.7, 124.9, 5.167
[00:58:32] 643.7, 124.3, 7.657
[00:58:33] 869.1, 124.2, 7.817
[00:58:34] 970.3, 124.9, 5.236
[00:58:35] 698.1, 124.9, 5.177
[00:58:36] 644.5, 124.9, 5.180
[00:58:37] 644.4, 124.8, 5.152
[00:58:38] 644.3, 124.9, 5.172
[00:58:39] 650.8, 124.1, 7.804
[00:58:40] 971.7, 124.2, 7.834
[00:58:41] 972.0, 124.2, 7.843
[00:58:42] 972.3, 124.3, 7.233
[00:58:43] 824.8, 124.9, 5.193
[00:58:44] 646.3, 124.8, 5.191
[00:58:45] 646.1, 124.9, 5.177
[00:58:46] 645.9, 124.8, 5.180
[00:58:47] 645.7, 124.1, 7.680
[00:58:48] 871.5, 124.1, 7.839
[00:58:49] 974.0, 124.1, 7.847
[00:58:50] 974.2, 123.9, 7.871
[00:58:51] 974.5, 124.0, 7.870
[00:58:52] 974.8, 124.0, 7.874
[00:58:53] 975.2, 124.0, 7.886
[00:58:54] 975.2, 124.6, 5.277
[00:58:55] 705.2, 124.7, 5.207
[00:58:56] 646.9, 124.6, 5.203
[00:58:57] 646.7, 124.7, 5.196
[00:58:58] 646.6, 124.6, 5.193
[00:58:59] 658.7, 124.0, 7.842
[00:59:00] 973.5, 123.9, 7.852
[00:59:01] 973.7, 124.0, 7.873
[00:59:02] 974.1, 123.9, 7.880
[00:59:03] 974.5, 123.9, 7.884
[00:59:04] 975.1, 124.0, 7.887
[00:59:05] 975.6, 123.9, 7.900
[00:59:06] 976.1, 124.0, 7.899
[00:59:07] 976.7, 124.0, 7.894
[00:59:08] 977.1, 123.9, 7.899
[00:59:09] 977.5, 124.0, 7.895
[00:59:10] 977.8, 124.0, 7.901
[00:59:11] 978.1, 123.9, 7.912
[00:59:12] 978.5, 124.5, 5.373
[00:59:13] 736.9, 124.6, 5.225
[00:59:14] 648.9, 124.6, 5.219
[00:59:15] 648.7, 124.5, 5.207
[00:59:16] 648.4, 124.6, 5.209
