<<<[04:35:49] 645.3, 125.0, 5.150
[04:35:50] 645.2, 125.0, 5.149
[04:35:51] 645.1, 125.0, 5.152
[04:35:52] 652.0, 125.0, 5.255
[04:35:53] 652.2, 125.0, 5.156
[04:35:54] 644.9, 125.0, 5.153
[04:35:55] 645.0, 125.0, 5.155
[04:35:56] 645.1, 125.0, 5.151
[04:35:57] 645.0, 124.7, 6.018
[04:35:58] 740.0, 125.1, 5.153
[04:35:59] 644.5, 125.0, 5.144
[04:36:00] 644.4, 125.0, 5.144
[04:36:01] 644.3, 125.1, 5.146
[04:36:02] 644.2, 124.7, 5.835
[04:36:03] 738.8, 125.0, 5.153
[04:36:04] 644.1, 125.1, 5.149
[04:36:05] 644.1, 125.1, 5.147
[04:36:06] 644.0, 125.0, 5.145
[04:36:07] 644.0, 124.7, 5.710
[04:36:08] 738.4, 125.1, 5.144
[04:36:09] 643.6, 125.1, 5.146
[04:36:10] 643.6, 125.1, 5.144
[04:36:11] 643.6, 125.0, 5.142
[04:36:12] 643.6, 124.8, 5.550
[04:36:13] 737.4, 125.0, 5.144
[04:36:14] 643.0, 125.0, 5.142
[04:36:15] 643.1, 125.0, 5.153
[04:36:16] 643.4, 125.1, 5.152
[04:36:17] 643.6, 124.9, 5.401
[04:36:18] 738.0, 125.1, 5.140
[04:36:19] 643.4, 125.1, 5.147
[04:36:20] 643.3, 125.0, 5.139
[04:36:21] 643.3, 125.0, 5.146
[04:36:22] 643.3, 124.9, 5.224
[04:36:23] 736.3, 125.0, 5.145
[04:36:24] 643.4, 125.0, 5.141
[04:36:25] 643.3, 125.0, 5.142
[04:36:26] 643.3, 125.0, 5.139
[04:36:27] 643.3, 125.0, 5.144
[04:36:28] 735.1, 125.0, 5.141
[04:36:29] 643.2, 125.0, 5.144
[04:36:30] 643.1, 125.0, 5.138
[04:36:31] 643.2, 125.1, 5.140
[04:36:32] 643.3, 125.1, 5.140
[04:36:33] 732.5, 125.0, 5.146
[04:36:34] 643.0, 125.1, 5.141
[04:36:35] 643.0, 125.0, 5.140
[04:36:36] 643.1, 124.9, 5.139
[04:36:37] 643.2, 125.0, 5.141
[04:36:38] 728.0, 125.0, 5.142
[04:36:39] 643.0, 125.0, 5.145
[04:36:40] 643.0, 125.1, 5.138
[04:36:41] 643.0, 125.1, 5.142
[04:36:42] 642.9, 125.0, 5.138
[04:36:43] 719.5, 125.0, 5.146
[04:36:44] 642.8, 125.0, 5.138
[04:36:45] 642.8, 125.0, 5.143
[04:36:46] 642.7, 125.0, 5.140
[04:36:47] 642.7, 125.1, 5.143
[04:36:48] 715.6, 125.0, 5.162
[04:36:49] 678.4, 125.0, 5.143
[04:36:50] 643.0, 125.1, 5.137
[04:36:51] 643.0, 125.1, 5.139
[04:36:52] 642.9, 124.9, 5.139
[04:36:53] 665.6, 124.5, 7.136
[04:36:54] 791.8, 125.0, 5.141
[04:36:55] 643.6, 125.1, 5.136
[04:36:56] 643.6, 125.1, 5.136
[04:36:57] 643.6, 125.0, 5.137
[04:36:58] 643.5, 124.4, 7.446
[04:36:59] 855.4, 125.0, 5.459
[04:37:00] 731.1, 125.0, 5.144
[04:37:01] 643.4, 125.0, 5.142
[04:37:02] 643.3, 125.0, 5.142
[04:37:03] 643.3, 125.0, 5.141
[04:37:04] 643.6, 124.5, 7.531
[04:37:05] 939.4, 124.6, 7.233
[04:37:06] 852.8, 125.0, 5.153
[04:37:07] 644.5, 125.1, 5.145
[04:37:08] 644.4, 125.0, 5.146
[04:37:09] 644.3, 125.0, 5.142
[04:37:10] 644.1, 124.6, 7.079
[04:37:11] 820.7, 124.4, 7.545
[04:37:12] 940.8, 124.5, 7.562
[04:37:13] 940.9, 124.5, 7.172
[04:37:14] 797.5, 125.0, 5.160
[04:37:15] 645.3, 125.1, 5.148
[04:37:16] 645.1, 125.0, 5.145
[04:37:17] 644.9, 125.0, 5.139
[04:37:18] 644.7, 124.5, 7.502
[04:37:19] 876.8, 124.5, 7.557
[04:37:20] 941.6, 124.4, 7.577
[04:37:21] 941.8, 124.4, 7.583
[04:37:22] 942.2, 124.5, 7.589
[04:37:23] 942.6, 124.5, 7.584
[04:37:24] 936.6, 125.0, 5.201
[04:37:25] 691.8, 125.0, 5.161
[04:37:26] 645.7, 125.0, 5.156
[04:37:27] 645.5, 125.1, 5.152
[04:37:28] 645.4, 125.1, 5.146
[04:37:29] 693.7, 124.4, 7.554
[04:37:30] 941.0, 124.4, 7.574
[04:37:31] 941.2, 124.4, 7.587
[04:37:32] 941.7, 124.5, 7.590
[04:37:33] 942.2, 124.4, 7.592
[04:37:34] 942.7, 124.4, 7.594
[04:37:35] 943.1, 124.5, 7.604
[04:37:36] 943.6, 124.5, 7.607
[04:37:37] 944.1, 124.4, 7.611
[04:37:38] 944.6, 124.4, 7.616
[04:37:39] 945.1, 124.4, 7.609
[04:37:40] 945.4, 125.0, 5.298
[04:37:41] 677.8, 125.1, 5.170
[04:37:42] 647.1, 125.1, 5.166
[04:37:43] 646.9, 125.1, 5.155
[04:37:44] 646.7, 125.1, 5.157
