<<<[05:44:15] 646.4, 124.9, 5.167
[05:44:16] 646.2, 125.0, 5.167
[05:44:17] 646.0, 124.9, 5.296
[05:44:18] 659.9, 124.9, 5.211
[05:44:19] 649.7, 124.9, 5.198
[05:44:20] 649.4, 124.9, 5.180
[05:44:21] 649.0, 124.9, 5.176
[05:44:22] 648.6, 125.0, 5.176
[05:44:23] 661.1, 124.9, 5.369
[05:44:24] 724.5, 124.9, 5.163
[05:44:25] 643.9, 124.9, 5.162
[05:44:26] 643.9, 125.0, 5.162
[05:44:27] 643.9, 125.0, 5.161
[05:44:28] 655.0, 124.9, 5.376
[05:44:29] 725.2, 125.0, 5.145
[05:44:30] 643.4, 124.9, 5.160
[05:44:31] 643.4, 125.0, 5.156
[05:44:32] 643.4, 125.0, 5.155
[05:44:33] 653.6, 124.9, 5.381
[05:44:34] 725.6, 124.9, 5.162
[05:44:35] 643.7, 124.9, 5.158
[05:44:36] 643.6, 124.9, 5.157
[05:44:37] 643.6, 124.9, 5.160
[05:44:38] 652.2, 124.9, 5.388
[05:44:39] 726.0, 125.0, 5.159
[05:44:40] 643.6, 124.9, 5.172
[05:44:41] 643.7, 124.9, 5.168
[05:44:42] 643.8, 125.0, 5.167
[05:44:43] 651.0, 125.0, 5.401
[05:44:44] 727.2, 125.0, 5.159
[05:44:45] 643.4, 125.1, 5.143
[05:44:46] 643.3, 125.0, 5.159
[05:44:47] 643.3, 125.0, 5.154
[05:44:48] 643.9, 125.0, 5.402
[05:44:49] 727.4, 125.1, 5.156
[05:44:50] 643.6, 125.0, 5.156
[05:44:51] 643.5, 125.0, 5.161
[05:44:52] 643.4, 125.0, 5.158
[05:44:53] 643.6, 124.9, 5.415
[05:44:54] 728.8, 124.9, 5.154
[05:44:55] 643.2, 125.0, 5.153
[05:44:56] 643.1, 125.0, 5.153
[05:44:57] 643.1, 124.9, 5.153
[05:44:58] 643.0, 124.9, 5.424
[05:44:59] 725.4, 124.9, 5.158
[05:45:00] 643.0, 124.9, 5.153
[05:45:01] 643.0, 125.0, 5.137
[05:45:02] 642.9, 124.9, 5.155
[05:45:03] 642.9, 124.4, 7.120
[05:45:04] 766.0, 125.0, 5.158
[05:45:05] 643.2, 124.9, 5.156
[05:45:06] 643.1, 125.0, 5.154
[05:45:07] 643.1, 124.9, 5.152
[05:45:08] 643.0, 124.5, 7.142
[05:45:09] 748.9, 124.9, 5.156
[05:45:10] 642.8, 125.0, 5.162
[05:45:11] 642.8, 125.0, 5.156
[05:45:12] 642.9, 125.0, 5.148
[05:45:13] 642.8, 124.5, 7.372
[05:45:14] 813.6, 125.1, 5.157
[05:45:15] 642.8, 125.0, 5.154
[05:45:16] 642.8, 125.0, 5.153
[05:45:17] 642.7, 125.0, 5.132
[05:45:18] 642.7, 125.1, 5.151
[05:45:19] 735.3, 124.5, 7.211
[05:45:20] 850.8, 125.0, 5.159
[05:45:21] 643.2, 124.9, 5.154
[05:45:22] 643.1, 124.9, 5.161
[05:45:23] 643.1, 125.0, 5.156
[05:45:24] 643.1, 124.5, 7.168
[05:45:25] 825.4, 124.4, 7.583
[05:45:26] 932.5, 124.9, 5.198
[05:45:27] 684.9, 125.0, 5.163
[05:45:28] 643.7, 124.9, 5.165
[05:45:29] 643.6, 125.0, 5.156
[05:45:30] 643.6, 125.0, 5.154
[05:45:31] 706.7, 124.4, 7.580
[05:45:32] 944.3, 124.4, 7.603
[05:45:33] 944.6, 124.3, 7.611
[05:45:34] 866.8, 124.9, 5.181
[05:45:35] 645.5, 124.9, 5.170
[05:45:36] 645.3, 125.0, 5.165
[05:45:37] 645.2, 125.0, 5.162
[05:45:38] 645.0, 125.0, 5.162
[05:45:39] 773.1, 124.4, 7.593
[05:45:40] 945.9, 124.3, 7.616
[05:45:41] 946.2, 124.3, 7.629
[05:45:42] 946.6, 124.3, 7.618
[05:45:43] 946.9, 124.4, 7.626
[05:45:44] 947.3, 124.9, 5.564
[05:45:45] 746.3, 125.0, 5.180
[05:45:46] 645.5, 125.0, 5.180
[05:45:47] 645.4, 124.9, 5.176
[05:45:48] 645.4, 125.0, 5.170
[05:45:49] 645.3, 124.5, 7.569
[05:45:50] 905.5, 124.4, 7.602
[05:45:51] 947.3, 124.3, 7.618
[05:45:52] 947.4, 124.4, 7.629
[05:45:53] 947.8, 124.4, 7.632
[05:45:54] 948.1, 124.4, 7.642
[05:45:55] 948.6, 124.4, 7.642
[05:45:56] 949.0, 124.3, 7.651
[05:45:57] 949.4, 124.3, 7.653
[05:45:58] 949.9, 124.4, 7.656
[05:45:59] 950.3, 124.4, 7.653
[05:46:00] 950.7, 124.9, 5.311
[05:46:01] 725.4, 124.9, 5.194
[05:46:02] 647.1, 124.9, 5.184
[05:46:03] 646.9, 124.9, 5.172
[05:46:04] 646.7, 124.9, 5.170
