<<<[01:30:35] 671.0, 124.7, 5.293
[01:30:37] 644.3, 124.8, 5.164
[01:30:38] 644.2, 124.8, 5.156
[01:30:39] 644.1, 124.8, 5.155
[01:30:40] 687.3, 124.8, 5.240
[01:30:41] 697.5, 124.8, 5.153
[01:30:42] 643.0, 124.8, 5.156
[01:30:43] 643.0, 124.8, 5.152
[01:30:44] 643.0, 124.8, 5.152
[01:30:45] 684.5, 124.7, 5.208
[01:30:46] 697.3, 124.7, 5.153
[01:30:47] 643.4, 124.8, 5.153
[01:30:48] 643.3, 124.7, 5.155
[01:30:49] 643.3, 124.8, 5.149
[01:30:50] 682.5, 124.8, 5.208
[01:30:51] 698.9, 124.8, 5.156
[01:30:52] 642.8, 124.8, 5.151
[01:30:53] 642.7, 124.8, 5.149
[01:30:54] 642.8, 124.8, 5.153
[01:30:55] 680.2, 124.8, 5.208
[01:30:56] 699.7, 124.8, 5.150
[01:30:57] 642.8, 124.8, 5.157
[01:30:58] 642.7, 124.8, 5.145
[01:30:59] 642.8, 124.7, 5.146
[01:31:00] 676.6, 124.8, 5.217
[01:31:01] 701.4, 124.8, 5.151
[01:31:02] 643.0, 124.8, 5.150
[01:31:03] 643.0, 124.7, 5.148
[01:31:04] 642.9, 124.8, 5.147
[01:31:05] 672.5, 124.8, 5.222
[01:31:06] 703.2, 124.7, 5.155
[01:31:07] 643.2, 124.8, 5.147
[01:31:08] 643.1, 124.8, 5.146
[01:31:09] 642.9, 124.7, 5.153
[01:31:10] 665.6, 124.8, 5.225
[01:31:11] 704.6, 124.8, 5.149
[01:31:12] 642.6, 124.7, 5.150
[01:31:13] 642.5, 124.9, 5.144
[01:31:14] 642.5, 124.9, 5.145
[01:31:15] 649.7, 124.6, 6.198
[01:31:16] 759.3, 124.9, 5.145
[01:31:17] 642.4, 124.9, 5.144
[01:31:18] 642.4, 124.8, 5.148
[01:31:19] 642.4, 124.8, 5.141
[01:31:20] 642.3, 124.3, 7.151
[01:31:21] 796.3, 124.8, 5.157
[01:31:22] 642.6, 124.7, 5.148
[01:31:23] 642.6, 124.8, 5.145
[01:31:24] 642.6, 124.9, 5.145
[01:31:25] 642.5, 124.1, 7.476
[01:31:26] 837.0, 124.8, 5.159
[01:31:27] 661.3, 124.9, 5.155
[01:31:28] 642.8, 124.8, 5.142
[01:31:29] 642.7, 124.8, 5.144
[01:31:30] 642.6, 124.8, 5.148
[01:31:31] 724.1, 124.2, 7.607
[01:31:32] 891.2, 124.8, 5.152
[01:31:33] 643.0, 124.9, 5.155
[01:31:34] 642.9, 124.8, 5.147
[01:31:35] 643.0, 124.8, 5.143
[01:31:36] 642.9, 124.9, 5.143
[01:31:37] 771.1, 124.2, 7.599
[01:31:38] 945.7, 124.5, 6.560
[01:31:39] 778.2, 124.8, 5.164
[01:31:40] 643.7, 124.8, 5.149
[01:31:41] 643.6, 124.8, 5.150
[01:31:42] 643.5, 124.9, 5.151
[01:31:43] 643.4, 124.2, 7.534
[01:31:44] 868.9, 124.3, 7.625
[01:31:45] 948.5, 124.2, 7.641
[01:31:46] 948.6, 124.2, 7.649
[01:31:47] 901.4, 124.9, 5.176
[01:31:48] 645.1, 124.8, 5.155
[01:31:49] 644.9, 124.9, 5.154
[01:31:50] 644.8, 124.9, 5.152
[01:31:51] 644.6, 124.8, 5.149
[01:31:52] 762.8, 124.3, 7.620
[01:31:53] 947.7, 124.2, 7.635
[01:31:54] 948.0, 124.2, 7.653
[01:31:55] 948.3, 124.2, 7.651
[01:31:56] 948.8, 124.2, 7.659
[01:31:57] 949.3, 124.2, 7.667
[01:31:58] 949.7, 124.6, 6.839
[01:31:59] 788.6, 124.9, 5.172
[01:32:00] 645.9, 124.8, 5.168
[01:32:01] 645.8, 124.8, 5.160
[01:32:02] 645.5, 124.8, 5.155
[01:32:03] 645.4, 124.3, 7.498
[01:32:04] 857.1, 124.2, 7.634
[01:32:05] 950.0, 124.2, 7.654
[01:32:06] 950.1, 124.3, 7.653
[01:32:07] 950.3, 124.2, 7.659
[01:32:08] 950.7, 124.3, 7.671
[01:32:09] 951.0, 124.2, 7.672
[01:32:10] 951.4, 124.2, 7.676
[01:32:11] 951.8, 124.3, 7.677
[01:32:12] 952.1, 124.3, 7.670
[01:32:13] 952.5, 124.2, 7.682
[01:32:14] 952.8, 124.2, 7.685
[01:32:15] 953.0, 124.2, 7.682
[01:32:16] 953.3, 124.2, 7.681
[01:32:17] 855.5, 124.9, 5.189
[01:32:18] 647.3, 124.9, 5.175
[01:32:19] 647.2, 124.8, 5.174
[01:32:20] 647.0, 124.8, 5.165
[01:32:21] 646.7, 124.9, 5.160
