<<<[09:34:07] 648.6, 123.8, 5.215
[09:34:08] 648.5, 123.8, 5.222
[09:34:09] 648.4, 123.9, 5.255
[09:34:10] 657.1, 123.8, 5.403
[09:34:11] 666.8, 123.8, 5.363
[09:34:12] 666.5, 123.8, 5.359
[09:34:13] 666.3, 123.8, 5.356
[09:34:14] 666.4, 123.8, 5.374
[09:34:15] 666.0, 123.9, 5.228
[09:34:16] 649.3, 123.9, 5.222
[09:34:17] 649.0, 123.9, 5.215
[09:34:18] 648.8, 123.9, 5.219
[09:34:19] 648.5, 123.9, 5.211
[09:34:20] 716.2, 123.9, 5.238
[09:34:21] 673.5, 123.9, 5.211
[09:34:22] 646.7, 123.9, 5.224
[09:34:23] 646.6, 123.9, 5.209
[09:34:24] 646.6, 123.9, 5.218
[09:34:25] 713.6, 123.8, 5.224
[09:34:26] 674.7, 123.8, 5.223
[09:34:27] 646.3, 123.8, 5.210
[09:34:28] 646.3, 123.8, 5.215
[09:34:29] 646.3, 123.8, 5.206
[09:34:30] 713.2, 123.9, 5.228
[09:34:31] 674.1, 123.9, 5.214
[09:34:32] 646.5, 123.9, 5.215
[09:34:33] 646.5, 123.8, 5.211
[09:34:34] 646.5, 123.8, 5.217
[09:34:35] 711.7, 123.9, 5.222
[09:34:36] 675.0, 123.8, 5.217
[09:34:37] 646.7, 123.9, 5.207
[09:34:38] 646.7, 123.8, 5.214
[09:34:39] 646.6, 123.9, 5.211
[09:34:40] 709.7, 123.9, 5.227
[09:34:41] 675.4, 123.9, 5.211
[09:34:42] 646.9, 123.9, 5.219
[09:34:43] 646.8, 123.9, 5.212
[09:34:44] 646.7, 123.9, 5.211
[09:34:45] 707.5, 123.9, 5.231
[09:34:46] 676.0, 123.9, 5.214
[09:34:47] 646.3, 123.9, 5.214
[09:34:48] 646.2, 123.9, 5.210
[09:34:49] 646.2, 123.7, 5.215
[09:34:50] 703.6, 123.8, 5.230
[09:34:51] 676.4, 123.8, 5.214
[09:34:52] 646.3, 123.8, 5.218
[09:34:53] 646.3, 123.8, 5.213
[09:34:54] 646.4, 123.8, 5.214
[09:34:55] 695.5, 123.8, 5.228
[09:34:56] 677.2, 123.8, 5.213
[09:34:57] 646.3, 123.8, 5.210
[09:34:58] 646.3, 123.8, 5.214
[09:34:59] 646.3, 123.7, 5.211
[09:35:00] 680.8, 123.7, 5.429
[09:35:01] 728.0, 123.8, 5.213
[09:35:02] 646.7, 123.7, 5.220
[09:35:03] 646.6, 123.7, 5.212
[09:35:04] 646.6, 123.8, 5.218
[09:35:05] 646.6, 123.4, 7.197
[09:35:06] 786.7, 123.8, 5.219
[09:35:07] 646.3, 123.8, 5.216
[09:35:08] 646.3, 123.8, 5.213
[09:35:09] 646.3, 123.8, 5.210
[09:35:10] 646.3, 123.2, 7.537
[09:35:11] 848.7, 123.8, 5.232
[09:35:12] 680.2, 123.8, 5.221
[09:35:13] 647.1, 123.8, 5.211
[09:35:14] 647.0, 123.9, 5.208
[09:35:15] 646.9, 123.8, 5.214
[09:35:16] 697.7, 123.2, 7.656
[09:35:17] 940.0, 123.8, 5.239
[09:35:18] 681.0, 123.7, 5.226
[09:35:19] 646.7, 123.8, 5.214
[09:35:20] 646.7, 123.8, 5.222
[09:35:21] 646.7, 123.8, 5.214
[09:35:22] 675.8, 123.1, 7.664
[09:35:23] 945.3, 123.2, 7.683
[09:35:24] 945.7, 123.8, 5.487
[09:35:25] 735.1, 123.9, 5.224
[09:35:26] 648.3, 123.9, 5.226
[09:35:27] 648.1, 123.8, 5.216
[09:35:28] 648.0, 123.8, 5.223
[09:35:29] 647.8, 123.2, 7.653
[09:35:30] 933.7, 123.2, 7.688
[09:35:31] 948.7, 123.1, 7.700
[09:35:32] 948.9, 123.1, 7.719
[09:35:33] 949.4, 123.3, 7.320
[09:35:34] 802.2, 123.8, 5.245
[09:35:35] 649.5, 123.9, 5.228
[09:35:36] 649.5, 123.9, 5.227
[09:35:37] 649.5, 123.9, 5.225
[09:35:38] 649.4, 123.2, 7.516
[09:35:39] 852.6, 123.2, 7.688
[09:35:40] 949.0, 123.1, 7.714
[09:35:41] 949.2, 123.1, 7.719
[09:35:42] 949.7, 123.1, 7.732
[09:35:43] 950.2, 123.1, 7.730
[09:35:44] 950.8, 123.1, 7.741
[09:35:45] 951.3, 123.1, 7.745
[09:35:46] 951.8, 123.2, 7.742
[09:35:47] 951.4, 123.8, 5.279
[09:35:48] 688.4, 123.8, 5.260
[09:35:49] 651.4, 123.8, 5.240
[09:35:50] 651.2, 123.8, 5.238
[09:35:51] 651.0, 123.8, 5.235
[09:35:52] 688.0, 123.2, 7.689
[09:35:53] 949.6, 123.2, 7.714
[09:35:54] 949.9, 123.2, 7.723
[09:35:55] 950.3, 123.2, 7.733
[09:35:56] 950.8, 123.2, 7.746
[09:35:57] 951.4, 123.2, 7.743
[09:35:58] 951.9, 123.2, 7.748
[09:35:59] 952.4, 123.2, 7.755
[09:36:00] 953.0, 123.2, 7.757
[09:36:01] 953.5, 123.2, 7.760
[09:36:02] 953.9, 123.2, 7.762
[09:36:03] 954.4, 123.3, 7.759
[09:36:04] 954.8, 123.2, 7.762
[09:36:05] 955.1, 123.3, 7.755
[09:36:06] 955.4, 123.3, 7.753
[09:36:07] 955.7, 123.2, 7.764
[09:36:08] 956.0, 123.2, 7.766
[09:36:09] 955.5, 123.8, 5.301
[09:36:10] 658.3, 123.8, 5.265
[09:36:11] 652.0, 123.9, 5.254
[09:36:12] 652.0, 124.0, 5.240
