<<<[16:08:40] 646.9, 122.4, 5.268
[16:08:41] 646.8, 122.4, 5.269
[16:08:42] 646.7, 122.3, 5.265
[16:08:43] 647.1, 122.3, 5.458
[16:08:44] 669.5, 122.4, 5.414
[16:08:45] 669.3, 122.4, 5.431
[16:08:46] 669.0, 122.2, 5.454
[16:08:47] 669.0, 122.4, 5.408
[16:08:48] 668.6, 122.3, 5.486
[16:08:49] 668.5, 122.2, 5.410
[16:08:50] 668.2, 122.1, 5.425
[16:08:51] 667.7, 122.3, 5.409
[16:08:52] 667.2, 122.3, 5.414
[16:08:53] 667.1, 122.3, 5.409
[16:08:54] 666.8, 122.2, 5.483
[16:08:55] 667.4, 122.2, 5.462
[16:08:56] 667.1, 122.2, 5.527
[16:08:57] 667.1, 122.3, 5.461
[16:08:58] 666.7, 122.3, 5.476
[16:08:59] 672.5, 122.3, 5.445
[16:09:00] 672.1, 122.3, 5.344
[16:09:01] 653.6, 122.2, 5.270
[16:09:02] 644.9, 122.2, 5.273
[16:09:03] 644.9, 122.4, 5.272
[16:09:04] 645.0, 122.3, 5.273
[16:09:05] 645.1, 122.1, 6.279
[16:09:06] 742.4, 122.2, 5.270
[16:09:07] 645.1, 122.3, 5.265
[16:09:08] 645.1, 122.3, 5.264
[16:09:09] 645.0, 122.2, 5.263
[16:09:10] 644.9, 122.3, 6.311
[16:09:11] 737.6, 122.4, 5.264
[16:09:12] 645.1, 122.4, 5.261
[16:09:13] 645.0, 122.4, 5.261
[16:09:14] 645.0, 122.4, 5.259
[16:09:15] 644.9, 122.2, 6.351
[16:09:16] 734.5, 122.5, 5.260
[16:09:17] 645.1, 122.5, 5.255
[16:09:18] 644.9, 122.4, 5.254
[16:09:19] 644.8, 122.5, 5.253
[16:09:20] 644.8, 122.3, 6.415
[16:09:21] 729.8, 122.5, 5.258
[16:09:22] 644.7, 122.5, 5.257
[16:09:23] 644.6, 122.4, 5.255
[16:09:24] 644.6, 122.3, 5.259
[16:09:25] 644.6, 121.9, 7.368
[16:09:26] 767.0, 122.4, 5.263
[16:09:27] 644.7, 122.2, 5.263
[16:09:28] 644.7, 122.3, 5.260
[16:09:29] 644.6, 122.4, 5.258
[16:09:30] 644.6, 121.8, 7.707
[16:09:31] 793.9, 122.3, 5.264
[16:09:32] 644.9, 122.3, 5.263
[16:09:33] 644.8, 122.4, 5.259
[16:09:34] 644.7, 122.3, 5.258
[16:09:35] 644.7, 122.4, 5.257
[16:09:36] 760.9, 122.3, 6.584
[16:09:37] 782.1, 122.4, 5.262
[16:09:38] 644.9, 122.4, 5.259
[16:09:39] 644.8, 122.5, 5.257
[16:09:40] 644.8, 122.3, 5.258
[16:09:41] 644.7, 121.7, 7.993
[16:09:42] 906.3, 121.9, 7.395
[16:09:43] 843.9, 122.3, 5.267
[16:09:44] 645.5, 122.4, 5.261
[16:09:45] 645.5, 122.5, 5.261
[16:09:46] 645.4, 122.4, 5.256
[16:09:47] 645.4, 121.8, 7.788
[16:09:48] 864.4, 121.7, 8.046
[16:09:49] 981.5, 121.7, 8.066
[16:09:50] 919.1, 122.4, 5.280
[16:09:51] 646.3, 122.4, 5.267
[16:09:52] 646.2, 122.4, 5.267
[16:09:53] 646.0, 122.4, 5.265
[16:09:54] 645.9, 122.5, 5.257
[16:09:55] 779.6, 121.7, 8.045
[16:09:56] 980.9, 121.7, 8.060
[16:09:57] 981.1, 121.8, 8.067
[16:09:58] 981.4, 121.7, 8.068
[16:09:59] 981.8, 122.4, 5.426
[16:10:00] 728.8, 122.4, 5.273
[16:10:01] 646.5, 122.4, 5.274
[16:10:02] 646.4, 122.3, 5.268
[16:10:03] 646.2, 122.4, 5.264
[16:10:04] 646.1, 121.7, 8.033
[16:10:05] 947.7, 121.6, 8.065
[16:10:06] 982.9, 121.7, 8.072
[16:10:07] 983.0, 121.6, 8.080
[16:10:08] 983.2, 121.7, 8.083
[16:10:09] 983.6, 121.7, 8.086
[16:10:10] 983.9, 121.8, 8.084
[16:10:11] 984.3, 121.8, 8.092
[16:10:12] 984.6, 121.7, 8.098
[16:10:13] 984.9, 122.5, 5.451
[16:10:14] 731.7, 122.4, 5.283
[16:10:15] 647.3, 122.4, 5.276
[16:10:16] 647.2, 122.4, 5.273
[16:10:17] 647.0, 122.4, 5.270
[16:10:18] 646.9, 121.7, 8.043
[16:10:19] 952.2, 121.8, 8.061
[16:10:20] 983.7, 121.8, 8.067
[16:10:21] 983.8, 121.7, 8.081
[16:10:22] 984.0, 121.8, 8.087
[16:10:23] 984.3, 121.7, 8.092
[16:10:24] 984.6, 121.8, 8.088
[16:10:25] 984.9, 121.7, 8.091
[16:10:26] 985.2, 121.8, 8.093
[16:10:27] 985.5, 121.8, 8.098
[16:10:28] 985.9, 121.7, 8.103
[16:10:29] 986.2, 121.9, 8.097
[16:10:30] 986.4, 121.7, 8.101
[16:10:31] 986.7, 121.8, 8.106
[16:10:32] 987.0, 121.7, 8.108
[16:10:33] 987.2, 121.8, 8.107
[16:10:34] 987.4, 121.8, 8.110
[16:10:35] 987.6, 121.8, 8.104
[16:10:36] 987.7, 122.5, 5.306
[16:10:37] 667.8, 122.3, 5.288
[16:10:38] 647.5, 122.4, 5.283
[16:10:39] 647.6, 122.4, 5.279
[16:10:40] 647.6, 122.4, 5.276
<<<[16:12:39] 645.7, 122.4, 5.267
[16:12:40] 645.6, 122.5, 5.265
[16:12:41] 645.6, 122.4, 5.340
[16:12:42] 657.7, 122.4, 5.477
[16:12:43] 669.5, 122.4, 5.411
[16:12:44] 669.0, 122.4, 5.492
[16:12:45] 668.9, 122.3, 5.399
[16:12:46] 668.5, 122.4, 5.482
[16:12:47] 668.3, 122.4, 5.383
[16:12:48] 668.1, 122.4, 5.430
[16:12:49] 662.6, 122.3, 5.432
[16:12:50] 662.9, 122.4, 5.417
[16:12:51] 663.1, 122.3, 5.416
[16:12:52] 663.2, 122.4, 5.402
[16:12:53] 663.6, 122.3, 5.397
[16:12:54] 663.8, 122.4, 5.397
[16:12:55] 663.6, 122.3, 5.404
[16:12:56] 663.8, 122.4, 5.400
[16:12:57] 663.7, 122.3, 5.533
[16:12:58] 672.3, 122.4, 5.423
[16:12:59] 663.6, 122.4, 5.297
[16:13:00] 649.1, 122.4, 5.258
[16:13:01] 648.6, 122.4, 5.259
[16:13:02] 648.0, 122.3, 5.261
[16:13:03] 647.5, 122.4, 5.258
[16:13:04] 679.6, 122.3, 5.334
[16:13:05] 705.0, 122.4, 5.263
[16:13:06] 644.5, 122.4, 5.256
[16:13:07] 644.3, 122.3, 5.257
[16:13:08] 644.2, 122.3, 5.255
[16:13:09] 675.6, 122.4, 5.336
[16:13:10] 706.1, 122.4, 5.261
[16:13:11] 643.7, 122.4, 5.254
[16:13:12] 643.7, 122.3, 5.258
[16:13:13] 643.7, 122.4, 5.254
[16:13:14] 671.7, 122.3, 5.343
[16:13:15] 706.9, 122.4, 5.261
[16:13:16] 644.5, 122.4, 5.251
[16:13:17] 644.4, 122.4, 5.255
[16:13:18] 644.2, 122.4, 5.252
[16:13:19] 663.4, 122.4, 5.341
[16:13:20] 709.5, 122.4, 5.256
[16:13:21] 644.1, 122.4, 5.258
[16:13:22] 644.0, 122.4, 5.250
[16:13:23] 643.9, 122.4, 5.247
[16:13:24] 643.8, 122.3, 6.419
[16:13:25] 767.4, 122.4, 5.254
[16:13:26] 644.1, 122.4, 5.252
[16:13:27] 643.9, 122.4, 5.253
[16:13:28] 643.9, 122.4, 5.255
[16:13:29] 644.0, 121.9, 7.584
[16:13:30] 794.1, 122.4, 5.254
[16:13:31] 643.4, 122.5, 5.252
[16:13:32] 643.4, 122.4, 5.247
[16:13:33] 643.4, 122.5, 5.249
[16:13:34] 643.3, 121.9, 6.939
[16:13:35] 825.4, 122.4, 5.368
[16:13:36] 714.8, 122.5, 5.253
[16:13:37] 643.9, 122.3, 5.252
[16:13:38] 643.8, 122.4, 5.248
[16:13:39] 643.7, 122.4, 5.251
[16:13:40] 643.7, 121.7, 8.021
[16:13:41] 967.0, 122.2, 6.651
[16:13:42] 779.2, 122.5, 5.256
[16:13:43] 643.6, 122.4, 5.254
[16:13:44] 643.6, 122.3, 5.255
[16:13:45] 643.6, 122.3, 5.249
[16:13:46] 643.6, 121.7, 8.000
[16:13:47] 916.2, 121.7, 8.039
[16:13:48] 979.6, 121.8, 7.751
[16:13:49] 858.5, 122.4, 5.267
[16:13:50] 644.7, 122.4, 5.261
[16:13:51] 644.5, 122.3, 5.256
[16:13:52] 644.5, 122.3, 5.256
[16:13:53] 644.4, 122.0, 6.462
[16:13:54] 816.4, 121.8, 8.037
[16:13:55] 979.4, 121.7, 8.046
[16:13:56] 979.5, 121.6, 8.057
[16:13:57] 979.5, 121.7, 8.036
[16:13:58] 979.6, 122.0, 6.946
[16:13:59] 781.1, 122.3, 5.273
[16:14:00] 645.9, 122.4, 5.266
[16:14:01] 645.8, 122.3, 5.260
[16:14:02] 645.7, 122.4, 5.259
[16:14:03] 645.5, 121.7, 8.030
[16:14:04] 938.6, 121.7, 8.054
[16:14:05] 981.9, 121.7, 8.072
[16:14:06] 982.0, 121.7, 8.076
[16:14:07] 982.3, 121.7, 8.083
[16:14:08] 982.7, 121.7, 8.090
[16:14:09] 983.1, 121.6, 8.090
[16:14:10] 983.5, 121.7, 8.095
[16:14:11] 983.9, 121.7, 8.094
[16:14:12] 984.2, 121.7, 8.093
[16:14:13] 930.7, 122.4, 5.278
[16:14:14] 646.7, 122.4, 5.269
[16:14:15] 646.5, 122.4, 5.265
[16:14:16] 646.4, 122.4, 5.260
[16:14:17] 646.2, 122.4, 5.256
[16:14:18] 772.9, 121.8, 8.014
[16:14:19] 977.6, 121.7, 8.027
[16:14:20] 977.7, 121.7, 8.036
[16:14:21] 978.0, 121.8, 8.044
[16:14:22] 978.3, 121.7, 8.041
[16:14:23] 978.7, 121.7, 8.046
[16:14:24] 979.0, 121.8, 8.050
[16:14:25] 979.4, 121.8, 8.047
[16:14:26] 979.7, 121.8, 8.049
[16:14:27] 980.0, 121.9, 8.059
[16:14:28] 980.4, 121.8, 8.060
[16:14:29] 980.8, 121.8, 8.061
[16:14:30] 981.1, 121.8, 8.065
[16:14:31] 981.4, 121.7, 8.069
[16:14:32] 981.7, 121.7, 8.074
[16:14:33] 982.0, 121.7, 8.071
[16:14:34] 982.2, 121.6, 8.073
[16:14:35] 982.5, 121.7, 8.076
[16:14:36] 982.7, 121.8, 7.983
[16:14:37] 827.4, 122.3, 5.291
[16:14:38] 647.9, 122.4, 5.276
[16:14:39] 647.6, 122.4, 5.273
[16:14:40] 647.5, 122.4, 5.267
<<<[16:14:56] 644.1, 122.4, 5.255
[16:14:57] 644.1, 122.4, 5.258
[16:14:58] 644.2, 122.3, 5.306
[16:14:59] 655.8, 122.3, 5.471
[16:15:00] 666.4, 122.4, 5.420
[16:15:01] 666.1, 122.4, 5.481
[16:15:02] 666.2, 122.4, 5.402
[16:15:03] 666.2, 122.3, 5.437
[16:15:04] 666.0, 122.4, 5.464
[16:15:05] 665.8, 122.4, 5.415
[16:15:06] 665.6, 122.4, 5.399
[16:15:07] 665.1, 122.4, 5.392
[16:15:08] 665.1, 122.5, 5.393
[16:15:09] 664.8, 122.5, 5.386
[16:15:10] 665.0, 122.3, 5.400
[16:15:11] 664.5, 122.4, 5.394
[16:15:12] 664.3, 122.3, 5.384
[16:15:13] 664.2, 122.4, 5.383
[16:15:14] 663.9, 122.4, 5.498
[16:15:15] 672.9, 122.4, 5.416
[16:15:16] 660.7, 122.4, 5.253
[16:15:17] 644.9, 122.3, 5.257
[16:15:18] 644.7, 122.4, 5.255
[16:15:19] 644.5, 122.3, 5.254
[16:15:20] 644.4, 122.4, 5.250
[16:15:21] 712.6, 122.4, 5.264
[16:15:22] 669.9, 122.4, 5.252
[16:15:23] 642.8, 122.4, 5.248
[16:15:24] 642.8, 122.4, 5.247
[16:15:25] 642.8, 122.4, 5.255
[16:15:26] 708.5, 122.5, 5.265
[16:15:27] 671.3, 122.3, 5.254
[16:15:28] 643.6, 122.3, 5.252
[16:15:29] 643.5, 122.4, 5.249
[16:15:30] 643.4, 122.3, 5.250
[16:15:31] 703.0, 122.3, 5.274
[16:15:32] 674.1, 122.4, 5.255
[16:15:33] 644.1, 122.3, 5.255
[16:15:34] 644.1, 122.4, 5.259
[16:15:35] 644.0, 122.4, 5.258
[16:15:36] 696.1, 122.3, 5.275
[16:15:37] 675.4, 122.4, 5.256
[16:15:38] 643.6, 122.4, 5.255
[16:15:39] 643.5, 122.3, 5.257
[16:15:40] 643.5, 122.3, 5.257
[16:15:41] 680.6, 122.3, 5.498
[16:15:42] 729.0, 122.4, 5.260
[16:15:43] 643.9, 122.4, 5.255
[16:15:44] 643.8, 122.4, 5.253
[16:15:45] 643.8, 122.4, 5.252
[16:15:46] 643.8, 121.8, 7.340
[16:15:47] 792.4, 122.4, 5.255
[16:15:48] 643.6, 122.4, 5.252
[16:15:49] 643.6, 122.4, 5.251
[16:15:50] 643.5, 122.4, 5.252
[16:15:51] 643.5, 121.7, 7.803
[16:15:52] 857.3, 122.5, 5.272
[16:15:53] 680.6, 122.4, 5.253
[16:15:54] 643.4, 122.3, 5.250
[16:15:55] 643.3, 122.4, 5.252
[16:15:56] 643.4, 122.4, 5.252
[16:15:57] 670.9, 121.6, 8.020
[16:15:58] 977.8, 122.4, 5.581
[16:15:59] 737.4, 122.4, 5.257
[16:16:00] 643.7, 122.3, 5.257
[16:16:01] 643.6, 122.3, 5.251
[16:16:02] 643.5, 122.3, 5.252
[16:16:03] 643.4, 121.7, 8.012
[16:16:04] 953.8, 121.7, 8.035
[16:16:05] 978.4, 121.7, 7.425
[16:16:06] 836.3, 122.3, 5.267
[16:16:07] 644.3, 122.4, 5.257
[16:16:08] 644.2, 122.4, 5.256
[16:16:09] 644.1, 122.3, 5.253
[16:16:10] 644.1, 121.7, 7.662
[16:16:11] 852.8, 121.7, 8.030
[16:16:12] 979.0, 121.6, 8.047
[16:16:13] 979.1, 121.6, 8.053
[16:16:14] 979.4, 121.7, 8.066
[16:16:15] 979.4, 122.3, 5.313
[16:16:16] 690.0, 122.1, 5.271
[16:16:17] 644.9, 122.2, 5.269
[16:16:18] 644.8, 122.2, 5.267
[16:16:19] 644.6, 122.1, 5.262
[16:16:20] 651.6, 121.6, 8.028
[16:16:21] 978.2, 121.7, 8.043
[16:16:22] 978.3, 121.5, 8.048
[16:16:23] 978.6, 121.6, 8.056
[16:16:24] 978.9, 121.7, 8.062
[16:16:25] 979.3, 121.6, 8.062
[16:16:26] 979.6, 121.7, 8.067
[16:16:27] 980.0, 121.8, 8.064
[16:16:28] 980.4, 121.7, 8.069
[16:16:29] 980.8, 122.3, 5.773
[16:16:30] 757.9, 122.5, 5.270
[16:16:31] 645.5, 122.5, 5.265
[16:16:32] 645.4, 122.3, 5.265
[16:16:33] 645.3, 122.3, 5.258
[16:16:34] 645.2, 121.8, 8.004
[16:16:35] 921.9, 121.7, 8.041
[16:16:36] 979.6, 121.6, 8.053
[16:16:37] 979.8, 121.6, 8.064
[16:16:38] 980.1, 121.7, 8.068
[16:16:39] 980.4, 121.7, 8.071
[16:16:40] 980.8, 121.7, 8.074
[16:16:41] 981.2, 121.6, 8.083
[16:16:42] 981.6, 121.6, 8.089
[16:16:43] 982.0, 121.6, 8.087
[16:16:44] 982.4, 121.6, 8.089
[16:16:45] 982.7, 121.5, 8.092
[16:16:46] 983.0, 121.6, 8.092
[16:16:48] 983.6, 121.6, 8.097
[16:16:50] 984.1, 121.6, 8.094
wattsup: [error] Reading final time stamp: Bad address
<<<[16:18:41] 657.2, 122.3, 5.372
[16:18:42] 657.2, 122.4, 5.290
[16:18:43] 646.9, 122.3, 5.372
[16:18:44] 661.9, 122.3, 5.476
[16:18:45] 670.9, 122.3, 5.445
[16:18:46] 670.5, 122.3, 5.455
[16:18:47] 670.1, 122.3, 5.498
[16:18:48] 669.7, 122.4, 5.387
[16:18:49] 669.1, 122.4, 5.480
[16:18:50] 668.8, 122.4, 5.403
[16:18:51] 663.6, 122.3, 5.403
[16:18:52] 663.5, 122.3, 5.400
[16:18:53] 663.7, 122.2, 5.406
[16:18:54] 663.7, 122.3, 5.449
[16:18:55] 669.7, 122.4, 5.444
[16:18:56] 664.6, 122.3, 5.441
[16:18:57] 664.5, 122.3, 5.419
[16:18:58] 664.5, 122.4, 5.416
[16:18:59] 664.3, 122.3, 5.549
[16:19:00] 676.2, 122.4, 5.449
[16:19:01] 661.5, 122.4, 5.359
[16:19:02] 653.4, 122.4, 5.286
[16:19:03] 644.9, 122.3, 5.290
[16:19:04] 645.0, 122.4, 5.284
[16:19:05] 645.1, 122.4, 5.290
[16:19:06] 735.5, 122.4, 5.283
[16:19:07] 651.0, 122.4, 5.259
[16:19:08] 644.7, 122.3, 5.263
[16:19:09] 644.6, 122.4, 5.257
[16:19:10] 644.6, 122.4, 5.267
[16:19:11] 728.0, 122.3, 5.268
[16:19:12] 653.0, 122.4, 5.262
[16:19:13] 644.3, 122.4, 5.255
[16:19:14] 644.2, 122.4, 5.272
[16:19:15] 644.1, 122.4, 5.255
[16:19:16] 722.9, 122.5, 5.262
[16:19:17] 654.4, 122.5, 5.258
[16:19:18] 644.5, 122.4, 5.272
[16:19:19] 644.4, 122.4, 5.254
[16:19:20] 644.3, 122.4, 5.255
[16:19:21] 716.8, 122.5, 5.262
[16:19:22] 656.2, 122.3, 5.272
[16:19:23] 643.7, 122.4, 5.254
[16:19:24] 643.7, 122.5, 5.255
[16:19:25] 643.7, 122.5, 5.255
[16:19:26] 704.6, 122.4, 5.347
[16:19:27] 704.9, 122.5, 5.252
[16:19:28] 643.7, 122.4, 5.252
[16:19:29] 643.7, 122.6, 5.252
[16:19:30] 643.7, 122.5, 5.266
[16:19:31] 659.5, 122.4, 6.382
[16:19:32] 778.8, 122.5, 5.253
[16:19:33] 643.7, 122.5, 5.251
[16:19:34] 643.6, 122.5, 5.265
[16:19:35] 643.6, 122.4, 5.253
[16:19:36] 643.6, 121.7, 7.988
[16:19:37] 881.1, 122.4, 5.266
[16:19:38] 662.1, 122.4, 5.279
[16:19:39] 644.9, 122.4, 5.275
[16:19:40] 644.9, 122.5, 5.276
[16:19:41] 645.0, 122.5, 5.279
[16:19:42] 712.6, 121.8, 8.053
[16:19:43] 973.3, 122.4, 5.381
[16:19:44] 713.8, 122.4, 5.260
[16:19:45] 644.7, 122.4, 5.258
[16:19:46] 644.6, 122.4, 5.272
[16:19:47] 644.5, 122.3, 5.257
[16:19:48] 672.9, 121.6, 8.099
[16:19:49] 986.1, 121.6, 8.107
[16:19:50] 986.2, 122.1, 6.805
[16:19:51] 781.1, 122.3, 5.272
[16:19:52] 645.5, 122.4, 5.263
[16:19:53] 645.3, 122.4, 5.266
[16:19:54] 645.2, 122.4, 5.273
[16:19:55] 645.1, 121.8, 8.043
[16:19:56] 935.7, 121.6, 8.074
[16:19:57] 982.7, 121.6, 8.067
[16:19:58] 982.7, 121.6, 8.070
[16:19:59] 982.8, 121.7, 8.082
[16:20:00] 926.0, 122.4, 5.280
[16:20:01] 646.5, 122.3, 5.271
[16:20:02] 646.4, 122.4, 5.281
[16:20:03] 646.2, 122.4, 5.265
[16:20:04] 646.0, 122.5, 5.258
[16:20:05] 770.1, 121.7, 8.059
[16:20:06] 981.3, 121.7, 8.069
[16:20:07] 981.4, 121.7, 8.073
[16:20:08] 981.7, 121.8, 8.075
[16:20:09] 982.1, 121.7, 8.082
[16:20:10] 982.5, 121.6, 8.094
[16:20:11] 982.9, 121.8, 8.095
[16:20:12] 983.3, 121.7, 8.100
[16:20:13] 983.7, 121.7, 8.099
[16:20:14] 934.1, 122.4, 5.292
[16:20:15] 647.7, 122.4, 5.283
[16:20:16] 647.6, 122.3, 5.276
[16:20:17] 647.4, 122.4, 5.274
[16:20:18] 647.2, 122.4, 5.277
[16:20:19] 762.8, 121.8, 8.086
[16:20:20] 986.2, 121.8, 8.100
[16:20:21] 986.4, 121.7, 8.110
[16:20:22] 986.7, 121.7, 8.121
[16:20:23] 987.0, 121.7, 8.128
[16:20:24] 987.5, 121.8, 8.130
[16:20:25] 988.0, 121.8, 8.130
[16:20:26] 988.4, 121.8, 8.132
[16:20:27] 988.8, 121.7, 8.136
[16:20:28] 989.1, 121.7, 8.139
[16:20:29] 989.4, 121.7, 8.135
[16:20:30] 989.8, 121.7, 8.140
[16:20:31] 990.1, 121.8, 8.141
[16:20:32] 990.4, 121.7, 8.141
[16:20:33] 990.6, 121.7, 8.143
[16:20:34] 990.8, 121.7, 8.146
[16:20:35] 991.1, 121.6, 8.146
[16:20:36] 991.3, 121.8, 8.146
[16:20:37] 897.1, 122.4, 5.293
[16:20:38] 648.7, 122.3, 5.297
[16:20:39] 648.5, 122.4, 5.281
[16:20:40] 648.4, 122.5, 5.275
<<<[16:20:56] 645.3, 122.3, 5.267
[16:20:57] 645.3, 122.2, 5.267
[16:20:58] 645.2, 122.2, 5.437
[16:20:59] 662.4, 122.3, 5.432
[16:21:00] 662.8, 122.3, 5.510
[16:21:01] 668.4, 122.2, 5.448
[16:21:02] 668.2, 122.1, 5.506
[16:21:03] 668.3, 122.2, 5.408
[16:21:04] 668.2, 122.1, 5.478
[16:21:05] 668.6, 122.2, 5.394
[16:21:06] 668.0, 122.1, 5.428
[16:21:07] 667.5, 122.2, 5.412
[16:21:08] 667.3, 122.2, 5.408
[16:21:09] 666.9, 122.2, 5.487
[16:21:10] 667.3, 122.1, 5.430
[16:21:11] 666.9, 122.2, 5.418
[16:21:12] 666.7, 122.2, 5.445
[16:21:13] 666.3, 122.2, 5.441
[16:21:14] 665.9, 122.1, 5.521
[16:21:15] 674.7, 122.3, 5.438
[16:21:16] 660.5, 122.2, 5.279
[16:21:17] 647.9, 122.3, 5.269
[16:21:18] 647.5, 122.4, 5.268
[16:21:19] 647.2, 122.3, 5.268
[16:21:20] 646.9, 122.3, 5.274
[16:21:21] 741.4, 122.4, 5.298
[16:21:22] 646.1, 122.4, 5.290
[16:21:23] 646.0, 122.3, 5.289
[16:21:24] 645.9, 122.3, 5.289
[16:21:25] 645.9, 122.3, 5.289
[16:21:26] 739.2, 122.3, 5.281
[16:21:27] 644.9, 122.3, 5.268
[16:21:28] 644.9, 122.2, 5.297
[16:21:29] 645.0, 122.2, 5.291
[16:21:30] 645.0, 122.3, 5.288
[16:21:31] 736.1, 122.3, 5.269
[16:21:32] 644.3, 122.3, 5.264
[16:21:33] 644.3, 122.3, 5.266
[16:21:34] 644.3, 122.3, 5.264
[16:21:35] 644.3, 122.3, 5.264
[16:21:36] 729.2, 122.2, 5.272
[16:21:37] 644.3, 122.2, 5.267
[16:21:38] 644.3, 122.3, 5.272
[16:21:39] 644.3, 122.1, 5.269
[16:21:40] 644.3, 122.2, 5.268
[16:21:41] 726.2, 122.2, 5.297
[16:21:42] 685.5, 122.2, 5.275
[16:21:43] 644.5, 122.2, 5.264
[16:21:44] 644.4, 122.2, 5.265
[16:21:45] 644.4, 122.2, 5.270
[16:21:46] 688.8, 122.1, 5.666
[16:21:47] 749.8, 122.3, 5.266
[16:21:48] 644.1, 122.2, 5.267
[16:21:49] 644.1, 122.2, 5.266
[16:21:50] 644.1, 122.2, 5.262
[16:21:51] 644.1, 121.6, 8.017
[16:21:52] 896.1, 122.2, 5.272
[16:21:53] 644.1, 122.3, 5.265
[16:21:54] 644.1, 122.3, 5.271
[16:21:55] 644.1, 122.3, 5.259
[16:21:56] 644.1, 122.3, 5.281
[16:21:57] 731.1, 121.7, 8.032
[16:21:58] 969.3, 122.4, 5.310
[16:21:59] 691.2, 122.4, 5.260
[16:22:00] 644.7, 122.4, 5.258
[16:22:01] 644.6, 122.4, 5.258
[16:22:02] 644.5, 122.4, 5.266
[16:22:03] 680.0, 121.6, 8.029
[16:22:04] 978.8, 121.6, 8.050
[16:22:05] 979.0, 122.2, 5.801
[16:22:06] 760.3, 122.4, 5.271
[16:22:07] 645.5, 122.4, 5.264
[16:22:08] 645.4, 122.4, 5.258
[16:22:09] 645.3, 122.4, 5.258
[16:22:10] 645.2, 121.7, 7.996
[16:22:11] 914.6, 121.7, 8.045
[16:22:12] 980.1, 121.7, 8.056
[16:22:13] 980.3, 121.7, 8.059
[16:22:14] 980.6, 121.6, 8.069
[16:22:15] 962.8, 122.4, 5.288
[16:22:16] 648.5, 122.4, 5.277
[16:22:17] 648.2, 122.4, 5.269
[16:22:18] 647.9, 122.3, 5.275
[16:22:19] 647.5, 122.4, 5.262
[16:22:20] 719.9, 121.6, 8.041
[16:22:21] 979.8, 121.6, 8.062
[16:22:22] 980.0, 121.8, 8.060
[16:22:23] 980.4, 121.8, 8.062
[16:22:24] 980.8, 121.7, 8.068
[16:22:25] 981.2, 121.7, 8.076
[16:22:26] 981.6, 121.8, 8.082
[16:22:27] 982.0, 121.8, 8.088
[16:22:28] 982.5, 121.6, 8.091
[16:22:29] 982.2, 122.4, 5.344
[16:22:30] 702.8, 122.4, 5.289
[16:22:31] 647.5, 122.4, 5.278
[16:22:32] 647.4, 122.4, 5.272
[16:22:33] 647.2, 122.3, 5.278
[16:22:34] 665.4, 121.6, 8.047
[16:22:35] 980.9, 121.7, 8.061
[16:22:36] 981.1, 121.5, 8.078
[16:22:37] 981.4, 121.5, 8.092
[16:22:38] 981.8, 121.7, 8.086
[16:22:39] 982.3, 121.6, 8.095
[16:22:40] 982.8, 121.7, 8.090
[16:22:41] 983.2, 121.6, 8.094
[16:22:42] 983.6, 121.7, 8.097
[16:22:43] 984.0, 121.7, 8.094
[16:22:44] 984.4, 121.7, 8.097
[16:22:45] 984.8, 121.7, 8.096
[16:22:46] 985.1, 121.7, 8.099
[16:22:47] 985.3, 121.7, 8.103
[16:22:48] 985.7, 121.7, 8.107
[16:22:49] 985.9, 121.7, 8.106
[16:22:50] 986.2, 121.7, 8.102
[16:22:51] 986.4, 121.7, 8.101
[16:22:52] 986.6, 122.3, 5.446
[16:22:53] 738.2, 122.5, 5.289
[16:22:54] 648.1, 122.4, 5.280
[16:22:55] 648.0, 122.4, 5.299
[16:22:56] 647.9, 122.5, 5.296
<<<[16:23:10] 647.1, 122.4, 5.259
[16:23:11] 646.8, 122.5, 5.257
[16:23:12] 646.6, 122.4, 5.260
[16:23:13] 647.2, 122.5, 5.437
[16:23:14] 668.0, 122.3, 5.416
[16:23:15] 667.7, 122.4, 5.418
[16:23:16] 667.5, 122.4, 5.478
[16:23:17] 667.8, 122.4, 5.454
[16:23:18] 667.7, 122.4, 5.491
[16:23:19] 667.6, 122.4, 5.387
[16:23:20] 667.2, 122.4, 5.414
[16:23:21] 666.9, 122.4, 5.401
[16:23:22] 666.4, 122.4, 5.400
[16:23:23] 666.4, 122.4, 5.398
[16:23:24] 666.3, 122.4, 5.446
[16:23:25] 666.8, 122.4, 5.438
[16:23:26] 666.3, 122.3, 5.507
[16:23:27] 666.1, 122.3, 5.436
[16:23:28] 665.7, 122.3, 5.435
[16:23:29] 666.2, 122.4, 5.447
[16:23:30] 666.4, 122.4, 5.337
[16:23:31] 655.0, 122.4, 5.272
[16:23:32] 647.9, 122.3, 5.260
[16:23:33] 647.4, 122.4, 5.261
[16:23:34] 647.0, 122.3, 5.260
[16:23:35] 646.7, 122.2, 6.982
[16:23:36] 741.2, 122.3, 5.259
[16:23:37] 644.3, 122.3, 5.263
[16:23:38] 644.3, 122.5, 5.255
[16:23:39] 644.2, 122.4, 5.253
[16:23:40] 644.2, 122.2, 7.046
[16:23:41] 737.1, 122.5, 5.253
[16:23:42] 643.7, 122.5, 5.254
[16:23:43] 643.8, 122.4, 5.259
[16:23:44] 644.0, 122.5, 5.250
[16:23:45] 644.1, 122.1, 7.112
[16:23:46] 734.5, 122.5, 5.257
[16:23:47] 643.9, 122.4, 5.252
[16:23:48] 643.9, 122.5, 5.249
[16:23:49] 643.8, 122.5, 5.250
[16:23:50] 643.8, 122.1, 7.173
[16:23:51] 728.2, 122.5, 5.256
[16:23:52] 643.9, 122.4, 5.255
[16:23:53] 643.8, 122.4, 5.250
[16:23:54] 643.8, 122.5, 5.250
[16:23:55] 643.8, 121.9, 7.413
[16:23:56] 766.4, 122.4, 5.258
[16:23:57] 643.7, 122.5, 5.249
[16:23:58] 643.6, 122.4, 5.251
[16:23:59] 643.6, 122.5, 5.251
[16:24:00] 643.5, 121.8, 7.226
[16:24:01] 794.7, 122.5, 5.256
[16:24:02] 643.9, 122.4, 5.254
[16:24:03] 643.8, 122.4, 5.252
[16:24:04] 643.8, 122.4, 5.252
[16:24:05] 643.8, 122.4, 5.256
[16:24:06] 733.7, 122.0, 7.326
[16:24:07] 804.2, 122.4, 5.257
[16:24:08] 644.1, 122.4, 5.261
[16:24:09] 644.1, 122.4, 5.253
[16:24:10] 644.0, 122.4, 5.251
[16:24:11] 643.9, 121.7, 7.851
[16:24:12] 871.9, 121.8, 7.736
[16:24:13] 871.7, 122.3, 5.259
[16:24:14] 644.5, 122.4, 5.260
[16:24:15] 644.4, 122.4, 5.258
[16:24:16] 644.4, 122.4, 5.255
[16:24:17] 644.4, 121.9, 6.474
[16:24:18] 819.3, 121.8, 8.064
[16:24:19] 982.9, 121.8, 8.070
[16:24:20] 966.4, 122.4, 5.292
[16:24:21] 684.7, 122.4, 5.264
[16:24:22] 644.9, 122.4, 5.258
[16:24:23] 644.8, 122.5, 5.255
[16:24:24] 644.7, 122.3, 5.258
[16:24:25] 707.9, 121.8, 8.029
[16:24:26] 978.0, 121.7, 8.035
[16:24:27] 978.2, 121.7, 8.046
[16:24:28] 978.6, 121.6, 8.059
[16:24:29] 979.0, 121.8, 7.680
[16:24:30] 875.8, 122.3, 5.277
[16:24:31] 646.1, 122.4, 5.268
[16:24:32] 646.0, 122.3, 5.265
[16:24:33] 645.8, 122.3, 5.268
[16:24:34] 645.7, 121.8, 6.851
[16:24:35] 824.4, 121.7, 8.040
[16:24:36] 979.4, 121.6, 8.051
[16:24:37] 979.5, 121.6, 8.059
[16:24:38] 979.9, 121.7, 8.067
[16:24:39] 980.2, 121.6, 8.070
[16:24:40] 980.6, 121.7, 8.071
[16:24:41] 980.9, 121.7, 8.077
[16:24:42] 981.3, 121.7, 8.075
[16:24:43] 981.6, 121.6, 8.076
[16:24:44] 955.5, 122.5, 5.285
[16:24:45] 647.1, 122.4, 5.270
[16:24:46] 646.9, 122.5, 5.263
[16:24:47] 646.7, 122.4, 5.261
[16:24:48] 646.5, 122.5, 5.258
[16:24:49] 727.8, 121.7, 8.039
[16:24:50] 980.0, 121.7, 8.052
[16:24:51] 980.1, 121.7, 8.062
[16:24:52] 980.5, 121.7, 8.070
[16:24:53] 980.8, 121.6, 8.072
[16:24:54] 981.2, 121.7, 8.069
[16:24:55] 981.6, 121.7, 8.077
[16:24:56] 982.0, 121.7, 8.081
[16:24:57] 982.3, 121.7, 8.088
[16:24:58] 982.7, 121.7, 8.081
[16:24:59] 983.0, 121.7, 8.089
[16:25:00] 983.4, 121.6, 8.096
[16:25:01] 983.7, 121.7, 8.081
[16:25:02] 983.9, 121.6, 8.098
[16:25:03] 984.2, 121.7, 8.089
[16:25:04] 984.4, 121.7, 8.091
[16:25:05] 984.7, 121.7, 8.092
[16:25:06] 984.8, 121.7, 8.096
[16:25:07] 985.1, 122.4, 5.670
[16:25:08] 763.6, 122.5, 5.282
[16:25:09] 647.5, 122.4, 5.277
[16:25:10] 647.3, 122.4, 5.271
[16:25:11] 647.2, 122.5, 5.265
