<<<[09:40:16] 648.6, 123.8, 5.216
[09:40:17] 648.3, 123.8, 5.224
[09:40:18] 648.1, 123.8, 5.219
[09:40:19] 648.4, 123.8, 5.357
[09:40:20] 663.8, 123.8, 5.220
[09:40:21] 647.9, 123.8, 5.221
[09:40:22] 647.7, 123.8, 5.219
[09:40:23] 647.7, 123.8, 5.221
[09:40:24] 647.5, 123.7, 5.223
[09:40:25] 655.2, 123.7, 5.522
[09:40:26] 733.3, 123.7, 5.214
[09:40:27] 646.5, 123.7, 5.218
[09:40:28] 646.4, 123.7, 5.217
[09:40:29] 646.4, 123.7, 5.218
[09:40:30] 646.8, 123.7, 5.537
[09:40:31] 734.7, 123.7, 5.222
[09:40:32] 646.3, 123.7, 5.220
[09:40:33] 646.3, 123.7, 5.225
[09:40:34] 646.3, 123.7, 5.219
[09:40:35] 646.5, 123.7, 5.555
[09:40:36] 735.7, 123.7, 5.223
[09:40:37] 646.1, 123.7, 5.221
[09:40:38] 646.1, 123.8, 5.218
[09:40:39] 646.1, 123.8, 5.217
[09:40:40] 646.3, 123.7, 5.567
[09:40:41] 736.3, 123.7, 5.220
[09:40:42] 646.3, 123.7, 5.221
[09:40:43] 646.2, 123.8, 5.216
[09:40:44] 646.3, 123.7, 5.220
[09:40:45] 646.5, 123.7, 5.578
[09:40:46] 736.7, 123.7, 5.225
[09:40:47] 646.1, 123.7, 5.219
[09:40:48] 646.1, 123.7, 5.223
[09:40:49] 646.0, 123.7, 5.216
[09:40:50] 646.1, 123.6, 5.593
[09:40:51] 736.3, 123.7, 5.219
[09:40:52] 646.3, 123.7, 5.221
[09:40:53] 646.2, 123.7, 5.219
[09:40:54] 646.2, 123.7, 5.219
[09:40:55] 646.2, 123.7, 5.602
[09:40:56] 735.3, 123.7, 5.221
[09:40:57] 646.1, 123.7, 5.219
[09:40:58] 646.1, 123.7, 5.220
[09:40:59] 646.1, 123.7, 5.220
[09:41:00] 646.1, 123.7, 5.610
[09:41:01] 733.3, 123.7, 5.221
[09:41:02] 646.1, 123.7, 5.219
[09:41:03] 646.1, 123.7, 5.221
[09:41:04] 646.0, 123.7, 5.217
[09:41:05] 646.0, 123.7, 5.631
[09:41:06] 729.8, 123.6, 5.223
[09:41:07] 646.5, 123.6, 5.220
[09:41:08] 646.4, 123.6, 5.214
[09:41:09] 646.3, 123.6, 5.220
[09:41:10] 646.4, 123.6, 5.643
[09:41:11] 723.5, 123.7, 5.221
[09:41:12] 645.9, 123.7, 5.215
[09:41:13] 645.9, 123.7, 5.221
[09:41:14] 645.8, 123.7, 5.213
[09:41:15] 645.8, 123.2, 7.235
[09:41:16] 757.3, 123.7, 5.217
[09:41:17] 646.5, 123.7, 5.218
[09:41:18] 646.4, 123.8, 5.213
[09:41:19] 646.3, 123.7, 5.215
[09:41:20] 646.2, 123.2, 7.509
[09:41:21] 828.0, 123.7, 5.225
[09:41:22] 645.9, 123.8, 5.217
[09:41:23] 646.0, 123.8, 5.219
[09:41:24] 646.0, 123.8, 5.211
[09:41:25] 646.2, 123.8, 5.220
[09:41:26] 762.8, 123.3, 7.235
[09:41:27] 802.4, 123.8, 5.225
[09:41:28] 646.7, 123.8, 5.215
[09:41:29] 646.6, 123.8, 5.223
[09:41:30] 646.6, 123.8, 5.212
[09:41:31] 646.5, 123.1, 7.625
[09:41:32] 883.7, 123.1, 7.317
[09:41:33] 813.6, 123.7, 5.234
[09:41:34] 646.9, 123.7, 5.218
[09:41:35] 646.8, 123.6, 5.232
[09:41:36] 646.7, 123.7, 5.217
[09:41:37] 646.7, 123.2, 7.321
[09:41:38] 831.1, 123.0, 7.681
[09:41:39] 947.1, 123.1, 7.710
[09:41:40] 933.5, 123.7, 5.241
[09:41:41] 649.3, 123.7, 5.244
[09:41:42] 649.0, 123.6, 5.228
[09:41:43] 648.9, 123.7, 5.236
[09:41:44] 648.6, 123.7, 5.225
[09:41:45] 728.6, 123.0, 7.687
[09:41:46] 946.9, 123.1, 7.693
[09:41:47] 947.2, 123.1, 7.715
[09:41:48] 947.6, 123.0, 7.720
[09:41:49] 948.2, 123.1, 7.430
[09:41:50] 872.1, 123.6, 5.243
[09:41:51] 649.5, 123.6, 5.242
[09:41:52] 649.4, 123.6, 5.233
[09:41:53] 649.2, 123.6, 5.234
[09:41:54] 649.0, 123.1, 7.035
[09:41:55] 820.1, 123.0, 7.696
[09:41:56] 948.5, 123.1, 7.712
[09:41:57] 948.8, 123.1, 7.717
[09:41:58] 949.2, 123.1, 7.728
[09:41:59] 949.7, 123.1, 7.737
[09:42:00] 950.2, 123.0, 7.737
[09:42:01] 950.8, 123.0, 7.750
[09:42:02] 951.3, 123.0, 7.749
[09:42:03] 951.8, 123.0, 7.755
[09:42:04] 946.1, 123.7, 5.301
[09:42:05] 701.6, 123.7, 5.253
[09:42:06] 650.4, 123.7, 5.241
[09:42:07] 650.2, 123.8, 5.236
[09:42:08] 650.0, 123.8, 5.233
[09:42:09] 706.1, 123.2, 7.694
[09:42:10] 949.8, 123.2, 7.714
[09:42:11] 950.0, 123.2, 7.721
[09:42:12] 950.3, 123.2, 7.735
[09:42:13] 950.8, 123.2, 7.738
[09:42:14] 951.3, 123.2, 7.747
[09:42:15] 951.8, 123.2, 7.749
[09:42:16] 952.4, 123.2, 7.753
[09:42:17] 952.8, 123.1, 7.752
[09:42:18] 953.3, 123.1, 7.754
[09:42:19] 953.6, 123.1, 7.746
[09:42:20] 953.9, 123.1, 7.763
[09:42:21] 954.2, 123.2, 7.753
[09:42:22] 954.6, 123.2, 7.763
[09:42:23] 954.8, 123.2, 7.754
[09:42:24] 955.1, 123.1, 7.767
[09:42:25] 955.2, 123.0, 7.755
[09:42:26] 955.4, 123.1, 7.762
[09:42:27] 955.6, 123.0, 7.762
[09:42:28] 830.0, 123.7, 5.273
[09:42:29] 652.4, 123.7, 5.251
[09:42:30] 652.1, 123.7, 5.252
[09:42:31] 651.9, 123.7, 5.240
