<<<[01:43:44] 644.5, 124.9, 5.146
[01:43:45] 644.3, 124.9, 5.144
[01:43:46] 644.1, 124.8, 5.362
[01:43:47] 656.7, 124.9, 5.227
[01:43:48] 656.4, 124.9, 5.147
[01:43:49] 644.1, 124.9, 5.148
[01:43:50] 644.0, 124.9, 5.157
[01:43:51] 643.8, 125.0, 5.150
[01:43:52] 643.7, 124.5, 6.951
[01:43:53] 738.2, 125.0, 5.152
[01:43:54] 643.0, 125.0, 5.152
[01:43:55] 642.9, 125.0, 5.142
[01:43:56] 642.9, 125.0, 5.140
[01:43:57] 642.8, 124.5, 6.947
[01:43:58] 737.6, 125.0, 5.152
[01:43:59] 642.8, 125.0, 5.142
[01:44:00] 642.8, 124.9, 5.145
[01:44:01] 642.8, 124.9, 5.136
[01:44:02] 642.7, 124.4, 6.918
[01:44:03] 737.6, 124.9, 5.147
[01:44:04] 642.8, 124.9, 5.143
[01:44:05] 642.8, 124.9, 5.143
[01:44:06] 642.8, 124.9, 5.150
[01:44:07] 642.7, 124.5, 6.889
[01:44:08] 737.4, 125.0, 5.143
[01:44:09] 642.8, 125.0, 5.143
[01:44:10] 642.7, 124.9, 5.152
[01:44:11] 642.7, 125.0, 5.137
[01:44:12] 642.6, 124.5, 6.856
[01:44:13] 736.7, 125.0, 5.139
[01:44:14] 642.4, 125.0, 5.150
[01:44:15] 642.3, 124.9, 5.134
[01:44:16] 642.3, 125.0, 5.136
[01:44:17] 642.3, 124.5, 6.811
[01:44:18] 735.9, 124.9, 5.151
[01:44:19] 642.4, 124.9, 5.141
[01:44:20] 642.3, 124.9, 5.139
[01:44:21] 642.3, 124.9, 5.145
[01:44:22] 642.3, 124.5, 6.754
[01:44:23] 734.3, 124.9, 5.139
[01:44:24] 642.6, 125.0, 5.143
[01:44:25] 642.6, 125.0, 5.138
[01:44:26] 642.6, 125.0, 5.150
[01:44:27] 642.5, 124.6, 6.671
[01:44:28] 730.9, 125.0, 5.138
[01:44:29] 642.4, 125.0, 5.136
[01:44:30] 642.4, 124.9, 5.154
[01:44:31] 642.3, 125.0, 5.135
[01:44:32] 642.3, 124.5, 6.476
[01:44:33] 725.6, 125.0, 5.142
[01:44:34] 642.4, 125.0, 5.152
[01:44:35] 642.4, 125.0, 5.143
[01:44:36] 642.3, 124.9, 5.134
[01:44:37] 642.3, 124.8, 5.289
[01:44:38] 762.8, 124.9, 5.162
[01:44:39] 642.8, 125.0, 5.141
[01:44:40] 642.7, 125.0, 5.134
[01:44:41] 642.6, 125.0, 5.133
[01:44:42] 642.6, 125.0, 5.149
[01:44:43] 739.6, 124.9, 5.176
[01:44:44] 692.0, 125.0, 5.140
[01:44:45] 642.6, 125.0, 5.141
[01:44:46] 642.6, 125.0, 5.152
[01:44:47] 642.5, 125.1, 5.159
[01:44:48] 674.8, 124.5, 7.164
[01:44:49] 809.7, 125.0, 5.138
[01:44:50] 642.8, 125.0, 5.155
[01:44:51] 642.7, 125.0, 5.138
[01:44:52] 642.6, 125.0, 5.136
[01:44:53] 642.5, 124.5, 7.244
[01:44:54] 829.0, 124.5, 7.151
[01:44:55] 809.5, 124.9, 5.142
[01:44:56] 643.4, 124.9, 5.142
[01:44:57] 643.2, 125.0, 5.142
[01:44:58] 643.1, 125.0, 5.155
[01:44:59] 643.0, 124.3, 7.397
[01:45:00] 846.1, 124.4, 7.539
[01:45:01] 937.8, 124.8, 5.915
[01:45:02] 758.3, 124.9, 5.174
[01:45:03] 644.3, 124.9, 5.147
[01:45:04] 644.1, 124.9, 5.141
[01:45:05] 644.0, 124.9, 5.139
[01:45:06] 643.8, 124.3, 7.502
[01:45:07] 884.9, 124.3, 7.542
[01:45:08] 939.0, 124.4, 7.556
[01:45:09] 939.2, 124.4, 7.566
[01:45:10] 938.9, 125.0, 5.247
[01:45:11] 704.8, 124.9, 5.156
[01:45:12] 644.5, 125.0, 5.152
[01:45:13] 644.4, 125.0, 5.142
[01:45:14] 644.2, 124.9, 5.164
[01:45:15] 669.9, 124.4, 7.534
[01:45:16] 938.0, 124.3, 7.556
[01:45:17] 938.3, 124.3, 7.568
[01:45:18] 938.8, 124.4, 7.577
[01:45:19] 939.3, 124.4, 7.584
[01:45:20] 939.9, 124.4, 7.580
[01:45:21] 940.3, 124.4, 7.587
[01:45:22] 940.9, 124.5, 7.251
[01:45:23] 827.6, 125.0, 5.168
[01:45:24] 646.5, 125.0, 5.165
[01:45:25] 646.4, 125.0, 5.156
[01:45:26] 646.1, 125.0, 5.170
[01:45:27] 645.9, 124.4, 7.255
[01:45:28] 830.7, 124.4, 7.566
[01:45:29] 941.8, 124.4, 7.577
[01:45:30] 941.9, 124.4, 7.580
[01:45:31] 942.2, 124.3, 7.583
[01:45:32] 942.5, 124.3, 7.596
[01:45:33] 942.8, 124.4, 7.597
[01:45:34] 943.2, 124.3, 7.606
[01:45:35] 943.6, 124.4, 7.603
[01:45:36] 944.0, 124.3, 7.609
[01:45:37] 944.5, 124.4, 7.611
[01:45:38] 944.8, 124.3, 7.614
[01:45:39] 945.2, 124.4, 7.612
[01:45:40] 945.5, 124.4, 7.613
[01:45:41] 945.8, 124.3, 7.620
[01:45:42] 946.0, 125.0, 5.428
[01:45:43] 738.6, 125.0, 5.266
[01:45:44] 658.7, 125.0, 5.168
[01:45:45] 646.1, 125.0, 5.160
<<<[01:49:00] 644.5, 125.1, 5.142
[01:49:01] 644.7, 125.0, 5.142
[01:49:02] 644.4, 124.9, 5.146
[01:49:03] 651.6, 125.0, 5.264
[01:49:04] 658.1, 125.0, 5.220
[01:49:05] 651.6, 125.0, 5.148
[01:49:06] 643.9, 125.1, 5.143
[01:49:07] 643.7, 125.0, 5.143
[01:49:08] 643.7, 125.0, 5.147
[01:49:09] 727.2, 125.1, 5.150
[01:49:10] 657.1, 125.0, 5.140
[01:49:11] 643.0, 125.0, 5.142
[01:49:12] 643.0, 125.1, 5.141
[01:49:13] 643.0, 125.0, 5.140
[01:49:14] 724.8, 125.1, 5.151
[01:49:15] 657.1, 125.0, 5.141
[01:49:16] 643.4, 125.1, 5.143
[01:49:17] 643.3, 125.1, 5.140
[01:49:18] 643.3, 125.0, 5.140
[01:49:19] 722.7, 125.1, 5.147
[01:49:20] 658.7, 125.0, 5.144
[01:49:21] 643.2, 125.0, 5.138
[01:49:22] 643.2, 125.1, 5.139
[01:49:23] 643.1, 125.0, 5.140
[01:49:24] 721.3, 125.0, 5.152
[01:49:25] 659.9, 125.1, 5.148
[01:49:26] 643.7, 125.0, 5.138
[01:49:27] 643.5, 125.0, 5.139
[01:49:28] 643.5, 125.2, 5.137
[01:49:29] 718.9, 125.2, 5.145
[01:49:30] 661.5, 125.1, 5.140
[01:49:31] 643.0, 125.2, 5.136
[01:49:32] 643.0, 125.2, 5.139
[01:49:33] 643.0, 125.1, 5.136
[01:49:34] 716.0, 125.0, 5.149
[01:49:35] 663.0, 125.1, 5.145
[01:49:36] 643.2, 125.1, 5.138
[01:49:37] 643.1, 125.1, 5.137
[01:49:38] 643.1, 125.1, 5.138
[01:49:39] 712.8, 125.1, 5.146
[01:49:40] 664.6, 125.1, 5.142
[01:49:41] 643.0, 125.0, 5.138
[01:49:42] 643.0, 125.1, 5.139
[01:49:43] 643.0, 125.0, 5.135
[01:49:44] 708.3, 125.1, 5.152
[01:49:45] 665.8, 125.0, 5.138
[01:49:46] 643.2, 125.0, 5.140
[01:49:47] 643.1, 125.0, 5.134
[01:49:48] 643.1, 125.1, 5.134
[01:49:49] 701.0, 125.0, 5.149
[01:49:50] 667.2, 125.1, 5.141
[01:49:51] 643.0, 125.2, 5.132
[01:49:52] 642.9, 125.1, 5.135
[01:49:53] 642.9, 125.2, 5.136
[01:49:54] 688.0, 125.2, 5.295
[01:49:55] 718.0, 125.1, 5.138
[01:49:56] 643.4, 125.2, 5.143
[01:49:57] 643.3, 125.2, 5.132
[01:49:58] 643.2, 125.2, 5.139
[01:49:59] 652.8, 124.8, 6.880
[01:50:00] 778.6, 125.1, 5.134
[01:50:01] 643.2, 125.2, 5.136
[01:50:02] 643.1, 125.1, 5.140
[01:50:03] 643.0, 125.1, 5.135
[01:50:04] 643.0, 124.5, 7.491
[01:50:05] 842.4, 125.1, 5.143
[01:50:06] 643.0, 125.2, 5.137
[01:50:07] 643.0, 125.2, 5.140
[01:50:08] 643.0, 125.1, 5.136
[01:50:09] 643.0, 125.1, 5.136
[01:50:10] 736.9, 124.5, 7.533
[01:50:11] 902.6, 125.1, 5.153
[01:50:12] 644.3, 125.2, 5.142
[01:50:13] 644.2, 125.2, 5.142
[01:50:14] 644.1, 125.1, 5.143
[01:50:15] 643.9, 125.1, 5.136
[01:50:16] 753.6, 124.5, 7.542
[01:50:17] 940.4, 124.6, 7.475
[01:50:18] 852.0, 125.2, 5.149
[01:50:19] 644.5, 125.2, 5.144
[01:50:20] 644.4, 125.2, 5.147
[01:50:21] 644.3, 125.1, 5.142
[01:50:22] 644.1, 124.9, 5.631
[01:50:23] 788.4, 124.4, 7.555
[01:50:24] 941.0, 124.5, 7.567
[01:50:25] 941.2, 124.5, 7.573
[01:50:26] 941.6, 124.6, 7.200
[01:50:27] 795.1, 125.1, 5.160
[01:50:28] 645.9, 125.2, 5.151
[01:50:29] 645.7, 125.2, 5.147
[01:50:30] 645.6, 125.2, 5.145
[01:50:31] 645.3, 124.6, 7.463
[01:50:32] 861.7, 124.6, 7.558
[01:50:33] 942.6, 124.5, 7.574
[01:50:34] 942.7, 124.5, 7.585
[01:50:35] 943.0, 124.4, 7.599
[01:50:36] 943.5, 124.5, 7.598
[01:50:37] 943.9, 124.5, 7.606
[01:50:38] 944.4, 124.5, 7.610
[01:50:39] 936.4, 125.1, 5.204
[01:50:40] 687.8, 125.1, 5.172
[01:50:41] 646.7, 125.1, 5.159
[01:50:42] 646.6, 125.2, 5.153
[01:50:43] 646.3, 125.1, 5.152
[01:50:44] 713.0, 124.4, 7.568
[01:50:45] 942.7, 124.6, 7.577
[01:50:46] 942.9, 124.6, 7.589
[01:50:47] 943.2, 124.5, 7.600
[01:50:48] 943.7, 124.5, 7.602
[01:50:49] 944.2, 124.5, 7.617
[01:50:50] 944.8, 124.5, 7.611
[01:50:51] 945.2, 124.5, 7.614
[01:50:52] 945.7, 124.4, 7.615
[01:50:53] 946.1, 124.4, 7.620
[01:50:54] 946.5, 124.5, 7.612
[01:50:55] 946.9, 124.4, 7.614
[01:50:56] 947.2, 124.5, 7.626
[01:50:57] 947.4, 124.5, 7.621
[01:50:58] 947.7, 124.5, 7.624
[01:50:59] 881.7, 125.0, 5.191
[01:51:00] 650.4, 125.1, 5.174
[01:51:01] 650.2, 125.0, 5.171
[01:51:02] 649.8, 125.1, 5.171
[01:51:03] 649.5, 125.1, 5.160
