<<<[22:18:50] 646.4, 123.6, 5.213
[22:18:51] 646.2, 123.6, 5.212
[22:18:52] 646.0, 123.5, 5.282
[22:18:53] 656.0, 123.6, 5.323
[22:18:54] 656.2, 123.6, 5.216
[22:18:55] 645.9, 123.6, 5.217
[22:18:56] 645.8, 123.5, 5.219
[22:18:57] 645.8, 123.7, 5.215
[22:18:58] 645.8, 123.1, 6.746
[22:18:59] 740.4, 123.6, 5.212
[22:19:00] 644.9, 123.6, 5.213
[22:19:01] 644.9, 123.6, 5.211
[22:19:02] 644.8, 123.5, 5.213
[22:19:03] 644.8, 123.2, 6.620
[22:19:04] 737.4, 123.5, 5.213
[22:19:05] 644.9, 123.5, 5.211
[22:19:06] 644.8, 123.6, 5.209
[22:19:07] 644.8, 123.6, 5.212
[22:19:08] 644.8, 123.1, 6.541
[22:19:09] 736.3, 123.6, 5.213
[22:19:10] 645.9, 123.6, 5.215
[22:19:11] 645.7, 123.6, 5.209
[22:19:12] 645.6, 123.5, 5.212
[22:19:13] 645.4, 123.2, 6.453
[22:19:14] 735.7, 123.6, 5.213
[22:19:15] 644.7, 123.5, 5.215
[22:19:16] 644.7, 123.6, 5.213
[22:19:17] 644.6, 123.6, 5.210
[22:19:18] 644.6, 123.2, 6.318
[22:19:19] 733.9, 123.6, 5.213
[22:19:20] 644.5, 123.5, 5.212
[22:19:21] 644.4, 123.5, 5.211
[22:19:22] 644.4, 123.6, 5.209
[22:19:23] 644.4, 123.2, 6.108
[22:19:24] 731.1, 123.6, 5.208
[22:19:25] 644.3, 123.5, 5.210
[22:19:26] 644.3, 123.6, 5.209
[22:19:27] 644.3, 123.6, 5.206
[22:19:28] 644.3, 123.3, 5.576
[22:19:29] 725.6, 123.6, 5.208
[22:19:30] 644.3, 123.6, 5.208
[22:19:31] 644.3, 123.6, 5.210
[22:19:32] 644.3, 123.5, 5.210
[22:19:33] 644.2, 123.6, 5.208
[22:19:34] 751.8, 123.5, 5.227
[22:19:35] 656.9, 123.6, 5.226
[22:19:36] 645.9, 123.5, 5.216
[22:19:37] 645.8, 123.6, 5.218
[22:19:38] 645.7, 123.6, 5.214
[22:19:39] 730.0, 123.6, 5.291
[22:19:40] 706.9, 123.6, 5.210
[22:19:41] 644.7, 123.6, 5.210
[22:19:42] 644.6, 123.6, 5.206
[22:19:43] 644.5, 123.6, 5.211
[22:19:44] 681.1, 123.4, 6.249
[22:19:45] 761.7, 123.6, 5.214
[22:19:46] 644.7, 123.6, 5.206
[22:19:47] 644.6, 123.6, 5.204
[22:19:48] 644.6, 123.6, 5.203
[22:19:49] 644.5, 123.1, 7.327
[22:19:50] 844.5, 123.6, 5.300
[22:19:51] 709.5, 123.7, 5.213
[22:19:52] 644.9, 123.5, 5.208
[22:19:53] 644.8, 123.6, 5.202
[22:19:54] 644.7, 123.6, 5.201
[22:19:55] 644.6, 123.1, 7.378
[22:19:56] 907.3, 123.1, 7.388
[22:19:57] 869.5, 123.7, 5.217
[22:19:58] 645.5, 123.7, 5.208
[22:19:59] 645.3, 123.6, 5.207
[22:20:00] 645.2, 123.7, 5.205
[22:20:01] 645.1, 123.6, 5.248
[22:20:02] 767.8, 123.0, 7.383
[22:20:03] 910.7, 123.1, 7.411
[22:20:04] 911.0, 123.1, 7.415
[22:20:05] 874.2, 123.6, 5.224
[22:20:06] 646.1, 123.6, 5.215
[22:20:07] 646.0, 123.7, 5.209
[22:20:08] 645.8, 123.7, 5.207
[22:20:09] 645.6, 123.6, 5.211
[22:20:10] 758.7, 123.0, 7.400
[22:20:11] 911.6, 123.1, 7.416
[22:20:12] 911.8, 123.2, 7.419
[22:20:13] 912.1, 123.1, 7.411
[22:20:14] 912.3, 123.0, 7.429
[22:20:15] 912.7, 123.0, 7.421
[22:20:16] 879.0, 123.6, 5.220
[22:20:17] 645.5, 123.6, 5.215
[22:20:18] 645.4, 123.6, 5.207
[22:20:19] 645.2, 123.6, 5.209
[22:20:20] 645.0, 123.5, 5.213
[22:20:21] 740.0, 123.1, 7.408
[22:20:22] 912.4, 123.0, 7.422
[22:20:23] 912.6, 123.0, 7.437
[22:20:24] 913.0, 123.1, 7.430
[22:20:25] 913.3, 123.0, 7.438
[22:20:26] 913.7, 123.0, 7.435
[22:20:27] 914.1, 123.1, 7.449
[22:20:28] 914.5, 123.0, 7.450
[22:20:29] 914.9, 123.0, 7.450
[22:20:30] 915.3, 123.1, 7.456
[22:20:31] 915.7, 123.1, 7.454
[22:20:32] 916.0, 123.0, 7.460
[22:20:33] 858.3, 123.6, 5.241
[22:20:34] 648.5, 123.7, 5.228
[22:20:35] 648.3, 123.7, 5.223
[22:20:36] 648.0, 123.6, 5.221
<<<[23:33:05] 657.5, 123.9, 5.286
[23:33:06] 657.1, 124.1, 5.186
[23:33:07] 643.2, 124.0, 5.374
[23:33:08] 660.1, 124.0, 5.266
[23:33:09] 659.4, 124.1, 5.233
[23:33:10] 648.1, 124.1, 5.187
[23:33:11] 647.5, 124.0, 5.210
[23:33:12] 647.2, 124.1, 5.209
[23:33:13] 646.9, 123.5, 7.067
[23:33:14] 739.6, 124.0, 5.179
[23:33:15] 643.0, 124.1, 5.179
[23:33:16] 643.0, 124.1, 5.180
[23:33:17] 643.0, 124.0, 5.179
[23:33:18] 643.0, 123.6, 7.066
[23:33:19] 737.6, 124.0, 5.179
[23:33:20] 643.2, 124.0, 5.180
[23:33:21] 643.1, 124.1, 5.180
[23:33:22] 643.1, 124.0, 5.177
[23:33:23] 643.0, 123.6, 7.046
[23:33:24] 736.9, 124.1, 5.180
[23:33:25] 643.2, 124.0, 5.177
[23:33:26] 643.1, 124.1, 5.178
[23:33:27] 643.0, 124.1, 5.173
[23:33:28] 643.0, 123.6, 7.024
[23:33:29] 736.1, 124.1, 5.177
[23:33:30] 643.0, 124.1, 5.178
[23:33:31] 643.0, 124.1, 5.173
[23:33:32] 642.9, 124.1, 5.173
[23:33:33] 642.8, 123.7, 7.002
[23:33:34] 734.1, 124.0, 5.176
[23:33:35] 642.4, 124.0, 5.175
[23:33:36] 642.4, 124.1, 5.175
[23:33:37] 642.4, 124.0, 5.172
[23:33:38] 642.5, 123.6, 6.955
[23:33:39] 730.9, 124.1, 5.174
[23:33:40] 642.6, 124.1, 5.171
[23:33:41] 642.5, 124.0, 5.173
[23:33:42] 642.6, 124.1, 5.174
[23:33:43] 642.5, 123.6, 6.865
[23:33:44] 725.6, 124.1, 5.174
[23:33:45] 642.8, 124.1, 5.172
[23:33:46] 642.7, 124.1, 5.170
[23:33:47] 642.6, 124.1, 5.170
[23:33:48] 642.5, 123.7, 6.587
[23:33:49] 763.2, 124.2, 5.176
[23:33:50] 642.2, 124.1, 5.169
[23:33:51] 642.2, 124.1, 5.169
[23:33:52] 642.2, 124.1, 5.171
[23:33:53] 642.2, 124.2, 5.169
[23:33:54] 742.0, 124.1, 5.176
[23:33:55] 642.0, 124.1, 5.174
[23:33:56] 642.0, 124.1, 5.169
[23:33:57] 642.0, 124.1, 5.169
[23:33:58] 642.1, 124.1, 5.171
[23:33:59] 709.3, 124.1, 5.444
[23:34:00] 730.0, 124.1, 5.178
[23:34:01] 642.8, 124.0, 5.176
[23:34:02] 642.7, 124.0, 5.175
[23:34:03] 642.6, 124.1, 5.174
[23:34:04] 642.6, 123.5, 7.329
[23:34:05] 870.5, 124.0, 5.203
[23:34:06] 680.4, 124.0, 5.183
[23:34:07] 643.2, 124.1, 5.179
[23:34:08] 643.1, 124.0, 5.175
[23:34:09] 643.0, 124.0, 5.170
[23:34:10] 668.4, 123.6, 7.339
[23:34:11] 907.9, 123.6, 7.245
[23:34:12] 840.0, 124.1, 5.188
[23:34:13] 644.1, 124.1, 5.183
[23:34:14] 644.0, 124.1, 5.177
[23:34:15] 643.8, 124.1, 5.174
[23:34:16] 643.6, 123.7, 6.704
[23:34:17] 793.2, 123.6, 7.351
[23:34:18] 909.5, 123.5, 7.373
[23:34:19] 909.7, 123.6, 7.299
[23:34:20] 845.1, 124.1, 5.191
[23:34:21] 644.5, 124.0, 5.185
[23:34:22] 644.3, 124.1, 5.180
[23:34:23] 644.2, 124.1, 5.179
[23:34:24] 644.1, 123.6, 6.098
[23:34:25] 780.0, 123.5, 7.361
[23:34:26] 910.3, 123.5, 7.379
[23:34:27] 910.5, 123.4, 7.388
[23:34:28] 910.9, 123.5, 7.386
[23:34:29] 911.2, 123.6, 7.392
[23:34:30] 911.6, 123.4, 7.390
[23:34:31] 851.0, 124.0, 5.203
[23:34:32] 646.1, 124.1, 5.194
[23:34:33] 645.9, 124.0, 5.188
[23:34:34] 645.7, 124.1, 5.182
[23:34:35] 645.4, 124.1, 5.182
[23:34:36] 754.2, 123.4, 7.373
[23:34:37] 911.8, 123.6, 7.382
[23:34:38] 911.9, 123.5, 7.386
[23:34:39] 912.2, 123.6, 7.390
[23:34:40] 912.4, 123.5, 7.400
[23:34:41] 912.8, 123.5, 7.394
[23:34:42] 913.2, 123.6, 7.409
[23:34:43] 913.6, 123.5, 7.409
[23:34:44] 914.0, 123.6, 7.410
[23:34:45] 914.3, 123.5, 7.415
[23:34:46] 914.7, 123.6, 7.421
[23:34:47] 915.1, 123.6, 7.418
[23:34:48] 856.9, 124.1, 5.214
[23:34:49] 647.5, 124.1, 5.205
[23:34:50] 647.3, 124.0, 5.199
[23:34:51] 647.0, 124.1, 5.191
