<<<[09:48:44] 646.8, 123.7, 5.243
[09:48:45] 646.8, 123.7, 5.240
[09:48:46] 646.8, 123.7, 5.395
[09:48:47] 666.0, 123.7, 5.414
[09:48:48] 666.0, 123.6, 5.391
[09:48:49] 666.1, 123.6, 5.417
[09:48:50] 666.2, 123.6, 5.385
[09:48:51] 666.3, 123.7, 5.386
[09:48:52] 666.2, 123.7, 5.430
[09:48:53] 666.2, 123.7, 5.405
[09:48:54] 666.2, 123.6, 5.366
[09:48:55] 666.1, 123.6, 5.387
[09:48:56] 666.3, 123.7, 5.410
[09:48:57] 666.5, 123.7, 5.391
[09:48:58] 666.9, 123.7, 5.363
[09:48:59] 666.8, 123.6, 5.386
[09:49:00] 666.9, 123.7, 5.378
[09:49:01] 666.8, 123.7, 5.478
[09:49:02] 666.9, 123.7, 5.225
[09:49:03] 646.9, 123.7, 5.236
[09:49:04] 646.8, 123.8, 5.238
[09:49:05] 646.7, 123.8, 5.238
[09:49:06] 646.7, 123.6, 5.220
[09:49:07] 734.1, 123.7, 5.240
[09:49:08] 654.8, 123.7, 5.237
[09:49:09] 646.3, 123.7, 5.238
[09:49:10] 646.2, 123.6, 5.218
[09:49:11] 646.2, 123.6, 5.238
[09:49:12] 727.6, 123.7, 5.250
[09:49:13] 657.3, 123.7, 5.248
[09:49:14] 647.1, 123.6, 5.224
[09:49:15] 647.0, 123.6, 5.253
[09:49:16] 647.0, 123.6, 5.239
[09:49:17] 724.8, 123.7, 5.250
[09:49:18] 656.7, 123.7, 5.220
[09:49:19] 646.1, 123.7, 5.240
[09:49:20] 646.1, 123.7, 5.235
[09:49:21] 646.1, 123.6, 5.241
[09:49:22] 716.4, 123.6, 5.225
[09:49:23] 657.7, 123.6, 5.242
[09:49:24] 646.3, 123.6, 5.234
[09:49:25] 646.2, 123.6, 5.239
[09:49:26] 646.2, 123.7, 5.223
[09:49:27] 704.0, 123.7, 5.317
[09:49:28] 704.4, 123.6, 5.243
[09:49:29] 646.5, 123.7, 5.247
[09:49:30] 646.7, 123.7, 5.232
[09:49:31] 646.7, 123.7, 5.245
[09:49:32] 668.9, 123.5, 6.225
[09:49:33] 769.1, 123.6, 5.240
[09:49:34] 646.5, 123.6, 5.215
[09:49:35] 646.4, 123.6, 5.239
[09:49:36] 646.3, 123.6, 5.234
[09:49:37] 646.3, 123.1, 7.678
[09:49:38] 873.9, 123.7, 5.229
[09:49:39] 660.1, 123.7, 5.237
[09:49:40] 646.3, 123.7, 5.235
[09:49:41] 646.2, 123.7, 5.237
[09:49:42] 646.2, 123.7, 5.214
[09:49:43] 729.4, 123.0, 7.719
[09:49:44] 938.2, 123.6, 5.250
[09:49:45] 661.3, 123.6, 5.240
[09:49:46] 646.5, 123.6, 5.224
[09:49:47] 646.5, 123.7, 5.235
[09:49:48] 646.4, 123.7, 5.238
[09:49:49] 717.6, 123.1, 7.720
[09:49:50] 952.0, 123.1, 7.735
[09:49:51] 945.3, 123.6, 5.337
[09:49:52] 712.1, 123.7, 5.248
[09:49:53] 647.1, 123.7, 5.242
[09:49:54] 647.1, 123.7, 5.220
[09:49:55] 647.0, 123.7, 5.231
[09:49:56] 686.5, 123.1, 7.718
[09:49:57] 952.2, 123.1, 7.725
[09:49:58] 952.3, 123.0, 7.746
[09:49:59] 952.6, 123.0, 7.741
[09:50:00] 953.1, 123.7, 5.354
[09:50:01] 716.2, 123.6, 5.246
[09:50:02] 647.9, 123.6, 5.241
[09:50:03] 647.8, 123.6, 5.243
[09:50:04] 647.7, 123.7, 5.247
[09:50:05] 647.6, 123.1, 7.724
[09:50:06] 936.3, 123.1, 7.752
[09:50:07] 953.8, 123.1, 7.750
[09:50:08] 954.0, 123.0, 7.769
[09:50:09] 954.2, 123.1, 7.755
[09:50:10] 954.5, 123.1, 7.768
[09:50:11] 954.7, 123.1, 7.766
[09:50:12] 955.0, 123.0, 7.777
[09:50:13] 955.3, 123.1, 7.403
[09:50:14] 838.8, 123.6, 5.251
[09:50:15] 649.3, 123.6, 5.255
[09:50:16] 649.2, 123.6, 5.255
[09:50:17] 649.0, 123.6, 5.246
[09:50:18] 648.8, 123.1, 7.225
[09:50:19] 828.8, 123.0, 7.739
[09:50:20] 955.0, 123.0, 7.769
[09:50:21] 955.1, 123.1, 7.752
[09:50:22] 955.2, 123.1, 7.755
[09:50:23] 955.4, 123.1, 7.770
[09:50:24] 955.6, 123.1, 7.769
[09:50:25] 955.9, 123.1, 7.763
[09:50:26] 956.1, 123.1, 7.783
[09:50:27] 956.4, 123.1, 7.775
[09:50:28] 956.6, 123.1, 7.776
[09:50:29] 956.9, 123.0, 7.781
[09:50:30] 957.2, 123.1, 7.775
[09:50:31] 957.4, 123.0, 7.791
[09:50:32] 957.7, 123.0, 7.787
[09:50:33] 958.0, 122.9, 7.787
[09:50:34] 958.3, 123.0, 7.785
[09:50:35] 958.5, 123.6, 5.298
[09:50:36] 689.6, 123.6, 5.267
[09:50:37] 649.9, 123.6, 5.259
[09:50:38] 649.8, 123.6, 5.237
[09:50:39] 649.6, 123.7, 5.251
