<<<[03:55:48] 648.2, 124.9, 5.158
[03:55:49] 647.9, 124.8, 5.169
[03:55:50] 647.6, 124.9, 5.156
[03:55:51] 657.3, 124.9, 5.459
[03:55:52] 678.6, 124.9, 5.456
[03:55:53] 678.6, 124.8, 5.451
[03:55:54] 678.0, 124.8, 5.398
[03:55:55] 670.3, 124.8, 5.363
[03:55:56] 670.2, 124.8, 5.454
[03:55:57] 670.6, 124.9, 5.399
[03:55:58] 670.4, 124.9, 5.390
[03:55:59] 670.4, 124.8, 5.449
[03:56:00] 678.2, 124.9, 5.399
[03:56:01] 671.9, 124.8, 5.443
[03:56:02] 672.4, 124.8, 5.364
[03:56:03] 671.8, 124.9, 5.310
[03:56:04] 671.5, 124.9, 5.392
[03:56:05] 671.3, 125.0, 5.362
[03:56:06] 671.2, 124.8, 5.304
[03:56:07] 670.9, 124.9, 5.344
[03:56:08] 670.6, 124.9, 5.282
[03:56:09] 664.0, 125.0, 5.281
[03:56:10] 663.8, 124.8, 5.359
[03:56:11] 663.8, 124.9, 5.280
[03:56:12] 663.6, 124.9, 5.278
[03:56:13] 664.0, 125.0, 5.279
[03:56:14] 664.0, 124.8, 5.295
[03:56:15] 663.6, 124.8, 5.367
[03:56:16] 663.4, 124.9, 5.279
[03:56:17] 663.1, 124.9, 5.278
[03:56:18] 663.2, 124.9, 5.399
[03:56:19] 668.4, 124.9, 5.273
[03:56:20] 660.7, 124.9, 5.280
[03:56:21] 660.9, 124.8, 5.278
[03:56:22] 660.9, 124.9, 5.282
[03:56:23] 660.9, 124.9, 5.280
[03:56:24] 661.3, 124.8, 5.296
[03:56:25] 661.2, 124.9, 5.362
[03:56:26] 661.5, 124.9, 5.275
[03:56:27] 661.4, 124.9, 5.274
[03:56:28] 661.7, 124.9, 5.411
[03:56:29] 674.8, 124.9, 5.328
[03:56:30] 666.0, 124.9, 5.275
[03:56:31] 660.7, 124.9, 5.276
[03:56:32] 660.6, 124.9, 5.278
[03:56:33] 660.8, 124.9, 5.319
[03:56:34] 660.8, 124.9, 5.274
[03:56:35] 661.2, 124.9, 5.281
[03:56:36] 661.3, 124.8, 5.314
[03:56:37] 661.2, 124.9, 5.272
[03:56:38] 661.4, 124.9, 5.281
[03:56:39] 661.2, 124.9, 5.272
[03:56:40] 661.1, 124.9, 5.390
[03:56:41] 669.5, 124.9, 5.280
[03:56:42] 663.8, 124.9, 5.279
[03:56:43] 663.3, 124.8, 5.273
[03:56:44] 663.2, 124.9, 5.272
[03:56:45] 662.7, 124.9, 5.277
[03:56:46] 662.5, 124.8, 5.351
[03:56:47] 663.0, 124.8, 5.277
[03:56:48] 662.7, 124.9, 5.277
[03:56:49] 662.6, 124.8, 5.384
[03:56:50] 662.7, 124.8, 5.277
[03:56:51] 662.6, 125.0, 5.273
[03:56:52] 662.3, 124.9, 5.413
[03:56:53] 676.2, 124.9, 5.365
[03:56:54] 675.7, 124.9, 5.373
[03:56:55] 675.3, 124.9, 5.357
[03:56:56] 674.8, 125.0, 5.285
[03:56:57] 662.1, 125.0, 5.276
[03:56:58] 662.0, 125.0, 5.274
[03:56:59] 661.8, 125.0, 5.275
[03:57:00] 661.8, 125.0, 5.361
[03:57:01] 671.7, 125.0, 5.164
[03:57:02] 648.9, 124.9, 5.156
[03:57:03] 648.3, 124.9, 5.146
[03:57:04] 647.7, 125.0, 5.152
[03:57:05] 647.3, 125.0, 5.152
[03:57:06] 646.9, 124.8, 6.206
[03:57:07] 747.3, 124.9, 5.146
[03:57:08] 644.1, 125.0, 5.146
[03:57:09] 644.0, 124.9, 5.144
[03:57:10] 644.0, 124.9, 5.150
[03:57:11] 643.9, 124.3, 7.401
[03:57:12] 805.4, 125.0, 5.155
[03:57:13] 643.9, 124.9, 5.148
[03:57:14] 643.9, 124.9, 5.152
[03:57:15] 643.9, 125.0, 5.152
[03:57:16] 643.9, 125.0, 5.148
[03:57:17] 747.5, 124.3, 7.189
[03:57:18] 822.3, 124.8, 5.158
[03:57:19] 644.7, 125.0, 5.148
[03:57:20] 644.6, 124.8, 5.155
[03:57:21] 644.5, 124.9, 5.148
[03:57:22] 644.4, 124.4, 7.170
[03:57:23] 822.7, 124.3, 7.473
[03:57:24] 923.1, 124.9, 5.167
[03:57:25] 663.8, 125.0, 5.157
[03:57:26] 645.7, 124.9, 5.153
[03:57:27] 645.6, 124.8, 5.150
[03:57:28] 645.6, 124.9, 5.149
[03:57:29] 689.4, 124.4, 7.448
[03:57:30] 929.4, 124.3, 7.458
[03:57:31] 929.5, 124.2, 7.473
[03:57:32] 924.2, 125.0, 5.179
[03:57:33] 665.4, 124.9, 5.161
[03:57:34] 645.5, 124.9, 5.162
[03:57:35] 645.4, 124.9, 5.157
[03:57:36] 645.3, 124.9, 5.154
[03:57:37] 705.8, 124.3, 7.466
[03:57:38] 930.3, 124.3, 7.488
[03:57:39] 930.5, 124.4, 7.506
[03:57:40] 930.8, 124.3, 7.527
[03:57:41] 931.2, 124.3, 7.524
[03:57:42] 931.7, 124.2, 7.535
[03:57:43] 892.2, 124.9, 5.174
[03:57:44] 647.3, 125.0, 5.168
[03:57:45] 647.1, 124.9, 5.167
[03:57:46] 647.0, 124.9, 5.160
[03:57:47] 646.7, 124.9, 5.154
[03:57:48] 744.1, 124.4, 7.485
[03:57:49] 931.1, 124.4, 7.480
[03:57:50] 931.3, 124.4, 7.488
[03:57:51] 931.7, 124.3, 7.488
[03:57:52] 932.1, 124.3, 7.500
[03:57:53] 932.5, 124.4, 7.512
[03:57:54] 933.0, 124.4, 7.523
[03:57:55] 933.4, 124.4, 7.538
[03:57:56] 933.9, 124.3, 7.555
[03:57:57] 934.3, 124.3, 7.552
[03:57:58] 934.7, 124.2, 7.552
[03:57:59] 935.0, 124.9, 5.873
[03:58:00] 765.8, 124.9, 5.179
[03:58:01] 647.5, 125.0, 5.173
[03:58:02] 647.4, 124.9, 5.169
[03:58:03] 647.3, 124.8, 5.166
