<<<[05:10:53] 646.5, 124.9, 5.154
[05:10:54] 646.2, 124.9, 5.168
[05:10:55] 646.0, 124.9, 5.167
[05:10:56] 645.9, 124.9, 5.399
[05:10:57] 670.5, 124.9, 5.314
[05:10:58] 669.9, 125.0, 5.310
[05:10:59] 669.8, 124.9, 5.346
[05:11:00] 670.0, 124.9, 5.413
[05:11:01] 670.5, 124.9, 5.329
[05:11:02] 670.0, 124.9, 5.348
[05:11:03] 669.7, 124.9, 5.356
[05:11:04] 669.5, 124.9, 5.364
[05:11:05] 669.2, 124.9, 5.390
[05:11:06] 668.9, 124.9, 5.386
[05:11:07] 668.9, 124.9, 5.381
[05:11:08] 668.8, 125.0, 5.355
[05:11:09] 668.8, 125.0, 5.349
[05:11:10] 668.8, 124.9, 5.315
[05:11:11] 669.0, 124.9, 5.318
[05:11:12] 669.0, 124.9, 5.312
[05:11:13] 669.4, 124.9, 5.354
[05:11:14] 669.7, 125.0, 5.334
[05:11:15] 669.2, 124.9, 5.387
[05:11:16] 668.8, 124.9, 5.386
[05:11:17] 668.8, 124.8, 5.404
[05:11:18] 668.7, 124.9, 5.394
[05:11:19] 668.5, 124.9, 5.382
[05:11:20] 668.4, 125.0, 5.384
[05:11:21] 668.5, 124.9, 5.359
[05:11:22] 668.5, 124.9, 5.340
[05:11:23] 668.6, 124.9, 5.323
[05:11:24] 669.1, 124.8, 5.312
[05:11:25] 669.3, 124.8, 5.351
[05:11:26] 669.1, 124.9, 5.350
[05:11:27] 669.0, 124.9, 5.366
[05:11:28] 668.8, 124.9, 5.385
[05:11:29] 668.8, 124.9, 5.389
[05:11:30] 668.5, 124.9, 5.395
[05:11:31] 668.5, 124.8, 5.382
[05:11:32] 668.3, 124.9, 5.355
[05:11:33] 668.7, 124.9, 5.354
[05:11:34] 669.3, 124.8, 5.376
[05:11:35] 675.2, 124.8, 5.325
[05:11:36] 667.4, 124.9, 5.310
[05:11:37] 667.4, 124.9, 5.308
[05:11:38] 667.5, 125.0, 5.341
[05:11:39] 667.7, 124.9, 5.369
[05:11:40] 667.7, 124.9, 5.352
[05:11:41] 667.7, 124.9, 5.371
[05:11:42] 667.6, 124.8, 5.361
[05:11:43] 667.7, 124.8, 5.394
[05:11:44] 667.9, 124.9, 5.400
[05:11:45] 668.0, 124.8, 5.351
[05:11:46] 668.1, 124.9, 5.306
[05:11:47] 668.0, 124.9, 5.350
[05:11:48] 668.1, 124.8, 5.376
[05:11:49] 668.1, 124.9, 5.386
[05:11:50] 668.2, 124.9, 5.306
[05:11:51] 668.3, 125.0, 5.315
[05:11:52] 668.1, 125.0, 5.344
[05:11:53] 668.1, 124.9, 5.369
[05:11:54] 668.2, 124.9, 5.402
[05:11:55] 668.3, 124.9, 5.395
[05:11:56] 668.3, 124.9, 5.308
[05:11:57] 668.5, 124.9, 5.297
[05:11:58] 668.6, 124.9, 5.368
[05:11:59] 668.8, 124.9, 5.285
[05:12:00] 668.2, 124.9, 5.386
[05:12:01] 668.1, 124.9, 5.363
[05:12:02] 668.5, 124.9, 5.426
[05:12:03] 674.7, 124.9, 5.328
[05:12:04] 668.4, 124.9, 5.347
[05:12:05] 668.8, 124.9, 5.302
[05:12:06] 668.5, 124.8, 5.311
[05:12:07] 668.5, 124.9, 5.286
[05:12:08] 668.1, 124.8, 5.347
[05:12:09] 668.1, 124.9, 5.375
[05:12:10] 667.9, 124.8, 5.395
[05:12:11] 668.0, 124.8, 5.372
[05:12:12] 667.9, 124.8, 5.380
[05:12:13] 668.1, 124.9, 5.393
[05:12:14] 668.2, 124.8, 5.395
[05:12:15] 668.5, 124.8, 5.338
[05:12:16] 668.1, 124.8, 5.365
[05:12:17] 668.2, 124.8, 5.396
[05:12:18] 668.1, 124.8, 5.402
[05:12:19] 668.2, 124.8, 5.347
[05:12:21] 668.1, 124.9, 5.314
[05:12:22] 668.4, 124.8, 5.311
[05:12:23] 668.3, 124.8, 5.406
[05:12:24] 668.5, 124.8, 5.393
[05:12:25] 668.8, 124.9, 5.287
[05:12:26] 668.9, 124.9, 5.363
[05:12:27] 668.9, 124.8, 5.350
[05:12:28] 668.9, 124.9, 5.327
[05:12:29] 668.8, 124.9, 5.333
[05:12:30] 668.2, 124.9, 5.386
[05:12:31] 668.3, 124.9, 5.325
[05:12:32] 668.5, 124.8, 5.302
[05:12:33] 667.9, 124.9, 5.344
[05:12:34] 667.9, 124.9, 5.303
[05:12:35] 668.0, 124.9, 5.301
[05:12:36] 667.8, 124.8, 5.343
[05:12:37] 668.0, 124.9, 5.295
[05:12:38] 667.6, 124.9, 5.307
[05:12:39] 667.8, 124.9, 5.322
[05:12:40] 667.8, 124.9, 5.358
[05:12:41] 667.9, 124.9, 5.331
[05:12:42] 668.0, 124.9, 5.393
[05:12:43] 668.2, 124.9, 5.368
[05:12:44] 668.8, 124.9, 5.352
[05:12:45] 669.3, 124.8, 5.415
[05:12:46] 669.6, 124.9, 5.274
[05:12:47] 668.9, 124.8, 5.395
[05:12:48] 669.1, 124.9, 5.308
[05:12:49] 668.9, 124.8, 5.393
[05:12:50] 668.9, 124.9, 5.333
[05:12:51] 668.9, 124.9, 5.372
[05:12:52] 668.9, 124.9, 5.388
[05:12:53] 668.9, 124.9, 5.350
[05:12:54] 669.1, 124.8, 5.380
[05:12:55] 669.1, 125.0, 5.359
[05:12:56] 669.1, 124.9, 5.307
[05:12:57] 669.0, 125.0, 5.321
[05:12:58] 669.1, 124.9, 5.365
[05:12:59] 668.9, 124.9, 5.384
[05:13:00] 669.3, 124.9, 5.372
[05:13:01] 669.3, 124.9, 5.388
[05:13:02] 669.3, 124.9, 5.345
[05:13:03] 669.4, 124.9, 5.377
[05:13:04] 669.3, 124.8, 5.380
[05:13:05] 669.4, 124.8, 5.343
[05:13:06] 668.8, 124.8, 5.386
[05:13:07] 669.1, 124.8, 5.305
[05:13:08] 669.0, 124.8, 5.389
[05:13:09] 669.2, 124.8, 5.430
[05:13:10] 675.2, 124.9, 5.336
[05:13:11] 668.9, 124.7, 5.391
[05:13:12] 668.9, 124.9, 5.368
[05:13:13] 668.8, 124.9, 5.318
[05:13:14] 669.0, 124.8, 5.363
[05:13:15] 669.2, 124.9, 5.397
[05:13:16] 669.0, 125.0, 5.345
[05:13:17] 669.2, 124.9, 5.317
[05:13:18] 669.1, 124.9, 5.388
[05:13:19] 669.2, 124.9, 5.427
[05:13:20] 675.4, 124.9, 5.336
[05:13:21] 669.5, 124.8, 5.361
[05:13:22] 669.5, 124.9, 5.435
[05:13:23] 669.3, 124.8, 5.328
[05:13:24] 668.8, 124.9, 5.323
[05:13:25] 669.0, 124.9, 5.367
[05:13:26] 668.9, 124.9, 5.373
[05:13:27] 668.8, 125.0, 5.305
[05:13:28] 668.9, 124.9, 5.367
[05:13:29] 669.1, 124.9, 5.456
[05:13:30] 677.4, 124.9, 5.377
[05:13:31] 668.7, 125.0, 5.378
[05:13:32] 668.8, 124.9, 5.337
[05:13:33] 668.7, 125.0, 5.281
[05:13:34] 668.6, 125.0, 5.354
[05:13:35] 669.0, 125.0, 5.400
[05:13:36] 669.2, 125.0, 5.365
[05:13:37] 669.4, 124.9, 5.342
[05:13:38] 669.1, 124.9, 5.382
[05:13:39] 669.4, 124.9, 5.422
[05:13:40] 676.0, 124.9, 5.329
[05:13:41] 668.0, 125.0, 5.400
[05:13:42] 668.3, 125.0, 5.331
[05:13:43] 668.3, 125.0, 5.338
[05:13:44] 668.3, 125.0, 5.395
[05:13:45] 668.6, 124.9, 5.369
[05:13:46] 668.7, 124.9, 5.378
[05:13:47] 669.0, 124.9, 5.410
[05:13:48] 676.8, 124.9, 5.352
[05:13:49] 670.3, 124.9, 5.372
[05:13:50] 670.3, 125.0, 5.310
[05:13:51] 670.6, 125.0, 5.330
[05:13:52] 670.2, 125.0, 5.359
[05:13:53] 670.2, 124.9, 5.358
[05:13:54] 670.1, 124.8, 5.393
[05:13:55] 670.1, 124.9, 5.353
[05:13:56] 670.5, 124.9, 5.396
[05:13:57] 670.4, 125.0, 5.380
[05:13:58] 670.4, 124.9, 5.326
[05:13:59] 670.4, 124.8, 5.409
[05:14:00] 670.1, 124.9, 5.329
[05:14:01] 669.8, 124.8, 5.364
[05:14:02] 669.7, 124.8, 5.396
[05:14:03] 669.6, 124.9, 5.319
[05:14:04] 669.4, 124.9, 5.349
[05:14:05] 669.3, 124.8, 5.400
[05:14:06] 669.5, 124.8, 5.380
[05:14:07] 669.6, 124.9, 5.430
[05:14:08] 676.8, 124.9, 5.314
[05:14:09] 669.5, 125.0, 5.396
[05:14:10] 669.5, 125.0, 5.351
[05:14:11] 669.7, 125.0, 5.354
[05:14:12] 669.7, 125.0, 5.389
[05:14:13] 669.5, 125.0, 5.340
[05:14:14] 669.5, 124.9, 5.360
[05:14:15] 669.4, 124.9, 5.400
[05:14:16] 669.3, 124.9, 5.357
[05:14:17] 669.4, 124.9, 5.346
[05:14:18] 669.2, 124.9, 5.407
[05:14:19] 669.5, 124.9, 5.435
[05:14:20] 676.6, 125.0, 5.306
[05:14:21] 669.3, 125.0, 5.370
[05:14:22] 669.4, 124.9, 5.357
[05:14:23] 669.5, 124.9, 5.342
[05:14:24] 669.4, 124.9, 5.397
[05:14:25] 669.4, 125.0, 5.353
[05:14:26] 669.6, 124.9, 5.370
[05:14:27] 669.8, 124.8, 5.455
[05:14:28] 675.8, 125.0, 5.346
[05:14:29] 670.7, 124.9, 5.366
[05:14:30] 670.3, 124.9, 5.375
[05:14:31] 670.2, 124.9, 5.341
[05:14:32] 670.2, 124.9, 5.384
[05:14:33] 670.0, 124.9, 5.367
[05:14:34] 669.8, 124.9, 5.354
[05:14:35] 669.8, 125.0, 5.380
[05:14:36] 669.8, 125.0, 5.315
[05:14:37] 669.9, 124.9, 5.376
[05:14:38] 669.9, 124.9, 5.280
[05:14:39] 664.6, 124.9, 5.323
[05:14:40] 665.2, 124.9, 5.402
[05:14:41] 665.5, 125.0, 5.325
[05:14:42] 665.9, 125.0, 5.336
[05:14:43] 666.5, 124.9, 5.453
[05:14:44] 675.8, 124.9, 5.319
[05:14:45] 669.3, 124.8, 5.364
[05:14:46] 669.3, 124.9, 5.372
[05:14:47] 669.3, 125.0, 5.317
[05:14:48] 669.2, 124.9, 5.378
[05:14:49] 669.2, 125.0, 5.380
[05:14:50] 669.1, 124.9, 5.343
[05:14:51] 669.3, 124.9, 5.362
[05:14:52] 669.4, 124.8, 5.376
[05:14:53] 669.4, 124.9, 5.302
[05:14:54] 669.2, 124.9, 5.368
[05:14:55] 668.9, 125.0, 5.353
[05:14:56] 668.9, 125.0, 5.313
[05:14:57] 669.0, 125.0, 5.302
[05:14:58] 669.0, 125.0, 5.381
[05:14:59] 669.1, 124.9, 5.435
[05:15:00] 676.4, 124.9, 5.309
[05:15:01] 668.7, 124.9, 5.391
[05:15:02] 668.6, 124.9, 5.361
[05:15:03] 668.9, 124.9, 5.331
[05:15:04] 669.0, 124.9, 5.390
[05:15:05] 669.0, 124.9, 5.354
[05:15:06] 669.3, 124.9, 5.375
[05:15:07] 669.3, 124.9, 5.366
[05:15:08] 669.5, 124.9, 5.340
[05:15:09] 669.7, 124.8, 5.395
[05:15:10] 669.6, 124.9, 5.353
[05:15:11] 669.6, 124.8, 5.350
[05:15:12] 669.4, 124.9, 5.392
[05:15:13] 669.2, 124.9, 5.338
[05:15:14] 669.2, 124.9, 5.343
[05:15:15] 668.9, 124.9, 5.388
[05:15:16] 668.9, 124.9, 5.308
[05:15:17] 669.1, 125.0, 5.437
[05:15:18] 676.0, 125.0, 5.370
[05:15:19] 669.9, 125.0, 5.302
[05:15:20] 669.8, 125.0, 5.380
[05:15:21] 669.5, 124.9, 5.368
[05:15:22] 669.5, 124.9, 5.313
[05:15:23] 669.3, 124.9, 5.400
[05:15:24] 669.2, 124.9, 5.324
[05:15:25] 669.3, 124.9, 5.364
[05:15:26] 669.4, 124.9, 5.385
[05:15:27] 669.4, 124.9, 5.309
[05:15:28] 669.3, 124.9, 5.363
[05:15:29] 669.1, 124.9, 5.391
[05:15:30] 669.0, 124.9, 5.329
[05:15:31] 668.7, 124.9, 5.376
[05:15:32] 668.5, 124.9, 5.360
[05:15:33] 668.7, 124.9, 5.410
[05:15:34] 677.6, 124.9, 5.393
[05:15:35] 668.2, 124.9, 5.339
[05:15:36] 668.4, 124.8, 5.328
[05:15:37] 668.6, 124.8, 5.391
[05:15:38] 668.8, 124.9, 5.325
[05:15:39] 668.8, 124.9, 5.279
[05:15:40] 668.6, 124.9, 5.303
[05:15:41] 668.7, 124.9, 5.448
[05:15:42] 676.8, 124.9, 5.371
[05:15:43] 670.3, 124.9, 5.402
[05:15:44] 676.6, 125.0, 5.271
[05:15:45] 667.4, 125.0, 5.363
[05:15:46] 667.7, 124.9, 5.397
[05:15:47] 668.1, 124.9, 5.318
[05:15:48] 668.3, 124.9, 5.348
[05:15:49] 668.4, 124.9, 5.387
[05:15:50] 668.4, 124.9, 5.313
[05:15:51] 668.4, 124.9, 5.352
[05:15:52] 668.4, 124.9, 5.393
[05:15:53] 668.5, 124.9, 5.320
[05:15:54] 668.5, 124.9, 5.366
[05:15:55] 668.9, 124.9, 5.392
[05:15:56] 668.8, 124.9, 5.350
[05:15:57] 669.1, 124.9, 5.433
[05:15:58] 676.8, 125.0, 5.388
[05:15:59] 668.6, 124.9, 5.326
[05:16:00] 668.5, 124.9, 5.377
[05:16:01] 668.5, 124.9, 5.383
[05:16:02] 668.4, 124.9, 5.348
[05:16:03] 668.6, 124.8, 5.369
[05:16:04] 668.4, 124.9, 5.373
[05:16:05] 668.4, 124.9, 5.349
[05:16:06] 668.1, 124.8, 5.376
[05:16:07] 667.8, 124.8, 5.354
[05:16:08] 668.0, 124.9, 5.326
[05:16:09] 668.3, 124.9, 5.401
[05:16:10] 668.2, 125.0, 5.322
[05:16:11] 668.4, 124.9, 5.341
[05:16:12] 668.3, 124.9, 5.383
[05:16:13] 668.3, 124.8, 5.313
[05:16:14] 668.3, 124.9, 5.342
[05:16:15] 668.2, 124.8, 5.387
[05:16:16] 668.2, 124.9, 5.320
[05:16:17] 668.3, 124.9, 5.385
[05:16:18] 668.5, 124.9, 5.327
[05:16:19] 668.4, 124.9, 5.376
[05:16:20] 668.1, 124.9, 5.347
[05:16:21] 668.3, 124.8, 5.420
[05:16:22] 676.6, 124.9, 5.395
[05:16:23] 668.0, 124.9, 5.343
[05:16:24] 668.2, 124.8, 5.331
[05:16:25] 668.5, 124.8, 5.389
[05:16:26] 668.4, 124.8, 5.404
[05:16:27] 674.7, 124.9, 5.364
[05:16:28] 666.6, 124.9, 5.284
[05:16:29] 666.6, 124.9, 5.376
[05:16:30] 666.7, 125.0, 5.348
[05:16:31] 666.9, 124.9, 5.407
[05:16:32] 677.0, 124.9, 5.386
[05:16:33] 668.0, 124.9, 5.360
[05:16:34] 668.3, 124.9, 5.332
[05:16:35] 668.2, 124.9, 5.385
[05:16:36] 668.2, 124.9, 5.341
[05:16:37] 668.4, 124.9, 5.372
[05:16:38] 668.4, 124.9, 5.381
[05:16:39] 668.6, 125.0, 5.298
[05:16:40] 660.9, 124.9, 5.390
[05:16:41] 668.6, 124.9, 5.341
[05:16:42] 668.6, 124.9, 5.357
[05:16:43] 668.8, 124.9, 5.369
[05:16:44] 668.7, 124.9, 5.337
[05:16:45] 669.1, 124.9, 5.383
[05:16:46] 669.1, 125.0, 5.351
[05:16:47] 669.0, 124.9, 5.401
[05:16:48] 677.6, 124.9, 5.388
[05:16:49] 667.8, 124.9, 5.360
[05:16:50] 668.0, 124.9, 5.297
[05:16:51] 668.2, 124.8, 5.392
[05:16:52] 668.3, 124.8, 5.378
[05:16:53] 668.2, 124.8, 5.350
[05:16:54] 668.3, 124.9, 5.325
[05:16:55] 668.3, 124.8, 5.333
[05:16:56] 668.3, 124.9, 5.386
[05:16:57] 668.3, 124.8, 5.339
[05:16:58] 668.6, 124.8, 5.376
[05:16:59] 668.8, 125.0, 5.376
[05:17:00] 668.7, 125.0, 5.333
[05:17:01] 668.8, 124.9, 5.367
[05:17:02] 668.6, 124.9, 5.367
[05:17:03] 668.6, 124.8, 5.399
[05:17:04] 677.4, 124.8, 5.366
[05:17:05] 666.8, 124.8, 5.383
[05:17:06] 666.7, 124.9, 5.355
[05:17:07] 667.0, 124.9, 5.319
[05:17:08] 667.3, 124.9, 5.364
[05:17:09] 667.4, 124.8, 5.375
[05:17:10] 667.5, 124.8, 5.339
[05:17:11] 667.8, 124.8, 5.416
[05:17:12] 673.5, 124.9, 5.395
[05:17:13] 668.2, 124.9, 5.329
[05:17:14] 667.8, 124.9, 5.382
[05:17:15] 667.9, 124.9, 5.338
[05:17:16] 668.3, 124.8, 5.364
[05:17:17] 668.1, 124.9, 5.358
[05:17:18] 668.0, 124.8, 5.335
[05:17:19] 668.2, 124.8, 5.380
[05:17:20] 668.1, 125.0, 5.327
[05:17:21] 668.2, 124.9, 5.360
[05:17:22] 668.2, 124.9, 5.391
[05:17:23] 668.1, 124.9, 5.407
[05:17:24] 675.2, 124.8, 5.311
[05:17:25] 668.7, 124.8, 5.373
[05:17:26] 668.6, 124.8, 5.378
[05:17:27] 668.7, 124.9, 5.337
[05:17:28] 668.7, 124.8, 5.358
[05:17:29] 668.5, 124.9, 5.375
[05:17:30] 668.5, 124.9, 5.299
[05:17:31] 668.5, 124.9, 5.370
[05:17:32] 668.1, 124.9, 5.357
[05:17:33] 668.3, 124.9, 5.295
[05:17:34] 668.3, 124.9, 5.373
[05:17:35] 668.1, 124.8, 5.362
[05:17:36] 668.1, 124.9, 5.298
[05:17:37] 668.4, 124.8, 5.372
[05:17:38] 668.1, 124.9, 5.366
[05:17:39] 668.0, 124.9, 5.397
[05:17:40] 668.3, 125.0, 5.313
[05:17:41] 668.4, 124.9, 5.344
[05:17:42] 668.3, 124.8, 5.386
[05:17:43] 668.3, 124.9, 5.400
[05:17:44] 678.2, 124.8, 5.367
[05:17:45] 667.8, 124.8, 5.371
[05:17:46] 668.0, 124.9, 5.296
[05:17:47] 668.0, 124.9, 5.373
[05:17:48] 667.9, 124.9, 5.336
[05:17:49] 668.0, 124.9, 5.400
[05:17:50] 677.6, 124.9, 5.389
[05:17:51] 668.7, 124.9, 5.385
[05:17:52] 669.3, 124.9, 5.319
[05:17:53] 669.0, 124.9, 5.388
[05:17:54] 668.8, 124.9, 5.315
[05:17:55] 668.7, 124.9, 5.343
[05:17:56] 668.5, 124.9, 5.383
[05:17:57] 668.3, 124.9, 5.404
[05:17:58] 677.2, 124.9, 5.369
[05:17:59] 666.6, 124.9, 5.351
[05:18:00] 666.7, 124.9, 5.305
[05:18:01] 666.9, 124.9, 5.362
[05:18:02] 666.4, 124.8, 5.348
[05:18:03] 667.0, 124.8, 5.320
[05:18:04] 666.9, 124.8, 5.386
[05:18:05] 666.8, 124.8, 5.351
[05:18:06] 667.2, 124.8, 5.342
[05:18:07] 667.2, 124.9, 5.380
[05:18:08] 667.3, 124.9, 5.355
[05:18:09] 666.9, 124.9, 5.381
[05:18:10] 667.2, 124.9, 5.334
[05:18:11] 667.4, 124.9, 5.344
[05:18:12] 667.3, 124.9, 5.372
[05:18:13] 667.4, 124.9, 5.268
[05:18:14] 667.0, 124.9, 5.352
[05:18:15] 667.2, 124.8, 5.344
[05:18:16] 667.3, 124.8, 5.389
[05:18:17] 667.5, 124.8, 5.333
[05:18:18] 667.5, 124.8, 5.312
[05:18:19] 667.5, 124.8, 5.385
[05:18:20] 667.5, 124.8, 5.315
[05:18:21] 667.6, 124.9, 5.318
[05:18:22] 667.5, 124.9, 5.354
[05:18:23] 667.2, 124.9, 5.369
[05:18:24] 667.1, 124.9, 5.336
[05:18:25] 667.4, 124.9, 5.351
[05:18:26] 667.3, 124.9, 5.366
[05:18:27] 667.4, 124.9, 5.283
[05:18:28] 667.6, 125.0, 5.277
[05:18:29] 667.0, 124.9, 5.359
[05:18:30] 667.1, 124.9, 5.316
[05:18:31] 667.3, 124.9, 5.389
[05:18:32] 667.5, 124.9, 5.384
[05:18:33] 667.4, 125.0, 5.310
[05:18:34] 667.4, 125.0, 5.306
[05:18:35] 667.4, 124.9, 5.386
[05:18:36] 667.4, 124.9, 5.345
[05:18:37] 667.5, 124.8, 5.336
[05:18:38] 667.7, 124.9, 5.364
[05:18:39] 667.4, 124.8, 5.492
[05:18:40] 676.4, 124.9, 5.350
[05:18:41] 667.2, 125.0, 5.357
[05:18:42] 667.3, 125.0, 5.291
[05:18:43] 667.3, 124.8, 5.370
[05:18:44] 667.2, 124.8, 5.347
[05:18:45] 667.4, 124.9, 5.322
[05:18:46] 667.4, 124.8, 5.399
[05:18:47] 667.5, 124.9, 5.368
[05:18:48] 667.7, 124.9, 5.380
[05:18:49] 667.4, 124.8, 5.340
[05:18:50] 667.5, 124.9, 5.375
[05:18:51] 667.7, 124.9, 5.349
[05:18:52] 667.5, 124.9, 5.371
[05:18:53] 667.5, 124.8, 5.289
[05:18:54] 667.6, 124.8, 5.338
[05:18:55] 667.4, 124.9, 5.365
[05:18:56] 667.4, 125.0, 5.286
[05:18:57] 667.2, 124.9, 5.261
[05:18:58] 666.7, 124.9, 5.300
[05:18:59] 666.8, 124.9, 5.369
[05:19:00] 666.9, 124.9, 5.369
[05:19:01] 667.0, 124.9, 5.265
[05:19:02] 666.6, 124.8, 5.380
[05:19:03] 666.8, 124.9, 5.326
[05:19:04] 666.9, 124.9, 5.306
[05:19:05] 667.0, 124.8, 5.359
[05:19:06] 667.1, 124.9, 5.363
[05:19:07] 667.3, 124.9, 5.292
[05:19:08] 667.0, 124.9, 5.303
[05:19:09] 667.0, 124.9, 5.351
[05:19:10] 667.4, 124.9, 5.345
[05:19:11] 667.2, 124.8, 5.294
[05:19:12] 667.2, 124.9, 5.304
[05:19:13] 667.2, 124.9, 5.307
[05:19:14] 667.0, 124.9, 5.337
[05:19:15] 667.0, 124.9, 5.429
[05:19:16] 673.3, 124.9, 5.298
[05:19:17] 661.7, 124.8, 5.398
[05:19:18] 676.6, 124.8, 5.328
[05:19:19] 666.8, 124.9, 5.328
[05:19:20] 666.6, 124.9, 5.425
[05:19:21] 673.3, 124.9, 5.292
[05:19:22] 672.6, 124.9, 5.367
[05:19:23] 672.1, 124.9, 5.391
[05:19:24] 672.6, 124.9, 5.343
[05:19:25] 672.0, 125.0, 5.264
[05:19:26] 666.6, 124.9, 5.322
[05:19:27] 666.7, 124.8, 5.402
[05:19:28] 674.1, 124.9, 5.289
[05:19:29] 668.2, 124.8, 5.333
[05:19:30] 667.8, 124.9, 5.377
[05:19:31] 667.9, 124.9, 5.343
[05:19:32] 667.7, 124.9, 5.282
[05:19:33] 667.6, 124.8, 5.359
[05:19:34] 667.5, 124.9, 5.352
[05:19:35] 667.4, 124.9, 5.407
[05:19:36] 667.5, 124.9, 5.295
[05:19:37] 667.6, 124.8, 5.437
[05:19:38] 672.9, 124.9, 5.313
[05:19:39] 672.3, 124.8, 5.298
[05:19:40] 671.8, 124.8, 5.349
[05:19:41] 666.6, 124.9, 5.419
[05:19:42] 674.1, 124.9, 5.274
[05:19:43] 660.7, 124.9, 5.358
[05:19:44] 669.3, 124.9, 5.325
[05:19:45] 669.0, 124.8, 5.380
[05:19:46] 668.9, 124.8, 5.352
[05:19:47] 663.6, 124.8, 5.417
[05:19:48] 673.5, 124.9, 5.429
[05:19:49] 673.6, 124.9, 5.416
[05:19:50] 674.0, 125.0, 5.330
[05:19:51] 668.6, 124.9, 5.437
[05:19:52] 674.3, 124.9, 5.425
[05:19:53] 674.5, 124.9, 5.287
[05:19:54] 668.6, 125.0, 5.339
[05:19:55] 668.4, 125.0, 5.417
[05:19:56] 673.9, 125.0, 5.283
[05:19:57] 663.2, 124.8, 5.338
[05:19:58] 663.2, 124.9, 5.291
[05:19:59] 668.4, 124.9, 5.352
[05:20:00] 668.2, 124.9, 5.369
[05:20:01] 668.2, 125.0, 5.290
[05:20:02] 668.0, 124.9, 5.364
[05:20:03] 667.9, 124.9, 5.262
[05:20:04] 667.5, 124.9, 5.334
[05:20:05] 667.5, 124.9, 5.346
[05:20:06] 667.7, 124.9, 5.370
[05:20:07] 667.6, 125.0, 5.298
[05:20:08] 667.6, 125.0, 5.294
[05:20:09] 667.0, 124.9, 5.327
[05:20:10] 667.3, 124.9, 5.386
[05:20:11] 667.7, 124.9, 5.358
[05:20:12] 667.6, 125.0, 5.285
[05:20:13] 667.6, 125.0, 5.341
[05:20:14] 667.4, 125.0, 5.416
[05:20:15] 674.7, 124.9, 5.298
[05:20:16] 668.0, 124.9, 5.342
[05:20:17] 667.8, 124.9, 5.362
[05:20:18] 667.8, 125.0, 5.283
[05:20:19] 667.7, 125.0, 5.257
[05:20:20] 662.6, 124.9, 5.333
[05:20:21] 663.2, 124.9, 5.289
[05:20:22] 663.8, 124.9, 5.349
[05:20:23] 663.9, 125.0, 5.314
[05:20:24] 664.4, 125.0, 5.295
[05:20:25] 664.7, 124.9, 5.359
[05:20:26] 664.9, 124.9, 5.294
[05:20:27] 665.3, 125.0, 5.323
[05:20:28] 665.6, 125.0, 5.371
[05:20:29] 665.8, 124.9, 5.362
[05:20:30] 666.2, 124.9, 5.277
[05:20:31] 665.9, 124.9, 5.309
[05:20:32] 666.1, 125.0, 5.430
[05:20:33] 674.7, 125.0, 5.319
[05:20:34] 666.0, 124.9, 5.356
[05:20:35] 666.1, 124.9, 5.332
[05:20:36] 666.3, 124.9, 5.356
[05:20:37] 666.7, 124.9, 5.356
[05:20:38] 666.8, 124.9, 5.282
[05:20:39] 667.0, 125.0, 5.357
[05:20:40] 666.9, 124.9, 5.354
[05:20:41] 667.1, 124.9, 5.327
[05:20:42] 667.3, 124.9, 5.388
[05:20:43] 673.1, 125.0, 5.360
[05:20:44] 672.4, 125.0, 5.331
[05:20:45] 666.8, 124.9, 5.341
[05:20:46] 667.0, 124.9, 5.436
[05:20:47] 674.3, 124.9, 5.293
[05:20:48] 668.9, 124.9, 5.327
[05:20:49] 668.7, 124.9, 5.294
[05:20:50] 668.7, 124.9, 5.418
[05:20:51] 669.1, 124.9, 5.363
[05:20:52] 668.9, 125.0, 5.279
[05:20:53] 668.8, 124.9, 5.369
[05:20:54] 668.4, 124.9, 5.321
[05:20:55] 667.8, 124.9, 5.376
[05:20:56] 667.7, 125.0, 5.289
[05:20:57] 667.7, 124.9, 5.424
[05:20:58] 668.2, 124.9, 5.319
[05:20:59] 668.1, 124.9, 5.389
[05:21:00] 668.6, 124.9, 5.397
[05:21:01] 668.3, 125.0, 5.387
[05:21:02] 668.9, 124.9, 5.356
[05:21:03] 668.4, 124.8, 5.333
[05:21:04] 668.4, 125.0, 5.380
[05:21:05] 668.6, 125.0, 5.371
[05:21:06] 668.5, 124.9, 5.293
[05:21:07] 668.5, 124.9, 5.357
[05:21:08] 668.3, 125.0, 5.316
[05:21:09] 668.1, 125.0, 5.356
[05:21:10] 668.4, 124.9, 5.258
[05:21:11] 657.9, 124.9, 5.256
[05:21:12] 657.8, 125.0, 5.257
[05:21:13] 657.7, 124.9, 5.257
[05:21:14] 657.6, 124.9, 5.261
[05:21:15] 657.6, 124.9, 5.277
[05:21:16] 657.7, 124.9, 5.271
[05:21:17] 657.9, 125.0, 5.342
[05:21:18] 667.6, 125.0, 5.299
[05:21:19] 667.5, 124.9, 5.373
[05:21:20] 667.9, 124.9, 5.283
[05:21:21] 667.9, 125.0, 5.255
[05:21:22] 662.3, 125.0, 5.341
[05:21:23] 662.7, 124.9, 5.290
[05:21:24] 668.2, 124.9, 5.345
[05:21:25] 668.0, 124.9, 5.385
[05:21:26] 668.3, 124.9, 5.349
[05:21:27] 668.0, 124.9, 5.343
[05:21:28] 667.8, 125.0, 5.280
[05:21:29] 667.8, 125.0, 5.340
[05:21:30] 667.6, 124.9, 5.377
[05:21:31] 667.5, 124.9, 5.335
[05:21:32] 667.6, 124.8, 5.310
[05:21:33] 667.4, 124.9, 5.361
[05:21:34] 667.2, 124.9, 5.398
[05:21:35] 667.6, 124.9, 5.319
[05:21:36] 667.2, 124.8, 5.326
[05:21:37] 666.9, 124.9, 5.259
[05:21:38] 666.6, 124.9, 5.347
[05:21:39] 666.7, 125.0, 5.287
[05:21:40] 666.8, 124.9, 5.389
[05:21:41] 666.8, 125.0, 5.302
[05:21:42] 667.0, 124.9, 5.324
[05:21:43] 666.9, 124.9, 5.363
[05:21:44] 667.0, 124.9, 5.279
[05:21:45] 667.1, 124.8, 5.370
[05:21:46] 666.6, 124.9, 5.360
[05:21:47] 666.7, 124.9, 5.349
[05:21:48] 666.5, 124.9, 5.358
[05:21:49] 666.6, 125.0, 5.352
[05:21:50] 666.7, 125.0, 5.384
[05:21:51] 672.3, 125.0, 5.257
[05:21:52] 663.6, 125.0, 5.354
[05:21:53] 663.8, 124.9, 5.340
[05:21:54] 669.5, 124.9, 5.307
[05:21:55] 669.1, 124.9, 5.382
[05:21:56] 668.9, 124.9, 5.296
[05:21:57] 668.8, 125.0, 5.254
[05:21:58] 663.4, 124.9, 5.321
[05:21:59] 663.7, 125.0, 5.292
[05:22:00] 664.3, 124.9, 5.379
[05:22:01] 664.7, 125.0, 5.346
[05:22:02] 664.8, 124.9, 5.294
[05:22:03] 665.0, 124.9, 5.373
[05:22:04] 665.2, 124.9, 5.336
[05:22:05] 665.7, 124.8, 5.333
[05:22:06] 665.9, 124.9, 5.356
[05:22:07] 666.0, 124.9, 5.283
[05:22:08] 666.3, 124.9, 5.358
[05:22:09] 665.8, 125.0, 5.355
[05:22:10] 666.3, 124.9, 5.285
[05:22:11] 666.4, 125.0, 5.366
[05:22:12] 666.5, 125.0, 5.308
[05:22:13] 666.7, 125.0, 5.304
[05:22:14] 666.6, 124.9, 5.382
[05:22:15] 666.8, 124.9, 5.356
[05:22:16] 666.9, 124.9, 5.380
[05:22:17] 672.3, 124.8, 5.386
[05:22:18] 672.2, 124.9, 5.377
[05:22:19] 672.3, 125.0, 5.363
[05:22:20] 672.1, 124.8, 5.364
[05:22:21] 672.1, 124.9, 5.362
[05:22:22] 671.9, 124.9, 5.364
[05:22:23] 671.8, 124.9, 5.372
[05:22:24] 671.7, 124.9, 5.358
[05:22:25] 671.6, 124.9, 5.361
[05:22:26] 671.5, 124.8, 5.357
[05:22:27] 671.5, 124.9, 5.378
[05:22:28] 671.4, 124.9, 5.365
[05:22:29] 671.4, 125.0, 5.366
[05:22:30] 671.3, 124.9, 5.384
[05:22:31] 671.4, 124.9, 5.363
[05:22:32] 671.3, 124.9, 5.362
[05:22:33] 671.2, 124.8, 5.364
[05:22:34] 671.1, 124.9, 5.360
[05:22:35] 671.0, 124.9, 5.361
[05:22:36] 670.9, 125.0, 5.363
[05:22:37] 670.9, 124.9, 5.360
[05:22:38] 670.8, 125.0, 5.359
[05:22:39] 670.7, 125.0, 5.362
[05:22:40] 670.7, 124.9, 5.361
[05:22:41] 670.6, 124.9, 5.359
[05:22:42] 670.7, 124.9, 5.362
[05:22:43] 670.8, 124.9, 5.364
[05:22:44] 670.9, 124.9, 5.361
[05:22:45] 671.0, 124.8, 5.361
[05:22:46] 671.1, 124.9, 5.362
[05:22:47] 671.1, 124.9, 5.371
[05:22:48] 671.2, 124.9, 5.365
[05:22:49] 671.3, 124.9, 5.358
[05:22:50] 671.3, 124.9, 5.369
[05:22:51] 671.4, 125.0, 5.362
[05:22:52] 671.4, 125.0, 5.361
[05:22:53] 671.4, 125.0, 5.362
[05:22:54] 671.4, 125.0, 5.366
[05:22:55] 671.3, 124.9, 5.364
[05:22:56] 671.2, 124.9, 5.370
[05:22:57] 671.1, 124.9, 5.358
[05:22:58] 671.0, 125.0, 5.362
[05:22:59] 670.9, 125.0, 5.364
[05:23:00] 670.9, 124.9, 5.362
[05:23:01] 670.9, 124.8, 5.368
[05:23:02] 670.9, 124.9, 5.361
[05:23:03] 670.9, 124.9, 5.367
[05:23:04] 671.0, 125.0, 5.365
[05:23:05] 671.1, 124.9, 5.364
[05:23:06] 671.2, 124.9, 5.362
[05:23:07] 671.2, 125.0, 5.366
[05:23:08] 671.2, 124.9, 5.371
[05:23:09] 671.4, 124.9, 5.373
[05:23:10] 671.4, 124.9, 5.362
[05:23:11] 671.3, 124.8, 5.365
[05:23:12] 671.2, 124.9, 5.365
[05:23:13] 671.3, 124.9, 5.372
[05:23:14] 671.2, 125.0, 5.362
[05:23:15] 671.1, 125.0, 5.366
[05:23:16] 671.0, 124.9, 5.362
[05:23:17] 671.0, 124.9, 5.359
[05:23:18] 671.0, 124.8, 5.362
[05:23:19] 670.9, 125.0, 5.361
[05:23:20] 670.8, 124.9, 5.367
[05:23:21] 670.8, 124.9, 5.372
[05:23:22] 670.7, 124.9, 5.302
[05:23:23] 660.3, 124.9, 5.322
[05:23:24] 660.0, 124.9, 5.259
[05:23:25] 660.1, 124.9, 5.257
[05:23:26] 659.8, 124.9, 5.271
[05:23:27] 659.7, 124.8, 5.256
[05:23:28] 660.0, 124.9, 5.260
[05:23:29] 659.9, 124.9, 5.316
[05:23:30] 659.7, 124.9, 5.259
[05:23:31] 659.8, 124.9, 5.257
[05:23:32] 659.5, 124.9, 5.269
[05:23:33] 659.4, 124.9, 5.256
[05:23:34] 659.7, 125.0, 5.345
[05:23:35] 669.7, 125.0, 5.259
[05:23:36] 659.7, 125.0, 5.312
[05:23:37] 659.5, 125.0, 5.259
[05:23:38] 659.6, 124.9, 5.256
[05:23:39] 659.3, 124.9, 5.267
[05:23:40] 659.2, 124.9, 5.258
[05:23:41] 659.6, 124.9, 5.258
[05:23:42] 659.5, 125.0, 5.289
[05:23:43] 659.4, 125.0, 5.261
[05:23:44] 659.6, 125.0, 5.259
[05:23:45] 659.4, 125.0, 5.264
[05:23:46] 659.5, 124.9, 5.260
[05:23:47] 660.0, 124.9, 5.355
[05:23:48] 671.1, 124.9, 5.355
[05:23:49] 671.3, 125.0, 5.298
[05:23:50] 663.8, 125.0, 5.260
[05:23:51] 663.3, 125.0, 5.269
[05:23:52] 662.7, 124.9, 5.264
[05:23:53] 662.6, 124.8, 5.261
[05:23:54] 662.2, 124.9, 5.258
[05:23:55] 662.0, 124.9, 5.282
[05:23:56] 662.1, 124.9, 5.261
[05:23:57] 661.9, 124.8, 5.265
[05:23:58] 661.4, 125.0, 5.261
[05:23:59] 661.3, 125.0, 5.286
[05:24:00] 661.0, 124.9, 5.265
[05:24:01] 660.9, 124.9, 5.369
[05:24:02] 668.9, 124.9, 5.278
[05:24:03] 657.7, 124.9, 5.263
[05:24:04] 657.8, 124.9, 5.316
[05:24:05] 658.2, 124.9, 5.264
[05:24:06] 658.3, 125.0, 5.261
[05:24:07] 658.5, 125.0, 5.375
[05:24:08] 665.8, 124.9, 5.270
[05:24:09] 659.1, 124.9, 5.260
[05:24:10] 659.2, 124.8, 5.363
[05:24:11] 659.6, 124.9, 5.261
[05:24:12] 659.7, 124.9, 5.265
[05:24:13] 659.7, 124.8, 5.380
[05:24:14] 669.3, 124.9, 5.360
[05:24:15] 669.5, 124.8, 5.369
[05:24:16] 669.6, 124.8, 5.377
[05:24:17] 669.7, 124.8, 5.370
[05:24:18] 669.8, 124.8, 5.347
[05:24:19] 669.9, 124.9, 5.265
[05:24:20] 658.7, 124.9, 5.278
[05:24:21] 658.7, 124.9, 5.261
[05:24:22] 658.9, 124.9, 5.275
[05:24:23] 658.8, 124.9, 5.259
[05:24:24] 658.8, 124.9, 5.276
[05:24:25] 664.0, 124.8, 5.260
[05:24:26] 658.3, 124.9, 5.268
[05:24:27] 658.4, 124.9, 5.259
[05:24:28] 658.7, 124.9, 5.276
[05:24:29] 658.6, 124.9, 5.265
[05:24:30] 658.8, 125.0, 5.344
[05:24:31] 666.4, 124.9, 5.301
[05:24:32] 666.0, 125.0, 5.260
[05:24:33] 659.5, 125.0, 5.269
[05:24:34] 659.3, 125.0, 5.262
[05:24:35] 659.5, 124.9, 5.260
[05:24:36] 659.4, 124.9, 5.260
[05:24:37] 659.5, 124.9, 5.280
[05:24:38] 660.0, 125.0, 5.258
[05:24:39] 659.8, 125.0, 5.264
[05:24:40] 659.7, 124.9, 5.268
[05:24:41] 659.8, 124.8, 5.331
[05:24:42] 659.8, 124.9, 5.268
[05:24:43] 660.0, 124.9, 5.387
[05:24:44] 673.3, 124.9, 5.377
[05:24:45] 672.6, 124.9, 5.268
[05:24:46] 658.7, 124.9, 5.262
[05:24:47] 658.7, 124.9, 5.362
[05:24:48] 659.0, 124.9, 5.266
[05:24:49] 659.1, 124.9, 5.267
[05:24:50] 658.9, 124.8, 5.379
[05:24:51] 665.0, 124.8, 5.267
[05:24:52] 659.1, 124.9, 5.262
[05:24:53] 659.0, 124.9, 5.360
[05:24:54] 659.3, 124.9, 5.265
[05:24:55] 659.3, 124.9, 5.281
[05:24:56] 659.2, 124.9, 5.374
[05:24:57] 669.3, 124.8, 5.266
[05:24:58] 660.3, 124.9, 5.321
[05:24:59] 660.1, 124.9, 5.263
[05:25:00] 660.3, 124.9, 5.262
[05:25:01] 660.1, 124.9, 5.277
[05:25:02] 660.0, 124.9, 5.264
[05:25:03] 660.5, 124.9, 5.268
[05:25:04] 660.4, 124.9, 5.294
[05:25:05] 660.2, 124.9, 5.265
[05:25:06] 660.4, 125.0, 5.264
[05:25:07] 660.2, 124.9, 5.271
[05:25:08] 660.1, 124.9, 5.265
[05:25:09] 660.6, 124.9, 5.371
[05:25:10] 672.5, 124.9, 5.380
[05:25:11] 672.5, 124.9, 5.374
[05:25:12] 672.5, 124.9, 5.399
[05:25:13] 672.7, 124.9, 5.368
[05:25:14] 672.4, 124.9, 5.370
[05:25:15] 672.1, 124.9, 5.369
[05:25:16] 672.0, 124.9, 5.367
[05:25:17] 671.9, 124.9, 5.369
[05:25:18] 671.8, 124.9, 5.368
[05:25:19] 671.7, 124.8, 5.375
[05:25:20] 671.6, 124.9, 5.362
[05:25:21] 671.5, 124.9, 5.365
[05:25:22] 671.4, 124.9, 5.346
[05:25:23] 671.1, 124.9, 5.379
[05:25:24] 671.3, 124.9, 5.261
[05:25:25] 660.1, 124.9, 5.297
[05:25:26] 660.0, 124.9, 5.263
[05:25:27] 660.2, 124.8, 5.263
[05:25:28] 660.0, 124.9, 5.263
[05:25:29] 659.9, 124.9, 5.265
[05:25:30] 660.5, 124.9, 5.261
[05:25:31] 660.3, 124.9, 5.277
[05:25:32] 660.2, 124.8, 5.269
[05:25:33] 660.3, 124.9, 5.287
[05:25:34] 660.2, 124.9, 5.266
[05:25:35] 660.1, 124.9, 5.277
[05:25:36] 660.6, 124.8, 5.348
[05:25:37] 661.3, 124.9, 5.269
[05:25:38] 661.1, 125.0, 5.282
[05:25:39] 660.8, 125.0, 5.276
[05:25:40] 661.0, 125.0, 5.264
[05:25:41] 660.8, 125.0, 5.265
[05:25:42] 660.6, 124.9, 5.301
[05:25:43] 661.0, 124.8, 5.265
[05:25:44] 660.8, 125.0, 5.278
[05:25:45] 660.6, 124.9, 5.268
[05:25:46] 660.7, 125.0, 5.262
[05:25:47] 660.5, 124.8, 5.262
[05:25:48] 660.5, 124.8, 5.395
[05:25:49] 673.5, 124.9, 5.364
[05:25:50] 673.0, 125.0, 5.260
[05:25:51] 658.1, 124.9, 5.274
[05:25:52] 658.3, 124.9, 5.265
[05:25:53] 658.7, 124.9, 5.285
[05:25:54] 658.7, 124.9, 5.268
[05:25:55] 658.9, 124.8, 5.326
[05:25:56] 665.6, 124.9, 5.264
[05:25:57] 658.5, 124.9, 5.271
[05:25:58] 658.6, 124.9, 5.262
[05:25:59] 658.9, 124.9, 5.276
[05:26:00] 658.8, 125.0, 5.264
[05:26:01] 659.0, 124.8, 5.349
[05:26:02] 665.8, 124.8, 5.303
[05:26:03] 665.6, 124.9, 5.267
[05:26:04] 659.9, 124.9, 5.278
[05:26:05] 659.7, 124.9, 5.270
[05:26:06] 660.0, 124.9, 5.268
[05:26:07] 660.0, 124.9, 5.267
[05:26:08] 660.0, 124.9, 5.285
[05:26:09] 660.5, 124.9, 5.267
[05:26:10] 660.4, 124.9, 5.273
[05:26:11] 660.3, 124.8, 5.274
[05:26:12] 660.5, 124.8, 5.309
[05:26:13] 660.4, 124.8, 5.269
[05:26:14] 660.5, 124.9, 5.386
[05:26:15] 673.7, 124.9, 5.362
[05:26:16] 673.4, 124.9, 5.386
[05:26:17] 673.4, 124.8, 5.385
[05:26:18] 673.1, 124.8, 5.288
[05:26:19] 658.9, 124.9, 5.269
[05:26:20] 659.0, 124.9, 5.307
[05:26:21] 659.3, 124.9, 5.269
[05:26:22] 659.2, 124.9, 5.264
[05:26:23] 659.2, 124.8, 5.357
[05:26:24] 664.6, 124.8, 5.282
[05:26:25] 658.5, 124.8, 5.269
[05:26:26] 658.7, 124.8, 5.343
[05:26:27] 659.0, 124.8, 5.271
[05:26:28] 659.2, 124.9, 5.266
[05:26:29] 659.1, 124.9, 5.390
[05:26:30] 669.9, 124.9, 5.269
[05:26:31] 661.9, 124.9, 5.305
[05:26:32] 661.5, 125.0, 5.266
[05:26:33] 661.4, 124.9, 5.267
[05:26:34] 661.1, 124.9, 5.288
[05:26:35] 660.9, 124.9, 5.264
[05:26:36] 661.3, 124.9, 5.270
[05:26:37] 661.3, 124.8, 5.340
[05:26:38] 661.1, 125.0, 5.267
[05:26:39] 661.2, 124.9, 5.268
[05:26:40] 660.9, 124.9, 5.278
[05:26:41] 660.8, 124.9, 5.266
[05:26:42] 661.3, 124.9, 5.378
[05:26:43] 674.3, 124.9, 5.397
[05:26:44] 666.2, 124.9, 5.269
[05:26:45] 660.1, 124.9, 5.268
[05:26:46] 659.9, 124.9, 5.295
[05:26:47] 660.1, 124.9, 5.264
[05:26:48] 660.1, 124.9, 5.273
[05:26:49] 659.9, 124.9, 5.334
[05:26:50] 666.0, 124.9, 5.267
[05:26:51] 660.1, 124.9, 5.281
[05:26:52] 659.9, 124.9, 5.273
[05:26:53] 660.2, 124.9, 5.263
[05:26:54] 660.0, 125.0, 5.266
[05:26:55] 660.0, 125.0, 5.392
[05:26:56] 671.7, 125.0, 5.266
[05:26:57] 658.5, 125.0, 5.265
[05:26:58] 658.7, 125.0, 5.266
[05:26:59] 659.1, 124.9, 5.273
[05:27:00] 659.0, 124.9, 5.265
[05:27:01] 659.2, 124.9, 5.369
[05:27:02] 665.8, 124.9, 5.286
[05:27:03] 658.9, 125.0, 5.267
[05:27:04] 659.0, 125.0, 5.313
[05:27:05] 659.2, 125.0, 5.265
[05:27:06] 659.2, 124.9, 5.263
[05:27:07] 659.3, 124.8, 5.354
[05:27:08] 667.2, 124.9, 5.395
[05:27:09] 673.1, 124.9, 5.395
[05:27:10] 673.2, 125.0, 5.365
[05:27:11] 673.1, 124.9, 5.376
[05:27:12] 673.2, 125.0, 5.359
[05:27:13] 672.9, 124.9, 5.375
[05:27:14] 672.7, 124.9, 5.380
[05:27:15] 672.9, 124.9, 5.394
[05:27:16] 673.0, 124.9, 5.385
[05:27:17] 672.8, 124.9, 5.369
[05:27:18] 672.6, 124.8, 5.370
[05:27:19] 672.5, 124.8, 5.361
[05:27:20] 672.3, 124.8, 5.369
[05:27:21] 672.1, 124.9, 5.370
[05:27:22] 672.1, 124.8, 5.368
[05:27:23] 672.0, 124.9, 5.373
[05:27:24] 671.9, 124.9, 5.368
[05:27:25] 671.8, 124.9, 5.368
[05:27:26] 671.8, 125.0, 5.366
[05:27:27] 671.6, 124.9, 5.368
[05:27:28] 671.5, 124.9, 5.359
[05:27:29] 671.4, 124.9, 5.367
[05:27:30] 671.3, 124.9, 5.358
[05:27:31] 671.3, 124.9, 5.359
[05:27:32] 671.3, 124.8, 5.360
[05:27:33] 671.2, 124.8, 5.366
[05:27:34] 671.0, 124.8, 5.344
[05:27:35] 670.8, 124.9, 5.360
[05:27:36] 670.7, 124.9, 5.383
[05:27:37] 670.9, 124.9, 5.399
[05:27:38] 676.4, 125.0, 5.263
[05:27:39] 659.9, 125.0, 5.284
[05:27:40] 659.8, 124.9, 5.267
[05:27:41] 660.0, 124.9, 5.268
[05:27:42] 659.9, 125.0, 5.265
[05:27:43] 659.9, 124.9, 5.271
[05:27:44] 660.3, 124.8, 5.266
[05:27:45] 660.2, 124.9, 5.285
[05:27:46] 660.2, 124.9, 5.265
[05:27:47] 660.5, 124.9, 5.276
[05:27:48] 660.3, 124.9, 5.269
[05:27:49] 660.3, 124.8, 5.271
[05:27:50] 665.6, 124.9, 5.355
[05:27:51] 665.6, 124.9, 5.266
[05:27:52] 660.1, 124.9, 5.284
[05:27:53] 659.9, 125.0, 5.278
[05:27:54] 660.2, 125.0, 5.268
[05:27:55] 660.2, 124.9, 5.273
[05:27:56] 660.1, 124.8, 5.318
[05:27:57] 665.6, 124.9, 5.268
[05:27:58] 664.9, 125.0, 5.277
[05:27:59] 658.7, 124.9, 5.272
[05:28:00] 659.1, 124.9, 5.268
[05:28:01] 659.2, 124.9, 5.269
[05:28:02] 659.4, 124.8, 5.383
[05:28:03] 672.7, 124.8, 5.354
[05:28:04] 672.5, 124.9, 5.266
[05:28:05] 659.3, 125.0, 5.284
[05:28:06] 659.4, 124.9, 5.271
[05:28:07] 659.7, 125.0, 5.286
[05:28:08] 659.6, 124.9, 5.272
[05:28:09] 659.6, 124.9, 5.291
[05:28:10] 660.2, 124.8, 5.266
[05:28:11] 660.1, 124.8, 5.281
[05:28:12] 660.0, 124.9, 5.265
[05:28:13] 660.3, 124.8, 5.289
[05:28:14] 660.1, 124.8, 5.270
[05:28:15] 660.1, 124.9, 5.302
[05:28:16] 660.7, 124.9, 5.357
[05:28:17] 661.2, 124.9, 5.271
[05:28:18] 661.1, 124.9, 5.273
[05:28:19] 660.9, 124.9, 5.295
[05:28:20] 661.0, 124.9, 5.266
[05:28:21] 661.0, 124.9, 5.273
[05:28:22] 660.8, 124.9, 5.337
[05:28:23] 667.0, 124.9, 5.270
[05:28:24] 661.9, 124.8, 5.285
[05:28:25] 661.6, 125.0, 5.271
[05:28:26] 661.9, 125.0, 5.264
[05:28:27] 661.7, 124.9, 5.270
[05:28:28] 661.8, 124.8, 5.394
[05:28:29] 675.2, 124.8, 5.369
[05:28:30] 675.0, 124.9, 5.383
[05:28:31] 674.9, 124.9, 5.375
[05:28:32] 674.4, 124.9, 5.287
[05:28:33] 659.1, 124.9, 5.273
[05:28:34] 659.2, 124.8, 5.328
[05:28:35] 659.6, 124.8, 5.271
[05:28:36] 659.7, 124.9, 5.270
[05:28:37] 659.7, 124.9, 5.403
[05:28:38] 666.4, 124.9, 5.277
[05:28:39] 659.1, 124.9, 5.269
[05:28:40] 659.2, 124.8, 5.376
[05:28:41] 659.6, 124.9, 5.269
[05:28:42] 659.8, 124.9, 5.268
[05:28:43] 659.9, 124.8, 5.394
[05:28:44] 672.1, 125.0, 5.271
[05:28:45] 663.6, 124.9, 5.331
[05:28:46] 663.2, 125.0, 5.267
[05:28:47] 663.0, 125.0, 5.266
[05:28:48] 662.6, 124.9, 5.281
[05:28:49] 662.3, 124.9, 5.270
[05:28:50] 662.5, 124.8, 5.269
[05:28:51] 662.3, 124.9, 5.313
[05:28:52] 662.0, 124.9, 5.271
[05:28:53] 662.0, 124.9, 5.269
[05:28:54] 661.7, 124.9, 5.271
[05:28:55] 661.5, 124.9, 5.269
[05:28:56] 661.9, 124.9, 5.357
[05:28:57] 673.1, 125.0, 5.387
[05:28:58] 667.6, 125.0, 5.271
[05:28:59] 660.7, 124.9, 5.269
[05:29:00] 660.5, 124.9, 5.308
[05:29:01] 660.7, 125.0, 5.271
[05:29:02] 660.7, 124.9, 5.278
[05:29:03] 660.5, 124.9, 5.359
[05:29:04] 666.4, 125.0, 5.270
[05:29:05] 660.7, 124.9, 5.288
[05:29:06] 660.5, 124.9, 5.282
[05:29:07] 660.8, 124.9, 5.269
[05:29:08] 660.8, 124.9, 5.273
[05:29:09] 660.7, 124.8, 5.402
[05:29:10] 672.5, 124.9, 5.271
[05:29:11] 659.5, 124.9, 5.273
[05:29:12] 659.6, 124.8, 5.271
[05:29:13] 659.9, 124.9, 5.279
[05:29:14] 659.9, 124.9, 5.267
[05:29:15] 660.0, 124.8, 5.372
[05:29:16] 666.4, 124.9, 5.286
[05:29:17] 658.9, 124.9, 5.272
[05:29:18] 659.1, 124.9, 5.337
[05:29:19] 659.5, 124.9, 5.270
[05:29:20] 659.6, 124.9, 5.266
[05:29:21] 659.6, 124.9, 5.369
[05:29:22] 668.9, 124.8, 5.394
[05:29:23] 674.3, 124.9, 5.413
[05:29:24] 674.3, 124.9, 5.376
[05:29:25] 674.2, 124.9, 5.382
[05:29:26] 674.2, 124.9, 5.400
[05:29:27] 674.2, 124.9, 5.386
[05:29:28] 674.0, 124.9, 5.387
[05:29:29] 673.8, 125.0, 5.361
[05:29:30] 667.0, 124.9, 5.269
[05:29:31] 660.1, 124.9, 5.287
[05:29:32] 660.0, 124.9, 5.280
[05:29:33] 660.2, 124.9, 5.266
[05:29:34] 660.3, 124.8, 5.272
[05:29:35] 660.2, 125.0, 5.304
[05:29:36] 665.6, 125.0, 5.270
[05:29:37] 665.0, 124.9, 5.276
[05:29:38] 659.3, 124.9, 5.270
[05:29:39] 659.6, 124.9, 5.285
[05:29:40] 659.7, 124.9, 5.266
[05:29:41] 659.8, 124.8, 5.381
[05:29:42] 670.7, 124.9, 5.284
[05:29:43] 659.5, 124.9, 5.274
[05:29:44] 659.7, 124.9, 5.286
[05:29:45] 660.0, 125.0, 5.273
[05:29:46] 660.1, 125.0, 5.266
[05:29:47] 660.2, 124.9, 5.367
[05:29:48] 666.8, 124.9, 5.283
[05:29:49] 660.3, 124.9, 5.269
[05:29:50] 660.3, 124.9, 5.352
[05:29:51] 660.5, 124.9, 5.269
[05:29:52] 660.5, 124.8, 5.267
[05:29:53] 660.3, 124.8, 5.373
[05:29:54] 669.1, 124.8, 5.378
[05:29:55] 669.6, 124.9, 5.270
[05:29:56] 662.4, 125.0, 5.285
[05:29:57] 662.0, 125.0, 5.265
[05:29:58] 661.9, 124.9, 5.263
[05:29:59] 661.6, 124.9, 5.289
[05:30:00] 661.4, 124.9, 5.264
[05:30:01] 661.5, 124.9, 5.266
[05:30:02] 661.5, 124.9, 5.290
[05:30:03] 661.4, 125.0, 5.266
[05:30:04] 661.4, 125.0, 5.265
[05:30:05] 661.2, 125.0, 5.289
[05:30:06] 661.1, 125.0, 5.266
[05:30:07] 661.5, 125.0, 5.367
[05:30:08] 669.7, 125.0, 5.267
[05:30:09] 661.1, 125.0, 5.267
[05:30:10] 661.0, 124.9, 5.322
[05:30:11] 661.2, 124.9, 5.270
[05:30:12] 661.3, 124.9, 5.281
[05:30:13] 661.2, 124.9, 5.385
[05:30:14] 666.8, 124.9, 5.264
[05:30:15] 661.3, 124.9, 5.275
[05:30:16] 661.1, 124.9, 5.283
[05:30:17] 661.4, 124.9, 5.266
[05:30:18] 661.4, 124.9, 5.266
[05:30:19] 661.1, 124.9, 5.366
[05:30:20] 671.9, 124.9, 5.380
[05:30:21] 672.1, 124.9, 5.382
[05:30:22] 672.3, 124.8, 5.374
[05:30:23] 672.4, 124.9, 5.266
[05:30:24] 660.9, 124.9, 5.309
[05:30:25] 660.8, 124.9, 5.279
[05:30:26] 661.1, 124.9, 5.273
[05:30:27] 661.1, 124.9, 5.283
[05:30:28] 661.2, 124.9, 5.281
[05:30:29] 661.8, 124.9, 5.278
[05:30:30] 661.7, 124.9, 5.298
[05:30:31] 661.7, 124.9, 5.278
[05:30:32] 662.0, 124.9, 5.285
[05:30:33] 661.8, 125.0, 5.279
[05:30:34] 661.8, 124.9, 5.291
[05:30:35] 662.4, 124.9, 5.370
[05:30:36] 663.0, 125.0, 5.284
[05:30:37] 663.0, 125.0, 5.298
[05:30:38] 662.6, 125.0, 5.276
[05:30:39] 662.5, 125.0, 5.265
[05:30:40] 662.1, 125.0, 5.267
[05:30:41] 661.7, 125.0, 5.316
[05:30:42] 662.0, 124.9, 5.262
[05:30:43] 661.8, 125.0, 5.279
[05:30:44] 661.4, 124.9, 5.276
[05:30:45] 661.4, 124.9, 5.260
[05:30:46] 661.1, 124.9, 5.264
[05:30:47] 660.8, 124.9, 5.366
[05:30:48] 670.5, 124.9, 5.367
[05:30:49] 670.6, 125.0, 5.263
[05:30:50] 658.5, 125.0, 5.270
[05:30:51] 658.6, 124.9, 5.263
[05:30:52] 658.9, 124.9, 5.279
[05:30:53] 658.9, 125.0, 5.265
[05:30:54] 659.0, 124.9, 5.312
[05:30:55] 664.2, 124.9, 5.263
[05:30:56] 658.7, 125.0, 5.265
[05:30:57] 658.8, 124.9, 5.262
[05:30:58] 659.1, 124.9, 5.275
[05:30:59] 659.0, 124.9, 5.264
[05:31:00] 659.1, 124.8, 5.340
[05:31:01] 666.0, 124.8, 5.293
[05:31:02] 665.7, 124.9, 5.263
[05:31:03] 659.7, 124.9, 5.270
[05:31:04] 659.5, 124.9, 5.267
[05:31:05] 659.8, 124.9, 5.287
[05:31:06] 659.8, 125.0, 5.261
[05:31:07] 659.9, 125.0, 5.271
[05:31:08] 660.2, 124.9, 5.259
[05:31:09] 660.1, 124.9, 5.263
[05:31:10] 660.1, 125.0, 5.263
[05:31:11] 660.1, 125.0, 5.317
[05:31:12] 660.0, 124.9, 5.261
[05:31:13] 660.2, 124.9, 5.367
[05:31:14] 671.3, 124.9, 5.349
[05:31:15] 671.2, 125.0, 5.362
[05:31:16] 671.3, 125.0, 5.362
[05:31:17] 671.3, 125.0, 5.374
[05:31:18] 671.5, 125.0, 5.379
[05:31:19] 671.7, 124.9, 5.363
[05:31:20] 671.7, 124.9, 5.349
[05:31:21] 671.5, 124.8, 5.396
[05:31:22] 671.8, 124.9, 5.391
[05:31:23] 672.1, 124.9, 5.381
[05:31:24] 672.3, 124.9, 5.392
[05:31:25] 672.4, 124.9, 5.371
[05:31:26] 672.4, 124.9, 5.366
[05:31:27] 672.4, 124.9, 5.390
[05:31:28] 672.6, 124.9, 5.371
[05:31:29] 672.8, 124.8, 5.379
[05:31:30] 672.8, 124.8, 5.402
[05:31:31] 673.1, 124.9, 5.353
[05:31:32] 672.8, 125.0, 5.358
[05:31:33] 672.6, 125.0, 5.365
[05:31:34] 672.3, 125.0, 5.364
[05:31:35] 672.1, 125.0, 5.361
[05:31:36] 672.0, 124.9, 5.354
[05:31:37] 671.8, 124.8, 5.360
[05:31:38] 671.7, 124.9, 5.361
[05:31:39] 671.5, 124.9, 5.363
[05:31:40] 671.5, 124.9, 5.355
[05:31:41] 671.5, 125.0, 5.399
[05:31:42] 671.8, 124.9, 5.350
[05:31:43] 671.9, 125.0, 5.347
[05:31:44] 671.6, 125.0, 5.362
[05:31:45] 671.5, 124.8, 5.357
[05:31:46] 671.3, 124.9, 5.349
[05:31:47] 671.2, 124.9, 5.348
[05:31:48] 671.1, 125.0, 5.348
[05:31:49] 671.0, 125.0, 5.379
[05:31:50] 671.0, 125.0, 5.352
[05:31:51] 671.0, 124.9, 5.373
[05:31:52] 671.0, 124.9, 5.341
[05:31:53] 670.7, 124.9, 5.354
[05:31:54] 670.5, 124.9, 5.355
[05:31:55] 670.4, 125.0, 5.347
[05:31:56] 670.2, 125.0, 5.345
[05:31:57] 670.1, 124.9, 5.347
[05:31:58] 670.3, 124.9, 5.408
[05:31:59] 670.8, 124.9, 5.383
[05:32:00] 676.0, 124.9, 5.391
[05:32:01] 676.0, 124.9, 5.350
[05:32:02] 658.5, 124.9, 5.134
[05:32:03] 642.6, 125.0, 5.137
[05:32:04] 642.5, 125.0, 5.136
[05:32:05] 642.6, 125.0, 5.138
[05:32:06] 642.6, 125.1, 5.130
