<<<[23:45:02] 657.7, 124.0, 5.216
[23:45:03] 646.5, 124.0, 5.192
[23:45:04] 646.2, 124.0, 5.386
[23:45:05] 658.7, 124.1, 5.268
[23:45:06] 652.8, 124.0, 5.214
[23:45:07] 645.1, 124.0, 5.196
[23:45:08] 645.0, 124.1, 5.193
[23:45:09] 645.0, 124.0, 5.194
[23:45:10] 645.3, 124.0, 5.639
[23:45:11] 738.4, 124.1, 5.188
[23:45:12] 644.5, 124.1, 5.186
[23:45:13] 644.4, 124.1, 5.183
[23:45:14] 644.4, 124.2, 5.204
[23:45:15] 644.4, 124.1, 5.646
[23:45:16] 739.4, 124.1, 5.189
[23:45:17] 644.1, 124.1, 5.185
[23:45:18] 644.0, 124.2, 5.200
[23:45:19] 644.0, 124.2, 5.182
[23:45:20] 644.0, 124.0, 5.690
[23:45:21] 739.8, 124.1, 5.190
[23:45:22] 644.5, 124.2, 5.211
[23:45:23] 644.5, 124.1, 5.189
[23:45:24] 644.4, 124.1, 5.186
[23:45:25] 644.4, 124.0, 5.734
[23:45:26] 739.8, 124.1, 5.208
[23:45:27] 644.3, 124.1, 5.189
[23:45:28] 644.3, 124.1, 5.193
[23:45:29] 644.3, 124.0, 5.190
[23:45:30] 644.2, 124.0, 5.797
[23:45:31] 739.6, 124.1, 5.192
[23:45:32] 644.3, 124.0, 5.192
[23:45:33] 644.3, 124.0, 5.190
[23:45:34] 644.2, 124.0, 5.209
[23:45:35] 644.2, 124.0, 5.829
[23:45:36] 739.0, 124.1, 5.189
[23:45:37] 643.9, 124.1, 5.186
[23:45:38] 643.9, 124.1, 5.206
[23:45:39] 643.9, 124.1, 5.188
[23:45:40] 643.9, 124.1, 5.882
[23:45:41] 738.2, 124.1, 5.187
[23:45:42] 643.9, 124.0, 5.207
[23:45:43] 643.9, 124.1, 5.182
[23:45:44] 643.8, 124.2, 5.179
[23:45:45] 643.7, 124.0, 5.921
[23:45:46] 735.7, 124.1, 5.210
[23:45:47] 643.7, 124.1, 5.180
[23:45:48] 643.6, 124.2, 5.181
[23:45:49] 643.6, 124.2, 5.180
[23:45:50] 643.6, 124.1, 6.005
[23:45:51] 733.7, 124.1, 5.183
[23:45:52] 643.6, 124.1, 5.214
[23:45:53] 643.7, 124.1, 5.208
[23:45:54] 643.8, 124.2, 5.202
[23:45:55] 643.8, 124.0, 6.062
[23:45:56] 730.2, 124.2, 5.183
[23:45:57] 643.7, 124.1, 5.179
[23:45:58] 643.6, 124.1, 5.206
[23:45:59] 643.6, 124.1, 5.180
[23:46:00] 643.6, 124.1, 6.133
[23:46:01] 721.5, 124.0, 5.181
[23:46:02] 643.2, 124.1, 5.200
[23:46:03] 643.2, 124.2, 5.179
[23:46:04] 643.2, 124.1, 5.189
[23:46:05] 643.2, 123.5, 7.312
[23:46:06] 754.0, 124.1, 5.201
[23:46:07] 643.6, 124.1, 5.185
[23:46:08] 643.5, 124.1, 5.183
[23:46:09] 643.5, 124.1, 5.182
[23:46:10] 643.6, 123.6, 6.813
[23:46:11] 802.4, 124.1, 5.193
[23:46:12] 659.3, 124.1, 5.185
[23:46:13] 643.7, 124.1, 5.179
[23:46:14] 643.6, 124.0, 5.202
[23:46:15] 643.5, 124.1, 5.177
[23:46:16] 697.5, 123.5, 7.715
[23:46:17] 893.5, 124.1, 5.189
[23:46:18] 644.1, 124.0, 5.207
[23:46:19] 644.0, 124.1, 5.179
[23:46:20] 643.9, 124.2, 5.180
[23:46:21] 643.8, 124.1, 5.179
[23:46:22] 775.8, 123.4, 7.731
[23:46:23] 955.3, 124.0, 5.309
[23:46:24] 716.8, 124.1, 5.191
[23:46:25] 644.3, 124.1, 5.186
[23:46:26] 644.2, 124.0, 5.207
[23:46:27] 644.1, 124.1, 5.182
[23:46:28] 644.0, 123.5, 7.717
[23:46:29] 938.8, 123.4, 7.743
[23:46:30] 956.7, 123.5, 7.751
[23:46:31] 956.8, 124.0, 5.331
[23:46:32] 717.6, 124.1, 5.197
[23:46:33] 645.5, 124.2, 5.190
[23:46:34] 645.3, 124.1, 5.215
[23:46:35] 645.3, 124.2, 5.187
[23:46:36] 645.2, 123.6, 7.719
[23:46:37] 954.2, 123.5, 7.743
[23:46:38] 954.5, 123.5, 7.755
[23:46:39] 955.1, 123.5, 7.767
[23:46:40] 955.7, 123.4, 7.771
[23:46:41] 956.3, 123.4, 7.771
[23:46:42] 956.0, 124.1, 5.249
[23:46:43] 671.5, 124.1, 5.208
[23:46:44] 646.5, 124.1, 5.200
[23:46:45] 646.4, 124.1, 5.192
[23:46:46] 646.2, 124.1, 5.215
[23:46:47] 676.6, 123.5, 7.740
[23:46:48] 956.3, 123.4, 7.755
[23:46:49] 956.6, 123.4, 7.774
[23:46:50] 957.0, 123.4, 7.776
[23:46:51] 957.5, 123.4, 7.777
[23:46:52] 958.0, 123.5, 7.789
[23:46:53] 958.5, 123.3, 7.788
[23:46:54] 959.0, 123.4, 7.790
[23:46:55] 959.5, 123.5, 7.794
[23:46:56] 960.0, 123.4, 7.796
[23:46:57] 960.4, 123.5, 7.794
[23:46:58] 960.8, 123.5, 7.800
[23:46:59] 866.4, 124.1, 5.226
[23:47:00] 648.7, 124.1, 5.213
[23:47:01] 648.5, 124.1, 5.227
[23:47:02] 648.4, 124.0, 5.226
