<<<[01:26:20] 648.4, 124.8, 5.171
[01:26:21] 648.1, 124.7, 5.171
[01:26:22] 647.8, 124.8, 5.176
[01:26:23] 654.4, 124.7, 5.290
[01:26:24] 654.7, 124.7, 5.175
[01:26:25] 645.5, 124.7, 5.177
[01:26:26] 645.5, 124.7, 5.170
[01:26:27] 645.4, 124.7, 5.175
[01:26:28] 645.4, 124.7, 5.170
[01:26:29] 729.6, 124.6, 5.176
[01:26:30] 657.9, 124.7, 5.170
[01:26:31] 644.5, 124.8, 5.163
[01:26:32] 644.5, 124.7, 5.165
[01:26:33] 644.5, 124.6, 5.171
[01:26:34] 723.9, 124.7, 5.172
[01:26:35] 657.9, 124.7, 5.169
[01:26:36] 644.9, 124.7, 5.173
[01:26:37] 644.9, 124.7, 5.174
[01:26:38] 645.1, 124.7, 5.160
[01:26:39] 721.5, 124.8, 5.175
[01:26:40] 659.5, 124.7, 5.160
[01:26:41] 644.3, 124.7, 5.160
[01:26:42] 644.3, 124.8, 5.162
[01:26:43] 644.3, 124.7, 5.156
[01:26:44] 719.3, 124.8, 5.169
[01:26:45] 661.3, 124.8, 5.170
[01:26:46] 644.5, 124.7, 5.159
[01:26:47] 644.4, 124.8, 5.156
[01:26:48] 644.4, 124.8, 5.161
[01:26:49] 717.6, 124.8, 5.169
[01:26:50] 662.4, 124.7, 5.157
[01:26:51] 644.3, 124.7, 5.165
[01:26:52] 644.2, 124.8, 5.157
[01:26:53] 644.2, 124.7, 5.157
[01:26:54] 715.6, 124.8, 5.170
[01:26:55] 663.2, 124.7, 5.159
[01:26:56] 644.5, 124.9, 5.154
[01:26:57] 644.4, 124.8, 5.159
[01:26:58] 644.4, 124.8, 5.154
[01:26:59] 712.1, 124.8, 5.163
[01:27:00] 664.4, 124.8, 5.159
[01:27:01] 643.9, 124.8, 5.155
[01:27:02] 643.9, 124.8, 5.155
[01:27:03] 643.9, 124.8, 5.158
[01:27:04] 707.3, 124.8, 5.165
[01:27:05] 665.4, 124.7, 5.157
[01:27:06] 644.1, 124.8, 5.159
[01:27:07] 644.1, 124.8, 5.153
[01:27:08] 644.0, 124.8, 5.152
[01:27:09] 699.8, 124.8, 5.169
[01:27:10] 666.8, 124.8, 5.155
[01:27:11] 643.7, 124.8, 5.156
[01:27:12] 643.7, 124.8, 5.154
[01:27:13] 643.7, 124.8, 5.152
[01:27:14] 686.5, 124.7, 5.302
[01:27:15] 718.4, 124.8, 5.176
[01:27:16] 646.3, 124.8, 5.162
[01:27:17] 646.2, 124.9, 5.163
[01:27:18] 646.1, 124.7, 5.172
[01:27:19] 652.2, 124.6, 6.793
[01:27:20] 778.8, 124.8, 5.157
[01:27:21] 643.9, 124.8, 5.152
[01:27:22] 643.8, 124.8, 5.152
[01:27:23] 643.8, 124.8, 5.153
[01:27:24] 643.8, 124.2, 7.498
[01:27:25] 836.7, 124.9, 5.159
[01:27:26] 644.1, 124.8, 5.153
[01:27:27] 644.0, 124.9, 5.157
[01:27:28] 644.0, 124.8, 5.150
[01:27:29] 643.9, 124.9, 5.152
[01:27:30] 729.4, 124.2, 7.553
[01:27:31] 902.6, 124.9, 5.163
[01:27:32] 644.9, 124.9, 5.164
[01:27:33] 644.8, 124.8, 5.152
[01:27:34] 644.6, 124.8, 5.153
[01:27:35] 644.5, 124.8, 5.154
[01:27:36] 739.0, 124.2, 7.564
[01:27:37] 940.0, 124.2, 7.578
[01:27:38] 904.2, 124.8, 5.171
[01:27:39] 645.5, 124.8, 5.169
[01:27:40] 645.4, 124.8, 5.160
[01:27:41] 645.2, 124.8, 5.156
[01:27:42] 645.1, 124.8, 5.159
[01:27:43] 759.1, 124.2, 7.561
[01:27:44] 940.2, 124.2, 7.580
[01:27:45] 940.5, 124.2, 7.588
[01:27:46] 940.8, 124.3, 7.393
[01:27:47] 851.4, 124.8, 5.178
[01:27:48] 646.7, 124.8, 5.173
[01:27:49] 646.5, 124.8, 5.165
[01:27:50] 646.4, 124.7, 5.160
[01:27:51] 646.1, 124.3, 6.482
[01:27:52] 802.2, 124.2, 7.569
[01:27:53] 941.6, 124.2, 7.582
[01:27:54] 941.8, 124.1, 7.595
[01:27:55] 942.0, 124.2, 7.596
[01:27:56] 942.4, 124.2, 7.605
[01:27:57] 942.8, 124.2, 7.617
[01:27:58] 943.2, 124.2, 7.614
[01:27:59] 943.7, 124.3, 7.232
[01:28:00] 792.2, 124.8, 5.187
[01:28:01] 647.3, 124.8, 5.176
[01:28:02] 647.2, 124.7, 5.174
[01:28:03] 647.0, 124.8, 5.166
[01:28:04] 646.8, 124.2, 7.546
[01:28:05] 891.4, 124.1, 7.584
[01:28:06] 943.1, 124.1, 7.596
[01:28:07] 943.2, 124.2, 7.610
[01:28:08] 943.5, 124.1, 7.614
[01:28:09] 943.9, 124.1, 7.626
[01:28:10] 944.3, 124.2, 7.617
[01:28:11] 944.6, 124.1, 7.623
[01:28:12] 945.0, 124.2, 7.627
[01:28:13] 945.3, 124.1, 7.622
[01:28:14] 945.7, 124.2, 7.626
[01:28:15] 946.0, 124.1, 7.631
[01:28:16] 946.3, 124.2, 7.628
[01:28:17] 946.7, 124.2, 7.630
[01:28:18] 946.9, 124.1, 7.634
[01:28:19] 947.2, 124.2, 7.632
[01:28:20] 819.7, 124.7, 5.197
[01:28:21] 649.1, 124.8, 5.192
[01:28:22] 648.9, 124.7, 5.178
[01:28:23] 648.6, 124.8, 5.174
[01:28:24] 648.3, 124.7, 5.176
