<<<[05:33:48] 645.0, 125.0, 5.135
[05:33:49] 644.7, 124.9, 5.140
[05:33:50] 644.4, 124.8, 5.229
[05:33:51] 652.6, 124.9, 5.174
[05:33:52] 651.9, 124.9, 5.137
[05:33:53] 643.0, 125.0, 5.140
[05:33:54] 642.9, 125.0, 5.140
[05:33:55] 643.0, 125.0, 5.144
[05:33:56] 643.0, 124.9, 6.199
[05:33:57] 738.8, 124.9, 5.136
[05:33:58] 642.4, 124.9, 5.137
[05:33:59] 642.4, 124.9, 5.137
[05:34:00] 642.4, 124.9, 5.137
[05:34:01] 642.4, 124.8, 6.238
[05:34:02] 738.4, 125.0, 5.137
[05:34:03] 643.2, 125.0, 5.155
[05:34:04] 643.2, 124.9, 5.149
[05:34:05] 643.2, 125.0, 5.144
[05:34:06] 643.1, 124.8, 6.282
[05:34:07] 738.2, 124.9, 5.137
[05:34:08] 642.6, 124.9, 5.133
[05:34:09] 642.5, 124.9, 5.132
[05:34:10] 642.5, 124.9, 5.134
[05:34:11] 642.5, 124.8, 6.317
[05:34:12] 737.8, 124.9, 5.136
[05:34:13] 642.6, 124.9, 5.132
[05:34:14] 642.5, 124.9, 5.134
[05:34:15] 642.5, 124.9, 5.137
[05:34:16] 642.5, 124.7, 6.346
[05:34:17] 737.4, 125.0, 5.135
[05:34:18] 642.4, 125.0, 5.137
[05:34:19] 642.4, 125.0, 5.134
[05:34:20] 642.4, 125.0, 5.133
[05:34:21] 642.4, 124.7, 6.372
[05:34:22] 735.9, 124.9, 5.133
[05:34:23] 643.0, 124.9, 5.151
[05:34:24] 643.0, 124.9, 5.133
[05:34:25] 643.0, 125.0, 5.134
[05:34:26] 642.9, 124.8, 6.398
[05:34:27] 735.1, 125.0, 5.137
[05:34:28] 642.8, 125.0, 5.133
[05:34:29] 642.7, 125.1, 5.129
[05:34:30] 642.6, 125.1, 5.134
[05:34:31] 642.6, 124.8, 6.421
[05:34:32] 732.1, 125.0, 5.137
[05:34:33] 642.6, 125.0, 5.134
[05:34:34] 642.5, 125.0, 5.133
[05:34:35] 642.5, 125.0, 5.135
[05:34:36] 642.5, 124.8, 6.464
[05:34:37] 726.8, 125.0, 5.137
[05:34:38] 642.2, 125.0, 5.132
[05:34:39] 642.2, 125.0, 5.150
[05:34:40] 642.3, 124.9, 5.150
[05:34:41] 642.4, 124.4, 7.130
[05:34:42] 765.2, 124.8, 5.137
[05:34:43] 642.6, 124.9, 5.134
[05:34:44] 642.5, 124.9, 5.134
[05:34:45] 642.5, 124.9, 5.134
[05:34:46] 642.4, 124.4, 7.459
[05:34:47] 792.6, 124.8, 5.139
[05:34:48] 642.6, 124.9, 5.136
[05:34:49] 642.6, 124.9, 5.137
[05:34:50] 642.5, 124.9, 5.134
[05:34:51] 642.5, 124.9, 5.132
[05:34:52] 774.3, 124.8, 5.272
[05:34:53] 717.4, 124.9, 5.142
[05:34:54] 642.4, 124.9, 5.136
[05:34:55] 642.4, 124.9, 5.139
[05:34:56] 642.4, 124.9, 5.132
[05:34:57] 642.4, 124.2, 7.664
[05:34:58] 939.8, 124.9, 5.282
[05:34:59] 716.2, 124.9, 5.141
[05:35:00] 643.0, 124.9, 5.145
[05:35:01] 643.0, 124.9, 5.138
[05:35:02] 643.0, 124.9, 5.139
[05:35:03] 643.6, 124.2, 7.671
[05:35:04] 956.3, 124.3, 7.695
[05:35:05] 948.5, 124.9, 5.189
[05:35:06] 670.1, 125.0, 5.155
[05:35:07] 645.3, 125.0, 5.162
[05:35:08] 645.3, 125.0, 5.160
[05:35:09] 645.2, 124.9, 5.157
[05:35:10] 690.4, 124.2, 7.683
[05:35:11] 956.9, 124.3, 7.709
[05:35:12] 957.2, 124.4, 7.718
[05:35:13] 957.6, 124.3, 7.724
[05:35:14] 908.7, 124.9, 5.163
[05:35:15] 646.1, 124.9, 5.156
[05:35:16] 645.9, 125.0, 5.145
[05:35:17] 645.7, 125.0, 5.144
[05:35:18] 645.4, 124.9, 5.142
[05:35:19] 771.9, 124.3, 7.696
[05:35:20] 958.7, 124.3, 7.709
[05:35:21] 958.9, 124.4, 7.724
[05:35:22] 959.2, 124.4, 7.727
[05:35:23] 959.6, 124.3, 7.734
[05:35:24] 960.1, 124.3, 7.741
[05:35:25] 960.7, 124.3, 7.740
[05:35:26] 961.1, 124.9, 5.323
[05:35:27] 726.2, 125.0, 5.163
[05:35:28] 646.5, 125.0, 5.156
[05:35:29] 646.4, 125.0, 5.174
[05:35:30] 646.4, 125.0, 5.150
[05:35:31] 646.2, 124.4, 7.689
[05:35:32] 939.0, 124.4, 7.715
[05:35:33] 961.1, 124.4, 7.727
[05:35:34] 961.2, 124.3, 7.737
[05:35:35] 961.6, 124.3, 7.746
[05:35:36] 962.0, 124.3, 7.754
[05:35:37] 962.4, 124.3, 7.758
[05:35:38] 962.9, 124.3, 7.756
[05:35:39] 963.3, 124.4, 7.755
[05:35:40] 963.6, 124.3, 7.760
[05:35:41] 964.0, 124.2, 7.767
[05:35:42] 964.4, 124.2, 7.774
[05:35:43] 964.8, 124.3, 7.768
[05:35:44] 965.1, 124.3, 7.761
[05:35:45] 965.3, 124.3, 7.758
[05:35:46] 965.5, 124.9, 5.194
[05:35:47] 653.6, 124.9, 5.177
[05:35:48] 647.7, 124.9, 5.171
[05:35:49] 647.6, 124.9, 5.161
