<<<[08:23:42] 655.0, 124.4, 5.192
[08:23:43] 646.1, 124.5, 5.183
[08:23:44] 646.1, 124.5, 5.187
[08:23:45] 653.2, 124.5, 5.327
[08:23:46] 668.7, 124.4, 5.315
[08:23:47] 668.1, 124.4, 5.318
[08:23:48] 667.5, 124.4, 5.314
[08:23:49] 667.3, 124.4, 5.322
[08:23:50] 667.0, 124.4, 5.321
[08:23:51] 666.5, 124.4, 5.374
[08:23:52] 666.7, 124.4, 5.230
[08:23:53] 651.6, 124.4, 5.190
[08:23:54] 651.1, 124.3, 5.187
[08:23:55] 650.6, 124.4, 5.187
[08:23:56] 650.3, 124.4, 5.182
[08:23:57] 650.5, 124.4, 5.570
[08:23:58] 737.6, 124.5, 5.186
[08:23:59] 645.5, 124.5, 5.182
[08:24:00] 645.5, 124.5, 5.180
[08:24:01] 645.6, 124.4, 5.184
[08:24:02] 646.0, 124.4, 5.557
[08:24:03] 738.0, 124.4, 5.188
[08:24:04] 646.3, 124.4, 5.182
[08:24:05] 646.2, 124.4, 5.187
[08:24:06] 646.2, 124.4, 5.187
[08:24:07] 646.2, 124.3, 5.567
[08:24:08] 738.4, 124.4, 5.184
[08:24:09] 645.9, 124.4, 5.187
[08:24:10] 645.9, 124.5, 5.179
[08:24:11] 645.8, 124.5, 5.175
[08:24:12] 645.8, 124.3, 5.573
[08:24:13] 734.9, 124.4, 5.181
[08:24:14] 646.5, 124.4, 5.180
[08:24:15] 646.3, 124.4, 5.184
[08:24:16] 646.2, 124.4, 5.178
[08:24:17] 646.1, 124.4, 5.586
[08:24:18] 729.2, 124.3, 5.181
[08:24:19] 645.3, 124.4, 5.180
[08:24:20] 645.3, 124.4, 5.177
[08:24:21] 645.3, 124.5, 5.183
[08:24:22] 645.4, 124.0, 7.206
[08:24:23] 764.8, 124.4, 5.182
[08:24:24] 645.7, 124.4, 5.180
[08:24:25] 645.6, 124.4, 5.182
[08:24:26] 645.7, 124.5, 5.180
[08:24:27] 645.6, 123.8, 7.734
[08:24:28] 837.8, 124.4, 5.189
[08:24:29] 645.3, 124.3, 5.185
[08:24:30] 645.4, 124.4, 5.181
[08:24:31] 645.5, 124.4, 5.180
[08:24:32] 645.7, 124.5, 5.182
[08:24:33] 764.4, 124.0, 7.222
[08:24:34] 816.2, 124.5, 5.187
[08:24:35] 645.9, 124.4, 5.184
[08:24:36] 645.9, 124.4, 5.185
[08:24:37] 645.9, 124.4, 5.182
[08:24:38] 646.0, 123.8, 7.764
[08:24:39] 879.0, 123.8, 7.914
[08:24:40] 943.5, 124.4, 5.191
[08:24:41] 646.9, 124.4, 5.193
[08:24:42] 646.9, 124.4, 5.187
[08:24:43] 646.8, 124.4, 5.184
[08:24:44] 646.7, 124.4, 5.189
[08:24:45] 777.4, 123.7, 7.919
[08:24:46] 981.3, 123.8, 7.922
[08:24:47] 981.4, 124.0, 7.225
[08:24:48] 812.0, 124.4, 5.198
[08:24:49] 647.9, 124.4, 5.196
[08:24:50] 647.9, 124.5, 5.185
[08:24:51] 647.7, 124.5, 5.185
[08:24:52] 647.6, 123.9, 7.870
[08:24:53] 906.1, 123.8, 7.911
[08:24:54] 982.1, 123.8, 7.921
[08:24:55] 982.2, 123.8, 7.933
[08:24:56] 982.3, 123.9, 7.932
[08:24:57] 982.6, 124.0, 7.535
[08:24:58] 883.3, 124.6, 5.196
[08:24:59] 647.5, 124.5, 5.189
[08:25:00] 647.4, 124.5, 5.197
[08:25:01] 647.3, 124.4, 5.181
[08:25:02] 647.3, 123.9, 6.843
[08:25:03] 828.6, 123.8, 7.901
[08:25:04] 979.6, 123.7, 7.905
[08:25:05] 979.8, 123.7, 7.915
[08:25:06] 980.0, 123.8, 7.922
[08:25:07] 980.4, 123.7, 7.928
[08:25:08] 980.8, 123.7, 7.939
[08:25:09] 981.1, 123.7, 7.931
[08:25:10] 981.5, 123.7, 7.935
[08:25:11] 981.9, 123.8, 7.952
[08:25:12] 982.4, 123.8, 7.940
[08:25:13] 982.8, 124.5, 5.253
[08:25:14] 708.9, 124.5, 5.199
[08:25:15] 648.1, 124.5, 5.194
[08:25:16] 648.0, 124.4, 5.203
[08:25:17] 648.0, 124.4, 5.187
