<<<[21:14:16] 645.0, 123.3, 5.219
[21:14:17] 645.0, 123.4, 5.244
[21:14:18] 645.1, 123.4, 5.461
[21:14:19] 666.6, 123.3, 5.328
[21:14:20] 656.9, 123.4, 5.264
[21:14:21] 647.7, 123.4, 5.242
[21:14:22] 647.5, 123.4, 5.234
[21:14:23] 647.4, 123.3, 5.238
[21:14:24] 711.5, 123.3, 5.241
[21:14:25] 676.2, 123.4, 5.223
[21:14:26] 644.7, 123.3, 5.221
[21:14:27] 644.6, 123.3, 5.219
[21:14:28] 644.5, 123.4, 5.216
[21:14:29] 703.6, 123.3, 5.241
[21:14:30] 677.4, 123.3, 5.223
[21:14:31] 644.9, 123.3, 5.233
[21:14:32] 645.0, 123.2, 5.235
[21:14:33] 645.1, 123.4, 5.232
[21:14:34] 703.4, 123.3, 5.250
[21:14:35] 680.2, 123.4, 5.236
[21:14:36] 646.5, 123.3, 5.221
[21:14:37] 646.3, 123.4, 5.217
[21:14:38] 646.0, 123.3, 5.216
[21:14:39] 700.4, 123.4, 5.238
[21:14:40] 680.0, 123.3, 5.217
[21:14:41] 644.5, 123.4, 5.215
[21:14:42] 644.5, 123.3, 5.215
[21:14:43] 644.4, 123.4, 5.226
[21:14:44] 699.5, 123.3, 5.246
[21:14:45] 682.5, 123.4, 5.229
[21:14:46] 645.7, 123.4, 5.226
[21:14:47] 645.7, 123.4, 5.228
[21:14:48] 645.7, 123.4, 5.216
[21:14:49] 695.9, 123.4, 5.237
[21:14:50] 682.3, 123.3, 5.217
[21:14:51] 644.1, 123.4, 5.217
[21:14:52] 644.1, 123.3, 5.213
[21:14:53] 644.1, 123.3, 5.214
[21:14:54] 691.2, 123.4, 5.244
[21:14:55] 684.1, 123.3, 5.231
[21:14:56] 645.5, 123.3, 5.226
[21:14:57] 645.5, 123.4, 5.224
[21:14:58] 645.5, 123.3, 5.226
[21:14:59] 687.3, 123.3, 5.253
[21:15:00] 687.2, 123.4, 5.220
[21:15:01] 644.7, 123.4, 5.216
[21:15:02] 644.6, 123.3, 5.226
[21:15:03] 644.6, 123.3, 5.214
[21:15:04] 676.0, 123.4, 5.246
[21:15:05] 686.9, 123.4, 5.219
[21:15:06] 643.9, 123.3, 5.220
[21:15:07] 643.9, 123.3, 5.228
[21:15:08] 644.0, 123.3, 5.229
[21:15:09] 656.0, 123.3, 5.649
[21:15:10] 742.0, 123.2, 5.231
[21:15:11] 645.7, 123.3, 5.219
[21:15:12] 645.5, 123.3, 5.201
[21:15:13] 645.1, 123.4, 5.198
[21:15:14] 644.7, 122.9, 7.261
[21:15:15] 814.8, 123.3, 5.212
[21:15:16] 643.4, 123.3, 5.207
[21:15:17] 643.4, 123.4, 5.206
[21:15:18] 643.3, 123.4, 5.219
[21:15:19] 643.4, 122.8, 6.872
[21:15:20] 802.4, 123.3, 5.740
[21:15:21] 744.3, 123.3, 5.238
[21:15:22] 646.9, 123.4, 5.233
[21:15:23] 646.7, 123.4, 5.233
[21:15:24] 646.7, 123.4, 5.226
[21:15:25] 646.5, 122.7, 7.453
[21:15:26] 908.3, 122.8, 7.262
[21:15:27] 801.2, 123.3, 5.227
[21:15:28] 645.3, 123.4, 5.227
[21:15:29] 645.2, 123.4, 5.225
[21:15:30] 645.2, 123.4, 5.223
[21:15:31] 645.2, 122.8, 7.415
[21:15:32] 850.2, 122.8, 7.490
[21:15:33] 920.7, 122.7, 7.506
[21:15:34] 913.2, 123.4, 5.243
[21:15:35] 649.9, 123.4, 5.234
[21:15:36] 649.4, 123.3, 5.231
[21:15:37] 648.9, 123.4, 5.225
[21:15:38] 648.4, 123.4, 5.221
[21:15:39] 737.4, 122.8, 7.475
[21:15:40] 919.5, 122.8, 7.493
[21:15:41] 919.7, 122.8, 7.517
[21:15:42] 920.2, 122.7, 7.513
[21:15:43] 920.7, 122.8, 7.407
[21:15:44] 864.2, 123.3, 5.242
[21:15:45] 647.3, 123.3, 5.235
[21:15:46] 647.2, 123.4, 5.228
[21:15:47] 647.0, 123.4, 5.224
[21:15:48] 646.8, 122.9, 6.323
[21:15:49] 788.6, 122.9, 7.495
[21:15:50] 921.5, 122.8, 7.508
[21:15:51] 921.8, 122.8, 7.517
[21:15:52] 922.1, 122.9, 7.517
[21:15:53] 922.4, 122.8, 7.526
[21:15:54] 922.8, 122.7, 7.524
[21:15:55] 923.1, 122.9, 7.520
[21:15:56] 923.4, 122.8, 7.520
[21:15:57] 923.6, 122.8, 7.527
[21:15:58] 923.9, 123.3, 6.053
[21:15:59] 759.9, 123.4, 5.246
[21:16:00] 648.3, 123.3, 5.240
[21:16:01] 648.1, 123.4, 5.243
[21:16:02] 648.0, 123.4, 5.241
[21:16:03] 648.0, 122.8, 7.484
[21:16:04] 895.5, 122.9, 7.511
[21:16:05] 923.9, 122.9, 7.517
[21:16:06] 923.9, 122.8, 7.515
[21:16:07] 924.0, 122.8, 7.521
[21:16:08] 924.1, 122.8, 7.529
[21:16:09] 924.3, 122.8, 7.526
[21:16:10] 924.5, 122.7, 7.536
[21:16:11] 924.8, 122.9, 7.536
[21:16:12] 925.0, 122.9, 7.546
[21:16:13] 925.4, 122.8, 7.559
[21:16:14] 925.8, 122.8, 7.558
[21:16:15] 926.3, 122.9, 7.554
[21:16:16] 926.7, 122.8, 7.558
[21:16:17] 927.1, 122.8, 7.563
[21:16:18] 927.4, 122.8, 7.547
[21:16:19] 927.6, 122.8, 7.550
[21:16:20] 927.8, 122.9, 7.542
[21:16:21] 927.9, 122.8, 7.547
[21:16:22] 928.0, 123.4, 5.562
[21:16:23] 744.9, 123.4, 5.258
[21:16:24] 649.7, 123.4, 5.248
[21:16:25] 649.5, 123.5, 5.256
[21:16:26] 649.4, 123.4, 5.252
