<<<[17:59:59] 647.0, 122.8, 5.252
[18:00:00] 646.7, 122.7, 5.250
[18:00:01] 646.4, 122.7, 5.247
[18:00:02] 646.4, 122.7, 5.421
[18:00:03] 665.2, 122.8, 5.378
[18:00:04] 664.8, 122.7, 5.379
[18:00:05] 664.6, 122.8, 5.398
[18:00:06] 664.1, 122.9, 5.249
[18:00:07] 650.4, 122.8, 5.247
[18:00:08] 649.7, 122.8, 5.246
[18:00:09] 649.2, 122.9, 5.243
[18:00:10] 648.7, 122.9, 5.244
[18:00:11] 648.2, 122.3, 7.229
[18:00:12] 741.2, 122.8, 5.236
[18:00:13] 643.9, 122.9, 5.233
[18:00:14] 643.7, 122.9, 5.232
[18:00:15] 643.7, 122.9, 5.235
[18:00:16] 643.7, 122.4, 7.226
[18:00:17] 739.8, 122.9, 5.235
[18:00:18] 643.7, 122.8, 5.235
[18:00:19] 643.7, 122.8, 5.235
[18:00:20] 643.8, 122.9, 5.234
[18:00:21] 643.8, 122.4, 7.221
[18:00:22] 739.6, 122.9, 5.237
[18:00:23] 643.7, 122.8, 5.238
[18:00:24] 643.6, 122.8, 5.236
[18:00:25] 643.6, 122.9, 5.230
[18:00:26] 643.5, 122.5, 7.209
[18:00:27] 737.6, 122.9, 5.235
[18:00:28] 643.6, 122.9, 5.229
[18:00:29] 643.5, 123.0, 5.227
[18:00:30] 643.4, 123.0, 5.228
[18:00:31] 643.4, 122.5, 7.197
[18:00:32] 735.7, 123.1, 5.225
[18:00:33] 643.2, 123.1, 5.230
[18:00:34] 643.2, 123.1, 5.224
[18:00:35] 643.2, 123.1, 5.223
[18:00:36] 643.2, 122.5, 7.179
[18:00:37] 731.1, 123.0, 5.230
[18:00:38] 643.4, 123.0, 5.228
[18:00:39] 643.3, 122.9, 5.232
[18:00:40] 643.3, 122.8, 5.228
[18:00:41] 643.2, 122.5, 7.167
[18:00:42] 723.9, 123.0, 5.234
[18:00:43] 643.6, 123.0, 5.232
[18:00:44] 643.5, 123.0, 5.231
[18:00:45] 643.4, 122.9, 5.225
[18:00:46] 643.4, 122.5, 7.070
[18:00:47] 755.9, 122.9, 5.231
[18:00:48] 643.4, 123.0, 5.229
[18:00:49] 643.3, 122.9, 5.229
[18:00:50] 643.3, 123.0, 5.225
[18:00:51] 643.3, 122.9, 5.228
[18:00:52] 759.7, 122.9, 5.308
[18:00:53] 705.2, 123.0, 5.226
[18:00:54] 643.2, 123.0, 5.227
[18:00:55] 643.1, 123.0, 5.227
[18:00:56] 643.1, 123.1, 5.225
[18:00:57] 671.1, 122.5, 7.561
[18:00:58] 874.8, 123.0, 5.237
[18:00:59] 643.7, 123.0, 5.229
[18:01:00] 643.6, 122.9, 5.227
[18:01:01] 643.5, 122.9, 5.224
[18:01:02] 643.4, 122.9, 5.229
[18:01:03] 772.9, 122.4, 7.585
[18:01:04] 922.1, 123.0, 5.248
[18:01:05] 661.3, 123.0, 5.236
[18:01:06] 643.9, 123.0, 5.232
[18:01:07] 643.8, 123.0, 5.229
[18:01:08] 643.7, 123.0, 5.223
[18:01:09] 693.9, 122.4, 7.576
[18:01:10] 929.0, 122.5, 7.596
[18:01:11] 929.2, 122.6, 7.326
[18:01:12] 827.6, 123.1, 5.242
[18:01:13] 644.9, 123.1, 5.234
[18:01:14] 644.8, 123.0, 5.231
[18:01:15] 644.6, 123.0, 5.228
[18:01:16] 644.5, 122.5, 7.274
[18:01:17] 823.5, 122.4, 7.589
[18:01:18] 930.9, 122.5, 7.607
[18:01:19] 931.1, 122.5, 7.615
[18:01:20] 931.4, 122.5, 7.621
[18:01:21] 931.7, 122.5, 7.444
[18:01:22] 835.3, 123.0, 5.258
[18:01:23] 646.5, 123.0, 5.247
[18:01:24] 646.3, 123.0, 5.239
[18:01:25] 646.0, 122.9, 5.237
[18:01:26] 645.8, 122.6, 6.637
[18:01:27] 799.3, 122.5, 7.600
[18:01:28] 931.5, 122.5, 7.609
[18:01:29] 931.7, 122.5, 7.622
[18:01:30] 931.9, 122.4, 7.619
[18:01:31] 932.2, 122.4, 7.627
[18:01:32] 932.6, 122.4, 7.632
[18:01:33] 933.0, 122.4, 7.640
[18:01:34] 933.4, 122.5, 7.645
[18:01:35] 933.8, 122.5, 7.648
[18:01:36] 934.2, 122.5, 7.648
[18:01:37] 829.0, 123.1, 5.257
[18:01:38] 646.9, 123.1, 5.248
[18:01:39] 646.7, 123.0, 5.246
[18:01:40] 646.5, 123.1, 5.245
