<<<[23:17:42] 647.5, 123.8, 5.206
[23:17:43] 647.2, 123.9, 5.208
[23:17:44] 647.0, 123.8, 5.334
[23:17:45] 658.7, 123.9, 5.326
[23:17:46] 658.9, 123.9, 5.213
[23:17:47] 647.5, 123.8, 5.210
[23:17:48] 647.2, 123.8, 5.210
[23:17:49] 647.0, 123.9, 5.208
[23:17:50] 646.9, 123.9, 5.208
[23:17:51] 646.9, 123.9, 5.667
[23:17:52] 740.6, 124.0, 5.207
[23:17:53] 645.5, 124.0, 5.202
[23:17:54] 645.4, 123.9, 5.203
[23:17:55] 645.3, 123.9, 5.206
[23:17:56] 645.4, 123.9, 5.712
[23:17:57] 741.4, 124.0, 5.204
[23:17:58] 645.1, 123.9, 5.203
[23:17:59] 645.1, 123.9, 5.202
[23:18:00] 645.0, 124.0, 5.204
[23:18:01] 645.0, 123.9, 5.768
[23:18:02] 741.4, 123.9, 5.206
[23:18:03] 645.3, 123.9, 5.203
[23:18:04] 645.2, 123.9, 5.203
[23:18:05] 645.2, 123.9, 5.203
[23:18:06] 645.2, 123.9, 5.815
[23:18:07] 740.4, 123.8, 5.206
[23:18:08] 645.1, 123.9, 5.202
[23:18:09] 645.0, 123.9, 5.201
[23:18:10] 645.0, 123.8, 5.202
[23:18:11] 645.0, 123.8, 5.872
[23:18:12] 739.8, 123.9, 5.200
[23:18:13] 645.3, 123.9, 5.202
[23:18:14] 645.2, 123.8, 5.201
[23:18:15] 645.2, 123.9, 5.195
[23:18:16] 645.1, 123.9, 5.924
[23:18:17] 738.6, 124.0, 5.200
[23:18:18] 644.9, 124.0, 5.196
[23:18:19] 644.8, 123.9, 5.200
[23:18:20] 644.8, 123.9, 5.198
[23:18:21] 644.8, 123.8, 5.986
[23:18:22] 736.5, 123.9, 5.199
[23:18:23] 644.7, 123.9, 5.196
[23:18:24] 644.6, 123.9, 5.198
[23:18:25] 644.6, 124.0, 5.197
[23:18:26] 644.6, 123.9, 6.050
[23:18:27] 731.9, 123.9, 5.199
[23:18:28] 644.7, 123.9, 5.200
[23:18:29] 644.7, 123.9, 5.200
[23:18:30] 644.6, 123.9, 5.196
[23:18:31] 644.6, 123.7, 6.136
[23:18:32] 724.7, 123.8, 5.202
[23:18:33] 644.9, 123.8, 5.201
[23:18:34] 644.8, 123.9, 5.197
[23:18:35] 644.8, 123.9, 5.197
[23:18:36] 644.7, 123.4, 7.282
[23:18:37] 758.1, 124.0, 5.202
[23:18:38] 645.1, 124.0, 5.194
[23:18:39] 644.9, 124.0, 5.196
[23:18:40] 644.9, 124.0, 5.193
[23:18:41] 644.8, 123.4, 7.114
[23:18:42] 808.1, 124.0, 5.206
[23:18:43] 660.7, 123.9, 5.199
[23:18:44] 644.7, 123.9, 5.194
[23:18:45] 644.6, 123.9, 5.193
[23:18:46] 644.6, 123.9, 5.197
[23:18:47] 716.8, 123.4, 7.418
[23:18:48] 838.4, 123.9, 5.202
[23:18:49] 645.1, 123.9, 5.202
[23:18:50] 645.0, 123.9, 5.199
[23:18:51] 645.0, 123.9, 5.197
[23:18:52] 645.0, 123.4, 6.790
[23:18:53] 814.0, 123.2, 7.744
[23:18:54] 943.3, 123.9, 5.221
[23:18:55] 666.0, 123.8, 5.210
[23:18:56] 645.7, 123.9, 5.201
[23:18:57] 645.6, 123.9, 5.198
[23:18:58] 645.5, 123.9, 5.199
[23:18:59] 702.8, 123.2, 7.735
[23:19:00] 955.3, 123.3, 7.763
[23:19:01] 955.7, 123.4, 7.728
[23:19:02] 901.4, 124.0, 5.221
[23:19:03] 647.5, 123.9, 5.211
[23:19:04] 647.3, 123.8, 5.209
[23:19:05] 647.1, 123.8, 5.204
[23:19:06] 646.9, 123.8, 5.341
[23:19:07] 791.6, 123.3, 7.756
[23:19:08] 957.5, 123.3, 7.774
[23:19:09] 957.7, 123.3, 7.774
[23:19:10] 957.9, 123.3, 7.781
[23:19:11] 958.3, 123.2, 7.792
[23:19:12] 958.3, 123.9, 5.385
[23:19:13] 723.9, 123.9, 5.226
[23:19:14] 647.9, 123.8, 5.217
[23:19:15] 647.7, 123.9, 5.210
[23:19:16] 647.5, 123.9, 5.211
[23:19:17] 661.9, 123.3, 7.752
[23:19:18] 956.7, 123.3, 7.771
[23:19:19] 957.0, 123.3, 7.781
[23:19:20] 957.4, 123.3, 7.788
[23:19:21] 957.9, 123.3, 7.793
[23:19:22] 958.4, 123.3, 7.798
[23:19:23] 958.9, 123.2, 7.803
[23:19:24] 959.4, 123.3, 7.803
[23:19:25] 959.8, 123.3, 7.805
[23:19:26] 960.3, 123.4, 7.799
[23:19:27] 960.7, 123.2, 7.811
[23:19:28] 898.5, 123.9, 5.234
[23:19:29] 649.5, 123.9, 5.225
[23:19:30] 649.3, 123.9, 5.220
[23:19:31] 649.1, 123.9, 5.215
<<<[01:36:26] 648.0, 124.9, 5.155
[01:36:27] 647.5, 124.9, 5.178
[01:36:28] 647.1, 124.9, 5.171
[01:36:29] 646.8, 124.8, 5.343
[01:36:30] 665.8, 124.9, 5.296
[01:36:31] 665.2, 125.0, 5.234
[01:36:32] 654.8, 124.8, 5.177
[01:36:33] 644.5, 124.8, 5.175
[01:36:34] 644.4, 124.9, 5.153
[01:36:35] 644.4, 124.9, 5.174
[01:36:36] 644.4, 124.5, 6.909
[01:36:37] 740.2, 124.9, 5.175
[01:36:38] 644.1, 124.9, 5.151
[01:36:39] 644.0, 125.0, 5.172
[01:36:40] 644.0, 125.0, 5.169
[01:36:41] 643.9, 124.4, 6.886
[01:36:42] 739.6, 124.8, 5.156
[01:36:43] 644.1, 124.9, 5.168
[01:36:44] 644.0, 124.9, 5.167
[01:36:45] 644.0, 124.9, 5.174
[01:36:46] 643.9, 124.5, 6.854
[01:36:47] 739.2, 124.9, 5.173
[01:36:48] 643.9, 124.8, 5.172
[01:36:49] 643.8, 124.9, 5.172
[01:36:50] 643.8, 124.9, 5.148
[01:36:51] 643.8, 124.4, 6.825
[01:36:52] 738.6, 124.8, 5.171
[01:36:53] 643.9, 124.9, 5.171
[01:36:54] 643.8, 124.9, 5.155
[01:36:55] 643.8, 124.8, 5.170
[01:36:56] 643.8, 124.4, 6.791
[01:36:57] 738.2, 124.9, 5.176
[01:36:58] 643.9, 124.9, 5.150
[01:36:59] 643.8, 124.9, 5.167
[01:37:00] 643.8, 124.8, 5.173
[01:37:01] 643.7, 124.5, 6.749
[01:37:02] 737.6, 124.9, 5.152
[01:37:03] 643.9, 124.9, 5.168
[01:37:04] 643.8, 124.9, 5.168
[01:37:05] 643.8, 124.9, 5.168
[01:37:06] 643.7, 124.5, 6.689
[01:37:07] 735.5, 124.8, 5.171
[01:37:08] 643.7, 124.8, 5.169
[01:37:09] 643.6, 124.8, 5.177
[01:37:10] 643.6, 124.9, 5.151
[01:37:11] 643.6, 124.5, 6.594
[01:37:12] 731.3, 124.8, 5.170
[01:37:13] 643.9, 124.8, 5.171
[01:37:14] 643.8, 124.9, 5.154
[01:37:15] 643.8, 124.9, 5.170
[01:37:16] 643.8, 124.5, 5.926
[01:37:17] 725.0, 124.9, 5.169
[01:37:18] 643.6, 124.9, 5.153
[01:37:19] 643.5, 124.9, 5.166
[01:37:20] 643.5, 124.8, 5.168
[01:37:21] 643.5, 124.9, 5.174
[01:37:22] 756.7, 124.9, 5.155
[01:37:23] 646.7, 124.8, 5.169
[01:37:24] 646.2, 124.9, 5.176
[01:37:25] 645.9, 125.0, 5.167
[01:37:26] 645.6, 124.9, 5.150
[01:37:27] 718.5, 124.8, 5.844
[01:37:28] 754.6, 124.9, 5.170
[01:37:29] 643.9, 124.9, 5.170
[01:37:30] 643.8, 124.8, 5.157
[01:37:31] 643.8, 124.8, 5.169
[01:37:32] 643.7, 124.1, 7.765
[01:37:33] 914.2, 124.9, 5.187
[01:37:34] 651.2, 124.9, 5.154
[01:37:35] 644.3, 124.9, 5.177
[01:37:36] 644.1, 124.8, 5.170
[01:37:37] 644.1, 124.8, 5.171
[01:37:38] 710.3, 124.1, 7.792
[01:37:39] 968.3, 124.8, 5.998
[01:37:40] 764.2, 124.8, 5.187
[01:37:41] 644.9, 124.8, 5.177
[01:37:42] 644.8, 124.8, 5.156
[01:37:43] 644.7, 124.9, 5.172
[01:37:44] 644.6, 124.3, 7.758
[01:37:45] 919.3, 124.3, 7.805
[01:37:46] 970.3, 124.3, 7.816
[01:37:47] 960.3, 124.8, 5.267
[01:37:48] 707.3, 124.9, 5.193
[01:37:49] 645.3, 124.8, 5.183
[01:37:50] 645.2, 124.8, 5.157
[01:37:51] 645.1, 124.9, 5.180
[01:37:52] 690.4, 124.1, 7.797
[01:37:53] 969.7, 124.2, 7.809
[01:37:54] 969.9, 124.1, 7.834
[01:37:55] 970.3, 124.1, 7.836
[01:37:56] 970.7, 124.1, 7.845
[01:37:57] 971.3, 124.4, 7.243
[01:37:58] 831.9, 124.8, 5.186
[01:37:59] 647.7, 124.8, 5.197
[01:38:00] 647.5, 124.8, 5.194
[01:38:01] 647.3, 124.9, 5.185
[01:38:02] 647.0, 124.2, 7.714
[01:38:03] 883.7, 124.1, 7.821
[01:38:04] 971.9, 124.2, 7.829
[01:38:05] 972.1, 124.2, 7.838
[01:38:06] 972.4, 124.2, 7.851
[01:38:07] 972.8, 124.2, 7.847
[01:38:08] 973.2, 124.3, 7.861
[01:38:09] 973.7, 124.3, 7.862
[01:38:10] 974.2, 124.2, 7.862
[01:38:11] 974.7, 124.2, 7.859
[01:38:12] 975.0, 124.3, 7.861
[01:38:13] 975.3, 124.9, 5.230
[01:38:14] 669.3, 124.8, 5.189
[01:38:15] 648.5, 124.8, 5.199
[01:38:16] 648.3, 124.8, 5.193
[01:38:17] 648.1, 124.9, 5.197
