<<<[12:15:16] 647.9, 123.4, 5.231
[12:15:17] 647.6, 123.3, 5.225
[12:15:18] 647.3, 123.4, 5.455
[12:15:19] 663.8, 123.3, 5.474
[12:15:20] 669.7, 123.3, 5.491
[12:15:21] 669.8, 123.2, 5.476
[12:15:22] 669.8, 123.3, 5.438
[12:15:23] 669.6, 123.3, 5.425
[12:15:24] 669.3, 123.2, 5.487
[12:15:25] 675.4, 123.3, 5.400
[12:15:26] 670.3, 123.4, 5.372
[12:15:27] 669.9, 123.3, 5.383
[12:15:28] 669.4, 123.3, 5.416
[12:15:29] 669.2, 123.2, 5.476
[12:15:30] 669.5, 123.2, 5.444
[12:15:31] 669.4, 123.3, 5.482
[12:15:32] 669.6, 123.2, 5.449
[12:15:33] 669.5, 123.3, 5.401
[12:15:34] 669.3, 123.3, 5.391
[12:15:35] 668.9, 123.3, 5.368
[12:15:36] 668.9, 123.3, 5.440
[12:15:37] 669.2, 123.3, 5.452
[12:15:38] 669.2, 123.3, 5.412
[12:15:39] 668.9, 123.3, 5.424
[12:15:40] 668.5, 123.3, 5.440
[12:15:41] 668.4, 123.3, 5.472
[12:15:42] 668.7, 123.3, 5.412
[12:15:43] 668.4, 123.2, 5.436
[12:15:44] 668.6, 123.3, 5.430
[12:15:45] 668.7, 123.3, 5.452
[12:15:46] 669.0, 123.3, 5.412
[12:15:47] 668.8, 123.2, 5.430
[12:15:48] 668.7, 123.3, 5.362
[12:15:49] 668.6, 123.3, 5.436
[12:15:50] 668.4, 123.3, 5.404
[12:15:51] 668.2, 123.3, 5.389
[12:15:52] 668.1, 123.3, 5.435
[12:15:53] 667.9, 123.3, 5.448
[12:15:54] 668.2, 123.3, 5.441
[12:15:55] 667.9, 123.3, 5.393
[12:15:56] 667.9, 123.2, 5.381
[12:15:57] 667.8, 123.3, 5.449
[12:15:58] 667.6, 123.3, 5.383
[12:15:59] 667.6, 123.3, 5.420
[12:16:00] 667.5, 123.3, 5.420
[12:16:01] 667.5, 123.2, 5.449
[12:16:02] 667.6, 123.3, 5.450
[12:16:03] 667.5, 123.2, 5.376
[12:16:04] 667.5, 123.2, 5.417
[12:16:05] 667.5, 123.3, 5.406
[12:16:06] 667.7, 123.2, 5.396
[12:16:07] 667.9, 123.2, 5.456
[12:16:08] 667.8, 123.3, 5.473
[12:16:09] 668.3, 123.2, 5.448
[12:16:10] 668.3, 123.3, 5.421
[12:16:11] 668.4, 123.3, 5.407
[12:16:12] 668.4, 123.2, 5.502
[12:16:13] 674.3, 123.3, 5.467
[12:16:14] 674.1, 123.3, 5.473
[12:16:15] 668.4, 123.4, 5.398
[12:16:16] 668.3, 123.3, 5.453
[12:16:17] 668.4, 123.3, 5.431
[12:16:18] 668.1, 123.4, 5.371
[12:16:19] 667.8, 123.3, 5.416
[12:16:20] 667.4, 123.4, 5.386
[12:16:21] 667.3, 123.3, 5.443
[12:16:22] 667.6, 123.3, 5.435
[12:16:23] 667.6, 123.3, 5.366
[12:16:24] 667.5, 123.2, 5.449
[12:16:25] 667.6, 123.3, 5.395
[12:16:26] 667.6, 123.3, 5.396
[12:16:27] 667.4, 123.3, 5.426
[12:16:28] 667.4, 123.3, 5.363
[12:16:29] 667.5, 123.2, 5.411
[12:16:30] 667.4, 123.3, 5.461
[12:16:31] 672.9, 123.2, 5.378
[12:16:32] 666.8, 123.3, 5.421
[12:16:33] 666.5, 123.2, 5.365
[12:16:34] 666.6, 123.2, 5.441
[12:16:35] 666.8, 123.3, 5.448
[12:16:36] 667.0, 123.2, 5.388
[12:16:37] 667.0, 123.2, 5.433
[12:16:38] 667.0, 123.2, 5.434
[12:16:39] 667.2, 123.3, 5.430
[12:16:40] 667.0, 123.2, 5.394
[12:16:41] 667.0, 123.2, 5.387
[12:16:42] 666.8, 123.3, 5.437
[12:16:43] 666.6, 123.2, 5.367
[12:16:44] 666.5, 123.2, 5.415
[12:16:45] 666.3, 123.3, 5.446
[12:16:46] 666.7, 123.2, 5.388
[12:16:47] 666.7, 123.2, 5.431
[12:16:48] 666.4, 123.3, 5.358
[12:16:49] 666.4, 123.3, 5.463
[12:16:50] 666.6, 123.2, 5.398
[12:16:51] 666.6, 123.2, 5.443
[12:16:52] 667.0, 123.3, 5.422
[12:16:53] 667.0, 123.3, 5.371
[12:16:54] 667.3, 123.2, 5.430
[12:16:55] 667.4, 123.2, 5.453
[12:16:56] 667.7, 123.3, 5.391
[12:16:57] 667.7, 123.3, 5.424
[12:16:58] 667.5, 123.2, 5.372
[12:16:59] 667.3, 123.3, 5.455
[12:17:00] 667.2, 123.3, 5.444
[12:17:01] 667.6, 123.3, 5.379
[12:17:02] 667.3, 123.3, 5.434
[12:17:03] 667.1, 123.2, 5.381
[12:17:04] 667.3, 123.3, 5.424
[12:17:05] 667.2, 123.2, 5.395
[12:17:06] 667.4, 123.3, 5.458
[12:17:07] 667.4, 123.3, 5.418
[12:17:08] 667.1, 123.4, 5.361
[12:17:09] 666.9, 123.2, 5.462
[12:17:10] 667.0, 123.4, 5.401
[12:17:11] 667.2, 123.3, 5.393
[12:17:12] 667.4, 123.2, 5.412
[12:17:13] 667.5, 123.3, 5.437
[12:17:14] 667.8, 123.2, 5.424
[12:17:15] 667.4, 123.3, 5.444
[12:17:16] 667.7, 123.3, 5.387
[12:17:17] 667.7, 123.3, 5.422
[12:17:18] 667.3, 123.3, 5.368
[12:17:19] 667.1, 123.2, 5.471
[12:17:20] 667.5, 123.1, 5.389
[12:17:21] 667.3, 123.2, 5.382
[12:17:22] 667.0, 123.1, 5.437
[12:17:23] 666.8, 123.2, 5.425
[12:17:24] 666.9, 123.1, 5.421
[12:17:25] 666.6, 123.3, 5.380
[12:17:26] 666.5, 123.2, 5.389
[12:17:27] 666.4, 123.3, 5.416
[12:17:28] 666.2, 123.2, 5.368
[12:17:29] 666.2, 123.3, 5.417
[12:17:30] 666.3, 123.2, 5.402
[12:17:31] 666.4, 123.3, 5.442
[12:17:32] 666.8, 123.3, 5.445
[12:17:33] 666.9, 123.2, 5.355
[12:17:34] 666.8, 123.3, 5.440
[12:17:35] 666.5, 123.3, 5.370
[12:17:36] 666.6, 123.3, 5.453
[12:17:37] 667.0, 123.2, 5.403
[12:17:38] 666.9, 123.3, 5.437
[12:17:39] 667.0, 123.3, 5.447
[12:17:40] 666.9, 123.2, 5.461
[12:17:41] 667.3, 123.3, 5.475
[12:17:42] 667.8, 123.2, 5.416
[12:17:43] 667.6, 123.3, 5.395
[12:17:44] 667.6, 123.2, 5.461
[12:17:45] 667.8, 123.4, 5.411
[12:17:46] 667.9, 123.2, 5.404
[12:17:47] 667.6, 123.3, 5.441
[12:17:48] 667.4, 123.2, 5.450
[12:17:49] 667.9, 123.3, 5.438
[12:17:50] 667.8, 123.3, 5.397
[12:17:51] 667.5, 123.3, 5.366
[12:17:52] 667.2, 123.4, 5.427
[12:17:53] 667.0, 123.3, 5.356
[12:17:54] 666.9, 123.3, 5.422
[12:17:55] 666.9, 123.3, 5.389
[12:17:56] 666.9, 123.3, 5.405
[12:17:57] 666.9, 123.3, 5.450
[12:17:58] 667.1, 123.3, 5.385
[12:17:59] 667.5, 123.3, 5.454
[12:18:00] 667.7, 123.2, 5.422
[12:18:01] 667.6, 123.4, 5.383
[12:18:02] 667.5, 123.2, 5.480
[12:18:03] 668.1, 123.3, 5.362
[12:18:04] 668.1, 123.2, 5.441
[12:18:05] 668.1, 123.2, 5.398
[12:18:06] 667.9, 123.3, 5.392
[12:18:07] 667.7, 123.2, 5.421
[12:18:08] 667.4, 123.3, 5.356
[12:18:09] 667.2, 123.2, 5.420
[12:18:10] 666.9, 123.3, 5.453
[12:18:11] 667.0, 123.3, 5.372
[12:18:12] 666.8, 123.3, 5.435
[12:18:13] 666.6, 123.3, 5.402
[12:18:14] 666.8, 123.3, 5.421
[12:18:15] 666.6, 123.2, 5.433
[12:18:16] 666.7, 123.2, 5.372
[12:18:17] 666.7, 123.2, 5.476
[12:18:18] 667.3, 123.2, 5.443
[12:18:19] 667.7, 123.2, 5.427
[12:18:20] 667.5, 123.2, 5.487
[12:18:21] 667.9, 123.2, 5.458
[12:18:22] 668.3, 123.2, 5.444
[12:18:23] 667.8, 123.3, 5.369
[12:18:24] 667.8, 123.2, 5.399
[12:18:25] 667.4, 123.3, 5.403
[12:18:26] 667.2, 123.2, 5.370
[12:18:27] 667.0, 123.2, 5.476
[12:18:28] 667.2, 123.2, 5.383
[12:18:29] 667.4, 123.2, 5.409
[12:18:30] 667.4, 123.3, 5.426
[12:18:31] 667.2, 123.2, 5.364
[12:18:32] 667.1, 123.2, 5.428
[12:18:33] 667.0, 123.3, 5.377
[12:18:34] 666.9, 123.2, 5.399
[12:18:35] 666.7, 123.3, 5.410
[12:18:36] 666.6, 123.2, 5.358
[12:18:37] 666.6, 123.3, 5.432
[12:18:38] 666.9, 123.3, 5.399
[12:18:39] 666.7, 123.2, 5.382
[12:18:40] 666.6, 123.3, 5.431
[12:18:41] 666.6, 123.2, 5.444
[12:18:42] 671.9, 123.3, 5.428
[12:18:43] 666.2, 123.3, 5.469
[12:18:44] 666.7, 123.2, 5.415
[12:18:45] 667.0, 123.3, 5.500
[12:18:46] 667.4, 123.3, 5.377
[12:18:47] 667.7, 123.3, 5.419
[12:18:48] 667.5, 123.2, 5.383
[12:18:49] 667.4, 123.2, 5.396
[12:18:50] 667.3, 123.3, 5.448
[12:18:51] 667.7, 123.3, 5.353
[12:18:52] 667.7, 123.3, 5.423
[12:18:53] 667.4, 123.3, 5.386
[12:18:54] 667.3, 123.3, 5.450
[12:18:55] 667.2, 123.3, 5.411
[12:18:56] 667.0, 123.4, 5.353
[12:18:57] 666.9, 123.3, 5.415
[12:18:58] 666.9, 123.3, 5.407
[12:18:59] 667.2, 123.2, 5.396
[12:19:00] 667.4, 123.3, 5.427
[12:19:01] 667.3, 123.3, 5.438
[12:19:02] 667.7, 123.3, 5.416
[12:19:03] 667.3, 123.2, 5.450
[12:19:04] 667.6, 123.3, 5.375
[12:19:05] 667.6, 123.2, 5.459
[12:19:06] 667.5, 123.3, 5.381
[12:19:07] 667.5, 123.2, 5.435
[12:19:08] 667.7, 123.3, 5.485
[12:19:09] 674.3, 123.3, 5.396
[12:19:10] 667.4, 123.2, 5.440
[12:19:11] 667.2, 123.3, 5.360
[12:19:12] 667.1, 123.2, 5.433
[12:19:13] 667.2, 123.3, 5.398
[12:19:14] 667.1, 123.2, 5.394
[12:19:15] 667.0, 123.2, 5.421
[12:19:16] 666.8, 123.2, 5.441
[12:19:17] 667.1, 123.2, 5.424
[12:19:18] 667.1, 123.2, 5.412
[12:19:19] 667.3, 123.1, 5.377
[12:19:20] 667.1, 123.2, 5.434
[12:19:21] 666.8, 123.2, 5.379
[12:19:22] 666.9, 123.2, 5.426
[12:19:23] 666.8, 123.2, 5.396
[12:19:24] 667.2, 123.3, 5.442
[12:19:25] 673.3, 123.2, 5.431
[12:19:26] 667.6, 123.3, 5.373
[12:19:27] 667.7, 123.2, 5.412
[12:19:28] 667.5, 123.2, 5.406
[12:19:29] 667.7, 123.2, 5.386
[12:19:30] 667.9, 123.2, 5.434
[12:19:31] 668.1, 123.2, 5.372
[12:19:32] 668.2, 123.2, 5.469
[12:19:33] 668.5, 123.1, 5.395
[12:19:34] 668.2, 123.2, 5.402
[12:19:35] 668.0, 123.2, 5.431
[12:19:36] 667.7, 123.2, 5.360
[12:19:37] 667.5, 123.2, 5.436
[12:19:38] 667.3, 123.2, 5.413
[12:19:39] 667.1, 123.2, 5.385
[12:19:40] 667.0, 123.2, 5.431
[12:19:41] 666.8, 123.2, 5.438
[12:19:42] 667.1, 123.2, 5.427
[12:19:43] 666.8, 123.2, 5.398
[12:19:44] 666.7, 123.2, 5.363
[12:19:45] 666.6, 123.1, 5.434
[12:19:46] 666.5, 123.3, 5.452
[12:19:47] 666.9, 123.3, 5.400
[12:19:48] 666.7, 123.2, 5.421
[12:19:49] 666.7, 123.2, 5.379
[12:19:50] 666.8, 123.2, 5.438
[12:19:51] 666.9, 123.3, 5.453
[12:19:52] 667.2, 123.3, 5.388
[12:19:53] 667.0, 123.3, 5.422
[12:19:54] 666.8, 123.3, 5.371
[12:19:55] 666.7, 123.2, 5.463
[12:19:56] 666.8, 123.3, 5.439
[12:19:57] 667.1, 123.2, 5.440
[12:19:58] 667.5, 123.3, 5.433
[12:19:59] 667.5, 123.4, 5.429
[12:20:00] 667.8, 123.3, 5.392
[12:20:01] 667.5, 123.2, 5.448
[12:20:02] 667.4, 123.3, 5.435
[12:20:03] 667.3, 123.3, 5.331
[12:20:04] 660.1, 123.2, 5.404
[12:20:05] 666.8, 123.2, 5.418
[12:20:06] 666.6, 123.3, 5.411
[12:20:07] 666.5, 123.2, 5.361
[12:20:08] 666.5, 123.3, 5.428
[12:20:09] 666.6, 123.3, 5.375
[12:20:10] 667.1, 123.2, 5.427
[12:20:11] 666.8, 123.3, 5.374
[12:20:12] 666.9, 123.3, 5.450
[12:20:13] 667.0, 123.3, 5.367
[12:20:14] 667.0, 123.2, 5.477
[12:20:15] 667.4, 123.3, 5.338
[12:20:16] 667.0, 123.3, 5.371
[12:20:17] 666.7, 123.2, 5.377
[12:20:18] 666.8, 123.3, 5.457
[12:20:19] 667.4, 123.2, 5.403
[12:20:20] 667.4, 123.2, 5.426
[12:20:21] 666.9, 123.2, 5.375
[12:20:22] 666.9, 123.2, 5.473
[12:20:23] 672.1, 123.2, 5.407
[12:20:24] 671.5, 123.1, 5.393
[12:20:25] 671.0, 123.3, 5.424
[12:20:26] 670.4, 123.2, 5.384
[12:20:27] 670.0, 123.1, 5.434
[12:20:28] 669.9, 123.2, 5.425
[12:20:29] 669.3, 123.2, 5.373
[12:20:30] 669.0, 123.1, 5.488
[12:20:31] 669.0, 123.2, 5.373
[12:20:32] 668.9, 123.3, 5.426
[12:20:33] 668.5, 123.2, 5.454
[12:20:34] 668.3, 123.2, 5.447
[12:20:35] 668.0, 123.2, 5.378
[12:20:36] 668.1, 123.2, 5.433
[12:20:37] 668.0, 123.3, 5.392
[12:20:38] 668.0, 123.2, 5.430
[12:20:39] 667.7, 123.2, 5.428
[12:20:40] 667.6, 123.3, 5.400
[12:20:41] 667.5, 123.3, 5.461
[12:20:42] 667.6, 123.2, 5.441
[12:20:43] 667.7, 123.2, 5.427
[12:20:44] 667.5, 123.3, 5.376
[12:20:45] 667.5, 123.3, 5.433
[12:20:46] 667.4, 123.2, 5.347
[12:20:47] 666.9, 123.3, 5.342
[12:20:48] 666.5, 123.3, 5.420
[12:20:49] 666.6, 123.2, 5.367
[12:20:50] 666.7, 123.3, 5.363
[12:20:51] 666.2, 123.2, 5.390
[12:20:52] 666.7, 123.1, 5.424
[12:20:53] 666.8, 123.1, 5.387
[12:20:54] 666.7, 123.2, 5.409
[12:20:55] 667.1, 123.1, 5.406
[12:20:56] 667.4, 123.2, 5.344
[12:20:57] 666.9, 123.2, 5.431
[12:20:58] 666.9, 123.2, 5.384
[12:20:59] 667.0, 123.1, 5.456
[12:21:00] 667.4, 123.2, 5.363
[12:21:01] 667.2, 123.1, 5.387
[12:21:02] 667.4, 123.2, 5.421
[12:21:03] 667.5, 123.2, 5.469
[12:21:04] 667.9, 123.2, 5.388
[12:21:05] 668.0, 123.2, 5.436
[12:21:06] 667.8, 123.2, 5.347
[12:21:07] 667.7, 123.2, 5.397
[12:21:08] 667.6, 123.2, 5.430
[12:21:09] 672.9, 123.2, 5.444
[12:21:10] 672.8, 123.1, 5.450
[12:21:11] 672.8, 123.1, 5.445
[12:21:12] 672.7, 123.1, 5.460
[12:21:13] 672.5, 123.2, 5.438
[12:21:14] 672.5, 123.2, 5.468
[12:21:15] 672.5, 123.2, 5.459
[12:21:16] 672.7, 123.2, 5.478
[12:21:17] 673.0, 123.2, 5.479
[12:21:18] 673.2, 123.2, 5.449
[12:21:19] 672.9, 123.2, 5.434
[12:21:20] 672.8, 123.1, 5.456
[12:21:21] 672.9, 123.2, 5.461
[12:21:22] 672.8, 123.3, 5.457
[12:21:23] 672.7, 123.2, 5.448
[12:21:24] 672.5, 123.2, 5.435
[12:21:25] 672.3, 123.2, 5.427
[12:21:26] 672.2, 123.3, 5.451
[12:21:27] 672.2, 123.2, 5.436
[12:21:28] 672.2, 123.2, 5.434
[12:21:29] 672.1, 123.2, 5.434
[12:21:30] 672.0, 123.2, 5.454
[12:21:31] 671.9, 123.2, 5.455
[12:21:32] 672.0, 123.2, 5.433
[12:21:33] 672.0, 123.2, 5.451
[12:21:34] 671.9, 123.2, 5.440
[12:21:35] 671.8, 123.2, 5.454
[12:21:36] 671.3, 123.3, 5.345
[12:21:37] 658.5, 123.2, 5.343
[12:21:38] 658.9, 123.2, 5.342
[12:21:39] 659.2, 123.2, 5.359
[12:21:40] 659.2, 123.1, 5.371
[12:21:41] 659.5, 123.2, 5.359
[12:21:42] 660.0, 123.2, 5.356
[12:21:43] 660.3, 123.1, 5.360
[12:21:44] 660.4, 123.1, 5.370
[12:21:45] 660.3, 123.2, 5.364
[12:21:46] 660.8, 123.2, 5.346
[12:21:47] 660.7, 123.1, 5.369
[12:21:48] 660.6, 123.2, 5.487
[12:21:49] 673.1, 123.2, 5.376
[12:21:50] 664.0, 123.2, 5.343
[12:21:51] 663.5, 123.2, 5.348
[12:21:52] 662.9, 123.2, 5.348
[12:21:53] 662.9, 123.3, 5.334
[12:21:54] 662.5, 123.2, 5.347
[12:21:55] 662.0, 123.3, 5.479
[12:21:56] 662.5, 123.3, 5.360
[12:21:57] 662.3, 123.2, 5.357
[12:21:58] 662.0, 123.2, 5.447
[12:21:59] 662.0, 123.2, 5.365
[12:22:00] 662.0, 123.2, 5.360
[12:22:01] 661.8, 123.2, 5.474
[12:22:02] 670.5, 123.2, 5.449
[12:22:03] 670.7, 123.3, 5.481
[12:22:04] 671.0, 123.3, 5.417
[12:22:05] 670.3, 123.3, 5.359
[12:22:06] 661.5, 123.1, 5.347
[12:22:07] 661.1, 123.2, 5.371
[12:22:08] 661.2, 123.3, 5.338
[12:22:09] 661.0, 123.3, 5.355
[12:22:10] 660.7, 123.2, 5.453
[12:22:11] 661.3, 123.2, 5.339
[12:22:12] 661.0, 123.3, 5.335
[12:22:13] 661.0, 123.3, 5.436
[12:22:14] 661.1, 123.2, 5.342
[12:22:15] 660.9, 123.2, 5.338
[12:22:16] 660.8, 123.2, 5.445
[12:22:17] 668.6, 123.2, 5.379
[12:22:18] 668.1, 123.3, 5.339
[12:22:19] 660.1, 123.2, 5.352
[12:22:20] 659.9, 123.4, 5.359
[12:22:21] 660.1, 123.2, 5.333
[12:22:22] 660.0, 123.3, 5.367
[12:22:23] 659.9, 123.3, 5.436
[12:22:24] 665.2, 123.3, 5.339
[12:22:25] 658.9, 123.3, 5.334
[12:22:26] 659.0, 123.2, 5.405
[12:22:27] 659.3, 123.3, 5.338
[12:22:28] 659.2, 123.2, 5.338
[12:22:29] 659.3, 123.2, 5.418
[12:22:30] 665.8, 123.2, 5.461
[12:22:31] 672.7, 123.1, 5.437
[12:22:32] 672.5, 123.2, 5.432
[12:22:33] 672.4, 123.2, 5.428
[12:22:34] 672.1, 123.2, 5.451
[12:22:35] 666.6, 123.3, 5.336
[12:22:36] 659.3, 123.3, 5.334
[12:22:37] 659.3, 123.2, 5.416
[12:22:38] 659.5, 123.3, 5.343
[12:22:39] 659.4, 123.3, 5.332
[12:22:40] 659.4, 123.2, 5.428
[12:22:41] 665.0, 123.2, 5.354
[12:22:42] 658.7, 123.3, 5.342
[12:22:43] 658.8, 123.3, 5.332
[12:22:44] 659.1, 123.3, 5.354
[12:22:45] 659.0, 123.2, 5.335
[12:22:46] 659.1, 123.3, 5.338
[12:22:47] 659.7, 123.3, 5.445
[12:22:48] 667.0, 123.3, 5.334
[12:22:49] 659.3, 123.3, 5.331
[12:22:50] 659.3, 123.3, 5.422
[12:22:51] 659.5, 123.4, 5.333
[12:22:52] 659.5, 123.3, 5.337
[12:22:53] 659.5, 123.3, 5.424
[12:22:54] 664.8, 123.3, 5.360
[12:22:55] 658.5, 123.3, 5.336
[12:22:56] 658.7, 123.2, 5.333
[12:22:57] 659.0, 123.2, 5.349
[12:22:58] 659.0, 123.3, 5.345
[12:22:59] 659.1, 123.3, 5.332
[12:23:00] 659.7, 123.2, 5.443
[12:23:01] 672.7, 123.3, 5.453
[12:23:02] 667.2, 123.3, 5.340
[12:23:03] 659.1, 123.3, 5.335
[12:23:04] 659.1, 123.2, 5.449
[12:23:05] 659.5, 123.2, 5.333
[12:23:06] 659.5, 123.3, 5.335
[12:23:07] 659.4, 123.3, 5.431
[12:23:08] 664.8, 123.3, 5.348
[12:23:09] 658.5, 123.2, 5.334
[12:23:10] 658.6, 123.3, 5.338
[12:23:11] 658.9, 123.3, 5.337
[12:23:12] 658.8, 123.3, 5.333
[12:23:13] 658.9, 123.3, 5.343
[12:23:14] 664.2, 123.3, 5.452
[12:23:15] 664.4, 123.2, 5.333
[12:23:16] 663.8, 123.3, 5.334
[12:23:17] 658.7, 123.2, 5.404
[12:23:18] 659.0, 123.3, 5.335
[12:23:19] 659.0, 123.3, 5.330
[12:23:20] 658.9, 123.2, 5.437
[12:23:21] 664.4, 123.2, 5.342
[12:23:22] 658.5, 123.2, 5.346
[12:23:23] 658.6, 123.2, 5.351
[12:23:24] 658.9, 123.3, 5.339
[12:23:25] 658.8, 123.3, 5.332
[12:23:26] 658.9, 123.2, 5.381
[12:23:27] 664.6, 123.1, 5.539
[12:23:28] 675.4, 123.1, 5.439
[12:23:29] 674.9, 123.1, 5.442
[12:23:30] 674.5, 123.2, 5.442
[12:23:31] 674.1, 123.2, 5.435
[12:23:32] 673.8, 123.3, 5.449
[12:23:33] 673.4, 123.3, 5.450
[12:23:34] 672.9, 123.2, 5.442
[12:23:35] 672.5, 123.2, 5.435
[12:23:36] 672.2, 123.3, 5.444
[12:23:37] 672.1, 123.2, 5.478
[12:23:38] 672.2, 123.2, 5.340
[12:23:39] 659.5, 123.3, 5.404
[12:23:40] 659.6, 123.3, 5.361
[12:23:41] 659.9, 123.3, 5.355
[12:23:42] 659.9, 123.3, 5.374
[12:23:43] 659.9, 123.3, 5.333
[12:23:44] 660.0, 123.3, 5.336
[12:23:45] 660.3, 123.2, 5.332
[12:23:46] 660.2, 123.2, 5.347
[12:23:47] 660.0, 123.3, 5.338
[12:23:48] 660.2, 123.3, 5.334
[12:23:49] 660.1, 123.2, 5.338
[12:23:50] 659.9, 123.2, 5.425
[12:23:51] 670.7, 123.3, 5.335
[12:23:52] 659.5, 123.2, 5.370
[12:23:53] 659.5, 123.2, 5.332
[12:23:54] 659.7, 123.3, 5.338
[12:23:55] 659.5, 123.2, 5.360
[12:23:56] 659.6, 123.2, 5.332
[12:23:57] 659.8, 123.2, 5.336
[12:23:58] 660.0, 123.3, 5.347
[12:23:59] 660.0, 123.3, 5.339
[12:24:00] 659.8, 123.2, 5.338
[12:24:01] 660.0, 123.2, 5.334
[12:24:02] 660.0, 123.3, 5.342
[12:24:03] 659.8, 123.3, 5.426
[12:24:04] 670.3, 123.2, 5.437
[12:24:05] 670.5, 123.2, 5.331
[12:24:06] 660.3, 123.3, 5.411
[12:24:07] 660.2, 123.2, 5.337
[12:24:08] 660.2, 123.2, 5.332
[12:24:09] 660.1, 123.2, 5.384
[12:24:10] 660.0, 123.3, 5.339
[12:24:11] 660.0, 123.3, 5.336
[12:24:12] 660.3, 123.3, 5.328
[12:24:13] 660.2, 123.3, 5.337
[12:24:14] 660.0, 123.3, 5.338
[12:24:15] 660.1, 123.2, 5.329
[12:24:16] 660.0, 123.3, 5.341
[12:24:17] 659.9, 123.2, 5.438
[12:24:18] 670.9, 123.3, 5.333
[12:24:19] 659.3, 123.2, 5.385
[12:24:20] 659.3, 123.3, 5.333
[12:24:21] 659.5, 123.2, 5.328
[12:24:22] 659.5, 123.2, 5.375
[12:24:23] 659.4, 123.3, 5.331
[12:24:24] 659.7, 123.3, 5.337
[12:24:25] 660.0, 123.2, 5.333
[12:24:26] 659.9, 123.3, 5.341
[12:24:27] 659.7, 123.2, 5.361
[12:24:28] 660.1, 123.2, 5.359
[12:24:29] 660.2, 123.2, 5.361
[12:24:30] 660.1, 123.2, 5.429
[12:24:31] 670.1, 123.3, 5.442
[12:24:32] 670.3, 123.2, 5.435
[12:24:33] 670.5, 123.2, 5.425
[12:24:34] 670.5, 123.2, 5.344
[12:24:35] 660.3, 123.3, 5.367
[12:24:36] 660.1, 123.2, 5.334
[12:24:37] 660.0, 123.2, 5.333
[12:24:38] 660.0, 123.3, 5.383
[12:24:39] 659.9, 123.3, 5.331
[12:24:40] 659.8, 123.2, 5.352
[12:24:41] 660.2, 123.2, 5.333
[12:24:42] 660.1, 123.3, 5.348
[12:24:43] 659.8, 123.3, 5.341
[12:24:44] 660.0, 123.2, 5.330
[12:24:45] 659.9, 123.3, 5.339
[12:24:46] 659.7, 123.3, 5.441
[12:24:47] 669.9, 123.2, 5.355
[12:24:48] 660.9, 123.2, 5.409
[12:24:49] 660.8, 123.2, 5.359
[12:24:50] 660.8, 123.3, 5.337
[12:24:51] 660.6, 123.3, 5.411
[12:24:52] 660.6, 123.3, 5.357
[12:24:53] 660.7, 123.3, 5.363
[12:24:54] 660.9, 123.3, 5.331
[12:24:55] 660.7, 123.3, 5.368
[12:24:56] 660.6, 123.3, 5.364
[12:24:57] 660.8, 123.4, 5.352
[12:24:58] 660.7, 123.3, 5.342
[12:24:59] 660.4, 123.3, 5.454
[12:25:00] 671.1, 123.3, 5.467
[12:25:01] 671.2, 123.2, 5.359
[12:25:02] 661.7, 123.3, 5.354
[12:25:03] 661.3, 123.3, 5.351
[12:25:04] 661.2, 123.3, 5.357
[12:25:05] 661.2, 123.3, 5.408
[12:25:06] 661.0, 123.2, 5.332
[12:25:07] 660.8, 123.3, 5.370
[12:25:08] 661.1, 123.3, 5.354
[12:25:09] 661.0, 123.3, 5.371
[12:25:10] 660.8, 123.3, 5.349
[12:25:11] 660.7, 123.2, 5.351
[12:25:12] 660.7, 123.2, 5.373
[12:25:13] 660.6, 123.3, 5.454
[12:25:14] 669.9, 123.2, 5.336
[12:25:15] 660.7, 123.2, 5.381
[12:25:16] 660.6, 123.3, 5.357
[12:25:17] 660.6, 123.2, 5.357
[12:25:18] 660.6, 123.2, 5.365
[12:25:19] 660.4, 123.3, 5.329
[12:25:20] 660.3, 123.2, 5.405
[12:25:21] 660.7, 123.2, 5.355
[12:25:22] 660.7, 123.3, 5.348
[12:25:23] 660.4, 123.3, 5.394
[12:25:24] 660.7, 123.2, 5.356
[12:25:25] 660.7, 123.3, 5.368
[12:25:26] 660.5, 123.3, 5.457
[12:25:27] 669.1, 123.3, 5.465
[12:25:28] 669.6, 123.3, 5.465
[12:25:29] 670.1, 123.2, 5.460
[12:25:30] 670.3, 123.2, 5.455
[12:25:31] 670.4, 123.3, 5.468
[12:25:32] 670.7, 123.3, 5.461
[12:25:33] 670.8, 123.2, 5.452
[12:25:34] 670.9, 123.2, 5.454
[12:25:35] 670.9, 123.3, 5.422
[12:25:36] 670.7, 123.3, 5.496
[12:25:37] 670.7, 123.3, 5.436
[12:25:38] 670.5, 123.2, 5.437
[12:25:39] 670.1, 123.3, 5.417
[12:25:40] 670.1, 123.3, 5.448
[12:25:41] 670.2, 123.3, 5.413
[12:25:42] 670.0, 123.3, 5.434
[12:25:43] 669.8, 123.2, 5.423
[12:25:44] 669.8, 123.3, 5.436
[12:25:45] 669.7, 123.2, 5.420
[12:25:46] 669.5, 123.3, 5.416
[12:25:47] 669.3, 123.3, 5.407
[12:25:48] 669.2, 123.3, 5.444
[12:25:49] 669.4, 123.3, 5.428
[12:25:50] 669.0, 123.2, 5.334
[12:25:51] 657.5, 123.3, 5.328
[12:25:52] 657.7, 123.2, 5.390
[12:25:53] 658.1, 123.3, 5.328
[12:25:54] 658.1, 123.3, 5.332
[12:25:55] 658.2, 123.3, 5.397
[12:25:56] 664.6, 123.3, 5.326
[12:25:57] 658.3, 123.2, 5.343
[12:25:58] 658.4, 123.3, 5.339
[12:25:59] 658.7, 123.3, 5.330
[12:26:00] 658.7, 123.3, 5.338
[12:26:01] 658.7, 123.2, 5.330
[12:26:02] 659.2, 123.2, 5.456
[12:26:03] 668.2, 123.3, 5.337
[12:26:04] 658.1, 123.2, 5.331
[12:26:05] 658.3, 123.2, 5.390
[12:26:06] 658.6, 123.3, 5.336
[12:26:07] 658.5, 123.3, 5.327
[12:26:08] 658.6, 123.1, 5.396
[12:26:09] 664.4, 123.2, 5.328
[12:26:10] 657.7, 123.3, 5.344
[12:26:11] 657.8, 123.3, 5.331
[12:26:12] 658.2, 123.1, 5.328
[12:26:13] 658.2, 123.2, 5.330
[12:26:14] 658.2, 123.3, 5.325
[12:26:15] 658.5, 123.2, 5.446
[12:26:16] 671.7, 123.2, 5.439
[12:26:17] 671.2, 123.2, 5.344
[12:26:18] 657.3, 123.3, 5.329
[12:26:19] 657.4, 123.3, 5.326
[12:26:20] 657.7, 123.2, 5.337
[12:26:21] 657.7, 123.3, 5.328
[12:26:22] 657.8, 123.3, 5.331
[12:26:23] 658.4, 123.2, 5.323
[12:26:24] 658.3, 123.2, 5.370
[12:26:25] 658.4, 123.2, 5.325
[12:26:26] 658.7, 123.3, 5.326
[12:26:27] 658.5, 123.3, 5.352
[12:26:28] 658.5, 123.2, 5.332
[12:26:29] 658.9, 123.3, 5.450
[12:26:30] 668.6, 123.3, 5.344
[12:26:31] 657.5, 123.3, 5.325
[12:26:32] 657.6, 123.3, 5.330
[12:26:33] 658.0, 123.2, 5.337
[12:26:34] 658.0, 123.3, 5.330
[12:26:35] 658.1, 123.3, 5.346
[12:26:36] 664.2, 123.3, 5.322
[12:26:37] 657.3, 123.3, 5.343
[12:26:38] 657.4, 123.3, 5.323
[12:26:39] 657.7, 123.3, 5.319
[12:26:40] 657.6, 123.4, 5.334
[12:26:41] 657.8, 123.4, 5.318
[12:26:42] 658.2, 123.2, 5.441
[12:26:43] 670.1, 123.3, 5.465
[12:26:44] 670.3, 123.3, 5.469
[12:26:45] 670.6, 123.2, 5.456
[12:26:46] 670.6, 123.3, 5.328
[12:26:47] 657.3, 123.3, 5.353
[12:26:48] 657.6, 123.3, 5.344
[12:26:49] 658.0, 123.3, 5.345
[12:26:50] 658.1, 123.3, 5.332
[12:26:51] 658.1, 123.3, 5.344
[12:26:52] 658.6, 123.3, 5.347
[12:26:53] 658.8, 123.3, 5.406
[12:26:54] 658.9, 123.3, 5.327
[12:26:55] 658.8, 123.2, 5.323
[12:26:56] 658.8, 123.2, 5.377
[12:26:57] 658.7, 123.3, 5.326
[12:26:58] 658.8, 123.2, 5.444
[12:26:59] 669.3, 123.2, 5.321
[12:27:00] 657.1, 123.3, 5.329
[12:27:01] 657.2, 123.3, 5.321
[12:27:02] 657.5, 123.3, 5.324
[12:27:03] 657.4, 123.3, 5.325
[12:27:04] 657.5, 123.3, 5.321
[12:27:05] 658.0, 123.3, 5.319
[12:27:06] 658.1, 123.3, 5.362
[12:27:07] 658.0, 123.2, 5.321
[12:27:08] 658.0, 123.3, 5.321
[12:27:09] 658.1, 123.2, 5.375
[12:27:10] 658.0, 123.3, 5.325
[12:27:11] 658.0, 123.2, 5.437
[12:27:12] 669.5, 123.3, 5.408
[12:27:13] 669.4, 123.2, 5.322
[12:27:14] 658.1, 123.3, 5.383
[12:27:15] 658.0, 123.2, 5.325
[12:27:16] 658.1, 123.3, 5.327
[12:27:17] 658.1, 123.2, 5.379
[12:27:18] 658.1, 123.3, 5.324
[12:27:19] 658.2, 123.2, 5.334
[12:27:20] 658.6, 123.3, 5.324
[12:27:21] 658.5, 123.2, 5.329
[12:27:22] 658.3, 123.3, 5.335
[12:27:23] 658.5, 123.2, 5.324
[12:27:24] 658.4, 123.3, 5.331
[12:27:25] 658.3, 123.1, 5.436
[12:27:26] 670.5, 123.2, 5.331
[12:27:27] 657.1, 123.3, 5.356
[12:27:28] 657.2, 123.2, 5.327
[12:27:29] 657.6, 123.3, 5.319
[12:27:30] 657.5, 123.3, 5.344
[12:27:31] 657.5, 123.2, 5.324
[12:27:32] 657.8, 123.2, 5.330
[12:27:33] 658.1, 123.2, 5.321
[12:27:34] 658.1, 123.2, 5.330
[12:27:35] 657.9, 123.2, 5.327
[12:27:36] 658.2, 123.3, 5.328
[12:27:37] 658.2, 123.3, 5.322
[12:27:38] 658.1, 123.1, 5.420
[12:27:39] 669.5, 123.2, 5.407
[12:27:40] 669.5, 123.1, 5.412
[12:27:41] 669.5, 123.2, 5.432
[12:27:42] 669.3, 123.2, 5.398
[12:27:43] 669.2, 123.2, 5.432
[12:27:44] 669.3, 123.2, 5.409
[12:27:45] 669.2, 123.1, 5.424
[12:27:46] 669.3, 123.2, 5.432
[12:27:47] 669.3, 123.3, 5.324
[12:27:48] 657.3, 123.3, 5.345
[12:27:49] 657.4, 123.2, 5.323
[12:27:50] 657.7, 123.2, 5.323
[12:27:51] 657.6, 123.3, 5.336
[12:27:52] 657.6, 123.3, 5.324
[12:27:53] 658.0, 123.2, 5.327
[12:27:54] 658.3, 123.2, 5.329
[12:27:55] 658.2, 123.3, 5.347
[12:27:56] 658.3, 123.2, 5.350
[12:27:57] 658.7, 123.3, 5.347
[12:27:58] 658.7, 123.3, 5.408
[12:27:59] 658.8, 123.3, 5.432
[12:28:00] 670.3, 123.2, 5.324
[12:28:01] 657.3, 123.2, 5.347
[12:28:02] 657.4, 123.2, 5.326
[12:28:03] 657.7, 123.2, 5.323
[12:28:04] 657.6, 123.3, 5.340
[12:28:05] 657.7, 123.3, 5.323
[12:28:06] 658.2, 123.3, 5.326
[12:28:07] 658.3, 123.2, 5.355
[12:28:08] 658.3, 123.2, 5.322
[12:28:09] 658.2, 123.2, 5.324
[12:28:10] 658.4, 123.2, 5.368
[12:28:11] 658.3, 123.3, 5.351
[12:28:12] 658.5, 123.2, 5.460
[12:28:13] 671.7, 123.3, 5.446
[12:28:14] 671.6, 123.2, 5.324
[12:28:15] 657.1, 123.2, 5.340
[12:28:16] 657.2, 123.3, 5.322
[12:28:17] 657.6, 123.3, 5.318
[12:28:18] 657.5, 123.3, 5.338
[12:28:19] 657.5, 123.2, 5.324
[12:28:20] 658.0, 123.2, 5.324
[12:28:21] 658.2, 123.2, 5.318
[12:28:22] 658.1, 123.3, 5.325
[12:28:23] 658.0, 123.3, 5.323
[12:28:24] 658.2, 123.2, 5.334
[12:28:25] 658.2, 123.2, 5.319
[12:28:26] 658.1, 123.3, 5.438
[12:28:27] 669.3, 123.3, 5.320
[12:28:28] 657.1, 123.2, 5.332
[12:28:29] 657.2, 123.2, 5.321
[12:28:30] 657.6, 123.3, 5.325
[12:28:31] 657.4, 123.2, 5.331
[12:28:32] 657.6, 123.2, 5.323
[12:28:33] 658.1, 123.3, 5.321
[12:28:34] 658.2, 123.2, 5.378
[12:28:35] 658.1, 123.2, 5.322
[12:28:36] 658.2, 123.3, 5.320
[12:28:37] 658.3, 123.2, 5.381
[12:28:38] 658.3, 123.3, 5.322
[12:28:39] 658.3, 123.3, 5.441
[12:28:40] 670.1, 123.3, 5.426
[12:28:41] 670.1, 123.2, 5.433
[12:28:42] 670.2, 123.3, 5.422
[12:28:43] 670.1, 123.3, 5.317
[12:28:44] 658.5, 123.3, 5.383
[12:28:45] 658.4, 123.4, 5.318
[12:28:46] 658.4, 123.3, 5.321
[12:28:47] 658.3, 123.4, 5.391
[12:28:48] 658.4, 123.3, 5.344
[12:28:49] 658.7, 123.2, 5.354
[12:28:50] 659.1, 123.3, 5.324
[12:28:51] 659.0, 123.3, 5.357
[12:28:52] 658.9, 123.2, 5.356
[12:28:53] 659.3, 123.3, 5.346
[12:28:54] 659.3, 123.2, 5.332
[12:28:55] 659.0, 123.4, 5.443
[12:28:56] 670.7, 123.3, 5.349
[12:28:57] 660.7, 123.3, 5.405
[12:28:58] 660.5, 123.3, 5.326
[12:28:59] 660.3, 123.3, 5.343
[12:29:00] 660.2, 123.2, 5.416
[12:29:01] 660.1, 123.3, 5.346
[12:29:02] 660.1, 123.3, 5.332
[12:29:03] 660.3, 123.3, 5.321
[12:29:04] 660.1, 123.3, 5.336
[12:29:05] 659.8, 123.3, 5.325
[12:29:06] 659.9, 123.3, 5.323
[12:29:07] 659.6, 123.3, 5.324
[12:29:08] 659.3, 123.3, 5.417
[12:29:09] 668.9, 123.3, 5.449
[12:29:10] 669.2, 123.3, 5.327
[12:29:11] 659.1, 123.3, 5.358
[12:29:12] 658.9, 123.3, 5.319
[12:29:13] 658.8, 123.2, 5.320
[12:29:14] 658.8, 123.3, 5.376
[12:29:15] 658.7, 123.2, 5.323
[12:29:16] 658.7, 123.2, 5.339
[12:29:17] 659.1, 123.3, 5.323
[12:29:18] 658.9, 123.3, 5.334
[12:29:19] 658.6, 123.2, 5.330
[12:29:20] 658.8, 123.2, 5.319
[12:29:21] 658.8, 123.3, 5.328
[12:29:22] 658.5, 123.3, 5.418
[12:29:23] 668.9, 123.3, 5.321
[12:29:24] 658.9, 123.2, 5.382
[12:29:25] 658.8, 123.4, 5.320
[12:29:26] 658.8, 123.3, 5.323
[12:29:27] 658.7, 123.3, 5.371
[12:29:28] 658.6, 123.3, 5.323
[12:29:29] 658.7, 123.4, 5.336
[12:29:30] 659.0, 123.3, 5.320
[12:29:31] 658.9, 123.3, 5.334
[12:29:32] 658.7, 123.3, 5.332
[12:29:33] 658.8, 123.3, 5.319
[12:29:34] 658.7, 123.3, 5.336
[12:29:35] 658.5, 123.3, 5.418
[12:29:36] 669.3, 123.2, 5.438
[12:29:37] 669.4, 123.2, 5.444
[12:29:38] 669.6, 123.3, 5.441
[12:29:39] 669.7, 123.2, 5.440
[12:29:40] 669.9, 123.2, 5.441
[12:29:41] 670.0, 123.3, 5.425
[12:29:42] 669.9, 123.3, 5.410
[12:29:43] 670.0, 123.3, 5.427
[12:29:44] 670.1, 123.3, 5.427
[12:29:45] 670.0, 123.3, 5.430
[12:29:46] 670.1, 123.3, 5.439
[12:29:47] 670.3, 123.3, 5.444
[12:29:48] 670.3, 123.3, 5.437
[12:29:49] 670.3, 123.2, 5.426
[12:29:50] 670.1, 123.3, 5.434
[12:29:51] 670.2, 123.3, 5.432
[12:29:52] 670.4, 123.2, 5.447
[12:29:53] 670.4, 123.2, 5.431
[12:29:54] 670.3, 123.3, 5.417
[12:29:55] 670.0, 123.3, 5.426
[12:29:56] 669.7, 123.3, 5.432
[12:29:57] 669.7, 123.3, 5.409
[12:29:58] 669.5, 123.3, 5.411
[12:29:59] 669.3, 123.3, 5.407
[12:30:00] 669.2, 123.3, 5.424
[12:30:01] 669.0, 123.3, 5.409
[12:30:02] 668.9, 123.2, 5.434
[12:30:03] 668.8, 123.2, 5.408
[12:30:04] 668.9, 123.3, 5.420
[12:30:05] 669.0, 123.3, 5.423
[12:30:06] 669.1, 123.2, 5.436
[12:30:07] 669.0, 123.3, 5.429
[12:30:08] 669.2, 123.3, 5.424
[12:30:09] 669.2, 123.3, 5.420
[12:30:10] 669.4, 123.2, 5.432
[12:30:11] 669.5, 123.3, 5.424
[12:30:12] 669.4, 123.3, 5.409
[12:30:13] 669.3, 123.3, 5.412
[12:30:14] 669.2, 123.3, 5.419
[12:30:15] 669.3, 123.2, 5.452
[12:30:16] 669.6, 123.3, 5.456
[12:30:17] 669.8, 123.3, 5.459
[12:30:18] 669.9, 123.2, 5.424
[12:30:19] 669.9, 123.3, 5.433
[12:30:20] 669.8, 123.3, 5.444
[12:30:21] 669.8, 123.2, 5.418
[12:30:22] 669.5, 123.3, 5.404
[12:30:23] 669.2, 123.3, 5.404
[12:30:24] 669.0, 123.3, 5.408
[12:30:25] 668.8, 123.3, 5.418
[12:30:26] 668.9, 123.4, 5.432
[12:30:27] 669.2, 123.3, 5.434
[12:30:28] 669.5, 123.3, 5.461
[12:30:29] 670.0, 123.4, 5.330
[12:30:30] 660.9, 123.3, 5.326
[12:30:31] 660.6, 123.3, 5.322
[12:30:32] 660.2, 123.3, 5.384
[12:30:33] 660.3, 123.3, 5.347
[12:30:34] 660.0, 123.2, 5.336
[12:30:35] 659.8, 123.3, 5.324
[12:30:36] 659.8, 123.3, 5.354
[12:30:37] 660.2, 123.3, 5.319
[12:30:38] 659.9, 123.3, 5.322
[12:30:39] 659.6, 123.3, 5.321
[12:30:40] 659.8, 123.3, 5.336
[12:30:41] 659.6, 123.3, 5.343
[12:30:42] 659.5, 123.3, 5.323
[12:30:43] 659.4, 123.3, 5.445
[12:30:44] 672.3, 123.3, 5.325
[12:30:45] 658.9, 123.3, 5.324
[12:30:46] 658.9, 123.3, 5.349
[12:30:47] 658.7, 123.3, 5.382
[12:30:48] 659.0, 123.2, 5.327
[12:30:49] 658.9, 123.3, 5.324
[12:30:50] 658.9, 123.2, 5.323
[12:30:51] 659.4, 123.2, 5.349
[12:30:52] 659.5, 123.3, 5.354
[12:30:53] 659.6, 123.2, 5.377
[12:30:54] 659.5, 123.2, 5.407
[12:30:55] 659.6, 123.3, 5.327
[12:30:56] 659.4, 123.2, 5.328
[12:30:57] 659.4, 123.3, 5.323
[12:30:58] 660.0, 123.3, 5.443
[12:30:59] 672.1, 123.2, 5.444
[12:31:00] 672.0, 123.2, 5.327
[12:31:01] 657.7, 123.3, 5.365
[12:31:02] 657.9, 123.2, 5.331
[12:31:03] 657.8, 123.2, 5.365
[12:31:04] 658.4, 123.3, 5.351
[12:31:05] 658.6, 123.2, 5.349
[12:31:06] 658.7, 123.2, 5.390
[12:31:07] 665.4, 123.3, 5.346
[12:31:08] 658.9, 123.2, 5.364
[12:31:09] 659.0, 123.2, 5.362
[12:31:10] 659.0, 123.3, 5.357
[12:31:11] 659.3, 123.2, 5.328
[12:31:12] 659.3, 123.2, 5.328
[12:31:13] 659.2, 123.3, 5.329
[12:31:14] 665.2, 123.3, 5.447
[12:31:15] 665.5, 123.2, 5.340
[12:31:16] 657.9, 123.2, 5.335
[12:31:17] 658.0, 123.3, 5.326
[12:31:18] 658.4, 123.3, 5.329
[12:31:19] 658.4, 123.3, 5.347
[12:31:20] 658.6, 123.2, 5.368
[12:31:21] 658.7, 123.1, 5.486
[12:31:22] 667.2, 123.3, 5.361
[12:31:23] 657.7, 123.3, 5.361
[12:31:24] 658.0, 123.2, 5.352
[12:31:25] 658.4, 123.2, 5.352
[12:31:26] 658.6, 123.2, 5.327
[12:31:27] 658.5, 123.2, 5.352
[12:31:28] 658.5, 123.2, 5.458
[12:31:29] 669.7, 123.2, 5.475
[12:31:30] 670.2, 123.2, 5.442
[12:31:31] 670.3, 123.2, 5.451
[12:31:32] 670.6, 123.2, 5.469
[12:31:33] 670.9, 123.2, 5.352
[12:31:34] 658.9, 123.2, 5.364
[12:31:35] 658.9, 123.2, 5.352
[12:31:36] 658.9, 123.2, 5.366
[12:31:37] 659.3, 123.2, 5.353
[12:31:38] 659.5, 123.3, 5.327
[12:31:39] 659.3, 123.3, 5.382
[12:31:40] 666.6, 123.3, 5.357
[12:31:41] 660.1, 123.3, 5.353
[12:31:42] 660.0, 123.2, 5.341
[12:31:43] 659.8, 123.2, 5.354
[12:31:44] 660.0, 123.2, 5.332
[12:31:45] 659.9, 123.3, 5.324
[12:31:46] 659.7, 123.3, 5.365
[12:31:47] 665.2, 123.3, 5.432
[12:31:48] 665.4, 123.2, 5.340
[12:31:49] 657.9, 123.2, 5.333
[12:31:50] 658.0, 123.2, 5.328
[12:31:51] 658.4, 123.3, 5.328
[12:31:52] 658.4, 123.3, 5.339
[12:31:53] 658.5, 123.2, 5.338
[12:31:54] 658.4, 123.3, 5.464
[12:31:55] 665.6, 123.2, 5.347
[12:31:56] 658.1, 123.2, 5.333
[12:31:57] 658.2, 123.2, 5.331
[12:31:58] 658.5, 123.2, 5.332
[12:31:59] 658.6, 123.2, 5.329
[12:32:00] 658.7, 123.2, 5.346
[12:32:01] 658.6, 123.2, 5.466
[12:32:02] 670.7, 123.1, 5.476
[12:32:03] 671.0, 123.2, 5.407
[12:32:04] 664.6, 123.2, 5.333
[12:32:05] 658.3, 123.1, 5.338
[12:32:06] 658.4, 123.2, 5.337
[12:32:07] 658.8, 123.1, 5.328
[12:32:08] 658.8, 123.2, 5.362
[12:32:09] 658.8, 123.2, 5.334
[12:32:10] 658.9, 123.1, 5.402
[12:32:11] 665.0, 123.1, 5.331
[12:32:12] 658.5, 123.2, 5.328
[12:32:13] 658.6, 123.2, 5.329
[12:32:14] 658.9, 123.3, 5.329
[12:32:15] 658.8, 123.3, 5.369
[12:32:16] 659.0, 123.3, 5.329
[12:32:17] 658.9, 123.2, 5.448
[12:32:18] 673.3, 123.3, 5.329
[12:32:19] 658.9, 123.2, 5.325
[12:32:20] 658.9, 123.3, 5.342
[12:32:21] 658.8, 123.3, 5.365
[12:32:22] 659.2, 123.3, 5.327
[12:32:23] 659.2, 123.2, 5.330
[12:32:24] 659.2, 123.2, 5.329
[12:32:25] 665.0, 123.3, 5.326
[12:32:26] 659.3, 123.2, 5.348
[12:32:27] 659.4, 123.2, 5.377
[12:32:28] 659.5, 123.2, 5.411
[12:32:29] 660.1, 123.2, 5.354
[12:32:30] 660.1, 123.2, 5.327
[12:32:31] 660.0, 123.3, 5.329
[12:32:32] 660.5, 123.2, 5.442
[12:32:33] 673.7, 123.2, 5.447
[12:32:34] 673.6, 123.1, 5.480
[12:32:35] 673.8, 123.2, 5.449
[12:32:36] 673.6, 123.2, 5.469
[12:32:37] 673.5, 123.2, 5.458
[12:32:38] 673.1, 123.2, 5.407
[12:32:39] 672.7, 123.2, 5.450
[12:32:40] 672.6, 123.2, 5.434
[12:32:41] 672.3, 123.2, 5.331
[12:32:42] 660.7, 123.2, 5.328
[12:32:43] 660.5, 123.3, 5.330
[12:32:44] 660.3, 123.1, 5.434
[12:32:45] 660.5, 123.3, 5.341
[12:32:46] 660.2, 123.3, 5.331
[12:32:47] 660.0, 123.3, 5.328
[12:32:48] 660.2, 123.3, 5.345
[12:32:49] 660.6, 123.2, 5.327
[12:32:50] 660.5, 123.3, 5.328
[12:32:51] 660.2, 123.2, 5.438
[12:32:52] 660.5, 123.2, 5.340
[12:32:53] 660.2, 123.3, 5.332
[12:32:54] 660.1, 123.2, 5.331
[12:32:55] 660.3, 123.2, 5.479
[12:32:56] 671.5, 123.3, 5.330
[12:32:57] 658.3, 123.2, 5.378
[12:32:58] 658.5, 123.2, 5.334
[12:32:59] 658.5, 123.2, 5.335
[12:33:00] 658.9, 123.2, 5.331
[12:33:01] 659.0, 123.2, 5.334
[12:33:02] 658.9, 123.1, 5.443
[12:33:03] 666.0, 123.1, 5.364
[12:33:04] 660.5, 123.1, 5.419
[12:33:05] 660.5, 123.1, 5.366
[12:33:06] 660.5, 123.2, 5.338
[12:33:07] 660.6, 123.2, 5.359
[12:33:08] 660.7, 123.2, 5.360
[12:33:09] 660.6, 123.2, 5.468
[12:33:10] 668.9, 123.2, 5.444
[12:33:11] 669.5, 123.1, 5.463
[12:33:12] 669.4, 123.1, 5.383
[12:33:13] 660.1, 123.2, 5.368
[12:33:14] 660.2, 123.2, 5.335
[12:33:15] 660.3, 123.2, 5.362
[12:33:16] 660.4, 123.2, 5.361
[12:33:17] 660.5, 123.2, 5.371
[12:33:18] 660.3, 123.2, 5.462
[12:33:19] 666.0, 123.2, 5.357
[12:33:20] 658.9, 123.3, 5.342
[12:33:21] 659.0, 123.3, 5.338
[12:33:22] 659.3, 123.2, 5.334
[12:33:23] 659.4, 123.2, 5.331
[12:33:24] 659.4, 123.2, 5.348
[12:33:25] 659.3, 123.2, 5.457
[12:33:26] 670.9, 123.3, 5.344
[12:33:27] 662.8, 123.3, 5.334
[12:33:28] 662.4, 123.3, 5.330
[12:33:29] 662.0, 123.2, 5.413
[12:33:30] 662.0, 123.2, 5.346
[12:33:31] 661.5, 123.2, 5.334
[12:33:32] 661.3, 123.2, 5.332
[12:33:33] 661.4, 123.2, 5.347
[12:33:34] 661.6, 123.3, 5.335
[12:33:35] 661.3, 123.3, 5.332
[12:33:36] 661.0, 123.3, 5.403
[12:33:37] 661.2, 123.3, 5.345
[12:33:38] 660.8, 123.3, 5.336
[12:33:39] 660.7, 123.2, 5.334
[12:33:40] 660.8, 123.2, 5.465
[12:33:41] 673.3, 123.3, 5.449
[12:33:42] 673.4, 123.2, 5.473
[12:33:43] 673.6, 123.2, 5.436
[12:33:44] 673.4, 123.3, 5.338
[12:33:45] 662.6, 123.3, 5.340
[12:33:46] 662.3, 123.3, 5.334
[12:33:47] 661.9, 123.2, 5.377
[12:33:48] 661.9, 123.2, 5.358
[12:33:49] 661.5, 123.2, 5.342
[12:33:50] 661.3, 123.3, 5.333
[12:33:51] 661.3, 123.3, 5.352
[12:33:52] 661.6, 123.2, 5.333
[12:33:53] 661.4, 123.3, 5.331
[12:33:54] 661.1, 123.3, 5.385
[12:33:55] 661.2, 123.3, 5.356
[12:33:56] 660.9, 123.3, 5.343
[12:33:57] 660.8, 123.3, 5.335
[12:33:58] 660.9, 123.2, 5.471
[12:33:59] 672.7, 123.3, 5.331
[12:34:00] 658.7, 123.3, 5.395
[12:34:01] 658.8, 123.2, 5.336
[12:34:02] 658.8, 123.3, 5.339
[12:34:03] 659.2, 123.2, 5.358
[12:34:04] 659.4, 123.3, 5.352
[12:34:05] 659.5, 123.3, 5.435
[12:34:06] 667.2, 123.3, 5.332
[12:34:07] 658.5, 123.2, 5.372
[12:34:08] 658.6, 123.2, 5.335
[12:34:09] 658.6, 123.2, 5.346
[12:34:10] 659.1, 123.3, 5.333
[12:34:11] 659.3, 123.3, 5.355
[12:34:12] 659.3, 123.3, 5.426
[12:34:13] 667.8, 123.3, 5.464
[12:34:14] 675.6, 123.3, 5.441
[12:34:15] 668.6, 123.3, 5.385
[12:34:16] 659.9, 123.2, 5.369
[12:34:17] 660.0, 123.2, 5.359
[12:34:18] 660.3, 123.2, 5.335
[12:34:19] 660.3, 123.3, 5.354
[12:34:20] 660.4, 123.3, 5.376
[12:34:21] 660.3, 123.3, 5.490
[12:34:22] 667.8, 123.3, 5.362
[12:34:23] 658.9, 123.3, 5.342
[12:34:24] 659.0, 123.2, 5.335
[12:34:25] 659.3, 123.2, 5.336
[12:34:26] 659.4, 123.2, 5.335
[12:34:27] 659.5, 123.3, 5.383
[12:34:28] 659.6, 123.3, 5.486
[12:34:29] 671.9, 123.3, 5.372
[12:34:30] 664.4, 123.3, 5.336
[12:34:31] 663.8, 123.3, 5.357
[12:34:32] 663.4, 123.2, 5.411
[12:34:33] 663.4, 123.2, 5.381
[12:34:34] 662.9, 123.3, 5.339
[12:34:35] 662.5, 123.3, 5.358
[12:34:36] 662.5, 123.3, 5.386
[12:34:37] 662.9, 123.3, 5.359
[12:34:38] 662.6, 123.3, 5.330
[12:34:39] 662.2, 123.3, 5.368
[12:34:40] 662.2, 123.3, 5.359
[12:34:41] 661.7, 123.2, 5.340
[12:34:42] 661.5, 123.3, 5.334
[12:34:43] 661.4, 123.2, 5.474
[12:34:44] 674.5, 123.2, 5.503
[12:34:45] 674.5, 123.3, 5.502
[12:34:46] 674.8, 123.3, 5.443
[12:34:47] 674.5, 123.3, 5.463
[12:34:48] 674.5, 123.3, 5.486
[12:34:49] 674.7, 123.3, 5.467
[12:34:50] 674.5, 123.3, 5.433
[12:34:51] 674.0, 123.3, 5.455
[12:34:52] 673.7, 123.3, 5.506
[12:34:53] 674.0, 123.3, 5.430
[12:34:54] 668.6, 123.3, 5.438
[12:34:55] 668.9, 123.3, 5.407
[12:34:56] 668.9, 123.3, 5.397
[12:34:57] 668.9, 123.3, 5.439
[12:34:58] 669.2, 123.3, 5.425
[12:34:59] 669.3, 123.3, 5.437
[12:35:00] 669.5, 123.3, 5.462
[12:35:01] 669.7, 123.3, 5.449
[12:35:02] 669.9, 123.3, 5.338
[12:35:03] 660.3, 123.2, 5.361
[12:35:04] 660.4, 123.2, 5.387
[12:35:05] 660.3, 123.2, 5.436
[12:35:06] 660.7, 123.2, 5.331
[12:35:07] 660.4, 123.3, 5.360
[12:35:08] 660.5, 123.3, 5.358
[12:35:09] 666.4, 123.3, 5.361
[12:35:10] 661.1, 123.3, 5.328
[12:35:11] 660.9, 123.2, 5.352
[12:35:12] 660.6, 123.2, 5.398
[12:35:13] 660.8, 123.3, 5.328
[12:35:14] 660.5, 123.3, 5.326
[12:35:15] 660.4, 123.3, 5.329
[12:35:16] 660.9, 123.4, 5.442
[12:35:17] 669.3, 123.3, 5.358
[12:35:18] 658.5, 123.3, 5.341
[12:35:19] 658.6, 123.3, 5.331
[12:35:20] 658.8, 123.3, 5.331
[12:35:21] 659.0, 123.3, 5.334
[12:35:22] 659.1, 123.3, 5.352
[12:35:23] 659.0, 123.3, 5.456
[12:35:24] 666.2, 123.3, 5.354
[12:35:25] 658.3, 123.2, 5.344
[12:35:26] 658.4, 123.2, 5.330
[12:35:27] 658.6, 123.2, 5.333
[12:35:28] 658.8, 123.2, 5.331
[12:35:29] 658.9, 123.2, 5.353
[12:35:30] 658.8, 123.2, 5.454
[12:35:31] 670.3, 123.2, 5.480
[12:35:32] 670.6, 123.2, 5.439
[12:35:33] 670.0, 123.3, 5.338
[12:35:34] 658.9, 123.3, 5.333
[12:35:35] 659.0, 123.2, 5.328
[12:35:36] 659.4, 123.2, 5.329
[12:35:37] 659.2, 123.2, 5.407
[12:35:38] 659.3, 123.3, 5.333
[12:35:39] 659.2, 123.2, 5.454
[12:35:40] 666.6, 123.3, 5.334
[12:35:41] 658.5, 123.3, 5.331
[12:35:42] 658.6, 123.3, 5.327
[12:35:43] 658.9, 123.3, 5.326
[12:35:44] 658.8, 123.3, 5.400
[12:35:45] 658.9, 123.3, 5.334
[12:35:46] 658.9, 123.3, 5.462
[12:35:47] 673.3, 123.2, 5.335
[12:35:48] 660.7, 123.2, 5.333
[12:35:49] 660.5, 123.2, 5.353
[12:35:50] 660.3, 123.2, 5.450
[12:35:51] 660.4, 123.2, 5.338
[12:35:52] 660.2, 123.3, 5.336
[12:35:53] 660.2, 123.3, 5.331
[12:35:54] 660.7, 123.2, 5.334
[12:35:55] 660.7, 123.2, 5.339
[12:35:56] 660.7, 123.2, 5.334
[12:35:57] 660.4, 123.2, 5.451
[12:35:58] 660.6, 123.2, 5.339
[12:35:59] 660.3, 123.2, 5.336
[12:36:00] 660.3, 123.2, 5.332
[12:36:01] 660.6, 123.2, 5.465
[12:36:02] 673.9, 123.2, 5.451
[12:36:03] 673.8, 123.2, 5.485
[12:36:04] 674.1, 123.2, 5.448
[12:36:05] 673.9, 123.3, 5.334
[12:36:06] 662.1, 123.2, 5.331
[12:36:07] 661.8, 123.3, 5.328
[12:36:08] 661.4, 123.3, 5.424
[12:36:09] 661.4, 123.3, 5.339
[12:36:10] 661.0, 123.2, 5.331
[12:36:11] 660.8, 123.2, 5.327
[12:36:12] 660.9, 123.2, 5.332
[12:36:13] 661.0, 123.2, 5.330
[12:36:14] 660.9, 123.2, 5.329
[12:36:15] 660.5, 123.2, 5.410
[12:36:16] 660.6, 123.2, 5.343
[12:36:17] 660.3, 123.3, 5.335
[12:36:18] 660.2, 123.3, 5.329
[12:36:19] 660.3, 123.2, 5.461
[12:36:20] 672.1, 123.3, 5.327
[12:36:21] 658.1, 123.3, 5.393
[12:36:22] 658.2, 123.3, 5.334
[12:36:23] 658.2, 123.2, 5.335
[12:36:24] 658.6, 123.2, 5.327
[12:36:25] 658.7, 123.2, 5.328
[12:36:26] 658.6, 123.2, 5.428
[12:36:27] 666.2, 123.2, 5.330
[12:36:28] 658.3, 123.2, 5.399
[12:36:29] 658.3, 123.2, 5.326
[12:36:30] 658.2, 123.2, 5.336
[12:36:31] 658.6, 123.2, 5.327
[12:36:32] 658.7, 123.2, 5.325
[12:36:33] 658.6, 123.2, 5.427
[12:36:34] 667.2, 123.2, 5.437
[12:36:35] 673.3, 123.2, 5.442
[12:36:36] 672.7, 123.2, 5.336
[12:36:37] 658.1, 123.2, 5.348
[12:36:38] 658.2, 123.1, 5.335
[12:36:39] 658.4, 123.1, 5.334
[12:36:40] 658.6, 123.2, 5.326
[12:36:41] 658.7, 123.2, 5.357
[12:36:42] 658.6, 123.1, 5.453
[12:36:43] 665.6, 123.2, 5.330
[12:36:44] 658.1, 123.1, 5.351
[12:36:45] 658.2, 123.2, 5.334
[12:36:46] 658.2, 123.2, 5.333
[12:36:47] 658.5, 123.2, 5.329
[12:36:48] 658.6, 123.2, 5.351
[12:36:49] 658.5, 123.1, 5.445
[12:36:50] 669.1, 123.2, 5.346
[12:36:51] 662.8, 123.2, 5.333
[12:36:52] 662.3, 123.2, 5.330
[12:36:53] 661.8, 123.2, 5.364
[12:36:54] 661.8, 123.1, 5.353
[12:36:55] 661.2, 123.2, 5.339
[12:36:56] 661.0, 123.2, 5.328
[12:36:57] 661.0, 123.2, 5.374
[12:36:58] 661.4, 123.2, 5.329
[12:36:59] 661.1, 123.2, 5.353
[12:37:00] 660.9, 123.2, 5.390
[12:37:01] 661.0, 123.2, 5.375
[12:37:02] 660.6, 123.3, 5.334
[12:37:03] 660.4, 123.3, 5.354
[12:37:04] 660.6, 123.2, 5.498
[12:37:05] 673.7, 123.2, 5.478
[12:37:06] 673.7, 123.2, 5.460
[12:37:07] 673.6, 123.2, 5.468
[12:37:08] 673.5, 123.3, 5.455
[12:37:09] 673.5, 123.2, 5.472
[12:37:10] 673.6, 123.2, 5.433
[12:37:11] 673.3, 123.2, 5.451
[12:37:12] 673.1, 123.2, 5.462
[12:37:13] 672.9, 123.3, 5.365
[12:37:14] 662.6, 123.3, 5.328
[12:37:15] 662.1, 123.3, 5.358
[12:37:16] 661.8, 123.2, 5.426
[12:37:17] 661.8, 123.2, 5.370
[12:37:18] 661.4, 123.1, 5.334
[12:37:19] 661.0, 123.2, 5.331
[12:37:20] 661.0, 123.2, 5.345
[12:37:21] 661.2, 123.3, 5.332
[12:37:22] 661.0, 123.2, 5.328
[12:37:23] 660.6, 123.2, 5.389
[12:37:24] 660.7, 123.2, 5.353
[12:37:25] 660.4, 123.2, 5.339
[12:37:26] 660.2, 123.2, 5.329
[12:37:27] 660.3, 123.2, 5.469
[12:37:28] 672.1, 123.3, 5.325
[12:37:29] 657.9, 123.3, 5.371
[12:37:30] 658.0, 123.3, 5.328
[12:37:31] 657.9, 123.3, 5.338
[12:37:32] 658.3, 123.3, 5.327
[12:37:33] 658.4, 123.3, 5.327
[12:37:34] 658.3, 123.3, 5.405
[12:37:35] 665.0, 123.3, 5.326
[12:37:36] 657.7, 123.3, 5.396
[12:37:37] 657.8, 123.2, 5.326
[12:37:38] 657.8, 123.2, 5.334
[12:37:39] 658.2, 123.2, 5.329
[12:37:40] 658.3, 123.2, 5.323
[12:37:41] 658.2, 123.2, 5.403
[12:37:42] 666.0, 123.2, 5.436
[12:37:43] 674.1, 123.2, 5.437
[12:37:44] 666.6, 123.3, 5.344
[12:37:45] 657.7, 123.2, 5.337
[12:37:46] 657.8, 123.2, 5.323
[12:37:47] 658.1, 123.2, 5.321
[12:37:48] 658.2, 123.2, 5.322
[12:37:49] 658.2, 123.2, 5.342
[12:37:50] 658.1, 123.2, 5.460
[12:37:51] 665.2, 123.2, 5.348
[12:37:52] 657.7, 123.2, 5.359
[12:37:53] 657.9, 123.2, 5.347
[12:37:54] 658.4, 123.2, 5.323
[12:37:55] 658.4, 123.3, 5.350
[12:37:56] 658.5, 123.3, 5.362
[12:37:57] 658.6, 123.3, 5.485
[12:37:58] 672.3, 123.3, 5.327
[12:37:59] 660.5, 123.3, 5.347
[12:38:00] 660.4, 123.3, 5.347
[12:38:01] 660.2, 123.3, 5.467
[12:38:02] 660.4, 123.3, 5.325
[12:38:03] 660.0, 123.3, 5.356
[12:38:04] 660.1, 123.3, 5.347
[12:38:05] 660.5, 123.3, 5.353
[12:38:06] 660.7, 123.3, 5.322
[12:38:07] 660.4, 123.3, 5.321
[12:38:08] 660.1, 123.2, 5.437
[12:38:09] 660.2, 123.2, 5.351
[12:38:10] 660.0, 123.3, 5.322
[12:38:11] 659.9, 123.2, 5.346
[12:38:12] 660.3, 123.2, 5.476
[12:38:13] 674.3, 123.3, 5.461
[12:38:14] 674.1, 123.2, 5.474
[12:38:15] 674.1, 123.2, 5.471
[12:38:16] 673.9, 123.2, 5.353
[12:38:17] 661.5, 123.2, 5.350
[12:38:18] 661.3, 123.2, 5.323
[12:38:19] 660.8, 123.3, 5.465
[12:38:20] 660.9, 123.3, 5.353
[12:38:21] 660.7, 123.3, 5.346
[12:38:22] 660.5, 123.3, 5.322
[12:38:23] 660.7, 123.3, 5.323
[12:38:24] 660.7, 123.3, 5.318
[12:38:25] 660.4, 123.2, 5.321
[12:38:26] 660.1, 123.2, 5.439
[12:38:27] 660.2, 123.3, 5.331
[12:38:28] 659.8, 123.2, 5.328
[12:38:29] 659.7, 123.2, 5.319
[12:38:30] 660.0, 123.2, 5.456
[12:38:31] 669.3, 123.3, 5.319
[12:38:32] 657.5, 123.3, 5.357
[12:38:33] 657.6, 123.3, 5.332
[12:38:34] 657.8, 123.2, 5.328
[12:38:35] 658.1, 123.2, 5.330
[12:38:36] 658.2, 123.2, 5.332
[12:38:37] 658.1, 123.2, 5.441
[12:38:38] 665.0, 123.2, 5.329
[12:38:39] 657.5, 123.2, 5.347
[12:38:40] 657.6, 123.2, 5.325
[12:38:41] 657.7, 123.2, 5.328
[12:38:42] 658.0, 123.2, 5.322
[12:38:43] 658.0, 123.2, 5.352
[12:38:44] 658.0, 123.2, 5.434
[12:38:45] 668.4, 123.2, 5.465
[12:38:46] 668.9, 123.2, 5.423
[12:38:47] 668.4, 123.3, 5.323
[12:38:48] 657.7, 123.3, 5.324
[12:38:49] 657.8, 123.3, 5.320
[12:38:50] 658.2, 123.3, 5.320
[12:38:51] 658.0, 123.3, 5.359
[12:38:52] 658.1, 123.3, 5.320
[12:38:53] 658.1, 123.2, 5.386
[12:38:54] 663.6, 123.2, 5.323
[12:38:55] 657.7, 123.2, 5.325
[12:38:56] 657.8, 123.2, 5.318
[12:38:57] 658.1, 123.2, 5.321
[12:38:58] 658.0, 123.2, 5.356
[12:38:59] 658.1, 123.2, 5.324
[12:39:00] 658.2, 123.2, 5.446
[12:39:01] 671.7, 123.2, 5.322
[12:39:02] 658.5, 123.1, 5.327
[12:39:03] 658.4, 123.1, 5.341
[12:39:04] 658.4, 123.2, 5.346
[12:39:05] 658.7, 123.1, 5.331
[12:39:06] 658.8, 123.1, 5.327
[12:39:07] 658.6, 123.2, 5.363
[12:39:08] 664.8, 123.2, 5.324
[12:39:09] 658.1, 123.2, 5.330
[12:39:10] 658.1, 123.2, 5.332
[12:39:11] 658.0, 123.2, 5.362
[12:39:12] 658.4, 123.2, 5.353
[12:39:13] 658.7, 123.2, 5.347
[12:39:14] 658.7, 123.1, 5.439
[12:39:15] 667.4, 123.1, 5.504
[12:39:16] 674.5, 123.1, 5.476
[12:39:17] 674.4, 123.2, 5.457
[12:39:18] 674.3, 123.3, 5.437
[12:39:19] 674.0, 123.2, 5.470
[12:39:20] 674.1, 123.3, 5.459
[12:39:21] 673.8, 123.2, 5.462
[12:39:22] 673.5, 123.2, 5.447
[12:39:23] 673.1, 123.1, 5.488
[12:39:24] 673.2, 123.2, 5.467
[12:39:25] 673.0, 123.2, 5.488
[12:39:26] 673.1, 123.2, 5.440
[12:39:27] 672.8, 123.3, 5.433
[12:39:28] 672.5, 123.2, 5.424
[12:39:29] 672.2, 123.2, 5.424
[12:39:30] 671.7, 123.2, 5.419
[12:39:31] 671.5, 123.1, 5.430
[12:39:32] 671.2, 123.1, 5.417
[12:39:33] 671.1, 123.1, 5.455
[12:39:34] 671.3, 123.1, 5.431
[12:39:35] 670.9, 123.1, 5.392
[12:39:36] 665.2, 123.1, 5.387
[12:39:37] 665.1, 123.1, 5.457
[12:39:38] 670.3, 123.1, 5.430
[12:39:39] 670.1, 123.1, 5.411
[12:39:40] 669.7, 123.2, 5.394
[12:39:41] 669.3, 123.2, 5.396
[12:39:42] 668.7, 123.2, 5.442
[12:39:43] 668.9, 123.2, 5.422
[12:39:44] 668.9, 123.2, 5.419
[12:39:45] 668.9, 123.1, 5.418
[12:39:46] 668.8, 123.2, 5.416
[12:39:47] 668.7, 123.1, 5.427
[12:39:48] 668.8, 123.2, 5.425
[12:39:49] 668.8, 123.3, 5.409
[12:39:50] 668.8, 123.1, 5.408
[12:39:51] 668.7, 123.2, 5.425
[12:39:52] 668.7, 123.2, 5.415
[12:39:53] 668.7, 123.2, 5.444
[12:39:54] 668.8, 123.1, 5.418
[12:39:55] 668.6, 123.1, 5.433
[12:39:56] 668.5, 123.1, 5.430
[12:39:57] 668.4, 123.2, 5.427
[12:39:58] 668.2, 123.2, 5.396
[12:39:59] 667.9, 123.2, 5.406
[12:40:00] 667.7, 123.2, 5.442
[12:40:01] 668.0, 123.2, 5.446
[12:40:02] 668.5, 123.1, 5.446
[12:40:03] 668.9, 123.1, 5.447
[12:40:04] 669.2, 123.2, 5.440
[12:40:05] 669.5, 123.3, 5.210
[12:40:06] 647.5, 123.2, 5.202
[12:40:07] 641.8, 123.2, 5.204
[12:40:08] 641.8, 123.2, 5.206
[12:40:09] 641.8, 123.3, 5.204
[12:40:10] 641.9, 122.6, 7.362
[12:40:11] 876.6, 122.8, 6.791
[12:40:12] 778.8, 123.2, 5.217
[12:40:13] 643.0, 123.2, 5.208
[12:40:14] 642.8, 123.2, 5.199
[12:40:15] 642.7, 123.3, 5.211
[12:40:16] 642.6, 122.7, 7.410
[12:40:17] 844.1, 122.7, 7.568
[12:40:18] 933.7, 122.8, 7.227
[12:40:19] 795.7, 123.2, 5.211
[12:40:20] 642.6, 123.3, 5.209
[12:40:21] 642.6, 123.2, 5.213
[12:40:22] 642.6, 123.2, 5.207
[12:40:23] 642.5, 122.7, 7.301
[12:40:24] 826.6, 122.5, 7.639
[12:40:25] 932.7, 122.5, 7.658
[12:40:26] 932.9, 122.6, 7.671
[12:40:27] 933.1, 122.6, 7.444
[12:40:28] 840.8, 123.1, 5.223
[12:40:29] 643.6, 123.2, 5.217
[12:40:30] 643.5, 123.2, 5.214
[12:40:31] 643.4, 123.1, 5.210
[12:40:32] 643.2, 122.8, 6.318
[12:40:33] 793.3, 122.5, 7.626
[12:40:34] 933.5, 122.6, 7.677
[12:40:35] 933.6, 122.6, 7.710
[12:40:36] 933.8, 122.6, 7.685
[12:40:37] 934.0, 122.5, 7.635
[12:40:38] 934.2, 122.5, 7.615
[12:40:39] 934.5, 122.5, 7.594
[12:40:40] 934.9, 122.5, 7.567
[12:40:41] 905.7, 123.3, 5.231
[12:40:42] 644.9, 123.2, 5.223
[12:40:43] 644.8, 123.3, 5.218
[12:40:44] 644.6, 123.3, 5.214
[12:40:45] 644.4, 123.2, 5.218
[12:40:46] 728.0, 122.7, 7.529
[12:40:47] 935.3, 122.6, 7.548
[12:40:48] 935.4, 122.6, 7.557
[12:40:49] 935.5, 122.7, 7.574
[12:40:50] 935.6, 122.7, 7.597
[12:40:51] 935.7, 122.6, 7.634
[12:40:52] 936.1, 122.6, 7.661
[12:40:53] 936.3, 122.6, 7.688
[12:40:54] 936.5, 122.6, 7.696
[12:40:55] 936.8, 122.6, 7.694
[12:40:56] 937.0, 122.5, 7.674
[12:40:57] 937.2, 122.5, 7.672
[12:40:58] 937.3, 122.6, 7.742
[12:40:59] 937.5, 122.5, 7.730
[12:41:00] 937.7, 122.5, 7.684
[12:41:01] 937.9, 122.5, 7.651
[12:41:02] 937.9, 123.1, 5.420
[12:41:03] 731.1, 123.2, 5.243
[12:41:04] 645.7, 123.2, 5.230
[12:41:05] 645.5, 123.2, 5.230
[12:41:06] 645.3, 123.1, 5.223
