<<<[10:09:40] 648.3, 123.5, 5.269
[10:09:41] 648.2, 123.6, 5.254
[10:09:42] 648.3, 123.5, 5.423
[10:09:43] 669.5, 123.5, 5.406
[10:09:44] 669.4, 123.5, 5.405
[10:09:45] 669.5, 123.5, 5.414
[10:09:46] 669.5, 123.6, 5.397
[10:09:47] 669.5, 123.6, 5.384
[10:09:48] 669.5, 123.6, 5.436
[10:09:49] 669.5, 123.5, 5.433
[10:09:50] 669.6, 123.6, 5.438
[10:09:51] 669.5, 123.5, 5.451
[10:09:52] 669.5, 123.6, 5.448
[10:09:53] 669.5, 123.6, 5.454
[10:09:54] 669.7, 123.5, 5.430
[10:09:55] 669.6, 123.6, 5.435
[10:09:56] 669.6, 123.5, 5.436
[10:09:57] 669.7, 123.5, 5.422
[10:09:58] 669.8, 123.6, 5.403
[10:09:59] 669.7, 123.5, 5.401
[10:10:00] 669.7, 123.6, 5.418
[10:10:01] 669.7, 123.6, 5.428
[10:10:02] 669.7, 123.5, 5.414
[10:10:03] 669.7, 123.6, 5.441
[10:10:04] 669.6, 123.5, 5.457
[10:10:05] 669.7, 123.5, 5.457
[10:10:06] 669.7, 123.5, 5.447
[10:10:07] 669.6, 123.5, 5.436
[10:10:08] 669.6, 123.5, 5.438
[10:10:09] 669.7, 123.5, 5.432
[10:10:10] 669.7, 123.5, 5.402
[10:10:11] 669.7, 123.6, 5.416
[10:10:12] 669.4, 123.5, 5.473
[10:10:13] 669.5, 123.5, 5.443
[10:10:14] 669.6, 123.6, 5.408
[10:10:15] 669.5, 123.5, 5.430
[10:10:16] 669.6, 123.6, 5.395
[10:10:17] 669.3, 123.5, 5.448
[10:10:18] 669.4, 123.6, 5.424
[10:10:19] 669.4, 123.5, 5.428
[10:10:20] 669.5, 123.6, 5.425
[10:10:21] 669.7, 123.5, 5.419
[10:10:22] 669.9, 123.6, 5.392
[10:10:23] 669.6, 123.5, 5.422
[10:10:24] 669.6, 123.6, 5.410
[10:10:25] 669.6, 123.6, 5.413
[10:10:26] 669.6, 123.6, 5.397
[10:10:27] 669.5, 123.5, 5.428
[10:10:28] 669.5, 123.5, 5.453
[10:10:29] 669.6, 123.6, 5.466
[10:10:30] 669.7, 123.5, 5.444
[10:10:31] 669.4, 123.6, 5.457
[10:10:32] 669.5, 123.5, 5.431
[10:10:33] 669.7, 123.6, 5.430
[10:10:34] 669.8, 123.6, 5.447
[10:10:35] 669.7, 123.5, 5.421
[10:10:36] 669.8, 123.5, 5.437
[10:10:37] 669.8, 123.5, 5.440
[10:10:38] 669.8, 123.5, 5.399
[10:10:39] 669.8, 123.4, 5.445
[10:10:40] 669.7, 123.4, 5.446
[10:10:41] 669.8, 123.5, 5.423
[10:10:42] 669.9, 123.3, 5.439
[10:10:43] 669.8, 123.5, 5.433
[10:10:44] 669.8, 123.4, 5.424
[10:10:45] 669.9, 123.5, 5.468
[10:10:46] 669.8, 123.4, 5.411
[10:10:47] 669.9, 123.4, 5.432
[10:10:48] 669.9, 123.5, 5.466
[10:10:49] 669.8, 123.4, 5.431
[10:10:50] 669.9, 123.5, 5.403
[10:10:51] 669.8, 123.5, 5.451
[10:10:52] 669.8, 123.4, 5.422
[10:10:53] 670.0, 123.5, 5.440
[10:10:54] 670.1, 123.5, 5.433
[10:10:55] 670.0, 123.4, 5.423
[10:10:56] 670.0, 123.5, 5.438
[10:10:57] 669.9, 123.4, 5.451
[10:10:58] 669.9, 123.5, 5.398
[10:10:59] 669.9, 123.4, 5.458
[10:11:00] 669.8, 123.5, 5.438
[10:11:01] 669.9, 123.4, 5.423
[10:11:02] 669.9, 123.4, 5.442
[10:11:03] 669.9, 123.5, 5.428
[10:11:04] 669.9, 123.4, 5.413
[10:11:05] 669.9, 123.4, 5.472
[10:11:06] 669.9, 123.5, 5.399
[10:11:07] 669.8, 123.5, 5.424
[10:11:08] 669.8, 123.5, 5.458
[10:11:09] 669.7, 123.5, 5.426
[10:11:10] 669.8, 123.4, 5.415
[10:11:11] 669.7, 123.5, 5.469
[10:11:12] 669.8, 123.4, 5.417
[10:11:13] 669.9, 123.4, 5.449
[10:11:14] 669.8, 123.4, 5.414
[10:11:15] 669.6, 123.5, 5.418
[10:11:16] 669.5, 123.4, 5.444
[10:11:17] 669.5, 123.5, 5.438
[10:11:18] 669.5, 123.4, 5.402
[10:11:19] 669.4, 123.4, 5.454
[10:11:20] 669.2, 123.4, 5.409
[10:11:21] 669.3, 123.4, 5.442
[10:11:22] 669.2, 123.4, 5.485
[10:11:23] 675.8, 123.5, 5.527
[10:11:24] 675.9, 123.5, 5.390
[10:11:25] 665.2, 123.5, 5.438
[10:11:26] 665.2, 123.5, 5.377
[10:11:27] 665.1, 123.5, 5.421
[10:11:28] 665.3, 123.5, 5.385
[10:11:29] 665.3, 123.5, 5.405
[10:11:30] 665.4, 123.5, 5.373
[10:11:31] 665.7, 123.6, 5.405
[10:11:32] 666.0, 123.5, 5.399
[10:11:33] 666.2, 123.5, 5.407
[10:11:34] 666.1, 123.4, 5.416
[10:11:35] 666.2, 123.5, 5.439
[10:11:36] 666.2, 123.5, 5.411
[10:11:37] 666.2, 123.5, 5.400
[10:11:38] 666.3, 123.4, 5.469
[10:11:39] 675.0, 123.5, 5.407
[10:11:40] 666.8, 123.4, 5.397
[10:11:41] 666.8, 123.5, 5.401
[10:11:42] 666.6, 123.5, 5.463
[10:11:43] 666.6, 123.4, 5.395
[10:11:44] 666.3, 123.5, 5.399
[10:11:45] 666.2, 123.4, 5.405
[10:11:46] 666.5, 123.4, 5.387
[10:11:47] 666.7, 123.4, 5.412
[10:11:48] 666.7, 123.5, 5.396
[10:11:49] 666.6, 123.4, 5.406
[10:11:50] 666.8, 123.4, 5.362
[10:11:51] 666.5, 123.4, 5.468
[10:11:52] 666.5, 123.3, 5.402
[10:11:53] 666.4, 123.4, 5.500
[10:11:54] 676.8, 123.4, 5.456
[10:11:55] 676.4, 123.3, 5.460
[10:11:56] 670.5, 123.5, 5.387
[10:11:57] 669.9, 123.5, 5.398
[10:11:58] 669.4, 123.5, 5.370
[10:11:59] 669.1, 123.5, 5.387
[10:12:00] 668.5, 123.4, 5.406
[10:12:01] 668.1, 123.5, 5.399
[10:12:02] 667.6, 123.3, 5.468
[10:12:03] 667.9, 123.4, 5.415
[10:12:04] 667.4, 123.5, 5.400
[10:12:05] 667.2, 123.4, 5.393
[10:12:06] 666.9, 123.5, 5.372
[10:12:07] 666.9, 123.5, 5.378
[10:12:08] 666.7, 123.3, 5.387
[10:12:09] 666.4, 123.4, 5.448
[10:12:10] 666.9, 123.4, 5.469
[10:12:11] 667.3, 123.4, 5.393
[10:12:12] 667.0, 123.4, 5.390
[10:12:13] 666.7, 123.4, 5.378
[10:12:14] 666.7, 123.5, 5.381
[10:12:15] 666.4, 123.5, 5.380
[10:12:16] 666.3, 123.4, 5.414
[10:12:17] 666.0, 123.5, 5.474
[10:12:18] 666.5, 123.4, 5.365
[10:12:19] 666.2, 123.5, 5.432
[10:12:20] 666.1, 123.5, 5.388
[10:12:21] 665.8, 123.4, 5.381
[10:12:22] 666.0, 123.5, 5.380
[10:12:23] 666.0, 123.4, 5.383
[10:12:24] 665.7, 123.5, 5.382
[10:12:25] 666.2, 123.4, 5.498
[10:12:26] 676.4, 123.4, 5.472
[10:12:27] 676.3, 123.4, 5.474
[10:12:28] 676.0, 123.4, 5.463
[10:12:29] 675.6, 123.4, 5.387
[10:12:30] 668.0, 123.5, 5.372
[10:12:31] 667.6, 123.4, 5.386
[10:12:32] 667.1, 123.4, 5.384
[10:12:33] 667.1, 123.5, 5.386
[10:12:34] 666.8, 123.4, 5.417
[10:12:35] 666.5, 123.5, 5.392
[10:12:36] 666.2, 123.5, 5.485
[10:12:37] 666.7, 123.4, 5.390
[10:12:38] 666.4, 123.5, 5.383
[10:12:39] 666.2, 123.4, 5.378
[10:12:40] 666.2, 123.5, 5.394
[10:12:41] 666.0, 123.4, 5.388
[10:12:42] 665.9, 123.4, 5.378
[10:12:43] 665.7, 123.4, 5.479
[10:12:44] 671.9, 123.4, 5.413
[10:12:45] 671.5, 123.5, 5.382
[10:12:46] 664.2, 123.4, 5.377
[10:12:47] 664.2, 123.5, 5.390
[10:12:48] 664.5, 123.4, 5.388
[10:12:49] 664.4, 123.5, 5.434
[10:12:50] 664.4, 123.3, 5.383
[10:12:51] 664.3, 123.3, 5.490
[10:12:52] 670.5, 123.5, 5.416
[10:12:53] 664.4, 123.4, 5.395
[10:12:54] 664.5, 123.5, 5.378
[10:12:55] 664.5, 123.4, 5.400
[10:12:56] 664.8, 123.4, 5.391
[10:12:57] 664.8, 123.4, 5.388
[10:12:58] 664.8, 123.4, 5.460
[10:12:59] 671.1, 123.4, 5.494
[10:13:00] 676.6, 123.3, 5.495
[10:13:01] 671.5, 123.5, 5.388
[10:13:02] 663.8, 123.4, 5.389
[10:13:03] 663.9, 123.3, 5.380
[10:13:04] 664.1, 123.4, 5.397
[10:13:05] 664.3, 123.4, 5.388
[10:13:06] 664.5, 123.5, 5.373
[10:13:07] 664.4, 123.4, 5.486
[10:13:08] 671.5, 123.4, 5.401
[10:13:09] 665.4, 123.4, 5.428
[10:13:10] 665.5, 123.5, 5.381
[10:13:11] 665.2, 123.4, 5.427
[10:13:12] 665.6, 123.4, 5.398
[10:13:13] 665.6, 123.4, 5.403
[10:13:14] 665.7, 123.4, 5.373
[10:13:15] 666.0, 123.5, 5.488
[10:13:16] 674.1, 123.5, 5.407
[10:13:17] 665.4, 123.5, 5.404
[10:13:18] 665.3, 123.5, 5.367
[10:13:19] 665.1, 123.5, 5.391
[10:13:20] 665.3, 123.4, 5.388
[10:13:21] 665.4, 123.4, 5.381
[10:13:22] 665.2, 123.5, 5.397
[10:13:23] 665.8, 123.5, 5.383
[10:13:24] 665.6, 123.5, 5.381
[10:13:25] 665.6, 123.5, 5.406
[10:13:26] 665.4, 123.5, 5.464
[10:13:27] 665.5, 123.5, 5.383
[10:13:28] 665.4, 123.5, 5.388
[10:13:29] 665.4, 123.5, 5.381
[10:13:30] 665.6, 123.5, 5.471
[10:13:31] 675.6, 123.4, 5.470
[10:13:32] 675.6, 123.5, 5.483
[10:13:33] 675.7, 123.4, 5.463
[10:13:34] 675.6, 123.5, 5.470
[10:13:35] 675.5, 123.4, 5.453
[10:13:36] 675.3, 123.5, 5.451
[10:13:37] 675.1, 123.5, 5.452
[10:13:38] 674.8, 123.5, 5.462
[10:13:39] 674.8, 123.5, 5.404
[10:13:40] 668.9, 123.5, 5.386
[10:13:41] 668.3, 123.6, 5.383
[10:13:42] 667.9, 123.5, 5.362
[10:13:43] 667.3, 123.5, 5.395
[10:13:44] 667.3, 123.5, 5.384
[10:13:45] 666.8, 123.5, 5.387
[10:13:46] 666.6, 123.5, 5.368
[10:13:47] 666.3, 123.4, 5.470
[10:13:48] 666.8, 123.5, 5.397
[10:13:49] 666.5, 123.5, 5.434
[10:13:50] 666.3, 123.4, 5.386
[10:13:51] 665.9, 123.4, 5.477
[10:13:52] 666.1, 123.5, 5.398
[10:13:53] 665.9, 123.5, 5.417
[10:13:54] 665.8, 123.4, 5.376
[10:13:55] 665.5, 123.4, 5.484
[10:13:56] 672.9, 123.5, 5.436
[10:13:57] 672.4, 123.4, 5.397
[10:13:58] 664.0, 123.4, 5.393
[10:13:59] 664.1, 123.5, 5.380
[10:14:00] 664.1, 123.4, 5.423
[10:14:01] 664.5, 123.4, 5.389
[10:14:02] 664.5, 123.4, 5.377
[10:14:03] 664.5, 123.5, 5.385
[10:14:04] 664.5, 123.4, 5.490
[10:14:05] 671.1, 123.5, 5.383
[10:14:06] 664.2, 123.4, 5.439
[10:14:07] 664.3, 123.5, 5.405
[10:14:08] 664.3, 123.4, 5.473
[10:14:09] 664.7, 123.5, 5.411
[10:14:10] 664.7, 123.4, 5.415
[10:14:11] 664.7, 123.4, 5.392
[10:14:12] 664.6, 123.4, 5.473
[10:14:13] 673.3, 123.4, 5.479
[10:14:14] 673.4, 123.5, 5.461
[10:14:15] 673.3, 123.5, 5.393
[10:14:16] 664.8, 123.4, 5.389
[10:14:17] 664.9, 123.4, 5.389
[10:14:18] 664.8, 123.5, 5.414
[10:14:19] 665.2, 123.4, 5.392
[10:14:20] 665.1, 123.4, 5.397
[10:14:21] 665.2, 123.4, 5.411
[10:14:22] 665.0, 123.5, 5.440
[10:14:23] 670.7, 123.4, 5.403
[10:14:24] 670.0, 123.4, 5.405
[10:14:25] 669.7, 123.5, 5.396
[10:14:26] 669.2, 123.4, 5.371
[10:14:27] 668.9, 123.4, 5.402
[10:14:28] 668.5, 123.5, 5.395
[10:14:29] 668.3, 123.5, 5.401
[10:14:30] 668.0, 123.4, 5.374
[10:14:31] 668.1, 123.4, 5.496
[10:14:32] 674.3, 123.5, 5.390
[10:14:33] 666.0, 123.5, 5.410
[10:14:34] 666.0, 123.5, 5.396
[10:14:35] 665.8, 123.5, 5.479
[10:14:36] 666.2, 123.5, 5.403
[10:14:37] 666.2, 123.4, 5.465
[10:14:38] 666.2, 123.5, 5.388
[10:14:39] 666.0, 123.5, 5.473
[10:14:40] 671.3, 123.4, 5.384
[10:14:41] 664.8, 123.5, 5.389
[10:14:42] 664.9, 123.5, 5.369
[10:14:43] 664.8, 123.4, 5.385
[10:14:44] 665.1, 123.4, 5.384
[10:14:45] 665.1, 123.5, 5.391
[10:14:46] 665.2, 123.5, 5.373
[10:14:47] 665.1, 123.4, 5.434
[10:14:48] 670.5, 123.4, 5.476
[10:14:49] 676.4, 123.5, 5.471
[10:14:50] 676.3, 123.5, 5.445
[10:14:51] 676.0, 123.4, 5.474
[10:14:52] 675.8, 123.4, 5.472
[10:14:53] 675.4, 123.5, 5.379
[10:14:54] 664.2, 123.5, 5.426
[10:14:55] 664.3, 123.4, 5.404
[10:14:56] 664.4, 123.5, 5.468
[10:14:57] 664.8, 123.5, 5.412
[10:14:58] 664.8, 123.5, 5.427
[10:14:59] 664.8, 123.4, 5.394
[10:15:00] 664.8, 123.4, 5.472
[10:15:01] 670.9, 123.5, 5.382
[10:15:02] 664.8, 123.4, 5.379
[10:15:03] 664.9, 123.4, 5.383
[10:15:04] 664.8, 123.5, 5.407
[10:15:05] 665.2, 123.5, 5.391
[10:15:06] 665.2, 123.5, 5.369
[10:15:07] 665.2, 123.4, 5.402
[10:15:08] 665.1, 123.5, 5.451
[10:15:09] 671.1, 123.4, 5.469
[10:15:10] 671.0, 123.4, 5.401
[10:15:11] 664.8, 123.5, 5.445
[10:15:12] 664.8, 123.5, 5.399
[10:15:13] 664.8, 123.3, 5.476
[10:15:14] 665.1, 123.4, 5.393
[10:15:15] 665.0, 123.4, 5.421
[10:15:16] 665.2, 123.4, 5.395
[10:15:17] 665.1, 123.4, 5.478
[10:15:18] 671.3, 123.4, 5.371
[10:15:19] 664.2, 123.5, 5.390
[10:15:20] 664.4, 123.5, 5.388
[10:15:21] 664.4, 123.4, 5.471
[10:15:22] 665.0, 123.4, 5.388
[10:15:23] 665.2, 123.4, 5.456
[10:15:24] 665.5, 123.4, 5.420
[10:15:25] 665.7, 123.4, 5.497
[10:15:26] 674.1, 123.5, 5.452
[10:15:27] 674.3, 123.3, 5.478
[10:15:28] 674.2, 123.4, 5.391
[10:15:29] 665.2, 123.4, 5.393
[10:15:30] 665.2, 123.5, 5.370
[10:15:31] 665.1, 123.5, 5.452
[10:15:32] 665.4, 123.7, 5.375
[10:15:33] 665.3, 123.6, 5.415
[10:15:34] 665.4, 123.7, 5.396
[10:15:35] 665.2, 123.7, 5.470
[10:15:36] 670.9, 123.6, 5.380
[10:15:37] 664.4, 123.6, 5.360
[10:15:38] 664.4, 123.6, 5.367
[10:15:39] 664.3, 123.6, 5.376
[10:15:40] 664.7, 123.6, 5.391
[10:15:41] 664.7, 123.5, 5.369
[10:15:42] 664.7, 123.5, 5.377
[10:15:43] 664.6, 123.4, 5.434
[10:15:44] 671.5, 123.4, 5.482
[10:15:45] 671.7, 123.4, 5.399
[10:15:46] 665.6, 123.5, 5.422
[10:15:47] 665.5, 123.5, 5.420
[10:15:48] 665.5, 123.5, 5.493
[10:15:49] 665.9, 123.5, 5.430
[10:15:50] 665.9, 123.5, 5.445
[10:15:51] 665.8, 123.4, 5.385
[10:15:52] 665.7, 123.4, 5.484
[10:15:53] 671.3, 123.4, 5.385
[10:15:54] 665.0, 123.5, 5.372
[10:15:55] 665.0, 123.5, 5.388
[10:15:56] 665.0, 123.5, 5.419
[10:15:57] 665.2, 123.4, 5.377
[10:15:58] 665.1, 123.4, 5.381
[10:15:59] 665.2, 123.5, 5.409
[10:16:00] 665.1, 123.4, 5.471
[10:16:01] 671.1, 123.5, 5.467
[10:16:02] 676.4, 123.4, 5.470
[10:16:03] 676.2, 123.5, 5.490
[10:16:04] 676.3, 123.5, 5.477
[10:16:05] 676.1, 123.5, 5.467
[10:16:06] 676.0, 123.5, 5.439
[10:16:07] 675.7, 123.6, 5.456
[10:16:08] 675.5, 123.5, 5.475
[10:16:09] 675.5, 123.4, 5.460
[10:16:10] 675.4, 123.4, 5.470
[10:16:11] 675.3, 123.5, 5.466
[10:16:12] 675.2, 123.5, 5.483
[10:16:13] 675.3, 123.4, 5.468
[10:16:14] 675.0, 123.5, 5.286
[10:16:15] 651.6, 123.5, 5.286
[10:16:16] 651.6, 123.5, 5.260
[10:16:17] 651.1, 123.5, 5.246
[10:16:18] 650.7, 123.5, 5.246
[10:16:19] 677.0, 123.4, 6.428
[10:16:20] 767.4, 123.6, 5.254
[10:16:21] 647.3, 123.6, 5.242
[10:16:22] 647.3, 123.6, 5.241
[10:16:23] 647.3, 123.5, 5.243
[10:16:24] 647.3, 123.1, 7.171
[10:16:25] 825.2, 123.5, 5.341
[10:16:26] 714.2, 123.5, 5.246
[10:16:27] 647.5, 123.5, 5.246
[10:16:28] 647.5, 123.6, 5.258
[10:16:29] 647.5, 123.6, 5.236
[10:16:30] 647.5, 123.0, 7.214
[10:16:31] 888.6, 123.0, 7.290
[10:16:32] 813.8, 123.6, 5.251
[10:16:33] 648.7, 123.6, 5.246
[10:16:34] 648.6, 123.6, 5.246
[10:16:35] 648.4, 123.5, 5.240
[10:16:36] 648.4, 123.2, 6.114
[10:16:37] 772.9, 123.1, 7.204
[10:16:38] 892.9, 123.1, 7.281
[10:16:39] 892.8, 123.0, 7.279
[10:16:40] 818.1, 123.5, 5.265
[10:16:41] 649.3, 123.5, 5.245
[10:16:42] 649.2, 123.5, 5.249
[10:16:43] 649.0, 123.5, 5.245
[10:16:44] 648.9, 123.1, 6.735
[10:16:45] 791.0, 123.0, 7.283
[10:16:46] 892.2, 123.1, 7.237
[10:16:47] 892.4, 122.9, 7.313
[10:16:48] 892.6, 123.1, 7.248
[10:16:49] 893.0, 123.0, 7.311
[10:16:50] 893.3, 123.4, 6.791
[10:16:51] 773.1, 123.5, 5.262
[10:16:52] 650.2, 123.5, 5.262
[10:16:53] 650.1, 123.5, 5.252
[10:16:54] 650.0, 123.6, 5.248
[10:16:55] 649.8, 123.0, 7.168
[10:16:56] 827.2, 123.0, 7.253
[10:16:57] 893.3, 123.1, 7.264
[10:16:58] 893.5, 123.1, 7.233
[10:16:59] 893.7, 123.1, 7.283
[10:17:00] 893.9, 123.0, 7.239
[10:17:01] 894.3, 123.1, 7.298
[10:17:02] 894.6, 123.0, 7.239
[10:17:03] 895.0, 123.1, 7.323
[10:17:04] 895.2, 123.0, 7.255
[10:17:05] 895.6, 123.0, 7.323
[10:17:06] 895.8, 123.1, 7.263
[10:17:07] 896.2, 123.6, 5.272
[10:17:08] 655.8, 123.6, 5.263
[10:17:09] 655.1, 123.6, 5.255
[10:17:10] 654.5, 123.5, 5.253
