<<<[21:59:30] 645.9, 123.4, 5.172
[21:59:31] 639.8, 123.5, 5.200
[21:59:32] 639.9, 123.5, 5.407
[21:59:33] 658.9, 123.5, 5.424
[21:59:34] 664.4, 123.4, 5.409
[21:59:35] 664.5, 123.4, 5.401
[21:59:36] 664.5, 123.4, 5.409
[21:59:37] 664.5, 123.5, 5.397
[21:59:38] 663.9, 123.5, 5.325
[21:59:39] 663.5, 123.5, 5.359
[21:59:40] 663.3, 123.6, 5.335
[21:59:41] 663.5, 123.5, 5.321
[21:59:42] 658.3, 123.4, 5.311
[21:59:43] 658.5, 123.4, 5.311
[21:59:44] 658.4, 123.4, 5.396
[21:59:45] 665.8, 123.4, 5.185
[21:59:46] 642.6, 123.4, 5.181
[21:59:47] 642.3, 123.4, 5.177
[21:59:48] 642.0, 123.4, 5.178
[21:59:49] 641.8, 123.5, 5.178
[21:59:50] 641.7, 123.4, 5.671
[21:59:51] 736.7, 123.4, 5.177
[21:59:52] 640.2, 123.5, 5.176
[21:59:53] 640.1, 123.6, 5.172
[21:59:54] 640.1, 123.5, 5.174
[21:59:55] 640.1, 123.5, 5.682
[21:59:56] 733.1, 123.5, 5.175
[21:59:57] 640.2, 123.6, 5.173
[21:59:58] 640.0, 123.5, 5.173
[21:59:59] 640.0, 123.5, 5.172
[22:00:00] 640.0, 123.4, 5.696
[22:00:01] 731.9, 123.4, 5.174
[22:00:02] 640.0, 123.4, 5.182
[22:00:03] 640.0, 123.5, 5.172
[22:00:04] 640.0, 123.5, 5.174
[22:00:05] 640.0, 123.5, 5.714
[22:00:06] 730.6, 123.5, 5.174
[22:00:07] 640.2, 123.5, 5.176
[22:00:08] 640.2, 123.5, 5.203
[22:00:09] 640.3, 123.5, 5.199
[22:00:10] 640.5, 123.5, 5.725
[22:00:11] 727.0, 123.6, 5.170
[22:00:12] 639.4, 123.6, 5.158
[22:00:13] 639.2, 123.6, 5.157
[22:00:14] 639.0, 123.6, 5.160
[22:00:15] 638.9, 123.1, 7.172
[22:00:16] 768.0, 123.6, 5.156
[22:00:17] 638.2, 123.6, 5.158
[22:00:18] 638.2, 123.6, 5.160
[22:00:19] 638.2, 123.6, 5.166
[22:00:20] 638.4, 123.1, 7.341
[22:00:21] 756.3, 123.7, 5.168
[22:00:22] 639.8, 123.7, 5.168
[22:00:23] 639.7, 123.6, 5.167
[22:00:24] 639.7, 123.6, 5.164
[22:00:25] 639.7, 123.1, 7.491
[22:00:26] 825.0, 123.7, 5.177
[22:00:27] 643.4, 123.6, 5.169
[22:00:28] 642.9, 123.7, 5.165
[22:00:29] 642.5, 123.6, 5.166
[22:00:30] 642.0, 123.6, 5.166
[22:00:31] 718.4, 123.0, 7.959
[22:00:32] 896.1, 123.5, 5.184
[22:00:33] 641.0, 123.6, 5.173
[22:00:34] 640.9, 123.6, 5.170
[22:00:35] 640.7, 123.6, 5.174
[22:00:36] 640.6, 123.2, 5.515
[22:00:37] 809.9, 122.9, 8.086
[22:00:38] 993.5, 123.6, 5.246
[22:00:39] 697.1, 123.5, 5.181
[22:00:40] 641.0, 123.6, 5.177
[22:00:41] 640.9, 123.5, 5.172
[22:00:42] 640.7, 123.6, 5.173
[22:00:43] 640.9, 122.8, 8.074
[22:00:44] 994.1, 122.8, 8.099
[22:00:45] 994.4, 122.8, 8.111
[22:00:46] 994.0, 123.4, 5.266
[22:00:47] 700.8, 123.6, 5.199
[22:00:48] 643.2, 123.5, 5.195
[22:00:49] 643.0, 123.4, 5.190
[22:00:50] 642.9, 123.4, 5.188
[22:00:51] 661.9, 122.8, 8.087
[22:00:52] 994.7, 122.8, 8.104
[22:00:53] 994.9, 122.8, 8.117
[22:00:54] 995.3, 122.8, 8.123
[22:00:55] 995.8, 122.7, 8.119
[22:00:56] 996.2, 122.7, 8.134
[22:00:57] 982.3, 123.5, 5.213
[22:00:58] 653.0, 123.5, 5.199
[22:00:59] 642.6, 123.5, 5.190
[22:01:00] 642.5, 123.5, 5.188
[22:01:01] 642.4, 123.4, 5.186
[22:01:02] 700.8, 122.7, 8.096
[22:01:03] 995.9, 122.8, 8.104
[22:01:04] 996.0, 122.8, 8.121
[22:01:05] 996.4, 122.8, 8.119
[22:01:06] 996.8, 122.8, 8.126
[22:01:07] 997.3, 122.8, 8.134
[22:01:08] 997.7, 122.7, 8.145
[22:01:09] 998.2, 122.7, 8.146
[22:01:10] 998.7, 122.8, 8.144
[22:01:11] 999.1, 122.8, 8.142
[22:01:12] 999.6, 122.8, 8.149
[22:01:13] 1000.0, 122.9, 8.150
[22:01:14] 859.7, 123.6, 5.217
[22:01:15] 645.5, 123.6, 5.202
[22:01:16] 645.3, 123.6, 5.193
[22:01:17] 645.0, 123.6, 5.190
