<<<[22:08:06] 642.8, 123.5, 5.199
[22:08:07] 642.6, 123.6, 5.176
[22:08:08] 642.3, 123.5, 5.341
[22:08:09] 658.1, 123.5, 5.378
[22:08:10] 658.6, 123.5, 5.309
[22:08:11] 659.0, 123.5, 5.382
[22:08:12] 659.5, 123.6, 5.354
[22:08:13] 660.0, 123.4, 5.408
[22:08:14] 660.3, 123.6, 5.321
[22:08:15] 660.5, 123.4, 5.368
[22:08:16] 660.7, 123.4, 5.359
[22:08:17] 660.8, 123.5, 5.324
[22:08:18] 660.9, 123.5, 5.461
[22:08:19] 669.7, 123.5, 5.315
[22:08:20] 661.3, 123.6, 5.387
[22:08:21] 666.6, 123.5, 5.336
[22:08:22] 666.0, 123.6, 5.361
[22:08:23] 665.4, 123.5, 5.352
[22:08:24] 665.0, 123.6, 5.348
[22:08:25] 664.6, 123.5, 5.383
[22:08:26] 664.6, 123.6, 5.363
[22:08:27] 664.4, 123.4, 5.472
[22:08:28] 672.7, 123.6, 5.358
[22:08:29] 663.2, 123.4, 5.480
[22:08:30] 673.5, 123.6, 5.302
[22:08:31] 660.9, 123.5, 5.380
[22:08:32] 661.0, 123.5, 5.315
[22:08:33] 661.1, 123.6, 5.337
[22:08:34] 661.1, 123.5, 5.407
[22:08:35] 661.6, 123.6, 5.311
[22:08:36] 661.6, 123.5, 5.419
[22:08:37] 661.9, 123.6, 5.322
[22:08:38] 661.9, 123.5, 5.399
[22:08:39] 667.8, 123.6, 5.348
[22:08:40] 667.2, 123.5, 5.367
[22:08:41] 666.6, 123.5, 5.414
[22:08:42] 666.4, 123.5, 5.327
[22:08:43] 661.3, 123.6, 5.464
[22:08:44] 672.7, 123.6, 5.341
[22:08:45] 663.4, 123.5, 5.358
[22:08:46] 663.2, 123.5, 5.386
[22:08:47] 663.3, 123.5, 5.307
[22:08:48] 663.0, 123.5, 5.409
[22:08:49] 663.2, 123.5, 5.295
[22:08:50] 663.1, 123.5, 5.361
[22:08:51] 663.0, 123.4, 5.380
[22:08:52] 663.2, 123.5, 5.320
[22:08:53] 663.1, 123.4, 5.476
[22:08:54] 672.5, 123.5, 5.300
[22:08:55] 661.9, 123.4, 5.388
[22:08:56] 662.0, 123.4, 5.363
[22:08:57] 662.3, 123.5, 5.346
[22:08:58] 662.2, 123.4, 5.398
[22:08:59] 662.5, 123.4, 5.316
[22:09:00] 662.4, 123.5, 5.415
[22:09:01] 662.5, 123.5, 5.361
[22:09:02] 662.7, 123.4, 5.376
[22:09:03] 662.7, 123.4, 5.463
[22:09:04] 671.9, 123.4, 5.313
[22:09:05] 663.0, 123.5, 5.402
[22:09:06] 663.0, 123.5, 5.350
[22:09:07] 663.1, 123.5, 5.330
[22:09:08] 662.8, 123.5, 5.376
[22:09:09] 663.0, 123.5, 5.315
[22:09:10] 662.6, 123.4, 5.470
[22:09:11] 668.9, 123.4, 5.349
[22:09:12] 663.4, 123.4, 5.380
[22:09:13] 663.4, 123.4, 5.338
[22:09:14] 663.4, 123.4, 5.467
[22:09:15] 676.8, 123.4, 5.322
[22:09:16] 657.9, 123.4, 5.323
[22:09:17] 658.2, 123.4, 5.421
[22:09:18] 658.7, 123.4, 5.308
[22:09:19] 658.8, 123.4, 5.362
[22:09:20] 658.6, 123.5, 5.442
[22:09:21] 668.6, 123.5, 5.311
[22:09:22] 659.3, 123.5, 5.304
[22:09:23] 659.1, 123.5, 5.357
[22:09:24] 659.5, 123.6, 5.328
[22:09:25] 659.7, 123.6, 5.334
[22:09:26] 660.0, 123.5, 5.477
[22:09:27] 673.9, 123.6, 5.330
[22:09:28] 662.3, 123.5, 5.388
[22:09:29] 662.0, 123.5, 5.330
[22:09:30] 662.2, 123.4, 5.360
[22:09:31] 661.7, 123.5, 5.308
[22:09:32] 661.4, 123.4, 5.466
[22:09:33] 668.4, 123.6, 5.325
[22:09:34] 658.9, 123.6, 5.307
[22:09:35] 658.8, 123.5, 5.380
[22:09:36] 659.2, 123.5, 5.305
[22:09:37] 659.3, 123.5, 5.313
[22:09:38] 659.5, 123.4, 5.455
[22:09:39] 675.2, 123.5, 5.450
[22:09:40] 674.7, 123.4, 5.463
[22:09:41] 666.6, 123.6, 5.309
[22:09:42] 659.5, 123.6, 5.326
[22:09:43] 659.3, 123.6, 5.308
[22:09:44] 659.6, 123.5, 5.422
[22:09:45] 659.7, 123.5, 5.327
[22:09:46] 665.6, 123.6, 5.333
[22:09:47] 665.3, 123.6, 5.427
[22:09:48] 659.5, 123.5, 5.328
[22:09:49] 660.0, 123.5, 5.373
[22:09:50] 659.8, 123.6, 5.312
[22:09:51] 659.7, 123.6, 5.425
[22:09:52] 668.0, 123.5, 5.408
[22:09:53] 668.1, 123.6, 5.313
[22:09:54] 658.5, 123.6, 5.302
[22:09:55] 658.4, 123.5, 5.366
[22:09:56] 658.8, 123.6, 5.303
[22:09:57] 658.8, 123.6, 5.309
[22:09:58] 659.0, 123.5, 5.342
[22:09:59] 664.2, 123.5, 5.315
[22:10:00] 658.7, 123.6, 5.309
[22:10:01] 658.8, 123.5, 5.306
[22:10:02] 658.9, 123.5, 5.331
[22:10:03] 659.0, 123.5, 5.338
[22:10:04] 659.5, 123.4, 5.403
[22:10:05] 671.7, 123.4, 5.462
[22:10:06] 671.8, 123.5, 5.445
[22:10:07] 671.8, 123.5, 5.448
[22:10:08] 671.8, 123.4, 5.422
[22:10:09] 671.6, 123.5, 5.378
[22:10:10] 665.4, 123.6, 5.307
[22:10:11] 657.1, 123.4, 5.406
[22:10:12] 657.3, 123.5, 5.307
[22:10:13] 657.4, 123.6, 5.294
[22:10:14] 657.6, 123.5, 5.311
[22:10:15] 657.5, 123.5, 5.293
[22:10:16] 657.3, 123.5, 5.432
[22:10:17] 666.0, 123.5, 5.294
[22:10:18] 655.4, 123.6, 5.292
[22:10:19] 655.6, 123.5, 5.374
[22:10:20] 656.2, 123.5, 5.329
[22:10:21] 656.3, 123.5, 5.302
[22:10:22] 656.7, 123.5, 5.302
[22:10:23] 663.4, 123.5, 5.439
[22:10:24] 673.3, 123.5, 5.302
[22:10:25] 656.9, 123.6, 5.357
[22:10:26] 657.0, 123.5, 5.310
[22:10:27] 657.5, 123.6, 5.304
[22:10:28] 657.7, 123.5, 5.410
[22:10:29] 657.8, 123.5, 5.300
[22:10:30] 658.0, 123.6, 5.414
[22:10:31] 665.4, 123.6, 5.304
[22:10:32] 659.1, 123.5, 5.302
[22:10:33] 658.8, 123.6, 5.452
[22:10:34] 659.2, 123.6, 5.298
[22:10:35] 659.2, 123.6, 5.297
[22:10:36] 658.8, 123.6, 5.442
[22:10:37] 668.6, 123.5, 5.459
[22:10:38] 674.7, 123.6, 5.420
[22:10:39] 674.5, 123.4, 5.307
[22:10:40] 659.1, 123.5, 5.383
[22:10:41] 659.0, 123.5, 5.303
[22:10:42] 659.0, 123.5, 5.308
[22:10:43] 659.1, 123.5, 5.329
[22:10:44] 659.1, 123.6, 5.307
[22:10:45] 658.9, 123.6, 5.450
[22:10:46] 667.2, 123.5, 5.303
[22:10:47] 658.7, 123.5, 5.298
[22:10:48] 658.5, 123.6, 5.436
[22:10:49] 658.9, 123.5, 5.307
[22:10:50] 658.7, 123.5, 5.311
[22:10:51] 658.8, 123.6, 5.391
[22:10:52] 666.6, 123.5, 5.459
[22:10:53] 667.1, 123.5, 5.340
[22:10:54] 657.3, 123.5, 5.301
[22:10:55] 657.5, 123.6, 5.300
[22:10:56] 658.0, 123.6, 5.326
[22:10:57] 657.9, 123.6, 5.314
[22:10:58] 658.0, 123.5, 5.304
[22:10:59] 658.6, 123.5, 5.307
[22:11:00] 659.1, 123.6, 5.299
[22:11:01] 659.0, 123.6, 5.336
[22:11:02] 658.8, 123.5, 5.372
[22:11:03] 659.1, 123.5, 5.304
[22:11:04] 659.1, 123.6, 5.302
[22:11:05] 658.9, 123.5, 5.434
[22:11:06] 668.6, 123.6, 5.445
[22:11:07] 669.1, 123.5, 5.466
[22:11:08] 675.6, 123.6, 5.465
[22:11:09] 675.3, 123.6, 5.449
[22:11:10] 675.1, 123.5, 5.458
[22:11:11] 674.9, 123.5, 5.403
[22:11:12] 667.4, 123.5, 5.398
[22:11:13] 667.4, 123.6, 5.206
[22:11:14] 645.5, 123.6, 5.175
[22:11:15] 644.9, 123.6, 5.171
[22:11:16] 644.3, 123.6, 5.173
[22:11:17] 643.7, 123.6, 5.173
[22:11:18] 643.3, 123.6, 5.767
[22:11:19] 740.4, 123.5, 5.169
[22:11:20] 639.6, 123.6, 5.176
[22:11:21] 639.6, 123.6, 5.170
[22:11:22] 639.6, 123.5, 5.171
[22:11:23] 639.6, 123.1, 7.194
[22:11:24] 768.0, 123.6, 5.172
[22:11:25] 639.6, 123.5, 5.171
[22:11:26] 639.6, 123.6, 5.173
[22:11:27] 639.6, 123.5, 5.172
[22:11:28] 639.6, 123.0, 7.357
[22:11:29] 822.1, 123.6, 5.179
[22:11:30] 644.3, 123.5, 5.172
[22:11:31] 643.7, 123.6, 5.173
[22:11:32] 643.2, 123.6, 5.175
[22:11:33] 642.8, 123.6, 5.173
[22:11:34] 723.5, 123.0, 7.374
[22:11:35] 860.9, 123.5, 5.181
[22:11:36] 640.6, 123.6, 5.176
[22:11:37] 640.5, 123.6, 5.173
[22:11:38] 640.4, 123.5, 5.175
[22:11:39] 640.4, 123.1, 6.300
[22:11:40] 789.2, 123.0, 7.515
[22:11:41] 925.8, 123.6, 5.238
[22:11:42] 697.5, 123.6, 5.179
[22:11:43] 640.6, 123.5, 5.172
[22:11:44] 640.5, 123.6, 5.175
[22:11:45] 640.5, 123.6, 5.175
[22:11:46] 640.4, 123.0, 7.509
[22:11:47] 922.7, 123.0, 7.517
[22:11:48] 923.2, 123.0, 7.529
[22:11:49] 923.8, 123.5, 5.980
[22:11:50] 753.0, 123.6, 5.196
[22:11:51] 642.4, 123.5, 5.184
[22:11:52] 642.3, 123.5, 5.181
[22:11:53] 642.1, 123.6, 5.178
[22:11:54] 641.9, 123.1, 7.503
[22:11:55] 903.2, 123.0, 7.519
[22:11:56] 926.4, 122.9, 7.532
[22:11:57] 926.5, 123.0, 7.538
[22:11:58] 926.8, 123.0, 7.542
[22:11:59] 927.0, 123.1, 7.545
[22:12:00] 927.3, 123.4, 6.036
[22:12:01] 759.3, 123.6, 5.190
[22:12:02] 642.2, 123.6, 5.187
[22:12:03] 642.1, 123.6, 5.179
[22:12:04] 642.0, 123.6, 5.176
[22:12:05] 641.8, 122.9, 7.480
[22:12:06] 867.0, 123.0, 7.518
[22:12:07] 927.0, 122.9, 7.535
[22:12:08] 927.1, 123.0, 7.544
[22:12:09] 927.4, 123.0, 7.546
[22:12:10] 927.7, 123.0, 7.553
[22:12:11] 928.0, 122.9, 7.559
[22:12:12] 928.3, 122.9, 7.558
[22:12:13] 928.6, 122.9, 7.562
[22:12:14] 928.9, 122.9, 7.565
[22:12:15] 929.2, 122.9, 7.564
[22:12:16] 929.4, 122.9, 7.565
[22:12:17] 929.7, 123.4, 6.546
[22:12:18] 778.6, 123.5, 5.206
[22:12:19] 643.9, 123.5, 5.271
[22:12:20] 650.0, 123.4, 5.230
[22:12:21] 649.5, 123.4, 5.225
