<<<[07:52:54] 648.3, 124.7, 5.172
[07:52:55] 648.0, 124.8, 5.173
[07:52:56] 647.8, 124.7, 5.178
[07:52:57] 647.9, 124.6, 5.379
[07:52:58] 668.9, 124.7, 5.311
[07:52:59] 668.5, 124.7, 5.347
[07:53:00] 668.3, 124.6, 5.342
[07:53:01] 668.1, 124.6, 5.340
[07:53:02] 667.9, 124.6, 5.371
[07:53:03] 667.7, 124.7, 5.312
[07:53:04] 667.6, 124.7, 5.360
[07:53:05] 667.5, 124.6, 5.339
[07:53:06] 667.5, 124.6, 5.331
[07:53:07] 667.3, 124.6, 5.358
[07:53:08] 667.2, 124.7, 5.321
[07:53:09] 667.2, 124.7, 5.372
[07:53:10] 667.3, 124.7, 5.315
[07:53:11] 667.3, 124.6, 5.344
[07:53:12] 667.3, 124.7, 5.357
[07:53:13] 667.4, 124.7, 5.325
[07:53:14] 667.5, 124.7, 5.348
[07:53:15] 667.4, 124.7, 5.359
[07:53:16] 667.6, 124.7, 5.312
[07:53:17] 667.5, 124.7, 5.344
[07:53:18] 667.3, 124.7, 5.319
[07:53:19] 667.6, 124.7, 5.328
[07:53:20] 667.7, 124.6, 5.329
[07:53:21] 667.4, 124.7, 5.355
[07:53:22] 667.9, 124.6, 5.315
[07:53:23] 667.6, 124.6, 5.434
[07:53:24] 667.5, 124.7, 5.320
[07:53:25] 667.2, 124.7, 5.441
[07:53:26] 678.4, 124.6, 5.313
[07:53:27] 665.0, 124.6, 5.441
[07:53:28] 665.3, 124.8, 5.325
[07:53:29] 665.2, 124.7, 5.372
[07:53:30] 671.3, 124.7, 5.313
[07:53:31] 670.6, 124.7, 5.334
[07:53:32] 670.2, 124.7, 5.309
[07:53:33] 670.2, 124.6, 5.452
[07:53:34] 680.0, 124.7, 5.363
[07:53:35] 670.1, 124.7, 5.316
[07:53:36] 665.0, 124.7, 5.330
[07:53:37] 665.1, 124.8, 5.307
[07:53:38] 665.1, 124.7, 5.367
[07:53:39] 670.9, 124.7, 5.326
[07:53:40] 664.6, 124.7, 5.317
[07:53:41] 664.8, 124.6, 5.315
[07:53:42] 664.8, 124.7, 5.430
[07:53:43] 678.0, 124.7, 5.310
[07:53:44] 664.6, 124.6, 5.310
[07:53:45] 664.8, 124.7, 5.308
[07:53:46] 664.9, 124.6, 5.412
[07:53:47] 671.1, 124.6, 5.316
[07:53:48] 664.8, 124.7, 5.314
[07:53:49] 665.0, 124.6, 5.328
[07:53:50] 665.0, 124.7, 5.418
[07:53:51] 673.5, 124.7, 5.428
[07:53:52] 678.8, 124.6, 5.403
[07:53:53] 678.3, 124.7, 5.397
[07:53:54] 677.8, 124.8, 5.329
[07:53:55] 667.8, 124.6, 5.336
[07:53:56] 667.7, 124.8, 5.328
[07:53:57] 667.5, 124.7, 5.207
[07:53:58] 649.9, 124.7, 5.173
[07:53:59] 649.5, 124.7, 5.175
[07:54:00] 649.2, 124.8, 5.175
[07:54:01] 648.9, 124.7, 5.169
[07:54:02] 648.6, 124.6, 5.807
[07:54:03] 744.1, 124.7, 5.175
[07:54:04] 645.5, 124.7, 5.170
[07:54:05] 645.4, 124.8, 5.167
[07:54:06] 645.4, 124.6, 5.169
[07:54:07] 645.3, 124.6, 5.848
[07:54:08] 737.1, 124.7, 5.171
[07:54:09] 645.9, 124.6, 5.167
[07:54:10] 645.8, 124.7, 5.170
[07:54:11] 645.7, 124.8, 5.172
[07:54:12] 645.7, 124.2, 7.167
[07:54:13] 777.8, 124.7, 5.174
[07:54:14] 645.5, 124.8, 5.169
[07:54:15] 645.5, 124.6, 5.171
[07:54:16] 645.5, 124.8, 5.170
[07:54:17] 645.5, 124.1, 7.627
[07:54:18] 809.3, 124.6, 5.177
[07:54:19] 646.1, 124.7, 5.178
[07:54:20] 646.1, 124.7, 5.175
[07:54:21] 646.0, 124.7, 5.172
[07:54:22] 646.0, 124.4, 6.122
[07:54:23] 814.8, 124.7, 5.236
[07:54:24] 702.8, 124.8, 5.173
[07:54:25] 645.7, 124.8, 5.172
[07:54:26] 645.7, 124.7, 5.165
[07:54:27] 645.6, 124.7, 5.174
[07:54:28] 655.4, 124.0, 7.954
[07:54:29] 980.0, 124.8, 5.243
[07:54:30] 705.2, 124.7, 5.178
[07:54:31] 645.7, 124.8, 5.170
[07:54:32] 645.7, 124.7, 5.170
[07:54:33] 645.7, 124.8, 5.171
[07:54:34] 674.3, 124.0, 7.952
[07:54:35] 988.6, 124.1, 7.974
[07:54:36] 969.5, 124.7, 5.187
[07:54:37] 658.3, 124.7, 5.177
[07:54:38] 646.5, 124.8, 5.183
[07:54:39] 646.4, 124.7, 5.169
[07:54:40] 646.3, 124.7, 5.175
[07:54:41] 712.6, 124.0, 7.964
[07:54:42] 988.8, 124.1, 7.970
[07:54:43] 989.0, 124.0, 7.986
[07:54:44] 989.3, 124.0, 7.986
[07:54:45] 914.0, 124.7, 5.190
[07:54:46] 648.5, 124.8, 5.195
[07:54:47] 648.3, 124.7, 5.178
[07:54:48] 648.1, 124.8, 5.180
[07:54:49] 647.9, 124.7, 5.180
[07:54:50] 793.5, 124.1, 7.964
[07:54:51] 989.8, 124.0, 7.983
[07:54:52] 989.9, 124.0, 7.989
[07:54:53] 990.2, 124.0, 7.997
[07:54:54] 990.6, 123.9, 8.012
[07:54:55] 991.0, 124.0, 8.005
[07:54:56] 991.4, 123.9, 8.012
[07:54:57] 991.8, 124.6, 6.339
[07:54:58] 773.1, 124.7, 5.195
[07:54:59] 648.9, 124.6, 5.204
[07:55:00] 648.8, 124.7, 5.183
[07:55:01] 648.6, 124.6, 5.184
[07:55:02] 648.4, 124.0, 8.008
[07:55:03] 960.7, 123.9, 8.026
[07:55:04] 996.5, 123.9, 8.036
[07:55:05] 996.5, 123.9, 8.051
[07:55:06] 996.8, 123.9, 8.043
[07:55:07] 997.0, 123.9, 8.054
[07:55:08] 997.3, 124.0, 8.049
[07:55:09] 997.6, 124.0, 8.059
[07:55:10] 998.0, 124.1, 8.052
[07:55:11] 998.3, 124.1, 8.054
[07:55:12] 998.7, 124.0, 8.064
[07:55:13] 999.0, 124.1, 8.061
[07:55:14] 999.3, 124.0, 8.065
[07:55:15] 999.6, 124.1, 8.064
[07:55:16] 999.8, 124.0, 8.062
[07:55:17] 1000.1, 124.8, 5.246
[07:55:18] 703.0, 124.8, 5.207
[07:55:19] 649.5, 124.7, 5.196
[07:55:20] 649.4, 124.8, 5.193
[07:55:21] 649.3, 124.7, 5.186
