<<<[03:00:17] 657.3, 124.9, 5.174
[03:00:18] 648.3, 125.0, 5.158
[03:00:19] 647.7, 124.9, 5.368
[03:00:20] 670.7, 124.9, 5.327
[03:00:21] 670.5, 124.9, 5.302
[03:00:22] 670.7, 124.8, 5.425
[03:00:23] 670.9, 124.8, 5.379
[03:00:24] 670.3, 124.8, 5.379
[03:00:25] 670.0, 124.9, 5.327
[03:00:26] 669.5, 124.9, 5.315
[03:00:27] 669.1, 124.9, 5.299
[03:00:28] 668.8, 124.9, 5.306
[03:00:29] 668.6, 124.8, 5.336
[03:00:30] 668.3, 124.8, 5.388
[03:00:31] 668.1, 124.8, 5.372
[03:00:32] 667.9, 124.9, 5.328
[03:00:33] 667.7, 124.9, 5.307
[03:00:34] 667.8, 124.9, 5.299
[03:00:35] 667.6, 124.8, 5.331
[03:00:36] 667.5, 124.8, 5.356
[03:00:37] 668.0, 124.9, 5.412
[03:00:38] 675.6, 124.9, 5.422
[03:00:39] 670.3, 124.9, 5.338
[03:00:40] 669.9, 124.8, 5.339
[03:00:41] 669.9, 124.8, 5.301
[03:00:42] 669.4, 124.8, 5.346
[03:00:43] 669.2, 124.9, 5.387
[03:00:44] 668.8, 124.9, 5.378
[03:00:45] 668.6, 124.9, 5.301
[03:00:46] 668.6, 124.8, 5.362
[03:00:47] 668.4, 124.8, 5.369
[03:00:48] 668.2, 124.8, 5.338
[03:00:49] 673.7, 124.9, 5.411
[03:00:50] 673.3, 124.9, 5.338
[03:00:51] 672.7, 124.9, 5.316
[03:00:52] 666.6, 124.8, 5.389
[03:00:53] 666.7, 124.9, 5.306
[03:00:54] 666.9, 124.9, 5.354
[03:00:55] 667.5, 124.9, 5.377
[03:00:56] 667.7, 124.9, 5.328
[03:00:57] 667.7, 124.9, 5.356
[03:00:58] 667.6, 124.8, 5.353
[03:00:59] 667.5, 124.8, 5.339
[03:01:00] 667.5, 124.8, 5.378
[03:01:01] 667.3, 124.8, 5.300
[03:01:02] 667.6, 124.8, 5.348
[03:01:03] 667.8, 124.9, 5.380
[03:01:04] 668.4, 124.9, 5.385
[03:01:05] 668.9, 124.9, 5.374
[03:01:06] 669.4, 124.9, 5.379
[03:01:07] 669.5, 124.9, 5.299
[03:01:08] 659.9, 124.9, 5.277
[03:01:09] 660.0, 124.9, 5.271
[03:01:10] 660.4, 124.9, 5.269
[03:01:11] 660.1, 124.8, 5.286
[03:01:12] 660.1, 124.9, 5.274
[03:01:13] 660.4, 124.8, 5.372
[03:01:14] 671.7, 124.8, 5.371
[03:01:15] 671.1, 124.8, 5.291
[03:01:16] 658.7, 124.8, 5.273
[03:01:17] 658.8, 124.8, 5.263
[03:01:18] 659.2, 124.9, 5.288
[03:01:19] 659.1, 124.9, 5.272
[03:01:20] 659.2, 124.9, 5.271
[03:01:21] 664.6, 124.8, 5.373
[03:01:22] 671.9, 124.8, 5.273
[03:01:23] 660.5, 124.8, 5.310
[03:01:24] 660.3, 124.8, 5.269
[03:01:25] 660.2, 124.8, 5.275
[03:01:26] 660.2, 124.9, 5.268
[03:01:27] 660.2, 124.9, 5.275
[03:01:28] 660.0, 124.9, 5.387
[03:01:29] 665.6, 124.9, 5.267
[03:01:30] 658.7, 124.9, 5.270
[03:01:31] 658.8, 124.9, 5.354
[03:01:32] 659.0, 124.9, 5.275
[03:01:33] 659.0, 124.9, 5.262
[03:01:34] 659.1, 124.9, 5.318
[03:01:35] 665.8, 124.9, 5.377
[03:01:36] 673.3, 124.9, 5.377
[03:01:37] 673.0, 124.9, 5.296
[03:01:38] 663.6, 124.9, 5.267
[03:01:39] 663.1, 124.9, 5.272
[03:01:40] 662.5, 124.9, 5.342
[03:01:41] 662.4, 124.9, 5.269
[03:01:42] 662.1, 124.8, 5.268
[03:01:43] 661.7, 124.8, 5.395
[03:01:44] 662.3, 124.9, 5.290
[03:01:45] 661.8, 124.8, 5.274
[03:01:46] 661.6, 124.9, 5.271
[03:01:47] 661.7, 124.8, 5.269
[03:01:48] 661.3, 124.8, 5.320
[03:01:49] 661.5, 124.8, 5.261
[03:01:50] 661.5, 124.8, 5.401
[03:01:51] 671.5, 124.8, 5.267
[03:01:52] 658.3, 124.8, 5.280
[03:01:53] 658.4, 124.9, 5.266
[03:01:54] 659.0, 124.9, 5.269
[03:01:55] 658.8, 124.9, 5.308
[03:01:56] 659.0, 124.9, 5.266
[03:01:57] 659.2, 124.9, 5.280
[03:01:58] 659.8, 124.9, 5.266
[03:01:59] 659.8, 124.9, 5.296
[03:02:00] 659.6, 124.8, 5.305
[03:02:01] 659.9, 124.8, 5.270
[03:02:02] 659.9, 124.9, 5.266
[03:02:03] 659.7, 124.9, 5.372
[03:02:04] 669.7, 124.9, 5.390
[03:02:05] 677.8, 124.8, 5.407
[03:02:06] 672.5, 124.8, 5.368
[03:02:07] 672.3, 124.8, 5.351
[03:02:08] 672.1, 124.9, 5.379
[03:02:09] 671.8, 124.9, 5.261
[03:02:10] 657.9, 124.9, 5.257
[03:02:11] 658.0, 124.8, 5.259
[03:02:12] 658.0, 124.8, 5.263
[03:02:13] 658.4, 124.8, 5.269
[03:02:14] 658.4, 124.9, 5.263
[03:02:15] 658.5, 124.9, 5.264
[03:02:16] 658.5, 124.9, 5.265
[03:02:17] 658.6, 124.9, 5.309
[03:02:18] 664.2, 124.8, 5.273
[03:02:19] 658.1, 124.9, 5.299
[03:02:20] 658.2, 124.9, 5.270
[03:02:21] 658.2, 124.8, 5.372
[03:02:22] 658.5, 124.8, 5.293
[03:02:23] 658.4, 124.9, 5.343
[03:02:24] 658.5, 124.9, 5.284
[03:02:25] 658.5, 124.8, 5.384
[03:02:26] 667.4, 124.8, 5.365
[03:02:27] 667.2, 124.9, 5.259
[03:02:28] 658.1, 124.9, 5.299
[03:02:29] 658.2, 124.8, 5.266
[03:02:30] 658.1, 124.9, 5.315
[03:02:31] 658.6, 124.9, 5.260
[03:02:32] 658.5, 124.9, 5.260
[03:02:33] 658.5, 124.9, 5.260
[03:02:34] 658.5, 124.9, 5.258
[03:02:35] 664.0, 124.9, 5.264
[03:02:36] 663.5, 124.8, 5.260
[03:02:37] 657.9, 124.9, 5.254
[03:02:38] 657.9, 124.9, 5.256
[03:02:39] 657.9, 124.9, 5.265
[03:02:40] 658.4, 124.9, 5.264
[03:02:41] 658.3, 124.9, 5.262
[03:02:42] 658.4, 124.9, 5.255
[03:02:43] 658.3, 124.8, 5.397
[03:02:44] 672.3, 124.8, 5.395
[03:02:45] 672.3, 124.9, 5.365
[03:02:46] 666.6, 124.9, 5.260
[03:02:47] 657.7, 124.9, 5.261
[03:02:48] 657.8, 124.9, 5.258
[03:02:49] 657.7, 124.8, 5.315
[03:02:50] 658.2, 124.9, 5.256
[03:02:51] 658.1, 124.9, 5.257
[03:02:52] 658.2, 124.8, 5.261
[03:02:53] 658.1, 124.8, 5.278
[03:02:54] 664.8, 124.9, 5.265
[03:02:55] 658.7, 124.9, 5.262
[03:02:56] 658.7, 124.9, 5.258
[03:02:57] 658.6, 124.9, 5.258
[03:02:58] 658.7, 124.9, 5.267
[03:02:59] 658.8, 124.9, 5.262
[03:03:00] 658.8, 124.9, 5.259
[03:03:01] 658.6, 124.8, 5.264
[03:03:02] 658.8, 124.8, 5.403
[03:03:03] 673.5, 124.9, 5.260
[03:03:04] 657.9, 124.8, 5.264
[03:03:05] 658.0, 124.8, 5.264
[03:03:06] 658.0, 124.9, 5.260
[03:03:07] 658.4, 124.9, 5.269
[03:03:08] 658.4, 124.9, 5.261
[03:03:09] 658.5, 124.9, 5.255
[03:03:10] 658.3, 124.9, 5.265
[03:03:11] 658.7, 124.9, 5.271
[03:03:12] 659.2, 124.9, 5.263
[03:03:13] 659.0, 124.8, 5.268
[03:03:14] 659.0, 124.8, 5.262
[03:03:15] 658.9, 124.8, 5.272
[03:03:16] 659.3, 124.9, 5.263
[03:03:17] 659.1, 124.9, 5.265
[03:03:18] 659.2, 124.8, 5.262
[03:03:19] 659.0, 124.8, 5.406
[03:03:20] 673.1, 124.8, 5.407
[03:03:21] 673.2, 124.8, 5.406
[03:03:22] 673.1, 124.8, 5.370
[03:03:23] 672.9, 124.9, 5.357
[03:03:24] 672.5, 124.9, 5.371
[03:03:25] 672.3, 124.9, 5.360
[03:03:26] 671.8, 124.9, 5.321
[03:03:27] 664.6, 124.9, 5.316
[03:03:28] 664.4, 124.9, 5.270
[03:03:29] 658.1, 124.9, 5.269
[03:03:30] 658.1, 124.8, 5.269
[03:03:31] 658.2, 124.8, 5.272
[03:03:32] 658.2, 124.9, 5.267
[03:03:33] 658.3, 124.8, 5.269
[03:03:34] 658.3, 124.9, 5.274
[03:03:35] 658.3, 125.0, 5.273
[03:03:36] 658.4, 125.0, 5.267
[03:03:37] 658.4, 124.9, 5.268
[03:03:38] 658.4, 124.9, 5.268
[03:03:39] 658.4, 124.9, 5.269
[03:03:40] 658.4, 124.8, 5.278
[03:03:41] 658.4, 124.9, 5.266
[03:03:42] 658.4, 124.9, 5.268
[03:03:43] 658.4, 124.9, 5.274
[03:03:44] 665.4, 124.8, 5.368
[03:03:45] 665.6, 124.9, 5.145
[03:03:46] 643.6, 124.9, 5.151
[03:03:47] 643.5, 124.9, 5.148
[03:03:48] 643.4, 125.0, 5.147
[03:03:50] 643.4, 125.0, 5.151
[03:03:51] 681.7, 124.8, 5.781
[03:03:52] 787.6, 125.0, 5.216
[03:03:53] 703.6, 125.0, 5.146
[03:03:54] 642.6, 124.9, 5.147
[03:03:55] 642.6, 124.8, 5.143
[03:03:56] 642.6, 124.8, 5.138
[03:03:57] 642.5, 124.3, 7.314
[03:03:58] 844.1, 124.8, 5.149
[03:03:59] 643.4, 124.9, 5.144
[03:04:00] 643.3, 124.9, 5.143
[03:04:01] 643.2, 124.9, 5.145
[03:04:02] 643.1, 124.6, 6.376
[03:04:03] 796.5, 124.5, 7.192
[03:04:04] 820.5, 125.0, 5.150
[03:04:05] 643.0, 125.0, 5.142
[03:04:06] 642.9, 125.0, 5.143
[03:04:07] 642.9, 124.9, 5.142
[03:04:08] 642.9, 124.5, 7.149
[03:04:09] 822.5, 124.4, 7.512
[03:04:10] 933.9, 124.8, 6.188
[03:04:11] 765.6, 125.0, 5.146
[03:04:12] 643.6, 125.0, 5.148
[03:04:13] 643.5, 125.0, 5.146
[03:04:14] 643.4, 125.0, 5.142
[03:04:15] 643.4, 124.4, 7.461
[03:04:16] 875.2, 124.4, 7.487
[03:04:17] 933.9, 124.4, 7.495
[03:04:18] 934.0, 124.4, 7.519
[03:04:19] 928.8, 124.9, 5.170
[03:04:20] 659.1, 125.0, 5.153
[03:04:21] 643.7, 125.0, 5.149
[03:04:22] 643.7, 125.0, 5.154
[03:04:23] 643.7, 125.0, 5.146
[03:04:24] 689.0, 124.4, 7.514
[03:04:25] 934.1, 124.4, 7.506
[03:04:26] 934.1, 124.4, 7.494
[03:04:27] 934.3, 124.4, 7.509
[03:04:28] 934.6, 124.3, 7.540
[03:04:29] 934.9, 124.3, 7.545
[03:04:30] 935.2, 124.4, 7.527
[03:04:31] 935.5, 124.9, 6.290
[03:04:32] 765.8, 125.0, 5.164
[03:04:33] 645.3, 124.9, 5.157
[03:04:34] 645.2, 125.0, 5.162
[03:04:35] 645.0, 124.9, 5.151
[03:04:36] 644.8, 124.3, 7.474
[03:04:37] 899.4, 124.4, 7.511
[03:04:38] 935.3, 124.3, 7.533
[03:04:39] 935.4, 124.3, 7.541
[03:04:40] 935.6, 124.3, 7.521
[03:04:41] 935.9, 124.4, 7.523
[03:04:42] 936.1, 124.3, 7.542
[03:04:43] 936.5, 124.3, 7.553
[03:04:44] 936.9, 124.3, 7.559
[03:04:45] 937.2, 124.2, 7.535
[03:04:46] 937.4, 124.4, 7.531
[03:04:47] 937.6, 124.4, 7.543
[03:04:48] 937.9, 124.3, 7.558
[03:04:49] 938.2, 124.3, 7.565
[03:04:50] 938.4, 124.4, 7.534
[03:04:51] 854.4, 125.0, 5.175
[03:04:52] 646.5, 124.9, 5.167
[03:04:53] 646.3, 124.9, 5.160
[03:04:54] 646.2, 125.0, 5.170
