<<<[06:49:09] 649.1, 124.8, 5.188
[06:49:10] 649.1, 124.8, 5.190
[06:49:11] 649.0, 124.8, 5.184
[06:49:12] 654.8, 124.8, 5.292
[06:49:13] 655.3, 124.8, 5.187
[06:49:14] 649.5, 124.7, 5.184
[06:49:15] 649.3, 124.8, 5.195
[06:49:16] 649.2, 124.7, 5.184
[06:49:17] 649.2, 124.3, 6.581
[06:49:18] 744.7, 124.8, 5.189
[06:49:19] 647.7, 124.8, 5.180
[06:49:20] 647.7, 124.8, 5.179
[06:49:21] 647.7, 124.8, 5.184
[06:49:22] 647.8, 124.5, 6.559
[06:49:23] 743.3, 124.8, 5.181
[06:49:24] 648.3, 124.8, 5.177
[06:49:25] 648.2, 124.9, 5.182
[06:49:26] 648.1, 124.8, 5.176
[06:49:27] 648.0, 124.4, 6.535
[06:49:28] 743.5, 124.8, 5.180
[06:49:29] 648.1, 124.9, 5.184
[06:49:30] 648.0, 124.7, 5.182
[06:49:31] 647.9, 124.8, 5.175
[06:49:32] 647.8, 124.4, 6.509
[06:49:33] 743.0, 124.8, 5.184
[06:49:34] 648.3, 124.8, 5.182
[06:49:35] 648.1, 124.8, 5.176
[06:49:36] 648.0, 124.9, 5.173
[06:49:37] 647.9, 124.4, 6.492
[06:49:38] 742.6, 124.8, 5.179
[06:49:39] 646.9, 124.9, 5.176
[06:49:40] 646.9, 124.9, 5.174
[06:49:41] 646.9, 124.8, 5.172
[06:49:42] 647.0, 124.4, 6.450
[06:49:43] 740.8, 124.9, 5.177
[06:49:44] 647.3, 124.9, 5.173
[06:49:45] 647.2, 124.9, 5.173
[06:49:46] 647.2, 124.8, 5.172
[06:49:47] 647.1, 124.5, 6.390
[06:49:48] 740.0, 124.8, 5.172
[06:49:49] 648.5, 124.8, 5.175
[06:49:50] 648.3, 124.8, 5.175
[06:49:51] 648.0, 124.9, 5.173
[06:49:52] 647.8, 124.4, 6.311
[06:49:53] 737.8, 124.8, 5.180
[06:49:54] 647.3, 124.9, 5.169
[06:49:55] 647.1, 124.8, 5.171
[06:49:56] 647.1, 124.8, 5.176
[06:49:57] 647.0, 124.5, 6.126
[06:49:58] 734.7, 124.9, 5.171
[06:49:59] 646.3, 124.8, 5.175
[06:50:00] 646.3, 124.8, 5.171
[06:50:01] 646.4, 124.9, 5.178
[06:50:02] 646.4, 124.7, 5.233
[06:50:03] 726.4, 124.8, 5.171
[06:50:04] 646.9, 124.9, 5.172
[06:50:05] 646.8, 124.9, 5.168
[06:50:06] 646.8, 124.8, 5.172
[06:50:07] 646.7, 124.9, 5.169
[06:50:08] 752.0, 124.9, 5.174
[06:50:09] 656.0, 124.8, 5.175
[06:50:10] 647.1, 124.8, 5.165
[06:50:11] 647.0, 124.9, 5.174
[06:50:12] 646.9, 124.9, 5.171
[06:50:13] 716.2, 124.7, 6.012
[06:50:14] 761.5, 124.8, 5.175
[06:50:15] 646.3, 124.9, 5.166
[06:50:16] 646.3, 124.9, 5.165
[06:50:17] 646.3, 124.9, 5.174
[06:50:18] 646.4, 124.1, 7.715
[06:50:19] 912.0, 124.8, 5.181
[06:50:20] 656.9, 124.9, 5.174
[06:50:21] 646.5, 124.9, 5.168
[06:50:22] 646.5, 124.9, 5.174
[06:50:23] 646.5, 124.8, 5.166
[06:50:24] 725.8, 124.1, 7.735
[06:50:25] 963.0, 124.8, 5.266
[06:50:26] 710.3, 124.8, 5.176
[06:50:27] 647.1, 124.7, 5.176
[06:50:28] 647.1, 124.8, 5.182
[06:50:29] 647.2, 124.8, 5.172
[06:50:30] 647.2, 124.1, 7.727
[06:50:31] 950.8, 124.2, 7.761
[06:50:32] 965.8, 124.1, 7.769
[06:50:33] 900.0, 124.8, 5.191
[06:50:34] 649.7, 124.9, 5.180
[06:50:35] 649.4, 124.8, 5.182
[06:50:36] 649.1, 124.8, 5.174
[06:50:37] 648.9, 124.9, 5.168
[06:50:38] 769.5, 124.2, 7.749
[06:50:39] 964.6, 124.2, 7.769
[06:50:40] 964.8, 124.3, 7.770
[06:50:41] 965.2, 124.2, 7.783
[06:50:42] 965.7, 124.2, 7.790
[06:50:43] 952.8, 124.9, 5.205
[06:50:44] 660.5, 124.9, 5.192
[06:50:45] 649.5, 124.8, 5.190
[06:50:46] 649.4, 124.9, 5.175
[06:50:47] 649.1, 124.9, 5.178
[06:50:48] 723.7, 124.3, 7.749
[06:50:49] 965.0, 124.2, 7.758
[06:50:50] 965.2, 124.2, 7.780
[06:50:51] 965.5, 124.2, 7.783
[06:50:52] 966.0, 124.3, 7.793
[06:50:53] 966.5, 124.3, 7.803
[06:50:54] 967.1, 124.2, 7.791
[06:50:55] 967.5, 124.2, 7.801
[06:50:56] 967.9, 124.2, 7.802
[06:50:57] 968.3, 124.2, 7.807
[06:50:58] 968.8, 124.9, 5.227
[06:50:59] 670.5, 124.9, 5.198
[06:51:00] 650.4, 124.9, 5.198
[06:51:01] 650.3, 124.8, 5.193
[06:51:02] 650.1, 124.8, 5.186
