<<<[00:35:21] 644.4, 124.8, 5.166
[00:35:22] 644.3, 124.8, 5.167
[00:35:23] 644.4, 124.8, 5.153
[00:35:24] 644.2, 124.8, 5.153
[00:35:25] 644.0, 124.7, 5.156
[00:35:26] 643.9, 124.8, 5.162
[00:35:27] 643.9, 124.7, 5.156
<<<[00:41:25] 645.1, 124.9, 5.156
[00:41:26] 645.0, 124.8, 5.156
[00:41:27] 644.8, 124.7, 5.159
[00:41:28] 650.2, 124.8, 5.276
[00:41:29] 656.9, 124.8, 5.159
[00:41:30] 644.3, 124.7, 5.158
[00:41:31] 644.2, 124.8, 5.163
[00:41:32] 644.3, 124.7, 5.161
[00:41:33] 644.2, 124.8, 5.157
[00:41:34] 736.3, 124.8, 5.159
[00:41:35] 646.7, 124.8, 5.154
[00:41:36] 646.3, 124.8, 5.149
[00:41:37] 646.0, 124.9, 5.147
[00:41:38] 645.6, 124.8, 5.150
[00:41:39] 730.0, 124.9, 5.156
[00:41:40] 648.1, 124.9, 5.151
[00:41:41] 647.5, 124.8, 5.150
[00:41:42] 647.0, 124.8, 5.148
[00:41:43] 646.5, 124.9, 5.149
[00:41:44] 728.6, 124.8, 5.152
[00:41:45] 648.9, 124.9, 5.151
[00:41:46] 643.2, 124.8, 5.148
[00:41:47] 643.1, 124.9, 5.149
[00:41:48] 643.1, 124.7, 5.152
[00:41:49] 727.0, 124.8, 5.157
[00:41:50] 649.9, 124.8, 5.150
[00:41:51] 643.0, 124.9, 5.152
[00:41:52] 643.0, 124.8, 5.147
[00:41:53] 643.0, 124.9, 5.146
[00:41:54] 724.7, 124.8, 5.154
[00:41:55] 651.4, 124.9, 5.150
[00:41:56] 643.2, 124.8, 5.148
[00:41:57] 643.2, 124.9, 5.147
[00:41:58] 643.1, 124.8, 5.143
[00:41:59] 722.1, 124.9, 5.152
[00:42:00] 652.4, 124.8, 5.147
[00:42:01] 643.0, 124.9, 5.143
[00:42:02] 642.9, 124.8, 5.153
[00:42:03] 642.9, 124.8, 5.149
[00:42:04] 719.5, 124.9, 5.153
[00:42:05] 653.8, 124.8, 5.142
[00:42:06] 642.2, 124.9, 5.145
[00:42:07] 642.2, 124.8, 5.143
[00:42:08] 642.3, 124.9, 5.140
[00:42:09] 714.6, 124.8, 5.150
[00:42:10] 654.6, 124.9, 5.147
[00:42:11] 643.2, 124.8, 5.144
[00:42:12] 643.2, 124.9, 5.144
[00:42:13] 643.3, 124.8, 5.142
[00:42:14] 708.3, 124.9, 5.151
[00:42:15] 656.0, 124.8, 5.143
[00:42:16] 642.4, 124.8, 5.144
[00:42:17] 642.4, 124.9, 5.141
[00:42:18] 642.4, 124.8, 5.142
[00:42:19] 695.9, 124.9, 5.228
[00:42:20] 705.8, 124.8, 5.143
[00:42:21] 642.6, 124.9, 5.138
[00:42:22] 642.5, 124.8, 5.141
[00:42:23] 642.4, 124.9, 5.139
[00:42:24] 672.5, 124.8, 5.234
[00:42:25] 708.1, 124.9, 5.141
[00:42:26] 642.8, 124.9, 5.145
[00:42:27] 642.7, 124.8, 5.139
[00:42:28] 642.6, 124.9, 5.143
[00:42:29] 642.7, 124.4, 7.156
[00:42:30] 794.3, 124.9, 5.146
[00:42:31] 642.6, 124.9, 5.141
[00:42:32] 642.5, 124.8, 5.146
[00:42:33] 642.5, 124.9, 5.144
[00:42:34] 642.5, 124.5, 6.559
[00:42:35] 786.5, 124.6, 6.408
[00:42:36] 760.9, 124.9, 5.148
[00:42:37] 643.0, 124.8, 5.141
[00:42:38] 642.9, 124.9, 5.142
[00:42:39] 642.8, 124.9, 5.140
[00:42:40] 642.7, 124.3, 7.195
[00:42:41] 853.0, 124.4, 7.229
[00:42:42] 866.8, 124.8, 5.151
[00:42:43] 643.4, 124.9, 5.144
[00:42:44] 643.3, 124.9, 5.146
[00:42:45] 643.3, 124.8, 5.145
[00:42:46] 643.2, 124.9, 5.142
[00:42:47] 735.7, 124.3, 7.219
[00:42:48] 898.9, 124.4, 7.229
[00:42:49] 899.0, 124.3, 7.238
[00:42:50] 869.7, 124.9, 5.159
[00:42:51] 644.3, 124.8, 5.149
[00:42:52] 644.1, 124.9, 5.147
[00:42:53] 644.1, 124.9, 5.142
[00:42:54] 643.8, 124.9, 5.143
[00:42:55] 754.8, 124.3, 7.221
[00:42:56] 899.4, 124.3, 7.237
[00:42:57] 899.6, 124.4, 7.236
[00:42:58] 899.9, 124.3, 7.259
[00:42:59] 900.3, 124.4, 7.253
[00:43:00] 900.7, 124.3, 7.204
[00:43:01] 822.9, 124.9, 5.167
[00:43:02] 645.5, 124.8, 5.155
[00:43:03] 645.3, 124.8, 5.150
[00:43:04] 645.1, 124.9, 5.146
[00:43:05] 644.8, 124.5, 6.686
[00:43:06] 791.8, 124.4, 7.228
[00:43:07] 900.2, 124.3, 7.246
[00:43:08] 900.4, 124.4, 7.233
[00:43:09] 900.7, 124.4, 7.257
[00:43:10] 901.0, 124.3, 7.259
[00:43:11] 901.4, 124.4, 7.261
[00:43:12] 901.8, 124.4, 7.268
[00:43:13] 902.1, 124.4, 7.264
[00:43:14] 902.5, 124.4, 7.268
[00:43:15] 902.9, 124.4, 7.270
[00:43:16] 903.2, 124.4, 7.275
[00:43:17] 903.5, 124.9, 5.194
[00:43:18] 680.4, 124.8, 5.166
[00:43:19] 645.3, 124.9, 5.159
[00:43:20] 645.2, 124.8, 5.154
[00:43:21] 645.0, 124.8, 5.149
