<<<[22:12:24] 649.1, 123.5, 5.251
[22:12:25] 648.9, 123.5, 5.252
[22:12:26] 648.7, 123.5, 5.245
[22:12:27] 648.5, 123.5, 5.406
[22:12:28] 664.6, 123.6, 5.325
[22:12:29] 657.7, 123.6, 5.231
[22:12:30] 647.9, 123.5, 5.247
[22:12:31] 647.7, 123.5, 5.252
[22:12:32] 647.7, 123.6, 5.251
[22:12:33] 647.7, 123.1, 7.196
[22:12:34] 742.8, 123.6, 5.243
[22:12:35] 646.5, 123.6, 5.245
[22:12:36] 646.5, 123.6, 5.250
[22:12:37] 646.7, 123.5, 5.253
[22:12:38] 646.8, 123.1, 7.216
[22:12:39] 738.6, 123.5, 5.248
[22:12:40] 647.1, 123.6, 5.246
[22:12:41] 647.0, 123.6, 5.252
[22:12:42] 647.1, 123.5, 5.244
[22:12:43] 647.0, 123.1, 7.222
[22:12:44] 738.4, 123.5, 5.251
[22:12:45] 647.5, 123.5, 5.231
[22:12:46] 647.4, 123.6, 5.245
[22:12:47] 647.3, 123.5, 5.250
[22:12:48] 647.2, 123.0, 7.227
[22:12:49] 738.0, 123.6, 5.252
[22:12:50] 647.1, 123.5, 5.244
[22:12:51] 647.0, 123.5, 5.250
[22:12:52] 647.0, 123.6, 5.250
[22:12:53] 647.0, 123.0, 7.222
[22:12:54] 737.4, 123.6, 5.247
[22:12:55] 646.9, 123.6, 5.255
[22:12:56] 647.0, 123.5, 5.249
[22:12:57] 647.1, 123.6, 5.251
[22:12:58] 647.2, 123.0, 7.217
[22:12:59] 736.1, 123.4, 5.248
[22:13:00] 646.5, 123.5, 5.250
[22:13:01] 646.4, 123.5, 5.229
[22:13:02] 646.3, 123.5, 5.243
[22:13:03] 646.3, 123.0, 7.211
[22:13:04] 734.3, 123.5, 5.249
[22:13:05] 646.3, 123.5, 5.251
[22:13:06] 646.3, 123.5, 5.243
[22:13:07] 646.3, 123.5, 5.249
[22:13:08] 646.4, 123.0, 7.193
[22:13:09] 731.1, 123.5, 5.246
[22:13:10] 646.5, 123.6, 5.243
[22:13:11] 646.4, 123.5, 5.245
[22:13:12] 646.4, 123.5, 5.247
[22:13:13] 646.4, 123.1, 7.201
[22:13:14] 726.2, 123.5, 5.244
[22:13:15] 646.1, 123.5, 5.246
[22:13:16] 646.2, 123.6, 5.250
[22:13:17] 646.4, 123.6, 5.223
[22:13:18] 646.4, 123.0, 7.228
[22:13:19] 764.8, 123.5, 5.253
[22:13:20] 646.9, 123.5, 5.246
[22:13:21] 646.8, 123.5, 5.245
[22:13:22] 646.8, 123.4, 5.242
[22:13:23] 646.7, 123.0, 7.033
[22:13:24] 794.3, 123.5, 5.254
[22:13:25] 646.5, 123.6, 5.251
[22:13:26] 646.5, 123.6, 5.245
[22:13:27] 646.5, 123.5, 5.247
[22:13:28] 646.5, 123.5, 5.245
[22:13:29] 752.8, 123.4, 5.671
[22:13:30] 745.5, 123.6, 5.243
[22:13:31] 646.1, 123.6, 5.247
[22:13:32] 646.1, 123.5, 5.246
[22:13:33] 646.1, 123.6, 5.220
[22:13:34] 646.0, 122.9, 7.705
[22:13:35] 921.5, 123.6, 5.289
[22:13:36] 693.5, 123.6, 5.250
[22:13:37] 647.1, 123.6, 5.245
[22:13:38] 647.0, 123.6, 5.241
[22:13:39] 646.9, 123.6, 5.245
[22:13:40] 657.5, 122.9, 7.713
[22:13:41] 951.0, 122.9, 7.737
[22:13:42] 933.5, 123.6, 5.257
[22:13:43] 647.3, 123.5, 5.259
[22:13:44] 647.3, 123.6, 5.246
[22:13:45] 647.3, 123.6, 5.249
[22:13:46] 647.2, 123.6, 5.241
[22:13:47] 735.1, 123.0, 7.723
[22:13:48] 951.4, 123.0, 7.742
[22:13:49] 951.6, 122.9, 7.753
[22:13:50] 952.0, 123.6, 5.781
[22:13:51] 758.3, 123.5, 5.263
[22:13:52] 648.5, 123.5, 5.258
[22:13:53] 648.4, 123.6, 5.253
[22:13:54] 648.2, 123.5, 5.248
[22:13:55] 648.0, 123.0, 7.686
[22:13:56] 892.4, 123.0, 7.736
[22:13:57] 953.0, 122.9, 7.747
[22:13:58] 953.1, 123.0, 7.759
[22:13:59] 953.4, 123.0, 7.763
[22:14:00] 953.7, 122.9, 7.768
[22:14:01] 954.1, 122.9, 7.775
[22:14:02] 954.5, 123.5, 5.839
[22:14:03] 759.9, 123.5, 5.272
[22:14:04] 649.5, 123.5, 5.263
[22:14:05] 649.3, 123.6, 5.237
[22:14:06] 649.1, 123.6, 5.250
[22:14:07] 648.9, 122.9, 7.704
[22:14:08] 904.6, 123.0, 7.736
[22:14:09] 953.0, 122.9, 7.754
[22:14:10] 953.2, 122.9, 7.764
[22:14:11] 953.6, 123.0, 7.767
[22:14:12] 953.9, 122.9, 7.770
[22:14:13] 954.3, 122.8, 7.784
[22:14:14] 954.8, 123.0, 7.776
[22:14:15] 955.1, 123.0, 7.781
[22:14:16] 955.5, 123.0, 7.789
[22:14:17] 956.0, 122.9, 7.787
[22:14:18] 956.4, 123.0, 7.789
[22:14:19] 956.7, 122.9, 7.791
[22:14:20] 957.0, 122.9, 7.787
[22:14:21] 957.3, 123.6, 5.282
[22:14:22] 675.0, 123.5, 5.275
[22:14:23] 650.0, 123.6, 5.266
[22:14:24] 649.8, 123.5, 5.264
[22:14:25] 649.7, 123.5, 5.262
