<<<[07:17:27] 646.5, 124.9, 5.169
[07:17:28] 646.5, 124.9, 5.173
[07:17:29] 646.5, 125.0, 5.353
[07:17:30] 663.2, 124.9, 5.325
[07:17:31] 663.7, 125.0, 5.316
[07:17:32] 664.0, 125.0, 5.357
[07:17:33] 664.4, 125.0, 5.317
[07:17:34] 664.5, 124.9, 5.315
[07:17:35] 664.8, 124.9, 5.358
[07:17:36] 665.2, 124.9, 5.301
[07:17:37] 665.4, 124.9, 5.309
[07:17:38] 665.5, 124.9, 5.381
[07:17:39] 666.1, 124.9, 5.205
[07:17:40] 651.6, 124.9, 5.184
[07:17:41] 651.1, 125.0, 5.175
[07:17:42] 650.6, 125.0, 5.175
[07:17:43] 650.1, 125.0, 5.172
[07:17:44] 696.1, 125.0, 5.201
[07:17:45] 695.9, 125.0, 5.167
[07:17:46] 646.7, 125.1, 5.172
[07:17:47] 646.6, 125.1, 5.163
[07:17:48] 646.6, 125.0, 5.168
[07:17:49] 692.8, 125.0, 5.207
[07:17:50] 693.0, 125.0, 5.168
[07:17:51] 646.3, 125.0, 5.168
[07:17:52] 646.3, 125.0, 5.163
[07:17:53] 646.3, 125.0, 5.189
[07:17:54] 691.6, 125.0, 5.210
[07:17:55] 692.0, 125.0, 5.164
[07:17:56] 646.7, 125.0, 5.164
[07:17:57] 646.6, 125.0, 5.165
[07:17:58] 646.5, 125.0, 5.164
[07:17:59] 683.1, 125.0, 5.208
[07:18:00] 695.7, 125.0, 5.158
[07:18:01] 646.1, 125.1, 5.160
[07:18:02] 646.1, 125.1, 5.166
[07:18:03] 646.0, 125.1, 5.155
[07:18:04] 665.6, 125.0, 5.700
[07:18:05] 750.6, 125.1, 5.166
[07:18:06] 646.7, 125.0, 5.160
[07:18:07] 646.6, 125.0, 5.165
[07:18:08] 646.5, 125.0, 5.157
[07:18:09] 646.4, 124.6, 7.211
[07:18:10] 797.5, 125.1, 5.166
[07:18:11] 645.9, 125.0, 5.160
[07:18:12] 645.9, 125.0, 5.163
[07:18:13] 645.9, 125.1, 5.157
[07:18:14] 645.9, 124.4, 7.582
[07:18:15] 849.6, 125.0, 5.210
[07:18:16] 697.5, 125.0, 5.164
[07:18:17] 646.5, 125.0, 5.169
[07:18:18] 646.4, 124.9, 5.168
[07:18:19] 646.3, 124.9, 5.163
[07:18:20] 687.3, 124.3, 7.819
[07:18:21] 967.5, 125.0, 5.217
[07:18:22] 698.7, 125.0, 5.170
[07:18:23] 646.1, 124.9, 5.173
[07:18:24] 646.1, 125.0, 5.162
[07:18:25] 646.2, 125.0, 5.166
[07:18:26] 668.4, 124.3, 7.814
[07:18:27] 973.7, 124.3, 7.833
[07:18:28] 973.9, 124.9, 5.800
[07:18:29] 753.6, 125.0, 5.177
[07:18:30] 647.9, 125.0, 5.170
[07:18:31] 647.7, 125.0, 5.167
[07:18:32] 647.5, 125.0, 5.161
[07:18:33] 647.4, 124.3, 7.813
[07:18:34] 959.9, 124.4, 7.829
[07:18:35] 975.8, 124.5, 7.847
[07:18:36] 976.0, 124.3, 7.858
[07:18:37] 976.4, 124.5, 7.232
[07:18:38] 823.5, 125.1, 5.184
[07:18:39] 648.5, 125.1, 5.178
[07:18:40] 648.4, 124.9, 5.170
[07:18:41] 648.2, 125.0, 5.175
[07:18:42] 648.1, 124.3, 7.743
[07:18:43] 888.4, 124.3, 7.845
[07:18:44] 976.6, 124.4, 7.854
[07:18:45] 976.8, 124.4, 7.854
[07:18:46] 977.0, 124.4, 7.863
[07:18:47] 977.3, 124.4, 7.868
[07:18:48] 977.7, 124.4, 7.872
[07:18:49] 978.1, 124.4, 7.876
[07:18:50] 978.4, 124.3, 7.886
[07:18:51] 956.7, 125.0, 5.207
[07:18:52] 654.6, 125.0, 5.186
[07:18:53] 649.5, 125.0, 5.195
[07:18:54] 649.3, 124.9, 5.179
[07:18:55] 649.2, 124.9, 5.175
[07:18:56] 748.5, 124.3, 7.837
[07:18:57] 976.8, 124.3, 7.854
[07:18:58] 977.1, 124.3, 7.868
[07:18:59] 977.3, 124.3, 7.872
[07:19:00] 977.8, 124.3, 7.879
[07:19:01] 978.2, 124.3, 7.888
[07:19:02] 978.7, 124.3, 7.881
[07:19:03] 979.1, 124.3, 7.889
[07:19:04] 979.6, 124.3, 7.892
[07:19:05] 980.0, 124.4, 7.897
[07:19:06] 980.4, 124.4, 7.897
[07:19:07] 980.9, 124.4, 7.887
[07:19:08] 981.2, 124.4, 7.896
[07:19:09] 981.6, 124.4, 7.909
[07:19:10] 981.9, 124.4, 7.900
[07:19:11] 982.2, 124.4, 7.904
[07:19:12] 982.5, 124.3, 7.912
[07:19:13] 835.7, 125.0, 5.199
[07:19:14] 651.2, 125.0, 5.194
[07:19:15] 650.9, 125.0, 5.188
[07:19:16] 650.8, 124.9, 5.182
