<<<[10:47:23] 651.4, 123.6, 5.250
[10:47:24] 651.2, 123.6, 5.251
[10:47:25] 651.1, 123.6, 5.246
[10:47:26] 651.4, 123.6, 5.401
[10:47:27] 670.9, 123.4, 5.413
[10:47:28] 670.9, 123.5, 5.438
[10:47:29] 670.8, 123.6, 5.443
[10:47:30] 670.8, 123.5, 5.378
[10:47:31] 670.5, 123.6, 5.441
[10:47:32] 670.5, 123.5, 5.375
[10:47:33] 670.6, 123.6, 5.421
[10:47:34] 670.5, 123.6, 5.407
[10:47:35] 670.4, 123.5, 5.393
[10:47:36] 670.3, 123.6, 5.468
[10:47:37] 670.5, 123.5, 5.396
[10:47:38] 670.5, 123.6, 5.449
[10:47:39] 670.7, 123.5, 5.437
[10:47:40] 670.9, 123.5, 5.415
[10:47:41] 671.1, 123.6, 5.434
[10:47:42] 671.1, 123.6, 5.418
[10:47:43] 670.9, 123.6, 5.381
[10:47:44] 671.0, 123.6, 5.469
[10:47:45] 671.5, 123.5, 5.414
[10:47:46] 671.7, 123.6, 5.421
[10:47:47] 671.4, 123.5, 5.468
[10:47:48] 671.5, 123.5, 5.371
[10:47:49] 671.3, 123.6, 5.397
[10:47:50] 671.3, 123.4, 5.443
[10:47:51] 671.1, 123.6, 5.379
[10:47:52] 671.0, 123.6, 5.400
[10:47:53] 670.9, 123.5, 5.450
[10:47:54] 670.9, 123.5, 5.375
[10:47:55] 670.6, 123.5, 5.402
[10:47:56] 670.6, 123.5, 5.468
[10:47:57] 670.8, 123.5, 5.410
[10:47:58] 670.9, 123.5, 5.399
[10:47:59] 670.5, 123.5, 5.444
[10:48:00] 670.3, 123.5, 5.374
[10:48:01] 670.3, 123.5, 5.412
[10:48:02] 670.1, 123.5, 5.442
[10:48:03] 670.0, 123.4, 5.374
[10:48:04] 669.9, 123.5, 5.403
[10:48:05] 669.7, 123.5, 5.409
[10:48:06] 669.7, 123.6, 5.370
[10:48:07] 669.5, 123.4, 5.417
[10:48:08] 669.6, 123.5, 5.445
[10:48:09] 669.9, 123.5, 5.382
[10:48:10] 669.7, 123.5, 5.403
[10:48:11] 669.6, 123.5, 5.429
[10:48:12] 669.6, 123.5, 5.385
[10:48:13] 669.6, 123.5, 5.425
[10:48:14] 669.6, 123.5, 5.452
[10:48:15] 669.8, 123.4, 5.394
[10:48:16] 669.9, 123.5, 5.405
[10:48:17] 669.9, 123.6, 5.464
[10:48:18] 670.0, 123.6, 5.389
[10:48:19] 669.9, 123.5, 5.432
[10:48:20] 670.1, 123.5, 5.442
[10:48:21] 670.4, 123.6, 5.415
[10:48:22] 670.4, 123.4, 5.443
[10:48:23] 670.4, 123.4, 5.424
[10:48:24] 670.5, 123.6, 5.403
[10:48:25] 670.5, 123.6, 5.425
[10:48:26] 670.4, 123.4, 5.419
[10:48:27] 670.2, 123.5, 5.377
[10:48:28] 669.9, 123.5, 5.427
[10:48:29] 669.8, 123.4, 5.430
[10:48:30] 669.8, 123.5, 5.382
[10:48:31] 669.5, 123.5, 5.421
[10:48:32] 669.3, 123.5, 5.407
[10:48:33] 669.3, 123.5, 5.383
[10:48:34] 669.1, 123.4, 5.426
[10:48:35] 669.0, 123.5, 5.401
[10:48:36] 669.1, 123.5, 5.394
[10:48:37] 668.9, 123.5, 5.448
[10:48:38] 669.0, 123.4, 5.375
[10:48:39] 668.9, 123.5, 5.395
[10:48:40] 668.9, 123.5, 5.456
[10:48:41] 669.0, 123.5, 5.379
[10:48:42] 669.0, 123.5, 5.391
[10:48:43] 668.9, 123.5, 5.429
[10:48:44] 669.0, 123.6, 5.375
[10:48:45] 668.8, 123.6, 5.408
[10:48:46] 668.8, 123.5, 5.416
[10:48:47] 668.8, 123.6, 5.371
[10:48:48] 668.6, 123.6, 5.391
[10:48:49] 668.5, 123.5, 5.424
[10:48:50] 668.6, 123.6, 5.373
[10:48:51] 668.4, 123.5, 5.404
[10:48:52] 668.5, 123.4, 5.435
[10:48:53] 668.6, 123.6, 5.381
[10:48:54] 668.7, 123.4, 5.414
[10:48:55] 668.8, 123.5, 5.421
[10:48:56] 668.8, 123.5, 5.408
[10:48:57] 668.9, 123.4, 5.422
[10:48:58] 668.9, 123.5, 5.408
[10:48:59] 668.8, 123.5, 5.381
[10:49:00] 668.6, 123.5, 5.414
[10:49:01] 668.6, 123.5, 5.425
[10:49:02] 668.8, 123.4, 5.376
[10:49:03] 668.5, 123.6, 5.425
[10:49:04] 668.6, 123.5, 5.409
[10:49:05] 668.7, 123.5, 5.379
[10:49:06] 668.5, 123.6, 5.417
[10:49:07] 668.5, 123.5, 5.410
[10:49:08] 668.7, 123.5, 5.379
[10:49:09] 668.8, 123.4, 5.439
[10:49:10] 668.9, 123.5, 5.407
[10:49:11] 668.8, 123.4, 5.381
[10:49:12] 668.6, 123.5, 5.446
[10:49:13] 668.7, 123.5, 5.426
[10:49:14] 669.0, 123.4, 5.376
[10:49:15] 668.9, 123.5, 5.437
[10:49:16] 669.0, 123.5, 5.380
[10:49:17] 669.0, 123.4, 5.402
[10:49:18] 669.0, 123.5, 5.434
[10:49:19] 668.9, 123.5, 5.370
[10:49:20] 668.8, 123.4, 5.419
[10:49:21] 668.9, 123.5, 5.436
[10:49:22] 669.1, 123.5, 5.367
[10:49:23] 668.8, 123.6, 5.437
[10:49:24] 668.7, 123.5, 5.392
[10:49:25] 668.8, 123.4, 5.394
[10:49:26] 668.7, 123.6, 5.427
[10:49:27] 668.7, 123.5, 5.408
[10:49:28] 668.8, 123.5, 5.419
[10:49:29] 668.8, 123.6, 5.418
[10:49:30] 668.8, 123.5, 5.412
[10:49:31] 668.7, 123.5, 5.378
[10:49:32] 668.5, 123.5, 5.412
[10:49:33] 668.6, 123.5, 5.422
[10:49:34] 668.7, 123.6, 5.367
[10:49:35] 668.5, 123.5, 5.403
[10:49:36] 668.5, 123.5, 5.425
[10:49:37] 668.6, 123.6, 5.368
[10:49:38] 668.5, 123.5, 5.397
[10:49:39] 668.3, 123.5, 5.437
[10:49:40] 668.5, 123.5, 5.380
[10:49:41] 668.4, 123.6, 5.399
[10:49:42] 668.5, 123.5, 5.429
[10:49:43] 668.5, 123.4, 5.377
[10:49:44] 668.5, 123.5, 5.416
[10:49:45] 668.5, 123.4, 5.454
[10:49:46] 668.7, 123.4, 5.384
[10:49:47] 668.6, 123.5, 5.389
[10:49:48] 668.4, 123.4, 5.429
[10:49:49] 668.4, 123.5, 5.401
[10:49:50] 668.5, 123.5, 5.377
[10:49:51] 668.3, 123.5, 5.439
[10:49:52] 668.4, 123.4, 5.393
[10:49:53] 668.4, 123.5, 5.390
[10:49:54] 668.4, 123.5, 5.429
[10:49:55] 668.3, 123.6, 5.380
[10:49:56] 668.4, 123.6, 5.385
[10:49:57] 668.3, 123.4, 5.453
[10:49:58] 668.6, 123.5, 5.422
[10:49:59] 669.1, 123.5, 5.398
[10:50:00] 669.2, 123.4, 5.469
[10:50:01] 669.5, 123.5, 5.394
[10:50:02] 669.7, 123.5, 5.369
[10:50:03] 669.3, 123.4, 5.414
[10:50:04] 669.4, 123.5, 5.397
[10:50:05] 669.4, 123.5, 5.371
[10:50:06] 669.3, 123.5, 5.399
[10:50:07] 669.1, 123.5, 5.432
[10:50:08] 669.1, 123.5, 5.364
[10:50:09] 669.0, 123.6, 5.392
[10:50:10] 668.7, 123.4, 5.433
[10:50:11] 668.7, 123.5, 5.363
[10:50:12] 668.5, 123.6, 5.384
[10:50:13] 668.4, 123.5, 5.436
[10:50:14] 668.5, 123.4, 5.406
[10:50:15] 668.5, 123.6, 5.365
[10:50:16] 668.3, 123.5, 5.424
[10:50:17] 668.4, 123.4, 5.422
[10:50:18] 668.4, 123.6, 5.366
[10:50:19] 668.2, 123.6, 5.394
[10:50:20] 668.1, 123.5, 5.426
[10:50:21] 668.2, 123.6, 5.364
[10:50:22] 668.2, 123.5, 5.391
[10:50:23] 668.0, 123.5, 5.441
[10:50:24] 668.0, 123.6, 5.365
[10:50:25] 668.0, 123.5, 5.382
[10:50:26] 668.0, 123.5, 5.423
[10:50:27] 668.0, 123.5, 5.385
[10:50:28] 668.4, 123.6, 5.385
[10:50:29] 668.3, 123.5, 5.432
[10:50:30] 668.3, 123.6, 5.397
[10:50:31] 668.2, 123.6, 5.369
[10:50:32] 668.0, 123.5, 5.420
[10:50:33] 668.2, 123.6, 5.416
[10:50:34] 668.2, 123.7, 5.355
[10:50:35] 668.0, 123.5, 5.394
[10:50:36] 667.9, 123.6, 5.430
[10:50:37] 668.0, 123.6, 5.378
[10:50:38] 668.0, 123.7, 5.376
[10:50:39] 667.8, 123.5, 5.424
[10:50:40] 667.8, 123.6, 5.398
[10:50:41] 667.9, 123.5, 5.371
[10:50:42] 667.8, 123.6, 5.400
[10:50:43] 667.8, 123.5, 5.424
[10:50:44] 667.9, 123.6, 5.365
[10:50:45] 667.8, 123.5, 5.397
[10:50:46] 667.8, 123.6, 5.418
[10:50:47] 667.7, 123.6, 5.351
[10:50:48] 667.6, 123.5, 5.406
[10:50:49] 667.7, 123.5, 5.455
[10:50:50] 667.9, 123.6, 5.397
[10:50:51] 667.8, 123.5, 5.360
[10:50:52] 667.6, 123.6, 5.399
[10:50:53] 667.6, 123.6, 5.434
[10:50:54] 667.6, 123.6, 5.369
[10:50:55] 667.5, 123.5, 5.366
[10:50:56] 667.4, 123.6, 5.412
[10:50:57] 667.6, 123.6, 5.413
[10:50:58] 667.6, 123.5, 5.359
[10:50:59] 667.4, 123.6, 5.399
[10:51:00] 667.5, 123.5, 5.433
[10:51:01] 667.6, 123.6, 5.365
[10:51:02] 667.6, 123.5, 5.385
[10:51:03] 667.5, 123.6, 5.396
[10:51:04] 667.6, 123.5, 5.368
[10:51:05] 667.5, 123.5, 5.420
[10:51:06] 667.6, 123.6, 5.369
[10:51:07] 667.5, 123.5, 5.376
[10:51:08] 667.5, 123.6, 5.462
[10:51:09] 668.0, 123.6, 5.396
[10:51:10] 668.2, 123.5, 5.372
[10:51:11] 667.9, 123.6, 5.439
[10:51:12] 667.9, 123.6, 5.379
[10:51:13] 667.9, 123.5, 5.383
[10:51:14] 667.9, 123.5, 5.433
[10:51:15] 667.8, 123.5, 5.371
[10:51:16] 667.8, 123.5, 5.378
[10:51:17] 667.8, 123.5, 5.446
[10:51:18] 667.8, 123.4, 5.359
[10:51:19] 667.6, 123.5, 5.395
[10:51:20] 667.7, 123.4, 5.460
[10:51:21] 667.9, 123.5, 5.380
[10:51:22] 667.9, 123.4, 5.387
[10:51:23] 667.6, 123.5, 5.423
[10:51:24] 667.7, 123.4, 5.365
[10:51:25] 667.6, 123.6, 5.385
[10:51:26] 667.6, 123.5, 5.344
[10:51:27] 667.4, 123.5, 5.502
[10:51:28] 679.8, 123.4, 5.498
[10:51:29] 679.7, 123.5, 5.482
[10:51:30] 679.3, 123.4, 5.387
[10:51:31] 665.0, 123.5, 5.369
[10:51:32] 665.2, 123.4, 5.372
[10:51:33] 665.1, 123.5, 5.369
[10:51:34] 665.5, 123.4, 5.390
[10:51:35] 665.5, 123.4, 5.369
[10:51:36] 665.7, 123.5, 5.372
[10:51:37] 665.6, 123.5, 5.368
[10:51:38] 666.0, 123.5, 5.473
[10:51:39] 671.7, 123.5, 5.429
[10:51:40] 664.8, 123.5, 5.477
[10:51:41] 665.0, 123.5, 5.382
[10:51:42] 664.9, 123.5, 5.485
[10:51:43] 665.5, 123.6, 5.421
[10:51:44] 665.3, 123.5, 5.444
[10:51:45] 665.5, 123.5, 5.366
[10:51:46] 665.4, 123.5, 5.472
[10:51:47] 674.7, 123.4, 5.473
[10:51:48] 674.8, 123.6, 5.361
[10:51:49] 667.8, 123.5, 5.364
[10:51:50] 667.5, 123.6, 5.379
[10:51:51] 667.4, 123.5, 5.363
[10:51:52] 667.3, 123.5, 5.365
[10:51:53] 667.2, 123.6, 5.391
[10:51:54] 667.1, 123.5, 5.380
[10:51:55] 666.9, 123.6, 5.370
[10:51:56] 666.9, 123.5, 5.500
[10:51:57] 673.9, 123.6, 5.413
[10:51:58] 664.4, 123.5, 5.460
[10:51:59] 664.6, 123.5, 5.396
[10:52:00] 664.5, 123.5, 5.475
[10:52:01] 665.1, 123.5, 5.437
[10:52:02] 665.1, 123.6, 5.469
[10:52:03] 665.2, 123.5, 5.367
[10:52:04] 665.0, 123.5, 5.488
[10:52:05] 675.6, 123.6, 5.481
[10:52:06] 675.7, 123.5, 5.461
[10:52:07] 675.7, 123.5, 5.449
[10:52:08] 675.6, 123.6, 5.393
[10:52:09] 669.5, 123.5, 5.361
[10:52:10] 664.2, 123.5, 5.357
[10:52:11] 664.4, 123.6, 5.363
[10:52:12] 664.4, 123.4, 5.463
[10:52:13] 669.7, 123.5, 5.368
[10:52:14] 663.8, 123.5, 5.372
[10:52:15] 664.0, 123.5, 5.363
[10:52:16] 664.2, 123.6, 5.481
[10:52:17] 679.0, 123.5, 5.367
[10:52:18] 664.6, 123.6, 5.360
[10:52:19] 664.8, 123.6, 5.357
[10:52:20] 664.8, 123.5, 5.435
[10:52:21] 671.7, 123.6, 5.370
[10:52:22] 665.2, 123.6, 5.356
[10:52:23] 665.3, 123.5, 5.363
[10:52:24] 665.3, 123.6, 5.409
[10:52:25] 671.7, 123.6, 5.486
[10:52:26] 672.1, 123.6, 5.484
[10:52:27] 672.3, 123.5, 5.456
[10:52:28] 671.8, 123.6, 5.474
[10:52:29] 671.2, 123.5, 5.380
[10:52:30] 664.2, 123.5, 5.474
[10:52:31] 664.7, 123.6, 5.422
[10:52:32] 664.7, 123.6, 5.456
[10:52:33] 664.9, 123.6, 5.382
[10:52:34] 664.7, 123.5, 5.482
[10:52:35] 674.3, 123.6, 5.383
[10:52:36] 666.2, 123.5, 5.364
[10:52:37] 666.1, 123.6, 5.364
[10:52:38] 665.8, 123.5, 5.348
[10:52:39] 666.2, 123.5, 5.379
[10:52:40] 666.0, 123.6, 5.364
[10:52:41] 666.0, 123.5, 5.362
[10:52:42] 665.8, 123.6, 5.353
[10:52:43] 666.0, 123.5, 5.470
[10:52:44] 676.2, 123.6, 5.511
[10:52:45] 676.4, 123.5, 5.433
[10:52:46] 676.2, 123.6, 5.474
[10:52:47] 676.4, 123.5, 5.458
[10:52:48] 676.2, 123.6, 5.427
[10:52:49] 670.7, 123.6, 5.442
[10:52:50] 671.1, 123.7, 5.450
[10:52:51] 671.4, 123.5, 5.492
[10:52:52] 678.6, 123.7, 5.358
[10:52:53] 664.0, 123.6, 5.354
[10:52:54] 664.2, 123.6, 5.353
[10:52:55] 664.1, 123.6, 5.357
[10:52:56] 669.9, 123.6, 5.363
[10:52:57] 664.6, 123.6, 5.352
[10:52:58] 664.7, 123.5, 5.356
[10:52:59] 664.5, 123.5, 5.407
[10:53:00] 671.5, 123.6, 5.388
[10:53:01] 671.2, 123.6, 5.352
[10:53:02] 663.6, 123.6, 5.349
[10:53:03] 663.8, 123.6, 5.383
[10:53:04] 664.0, 123.6, 5.378
[10:53:05] 664.5, 123.5, 5.348
[10:53:06] 664.4, 123.7, 5.346
[10:53:07] 664.5, 123.5, 5.377
[10:53:08] 664.6, 123.5, 5.479
[10:53:09] 678.4, 123.5, 5.494
[10:53:10] 677.9, 123.5, 5.351
[10:53:11] 663.0, 123.6, 5.425
[10:53:12] 663.3, 123.5, 5.430
[10:53:13] 663.4, 123.5, 5.477
[10:53:14] 669.3, 123.7, 5.351
[10:53:15] 663.2, 123.6, 5.451
[10:53:16] 663.5, 123.6, 5.403
[10:53:17] 663.6, 123.7, 5.471
[10:53:18] 672.7, 123.6, 5.336
[10:53:19] 665.0, 123.7, 5.352
[10:53:20] 664.9, 123.6, 5.364
[10:53:21] 664.7, 123.7, 5.355
[10:53:22] 664.8, 123.6, 5.347
[10:53:23] 664.6, 123.7, 5.366
[10:53:24] 664.6, 123.6, 5.367
[10:53:25] 664.5, 123.7, 5.356
[10:53:26] 664.5, 123.5, 5.429
[10:53:27] 673.3, 123.5, 5.477
[10:53:28] 673.2, 123.6, 5.474
[10:53:29] 673.6, 123.5, 5.476
[10:53:30] 673.8, 123.6, 5.346
[10:53:31] 662.1, 123.5, 5.396
[10:53:32] 662.3, 123.5, 5.409
[10:53:33] 662.4, 123.6, 5.417
[10:53:34] 662.9, 123.6, 5.345
[10:53:35] 662.8, 123.5, 5.415
[10:53:36] 663.0, 123.6, 5.393
[10:53:37] 663.0, 123.5, 5.430
[10:53:38] 669.5, 123.6, 5.345
[10:53:39] 664.2, 123.6, 5.366
[10:53:40] 664.1, 123.6, 5.356
[10:53:41] 664.1, 123.6, 5.355
[10:53:42] 664.1, 123.6, 5.354
[10:53:43] 664.1, 123.6, 5.346
[10:53:44] 664.2, 123.6, 5.351
[10:53:45] 664.3, 123.6, 5.370
[10:53:46] 664.4, 123.5, 5.440
[10:53:47] 673.3, 123.6, 5.456
[10:53:48] 673.0, 123.5, 5.384
[10:53:49] 664.0, 123.6, 5.408
[10:53:50] 664.0, 123.6, 5.379
[10:53:51] 663.8, 123.6, 5.441
[10:53:52] 664.1, 123.6, 5.377
[10:53:53] 664.0, 123.5, 5.433
[10:53:54] 664.1, 123.6, 5.370
[10:53:55] 663.8, 123.5, 5.448
[10:53:56] 670.9, 123.6, 5.352
[10:53:57] 664.6, 123.6, 5.362
[10:53:58] 664.5, 123.5, 5.364
[10:53:59] 664.3, 123.7, 5.347
[10:54:00] 664.4, 123.6, 5.346
[10:54:01] 664.3, 123.7, 5.357
[10:54:02] 664.3, 123.6, 5.363
[10:54:03] 664.2, 123.6, 5.356
[10:54:04] 664.2, 123.7, 5.417
[10:54:05] 671.5, 123.6, 5.428
[10:54:06] 671.4, 123.6, 5.439
[10:54:07] 671.5, 123.7, 5.439
[10:54:08] 671.9, 123.7, 5.476
[10:54:09] 672.3, 123.6, 5.447
[10:54:10] 672.6, 123.6, 5.453
[10:54:11] 672.9, 123.6, 5.443
[10:54:12] 673.0, 123.6, 5.453
[10:54:13] 673.1, 123.6, 5.460
[10:54:14] 673.2, 123.6, 5.453
[10:54:15] 673.4, 123.5, 5.456
[10:54:16] 673.5, 123.6, 5.459
[10:54:17] 673.6, 123.7, 5.441
[10:54:18] 673.6, 123.6, 5.451
[10:54:19] 673.6, 123.5, 5.466
[10:54:20] 673.6, 123.5, 5.453
[10:54:21] 673.7, 123.6, 5.437
[10:54:22] 673.6, 123.6, 5.438
[10:54:23] 673.6, 123.6, 5.434
[10:54:24] 673.5, 123.6, 5.452
[10:54:25] 673.4, 123.5, 5.452
[10:54:26] 673.4, 123.5, 5.459
[10:54:27] 673.5, 123.6, 5.471
[10:54:28] 673.9, 123.6, 5.390
[10:54:29] 668.4, 123.5, 5.369
[10:54:30] 667.8, 123.6, 5.447
[10:54:31] 667.4, 123.6, 5.408
[10:54:32] 666.9, 123.6, 5.493
[10:54:33] 667.2, 123.6, 5.337
[10:54:34] 666.8, 123.7, 5.343
[10:54:35] 666.6, 123.6, 5.360
[10:54:36] 666.2, 123.5, 5.358
[10:54:37] 666.3, 123.6, 5.477
[10:54:38] 672.7, 123.6, 5.345
[10:54:39] 663.0, 123.6, 5.370
[10:54:40] 663.3, 123.7, 5.344
[10:54:41] 663.3, 123.6, 5.352
[10:54:42] 669.9, 123.6, 5.369
[10:54:43] 663.2, 123.6, 5.371
[10:54:44] 663.3, 123.5, 5.368
[10:54:45] 663.4, 123.6, 5.383
[10:54:46] 663.6, 123.6, 5.510
[10:54:47] 679.2, 123.6, 5.491
[10:54:48] 678.8, 123.6, 5.361
[10:54:49] 663.6, 123.6, 5.364
[10:54:50] 663.9, 123.5, 5.359
[10:54:51] 663.8, 123.6, 5.364
[10:54:52] 664.1, 123.6, 5.364
[10:54:53] 664.4, 123.5, 5.341
[10:54:54] 664.3, 123.6, 5.356
[10:54:55] 664.4, 123.6, 5.355
[10:54:56] 664.3, 123.5, 5.505
[10:54:57] 677.6, 123.6, 5.376
[10:54:58] 664.4, 123.6, 5.384
[10:54:59] 664.3, 123.5, 5.360
[10:55:00] 664.3, 123.6, 5.355
[10:55:01] 664.3, 123.4, 5.437
[10:55:02] 671.1, 123.5, 5.387
[10:55:03] 663.2, 123.6, 5.470
[10:55:04] 663.5, 123.5, 5.410
[10:55:05] 663.5, 123.6, 5.481
[10:55:06] 673.1, 123.6, 5.500
[10:55:07] 678.6, 123.5, 5.489
[10:55:08] 678.3, 123.6, 5.473
[10:55:09] 678.2, 123.6, 5.466
[10:55:10] 670.3, 123.5, 5.406
[10:55:11] 663.4, 123.6, 5.425
[10:55:12] 663.6, 123.5, 5.361
[10:55:13] 663.6, 123.6, 5.363
[10:55:14] 670.1, 123.6, 5.388
[10:55:15] 663.6, 123.5, 5.386
[10:55:16] 663.7, 123.6, 5.355
[10:55:17] 663.8, 123.5, 5.388
[10:55:18] 663.9, 123.5, 5.520
[10:55:19] 679.4, 123.5, 5.375
[10:55:20] 666.6, 123.6, 5.379
[10:55:21] 666.8, 123.5, 5.379
[10:55:22] 666.6, 123.6, 5.371
[10:55:23] 666.8, 123.5, 5.369
[10:55:24] 667.0, 123.6, 5.373
[10:55:25] 666.8, 123.6, 5.378
[10:55:26] 666.9, 123.6, 5.362
[10:55:27] 666.5, 123.5, 5.466
[10:55:28] 675.4, 123.6, 5.441
[10:55:29] 675.5, 123.5, 5.404
[10:55:30] 669.5, 123.6, 5.376
[10:55:31] 663.2, 123.6, 5.445
[10:55:32] 663.6, 123.6, 5.400
[10:55:33] 663.6, 123.6, 5.496
[10:55:34] 670.1, 123.6, 5.344
[10:55:35] 663.4, 123.6, 5.357
[10:55:36] 663.7, 123.6, 5.363
[10:55:37] 663.7, 123.6, 5.350
[10:55:38] 664.3, 123.7, 5.494
[10:55:39] 673.1, 123.5, 5.369
[10:55:40] 663.6, 123.5, 5.419
[10:55:41] 663.9, 123.7, 5.350
[10:55:42] 663.8, 123.6, 5.357
[10:55:43] 669.7, 123.5, 5.375
[10:55:44] 663.6, 123.6, 5.363
[10:55:45] 663.8, 123.6, 5.390
[10:55:46] 663.9, 123.5, 5.373
[10:55:47] 663.9, 123.6, 5.488
[10:55:48] 677.0, 123.6, 5.498
[10:55:49] 677.3, 123.6, 5.440
[10:55:50] 676.8, 123.6, 5.495
[10:55:51] 677.0, 123.6, 5.491
[10:55:52] 677.0, 123.6, 5.461
[10:55:53] 676.5, 123.6, 5.445
[10:55:54] 676.0, 123.5, 5.487
[10:55:55] 675.9, 123.6, 5.488
[10:55:56] 676.1, 123.6, 5.357
[10:55:57] 666.6, 123.7, 5.349
[10:55:58] 666.2, 123.6, 5.362
[10:55:59] 666.1, 123.7, 5.355
[10:56:00] 665.8, 123.6, 5.506
[10:56:01] 666.3, 123.6, 5.411
[10:56:02] 666.0, 123.6, 5.440
[10:56:03] 666.0, 123.5, 5.363
[10:56:04] 665.7, 123.5, 5.412
[10:56:05] 671.5, 123.5, 5.406
[10:56:06] 671.3, 123.5, 5.366
[10:56:07] 663.2, 123.5, 5.430
[10:56:08] 663.5, 123.6, 5.396
[10:56:09] 663.5, 123.5, 5.495
[10:56:10] 670.1, 123.6, 5.357
[10:56:11] 663.6, 123.6, 5.363
[10:56:12] 663.9, 123.6, 5.357
[10:56:13] 663.8, 123.6, 5.352
[10:56:14] 664.4, 123.6, 5.506
[10:56:15] 679.6, 123.5, 5.496
[10:56:16] 672.3, 123.5, 5.412
[10:56:17] 663.8, 123.5, 5.454
[10:56:18] 664.0, 123.5, 5.359
[10:56:19] 663.9, 123.6, 5.406
[10:56:20] 670.7, 123.6, 5.373
[10:56:21] 664.0, 123.6, 5.371
[10:56:22] 664.2, 123.5, 5.379
[10:56:23] 664.1, 123.5, 5.372
[10:56:24] 664.3, 123.5, 5.511
[10:56:25] 676.4, 123.6, 5.360
[10:56:26] 663.6, 123.6, 5.361
[10:56:27] 663.8, 123.6, 5.371
[10:56:28] 663.8, 123.6, 5.362
[10:56:29] 664.3, 123.5, 5.353
[10:56:30] 664.3, 123.6, 5.358
[10:56:31] 664.1, 123.5, 5.366
[10:56:32] 664.4, 123.4, 5.368
[10:56:33] 664.3, 123.4, 5.498
[10:56:34] 676.6, 123.5, 5.497
[10:56:35] 676.7, 123.5, 5.502
[10:56:36] 677.1, 123.6, 5.509
[10:56:37] 677.3, 123.6, 5.361
[10:56:38] 664.0, 123.5, 5.378
[10:56:39] 664.0, 123.6, 5.359
[10:56:40] 664.2, 123.6, 5.362
[10:56:41] 664.3, 123.6, 5.448
[10:56:42] 671.1, 123.6, 5.394
[10:56:43] 663.2, 123.6, 5.471
[10:56:44] 663.6, 123.6, 5.419
[10:56:45] 663.7, 123.5, 5.472
[10:56:46] 673.5, 123.5, 5.368
[10:56:47] 666.6, 123.5, 5.367
[10:56:48] 666.3, 123.5, 5.380
[10:56:49] 666.3, 123.5, 5.375
[10:56:50] 666.1, 123.5, 5.473
[10:56:51] 666.6, 123.6, 5.366
[10:56:52] 666.3, 123.6, 5.370
[10:56:53] 666.4, 123.6, 5.366
[10:56:54] 666.0, 123.5, 5.350
[10:56:55] 666.4, 123.4, 5.491
[10:56:56] 679.8, 123.5, 5.471
[10:56:57] 670.1, 123.6, 5.417
[10:56:58] 663.4, 123.6, 5.454
[10:56:59] 663.6, 123.5, 5.426
[10:57:00] 663.6, 123.5, 5.459
[10:57:01] 669.9, 123.6, 5.346
[10:57:02] 663.0, 123.6, 5.359
[10:57:03] 663.3, 123.5, 5.375
[10:57:04] 663.5, 123.5, 5.371
[10:57:05] 664.0, 123.6, 5.495
[10:57:06] 675.0, 123.6, 5.355
[10:57:07] 663.4, 123.5, 5.370
[10:57:08] 663.8, 123.5, 5.375
[10:57:09] 664.0, 123.6, 5.365
[10:57:10] 669.3, 123.6, 5.358
[10:57:11] 663.8, 123.5, 5.395
[10:57:12] 664.0, 123.5, 5.357
[10:57:13] 664.3, 123.5, 5.361
[10:57:14] 664.3, 123.6, 5.474
[10:57:15] 677.0, 123.6, 5.483
[10:57:16] 677.1, 123.4, 5.515
[10:57:17] 677.5, 123.5, 5.478
[10:57:18] 677.6, 123.5, 5.509
[10:57:19] 677.7, 123.6, 5.506
[10:57:20] 677.9, 123.5, 5.501
[10:57:21] 678.0, 123.5, 5.492
[10:57:22] 677.8, 123.5, 5.493
[10:57:23] 677.5, 123.5, 5.469
[10:57:24] 677.1, 123.5, 5.484
[10:57:25] 677.0, 123.6, 5.461
[10:57:26] 676.7, 123.5, 5.440
[10:57:27] 676.2, 123.5, 5.494
[10:57:28] 676.4, 123.5, 5.489
[10:57:29] 676.6, 123.6, 5.493
[10:57:30] 676.5, 123.6, 5.447
[10:57:31] 676.1, 123.5, 5.469
[10:57:32] 675.8, 123.5, 5.453
[10:57:33] 675.5, 123.5, 5.443
[10:57:34] 675.1, 123.6, 5.438
[10:57:35] 674.5, 123.6, 5.431
[10:57:36] 674.0, 123.6, 5.252
[10:57:37] 652.8, 123.5, 5.249
[10:57:38] 646.5, 123.7, 5.244
[10:57:39] 646.5, 123.6, 5.241
[10:57:40] 646.5, 123.6, 5.246
[10:57:41] 646.5, 123.0, 7.354
[10:57:42] 798.1, 123.6, 5.238
[10:57:43] 646.1, 123.6, 5.241
[10:57:44] 646.1, 123.7, 5.244
[10:57:45] 646.2, 123.7, 5.245
[10:57:46] 646.1, 123.5, 5.432
[10:57:47] 777.0, 123.6, 5.347
[10:57:48] 713.4, 123.6, 5.242
[10:57:49] 646.5, 123.6, 5.229
[10:57:50] 646.4, 123.7, 5.235
[10:57:51] 646.3, 123.7, 5.245
[10:57:52] 646.3, 123.1, 7.473
[10:57:53] 917.6, 123.5, 5.369
[10:57:54] 715.6, 123.6, 5.238
[10:57:55] 646.3, 123.6, 5.242
[10:57:56] 646.3, 123.5, 5.250
[10:57:57] 646.4, 123.6, 5.249
[10:57:58] 653.2, 123.1, 7.480
[10:57:59] 922.1, 123.0, 7.489
[10:58:00] 921.7, 123.5, 5.309
[10:58:01] 687.4, 123.6, 5.251
[10:58:02] 647.7, 123.5, 5.248
[10:58:03] 647.6, 123.6, 5.253
[10:58:04] 647.5, 123.5, 5.251
[10:58:05] 674.8, 123.1, 7.486
[10:58:06] 922.1, 123.1, 7.494
[10:58:07] 922.2, 123.0, 7.495
[10:58:08] 922.3, 123.1, 7.506
[10:58:09] 911.1, 123.6, 5.279
[10:58:10] 667.4, 123.5, 5.245
[10:58:11] 648.1, 123.6, 5.259
[10:58:12] 648.0, 123.6, 5.255
[10:58:13] 647.9, 123.6, 5.254
[10:58:14] 718.7, 123.0, 7.485
[10:58:15] 922.5, 122.9, 7.490
[10:58:16] 922.6, 123.0, 7.510
[10:58:17] 922.8, 123.0, 7.512
[10:58:18] 923.0, 122.9, 7.516
[10:58:19] 923.3, 123.0, 7.525
[10:58:20] 923.7, 123.0, 7.527
[10:58:21] 924.0, 123.0, 7.355
[10:58:22] 837.4, 123.5, 5.253
[10:58:23] 649.5, 123.6, 5.271
[10:58:24] 649.4, 123.6, 5.266
[10:58:25] 649.2, 123.6, 5.263
[10:58:26] 649.1, 123.2, 6.919
[10:58:27] 807.1, 123.1, 7.494
[10:58:28] 923.5, 123.1, 7.505
[10:58:29] 923.6, 123.1, 7.514
[10:58:30] 923.7, 123.1, 7.518
[10:58:31] 924.0, 123.1, 7.520
[10:58:32] 924.3, 123.0, 7.530
[10:58:33] 924.6, 123.0, 7.534
[10:58:34] 924.9, 123.0, 7.525
[10:58:35] 925.2, 122.9, 7.531
[10:58:36] 925.5, 122.9, 7.528
[10:58:37] 925.7, 123.0, 7.537
[10:58:38] 926.0, 123.0, 7.530
[10:58:39] 926.2, 123.0, 7.544
[10:58:40] 926.5, 123.0, 7.540
[10:58:41] 926.7, 123.0, 7.530
[10:58:42] 874.2, 123.6, 5.268
[10:58:43] 650.4, 123.6, 5.279
[10:58:44] 650.3, 123.7, 5.274
[10:58:45] 650.2, 123.6, 5.266
