<<<[16:25:27] 647.3, 122.3, 5.257
[16:25:28] 646.8, 122.3, 5.260
[16:25:29] 646.5, 122.3, 5.495
[16:25:30] 665.2, 122.3, 5.444
[16:25:31] 665.1, 122.2, 5.423
[16:25:32] 665.1, 122.2, 5.415
[16:25:33] 665.1, 122.1, 5.503
[16:25:34] 665.5, 122.3, 5.472
[16:25:35] 665.6, 122.2, 5.423
[16:25:36] 665.5, 122.2, 5.387
[16:25:37] 665.2, 122.1, 5.465
[16:25:38] 665.4, 122.2, 5.494
[16:25:39] 665.4, 122.1, 5.456
[16:25:40] 665.5, 122.2, 5.388
[16:25:41] 665.3, 122.1, 5.421
[16:25:42] 665.4, 122.1, 5.496
[16:25:43] 665.4, 122.3, 5.402
[16:25:44] 665.2, 122.1, 5.402
[16:25:45] 665.1, 122.3, 5.494
[16:25:46] 665.3, 122.2, 5.422
[16:25:47] 665.2, 122.3, 5.405
[16:25:48] 664.9, 122.2, 5.536
[16:25:49] 665.1, 122.2, 5.399
[16:25:50] 664.8, 122.3, 5.396
[16:25:51] 664.5, 122.2, 5.521
[16:25:52] 664.8, 122.3, 5.392
[16:25:53] 664.7, 122.4, 5.392
[16:25:54] 664.4, 122.3, 5.550
[16:25:55] 673.5, 122.4, 5.389
[16:25:56] 661.7, 122.3, 5.397
[16:25:57] 662.0, 122.3, 5.398
[16:25:58] 662.5, 122.5, 5.443
[16:25:59] 662.5, 122.4, 5.400
[16:26:00] 662.7, 122.4, 5.489
[16:26:01] 671.1, 122.3, 5.511
[16:26:02] 671.6, 122.4, 5.390
[16:26:03] 661.3, 122.3, 5.482
[16:26:04] 661.5, 122.3, 5.387
[16:26:05] 661.8, 122.4, 5.390
[16:26:06] 662.2, 122.3, 5.387
[16:26:07] 662.3, 122.4, 5.437
[16:26:08] 662.2, 122.3, 5.530
[16:26:09] 673.1, 122.3, 5.387
[16:26:10] 661.5, 122.4, 5.424
[16:26:11] 661.6, 122.3, 5.394
[16:26:12] 662.0, 122.4, 5.389
[16:26:13] 662.1, 122.3, 5.438
[16:26:14] 662.3, 122.4, 5.418
[16:26:15] 662.3, 122.2, 5.565
[16:26:16] 678.8, 122.3, 5.565
[16:26:17] 678.3, 122.3, 5.559
[16:26:18] 673.1, 122.3, 5.439
[16:26:19] 664.2, 122.3, 5.442
[16:26:20] 664.0, 122.4, 5.292
[16:26:21] 648.1, 122.3, 5.281
[16:26:22] 647.7, 122.4, 5.253
[16:26:23] 647.1, 122.3, 5.255
[16:26:24] 646.7, 122.3, 5.254
[16:26:25] 681.9, 122.3, 5.327
[16:26:26] 703.8, 122.3, 5.258
[16:26:27] 643.7, 122.3, 5.257
[16:26:28] 643.6, 122.4, 5.248
[16:26:29] 643.6, 122.3, 5.247
[16:26:30] 673.7, 122.3, 5.336
[16:26:31] 705.6, 122.3, 5.255
[16:26:32] 643.6, 122.4, 5.254
[16:26:33] 643.6, 122.3, 5.254
[16:26:34] 643.5, 122.3, 5.252
[16:26:35] 660.3, 122.4, 5.337
[16:26:36] 711.5, 122.3, 5.280
[16:26:37] 644.9, 122.4, 5.274
[16:26:38] 644.8, 122.3, 5.249
[16:26:39] 644.6, 122.4, 5.254
[16:26:40] 644.4, 122.2, 6.378
[16:26:41] 763.2, 122.3, 5.255
[16:26:42] 643.6, 122.3, 5.257
[16:26:43] 643.5, 122.3, 5.249
[16:26:44] 643.5, 122.5, 5.249
[16:26:45] 643.5, 121.7, 8.021
[16:26:46] 832.3, 122.4, 5.251
[16:26:47] 643.7, 122.5, 5.250
[16:26:48] 643.6, 122.4, 5.248
[16:26:49] 643.6, 122.4, 5.248
[16:26:50] 643.5, 122.4, 5.275
[16:26:51] 765.8, 121.9, 7.539
[16:26:52] 850.4, 122.3, 5.258
[16:26:53] 643.9, 122.4, 5.252
[16:26:54] 643.8, 122.4, 5.252
[16:26:55] 643.8, 122.3, 5.278
[16:26:56] 643.8, 121.9, 7.346
[16:26:57] 840.6, 121.7, 8.102
[16:26:58] 985.9, 122.3, 5.383
[16:26:59] 713.8, 122.4, 5.257
[16:27:00] 644.1, 122.4, 5.256
[16:27:01] 644.0, 122.4, 5.255
[16:27:02] 644.0, 122.3, 5.258
[16:27:03] 644.5, 121.6, 8.104
[16:27:04] 988.2, 121.5, 8.116
[16:27:05] 988.2, 121.6, 8.128
[16:27:06] 988.4, 122.1, 6.732
[16:27:07] 776.0, 122.4, 5.270
[16:27:08] 645.5, 122.3, 5.289
[16:27:09] 645.5, 122.4, 5.289
[16:27:10] 645.5, 122.3, 5.257
[16:27:11] 645.3, 121.7, 8.092
[16:27:12] 954.0, 121.7, 8.112
[16:27:13] 988.8, 121.7, 8.124
[16:27:14] 989.0, 121.7, 8.133
[16:27:15] 989.2, 121.7, 8.143
[16:27:16] 989.6, 121.7, 8.145
[16:27:17] 990.0, 121.9, 7.400
[16:27:18] 850.0, 122.4, 5.280
[16:27:19] 646.9, 122.3, 5.271
[16:27:20] 646.7, 122.4, 5.264
[16:27:21] 646.5, 122.3, 5.269
[16:27:22] 646.4, 121.7, 7.945
[16:27:23] 880.0, 121.6, 8.127
[16:27:24] 990.0, 121.6, 8.136
[16:27:25] 990.1, 121.6, 8.144
[16:27:26] 990.4, 121.6, 8.151
[16:27:27] 990.6, 121.6, 8.158
[16:27:28] 991.0, 121.6, 8.163
[16:27:29] 991.4, 121.5, 8.162
[16:27:30] 991.8, 121.7, 8.170
[16:27:31] 992.1, 121.6, 8.162
[16:27:32] 992.5, 121.7, 8.162
[16:27:33] 992.8, 121.6, 8.169
[16:27:34] 993.1, 121.6, 8.173
[16:27:35] 908.1, 122.4, 5.289
[16:27:36] 647.9, 122.3, 5.281
[16:27:37] 647.7, 122.4, 5.271
[16:27:38] 647.5, 122.4, 5.270
