<<<[13:14:29] 646.1, 122.8, 5.252
[13:14:30] 645.9, 122.9, 5.255
[13:14:31] 645.6, 122.9, 5.384
[13:14:32] 660.5, 122.9, 5.258
[13:14:33] 646.5, 122.9, 5.254
[13:14:34] 646.1, 122.9, 5.256
[13:14:35] 645.9, 122.9, 5.257
[13:14:36] 645.6, 123.0, 5.256
[13:14:37] 645.4, 122.5, 7.222
[13:14:38] 740.0, 122.9, 5.259
[13:14:39] 644.3, 123.0, 5.255
[13:14:40] 644.3, 123.0, 5.254
[13:14:41] 644.3, 123.0, 5.254
[13:14:42] 644.2, 122.4, 7.224
[13:14:43] 739.0, 122.9, 5.253
[13:14:44] 643.4, 122.9, 5.256
[13:14:45] 643.5, 122.9, 5.256
[13:14:46] 643.7, 122.9, 5.258
[13:14:47] 643.9, 122.5, 7.217
[13:14:48] 739.0, 122.9, 5.253
[13:14:49] 643.4, 122.9, 5.247
[13:14:50] 643.3, 122.9, 5.250
[13:14:51] 643.3, 122.9, 5.249
[13:14:52] 643.3, 122.4, 7.211
[13:14:53] 738.0, 122.9, 5.230
[13:14:54] 642.8, 122.9, 5.252
[13:14:55] 642.8, 122.9, 5.249
[13:14:56] 642.9, 122.9, 5.248
[13:14:57] 642.9, 122.4, 7.209
[13:14:58] 737.6, 122.9, 5.248
[13:14:59] 643.2, 122.9, 5.251
[13:15:00] 643.2, 122.8, 5.254
[13:15:01] 643.1, 122.8, 5.252
[13:15:02] 643.1, 122.4, 7.202
[13:15:03] 737.2, 122.8, 5.253
[13:15:04] 643.2, 122.8, 5.249
[13:15:05] 643.2, 122.8, 5.247
[13:15:06] 643.1, 122.7, 5.249
[13:15:07] 643.1, 122.3, 7.196
[13:15:08] 735.9, 122.8, 5.251
[13:15:09] 643.0, 122.8, 5.231
[13:15:10] 642.9, 122.8, 5.251
[13:15:11] 642.9, 122.8, 5.251
[13:15:12] 642.9, 122.3, 7.189
[13:15:13] 734.1, 122.7, 5.254
[13:15:14] 643.4, 122.8, 5.250
[13:15:15] 643.3, 122.8, 5.249
[13:15:16] 643.3, 122.9, 5.246
[13:15:17] 643.2, 122.4, 7.167
[13:15:18] 730.2, 122.9, 5.249
[13:15:19] 643.4, 122.9, 5.247
[13:15:20] 643.3, 122.8, 5.244
[13:15:21] 643.2, 122.8, 5.242
[13:15:22] 643.1, 122.4, 7.148
[13:15:23] 722.9, 122.8, 5.247
[13:15:24] 643.0, 122.8, 5.247
[13:15:25] 643.0, 122.9, 5.224
[13:15:26] 642.9, 122.9, 5.242
[13:15:27] 642.8, 122.4, 7.084
[13:15:28] 758.1, 122.8, 5.248
[13:15:29] 643.2, 122.9, 5.243
[13:15:30] 643.1, 122.9, 5.243
[13:15:31] 643.1, 122.9, 5.241
[13:15:32] 643.0, 122.9, 5.241
[13:15:33] 763.2, 122.9, 5.253
[13:15:34] 660.1, 123.0, 5.242
[13:15:35] 643.0, 122.9, 5.238
[13:15:36] 642.9, 122.9, 5.241
[13:15:37] 642.9, 123.0, 5.240
[13:15:38] 684.1, 122.4, 7.400
[13:15:39] 831.7, 122.9, 5.246
[13:15:40] 643.6, 123.0, 5.243
[13:15:41] 643.5, 122.9, 5.228
[13:15:42] 643.4, 122.8, 5.248
[13:15:43] 643.4, 122.4, 6.901
[13:15:44] 809.5, 122.3, 7.694
[13:15:45] 891.8, 122.8, 5.257
[13:15:46] 644.3, 122.9, 5.249
[13:15:47] 644.2, 122.8, 5.262
[13:15:48] 644.1, 122.9, 5.248
[13:15:49] 644.0, 122.9, 5.244
[13:15:50] 767.0, 122.3, 7.697
[13:15:51] 942.6, 122.3, 7.720
[13:15:52] 937.2, 122.9, 5.277
[13:15:53] 669.3, 122.9, 5.258
[13:15:54] 644.7, 122.8, 5.257
[13:15:55] 644.7, 122.9, 5.246
[13:15:56] 644.5, 122.9, 5.246
[13:15:57] 683.7, 122.2, 7.699
[13:15:58] 942.6, 122.2, 7.727
[13:15:59] 942.9, 122.3, 7.735
[13:16:00] 943.4, 122.4, 7.746
[13:16:01] 948.5, 122.4, 7.441
[13:16:02] 844.7, 123.0, 5.269
[13:16:03] 647.1, 122.9, 5.261
[13:16:04] 646.9, 122.9, 5.269
[13:16:05] 646.8, 123.0, 5.264
[13:16:06] 646.7, 122.5, 7.076
[13:16:07] 817.4, 122.4, 7.723
[13:16:08] 945.7, 122.4, 7.736
[13:16:09] 945.9, 122.5, 7.738
[13:16:10] 946.2, 122.4, 7.740
[13:16:11] 946.5, 122.3, 7.744
[13:16:12] 946.8, 122.4, 7.757
[13:16:13] 947.2, 122.4, 7.751
[13:16:14] 947.5, 122.4, 7.750
[13:16:15] 947.7, 122.5, 7.701
[13:16:16] 854.4, 122.9, 5.276
[13:16:17] 647.9, 123.0, 5.266
[13:16:18] 647.7, 122.9, 5.258
[13:16:19] 647.5, 123.0, 5.252
[13:16:20] 647.2, 122.8, 5.493
[13:16:21] 787.6, 122.3, 7.718
[13:16:22] 946.1, 122.3, 7.740
[13:16:23] 946.2, 122.4, 7.735
[13:16:24] 946.4, 122.4, 7.746
[13:16:25] 946.7, 122.3, 7.747
[13:16:26] 947.0, 122.3, 7.755
[13:16:27] 947.4, 122.2, 7.758
[13:16:28] 947.8, 122.4, 7.756
[13:16:29] 948.1, 122.4, 7.762
[13:16:30] 948.5, 122.3, 7.771
[13:16:31] 948.8, 122.3, 7.764
[13:16:32] 949.1, 122.3, 7.763
[13:16:33] 949.4, 122.4, 7.763
[13:16:34] 949.6, 122.4, 7.761
[13:16:35] 949.7, 122.4, 7.764
[13:16:36] 949.9, 122.3, 7.770
[13:16:37] 950.1, 122.3, 7.769
[13:16:38] 950.3, 122.3, 7.774
[13:16:39] 872.1, 123.0, 5.290
[13:16:40] 649.3, 123.0, 5.277
[13:16:41] 649.1, 123.0, 5.268
[13:16:42] 648.8, 122.9, 5.274
