<<<[12:56:38] 644.9, 123.2, 5.221
[12:56:39] 644.7, 123.2, 5.223
[12:56:40] 644.6, 123.2, 5.221
[12:56:41] 645.2, 123.2, 5.375
[12:56:42] 666.6, 123.2, 5.387
[12:56:43] 666.6, 123.2, 5.434
[12:56:44] 666.7, 123.2, 5.432
[12:56:45] 666.9, 123.2, 5.390
[12:56:46] 667.0, 123.2, 5.387
[12:56:47] 667.1, 123.2, 5.442
[12:56:48] 667.4, 123.2, 5.442
[12:56:49] 667.6, 123.1, 5.400
[12:56:50] 667.4, 123.2, 5.439
[12:56:51] 667.3, 123.1, 5.385
[12:56:52] 667.1, 123.2, 5.390
[12:56:53] 666.6, 123.2, 5.364
[12:56:54] 666.2, 123.2, 5.347
[12:56:55] 659.5, 123.2, 5.344
[12:56:56] 659.6, 123.2, 5.343
[12:56:57] 659.9, 123.1, 5.345
[12:56:58] 660.0, 123.1, 5.346
[12:56:59] 660.2, 123.1, 5.343
[12:57:00] 660.0, 123.1, 5.344
[12:57:01] 660.6, 123.1, 5.355
[12:57:02] 660.9, 123.1, 5.343
[12:57:03] 660.7, 123.1, 5.344
[12:57:04] 660.7, 123.1, 5.346
[12:57:05] 661.0, 123.1, 5.344
[12:57:06] 660.8, 123.2, 5.343
[12:57:07] 660.7, 123.1, 5.343
[12:57:08] 660.5, 123.1, 5.408
[12:57:09] 667.4, 123.1, 5.454
[12:57:10] 667.8, 123.1, 5.342
[12:57:11] 658.7, 123.0, 5.344
[12:57:12] 658.7, 123.0, 5.345
[12:57:13] 658.8, 123.1, 5.344
[12:57:14] 658.8, 123.0, 5.452
[12:57:15] 659.4, 123.0, 5.341
[12:57:16] 659.3, 123.1, 5.343
[12:57:17] 659.5, 123.0, 5.342
[12:57:18] 659.4, 123.1, 5.346
[12:57:19] 659.2, 123.1, 5.459
[12:57:20] 669.9, 123.1, 5.343
[12:57:21] 657.7, 123.1, 5.342
[12:57:22] 657.8, 123.1, 5.362
[12:57:23] 658.2, 123.1, 5.372
[12:57:24] 658.3, 123.2, 5.339
[12:57:25] 658.8, 123.3, 5.333
[12:57:26] 658.8, 123.1, 5.345
[12:57:27] 658.8, 123.2, 5.425
[12:57:28] 659.0, 123.2, 5.337
[12:57:29] 659.0, 123.2, 5.337
[12:57:30] 658.9, 123.2, 5.477
[12:57:31] 672.9, 123.2, 5.453
[12:57:32] 672.7, 123.3, 5.218
[12:57:33] 643.2, 123.2, 5.220
[12:57:34] 643.2, 123.2, 5.220
[12:57:35] 643.2, 123.2, 5.219
[12:57:36] 643.2, 123.2, 5.220
[12:57:37] 643.2, 123.1, 5.766
[12:57:38] 743.9, 123.1, 5.217
[12:57:39] 642.6, 123.1, 5.215
[12:57:40] 642.6, 123.1, 5.217
[12:57:41] 642.6, 123.1, 5.218
[12:57:42] 642.6, 122.6, 7.238
[12:57:43] 773.5, 123.1, 5.221
[12:57:44] 643.0, 123.1, 5.220
[12:57:45] 642.9, 123.1, 5.219
[12:57:46] 642.9, 123.2, 5.215
[12:57:47] 642.9, 122.6, 7.539
[12:57:48] 791.2, 123.2, 5.223
[12:57:49] 643.4, 123.2, 5.220
[12:57:50] 643.3, 123.2, 5.217
[12:57:51] 643.2, 123.2, 5.217
[12:57:52] 643.1, 123.1, 5.218
[12:57:53] 749.5, 122.6, 7.270
[12:57:54] 811.7, 123.1, 5.225
[12:57:55] 643.6, 123.1, 5.222
[12:57:56] 643.5, 123.1, 5.220
[12:57:57] 643.4, 123.2, 5.219
[12:57:58] 643.4, 122.6, 7.458
[12:57:59] 839.6, 122.6, 7.638
[12:58:00] 922.9, 123.3, 5.232
[12:58:01] 652.2, 123.2, 5.224
[12:58:02] 643.7, 123.2, 5.220
[12:58:03] 643.6, 123.3, 5.218
[12:58:04] 643.5, 123.2, 5.217
[12:58:05] 727.4, 122.6, 7.634
[12:58:06] 936.6, 122.5, 7.655
[12:58:07] 936.9, 122.5, 7.473
[12:58:08] 832.5, 123.2, 5.234
[12:58:09] 644.9, 123.1, 5.229
[12:58:10] 644.8, 123.1, 5.225
[12:58:11] 644.6, 123.1, 5.220
[12:58:12] 644.4, 122.7, 6.440
[12:58:13] 798.5, 122.5, 7.654
[12:58:14] 938.2, 122.6, 7.656
[12:58:15] 938.3, 122.6, 7.672
[12:58:16] 938.7, 122.5, 7.685
[12:58:17] 939.1, 122.5, 7.692
[12:58:18] 939.3, 123.1, 5.334
[12:58:19] 709.9, 123.1, 5.244
[12:58:20] 645.3, 123.1, 5.236
[12:58:21] 645.2, 123.2, 5.231
[12:58:22] 645.0, 123.2, 5.229
[12:58:23] 645.6, 122.6, 7.643
[12:58:24] 938.8, 122.5, 7.668
[12:58:25] 939.0, 122.5, 7.675
[12:58:26] 939.3, 122.5, 7.695
[12:58:27] 939.7, 122.5, 7.691
[12:58:28] 940.1, 122.5, 7.699
[12:58:29] 940.6, 122.5, 7.708
[12:58:30] 941.0, 122.5, 7.702
[12:58:31] 941.5, 122.5, 7.715
[12:58:32] 942.0, 122.5, 7.709
[12:58:33] 942.3, 122.5, 7.720
[12:58:34] 931.9, 123.1, 5.261
[12:58:35] 647.9, 123.1, 5.250
[12:58:36] 647.7, 123.1, 5.243
[12:58:37] 647.4, 123.1, 5.239
[12:58:38] 647.0, 123.2, 5.232
