<<<[23:34:56] 645.9, 124.0, 5.184
[23:34:57] 645.6, 124.1, 5.183
[23:34:58] 645.3, 124.0, 5.346
[23:34:59] 656.3, 124.0, 5.331
[23:35:00] 656.8, 124.0, 5.328
[23:35:01] 657.3, 124.0, 5.276
[23:35:02] 650.2, 124.0, 5.206
[23:35:03] 644.5, 124.0, 5.187
[23:35:04] 644.4, 124.1, 5.184
[23:35:05] 644.3, 124.0, 5.185
[23:35:06] 676.2, 124.1, 5.268
[23:35:07] 707.1, 124.1, 5.179
[23:35:08] 643.4, 124.1, 5.181
[23:35:09] 643.4, 124.2, 5.179
[23:35:10] 643.3, 124.1, 5.176
[23:35:11] 666.4, 124.1, 5.270
[23:35:12] 709.3, 124.2, 5.177
[23:35:13] 643.2, 124.1, 5.176
[23:35:14] 643.2, 124.1, 5.182
[23:35:15] 643.1, 124.2, 5.178
[23:35:16] 665.0, 124.1, 5.279
[23:35:17] 710.1, 124.1, 5.176
[23:35:18] 643.2, 124.1, 5.177
[23:35:19] 643.1, 124.1, 5.181
[23:35:20] 643.2, 124.1, 5.182
[23:35:21] 662.6, 124.1, 5.291
[23:35:22] 712.2, 124.1, 5.183
[23:35:23] 643.2, 124.1, 5.180
[23:35:24] 643.2, 124.1, 5.181
[23:35:25] 643.2, 124.1, 5.180
[23:35:26] 659.3, 124.1, 5.307
[23:35:27] 713.8, 124.1, 5.181
[23:35:28] 643.6, 124.1, 5.179
[23:35:29] 643.5, 124.1, 5.175
[23:35:30] 643.5, 124.1, 5.178
[23:35:31] 655.6, 124.1, 5.310
[23:35:32] 715.2, 124.1, 5.181
[23:35:33] 643.6, 124.1, 5.180
[23:35:34] 643.5, 124.1, 5.179
[23:35:35] 643.5, 124.1, 5.177
[23:35:36] 644.0, 124.1, 5.317
[23:35:37] 718.4, 124.0, 5.183
[23:35:38] 643.6, 124.1, 5.178
[23:35:39] 643.5, 124.1, 5.180
[23:35:40] 643.4, 124.2, 5.179
[23:35:41] 643.4, 123.8, 6.808
[23:35:42] 761.1, 124.2, 5.179
[23:35:43] 643.0, 124.1, 5.177
[23:35:44] 643.0, 124.1, 5.176
[23:35:45] 643.0, 124.1, 5.176
[23:35:46] 642.9, 123.6, 7.193
[23:35:47] 791.2, 124.1, 5.182
[23:35:48] 643.6, 124.1, 5.180
[23:35:49] 643.5, 124.1, 5.180
[23:35:50] 643.5, 124.2, 5.175
[23:35:51] 643.4, 123.5, 7.341
[23:35:52] 801.6, 124.2, 5.181
[23:35:53] 643.6, 124.1, 5.181
[23:35:54] 643.6, 124.1, 5.177
[23:35:55] 643.5, 124.1, 5.181
[23:35:56] 643.5, 124.2, 5.176
[23:35:57] 723.1, 123.6, 7.399
[23:35:58] 841.4, 124.1, 5.183
[23:35:59] 643.9, 124.1, 5.205
[23:36:00] 644.0, 124.0, 5.203
[23:36:01] 644.0, 124.1, 5.203
[23:36:02] 644.1, 123.8, 6.156
[23:36:03] 791.2, 123.4, 7.541
[23:36:04] 932.5, 124.1, 5.412
[23:36:05] 726.4, 124.1, 5.189
[23:36:06] 644.7, 124.1, 5.187
[23:36:07] 644.6, 124.0, 5.186
[23:36:08] 644.4, 124.1, 5.179
[23:36:09] 644.3, 123.5, 7.529
[23:36:10] 928.6, 123.5, 7.557
[23:36:11] 934.7, 123.5, 7.569
[23:36:12] 934.8, 124.1, 5.436
[23:36:13] 731.1, 124.1, 5.195
[23:36:14] 644.9, 124.2, 5.184
[23:36:15] 644.8, 124.1, 5.180
[23:36:16] 644.7, 124.2, 5.178
[23:36:17] 644.5, 123.6, 7.525
[23:36:18] 916.8, 123.6, 7.553
[23:36:19] 934.7, 123.6, 7.568
[23:36:20] 934.8, 123.6, 7.568
[23:36:21] 935.0, 123.5, 7.578
[23:36:22] 935.3, 123.6, 7.584
[23:36:23] 935.7, 124.0, 5.480
[23:36:24] 738.6, 124.1, 5.200
[23:36:25] 645.9, 124.1, 5.197
[23:36:26] 645.8, 124.1, 5.191
[23:36:27] 645.6, 124.1, 5.187
[23:36:28] 645.5, 123.6, 7.527
[23:36:29] 893.9, 123.6, 7.558
[23:36:30] 934.9, 123.5, 7.568
[23:36:31] 935.0, 123.5, 7.582
[23:36:32] 935.4, 123.6, 7.589
[23:36:33] 935.8, 123.5, 7.594
[23:36:34] 936.2, 123.6, 7.595
[23:36:35] 936.7, 123.6, 7.600
[23:36:36] 937.0, 123.4, 7.608
[23:36:37] 937.4, 123.5, 7.606
[23:36:38] 937.8, 123.4, 7.598
[23:36:39] 938.1, 123.4, 7.610
[23:36:40] 938.5, 124.0, 5.404
[23:36:41] 735.7, 124.1, 5.215
[23:36:42] 647.1, 124.1, 5.205
[23:36:43] 647.0, 124.1, 5.203
