<<<[23:10:58] 648.5, 123.9, 5.213
[23:10:59] 647.9, 123.8, 5.212
[23:11:00] 647.4, 123.8, 5.415
[23:11:01] 667.6, 123.9, 5.361
[23:11:02] 659.7, 123.8, 5.338
[23:11:03] 659.6, 123.9, 5.336
[23:11:04] 659.8, 123.8, 5.332
[23:11:05] 659.8, 123.9, 5.347
[23:11:06] 660.0, 123.9, 5.290
[23:11:07] 653.2, 123.9, 5.264
[23:11:08] 652.6, 124.0, 5.216
[23:11:09] 644.5, 123.9, 5.196
[23:11:10] 644.3, 124.0, 5.211
[23:11:11] 705.0, 124.0, 5.228
[23:11:12] 678.8, 123.9, 5.218
[23:11:13] 644.3, 124.0, 5.209
[23:11:14] 644.2, 124.0, 5.205
[23:11:15] 644.1, 123.9, 5.208
[23:11:16] 702.0, 124.0, 5.229
[23:11:17] 680.0, 124.1, 5.206
[23:11:18] 643.7, 124.0, 5.209
[23:11:19] 643.6, 123.9, 5.205
[23:11:20] 643.6, 124.0, 5.205
[23:11:21] 698.7, 124.0, 5.230
[23:11:22] 681.1, 123.9, 5.208
[23:11:23] 643.4, 123.9, 5.208
[23:11:24] 643.4, 124.0, 5.213
[23:11:25] 643.4, 124.0, 5.188
[23:11:26] 693.5, 124.0, 5.229
[23:11:27] 681.9, 123.9, 5.209
[23:11:28] 643.6, 123.8, 5.211
[23:11:29] 643.6, 123.8, 5.208
[23:11:30] 643.6, 123.9, 5.210
[23:11:31] 686.5, 123.9, 5.237
[23:11:32] 686.1, 123.8, 5.211
[23:11:33] 643.6, 123.8, 5.214
[23:11:34] 643.5, 123.9, 5.207
[23:11:35] 643.5, 123.8, 5.213
[23:11:36] 665.0, 123.8, 5.565
[23:11:37] 742.2, 123.9, 5.210
[23:11:38] 643.7, 123.9, 5.207
[23:11:39] 643.6, 123.9, 5.209
[23:11:40] 643.6, 124.0, 5.207
[23:11:41] 643.6, 123.4, 7.350
[23:11:42] 837.0, 123.9, 5.215
[23:11:43] 644.1, 123.8, 5.210
[23:11:44] 644.0, 123.8, 5.210
[23:11:45] 643.9, 123.9, 5.212
[23:11:46] 643.9, 123.4, 7.427
[23:11:47] 845.3, 123.8, 5.619
[23:11:48] 737.6, 123.8, 5.218
[23:11:49] 644.7, 123.9, 5.214
[23:11:50] 644.5, 123.8, 5.209
[23:11:51] 644.4, 123.8, 5.210
[23:11:52] 644.3, 123.2, 7.951
[23:11:53] 976.2, 123.3, 7.225
[23:11:54] 808.9, 123.8, 5.221
[23:11:55] 644.7, 123.9, 5.213
[23:11:56] 644.6, 123.8, 5.212
[23:11:57] 644.5, 123.8, 5.193
[23:11:58] 644.4, 123.3, 7.898
[23:11:59] 902.8, 123.2, 7.960
[23:12:00] 982.3, 123.2, 7.984
[23:12:01] 950.0, 124.0, 5.228
[23:12:02] 645.5, 123.9, 5.219
[23:12:03] 645.4, 123.9, 5.214
[23:12:04] 645.2, 124.0, 5.212
[23:12:05] 645.1, 123.9, 5.214
[23:12:06] 759.3, 123.3, 7.973
[23:12:07] 983.3, 123.2, 7.978
[23:12:08] 983.4, 123.2, 7.984
[23:12:09] 983.7, 123.3, 7.990
[23:12:10] 984.0, 123.2, 7.854
[23:12:11] 890.2, 123.8, 5.232
[23:12:12] 646.7, 123.9, 5.227
[23:12:13] 646.6, 123.8, 5.206
[23:12:14] 646.3, 123.9, 5.219
[23:12:15] 646.1, 123.5, 5.751
[23:12:16] 810.7, 123.2, 7.973
[23:12:17] 983.3, 123.2, 7.987
[23:12:18] 983.5, 123.2, 7.987
[23:12:19] 983.8, 123.2, 7.997
[23:12:20] 984.2, 123.2, 8.008
[23:12:21] 984.7, 123.3, 8.005
[23:12:22] 985.1, 123.2, 8.014
[23:12:23] 985.5, 123.3, 8.008
[23:12:24] 986.0, 123.2, 8.015
[23:12:25] 986.4, 123.5, 7.277
[23:12:26] 818.7, 123.9, 5.239
[23:12:27] 647.7, 123.9, 5.234
[23:12:28] 647.6, 123.9, 5.226
[23:12:29] 647.4, 124.0, 5.206
[23:12:30] 647.2, 123.3, 7.922
[23:12:31] 909.9, 123.2, 7.982
[23:12:32] 985.3, 123.3, 7.991
[23:12:33] 985.4, 123.2, 7.999
[23:12:34] 985.6, 123.2, 7.996
[23:12:35] 985.9, 123.3, 8.011
[23:12:36] 986.3, 123.2, 8.012
[23:12:37] 986.6, 123.2, 8.016
[23:12:38] 986.9, 123.3, 8.020
[23:12:39] 987.2, 123.2, 8.014
[23:12:40] 987.5, 123.2, 8.013
[23:12:41] 987.8, 123.3, 8.022
[23:12:42] 988.0, 123.2, 8.025
[23:12:43] 988.2, 123.2, 8.016
[23:12:44] 988.4, 123.3, 8.018
[23:12:45] 988.6, 123.2, 8.013
[23:12:46] 988.7, 123.2, 8.024
[23:12:47] 988.9, 123.3, 8.026
[23:12:48] 989.0, 123.2, 8.030
[23:12:49] 989.2, 123.3, 8.024
[23:12:50] 865.8, 124.0, 5.248
[23:12:51] 649.1, 123.9, 5.242
[23:12:52] 649.0, 124.0, 5.234
[23:12:53] 648.8, 124.0, 5.229
