<<<[09:52:18] 660.2, 123.6, 5.225
[09:52:19] 647.1, 123.7, 5.228
[09:52:20] 647.0, 123.6, 5.387
[09:52:21] 659.7, 123.7, 5.356
[09:52:22] 659.7, 123.6, 5.227
[09:52:23] 647.5, 123.6, 5.229
[09:52:24] 647.4, 123.8, 5.220
[09:52:25] 647.4, 123.7, 5.226
[09:52:26] 647.3, 123.6, 5.227
[09:52:27] 702.2, 123.7, 5.249
[09:52:28] 686.9, 123.7, 5.220
[09:52:29] 646.9, 123.7, 5.245
[09:52:30] 646.8, 123.7, 5.215
[09:52:31] 646.8, 123.6, 5.243
[09:52:32] 696.1, 123.7, 5.248
[09:52:33] 688.8, 123.7, 5.220
[09:52:34] 646.5, 123.7, 5.215
[09:52:35] 646.5, 123.7, 5.219
[09:52:36] 646.4, 123.7, 5.215
[09:52:37] 693.2, 123.7, 5.247
[09:52:38] 692.6, 123.6, 5.225
[09:52:39] 646.7, 123.7, 5.215
[09:52:40] 646.6, 123.7, 5.215
[09:52:41] 646.5, 123.7, 5.216
[09:52:42] 691.6, 123.7, 5.247
[09:52:43] 691.3, 123.7, 5.215
[09:52:44] 646.3, 123.7, 5.243
[09:52:45] 646.4, 123.7, 5.242
[09:52:46] 646.4, 123.6, 5.219
[09:52:47] 690.6, 123.7, 5.246
[09:52:48] 690.7, 123.7, 5.219
[09:52:49] 646.1, 123.6, 5.216
[09:52:50] 646.1, 123.7, 5.222
[09:52:51] 646.1, 123.7, 5.216
[09:52:52] 688.4, 123.6, 5.252
[09:52:53] 688.7, 123.7, 5.216
[09:52:54] 646.5, 123.7, 5.224
[09:52:55] 646.4, 123.7, 5.218
[09:52:56] 646.4, 123.7, 5.223
[09:52:57] 685.3, 123.6, 5.248
[09:52:58] 692.8, 123.6, 5.226
[09:52:59] 646.1, 123.7, 5.216
[09:53:00] 646.1, 123.7, 5.224
[09:53:01] 646.1, 123.7, 5.216
[09:53:02] 680.6, 123.6, 5.266
[09:53:03] 693.5, 123.6, 5.246
[09:53:04] 647.9, 123.6, 5.252
[09:53:05] 647.8, 123.6, 5.242
[09:53:06] 647.8, 123.6, 5.230
[09:53:07] 673.9, 123.7, 5.255
[09:53:08] 694.5, 123.7, 5.231
[09:53:09] 646.5, 123.7, 5.212
[09:53:10] 646.4, 123.7, 5.225
[09:53:11] 646.4, 123.7, 5.214
[09:53:12] 652.6, 123.7, 5.741
[09:53:13] 751.2, 123.7, 5.213
[09:53:14] 646.7, 123.8, 5.223
[09:53:15] 646.6, 123.8, 5.208
[09:53:16] 646.5, 123.8, 5.216
[09:53:17] 646.5, 123.2, 7.303
[09:53:18] 779.4, 123.7, 5.222
[09:53:19] 646.3, 123.7, 5.211
[09:53:20] 646.3, 123.7, 5.246
[09:53:21] 646.4, 123.7, 5.235
[09:53:22] 646.5, 123.2, 7.207
[09:53:23] 824.3, 123.8, 5.259
[09:53:24] 697.1, 123.7, 5.222
[09:53:25] 646.5, 123.7, 5.212
[09:53:26] 646.5, 123.7, 5.222
[09:53:27] 646.4, 123.8, 5.211
[09:53:28] 656.3, 123.1, 7.695
[09:53:29] 949.2, 123.6, 5.821
[09:53:30] 753.4, 123.6, 5.230
[09:53:31] 647.5, 123.8, 5.216
[09:53:32] 647.3, 123.7, 5.230
[09:53:33] 647.3, 123.7, 5.215
[09:53:34] 647.1, 123.0, 7.697
[09:53:35] 923.5, 123.0, 7.721
[09:53:36] 951.8, 123.2, 7.313
[09:53:37] 819.5, 123.7, 5.235
[09:53:38] 648.5, 123.7, 5.229
[09:53:39] 648.4, 123.7, 5.225
[09:53:40] 648.2, 123.6, 5.221
[09:53:41] 648.0, 123.1, 7.522
[09:53:42] 850.6, 123.2, 7.721
[09:53:43] 952.6, 123.1, 7.738
[09:53:44] 952.7, 123.0, 7.743
[09:53:45] 952.9, 123.1, 7.752
[09:53:46] 943.7, 123.8, 5.248
[09:53:47] 654.0, 123.7, 5.245
[09:53:48] 653.3, 123.7, 5.229
[09:53:49] 648.1, 123.6, 5.234
[09:53:50] 647.9, 123.7, 5.227
[09:53:51] 710.3, 123.1, 7.725
[09:53:52] 952.0, 123.1, 7.733
[09:53:53] 952.2, 123.0, 7.752
[09:53:54] 952.5, 123.1, 7.753
[09:53:55] 952.9, 123.1, 7.766
[09:53:56] 953.4, 123.0, 7.774
[09:53:57] 954.0, 123.1, 7.779
[09:53:58] 954.6, 123.1, 7.777
[09:53:59] 955.0, 123.0, 7.779
[09:54:00] 943.1, 123.6, 5.265
[09:54:01] 656.9, 123.7, 5.249
[09:54:02] 650.2, 123.7, 5.246
[09:54:03] 650.1, 123.7, 5.240
[09:54:04] 649.9, 123.6, 5.229
[09:54:05] 732.1, 123.2, 7.730
[09:54:06] 953.0, 123.1, 7.739
[09:54:07] 953.2, 123.0, 7.757
[09:54:08] 953.6, 123.1, 7.761
[09:54:09] 954.0, 123.1, 7.767
[09:54:10] 954.5, 123.1, 7.763
[09:54:11] 954.8, 123.1, 7.774
[09:54:12] 955.3, 123.1, 7.768
[09:54:13] 955.7, 123.0, 7.783
[09:54:14] 956.1, 123.1, 7.783
[09:54:15] 956.6, 123.0, 7.788
[09:54:16] 956.9, 123.1, 7.780
[09:54:17] 957.2, 123.0, 7.789
[09:54:18] 957.6, 123.0, 7.782
[09:54:19] 957.8, 123.1, 7.790
[09:54:20] 958.0, 123.0, 7.790
[09:54:21] 958.3, 123.0, 7.791
[09:54:22] 958.5, 123.1, 7.796
[09:54:23] 832.5, 123.7, 5.268
[09:54:24] 652.4, 123.6, 5.257
[09:54:25] 652.2, 123.7, 5.247
[09:54:26] 651.9, 123.7, 5.246
