<<<[12:13:01] 647.9, 123.4, 5.230
[12:13:02] 647.6, 123.4, 5.226
[12:13:03] 647.2, 123.3, 5.293
[12:13:04] 654.4, 123.4, 5.233
[12:13:05] 646.1, 123.3, 5.230
[12:13:06] 646.0, 123.4, 5.230
[12:13:07] 645.9, 123.4, 5.234
[12:13:08] 645.9, 123.3, 5.228
[12:13:09] 645.9, 123.3, 5.882
[12:13:10] 742.6, 123.4, 5.228
[12:13:11] 644.7, 123.4, 5.224
[12:13:12] 644.7, 123.3, 5.223
[12:13:13] 644.7, 123.3, 5.224
[12:13:14] 644.7, 123.2, 5.932
[12:13:15] 737.2, 123.3, 5.225
[12:13:16] 644.7, 123.4, 5.222
[12:13:17] 644.7, 123.3, 5.221
[12:13:18] 644.6, 123.3, 5.223
[12:13:19] 644.6, 123.3, 5.981
[12:13:20] 737.2, 123.3, 5.223
[12:13:21] 644.7, 123.3, 5.223
[12:13:22] 644.7, 123.3, 5.223
[12:13:23] 644.6, 123.3, 5.225
[12:13:24] 644.6, 123.3, 6.034
[12:13:25] 736.7, 123.3, 5.224
[12:13:26] 645.1, 123.3, 5.230
[12:13:27] 645.0, 123.3, 5.221
[12:13:28] 644.9, 123.4, 5.219
[12:13:29] 644.8, 123.2, 6.087
[12:13:30] 736.5, 123.3, 5.222
[12:13:31] 644.3, 123.4, 5.224
[12:13:32] 644.3, 123.3, 5.218
[12:13:33] 644.3, 123.4, 5.218
[12:13:34] 644.2, 123.2, 6.139
[12:13:35] 735.1, 123.4, 5.219
[12:13:36] 644.7, 123.3, 5.216
[12:13:37] 644.6, 123.4, 5.215
[12:13:38] 644.5, 123.4, 5.214
[12:13:39] 644.4, 123.2, 6.201
[12:13:40] 734.3, 123.4, 5.216
[12:13:41] 644.3, 123.3, 5.216
[12:13:42] 644.2, 123.3, 5.216
[12:13:43] 644.1, 123.4, 5.215
[12:13:44] 644.2, 123.2, 6.258
[12:13:45] 731.9, 123.3, 5.218
[12:13:46] 644.1, 123.4, 5.217
[12:13:47] 644.0, 123.3, 5.216
[12:13:48] 644.0, 123.3, 5.217
[12:13:49] 644.0, 123.2, 6.340
[12:13:50] 729.0, 123.3, 5.217
[12:13:51] 643.7, 123.3, 5.219
[12:13:52] 643.7, 123.3, 5.214
[12:13:53] 643.7, 123.4, 5.214
[12:13:54] 643.7, 123.1, 6.404
[12:13:55] 722.9, 123.3, 5.220
[12:13:56] 644.5, 123.4, 5.217
[12:13:57] 644.4, 123.3, 5.212
[12:13:58] 644.3, 123.4, 5.214
[12:13:59] 644.2, 122.9, 7.261
[12:14:00] 760.3, 123.5, 5.216
[12:14:01] 644.3, 123.3, 5.217
[12:14:02] 644.2, 123.4, 5.212
[12:14:03] 644.1, 123.4, 5.219
[12:14:04] 644.2, 122.8, 7.427
[12:14:05] 785.3, 123.4, 5.211
[12:14:06] 643.4, 123.5, 5.212
[12:14:07] 643.4, 123.4, 5.211
[12:14:08] 643.4, 123.5, 5.207
[12:14:09] 643.4, 123.5, 5.207
[12:14:10] 753.4, 123.2, 6.637
[12:14:11] 775.2, 123.5, 5.216
[12:14:12] 644.1, 123.4, 5.209
[12:14:13] 644.0, 123.4, 5.208
[12:14:14] 644.1, 123.4, 5.210
[12:14:15] 643.9, 122.7, 7.741
[12:14:16] 899.6, 123.2, 6.745
[12:14:17] 782.3, 123.4, 5.221
[12:14:18] 644.7, 123.4, 5.217
[12:14:19] 644.5, 123.4, 5.210
[12:14:20] 644.4, 123.4, 5.212
[12:14:21] 644.3, 122.7, 7.709
[12:14:22] 880.4, 122.7, 7.796
[12:14:23] 957.7, 122.9, 7.338
[12:14:24] 842.8, 123.3, 5.229
[12:14:25] 645.3, 123.3, 5.223
[12:14:26] 645.3, 123.4, 5.221
[12:14:27] 645.1, 123.3, 5.217
[12:14:28] 645.0, 122.8, 7.526
[12:14:29] 846.3, 122.8, 7.797
[12:14:30] 958.3, 122.7, 7.805
[12:14:31] 958.4, 122.8, 7.820
[12:14:32] 958.7, 122.7, 7.825
[12:14:33] 910.7, 123.3, 5.242
[12:14:34] 647.3, 123.4, 5.236
[12:14:35] 647.1, 123.3, 5.228
[12:14:36] 646.9, 123.4, 5.222
[12:14:37] 646.6, 123.3, 5.221
[12:14:38] 780.7, 122.7, 7.803
[12:14:39] 958.5, 122.7, 7.810
[12:14:40] 958.7, 122.6, 7.824
[12:14:41] 959.0, 122.7, 7.832
[12:14:42] 959.4, 122.6, 7.835
[12:14:43] 959.7, 122.7, 7.844
[12:14:44] 960.2, 122.6, 7.845
[12:14:45] 960.7, 122.8, 7.844
[12:14:46] 960.9, 123.2, 5.448
[12:14:47] 728.0, 123.4, 5.247
[12:14:48] 648.5, 123.3, 5.240
[12:14:49] 648.4, 123.3, 5.237
[12:14:50] 648.2, 123.3, 5.227
[12:14:51] 648.4, 122.6, 7.802
[12:14:52] 959.5, 122.7, 7.821
[12:14:53] 959.6, 122.6, 7.829
[12:14:54] 959.9, 122.7, 7.832
[12:14:55] 960.2, 122.7, 7.842
[12:14:56] 960.7, 122.6, 7.847
[12:14:57] 961.1, 122.7, 7.853
[12:14:58] 961.6, 122.6, 7.859
[12:14:59] 962.1, 122.6, 7.859
[12:15:00] 962.6, 122.7, 7.863
[12:15:01] 963.0, 122.7, 7.864
[12:15:02] 963.4, 122.7, 7.867
[12:15:03] 963.7, 122.6, 7.864
[12:15:04] 964.0, 122.6, 7.864
[12:15:05] 964.2, 122.7, 7.867
[12:15:06] 964.5, 122.7, 7.871
[12:15:07] 964.8, 122.6, 7.873
[12:15:08] 913.2, 123.4, 5.266
[12:15:09] 649.7, 123.3, 5.251
[12:15:10] 649.5, 123.4, 5.240
[12:15:11] 649.1, 123.4, 5.239
