<<<[08:52:05] 644.6, 124.2, 5.181
[08:52:06] 644.3, 124.3, 5.164
[08:52:07] 644.0, 124.2, 5.356
[08:52:08] 662.1, 124.2, 5.366
[08:52:09] 662.1, 124.3, 5.331
[08:52:10] 662.1, 124.2, 5.344
[08:52:11] 662.1, 124.2, 5.334
[08:52:12] 662.0, 124.3, 5.385
[08:52:13] 661.8, 124.2, 5.326
[08:52:14] 661.9, 124.2, 5.320
[08:52:15] 661.7, 124.2, 5.440
[08:52:16] 662.1, 124.2, 5.325
[08:52:17] 662.1, 124.3, 5.319
[08:52:18] 661.8, 124.2, 5.418
[08:52:19] 667.8, 124.2, 5.328
[08:52:20] 661.3, 124.3, 5.215
[08:52:21] 646.5, 124.3, 5.212
[08:52:22] 646.2, 124.4, 5.159
[08:52:23] 645.6, 124.3, 5.182
[08:52:24] 645.1, 124.3, 5.173
[08:52:25] 645.0, 124.4, 5.641
[08:52:26] 737.6, 124.3, 5.151
[08:52:27] 641.4, 124.3, 5.176
[08:52:28] 641.3, 124.2, 5.171
[08:52:29] 641.2, 124.4, 5.170
[08:52:30] 641.2, 124.2, 5.620
[08:52:31] 733.3, 124.3, 5.174
[08:52:32] 641.0, 124.3, 5.169
[08:52:33] 640.9, 124.3, 5.175
[08:52:34] 640.9, 124.3, 5.150
[08:52:35] 640.9, 124.3, 5.674
[08:52:36] 722.3, 124.2, 5.175
[08:52:37] 640.6, 124.2, 5.168
[08:52:38] 640.6, 124.4, 5.151
[08:52:39] 640.6, 124.3, 5.171
[08:52:40] 640.6, 123.8, 7.202
[08:52:41] 797.9, 124.3, 5.180
[08:52:42] 641.4, 124.3, 5.155
[08:52:43] 641.3, 124.3, 5.169
[08:52:44] 641.2, 124.3, 5.167
[08:52:45] 641.1, 123.8, 6.940
[08:52:46] 803.8, 124.3, 5.203
[08:52:47] 693.2, 124.3, 5.182
[08:52:48] 641.6, 124.3, 5.167
[08:52:49] 641.5, 124.4, 5.171
[08:52:50] 641.4, 124.3, 5.154
[08:52:51] 681.1, 123.7, 7.502
[08:52:52] 918.7, 124.3, 5.189
[08:52:53] 645.3, 124.4, 5.171
[08:52:54] 644.8, 124.3, 5.157
[08:52:55] 644.3, 124.3, 5.168
[08:52:56] 643.9, 124.4, 5.170
[08:52:57] 719.5, 123.7, 7.514
[08:52:58] 931.3, 123.9, 7.327
[08:52:59] 864.6, 124.3, 5.184
[08:53:00] 643.0, 124.3, 5.181
[08:53:01] 642.8, 124.4, 5.169
[08:53:02] 642.6, 124.3, 5.154
[08:53:03] 642.4, 123.9, 6.579
[08:53:04] 798.7, 123.8, 7.527
[08:53:05] 932.3, 123.7, 7.551
[08:53:06] 932.5, 123.8, 7.548
[08:53:07] 932.4, 124.3, 5.247
[08:53:08] 700.0, 124.3, 5.194
[08:53:09] 642.8, 124.3, 5.179
[08:53:10] 642.7, 124.3, 5.156
[08:53:11] 642.6, 124.4, 5.176
[08:53:12] 666.4, 123.7, 7.518
[08:53:13] 932.1, 123.8, 7.536
[08:53:14] 932.3, 123.8, 7.554
[08:53:15] 932.7, 123.7, 7.555
[08:53:16] 933.1, 123.8, 7.569
[08:53:17] 933.5, 123.8, 7.567
[08:53:18] 934.0, 123.7, 7.574
[08:53:19] 933.5, 124.3, 5.220
[08:53:20] 654.8, 124.3, 5.200
[08:53:21] 644.7, 124.2, 5.196
[08:53:22] 644.6, 124.3, 5.165
[08:53:23] 644.3, 124.3, 5.193
[08:53:24] 694.1, 123.7, 7.534
[08:53:25] 932.9, 123.7, 7.550
[08:53:26] 933.2, 123.7, 7.560
[08:53:27] 933.5, 123.7, 7.568
[08:53:28] 934.0, 123.7, 7.572
[08:53:29] 934.4, 123.7, 7.577
[08:53:30] 934.9, 123.7, 7.579
[08:53:31] 935.3, 123.6, 7.579
[08:53:32] 935.7, 123.7, 7.591
[08:53:33] 936.1, 123.6, 7.574
[08:53:34] 936.5, 123.7, 7.586
[08:53:35] 936.7, 123.6, 7.582
[08:53:36] 937.1, 123.7, 7.590
[08:53:37] 937.4, 123.7, 7.591
[08:53:38] 834.9, 124.2, 5.191
[08:53:39] 645.3, 124.3, 5.204
[08:53:40] 645.3, 124.2, 5.210
[08:53:41] 645.2, 124.3, 5.198
