<<<[03:36:23] 646.1, 125.0, 5.164
[03:36:24] 646.0, 125.0, 5.156
[03:36:25] 645.9, 125.0, 5.162
[03:36:26] 655.8, 124.9, 5.421
[03:36:27] 673.3, 124.9, 5.394
[03:36:28] 672.7, 125.0, 5.389
[03:36:29] 667.4, 124.9, 5.387
[03:36:30] 667.5, 125.0, 5.363
[03:36:31] 667.9, 125.0, 5.338
[03:36:32] 668.1, 124.9, 5.388
[03:36:33] 668.1, 124.9, 5.323
[03:36:34] 668.4, 125.0, 5.357
[03:36:35] 668.4, 124.9, 5.386
[03:36:36] 667.9, 125.0, 5.279
[03:36:37] 662.3, 125.0, 5.304
[03:36:38] 662.1, 124.9, 5.287
[03:36:39] 662.3, 125.0, 5.292
[03:36:40] 662.2, 124.9, 5.277
[03:36:41] 662.3, 125.0, 5.282
[03:36:42] 662.6, 124.9, 5.311
[03:36:43] 662.5, 125.1, 5.273
[03:36:44] 662.6, 125.0, 5.273
[03:36:45] 662.3, 125.0, 5.282
[03:36:46] 662.2, 125.0, 5.332
[03:36:47] 667.4, 124.9, 5.376
[03:36:48] 667.3, 125.0, 5.277
[03:36:49] 660.1, 125.0, 5.273
[03:36:50] 660.3, 125.0, 5.270
[03:36:51] 660.6, 125.0, 5.273
[03:36:52] 660.6, 125.0, 5.288
[03:36:53] 660.6, 125.0, 5.274
[03:36:54] 660.9, 124.9, 5.310
[03:36:55] 661.4, 125.1, 5.271
[03:36:56] 661.4, 125.0, 5.270
[03:36:57] 661.2, 125.0, 5.331
[03:36:58] 661.4, 125.0, 5.280
[03:36:59] 661.3, 125.1, 5.273
[03:37:00] 661.2, 125.1, 5.266
[03:37:01] 661.6, 125.1, 5.368
[03:37:02] 672.5, 125.0, 5.367
[03:37:03] 672.3, 125.0, 5.355
[03:37:04] 671.8, 125.1, 5.276
[03:37:05] 660.1, 125.0, 5.277
[03:37:06] 660.1, 125.0, 5.272
[03:37:07] 660.7, 124.9, 5.227
[03:37:08] 653.6, 125.1, 5.149
[03:37:09] 644.5, 125.0, 5.155
[03:37:10] 644.5, 125.0, 5.149
[03:37:11] 644.5, 125.1, 5.156
[03:37:12] 644.4, 124.9, 5.744
[03:37:13] 739.0, 125.0, 5.149
[03:37:14] 643.9, 125.0, 5.150
[03:37:15] 643.9, 125.1, 5.143
[03:37:16] 643.9, 125.0, 5.145
[03:37:17] 643.9, 124.5, 7.117
[03:37:18] 793.7, 125.0, 5.146
[03:37:19] 643.9, 125.1, 5.146
[03:37:20] 643.9, 125.0, 5.145
[03:37:21] 643.8, 125.1, 5.152
[03:37:22] 643.9, 124.9, 5.171
[03:37:23] 758.1, 125.0, 5.838
[03:37:24] 748.3, 125.0, 5.151
[03:37:25] 644.1, 125.1, 5.146
[03:37:26] 644.1, 125.0, 5.145
[03:37:27] 644.1, 125.1, 5.150
[03:37:28] 644.0, 124.5, 7.126
[03:37:29] 846.1, 124.6, 7.155
[03:37:30] 846.4, 125.0, 5.158
[03:37:31] 645.1, 125.1, 5.152
[03:37:32] 645.0, 125.0, 5.147
[03:37:33] 644.9, 125.0, 5.150
[03:37:34] 644.8, 124.7, 6.108
[03:37:35] 774.3, 124.5, 7.164
[03:37:36] 891.8, 124.6, 7.154
[03:37:37] 891.9, 124.9, 5.534
[03:37:38] 726.0, 125.1, 5.156
[03:37:39] 645.1, 125.0, 5.155
[03:37:40] 645.0, 125.1, 5.148
[03:37:41] 644.9, 125.0, 5.152
[03:37:42] 644.8, 124.5, 7.151
[03:37:43] 880.5, 124.6, 7.161
[03:37:44] 892.9, 124.4, 7.168
[03:37:45] 892.9, 124.5, 7.180
[03:37:46] 893.1, 124.5, 7.174
[03:37:47] 893.4, 124.9, 6.059
[03:37:48] 756.3, 125.1, 5.162
[03:37:49] 645.9, 125.0, 5.166
[03:37:50] 645.8, 125.1, 5.153
[03:37:51] 645.7, 125.0, 5.154
[03:37:52] 645.5, 124.5, 7.138
[03:37:53] 846.9, 124.5, 7.152
[03:37:54] 892.9, 124.6, 7.182
[03:37:55] 893.0, 124.5, 7.166
[03:37:56] 893.2, 124.6, 7.189
[03:37:57] 893.5, 124.5, 7.181
[03:37:58] 893.8, 124.5, 7.198
[03:37:59] 894.1, 124.5, 7.186
[03:38:00] 894.4, 124.6, 7.196
[03:38:01] 894.7, 124.5, 7.190
[03:38:02] 895.0, 124.9, 6.364
[03:38:03] 764.6, 125.1, 5.176
[03:38:04] 646.9, 124.9, 5.165
[03:38:05] 646.8, 125.1, 5.163
[03:38:06] 646.7, 125.0, 5.158
[03:38:07] 646.5, 125.0, 5.155
