<<<[23:24:17] 657.4, 123.9, 5.294
[23:24:18] 656.8, 124.0, 5.193
[23:24:19] 644.3, 124.0, 5.323
[23:24:20] 651.4, 123.9, 5.193
[23:24:21] 644.5, 123.8, 5.197
[23:24:22] 644.5, 124.0, 5.196
[23:24:23] 644.5, 124.0, 5.195
[23:24:24] 644.5, 124.0, 5.199
[23:24:25] 691.4, 123.9, 5.234
[23:24:26] 691.6, 123.9, 5.191
[23:24:27] 643.9, 123.9, 5.188
[23:24:28] 643.8, 123.9, 5.192
[23:24:29] 643.8, 124.0, 5.192
[23:24:30] 688.2, 124.0, 5.237
[23:24:31] 695.1, 124.0, 5.191
[23:24:32] 643.7, 124.0, 5.190
[23:24:33] 643.7, 124.0, 5.190
[23:24:34] 643.7, 124.0, 5.187
[23:24:35] 686.1, 124.0, 5.247
[23:24:36] 696.5, 124.0, 5.193
[23:24:37] 644.1, 124.0, 5.189
[23:24:38] 644.0, 124.0, 5.189
[23:24:39] 644.0, 124.0, 5.188
[23:24:40] 683.9, 124.0, 5.246
[23:24:41] 698.5, 124.0, 5.198
[23:24:42] 643.9, 124.0, 5.195
[23:24:43] 643.9, 124.0, 5.188
[23:24:44] 643.8, 124.0, 5.188
[23:24:45] 681.7, 123.9, 5.256
[23:24:46] 699.7, 123.9, 5.194
[23:24:47] 643.7, 123.9, 5.187
[23:24:48] 643.6, 123.9, 5.189
[23:24:49] 643.6, 123.9, 5.188
[23:24:50] 679.6, 123.9, 5.256
[23:24:51] 702.2, 123.9, 5.189
[23:24:52] 643.6, 124.0, 5.187
[23:24:53] 643.5, 124.0, 5.188
[23:24:54] 643.5, 124.0, 5.190
[23:24:55] 676.8, 124.0, 5.266
[23:24:56] 704.0, 124.0, 5.189
[23:24:57] 643.4, 123.9, 5.186
[23:24:58] 643.3, 124.0, 5.186
[23:24:59] 643.4, 124.0, 5.184
[23:25:00] 673.1, 123.9, 5.269
[23:25:01] 705.6, 123.9, 5.187
[23:25:02] 643.0, 123.9, 5.190
[23:25:03] 643.1, 123.9, 5.187
[23:25:04] 643.1, 123.9, 5.183
[23:25:05] 668.4, 123.9, 5.283
[23:25:06] 707.9, 123.9, 5.191
[23:25:07] 643.6, 123.9, 5.187
[23:25:08] 643.5, 123.9, 5.184
[23:25:09] 643.5, 123.9, 5.184
[23:25:10] 660.1, 123.9, 5.286
[23:25:11] 710.3, 123.9, 5.198
[23:25:12] 644.3, 123.9, 5.190
[23:25:13] 644.2, 123.9, 5.187
[23:25:14] 644.0, 124.0, 5.186
[23:25:15] 643.9, 123.8, 6.488
[23:25:16] 765.4, 124.0, 5.193
[23:25:17] 643.7, 124.0, 5.188
[23:25:18] 643.6, 123.9, 5.198
[23:25:19] 643.7, 123.9, 5.189
[23:25:20] 643.7, 123.5, 7.278
[23:25:21] 792.2, 124.0, 5.193
[23:25:22] 643.9, 124.0, 5.190
[23:25:23] 643.9, 124.0, 5.188
[23:25:24] 643.8, 124.0, 5.190
[23:25:25] 643.8, 123.4, 7.231
[23:25:26] 821.9, 124.0, 5.336
[23:25:27] 717.0, 124.0, 5.198
[23:25:28] 644.3, 123.9, 5.192
[23:25:29] 644.2, 124.0, 5.190
[23:25:30] 644.1, 124.0, 5.192
[23:25:31] 673.3, 123.3, 7.731
[23:25:32] 947.3, 123.9, 5.217
[23:25:33] 670.5, 123.9, 5.199
[23:25:34] 644.1, 123.9, 5.196
[23:25:35] 644.1, 123.9, 5.194
[23:25:36] 644.1, 124.0, 5.192
[23:25:37] 676.0, 123.4, 7.729
[23:25:38] 954.4, 123.4, 7.750
[23:25:39] 948.5, 124.0, 5.223
[23:25:40] 673.7, 123.9, 5.205
[23:25:41] 645.7, 123.9, 5.198
[23:25:42] 645.5, 123.9, 5.206
[23:25:43] 645.4, 123.9, 5.193
[23:25:44] 682.9, 123.3, 7.737
[23:25:45] 955.0, 123.3, 7.750
[23:25:46] 955.2, 123.4, 7.766
[23:25:47] 955.7, 123.3, 7.779
[23:25:48] 948.5, 123.9, 5.239
[23:25:49] 678.0, 123.9, 5.216
[23:25:50] 646.3, 124.0, 5.206
[23:25:51] 646.2, 123.9, 5.205
[23:25:52] 646.1, 123.9, 5.202
[23:25:53] 699.1, 123.3, 7.750
[23:25:54] 956.3, 123.3, 7.764
[23:25:55] 956.5, 123.3, 7.769
[23:25:56] 956.8, 123.3, 7.778
[23:25:57] 957.3, 123.3, 7.787
[23:25:58] 957.7, 123.4, 7.789
[23:25:59] 958.2, 123.4, 7.788
[23:26:00] 958.7, 123.3, 7.800
[23:26:01] 927.4, 123.9, 5.233
[23:26:02] 648.5, 123.9, 5.217
[23:26:03] 648.3, 123.9, 5.212
[23:26:04] 648.0, 123.9, 5.207
[23:26:05] 647.7, 124.0, 5.204
[23:26:06] 731.9, 123.3, 7.757
[23:26:07] 957.5, 123.3, 7.770
[23:26:08] 957.6, 123.4, 7.777
[23:26:09] 957.9, 123.4, 7.785
[23:26:10] 958.3, 123.2, 7.792
[23:26:11] 958.8, 123.3, 7.798
[23:26:12] 959.2, 123.2, 7.809
[23:26:13] 959.7, 123.2, 7.804
[23:26:14] 960.1, 123.3, 7.803
[23:26:15] 960.5, 123.3, 7.804
[23:26:16] 960.8, 123.3, 7.809
[23:26:17] 961.2, 123.3, 7.808
[23:26:18] 961.5, 123.3, 7.812
[23:26:19] 961.9, 123.3, 7.812
[23:26:20] 962.2, 123.4, 7.814
[23:26:21] 962.5, 123.7, 7.206
[23:26:22] 806.3, 124.0, 5.235
[23:26:23] 649.1, 123.9, 5.223
[23:26:24] 648.9, 123.9, 5.219
[23:26:25] 648.7, 123.8, 5.217
<<<[05:59:43] 642.6, 125.1, 5.142
[05:59:44] 642.6, 125.1, 5.141
[05:59:45] 642.7, 125.1, 5.140
[05:59:46] 649.7, 125.1, 5.188
[05:59:47] 649.9, 125.0, 5.182
[05:59:48] 649.5, 125.0, 5.145
[05:59:49] 643.6, 125.0, 5.146
[05:59:50] 643.6, 125.0, 5.146
[05:59:51] 643.5, 124.5, 6.992
[05:59:52] 739.6, 125.0, 5.142
[05:59:53] 643.2, 125.1, 5.141
[05:59:54] 643.2, 125.1, 5.142
[05:59:55] 643.1, 125.1, 5.142
[05:59:56] 643.1, 124.6, 6.982
[05:59:57] 739.0, 125.1, 5.142
[05:59:58] 643.9, 125.0, 5.140
[05:59:59] 643.7, 125.0, 5.138
[06:00:00] 643.6, 125.1, 5.138
[06:00:01] 643.5, 124.6, 6.966
[06:00:02] 739.6, 125.0, 5.146
[06:00:03] 643.0, 125.0, 5.139
[06:00:04] 643.0, 125.0, 5.140
[06:00:05] 642.9, 125.0, 5.142
[06:00:06] 643.0, 124.5, 6.948
[06:00:07] 738.2, 125.1, 5.143
[06:00:08] 643.4, 125.1, 5.140
[06:00:09] 643.3, 125.1, 5.141
[06:00:10] 643.3, 125.1, 5.139
[06:00:11] 643.2, 124.6, 6.928
[06:00:12] 738.6, 125.0, 5.143
[06:00:13] 643.0, 125.0, 5.138
[06:00:14] 643.0, 125.0, 5.138
[06:00:15] 642.9, 125.0, 5.144
[06:00:16] 643.0, 124.5, 6.893
[06:00:17] 737.6, 125.0, 5.143
[06:00:18] 643.7, 125.0, 5.140
[06:00:19] 643.5, 124.9, 5.144
[06:00:20] 643.5, 124.9, 5.140
[06:00:21] 643.4, 124.5, 6.861
[06:00:22] 737.6, 125.0, 5.141
[06:00:23] 642.6, 125.0, 5.142
[06:00:24] 642.6, 125.0, 5.138
[06:00:25] 642.7, 125.0, 5.139
[06:00:26] 642.7, 124.6, 6.812
[06:00:27] 734.5, 125.1, 5.142
[06:00:28] 643.2, 125.1, 5.138
[06:00:29] 643.1, 125.1, 5.136
[06:00:30] 643.1, 125.1, 5.136
[06:00:31] 643.0, 124.7, 6.751
[06:00:32] 732.3, 125.1, 5.136
[06:00:33] 642.8, 125.0, 5.139
[06:00:34] 642.9, 125.0, 5.138
[06:00:35] 642.7, 125.0, 5.139
[06:00:36] 642.8, 124.6, 6.629
[06:00:37] 726.4, 125.0, 5.140
[06:00:38] 643.4, 125.0, 5.138
[06:00:39] 643.4, 125.0, 5.140
[06:00:40] 643.4, 125.0, 5.138
[06:00:41] 643.5, 124.9, 5.237
[06:00:42] 764.4, 125.0, 5.145
[06:00:43] 642.0, 125.0, 5.140
[06:00:44] 642.1, 125.0, 5.139
[06:00:45] 642.3, 125.1, 5.139
[06:00:46] 642.5, 125.1, 5.138
[06:00:47] 742.4, 125.0, 5.180
[06:00:48] 690.2, 125.1, 5.140
[06:00:49] 643.2, 125.1, 5.138
[06:00:50] 643.2, 125.0, 5.140
[06:00:51] 643.1, 125.0, 5.141
[06:00:52] 663.8, 124.4, 7.395
[06:00:53] 872.5, 124.9, 5.147
[06:00:54] 644.1, 124.9, 5.142
[06:00:55] 643.9, 125.0, 5.146
[06:00:56] 643.8, 125.0, 5.142
[06:00:57] 643.7, 124.6, 6.624
[06:00:58] 814.4, 124.5, 7.586
[06:00:59] 878.8, 124.9, 5.150
[06:01:00] 644.1, 124.9, 5.148
[06:01:01] 644.0, 124.9, 5.145
[06:01:02] 644.0, 125.0, 5.140
[06:01:03] 643.8, 124.7, 5.741
[06:01:04] 799.8, 124.4, 7.730
[06:01:05] 962.6, 124.4, 7.744
[06:01:06] 889.8, 125.0, 5.162
[06:01:07] 644.7, 125.0, 5.150
[06:01:08] 644.6, 125.1, 5.148
[06:01:09] 644.5, 125.0, 5.146
[06:01:10] 644.5, 125.0, 5.140
[06:01:11] 772.7, 124.3, 7.737
[06:01:12] 962.6, 124.3, 7.750
[06:01:13] 962.8, 124.3, 7.761
[06:01:14] 963.2, 124.3, 7.771
[06:01:15] 948.7, 125.0, 5.177
[06:01:16] 653.8, 125.0, 5.163
[06:01:17] 645.5, 125.0, 5.156
[06:01:18] 645.4, 125.0, 5.152
[06:01:19] 645.3, 125.0, 5.148
[06:01:20] 726.0, 124.3, 7.741
[06:01:21] 963.6, 124.3, 7.753
[06:01:22] 963.8, 124.3, 7.769
[06:01:23] 964.2, 124.4, 7.771
[06:01:24] 964.6, 124.4, 7.774
[06:01:25] 965.0, 124.4, 7.778
[06:01:26] 965.4, 124.3, 7.783
[06:01:27] 965.9, 124.3, 7.796
[06:01:28] 966.5, 125.0, 5.255
[06:01:29] 710.7, 125.0, 5.174
[06:01:30] 647.7, 125.0, 5.166
[06:01:31] 647.4, 125.0, 5.160
[06:01:32] 647.1, 125.0, 5.156
[06:01:33] 646.9, 124.4, 7.736
[06:01:34] 952.4, 124.3, 7.757
[06:01:35] 966.0, 124.4, 7.765
[06:01:36] 966.1, 124.3, 7.776
[06:01:37] 966.3, 124.3, 7.785
[06:01:38] 966.7, 124.3, 7.791
[06:01:39] 967.2, 124.4, 7.802
[06:01:40] 967.6, 124.4, 7.800
[06:01:41] 968.0, 124.3, 7.795
[06:01:42] 968.2, 124.3, 7.803
[06:01:43] 968.6, 124.3, 7.806
[06:01:44] 968.9, 124.4, 7.810
[06:01:45] 969.2, 124.4, 7.811
[06:01:46] 969.6, 124.3, 7.812
[06:01:47] 969.9, 124.3, 7.814
[06:01:48] 970.1, 124.4, 7.812
[06:01:49] 970.4, 124.3, 7.816
[06:01:50] 852.6, 125.0, 5.192
[06:01:51] 648.5, 124.9, 5.180
[06:01:52] 648.3, 124.9, 5.176
[06:01:53] 648.2, 124.9, 5.172
