<<<[22:03:36] 642.0, 123.5, 5.187
[22:03:37] 642.0, 123.6, 5.184
[22:03:38] 641.9, 123.6, 5.396
[22:03:39] 659.5, 123.5, 5.425
[22:03:40] 665.4, 123.5, 5.367
[22:03:41] 665.0, 123.4, 5.346
[22:03:42] 664.8, 123.5, 5.320
[22:03:43] 664.5, 123.6, 5.325
[22:03:44] 664.3, 123.5, 5.345
[22:03:45] 664.7, 123.5, 5.388
[22:03:46] 665.2, 123.4, 5.463
[22:03:47] 671.1, 123.5, 5.423
[22:03:48] 664.8, 123.4, 5.438
[22:03:49] 664.9, 123.5, 5.417
[22:03:50] 664.9, 123.4, 5.408
[22:03:51] 664.9, 123.5, 5.383
[22:03:52] 664.8, 123.4, 5.381
[22:03:53] 664.8, 123.5, 5.369
[22:03:54] 664.9, 123.4, 5.445
[22:03:55] 671.1, 123.5, 5.361
[22:03:56] 664.0, 123.5, 5.376
[22:03:57] 664.0, 123.4, 5.334
[22:03:58] 664.0, 123.5, 5.343
[22:03:59] 658.7, 123.6, 5.319
[22:04:00] 659.0, 123.5, 5.313
[22:04:01] 659.5, 123.6, 5.357
[22:04:02] 659.5, 123.6, 5.319
[22:04:03] 659.7, 123.5, 5.340
[22:04:04] 666.0, 123.6, 5.317
[22:04:05] 665.5, 123.5, 5.329
[22:04:06] 664.9, 123.6, 5.312
[22:04:07] 664.3, 123.6, 5.315
[22:04:08] 664.0, 123.6, 5.357
[22:04:09] 663.6, 123.6, 5.314
[22:04:10] 663.2, 123.5, 5.453
[22:04:11] 672.7, 123.6, 5.441
[22:04:12] 666.2, 123.5, 5.320
[22:04:13] 657.7, 123.6, 5.313
[22:04:14] 658.0, 123.5, 5.315
[22:04:15] 658.5, 123.6, 5.314
[22:04:16] 658.6, 123.5, 5.327
[22:04:17] 658.7, 123.5, 5.336
[22:04:18] 658.7, 123.6, 5.452
[22:04:19] 670.5, 123.5, 5.306
[22:04:20] 657.9, 123.6, 5.405
[22:04:21] 658.1, 123.5, 5.308
[22:04:22] 658.2, 123.6, 5.318
[22:04:23] 658.7, 123.5, 5.311
[22:04:24] 659.0, 123.6, 5.305
[22:04:25] 658.8, 123.6, 5.425
[22:04:26] 667.4, 123.5, 5.424
[22:04:27] 673.7, 123.6, 5.399
[22:04:28] 657.5, 123.6, 5.176
[22:04:29] 640.6, 123.5, 5.176
[22:04:30] 640.5, 123.6, 5.178
[22:04:31] 640.5, 123.6, 5.173
[22:04:32] 640.5, 123.6, 5.175
[22:04:33] 737.6, 123.6, 5.173
[22:04:34] 639.8, 123.5, 5.171
[22:04:35] 639.8, 123.6, 5.175
[22:04:36] 639.8, 123.6, 5.169
[22:04:37] 639.8, 123.6, 5.169
[22:04:38] 732.7, 123.6, 5.186
[22:04:39] 640.8, 123.6, 5.178
[22:04:40] 640.8, 123.6, 5.178
[22:04:41] 640.7, 123.6, 5.178
[22:04:42] 640.7, 123.6, 5.179
[22:04:43] 727.6, 123.5, 5.178
[22:04:44] 640.0, 123.6, 5.184
[22:04:45] 640.1, 123.5, 5.183
[22:04:46] 640.2, 123.5, 5.177
[22:04:47] 640.2, 123.6, 5.174
[22:04:48] 722.7, 123.5, 5.209
[22:04:49] 683.7, 123.6, 5.178
[22:04:50] 640.8, 123.6, 5.182
[22:04:51] 640.8, 123.5, 5.176
[22:04:52] 640.8, 123.5, 5.176
[22:04:53] 685.5, 123.6, 5.596
[22:04:54] 747.3, 123.5, 5.178
[22:04:55] 640.8, 123.5, 5.174
[22:04:56] 640.7, 123.6, 5.174
[22:04:57] 640.6, 123.6, 5.170
[22:04:58] 640.5, 122.9, 7.891
[22:04:59] 893.7, 123.5, 5.178
[22:05:00] 639.8, 123.6, 5.169
[22:05:01] 639.8, 123.6, 5.171
[22:05:02] 639.7, 123.5, 5.185
[22:05:03] 639.8, 123.6, 5.198
[22:05:04] 730.2, 122.8, 7.948
[22:05:05] 967.5, 123.6, 5.217
[22:05:06] 688.6, 123.6, 5.176
[22:05:07] 640.4, 123.5, 5.175
[22:05:08] 640.3, 123.6, 5.173
[22:05:09] 640.3, 123.5, 5.172
[22:05:10] 677.6, 122.9, 7.915
[22:05:11] 974.0, 122.8, 7.935
[22:05:12] 974.2, 123.6, 5.698
[22:05:13] 754.2, 123.5, 5.174
[22:05:14] 640.4, 123.6, 5.170
[22:05:15] 640.2, 123.6, 5.172
[22:05:16] 640.1, 123.5, 5.167
[22:05:17] 640.0, 122.9, 7.876
[22:05:18] 911.3, 122.9, 7.923
[22:05:19] 974.6, 122.8, 7.940
[22:05:20] 974.9, 122.8, 7.954
[22:05:21] 975.3, 122.9, 7.955
[22:05:22] 958.1, 123.5, 5.202
[22:05:23] 643.9, 123.6, 5.188
[22:05:24] 643.6, 123.6, 5.183
[22:05:25] 643.3, 123.5, 5.181
[22:05:26] 643.0, 123.5, 5.184
[22:05:27] 717.8, 122.9, 7.924
[22:05:28] 975.4, 122.9, 7.939
[22:05:29] 975.6, 122.9, 7.948
[22:05:30] 976.0, 122.9, 7.954
[22:05:31] 976.4, 122.9, 7.960
[22:05:32] 976.9, 122.9, 7.967
[22:05:33] 977.3, 122.8, 7.964
[22:05:34] 977.7, 122.8, 7.964
[22:05:35] 978.0, 122.9, 7.971
[22:05:36] 977.7, 123.6, 5.252
[22:05:37] 696.3, 123.6, 5.196
[22:05:38] 643.2, 123.5, 5.196
[22:05:39] 643.1, 123.6, 5.185
[22:05:40] 642.9, 123.5, 5.183
[22:05:41] 660.7, 122.9, 7.925
[22:05:42] 976.4, 122.9, 7.941
[22:05:43] 976.6, 122.9, 7.951
[22:05:44] 976.8, 122.9, 7.959
[22:05:45] 977.2, 122.9, 7.961
[22:05:46] 977.6, 122.9, 7.963
[22:05:47] 977.9, 122.9, 7.968
[22:05:48] 978.3, 122.8, 7.972
[22:05:49] 978.6, 122.9, 7.975
[22:05:50] 979.0, 122.8, 7.979
[22:05:51] 979.3, 122.9, 7.983
[22:05:52] 979.7, 122.8, 7.984
[22:05:53] 980.0, 122.9, 7.982
[22:05:54] 980.2, 122.8, 7.986
[22:05:55] 980.5, 122.9, 7.987
[22:05:56] 980.7, 122.9, 7.987
[22:05:57] 981.0, 122.8, 7.989
[22:05:58] 981.3, 122.9, 7.986
[22:05:59] 981.5, 123.4, 5.407
[22:06:00] 741.8, 123.5, 5.205
[22:06:01] 643.7, 123.5, 5.200
[22:06:02] 643.6, 123.6, 5.200
[22:06:03] 643.5, 123.5, 5.190
