<<<[18:13:25] 657.4, 123.4, 5.330
[18:13:26] 651.6, 123.4, 5.235
[18:13:27] 644.9, 123.2, 5.466
[18:13:28] 667.6, 123.2, 5.435
[18:13:29] 667.7, 123.3, 5.451
[18:13:30] 667.8, 123.3, 5.383
[18:13:31] 667.5, 123.3, 5.386
[18:13:32] 667.2, 123.3, 5.423
[18:13:33] 667.1, 123.2, 5.380
[18:13:34] 666.7, 123.3, 5.415
[18:13:35] 667.1, 123.3, 5.386
[18:13:36] 666.7, 123.3, 5.383
[18:13:37] 666.3, 123.3, 5.382
[18:13:38] 666.2, 123.2, 5.396
[18:13:39] 666.0, 123.3, 5.424
[18:13:40] 666.7, 123.3, 5.392
[18:13:41] 666.5, 123.3, 5.384
[18:13:42] 665.9, 123.3, 5.240
[18:13:43] 645.1, 123.2, 5.255
[18:13:44] 645.2, 123.3, 5.253
[18:13:45] 645.3, 123.3, 5.252
[18:13:46] 645.4, 123.2, 5.242
[18:13:47] 687.1, 123.2, 5.292
[18:13:48] 700.8, 123.2, 5.234
[18:13:49] 644.1, 123.3, 5.222
[18:13:50] 644.0, 123.3, 5.234
[18:13:51] 644.1, 123.2, 5.231
[18:13:52] 675.0, 123.2, 5.299
[18:13:53] 702.4, 123.3, 5.228
[18:13:54] 644.1, 123.3, 5.229
[18:13:55] 644.1, 123.3, 5.229
[18:13:56] 644.1, 123.2, 5.251
[18:13:57] 644.7, 123.2, 6.121
[18:13:58] 761.5, 123.3, 5.232
[18:13:59] 644.5, 123.2, 5.228
[18:14:00] 644.4, 123.3, 5.226
[18:14:01] 644.4, 123.3, 5.224
[18:14:02] 644.3, 122.7, 7.567
[18:14:03] 826.8, 123.3, 5.229
[18:14:04] 644.7, 123.4, 5.223
[18:14:05] 644.6, 123.3, 5.219
[18:14:06] 644.4, 123.3, 5.222
[18:14:07] 644.4, 123.2, 5.334
[18:14:08] 781.7, 123.2, 6.282
[18:14:09] 767.8, 123.3, 5.232
[18:14:10] 644.7, 123.3, 5.225
[18:14:11] 644.6, 123.2, 5.223
[18:14:12] 644.5, 123.3, 5.228
[18:14:13] 644.4, 122.8, 7.566
[18:14:14] 867.8, 122.7, 7.644
[18:14:15] 887.8, 123.2, 5.237
[18:14:16] 645.5, 123.3, 5.251
[18:14:17] 645.5, 123.3, 5.249
[18:14:18] 645.5, 123.2, 5.233
[18:14:19] 645.3, 123.3, 5.249
[18:14:20] 749.3, 122.7, 7.637
[18:14:21] 938.2, 122.7, 7.651
[18:14:22] 938.4, 122.8, 7.427
[18:14:23] 833.3, 123.4, 5.235
[18:14:24] 645.9, 123.3, 5.231
[18:14:25] 645.8, 123.3, 5.232
[18:14:26] 645.9, 123.4, 5.225
[18:14:27] 645.7, 122.9, 6.678
[18:14:28] 803.8, 122.7, 7.639
[18:14:29] 938.6, 122.8, 7.658
[18:14:30] 938.9, 122.7, 7.667
[18:14:31] 939.2, 122.6, 7.679
[18:14:32] 939.7, 122.8, 7.687
[18:14:33] 940.3, 123.3, 5.369
[18:14:34] 720.5, 123.3, 5.239
[18:14:35] 646.7, 123.4, 5.237
[18:14:36] 646.6, 123.3, 5.230
[18:14:37] 646.4, 123.3, 5.225
[18:14:38] 646.2, 122.8, 7.631
[18:14:39] 916.4, 122.8, 7.651
[18:14:40] 940.4, 122.7, 7.665
[18:14:41] 940.6, 122.8, 7.676
[18:14:42] 940.9, 122.8, 7.675
[18:14:43] 941.2, 122.7, 7.680
[18:14:44] 941.5, 122.7, 7.688
[18:14:45] 941.9, 122.8, 7.680
[18:14:46] 942.2, 122.8, 7.677
[18:14:47] 942.5, 122.7, 7.692
[18:14:48] 942.8, 122.7, 7.691
[18:14:49] 943.1, 123.3, 5.496
[18:14:50] 742.2, 123.4, 5.247
[18:14:51] 647.5, 123.3, 5.242
[18:14:52] 647.3, 123.3, 5.232
[18:14:53] 647.2, 123.4, 5.228
