<<<[23:59:41] 639.2, 124.3, 5.111
[23:59:42] 633.3, 124.3, 5.108
[23:59:43] 633.2, 124.3, 5.113
[23:59:44] 633.3, 124.2, 5.315
[23:59:45] 658.1, 124.3, 5.273
[23:59:46] 657.9, 124.2, 5.251
[23:59:47] 657.7, 124.2, 5.244
[23:59:48] 657.5, 124.3, 5.253
[23:59:49] 657.2, 124.2, 5.256
[23:59:50] 657.1, 124.3, 5.262
[23:59:51] 656.9, 124.2, 5.294
[23:59:52] 657.0, 124.3, 5.349
[23:59:53] 657.6, 124.2, 5.377
[23:59:54] 664.4, 124.3, 5.358
[23:59:55] 664.0, 124.2, 5.340
[23:59:56] 663.7, 124.3, 5.335
[23:59:57] 657.3, 124.2, 5.356
[23:59:58] 657.8, 124.3, 5.236
[23:59:59] 657.5, 124.3, 5.230
[00:00:00] 648.5, 124.2, 5.239
[00:00:01] 648.7, 124.2, 5.238
[00:00:02] 648.7, 124.1, 5.283
[00:00:03] 649.2, 124.2, 5.245
[00:00:04] 649.4, 124.2, 5.257
[00:00:05] 649.7, 124.2, 5.238
[00:00:06] 649.8, 124.2, 5.367
[00:00:07] 660.7, 124.1, 5.240
[00:00:08] 650.6, 124.2, 5.234
[00:00:09] 650.7, 124.3, 5.233
[00:00:10] 650.7, 124.3, 5.233
[00:00:11] 651.1, 124.2, 5.240
[00:00:12] 651.1, 124.2, 5.231
[00:00:13] 651.3, 124.3, 5.236
[00:00:14] 651.1, 124.3, 5.229
[00:00:15] 651.2, 124.1, 5.372
[00:00:16] 662.3, 124.2, 5.239
[00:00:17] 652.0, 124.1, 5.255
[00:00:18] 651.5, 124.2, 5.257
[00:00:19] 651.3, 124.2, 5.235
[00:00:20] 651.1, 124.2, 5.231
[00:00:21] 651.2, 124.2, 5.231
[00:00:22] 651.1, 124.3, 5.232
[00:00:23] 650.9, 124.2, 5.286
[00:00:24] 650.9, 124.2, 5.245
[00:00:25] 650.7, 124.2, 5.232
[00:00:26] 651.3, 124.2, 5.250
[00:00:27] 651.5, 124.3, 5.269
[00:00:28] 651.3, 124.3, 5.232
[00:00:29] 651.3, 124.3, 5.230
[00:00:30] 651.0, 124.2, 5.221
[00:00:31] 650.8, 124.2, 5.229
[00:00:32] 650.8, 124.2, 5.229
[00:00:33] 650.4, 124.2, 5.320
[00:00:34] 650.3, 124.2, 5.219
[00:00:35] 650.0, 124.3, 5.220
[00:00:36] 650.4, 124.2, 5.349
[00:00:37] 662.8, 124.2, 5.337
[00:00:38] 662.8, 124.3, 5.237
[00:00:39] 650.6, 124.2, 5.243
[00:00:40] 650.5, 124.2, 5.243
[00:00:41] 650.4, 124.3, 5.240
[00:00:42] 650.9, 124.3, 5.104
[00:00:43] 635.1, 124.3, 5.110
[00:00:44] 634.9, 124.3, 5.107
[00:00:45] 634.7, 124.3, 5.108
[00:00:46] 634.5, 124.2, 5.103
[00:00:47] 634.9, 124.2, 5.459
[00:00:48] 724.7, 124.3, 5.105
[00:00:49] 632.1, 124.2, 5.108
[00:00:50] 632.1, 124.2, 5.097
[00:00:51] 632.1, 124.3, 5.099
[00:00:52] 632.0, 123.8, 7.073
[00:00:53] 761.7, 124.3, 5.102
[00:00:54] 632.1, 124.4, 5.096
[00:00:55] 632.0, 124.3, 5.106
[00:00:56] 632.1, 124.2, 5.101
[00:00:57] 632.1, 123.8, 7.170
[00:00:58] 781.7, 124.3, 5.161
[00:00:59] 639.2, 124.3, 5.155
[00:01:00] 639.0, 124.3, 5.146
[00:01:01] 638.9, 124.2, 5.149
[00:01:02] 638.7, 124.0, 6.234
[00:01:03] 782.1, 124.3, 5.565
[00:01:04] 732.3, 124.3, 5.152
[00:01:05] 638.2, 124.3, 5.151
[00:01:06] 638.2, 124.4, 5.146
[00:01:07] 638.1, 124.4, 5.155
[00:01:08] 638.3, 123.8, 7.351
[00:01:09] 905.9, 124.2, 5.594
[00:01:10] 736.5, 124.4, 5.150
[00:01:11] 639.8, 124.4, 5.153
[00:01:12] 639.7, 124.2, 5.150
[00:01:13] 639.6, 124.4, 5.151
[00:01:14] 639.5, 123.8, 7.343
[00:01:15] 881.7, 123.8, 7.359
[00:01:16] 912.2, 123.8, 7.155
[00:01:17] 792.0, 124.4, 5.155
[00:01:18] 639.2, 124.4, 5.146
[00:01:19] 639.1, 124.3, 5.150
[00:01:20] 638.9, 124.4, 5.146
[00:01:21] 638.8, 123.9, 7.261
[00:01:22] 832.9, 123.8, 7.362
[00:01:23] 912.2, 123.8, 7.368
[00:01:24] 912.3, 123.9, 7.374
[00:01:25] 912.6, 123.7, 7.390
[00:01:26] 904.4, 124.4, 5.164
[00:01:27] 640.2, 124.4, 5.166
[00:01:28] 640.2, 124.3, 5.160
[00:01:29] 640.2, 124.3, 5.154
[00:01:30] 640.1, 124.4, 5.143
[00:01:31] 740.0, 123.8, 7.361
[00:01:32] 912.4, 123.8, 7.372
[00:01:33] 912.5, 123.9, 7.376
[00:01:34] 912.8, 123.8, 7.380
[00:01:35] 913.1, 123.8, 7.384
[00:01:36] 913.4, 123.9, 7.386
[00:01:37] 913.7, 123.8, 7.395
[00:01:38] 914.1, 123.9, 7.394
[00:01:39] 914.4, 123.8, 7.194
[00:01:40] 799.4, 124.4, 5.169
[00:01:41] 640.8, 124.3, 5.165
[00:01:42] 640.6, 124.4, 5.151
[00:01:43] 640.5, 124.3, 5.158
[00:01:44] 640.3, 123.8, 7.189
[00:01:45] 820.9, 123.8, 7.373
[00:01:46] 913.6, 123.7, 7.383
[00:01:47] 913.7, 123.8, 7.389
[00:01:48] 914.0, 123.7, 7.395
[00:01:49] 914.2, 123.7, 7.399
[00:01:50] 914.6, 123.8, 7.401
[00:01:51] 914.8, 123.7, 7.402
[00:01:52] 915.1, 123.7, 7.402
[00:01:53] 915.5, 123.7, 7.406
[00:01:54] 915.7, 123.8, 7.410
[00:01:55] 915.9, 123.8, 7.411
[00:01:56] 916.2, 123.7, 7.411
[00:01:57] 916.5, 123.7, 7.406
[00:01:58] 916.7, 123.7, 7.409
[00:01:59] 916.9, 123.8, 7.411
[00:02:00] 917.1, 123.8, 7.414
[00:02:01] 917.3, 123.7, 7.417
[00:02:02] 845.9, 124.2, 5.176
[00:02:03] 641.6, 124.2, 5.172
[00:02:04] 641.5, 124.2, 5.167
[00:02:05] 641.3, 124.3, 5.162
