<<<[17:51:59] 632.7, 122.8, 5.136
[17:52:00] 632.5, 122.7, 5.139
[17:52:01] 632.4, 122.8, 5.138
[17:52:02] 640.6, 122.6, 5.369
[17:52:03] 655.6, 122.7, 5.365
[17:52:04] 655.6, 122.6, 5.377
[17:52:05] 655.7, 122.6, 5.376
[17:52:06] 655.5, 122.6, 5.300
[17:52:07] 655.0, 122.7, 5.301
[17:52:08] 654.6, 122.6, 5.339
[17:52:09] 654.6, 122.7, 5.366
[17:52:10] 654.2, 122.6, 5.298
[17:52:11] 654.7, 122.7, 5.301
[17:52:12] 654.3, 122.6, 5.305
[17:52:13] 654.0, 122.7, 5.386
[17:52:14] 654.0, 122.7, 5.303
[17:52:15] 653.8, 122.6, 5.314
[17:52:16] 653.4, 122.7, 5.423
[17:52:17] 664.8, 122.7, 5.321
[17:52:18] 655.8, 122.8, 5.145
[17:52:19] 635.1, 122.7, 5.149
[17:52:20] 634.8, 122.8, 5.146
[17:52:21] 634.5, 122.8, 5.146
[17:52:22] 634.2, 122.8, 5.147
[17:52:23] 633.9, 122.5, 6.756
[17:52:24] 730.6, 122.8, 5.146
[17:52:25] 632.3, 122.7, 5.146
[17:52:26] 632.3, 122.8, 5.147
[17:52:27] 632.2, 122.7, 5.145
[17:52:28] 632.2, 122.5, 6.840
[17:52:29] 722.9, 122.7, 5.147
[17:52:30] 631.9, 122.8, 5.147
[17:52:31] 631.8, 122.7, 5.145
[17:52:32] 631.9, 122.8, 5.145
[17:52:33] 631.9, 122.2, 7.197
[17:52:34] 762.2, 122.7, 5.152
[17:52:35] 632.1, 122.6, 5.154
[17:52:36] 632.1, 122.7, 5.150
[17:52:37] 632.1, 122.7, 5.151
[17:52:38] 632.2, 121.9, 7.626
[17:52:39] 791.2, 122.7, 5.155
[17:52:40] 632.5, 122.5, 5.153
[17:52:41] 632.4, 122.6, 5.151
[17:52:42] 632.4, 122.6, 5.146
[17:52:43] 632.2, 122.7, 5.142
[17:52:44] 762.0, 122.6, 5.357
[17:52:45] 720.3, 122.7, 5.149
[17:52:46] 631.7, 122.7, 5.147
[17:52:47] 631.6, 122.7, 5.148
[17:52:48] 631.7, 122.7, 5.142
[17:52:49] 631.7, 122.0, 7.882
[17:52:50] 929.4, 122.7, 5.381
[17:52:51] 722.1, 122.6, 5.152
[17:52:52] 632.5, 122.8, 5.147
[17:52:53] 632.4, 122.7, 5.149
[17:52:54] 632.4, 122.8, 5.146
[17:52:55] 632.3, 122.0, 7.887
[17:52:56] 932.7, 122.1, 7.914
[17:52:57] 967.0, 122.6, 5.409
[17:52:58] 723.1, 122.7, 5.156
[17:52:59] 632.7, 122.7, 5.153
[17:53:00] 632.7, 122.7, 5.150
[17:53:01] 632.6, 122.6, 5.147
[17:53:02] 632.5, 121.9, 7.896
[17:53:03] 940.2, 122.0, 7.923
[17:53:04] 967.9, 121.9, 7.935
[17:53:05] 968.1, 122.0, 7.947
[17:53:06] 968.3, 122.6, 5.442
[17:53:07] 722.3, 122.6, 5.168
[17:53:08] 634.7, 122.7, 5.161
[17:53:09] 634.6, 122.6, 5.162
[17:53:10] 634.4, 122.5, 5.158
[17:53:11] 634.2, 122.0, 7.912
[17:53:12] 957.5, 121.9, 7.940
[17:53:13] 969.1, 121.9, 7.963
[17:53:14] 969.7, 122.0, 8.008
[17:53:15] 978.2, 122.0, 8.012
[17:53:16] 978.2, 122.0, 8.009
[17:53:17] 978.2, 121.9, 8.008
[17:53:18] 978.3, 122.0, 8.011
[17:53:19] 971.7, 122.7, 5.252
[17:53:20] 679.4, 122.6, 5.222
[17:53:21] 641.4, 122.7, 5.212
[17:53:22] 641.2, 122.8, 5.207
[17:53:23] 641.0, 122.7, 5.202
[17:53:24] 664.8, 122.1, 7.961
[17:53:25] 974.0, 122.1, 7.987
[17:53:26] 974.2, 122.1, 7.995
[17:53:27] 974.7, 122.0, 8.000
[17:53:28] 975.1, 122.0, 8.007
[17:53:29] 975.6, 122.1, 8.009
[17:53:30] 976.0, 122.0, 8.009
[17:53:31] 976.4, 122.0, 8.011
[17:53:32] 976.8, 122.1, 8.017
[17:53:33] 977.2, 122.0, 8.017
[17:53:34] 977.5, 122.0, 8.018
[17:53:35] 977.9, 122.1, 8.020
[17:53:36] 978.2, 122.1, 8.020
[17:53:37] 978.5, 122.2, 8.018
[17:53:38] 978.8, 122.1, 8.019
[17:53:39] 979.0, 122.1, 8.023
[17:53:40] 887.8, 122.7, 5.340
[17:53:41] 656.3, 122.8, 5.225
[17:53:42] 644.7, 122.7, 5.214
[17:53:43] 644.1, 122.8, 5.211
[17:53:44] 643.7, 122.7, 5.209
