<<<[23:42:47] 643.7, 124.1, 5.209
[23:42:48] 643.8, 124.1, 5.182
[23:42:49] 643.7, 124.0, 5.414
[23:42:50] 661.3, 124.1, 5.305
[23:42:51] 660.8, 124.0, 5.257
[23:42:52] 653.8, 124.1, 5.185
[23:42:53] 645.1, 124.1, 5.187
[23:42:54] 644.9, 124.1, 5.195
[23:42:55] 644.7, 124.1, 5.186
[23:42:56] 678.2, 124.1, 5.256
[23:42:57] 704.0, 124.1, 5.181
[23:42:58] 643.0, 124.0, 5.195
[23:42:59] 642.9, 124.1, 5.183
[23:43:00] 642.9, 123.9, 5.182
[23:43:01] 675.6, 124.0, 5.267
[23:43:02] 706.0, 124.0, 5.195
[23:43:03] 642.8, 124.0, 5.180
[23:43:04] 642.7, 124.1, 5.182
[23:43:05] 642.7, 124.1, 5.183
[23:43:06] 673.7, 124.1, 5.287
[23:43:07] 707.5, 124.0, 5.181
[23:43:08] 642.8, 124.0, 5.177
[23:43:09] 642.7, 124.0, 5.176
[23:43:10] 642.7, 124.0, 5.190
[23:43:11] 670.9, 123.9, 5.281
[23:43:12] 709.1, 124.0, 5.182
[23:43:13] 642.8, 124.0, 5.179
[23:43:14] 642.8, 124.0, 5.194
[23:43:15] 642.7, 124.1, 5.175
[23:43:16] 668.7, 124.0, 5.290
[23:43:17] 710.7, 124.0, 5.178
[23:43:18] 642.8, 124.0, 5.192
[23:43:19] 642.8, 124.0, 5.176
[23:43:20] 642.7, 124.0, 5.178
[23:43:21] 665.6, 124.0, 5.301
[23:43:22] 712.6, 124.0, 5.198
[23:43:23] 643.0, 124.0, 5.178
[23:43:24] 642.9, 124.0, 5.176
[23:43:25] 642.9, 124.1, 5.175
[23:43:26] 662.3, 124.1, 5.324
[23:43:27] 714.0, 124.0, 5.177
[23:43:28] 642.4, 124.0, 5.179
[23:43:29] 642.4, 124.0, 5.177
[23:43:30] 642.4, 124.0, 5.192
[23:43:31] 657.1, 124.0, 5.318
[23:43:32] 715.0, 124.1, 5.177
[23:43:33] 642.6, 124.0, 5.176
[23:43:34] 642.5, 124.1, 5.196
[23:43:35] 642.5, 124.1, 5.171
[23:43:36] 642.7, 124.0, 5.330
[23:43:37] 721.5, 124.0, 5.176
[23:43:38] 642.4, 124.1, 5.190
[23:43:39] 642.4, 124.2, 5.171
[23:43:40] 642.3, 124.0, 5.179
[23:43:41] 642.4, 123.7, 6.928
[23:43:42] 758.7, 124.0, 5.191
[23:43:43] 642.6, 124.1, 5.176
[23:43:44] 642.6, 124.1, 5.172
[23:43:45] 642.5, 124.0, 5.175
[23:43:46] 642.5, 123.4, 7.623
[23:43:47] 828.8, 124.0, 5.206
[23:43:48] 644.1, 124.1, 5.200
[23:43:49] 644.0, 124.1, 5.201
[23:43:50] 643.9, 124.0, 5.192
[23:43:51] 643.8, 124.0, 5.239
[23:43:52] 786.3, 123.7, 7.103
[23:43:53] 780.4, 124.0, 5.181
[23:43:54] 643.0, 124.1, 5.198
[23:43:55] 643.0, 124.0, 5.205
[23:43:56] 643.1, 124.0, 5.200
[23:43:57] 643.2, 123.5, 7.671
[23:43:58] 909.1, 123.6, 7.200
[23:43:59] 795.1, 124.0, 5.186
[23:44:00] 643.6, 124.1, 5.177
[23:44:01] 643.5, 124.0, 5.175
[23:44:02] 643.4, 124.0, 5.194
[23:44:03] 643.3, 123.5, 7.517
[23:44:04] 850.4, 123.5, 7.715
[23:44:05] 953.4, 123.5, 7.729
[23:44:06] 921.1, 124.1, 5.212
[23:44:07] 644.7, 124.1, 5.186
[23:44:08] 644.6, 124.0, 5.185
[23:44:09] 644.5, 124.1, 5.208
[23:44:10] 644.4, 124.1, 5.202
[23:44:11] 736.7, 123.4, 7.708
[23:44:12] 953.0, 123.5, 7.734
[23:44:13] 953.3, 123.4, 7.736
[23:44:14] 953.7, 123.4, 7.741
[23:44:15] 954.1, 123.6, 7.400
[23:44:16] 859.5, 124.0, 5.204
[23:44:17] 646.5, 124.1, 5.194
[23:44:18] 646.3, 124.2, 5.206
[23:44:19] 646.0, 124.1, 5.185
[23:44:20] 645.7, 123.6, 6.977
[23:44:21] 818.7, 123.5, 7.723
[23:44:22] 955.0, 123.4, 7.742
[23:44:23] 955.2, 123.4, 7.744
[23:44:24] 955.4, 123.5, 7.752
[23:44:25] 955.8, 123.4, 7.758
[23:44:26] 956.2, 123.4, 7.761
[23:44:27] 956.6, 123.5, 7.765
[23:44:28] 957.0, 123.5, 7.770
[23:44:29] 957.4, 123.4, 7.769
[23:44:30] 957.0, 124.1, 5.260
[23:44:31] 688.0, 124.1, 5.207
[23:44:32] 646.7, 124.2, 5.196
[23:44:33] 646.5, 124.1, 5.191
[23:44:34] 646.3, 124.1, 5.209
[23:44:35] 676.8, 123.5, 7.723
[23:44:36] 954.8, 123.5, 7.738
[23:44:37] 955.0, 123.6, 7.750
[23:44:38] 955.4, 123.5, 7.757
[23:44:39] 955.9, 123.4, 7.761
[23:44:40] 956.3, 123.4, 7.777
[23:44:41] 956.9, 123.4, 7.774
[23:44:42] 957.4, 123.5, 7.779
[23:44:43] 957.9, 123.5, 7.783
[23:44:44] 958.3, 123.4, 7.787
[23:44:45] 958.8, 123.3, 7.788
[23:44:46] 959.2, 123.5, 7.788
[23:44:47] 959.6, 123.4, 7.788
[23:44:48] 959.9, 123.4, 7.787
[23:44:49] 960.2, 123.4, 7.786
[23:44:50] 960.4, 123.5, 7.788
[23:44:51] 960.7, 123.4, 7.788
[23:44:52] 960.9, 123.4, 7.795
[23:44:53] 961.2, 123.5, 7.793
[23:44:54] 907.5, 124.1, 5.255
[23:44:55] 649.7, 124.0, 5.216
[23:44:56] 649.4, 124.1, 5.207
[23:44:57] 649.1, 124.1, 5.206
