<<<[04:29:30] 645.1, 125.0, 5.163
[04:29:31] 645.1, 125.0, 5.171
[04:29:32] 645.1, 124.9, 5.410
[04:29:33] 666.8, 125.0, 5.395
[04:29:34] 667.2, 124.9, 5.327
[04:29:35] 667.2, 125.0, 5.325
[04:29:36] 667.2, 125.0, 5.416
[04:29:37] 673.1, 124.9, 5.393
[04:29:38] 673.1, 125.0, 5.287
[04:29:39] 665.4, 125.0, 5.335
[04:29:40] 665.6, 124.9, 5.405
[04:29:41] 672.3, 124.9, 5.313
[04:29:42] 671.9, 125.0, 5.308
[04:29:43] 665.8, 124.9, 5.422
[04:29:44] 671.9, 124.9, 5.335
[04:29:45] 664.8, 125.0, 5.346
[04:29:46] 664.5, 125.0, 5.354
[04:29:47] 664.4, 124.9, 5.286
[04:29:48] 664.1, 125.0, 5.297
[04:29:49] 664.2, 125.0, 5.304
[04:29:50] 664.2, 124.9, 5.294
[04:29:51] 663.9, 124.9, 5.375
[04:29:52] 663.9, 125.0, 5.320
[04:29:53] 663.7, 125.0, 5.292
[04:29:54] 664.0, 124.9, 5.358
[04:29:55] 670.3, 124.9, 5.303
[04:29:56] 662.6, 125.0, 5.299
[04:29:57] 662.4, 125.0, 5.307
[04:29:58] 662.7, 124.9, 5.366
[04:29:59] 662.6, 125.0, 5.308
[04:30:00] 668.6, 125.0, 5.312
[04:30:01] 668.1, 124.9, 5.324
[04:30:02] 667.5, 124.9, 5.367
[04:30:03] 667.2, 125.0, 5.311
[04:30:04] 666.8, 124.9, 5.329
[04:30:05] 666.2, 124.9, 5.442
[04:30:06] 676.0, 125.0, 5.356
[04:30:07] 675.3, 125.0, 5.321
[04:30:08] 665.2, 124.9, 5.314
[04:30:09] 664.9, 124.9, 5.201
[04:30:10] 650.2, 125.0, 5.154
[04:30:11] 644.1, 124.9, 5.164
[04:30:12] 644.1, 125.0, 5.160
[04:30:13] 644.1, 125.0, 5.163
[04:30:14] 644.1, 124.5, 7.118
[04:30:15] 740.0, 125.0, 5.159
[04:30:16] 644.1, 125.1, 5.156
[04:30:17] 644.0, 125.0, 5.156
[04:30:18] 644.0, 125.0, 5.148
[04:30:19] 643.9, 124.6, 7.106
[04:30:20] 728.8, 124.9, 5.160
[04:30:21] 643.9, 125.0, 5.154
[04:30:22] 643.8, 125.0, 5.148
[04:30:23] 643.8, 125.0, 5.155
[04:30:24] 643.8, 124.5, 7.083
[04:30:25] 762.0, 125.0, 5.162
[04:30:26] 644.1, 125.0, 5.148
[04:30:27] 644.0, 125.0, 5.159
[04:30:28] 644.0, 124.9, 5.155
[04:30:29] 643.9, 124.6, 6.459
[04:30:30] 779.8, 124.9, 5.156
[04:30:31] 643.7, 125.0, 5.158
[04:30:32] 643.7, 124.9, 5.154
[04:30:33] 643.7, 125.0, 5.158
[04:30:34] 643.7, 125.0, 5.149
[04:30:35] 714.0, 124.4, 7.154
[04:30:36] 794.9, 125.0, 5.160
[04:30:37] 644.5, 125.0, 5.159
[04:30:38] 644.3, 125.0, 5.147
[04:30:39] 644.3, 125.0, 5.155
[04:30:40] 644.2, 124.4, 7.229
[04:30:41] 833.5, 124.5, 7.217
[04:30:42] 852.2, 124.9, 5.157
[04:30:43] 644.7, 125.0, 5.160
[04:30:44] 644.6, 125.1, 5.154
[04:30:45] 644.5, 125.0, 5.158
[04:30:46] 644.4, 124.5, 6.850
[04:30:47] 803.2, 124.5, 7.348
[04:30:48] 915.4, 124.5, 7.352
[04:30:49] 908.5, 124.9, 5.174
[04:30:50] 646.7, 124.9, 5.161
[04:30:51] 646.4, 125.0, 5.158
[04:30:52] 646.1, 125.0, 5.161
[04:30:53] 645.9, 124.9, 5.156
[04:30:54] 741.2, 124.4, 7.312
[04:30:55] 910.9, 124.4, 7.326
[04:30:56] 911.0, 124.5, 7.331
[04:30:57] 911.2, 124.5, 7.342
[04:30:58] 911.5, 124.8, 5.813
[04:30:59] 750.2, 125.0, 5.171
[04:31:00] 645.3, 125.0, 5.161
[04:31:01] 645.2, 125.0, 5.165
[04:31:02] 645.1, 125.0, 5.154
[04:31:03] 645.0, 124.5, 7.312
[04:31:04] 890.2, 124.4, 7.320
[04:31:05] 912.4, 124.4, 7.333
[04:31:06] 912.4, 124.4, 7.335
[04:31:07] 912.6, 124.4, 7.347
[04:31:08] 912.9, 124.4, 7.348
[04:31:09] 913.1, 124.5, 7.349
[04:31:10] 913.4, 124.4, 7.352
[04:31:11] 913.7, 124.4, 7.353
[04:31:12] 913.8, 125.0, 5.243
[04:31:13] 705.2, 125.0, 5.177
[04:31:14] 646.1, 124.9, 5.165
[04:31:15] 646.0, 125.0, 5.163
[04:31:16] 645.9, 125.0, 5.158
[04:31:17] 657.1, 124.5, 7.316
[04:31:18] 911.8, 124.4, 7.334
[04:31:19] 912.0, 124.4, 7.341
[04:31:20] 912.3, 124.5, 7.344
[04:31:21] 912.6, 124.5, 7.350
[04:31:22] 912.9, 124.4, 7.352
[04:31:23] 913.3, 124.4, 7.358
[04:31:24] 913.7, 124.5, 7.361
[04:31:25] 914.1, 124.5, 7.366
[04:31:26] 914.4, 124.4, 7.356
[04:31:27] 914.7, 124.5, 7.368
[04:31:28] 915.0, 124.5, 7.361
[04:31:29] 915.3, 124.4, 7.365
[04:31:30] 915.5, 124.4, 7.362
[04:31:31] 915.8, 124.5, 7.365
[04:31:32] 915.9, 124.4, 7.365
[04:31:33] 916.1, 124.4, 7.372
[04:31:34] 916.3, 124.4, 7.367
[04:31:35] 837.2, 125.0, 5.185
[04:31:36] 647.7, 124.9, 5.171
[04:31:37] 647.5, 125.0, 5.172
[04:31:38] 647.4, 124.9, 5.169
