<<<[15:46:33] 640.4, 122.3, 5.214
[15:46:34] 640.2, 122.4, 5.213
[15:46:35] 640.0, 122.3, 5.214
[15:46:36] 640.6, 122.4, 5.331
[15:46:37] 657.7, 122.3, 5.389
[15:46:38] 652.0, 122.4, 5.288
[15:46:39] 651.4, 122.4, 5.214
[15:46:40] 639.6, 122.4, 5.213
[15:46:41] 639.4, 122.4, 5.213
[15:46:42] 639.4, 122.4, 5.218
[15:46:43] 735.7, 122.4, 5.216
[15:46:44] 639.2, 122.3, 5.213
[15:46:45] 639.1, 122.4, 5.211
[15:46:46] 639.0, 122.4, 5.210
[15:46:47] 638.9, 122.3, 5.212
[15:46:48] 731.1, 122.4, 5.214
[15:46:49] 638.6, 122.4, 5.211
[15:46:50] 638.5, 122.4, 5.208
[15:46:51] 638.5, 122.3, 5.210
[15:46:52] 638.5, 122.4, 5.210
[15:46:53] 730.2, 122.3, 5.211
[15:46:54] 638.0, 122.4, 5.207
[15:46:55] 638.0, 122.4, 5.208
[15:46:56] 638.0, 122.4, 5.207
[15:46:57] 638.1, 122.4, 5.209
[15:46:58] 730.2, 122.4, 5.210
[15:46:59] 638.0, 122.4, 5.209
[15:47:00] 638.0, 122.4, 5.207
[15:47:01] 638.0, 122.4, 5.210
[15:47:02] 638.0, 122.4, 5.205
[15:47:03] 729.4, 122.3, 5.210
[15:47:04] 638.0, 122.5, 5.206
[15:47:05] 638.0, 122.4, 5.207
[15:47:06] 638.0, 122.5, 5.203
[15:47:07] 638.0, 122.4, 5.206
[15:47:08] 728.8, 122.5, 5.210
[15:47:09] 637.8, 122.3, 5.207
[15:47:10] 637.7, 122.3, 5.207
[15:47:11] 637.7, 122.3, 5.205
[15:47:12] 637.7, 122.4, 5.205
[15:47:13] 726.4, 122.3, 5.212
[15:47:14] 637.6, 122.3, 5.208
[15:47:15] 637.6, 122.4, 5.205
[15:47:16] 637.6, 122.4, 5.199
[15:47:17] 637.6, 122.5, 5.202
[15:47:18] 722.7, 122.3, 5.211
[15:47:19] 638.2, 122.3, 5.209
[15:47:20] 638.2, 122.3, 5.205
[15:47:21] 638.3, 122.3, 5.208
[15:47:22] 638.3, 122.3, 5.207
[15:47:23] 716.6, 122.3, 5.208
[15:47:24] 637.3, 122.3, 5.208
[15:47:25] 637.3, 122.2, 5.206
[15:47:26] 637.3, 122.3, 5.208
[15:47:27] 637.3, 122.3, 5.208
[15:47:28] 705.8, 122.4, 5.238
[15:47:29] 683.7, 122.4, 5.204
[15:47:30] 637.8, 122.4, 5.203
[15:47:31] 637.7, 122.4, 5.204
[15:47:32] 637.7, 122.3, 5.202
[15:47:33] 651.8, 122.0, 7.273
[15:47:34] 809.9, 122.5, 5.203
[15:47:35] 637.8, 122.4, 5.205
[15:47:36] 637.8, 122.5, 5.202
[15:47:37] 637.8, 122.4, 5.199
[15:47:38] 637.8, 121.8, 7.872
[15:47:39] 872.7, 122.4, 5.251
[15:47:40] 687.1, 122.4, 5.205
[15:47:41] 638.2, 122.5, 5.202
[15:47:42] 638.1, 122.4, 5.205
[15:47:43] 638.0, 122.5, 5.203
[15:47:44] 649.1, 121.7, 7.998
[15:47:45] 975.8, 121.9, 7.313
[15:47:46] 816.2, 122.5, 5.214
[15:47:47] 639.2, 122.4, 5.210
[15:47:48] 639.1, 122.5, 5.204
[15:47:49] 638.9, 122.4, 5.204
[15:47:50] 638.8, 121.8, 7.854
[15:47:51] 872.1, 121.7, 8.029
[15:47:52] 978.6, 121.8, 8.038
[15:47:53] 978.5, 122.4, 5.272
[15:47:54] 692.4, 122.4, 5.219
[15:47:55] 639.6, 122.4, 5.213
[15:47:56] 639.5, 122.4, 5.210
[15:47:57] 639.4, 122.4, 5.208
[15:47:58] 639.9, 121.6, 8.013
[15:47:59] 978.0, 121.7, 8.036
[15:48:00] 978.2, 121.6, 8.055
[15:48:01] 978.6, 121.7, 8.066
[15:48:02] 979.1, 121.7, 8.067
[15:48:03] 979.7, 121.8, 7.374
[15:48:04] 824.3, 122.4, 5.237
[15:48:05] 641.6, 122.3, 5.228
[15:48:06] 641.5, 122.3, 5.220
[15:48:07] 641.2, 122.4, 5.217
[15:48:08] 640.9, 121.7, 7.873
[15:48:09] 875.6, 121.7, 8.039
[15:48:10] 980.1, 121.6, 8.059
[15:48:11] 980.3, 121.7, 8.064
[15:48:12] 980.7, 121.7, 8.068
[15:48:13] 981.1, 121.6, 8.075
[15:48:14] 981.5, 121.7, 8.086
[15:48:15] 982.0, 121.6, 8.087
[15:48:16] 982.4, 121.7, 8.087
[15:48:17] 982.8, 121.7, 8.081
[15:48:18] 983.2, 121.7, 8.085
[15:48:19] 968.3, 122.4, 5.256
[15:48:20] 644.3, 122.4, 5.237
[15:48:21] 643.9, 122.4, 5.231
[15:48:22] 643.6, 122.3, 5.228
[15:48:23] 643.2, 122.4, 5.224
