<<<[15:42:11] 640.0, 122.3, 5.225
[15:42:12] 640.0, 122.4, 5.221
[15:42:13] 640.0, 122.4, 5.338
[15:42:14] 654.2, 122.3, 5.379
[15:42:15] 654.5, 122.4, 5.231
[15:42:16] 643.7, 122.5, 5.223
[15:42:17] 643.3, 122.3, 5.225
[15:42:18] 642.9, 122.4, 5.227
[15:42:19] 642.5, 122.4, 5.220
[15:42:20] 642.3, 122.4, 6.009
[15:42:21] 736.7, 122.5, 5.217
[15:42:22] 639.4, 122.4, 5.217
[15:42:23] 639.3, 122.5, 5.216
[15:42:24] 639.4, 122.4, 5.218
[15:42:25] 639.4, 122.2, 6.053
[15:42:26] 731.7, 122.4, 5.221
[15:42:27] 639.2, 122.4, 5.220
[15:42:28] 639.2, 122.3, 5.217
[15:42:29] 639.2, 122.3, 5.216
[15:42:30] 639.2, 122.1, 6.100
[15:42:31] 730.9, 122.3, 5.221
[15:42:32] 639.6, 122.4, 5.218
[15:42:33] 639.6, 122.4, 5.215
[15:42:34] 639.5, 122.4, 5.218
[15:42:35] 639.4, 122.3, 6.127
[15:42:36] 730.9, 122.4, 5.221
[15:42:37] 640.2, 122.4, 5.236
[15:42:38] 640.2, 122.4, 5.211
[15:42:39] 640.0, 122.4, 5.214
[15:42:40] 639.9, 122.3, 6.165
[15:42:41] 730.2, 122.5, 5.213
[15:42:42] 639.4, 122.5, 5.214
[15:42:43] 639.3, 122.5, 5.208
[15:42:44] 639.2, 122.5, 5.207
[15:42:45] 639.1, 122.3, 6.197
[15:42:46] 728.6, 122.5, 5.207
[15:42:47] 638.4, 122.4, 5.208
[15:42:48] 638.4, 122.4, 5.214
[15:42:49] 638.5, 122.5, 5.206
[15:42:50] 638.5, 122.3, 6.239
[15:42:51] 726.4, 122.4, 5.206
[15:42:52] 638.8, 122.4, 5.206
[15:42:53] 638.7, 122.5, 5.205
[15:42:54] 638.6, 122.5, 5.207
[15:42:55] 638.5, 122.3, 6.278
[15:42:56] 723.5, 122.5, 5.207
[15:42:57] 638.6, 122.5, 5.203
[15:42:58] 638.5, 122.5, 5.204
[15:42:59] 638.4, 122.4, 5.204
[15:43:00] 638.3, 122.3, 6.348
[15:43:01] 717.8, 122.4, 5.207
[15:43:02] 638.6, 122.3, 5.208
[15:43:03] 638.4, 122.4, 5.206
[15:43:04] 638.4, 122.4, 5.205
[15:43:05] 638.4, 121.9, 7.302
[15:43:06] 755.8, 122.5, 5.212
[15:43:07] 638.2, 122.5, 5.202
[15:43:08] 638.2, 122.4, 5.205
[15:43:09] 638.1, 122.4, 5.205
[15:43:10] 638.1, 121.8, 7.546
[15:43:11] 781.5, 122.4, 5.211
[15:43:12] 638.6, 122.5, 5.209
[15:43:13] 638.5, 122.4, 5.203
[15:43:14] 638.5, 122.5, 5.207
[15:43:15] 638.4, 122.5, 5.204
[15:43:16] 750.2, 122.2, 6.562
[15:43:17] 774.6, 122.4, 5.215
[15:43:18] 638.8, 122.4, 5.214
[15:43:19] 638.7, 122.3, 5.212
[15:43:20] 638.6, 122.3, 5.209
[15:43:21] 638.5, 121.7, 7.904
[15:43:22] 899.4, 121.7, 7.327
[15:43:23] 834.3, 122.4, 5.222
[15:43:24] 639.8, 122.2, 5.224
[15:43:25] 639.7, 122.3, 5.217
[15:43:26] 639.5, 122.3, 5.215
[15:43:27] 639.3, 121.7, 7.819
[15:43:28] 869.9, 121.6, 7.974
[15:43:29] 971.3, 121.6, 7.679
[15:43:30] 852.6, 122.3, 5.241
[15:43:31] 640.8, 122.2, 5.228
[15:43:32] 640.7, 122.3, 5.219
[15:43:33] 640.5, 122.3, 5.221
[15:43:34] 640.4, 121.8, 6.594
[15:43:35] 812.8, 121.6, 7.974
[15:43:36] 971.5, 121.7, 7.992
[15:43:37] 971.7, 121.6, 8.003
[15:43:38] 972.2, 121.7, 8.007
[15:43:39] 960.9, 122.4, 5.257
[15:43:40] 667.2, 122.3, 5.234
[15:43:41] 641.2, 122.4, 5.226
[15:43:42] 641.0, 122.3, 5.228
[15:43:43] 640.9, 122.3, 5.241
[15:43:44] 700.4, 121.6, 7.975
[15:43:45] 971.5, 121.6, 7.994
[15:43:46] 971.7, 121.5, 8.007
[15:43:47] 972.2, 121.6, 8.010
[15:43:48] 972.7, 121.6, 8.020
[15:43:49] 973.2, 121.6, 8.025
[15:43:50] 973.7, 121.7, 8.015
[15:43:51] 974.2, 121.6, 8.019
[15:43:52] 974.6, 121.8, 7.858
[15:43:53] 862.6, 122.3, 5.255
[15:43:54] 643.9, 122.3, 5.242
[15:43:55] 643.6, 122.4, 5.231
[15:43:56] 643.3, 122.4, 5.227
[15:43:57] 643.0, 122.1, 5.939
[15:43:58] 804.8, 121.7, 7.986
[15:43:59] 973.3, 121.7, 8.000
[15:44:00] 973.4, 121.6, 8.018
[15:44:01] 973.9, 121.6, 8.026
[15:44:02] 974.5, 121.7, 8.025
[15:44:03] 974.9, 121.6, 8.032
[15:44:04] 975.4, 121.6, 8.043
[15:44:05] 976.0, 121.7, 8.038
[15:44:06] 976.4, 121.6, 8.046
[15:44:07] 976.9, 121.6, 8.039
[15:44:08] 977.3, 121.7, 8.045
[15:44:09] 977.7, 121.6, 8.050
[15:44:10] 978.1, 121.6, 8.053
[15:44:11] 978.5, 121.6, 8.053
[15:44:12] 978.9, 121.6, 8.057
[15:44:13] 979.2, 121.6, 8.051
[15:44:14] 979.5, 121.8, 8.053
[15:44:15] 933.3, 122.3, 5.270
[15:44:16] 645.9, 122.4, 5.274
[15:44:17] 645.8, 122.3, 5.266
[15:44:18] 645.5, 122.3, 5.245
