<<<[00:26:14] 659.0, 124.7, 5.180
[00:26:15] 645.1, 124.7, 5.166
[00:26:16] 645.0, 124.7, 5.372
[00:26:17] 662.4, 124.7, 5.291
[00:26:18] 662.1, 124.7, 5.318
[00:26:19] 661.9, 124.6, 5.285
[00:26:20] 661.7, 124.6, 5.174
[00:26:21] 646.7, 124.6, 5.168
[00:26:22] 646.4, 124.6, 5.178
[00:26:23] 646.2, 124.7, 5.193
[00:26:24] 646.1, 124.7, 5.191
[00:26:25] 695.3, 124.6, 5.200
[00:26:26] 694.7, 124.7, 5.179
[00:26:27] 644.3, 124.7, 5.161
[00:26:28] 644.2, 124.6, 5.162
[00:26:29] 644.1, 124.6, 5.161
[00:26:30] 687.6, 124.6, 5.215
[00:26:31] 688.1, 124.6, 5.160
[00:26:32] 643.9, 124.7, 5.160
[00:26:33] 643.8, 124.7, 5.161
[00:26:34] 643.8, 124.7, 5.176
[00:26:35] 685.3, 124.6, 5.203
[00:26:36] 693.7, 124.6, 5.163
[00:26:37] 643.7, 124.7, 5.162
[00:26:38] 643.7, 124.7, 5.175
[00:26:39] 643.7, 124.6, 5.157
[00:26:40] 682.3, 124.6, 5.202
[00:26:41] 694.9, 124.7, 5.157
[00:26:42] 643.6, 124.8, 5.172
[00:26:43] 643.6, 124.7, 5.155
[00:26:44] 643.5, 124.7, 5.160
[00:26:45] 679.2, 124.8, 5.205
[00:26:46] 696.7, 124.7, 5.173
[00:26:47] 643.7, 124.8, 5.156
[00:26:48] 643.6, 124.7, 5.156
[00:26:49] 643.6, 124.7, 5.155
[00:26:50] 673.5, 124.7, 5.225
[00:26:51] 697.9, 124.7, 5.158
[00:26:52] 643.4, 124.8, 5.154
[00:26:53] 643.3, 124.7, 5.154
[00:26:54] 643.3, 124.8, 5.166
[00:26:55] 663.4, 124.6, 5.213
[00:26:56] 700.0, 124.6, 5.160
[00:26:57] 643.6, 124.7, 5.154
[00:26:58] 643.5, 124.7, 5.168
[00:26:59] 643.4, 124.7, 5.154
[00:27:00] 643.4, 124.6, 5.982
[00:27:01] 754.2, 124.6, 5.157
[00:27:02] 643.2, 124.6, 5.173
[00:27:03] 643.2, 124.7, 5.154
[00:27:04] 643.1, 124.6, 5.157
[00:27:05] 643.1, 124.1, 7.260
[00:27:06] 822.5, 124.6, 5.174
[00:27:07] 643.6, 124.7, 5.154
[00:27:08] 643.5, 124.6, 5.159
[00:27:09] 643.4, 124.7, 5.154
[00:27:10] 643.4, 124.3, 6.573
[00:27:11] 799.1, 124.6, 5.239
[00:27:12] 706.3, 124.7, 5.157
[00:27:13] 643.4, 124.7, 5.156
[00:27:14] 643.3, 124.7, 5.176
[00:27:15] 643.3, 124.7, 5.155
[00:27:16] 643.2, 124.1, 7.471
[00:27:17] 918.5, 124.5, 6.286
[00:27:18] 766.0, 124.6, 5.182
[00:27:19] 643.7, 124.7, 5.160
[00:27:20] 643.6, 124.7, 5.166
[00:27:21] 643.6, 124.7, 5.157
[00:27:22] 643.5, 124.0, 7.453
[00:27:23] 874.6, 124.0, 7.506
[00:27:24] 931.7, 124.1, 7.391
[00:27:25] 880.7, 124.6, 5.177
[00:27:26] 645.3, 124.6, 5.188
[00:27:27] 645.2, 124.6, 5.167
[00:27:28] 645.0, 124.6, 5.162
[00:27:29] 644.8, 124.3, 6.028
[00:27:30] 788.4, 124.1, 7.504
[00:27:31] 931.3, 124.1, 7.513
[00:27:32] 931.4, 124.1, 7.523
[00:27:33] 931.8, 124.1, 7.526
[00:27:34] 932.1, 124.7, 5.330
[00:27:35] 720.7, 124.5, 5.181
[00:27:36] 645.9, 124.6, 5.171
[00:27:37] 645.7, 124.6, 5.166
[00:27:38] 645.5, 124.6, 5.186
[00:27:39] 645.3, 124.0, 7.485
[00:27:40] 907.1, 124.0, 7.515
[00:27:41] 932.9, 124.0, 7.519
[00:27:42] 933.0, 124.0, 7.528
[00:27:43] 933.2, 124.0, 7.535
[00:27:44] 933.5, 124.0, 7.553
[00:27:45] 933.9, 124.0, 7.548
[00:27:46] 934.4, 124.0, 7.546
[00:27:47] 934.8, 124.1, 7.553
[00:27:48] 935.2, 124.4, 6.842
[00:27:49] 783.9, 124.6, 5.189
[00:27:50] 647.1, 124.6, 5.205
[00:27:51] 647.0, 124.6, 5.172
[00:27:52] 646.7, 124.7, 5.170
[00:27:53] 646.5, 124.1, 7.433
[00:27:54] 858.5, 124.1, 7.510
[00:27:55] 933.3, 124.0, 7.523
[00:27:56] 933.4, 124.1, 7.543
[00:27:57] 933.8, 124.1, 7.537
[00:27:58] 934.2, 124.1, 7.551
[00:27:59] 934.7, 124.0, 7.550
[00:28:00] 935.1, 124.0, 7.555
[00:28:01] 935.5, 124.1, 7.557
[00:28:02] 935.8, 124.0, 7.562
[00:28:03] 936.2, 124.0, 7.560
[00:28:04] 936.4, 124.0, 7.559
[00:28:05] 936.7, 124.0, 7.562
[00:28:06] 937.0, 124.1, 7.565
[00:28:07] 937.3, 124.1, 7.564
[00:28:08] 937.6, 124.1, 7.562
[00:28:09] 937.9, 124.2, 7.565
[00:28:10] 938.2, 124.2, 7.565
[00:28:11] 938.4, 124.1, 7.574
[00:28:12] 823.9, 124.7, 5.200
[00:28:13] 648.5, 124.7, 5.187
[00:28:14] 648.3, 124.6, 5.205
[00:28:15] 648.0, 124.7, 5.178
