<<<[11:46:49] 648.3, 123.2, 5.236
[11:46:50] 648.0, 123.4, 5.232
[11:46:51] 647.7, 123.2, 5.235
[11:46:52] 648.0, 123.2, 5.429
[11:46:53] 668.0, 123.3, 5.397
[11:46:54] 667.7, 123.3, 5.401
[11:46:55] 667.6, 123.3, 5.308
[11:46:56] 654.0, 123.3, 5.235
[11:46:57] 645.7, 123.3, 5.233
[11:46:58] 645.7, 123.4, 5.229
[11:46:59] 645.7, 123.3, 5.231
[11:47:00] 662.8, 123.3, 5.423
[11:47:01] 723.9, 123.3, 5.232
[11:47:02] 645.3, 123.3, 5.223
[11:47:03] 645.2, 123.4, 5.228
[11:47:04] 645.2, 123.4, 5.224
[11:47:05] 654.4, 123.3, 5.426
[11:47:06] 724.7, 123.4, 5.224
[11:47:07] 644.7, 123.4, 5.223
[11:47:08] 644.7, 123.3, 5.224
[11:47:09] 644.7, 123.3, 5.224
[11:47:10] 652.8, 123.4, 5.431
[11:47:11] 725.4, 123.4, 5.226
[11:47:12] 645.1, 123.3, 5.223
[11:47:13] 645.0, 123.3, 5.224
[11:47:14] 645.0, 123.4, 5.220
[11:47:15] 650.8, 123.3, 5.442
[11:47:16] 726.2, 123.3, 5.224
[11:47:17] 644.9, 123.3, 5.226
[11:47:18] 644.8, 123.4, 5.222
[11:47:19] 644.8, 123.3, 5.220
[11:47:20] 645.3, 123.3, 5.449
[11:47:21] 726.6, 123.4, 5.224
[11:47:22] 645.1, 123.4, 5.215
[11:47:23] 645.1, 123.3, 5.221
[11:47:24] 645.1, 123.3, 5.222
[11:47:25] 645.5, 123.4, 5.454
[11:47:26] 727.2, 123.4, 5.215
[11:47:27] 644.1, 123.3, 5.221
[11:47:28] 644.1, 123.4, 5.223
[11:47:29] 644.2, 123.4, 5.225
[11:47:30] 644.2, 123.2, 5.461
[11:47:31] 727.0, 123.2, 5.227
[11:47:32] 644.5, 123.3, 5.221
[11:47:33] 644.4, 123.3, 5.222
[11:47:34] 644.4, 123.4, 5.219
[11:47:35] 644.4, 123.3, 5.462
[11:47:36] 722.7, 123.3, 5.221
[11:47:37] 644.1, 123.4, 5.220
[11:47:38] 644.0, 123.4, 5.216
[11:47:39] 644.0, 123.4, 5.216
[11:47:40] 644.0, 122.8, 7.222
[11:47:41] 764.4, 123.4, 5.217
[11:47:42] 644.1, 123.4, 5.211
[11:47:43] 644.0, 123.4, 5.216
[11:47:44] 644.0, 123.5, 5.213
[11:47:45] 644.0, 122.9, 7.240
[11:47:46] 749.3, 123.3, 5.213
[11:47:47] 643.9, 123.4, 5.212
[11:47:48] 643.9, 123.5, 5.214
[11:47:49] 643.8, 123.5, 5.213
[11:47:50] 643.8, 122.8, 7.576
[11:47:51] 818.3, 123.4, 5.218
[11:47:52] 644.3, 123.4, 5.217
[11:47:53] 644.2, 123.4, 5.216
[11:47:54] 644.2, 123.4, 5.213
[11:47:55] 644.1, 123.3, 5.214
[11:47:56] 756.7, 122.9, 7.254
[11:47:57] 795.3, 123.4, 5.221
[11:47:58] 644.7, 123.4, 5.217
[11:47:59] 644.6, 123.3, 5.218
[11:48:00] 644.5, 123.4, 5.218
[11:48:01] 644.5, 122.8, 7.658
[11:48:02] 870.5, 122.7, 7.696
[11:48:03] 862.4, 123.3, 5.228
[11:48:04] 645.3, 123.3, 5.222
[11:48:05] 645.2, 123.4, 5.220
[11:48:06] 645.1, 123.4, 5.214
[11:48:07] 644.9, 123.2, 5.520
[11:48:08] 791.8, 122.8, 7.743
[11:48:09] 952.2, 122.7, 7.767
[11:48:10] 952.5, 123.3, 5.548
[11:48:11] 736.3, 123.4, 5.232
[11:48:12] 645.9, 123.4, 5.227
[11:48:13] 645.8, 123.4, 5.224
[11:48:14] 645.7, 123.3, 5.217
[11:48:15] 645.5, 122.7, 7.737
[11:48:16] 943.7, 122.7, 7.765
[11:48:17] 954.6, 122.7, 7.775
[11:48:18] 954.7, 122.8, 7.782
[11:48:19] 954.9, 122.8, 7.783
[11:48:20] 955.2, 123.4, 5.568
[11:48:21] 739.2, 123.4, 5.246
[11:48:22] 647.5, 123.4, 5.236
[11:48:23] 647.3, 123.3, 5.232
[11:48:24] 647.1, 123.4, 5.226
[11:48:25] 646.9, 122.7, 7.742
[11:48:26] 940.2, 122.7, 7.773
[11:48:27] 955.5, 122.7, 7.781
[11:48:28] 955.6, 122.7, 7.791
[11:48:29] 955.9, 122.8, 7.790
[11:48:30] 956.1, 122.8, 7.794
[11:48:31] 956.4, 122.8, 7.801
[11:48:32] 956.7, 122.7, 7.796
[11:48:33] 957.0, 122.7, 7.813
[11:48:34] 957.4, 122.7, 7.812
[11:48:35] 957.7, 123.4, 5.272
[11:48:36] 668.7, 123.4, 5.246
[11:48:37] 647.9, 123.4, 5.240
[11:48:38] 647.7, 123.4, 5.237
[11:48:39] 647.6, 123.5, 5.229
