<<<[12:45:01] 645.4, 123.3, 5.223
[12:45:02] 645.3, 123.2, 5.222
[12:45:03] 645.1, 123.2, 5.224
[12:45:04] 653.8, 123.1, 5.426
[12:45:05] 669.9, 123.2, 5.370
[12:45:06] 661.7, 123.2, 5.361
[12:45:07] 661.6, 123.2, 5.364
[12:45:08] 661.8, 123.1, 5.357
[12:45:09] 661.7, 123.1, 5.358
[12:45:10] 661.5, 123.2, 5.251
[12:45:11] 653.6, 123.2, 5.244
[12:45:12] 646.5, 123.1, 5.243
[12:45:13] 646.5, 123.1, 5.242
[12:45:14] 646.4, 123.2, 5.236
[12:45:15] 646.4, 122.8, 7.120
[12:45:16] 740.4, 123.3, 5.223
[12:45:17] 643.9, 123.2, 5.220
[12:45:18] 643.9, 123.2, 5.220
[12:45:19] 643.8, 123.3, 5.221
[12:45:20] 643.8, 122.8, 7.107
[12:45:21] 737.2, 123.2, 5.225
[12:45:22] 644.5, 123.2, 5.220
[12:45:23] 644.4, 123.2, 5.221
[12:45:24] 644.3, 123.3, 5.220
[12:45:25] 644.2, 122.7, 7.092
[12:45:26] 737.1, 123.2, 5.235
[12:45:27] 645.5, 123.2, 5.237
[12:45:28] 645.5, 123.2, 5.237
[12:45:29] 645.5, 123.2, 5.238
[12:45:30] 645.5, 122.7, 7.071
[12:45:31] 733.7, 123.2, 5.223
[12:45:32] 643.7, 123.2, 5.220
[12:45:33] 643.6, 123.2, 5.220
[12:45:34] 643.7, 123.1, 5.221
[12:45:35] 643.8, 122.7, 7.060
[12:45:36] 729.6, 123.2, 5.222
[12:45:37] 643.6, 123.3, 5.220
[12:45:38] 643.6, 123.2, 5.221
[12:45:39] 643.6, 123.2, 5.222
[12:45:40] 643.6, 122.7, 7.121
[12:45:41] 770.7, 123.2, 5.227
[12:45:42] 644.1, 123.2, 5.224
[12:45:43] 644.0, 123.3, 5.217
[12:45:44] 644.1, 123.2, 5.218
[12:45:45] 644.1, 123.0, 5.308
[12:45:46] 756.3, 123.3, 5.226
[12:45:47] 644.3, 123.3, 5.221
[12:45:48] 644.2, 123.2, 5.222
[12:45:49] 644.1, 123.2, 5.220
[12:45:50] 644.0, 123.1, 5.223
[12:45:51] 737.2, 123.2, 5.455
[12:45:52] 731.7, 123.2, 5.224
[12:45:53] 644.1, 123.2, 5.220
[12:45:54] 644.0, 123.1, 5.223
[12:45:55] 644.0, 123.2, 5.227
[12:45:56] 644.0, 122.6, 7.948
[12:45:57] 931.1, 123.2, 5.249
[12:45:58] 678.6, 123.2, 5.230
[12:45:59] 644.7, 123.3, 5.223
[12:46:00] 644.6, 123.3, 5.224
[12:46:01] 644.5, 123.3, 5.220
[12:46:02] 706.3, 122.6, 7.960
[12:46:03] 977.2, 122.8, 7.277
[12:46:04] 801.2, 123.3, 5.236
[12:46:05] 645.7, 123.3, 5.235
[12:46:06] 645.6, 123.3, 5.224
[12:46:07] 645.4, 123.3, 5.223
[12:46:08] 645.2, 122.5, 7.878
[12:46:09] 891.4, 122.6, 7.983
[12:46:10] 980.0, 122.6, 7.999
[12:46:11] 980.2, 123.2, 5.545
[12:46:12] 743.9, 123.3, 5.242
[12:46:13] 646.3, 123.3, 5.230
[12:46:14] 646.1, 123.2, 5.229
[12:46:15] 645.9, 123.3, 5.229
[12:46:16] 645.7, 122.6, 7.955
[12:46:17] 936.6, 122.6, 7.991
[12:46:18] 980.3, 122.6, 8.009
[12:46:19] 980.5, 122.5, 8.017
[12:46:20] 980.8, 122.4, 8.018
[12:46:21] 981.1, 122.5, 8.023
[12:46:22] 969.9, 123.2, 5.280
[12:46:23] 688.6, 123.2, 5.244
[12:46:24] 647.9, 123.2, 5.240
[12:46:25] 647.7, 123.2, 5.240
[12:46:26] 647.6, 123.2, 5.228
[12:46:27] 697.9, 122.5, 7.987
[12:46:28] 979.8, 122.6, 8.004
[12:46:29] 979.9, 122.6, 7.986
[12:46:30] 979.9, 122.5, 7.995
[12:46:31] 980.0, 122.5, 8.002
[12:46:32] 980.2, 122.6, 8.003
[12:46:33] 980.5, 122.5, 8.013
[12:46:34] 980.8, 122.6, 8.009
[12:46:35] 981.0, 122.5, 8.000
[12:46:36] 981.2, 122.6, 8.015
[12:46:37] 981.4, 122.6, 8.015
[12:46:38] 981.7, 122.5, 8.016
[12:46:39] 918.3, 123.2, 5.266
[12:46:40] 649.5, 123.3, 5.250
[12:46:41] 649.2, 123.3, 5.243
[12:46:42] 648.9, 123.3, 5.240
[12:46:43] 648.5, 123.2, 5.239
