<<<[19:02:04] 646.4, 123.8, 5.198
[19:02:05] 646.1, 123.8, 5.200
[19:02:06] 645.9, 123.8, 5.197
[19:02:07] 646.5, 123.7, 5.371
[19:02:08] 666.8, 123.7, 5.382
[19:02:09] 666.6, 123.7, 5.358
[19:02:10] 660.3, 123.8, 5.199
[19:02:11] 645.1, 123.8, 5.201
[19:02:12] 645.1, 123.8, 5.198
[19:02:13] 645.0, 123.9, 5.196
[19:02:14] 645.0, 123.9, 5.197
[19:02:15] 709.5, 123.9, 5.219
[19:02:16] 677.0, 124.0, 5.192
[19:02:17] 644.5, 124.0, 5.192
[19:02:18] 644.5, 123.9, 5.194
[19:02:19] 644.5, 124.0, 5.193
[19:02:20] 705.6, 123.9, 5.215
[19:02:21] 677.0, 123.9, 5.193
[19:02:22] 644.9, 123.9, 5.193
[19:02:23] 644.8, 124.0, 5.192
[19:02:24] 644.8, 123.9, 5.192
[19:02:25] 705.0, 123.9, 5.215
[19:02:26] 678.0, 123.9, 5.193
[19:02:27] 644.5, 123.9, 5.194
[19:02:28] 644.5, 123.9, 5.195
[19:02:29] 644.5, 123.9, 5.195
[19:02:30] 704.4, 123.9, 5.213
[19:02:31] 677.8, 123.9, 5.195
[19:02:32] 644.7, 123.9, 5.195
[19:02:33] 644.7, 123.9, 5.193
[19:02:34] 644.7, 123.9, 5.195
[19:02:35] 702.4, 123.9, 5.214
[19:02:36] 678.8, 123.9, 5.195
[19:02:37] 644.9, 123.9, 5.196
[19:02:38] 644.9, 123.8, 5.197
[19:02:39] 644.8, 123.9, 5.194
[19:02:40] 700.8, 123.9, 5.215
[19:02:41] 679.6, 123.9, 5.197
[19:02:42] 645.3, 123.9, 5.196
[19:02:43] 645.1, 123.9, 5.194
[19:02:44] 645.0, 123.9, 5.191
[19:02:45] 698.1, 123.9, 5.215
[19:02:46] 680.4, 123.8, 5.193
[19:02:47] 644.1, 123.8, 5.195
[19:02:48] 644.1, 123.9, 5.193
[19:02:49] 644.1, 123.9, 5.192
[19:02:50] 694.7, 123.9, 5.215
[19:02:51] 680.0, 123.9, 5.192
[19:02:52] 644.3, 123.9, 5.191
[19:02:53] 644.2, 124.0, 5.187
[19:02:54] 644.2, 124.0, 5.187
[19:02:55] 688.2, 124.0, 5.213
[19:02:56] 681.1, 123.9, 5.188
[19:02:57] 644.1, 123.9, 5.188
[19:02:58] 644.1, 123.9, 5.187
[19:02:59] 644.0, 123.9, 5.187
[19:03:00] 675.4, 123.9, 5.492
[19:03:01] 732.9, 123.9, 5.191
[19:03:02] 644.5, 123.9, 5.187
[19:03:03] 644.3, 123.9, 5.191
[19:03:04] 644.3, 123.9, 5.189
[19:03:05] 644.2, 123.5, 7.205
[19:03:06] 793.9, 123.9, 5.190
[19:03:07] 644.1, 124.0, 5.189
[19:03:08] 644.1, 123.9, 5.189
[19:03:09] 644.1, 123.9, 5.187
[19:03:10] 644.1, 123.3, 7.765
[19:03:11] 853.0, 123.9, 5.197
[19:03:12] 644.9, 123.9, 5.196
[19:03:13] 644.8, 123.9, 5.188
[19:03:14] 644.8, 123.9, 5.185
[19:03:15] 644.6, 123.9, 5.192
[19:03:16] 723.9, 123.4, 7.855
[19:03:17] 940.2, 124.0, 5.201
[19:03:18] 645.7, 124.0, 5.192
[19:03:19] 645.5, 124.0, 5.189
[19:03:20] 645.4, 124.0, 5.190
[19:03:21] 645.2, 123.9, 5.188
[19:03:22] 735.1, 123.3, 7.869
[19:03:23] 972.3, 123.3, 7.878
[19:03:24] 937.4, 123.9, 5.213
[19:03:25] 646.3, 123.9, 5.206
[19:03:26] 646.3, 123.9, 5.199
[19:03:27] 646.1, 123.9, 5.198
[19:03:28] 645.9, 123.9, 5.191
[19:03:29] 760.1, 123.2, 7.878
[19:03:30] 973.1, 123.3, 7.892
[19:03:31] 973.3, 123.3, 7.909
[19:03:32] 973.7, 123.4, 7.716
[19:03:33] 879.4, 124.0, 5.218
[19:03:34] 648.3, 124.0, 5.211
[19:03:35] 648.0, 124.0, 5.207
[19:03:36] 647.8, 124.0, 5.201
[19:03:37] 647.6, 123.6, 6.132
[19:03:38] 811.5, 123.3, 7.884
[19:03:39] 974.4, 123.3, 7.905
[19:03:40] 974.6, 123.4, 7.909
[19:03:41] 975.0, 123.3, 7.918
[19:03:42] 975.4, 123.2, 7.931
[19:03:43] 975.9, 123.2, 7.934
[19:03:44] 976.4, 123.2, 7.941
[19:03:45] 976.9, 123.4, 7.305
[19:03:46] 808.9, 123.9, 5.229
[19:03:47] 648.3, 123.9, 5.215
[19:03:48] 648.2, 123.9, 5.209
[19:03:49] 648.0, 124.0, 5.205
[19:03:50] 647.9, 123.3, 7.860
[19:03:51] 912.6, 123.3, 7.904
[19:03:52] 976.2, 123.3, 7.914
[19:03:53] 976.4, 123.3, 7.928
[19:03:54] 976.8, 123.4, 7.926
[19:03:55] 977.2, 123.4, 7.926
[19:03:56] 977.5, 123.4, 7.932
[19:03:57] 977.9, 123.3, 7.931
[19:03:58] 978.2, 123.3, 7.934
[19:03:59] 978.5, 123.3, 7.943
[19:04:00] 978.8, 123.3, 7.941
[19:04:01] 979.2, 123.3, 7.946
[19:04:02] 979.5, 123.3, 7.950
[19:04:03] 979.9, 123.3, 7.951
[19:04:04] 980.1, 123.4, 7.949
[19:04:05] 980.4, 123.2, 7.948
[19:04:06] 843.5, 123.9, 5.237
[19:04:07] 650.0, 124.0, 5.226
[19:04:08] 649.8, 124.0, 5.215
[19:04:09] 649.5, 124.0, 5.211
[19:04:10] 649.3, 124.0, 5.207
