<<<[09:09:01] 650.1, 124.0, 5.214
[09:09:02] 649.8, 124.0, 5.220
[09:09:03] 649.5, 123.9, 5.393
[09:09:04] 663.6, 123.8, 5.391
[09:09:05] 668.9, 124.0, 5.367
[09:09:06] 668.9, 124.0, 5.357
[09:09:07] 668.7, 124.1, 5.362
[09:09:08] 668.7, 124.1, 5.399
[09:09:09] 668.8, 123.9, 5.407
[09:09:10] 669.0, 124.1, 5.404
[09:09:11] 668.9, 124.0, 5.427
[09:09:12] 669.0, 124.0, 5.427
[09:09:13] 669.0, 124.1, 5.408
[09:09:14] 669.2, 124.0, 5.355
[09:09:15] 669.0, 124.1, 5.387
[09:09:16] 669.0, 124.0, 5.380
[09:09:17] 669.0, 124.0, 5.398
[09:09:18] 669.0, 124.0, 5.377
[09:09:19] 668.8, 124.0, 5.379
[09:09:20] 668.7, 124.0, 5.382
[09:09:21] 668.5, 124.0, 5.412
[09:09:22] 668.6, 124.0, 5.340
[09:09:23] 668.1, 124.0, 5.351
[09:09:24] 667.5, 124.0, 5.338
[09:09:25] 667.3, 123.9, 5.381
[09:09:26] 666.9, 124.1, 5.344
[09:09:27] 667.1, 124.0, 5.339
[09:09:28] 666.9, 124.0, 5.366
[09:09:29] 666.5, 123.9, 5.337
[09:09:30] 666.5, 124.0, 5.345
[09:09:31] 666.1, 124.0, 5.353
[09:09:32] 665.9, 123.9, 5.466
[09:09:33] 674.1, 124.0, 5.352
[09:09:34] 666.4, 123.9, 5.406
[09:09:35] 666.1, 124.0, 5.346
[09:09:36] 666.1, 123.9, 5.358
[09:09:37] 665.8, 124.0, 5.348
[09:09:38] 665.7, 123.9, 5.438
[09:09:39] 666.1, 124.0, 5.347
[09:09:40] 665.7, 124.0, 5.339
[09:09:41] 665.6, 124.0, 5.439
[09:09:42] 665.6, 124.1, 5.340
[09:09:43] 665.4, 124.0, 5.343
[09:09:44] 665.2, 124.0, 5.471
[09:09:45] 678.4, 123.9, 5.441
[09:09:46] 678.1, 124.0, 5.336
[09:09:47] 662.8, 123.9, 5.400
[09:09:48] 662.9, 123.9, 5.335
[09:09:49] 663.0, 124.0, 5.343
[09:09:50] 663.2, 123.9, 5.340
[09:09:51] 663.3, 124.0, 5.340
[09:09:52] 663.2, 124.0, 5.441
[09:09:53] 669.7, 124.0, 5.339
[09:09:54] 662.6, 123.9, 5.337
[09:09:55] 662.8, 124.0, 5.345
[09:09:56] 663.2, 123.9, 5.332
[09:09:57] 663.1, 124.0, 5.342
[09:09:58] 663.2, 124.0, 5.337
[09:09:59] 663.5, 124.0, 5.439
[09:10:00] 674.8, 123.9, 5.336
[09:10:01] 662.8, 123.9, 5.356
[09:10:02] 662.9, 124.0, 5.335
[09:10:03] 663.3, 124.0, 5.340
[09:10:04] 663.3, 123.9, 5.383
[09:10:05] 663.3, 123.9, 5.342
[09:10:06] 663.2, 124.0, 5.427
[09:10:07] 669.7, 124.0, 5.342
[09:10:08] 664.0, 123.9, 5.332
[09:10:09] 663.9, 124.0, 5.428
[09:10:10] 664.0, 124.0, 5.336
[09:10:11] 663.9, 123.9, 5.339
[09:10:12] 664.0, 123.9, 5.389
[09:10:13] 671.5, 123.9, 5.468
[09:10:14] 676.8, 124.0, 5.455
[09:10:15] 676.6, 124.0, 5.371
[09:10:16] 667.0, 123.9, 5.348
[09:10:17] 666.7, 124.0, 5.349
[09:10:18] 666.3, 124.0, 5.339
[09:10:19] 666.0, 124.0, 5.349
[09:10:20] 665.7, 124.0, 5.340
[09:10:21] 665.4, 124.1, 5.342
[09:10:22] 665.5, 124.0, 5.245
[09:10:23] 656.7, 124.0, 5.234
[09:10:24] 649.9, 124.1, 5.202
[09:10:25] 649.3, 124.1, 5.209
[09:10:26] 648.9, 124.0, 5.198
[09:10:27] 648.6, 123.5, 7.251
[09:10:28] 754.0, 124.1, 5.199
[09:10:29] 645.7, 124.1, 5.199
[09:10:30] 645.6, 124.1, 5.195
[09:10:31] 645.6, 124.0, 5.201
[09:10:32] 645.7, 123.5, 6.655
[09:10:33] 794.7, 124.1, 5.209
[09:10:34] 656.5, 124.1, 5.199
[09:10:35] 645.9, 124.0, 5.209
[09:10:36] 645.9, 124.0, 5.200
[09:10:37] 645.8, 124.0, 5.199
[09:10:38] 691.2, 123.4, 7.508
[09:10:39] 876.2, 124.0, 5.203
[09:10:40] 646.7, 124.0, 5.202
[09:10:41] 646.6, 124.0, 5.202
[09:10:42] 646.5, 124.1, 5.196
[09:10:43] 646.4, 124.1, 5.196
[09:10:44] 755.9, 123.5, 7.558
[09:10:45] 932.1, 124.0, 6.147
[09:10:46] 762.8, 124.0, 5.210
[09:10:47] 646.7, 124.1, 5.200
[09:10:48] 646.6, 124.0, 5.199
[09:10:49] 646.5, 124.1, 5.204
[09:10:50] 646.5, 123.5, 7.501
[09:10:51] 888.4, 123.5, 7.548
[09:10:52] 932.9, 123.4, 7.566
[09:10:53] 933.1, 123.9, 6.184
[09:10:54] 767.6, 124.0, 5.215
[09:10:55] 647.9, 124.0, 5.243
[09:10:56] 647.9, 124.1, 5.232
[09:10:57] 647.9, 123.9, 5.231
[09:10:58] 647.8, 123.4, 7.482
[09:10:59] 867.4, 123.4, 7.571
[09:11:00] 934.3, 123.5, 7.549
[09:11:01] 934.3, 123.4, 7.598
[09:11:02] 934.6, 123.4, 7.572
[09:11:03] 934.9, 123.3, 7.585
[09:11:04] 935.2, 123.5, 7.305
[09:11:05] 826.6, 124.0, 5.233
[09:11:06] 649.1, 124.1, 5.214
[09:11:07] 648.9, 124.0, 5.215
[09:11:08] 648.8, 124.0, 5.212
[09:11:09] 648.5, 123.4, 7.263
[09:11:10] 826.6, 123.5, 7.540
[09:11:11] 934.5, 123.5, 7.584
[09:11:12] 934.7, 123.4, 7.577
[09:11:13] 935.0, 123.4, 7.586
[09:11:14] 935.3, 123.4, 7.602
[09:11:15] 935.7, 123.4, 7.576
[09:11:16] 935.9, 123.4, 7.619
[09:11:17] 936.4, 123.4, 7.580
[09:11:18] 936.7, 123.4, 7.614
[09:11:19] 937.0, 123.4, 7.612
[09:11:20] 937.5, 123.3, 7.600
[09:11:21] 937.7, 123.4, 7.623
[09:11:22] 846.9, 124.0, 5.238
[09:11:23] 650.2, 123.9, 5.226
[09:11:24] 650.1, 124.1, 5.228
[09:11:25] 649.9, 124.1, 5.221
