<<<[08:03:31] 648.9, 124.7, 5.177
[08:03:32] 648.7, 124.6, 5.177
[08:03:33] 648.6, 124.6, 5.202
[08:03:34] 655.4, 124.7, 5.226
[08:03:35] 655.3, 124.6, 5.192
[08:03:36] 648.1, 124.7, 5.187
[08:03:37] 648.0, 124.5, 5.186
[08:03:38] 648.0, 124.6, 5.189
[08:03:39] 648.0, 124.1, 7.085
[08:03:40] 742.8, 124.7, 5.181
[08:03:41] 646.5, 124.7, 5.184
[08:03:42] 646.4, 124.7, 5.179
[08:03:43] 646.4, 124.6, 5.184
[08:03:44] 646.4, 124.1, 7.090
[08:03:45] 742.2, 124.6, 5.185
[08:03:46] 646.7, 124.6, 5.180
[08:03:47] 646.6, 124.6, 5.180
[08:03:48] 646.5, 124.6, 5.178
[08:03:49] 646.5, 124.1, 7.080
[08:03:50] 741.6, 124.8, 5.176
[08:03:51] 646.5, 124.7, 5.175
[08:03:52] 646.5, 124.7, 5.180
[08:03:53] 646.4, 124.6, 5.178
[08:03:54] 646.3, 124.2, 7.069
[08:03:55] 741.2, 124.8, 5.177
[08:03:56] 646.1, 124.7, 5.179
[08:03:57] 646.1, 124.6, 5.175
[08:03:58] 646.1, 124.6, 5.172
[08:03:59] 646.0, 124.2, 7.061
[08:04:00] 740.6, 124.7, 5.183
[08:04:01] 646.3, 124.6, 5.179
[08:04:02] 646.2, 124.6, 5.174
[08:04:03] 646.2, 124.6, 5.178
[08:04:04] 646.1, 124.2, 7.056
[08:04:05] 739.6, 124.6, 5.180
[08:04:06] 646.1, 124.5, 5.180
[08:04:07] 646.1, 124.7, 5.173
[08:04:08] 646.0, 124.7, 5.179
[08:04:09] 646.0, 124.1, 7.045
[08:04:10] 737.8, 124.6, 5.176
[08:04:11] 646.3, 124.7, 5.175
[08:04:12] 646.2, 124.7, 5.176
[08:04:13] 646.1, 124.6, 5.175
[08:04:14] 646.0, 124.1, 7.018
[08:04:15] 733.9, 124.7, 5.174
[08:04:16] 646.1, 124.7, 5.177
[08:04:17] 646.0, 124.7, 5.174
[08:04:18] 646.0, 124.6, 5.173
[08:04:19] 646.0, 124.1, 7.011
[08:04:20] 727.6, 124.7, 5.173
[08:04:21] 645.7, 124.7, 5.174
[08:04:22] 645.7, 124.7, 5.174
[08:04:23] 645.7, 124.6, 5.170
[08:04:24] 645.7, 124.2, 6.655
[08:04:25] 763.8, 124.7, 5.173
[08:04:26] 645.9, 124.7, 5.172
[08:04:27] 645.9, 124.6, 5.183
[08:04:28] 645.9, 124.6, 5.171
[08:04:29] 645.8, 124.7, 5.173
[08:04:30] 760.7, 124.6, 5.186
[08:04:31] 672.1, 124.6, 5.175
[08:04:32] 646.1, 124.7, 5.177
[08:04:33] 646.0, 124.7, 5.171
[08:04:34] 646.0, 124.6, 5.171
[08:04:35] 682.7, 124.1, 7.355
[08:04:36] 848.1, 124.7, 5.177
[08:04:37] 646.5, 124.7, 5.177
[08:04:38] 646.4, 124.6, 5.175
[08:04:39] 646.5, 124.7, 5.185
[08:04:40] 646.7, 124.1, 6.943
[08:04:41] 821.5, 124.1, 7.691
[08:04:42] 906.9, 124.7, 5.185
[08:04:43] 647.3, 124.6, 5.189
[08:04:44] 647.2, 124.6, 5.175
[08:04:45] 647.0, 124.7, 5.177
[08:04:46] 646.9, 124.6, 5.205
[08:04:47] 789.0, 124.0, 7.701
[08:04:48] 957.3, 124.0, 7.725
[08:04:49] 942.4, 124.6, 5.206
[08:04:50] 678.0, 124.7, 5.185
[08:04:51] 647.7, 124.7, 5.191
[08:04:52] 647.6, 124.7, 5.176
[08:04:53] 647.4, 124.7, 5.178
[08:04:54] 726.8, 124.1, 7.704
[08:04:55] 956.9, 124.1, 7.719
[08:04:56] 957.2, 124.0, 7.736
[08:04:57] 957.6, 123.9, 7.739
[08:04:58] 958.2, 124.3, 7.140
[08:04:59] 789.2, 124.7, 5.207
[08:05:00] 648.9, 124.6, 5.195
[08:05:01] 648.8, 124.6, 5.193
[08:05:02] 648.6, 124.6, 5.189
[08:05:03] 648.4, 124.0, 7.695
[08:05:04] 914.4, 124.0, 7.730
[08:05:05] 960.1, 123.9, 7.736
[08:05:06] 960.2, 123.9, 7.751
[08:05:07] 960.4, 123.9, 7.759
[08:05:08] 960.8, 124.0, 7.761
[08:05:09] 961.2, 124.0, 7.766
[08:05:10] 961.7, 123.9, 7.773
[08:05:11] 962.1, 123.9, 7.770
[08:05:12] 961.9, 124.5, 5.441
[08:05:13] 733.7, 124.7, 5.209
[08:05:15] 650.0, 124.7, 5.195
[08:05:17] 668.2, 124.0, 7.720
[08:05:19] 959.7, 124.0, 7.754
[08:05:20] 960.1, 124.0, 7.758
[08:05:21] 960.6, 124.0, 7.757
[08:05:22] 961.0, 124.0, 7.772
wattsup: [error] Reading final time stamp: Bad address
[08:05:29] 964.0, 124.0, 7.787
wattsup: [error] Reading final time stamp: Bad address
[08:05:36] 819.3, 124.6, 5.336
