<<<[18:23:56] 639.9, 123.5, 5.174
[18:23:57] 639.8, 123.6, 5.173
[18:23:58] 639.7, 123.4, 5.387
[18:23:59] 658.7, 123.4, 5.345
[18:24:00] 659.2, 123.4, 5.394
[18:24:01] 659.6, 123.4, 5.348
[18:24:02] 659.9, 123.4, 5.396
[18:24:03] 660.2, 123.4, 5.337
[18:24:04] 660.4, 123.4, 5.394
[18:24:05] 660.7, 123.4, 5.342
[18:24:06] 660.8, 123.4, 5.392
[18:24:07] 661.1, 123.4, 5.328
[18:24:08] 661.1, 123.4, 5.380
[18:24:09] 661.3, 123.4, 5.339
[18:24:10] 661.4, 123.4, 5.366
[18:24:11] 661.5, 123.4, 5.350
[18:24:12] 661.6, 123.4, 5.356
[18:24:13] 661.6, 123.4, 5.376
[18:24:14] 661.7, 123.4, 5.344
[18:24:15] 661.7, 123.4, 5.394
[18:24:16] 661.8, 123.4, 5.330
[18:24:17] 661.8, 123.3, 5.378
[18:24:18] 661.9, 123.3, 5.344
[18:24:19] 661.9, 123.4, 5.358
[18:24:20] 661.9, 123.4, 5.376
[18:24:21] 661.9, 123.5, 5.347
[18:24:22] 661.9, 123.4, 5.392
[18:24:23] 661.9, 123.4, 5.341
[18:24:24] 661.9, 123.4, 5.376
[18:24:25] 661.9, 123.4, 5.346
[18:24:26] 662.0, 123.4, 5.349
[18:24:27] 661.9, 123.4, 5.379
[18:24:28] 662.0, 123.4, 5.331
[18:24:29] 661.9, 123.5, 5.318
[18:24:30] 662.3, 123.5, 5.366
[18:24:31] 662.2, 123.5, 5.371
[18:24:32] 662.1, 123.5, 5.332
[18:24:33] 662.1, 123.5, 5.335
[18:24:34] 662.0, 123.4, 5.463
[18:24:35] 667.8, 123.4, 5.411
[18:24:36] 660.5, 123.2, 5.459
[18:24:37] 660.7, 123.3, 5.398
[18:24:38] 660.7, 123.3, 5.433
[18:24:39] 668.7, 123.3, 5.488
[18:24:40] 668.6, 123.3, 5.420
[18:24:41] 660.7, 123.3, 5.471
[18:24:42] 660.9, 123.4, 5.406
[18:24:43] 661.0, 123.4, 5.440
[18:24:44] 668.4, 123.5, 5.346
[18:24:45] 661.1, 123.4, 5.344
[18:24:46] 661.3, 123.4, 5.352
[18:24:47] 661.2, 123.4, 5.341
[18:24:48] 661.4, 123.3, 5.483
[18:24:49] 676.2, 123.3, 5.441
[18:24:50] 675.8, 123.3, 5.372
[18:24:51] 658.7, 123.4, 5.333
[18:24:52] 658.9, 123.4, 5.340
[18:24:53] 659.4, 123.4, 5.356
[18:24:54] 659.5, 123.4, 5.465
[18:24:55] 667.2, 123.3, 5.339
[18:24:56] 660.3, 123.4, 5.370
[18:24:57] 660.3, 123.4, 5.344
[18:24:58] 660.6, 123.3, 5.337
[18:24:59] 660.6, 123.2, 5.492
[18:25:00] 671.7, 123.3, 5.347
[18:25:01] 664.4, 123.3, 5.372
[18:25:02] 663.9, 123.3, 5.454
[18:25:03] 663.8, 123.4, 5.337
[18:25:04] 663.4, 123.4, 5.335
[18:25:05] 663.3, 123.4, 5.336
[18:25:06] 663.4, 123.4, 5.342
[18:25:07] 662.9, 123.3, 5.461
[18:25:08] 662.8, 123.4, 5.327
[18:25:09] 662.5, 123.4, 5.330
[18:25:10] 662.7, 123.3, 5.478
[18:25:11] 675.4, 123.4, 5.492
[18:25:12] 675.4, 123.4, 5.424
[18:25:13] 670.3, 123.4, 5.398
[18:25:14] 669.8, 123.4, 5.392
[18:25:15] 664.0, 123.4, 5.364
[18:25:16] 663.7, 123.4, 5.354
[18:25:17] 663.4, 123.3, 5.357
[18:25:18] 663.1, 123.4, 5.289
[18:25:19] 652.2, 123.4, 5.208
[18:25:20] 642.8, 123.5, 5.169
[18:25:21] 642.2, 123.5, 5.167
[18:25:22] 641.8, 123.5, 5.164
[18:25:23] 641.3, 123.0, 6.723
[18:25:24] 736.1, 123.4, 5.165
[18:25:25] 638.2, 123.5, 5.161
[18:25:26] 638.1, 123.5, 5.164
[18:25:27] 638.1, 123.5, 5.170
[18:25:28] 638.1, 123.2, 5.320
[18:25:29] 760.3, 123.4, 5.173
[18:25:30] 646.7, 123.4, 5.166
[18:25:31] 638.4, 123.4, 5.164
[18:25:32] 638.3, 123.5, 5.165
[18:25:33] 638.3, 123.5, 5.169
[18:25:34] 724.7, 123.5, 5.235
[18:25:35] 697.9, 123.4, 5.165
[18:25:36] 638.6, 123.4, 5.167
[18:25:37] 638.5, 123.4, 5.166
[18:25:38] 638.5, 123.5, 5.163
[18:25:39] 638.4, 122.8, 7.462
[18:25:40] 867.0, 123.5, 5.172
[18:25:41] 639.6, 123.5, 5.168
[18:25:42] 639.4, 123.5, 5.161
[18:25:43] 639.3, 123.5, 5.159
[18:25:44] 639.0, 123.5, 5.161
[18:25:45] 733.7, 122.9, 7.468
[18:25:46] 916.0, 123.5, 5.262
[18:25:47] 702.6, 123.5, 5.171
[18:25:48] 638.8, 123.4, 5.170
[18:25:49] 638.7, 123.4, 5.168
[18:25:50] 638.6, 123.4, 5.165
[18:25:51] 656.3, 122.9, 7.499
[18:25:52] 922.5, 122.9, 7.510
[18:25:53] 922.6, 123.0, 7.409
[18:25:54] 830.4, 123.6, 5.174
[18:25:55] 639.6, 123.5, 5.171
[18:25:56] 639.5, 123.4, 5.169
[18:25:57] 639.4, 123.5, 5.169
[18:25:58] 639.3, 123.0, 6.138
[18:25:59] 782.1, 122.9, 7.469
[18:26:00] 918.9, 122.8, 7.480
[18:26:01] 919.0, 122.8, 7.494
[18:26:02] 919.3, 122.8, 7.500
[18:26:03] 919.6, 122.8, 7.505
[18:26:04] 878.4, 123.4, 5.187
[18:26:05] 640.6, 123.4, 5.182
[18:26:06] 640.4, 123.4, 5.177
[18:26:07] 640.3, 123.4, 5.197
[18:26:08] 640.3, 123.4, 5.195
[18:26:09] 758.1, 122.9, 7.480
[18:26:10] 919.7, 122.9, 7.488
[18:26:11] 919.8, 122.8, 7.495
[18:26:12] 920.1, 122.8, 7.507
[18:26:13] 920.5, 122.8, 7.512
[18:26:14] 920.8, 122.8, 7.513
[18:26:15] 921.2, 122.9, 7.522
[18:26:16] 921.7, 122.9, 7.516
[18:26:17] 922.0, 122.9, 7.519
[18:26:18] 922.4, 122.8, 7.524
[18:26:19] 858.7, 123.4, 5.303
[18:26:20] 655.4, 123.4, 5.294
[18:26:21] 655.2, 123.5, 5.289
[18:26:22] 654.6, 123.5, 5.175
