<<<[17:05:11] 646.0, 122.5, 5.259
[17:05:12] 645.9, 122.4, 5.260
[17:05:13] 645.7, 122.4, 5.264
[17:05:14] 653.2, 122.4, 5.389
[17:05:15] 664.8, 122.5, 5.390
[17:05:16] 664.4, 122.5, 5.380
[17:05:17] 663.9, 122.3, 5.399
[17:05:18] 663.4, 122.4, 5.336
[17:05:19] 654.4, 122.4, 5.265
[17:05:20] 646.9, 122.4, 5.261
[17:05:21] 646.8, 122.5, 5.261
[17:05:22] 646.6, 122.5, 5.261
[17:05:23] 728.0, 122.5, 5.271
[17:05:24] 660.3, 122.5, 5.255
[17:05:25] 645.5, 122.4, 5.260
[17:05:26] 645.4, 122.4, 5.262
[17:05:27] 645.4, 122.5, 5.261
[17:05:28] 722.3, 122.4, 5.269
[17:05:29] 661.1, 122.4, 5.265
[17:05:30] 645.3, 122.4, 5.271
[17:05:31] 645.3, 122.3, 5.263
[17:05:32] 645.2, 122.3, 5.264
[17:05:33] 720.7, 122.3, 5.274
[17:05:34] 661.1, 122.3, 5.263
[17:05:35] 645.5, 122.3, 5.268
[17:05:36] 645.5, 122.3, 5.265
[17:05:37] 645.5, 122.4, 5.261
[17:05:38] 719.3, 122.4, 5.272
[17:05:39] 662.3, 122.4, 5.266
[17:05:40] 645.7, 122.4, 5.263
[17:05:41] 645.6, 122.4, 5.261
[17:05:42] 645.6, 122.4, 5.258
[17:05:43] 716.2, 122.4, 5.268
[17:05:44] 662.3, 122.3, 5.260
[17:05:45] 644.7, 122.3, 5.258
[17:05:46] 644.6, 122.4, 5.255
[17:05:47] 644.6, 122.4, 5.256
[17:05:48] 713.0, 122.4, 5.268
[17:05:49] 662.8, 122.4, 5.255
[17:05:50] 643.9, 122.4, 5.254
[17:05:51] 643.9, 122.4, 5.256
[17:05:52] 644.0, 122.4, 5.255
[17:05:53] 707.3, 122.4, 5.260
[17:05:54] 662.8, 122.3, 5.255
[17:05:55] 644.5, 122.4, 5.254
[17:05:56] 644.4, 122.4, 5.254
[17:05:57] 644.4, 122.3, 5.257
[17:05:58] 695.5, 122.3, 5.372
[17:05:59] 712.6, 122.3, 5.261
[17:06:00] 644.3, 122.4, 5.259
[17:06:01] 644.3, 122.3, 5.262
[17:06:02] 644.3, 122.3, 5.257
[17:06:03] 660.5, 122.2, 6.618
[17:06:04] 775.8, 122.3, 5.261
[17:06:05] 644.7, 122.3, 5.264
[17:06:06] 644.6, 122.3, 5.262
[17:06:07] 644.6, 122.3, 5.262
[17:06:08] 644.5, 121.6, 7.861
[17:06:09] 849.8, 122.3, 5.268
[17:06:10] 645.1, 122.2, 5.263
[17:06:11] 645.0, 122.3, 5.258
[17:06:12] 644.9, 122.3, 5.258
[17:06:13] 644.9, 122.3, 5.256
[17:06:14] 750.8, 121.7, 7.892
[17:06:15] 906.7, 122.3, 5.267
[17:06:16] 645.5, 122.4, 5.260
[17:06:17] 645.4, 122.3, 5.257
[17:06:18] 645.3, 122.4, 5.253
[17:06:19] 645.2, 122.4, 5.253
[17:06:20] 767.8, 121.7, 7.892
[17:06:21] 963.0, 121.9, 7.769
[17:06:22] 902.2, 122.4, 5.271
[17:06:23] 646.5, 122.4, 5.267
[17:06:24] 646.3, 122.4, 5.263
[17:06:25] 646.2, 122.4, 5.258
[17:06:26] 646.0, 122.1, 5.947
[17:06:27] 802.0, 121.7, 7.904
[17:06:28] 963.6, 121.8, 7.911
[17:06:29] 963.8, 121.7, 7.928
[17:06:30] 964.1, 122.1, 6.835
[17:06:31] 790.4, 122.3, 5.283
[17:06:32] 647.1, 122.2, 5.278
[17:06:33] 647.0, 122.2, 5.273
[17:06:34] 646.8, 122.3, 5.268
[17:06:35] 646.7, 121.7, 7.791
[17:06:36] 872.5, 121.6, 7.916
[17:06:37] 964.8, 121.6, 7.932
[17:06:38] 965.0, 121.6, 7.946
[17:06:39] 965.3, 121.6, 7.956
[17:06:40] 965.7, 121.7, 7.952
[17:06:41] 966.2, 121.6, 7.958
[17:06:42] 966.6, 121.7, 7.960
[17:06:43] 959.1, 122.3, 5.310
[17:06:44] 672.1, 122.3, 5.290
[17:06:45] 647.9, 122.3, 5.281
[17:06:46] 647.7, 122.4, 5.273
[17:06:47] 647.6, 122.4, 5.268
[17:06:48] 695.5, 121.7, 7.906
[17:06:49] 964.6, 121.7, 7.923
[17:06:50] 964.8, 121.7, 7.939
[17:06:51] 965.2, 121.7, 7.941
[17:06:52] 965.7, 121.7, 7.947
[17:06:53] 966.2, 121.9, 7.949
[17:06:54] 966.6, 121.8, 7.952
[17:06:55] 967.1, 121.8, 7.958
[17:06:56] 967.6, 121.9, 7.958
[17:06:57] 968.0, 121.9, 7.962
[17:06:58] 968.5, 121.9, 7.958
[17:06:59] 968.9, 121.9, 7.951
[17:07:00] 969.2, 121.9, 7.953
[17:07:01] 969.4, 121.8, 7.962
[17:07:02] 969.7, 121.7, 7.961
[17:07:03] 962.6, 122.4, 5.310
[17:07:04] 650.8, 122.4, 5.291
[17:07:05] 650.6, 122.4, 5.282
[17:07:06] 650.3, 122.4, 5.277
[17:07:07] 649.9, 122.5, 5.272
