<<<[01:58:22] 646.9, 125.2, 5.140
[01:58:23] 646.6, 125.3, 5.140
[01:58:24] 646.4, 125.3, 5.339
[01:58:25] 662.3, 125.2, 5.297
[01:58:26] 662.9, 125.2, 5.299
[01:58:27] 663.4, 125.3, 5.364
[01:58:28] 663.8, 125.2, 5.313
[01:58:29] 668.9, 125.1, 5.405
[01:58:30] 675.4, 125.1, 5.299
[01:58:31] 663.0, 125.0, 5.302
[01:58:32] 663.1, 125.1, 5.293
[01:58:33] 662.9, 125.2, 5.285
[01:58:34] 663.3, 125.1, 5.288
[01:58:35] 663.3, 125.2, 5.287
[01:58:36] 663.2, 125.2, 5.274
[01:58:37] 663.6, 125.2, 5.310
[01:58:38] 663.7, 125.1, 5.150
[01:58:39] 644.3, 125.1, 5.142
[01:58:40] 644.3, 125.2, 5.143
[01:58:41] 644.3, 125.1, 5.152
[01:58:42] 644.3, 125.2, 5.149
[01:58:43] 688.6, 125.1, 5.184
[01:58:44] 695.1, 125.2, 5.145
[01:58:45] 644.3, 125.1, 5.138
[01:58:46] 644.2, 125.1, 5.148
[01:58:47] 644.2, 125.2, 5.144
[01:58:48] 677.6, 125.1, 5.185
[01:58:49] 696.3, 125.2, 5.138
[01:58:50] 643.7, 125.2, 5.145
[01:58:51] 643.7, 125.2, 5.133
[01:58:52] 643.7, 125.2, 5.135
[01:58:53] 665.0, 125.2, 5.189
[01:58:54] 697.3, 125.2, 5.135
[01:58:55] 643.6, 125.2, 5.140
[01:58:56] 643.6, 125.2, 5.134
[01:58:57] 643.6, 125.2, 5.134
[01:58:58] 643.8, 125.0, 5.827
[01:58:59] 744.7, 125.2, 5.143
[01:59:00] 643.9, 125.1, 5.137
[01:59:01] 643.8, 125.2, 5.137
[01:59:02] 643.8, 125.1, 5.146
[01:59:03] 643.8, 124.6, 7.026
[01:59:04] 802.2, 125.2, 5.145
[01:59:05] 644.3, 125.0, 5.148
[01:59:06] 644.2, 125.1, 5.148
[01:59:07] 644.2, 125.1, 5.145
[01:59:08] 644.1, 124.8, 5.861
[01:59:09] 760.9, 125.1, 5.925
[01:59:10] 748.5, 125.1, 5.146
[01:59:11] 644.1, 125.1, 5.144
[01:59:12] 644.0, 125.2, 5.138
[01:59:13] 644.0, 125.1, 5.138
[01:59:14] 643.9, 124.7, 6.981
[01:59:15] 841.8, 124.7, 7.098
[01:59:16] 795.3, 125.1, 5.146
[01:59:17] 644.7, 125.2, 5.147
[01:59:18] 644.6, 125.1, 5.143
[01:59:19] 644.5, 125.2, 5.138
[01:59:20] 644.4, 124.7, 6.490
[01:59:21] 775.0, 124.8, 6.988
[01:59:22] 872.9, 124.7, 6.994
[01:59:23] 873.0, 125.2, 5.228
[01:59:24] 706.1, 125.1, 5.146
[01:59:25] 644.9, 125.2, 5.143
[01:59:26] 644.8, 125.1, 5.144
[01:59:27] 644.6, 125.2, 5.139
[01:59:28] 644.6, 124.6, 6.986
[01:59:29] 869.7, 124.7, 6.998
[01:59:30] 870.1, 124.7, 7.001
[01:59:31] 870.6, 124.7, 7.009
[01:59:32] 871.1, 124.6, 7.014
[01:59:33] 871.7, 125.1, 6.175
[01:59:34] 755.8, 125.2, 5.158
[01:59:35] 645.5, 125.1, 5.153
[01:59:36] 645.4, 125.2, 5.149
[01:59:37] 645.3, 125.2, 5.143
[01:59:38] 645.1, 124.8, 6.961
[01:59:39] 825.0, 124.7, 6.992
[01:59:40] 873.5, 124.8, 7.006
[01:59:41] 873.6, 124.7, 7.013
[01:59:42] 873.8, 124.8, 7.012
[01:59:43] 874.0, 124.8, 7.015
[01:59:44] 874.2, 124.7, 7.020
[01:59:45] 874.4, 124.7, 7.022
[01:59:46] 874.7, 124.7, 7.023
[01:59:47] 875.0, 124.7, 7.032
[01:59:48] 875.2, 124.7, 7.029
[01:59:49] 786.7, 125.1, 5.163
[01:59:50] 645.9, 125.2, 5.159
[01:59:51] 645.8, 125.2, 5.152
[01:59:52] 645.7, 125.1, 5.147
