<<<[03:09:27] 648.4, 124.9, 5.179
[03:09:28] 648.0, 124.9, 5.181
[03:09:29] 647.7, 124.8, 5.251
[03:09:30] 654.0, 125.0, 5.185
[03:09:31] 646.1, 125.0, 5.180
[03:09:32] 646.0, 125.0, 5.179
[03:09:33] 645.9, 124.9, 5.180
[03:09:34] 645.8, 124.4, 7.109
[03:09:35] 740.6, 124.9, 5.177
[03:09:36] 645.5, 125.0, 5.178
[03:09:37] 645.4, 125.0, 5.171
[03:09:38] 645.3, 124.9, 5.179
[03:09:39] 645.3, 124.4, 7.099
[03:09:40] 735.9, 124.9, 5.173
[03:09:41] 644.7, 125.0, 5.171
[03:09:42] 644.6, 125.0, 5.172
[03:09:43] 644.6, 125.0, 5.175
[03:09:44] 644.6, 124.4, 7.091
[03:09:45] 734.9, 124.9, 5.172
[03:09:46] 644.7, 125.0, 5.170
[03:09:47] 644.6, 124.9, 5.170
[03:09:48] 644.6, 124.9, 5.170
[03:09:49] 644.5, 124.5, 7.088
[03:09:50] 733.9, 125.0, 5.167
[03:09:51] 644.5, 125.0, 5.169
[03:09:52] 644.4, 125.0, 5.173
[03:09:53] 644.4, 125.0, 5.167
[03:09:54] 644.4, 124.5, 7.081
[03:09:55] 733.7, 125.0, 5.178
[03:09:56] 644.5, 125.0, 5.167
[03:09:57] 644.4, 125.0, 5.171
[03:09:58] 644.3, 125.0, 5.166
[03:09:59] 644.3, 124.5, 7.073
[03:10:00] 733.1, 125.0, 5.169
[03:10:01] 644.1, 125.0, 5.169
[03:10:02] 644.1, 124.9, 5.169
[03:10:03] 644.0, 124.9, 5.174
[03:10:04] 644.0, 124.4, 7.073
[03:10:05] 732.3, 124.8, 5.169
[03:10:06] 643.9, 124.8, 5.169
[03:10:07] 643.9, 124.8, 5.172
[03:10:08] 643.8, 124.9, 5.168
[03:10:09] 643.8, 124.5, 7.053
[03:10:10] 729.8, 125.0, 5.169
[03:10:11] 643.9, 125.0, 5.166
[03:10:12] 643.9, 125.0, 5.174
[03:10:13] 644.0, 125.0, 5.164
[03:10:14] 643.9, 124.5, 7.045
[03:10:15] 727.4, 125.0, 5.172
[03:10:16] 644.3, 124.9, 5.172
[03:10:17] 644.3, 125.0, 5.171
[03:10:18] 644.4, 125.0, 5.166
[03:10:19] 644.4, 124.5, 7.031
[03:10:20] 723.3, 125.0, 5.165
[03:10:21] 643.6, 125.0, 5.163
[03:10:22] 643.6, 125.0, 5.159
[03:10:23] 643.5, 124.9, 5.168
[03:10:24] 643.5, 124.5, 6.953
[03:10:25] 760.1, 124.9, 5.167
[03:10:26] 643.4, 124.9, 5.161
[03:10:27] 643.4, 124.9, 5.162
[03:10:28] 643.4, 124.9, 5.164
[03:10:29] 643.3, 124.6, 6.269
[03:10:30] 777.8, 125.0, 5.169
[03:10:31] 653.6, 125.0, 5.173
[03:10:32] 643.7, 124.9, 5.167
[03:10:33] 643.6, 124.9, 5.163
[03:10:34] 643.6, 125.0, 5.161
[03:10:35] 733.1, 124.9, 6.041
[03:10:36] 754.0, 124.9, 5.165
[03:10:37] 643.9, 124.9, 5.166
[03:10:38] 643.8, 124.9, 5.158
[03:10:39] 643.8, 124.9, 5.167
[03:10:40] 643.7, 124.4, 7.317
[03:10:41] 893.3, 124.9, 5.175
[03:10:42] 655.8, 124.9, 5.165
[03:10:43] 643.9, 124.9, 5.167
[03:10:44] 643.8, 125.0, 5.163
[03:10:45] 643.8, 125.0, 5.169
[03:10:46] 688.2, 124.5, 7.319
[03:10:47] 912.6, 124.5, 7.178
[03:10:48] 813.2, 124.9, 5.177
[03:10:49] 644.5, 124.9, 5.165
[03:10:50] 644.4, 125.0, 5.163
[03:10:51] 644.3, 125.0, 5.167
[03:10:52] 644.2, 124.6, 6.963
[03:10:53] 807.5, 124.5, 7.326
[03:10:54] 913.6, 124.4, 7.345
[03:10:55] 913.8, 124.4, 7.289
[03:10:56] 867.6, 125.0, 5.183
[03:10:57] 645.9, 125.0, 5.173
[03:10:58] 645.7, 124.9, 5.171
[03:10:59] 645.6, 124.9, 5.171
[03:11:00] 645.6, 124.6, 6.055
[03:11:01] 783.3, 124.5, 7.344
[03:11:02] 914.4, 124.4, 7.351
[03:11:03] 914.6, 124.4, 7.366
[03:11:04] 915.0, 124.3, 7.372
[03:11:05] 915.4, 124.3, 7.375
[03:11:06] 915.8, 124.3, 7.376
[03:11:07] 915.3, 124.9, 5.207
[03:11:08] 661.3, 124.9, 5.187
[03:11:09] 646.1, 124.9, 5.182
[03:11:10] 646.0, 124.9, 5.165
[03:11:11] 645.8, 124.9, 5.171
[03:11:12] 731.5, 124.5, 7.337
[03:11:13] 914.8, 124.5, 7.350
[03:11:14] 915.0, 124.5, 7.360
[03:11:15] 915.3, 124.5, 7.369
[03:11:16] 915.6, 124.5, 7.366
[03:11:17] 916.0, 124.4, 7.373
[03:11:18] 916.4, 124.4, 7.373
[03:11:19] 916.7, 124.4, 7.380
[03:11:20] 917.1, 124.4, 7.382
[03:11:21] 917.5, 124.4, 7.389
[03:11:22] 917.8, 124.4, 7.388
[03:11:23] 918.2, 124.5, 7.392
[03:11:24] 918.6, 125.0, 5.212
[03:11:25] 663.6, 125.0, 5.190
[03:11:26] 647.1, 125.0, 5.180
[03:11:27] 646.9, 124.9, 5.184
[03:11:28] 646.7, 125.0, 5.176
