<<<[08:59:37] 649.7, 124.2, 5.206
[08:59:38] 649.3, 124.1, 5.205
[08:59:39] 649.0, 124.2, 5.204
[08:59:40] 655.4, 124.1, 5.351
[08:59:41] 664.0, 124.2, 5.271
[08:59:42] 655.4, 124.1, 5.211
[08:59:43] 646.5, 124.2, 5.205
[08:59:44] 646.6, 124.1, 5.206
[08:59:45] 646.7, 124.2, 5.207
[08:59:46] 646.9, 123.7, 6.700
[08:59:47] 742.2, 124.1, 5.200
[08:59:48] 646.7, 124.2, 5.209
[08:59:49] 646.6, 124.1, 5.196
[08:59:50] 646.6, 124.2, 5.202
[08:59:51] 646.7, 123.8, 6.630
[08:59:52] 740.6, 124.1, 5.204
[08:59:53] 646.1, 124.2, 5.203
[08:59:54] 646.1, 124.1, 5.205
[08:59:55] 646.1, 124.1, 5.197
[08:59:56] 646.1, 123.8, 6.571
[08:59:57] 739.0, 124.1, 5.197
[08:59:58] 646.1, 124.2, 5.206
[08:59:59] 646.1, 124.0, 5.196
[09:00:00] 646.0, 124.0, 5.203
[09:00:01] 646.0, 123.7, 6.469
[09:00:02] 737.2, 124.1, 5.200
[09:00:03] 646.5, 124.1, 5.201
[09:00:04] 646.4, 124.1, 5.201
[09:00:05] 646.3, 124.1, 5.200
[09:00:06] 646.4, 123.7, 6.304
[09:00:07] 733.9, 124.1, 5.199
[09:00:08] 647.3, 124.1, 5.202
[09:00:09] 647.3, 124.1, 5.198
[09:00:10] 647.2, 124.2, 5.194
[09:00:11] 647.1, 123.8, 5.947
[09:00:12] 728.0, 124.2, 5.203
[09:00:13] 646.1, 124.1, 5.196
[09:00:14] 646.0, 124.2, 5.196
[09:00:15] 645.9, 124.1, 5.196
[09:00:16] 645.9, 124.1, 5.198
[09:00:17] 758.7, 124.1, 5.206
[09:00:18] 653.2, 124.0, 5.203
[09:00:19] 645.9, 124.1, 5.199
[09:00:20] 645.8, 124.0, 5.200
[09:00:21] 645.8, 124.1, 5.198
[09:00:22] 736.7, 124.0, 5.207
[09:00:23] 654.2, 124.0, 5.200
[09:00:24] 645.5, 124.0, 5.198
[09:00:25] 645.7, 124.1, 5.202
[09:00:26] 645.8, 124.1, 5.197
[09:00:27] 692.0, 123.9, 6.010
[09:00:28] 755.9, 124.0, 5.206
[09:00:29] 645.9, 124.0, 5.198
[09:00:30] 645.9, 124.1, 5.198
[09:00:31] 645.8, 124.1, 5.195
[09:00:32] 645.7, 123.5, 7.327
[09:00:33] 858.1, 123.9, 5.273
[09:00:34] 704.6, 124.1, 5.202
[09:00:35] 646.1, 124.1, 5.202
[09:00:36] 646.1, 124.1, 5.200
[09:00:37] 646.0, 124.0, 5.197
[09:00:38] 667.0, 123.5, 7.357
[09:00:39] 910.9, 123.6, 7.231
[09:00:40] 811.1, 124.1, 5.207
[09:00:41] 646.7, 124.1, 5.200
[09:00:42] 646.8, 124.1, 5.198
[09:00:43] 646.9, 124.2, 5.196
[09:00:44] 646.9, 123.5, 7.065
[09:00:45] 811.8, 123.5, 7.365
[09:00:46] 912.0, 123.6, 7.382
[09:00:47] 912.2, 123.5, 7.242
[09:00:48] 812.2, 124.0, 5.211
[09:00:49] 647.3, 124.1, 5.205
[09:00:50] 647.2, 124.0, 5.206
[09:00:51] 647.1, 124.1, 5.206
[09:00:52] 647.0, 123.6, 7.271
[09:00:53] 837.6, 123.5, 7.381
[09:00:54] 913.4, 123.6, 7.393
[09:00:55] 913.5, 123.6, 7.408
[09:00:56] 913.9, 123.6, 7.402
[09:00:57] 914.2, 123.6, 7.411
[09:00:58] 914.5, 124.0, 6.169
[09:00:59] 762.6, 124.1, 5.225
[09:01:00] 650.2, 124.1, 5.217
[09:01:01] 650.0, 124.0, 5.214
[09:01:02] 649.7, 124.1, 5.205
[09:01:03] 649.3, 123.6, 7.367
[09:01:04] 891.4, 123.5, 7.390
[09:01:05] 915.2, 123.6, 7.410
[09:01:06] 915.2, 123.5, 7.414
[09:01:07] 915.5, 123.5, 7.422
[09:01:08] 915.7, 123.6, 7.420
[09:01:09] 915.9, 123.5, 7.424
[09:01:10] 916.2, 123.5, 7.426
[09:01:11] 916.5, 123.6, 7.434
[09:01:12] 916.8, 123.5, 7.431
[09:01:13] 917.1, 123.6, 7.433
[09:01:14] 917.5, 123.6, 7.428
[09:01:15] 832.3, 124.1, 5.234
[09:01:16] 651.2, 124.1, 5.224
[09:01:17] 651.0, 124.2, 5.217
[09:01:18] 650.7, 124.1, 5.213
[09:01:19] 650.4, 124.2, 5.211
