<<<[17:58:02] 647.9, 122.9, 5.337
[17:58:03] 648.1, 122.9, 5.278
[17:58:04] 648.0, 122.8, 5.427
[17:58:05] 659.5, 122.8, 5.293
[17:58:06] 652.6, 122.9, 5.251
[17:58:07] 645.5, 122.9, 5.260
[17:58:08] 645.5, 122.8, 5.252
[17:58:09] 645.5, 122.9, 5.245
[17:58:10] 645.5, 122.5, 7.029
[17:58:11] 741.0, 122.9, 5.255
[17:58:12] 644.9, 122.8, 5.249
[17:58:13] 644.9, 122.8, 5.243
[17:58:14] 644.9, 122.8, 5.258
[17:58:15] 644.9, 122.5, 7.010
[17:58:16] 740.0, 122.9, 5.247
[17:58:17] 644.7, 122.8, 5.243
[17:58:18] 644.7, 122.8, 5.243
[17:58:19] 644.7, 122.8, 5.248
[17:58:20] 644.7, 122.3, 6.994
[17:58:21] 740.2, 122.8, 5.244
[17:58:22] 644.7, 122.7, 5.249
[17:58:23] 644.6, 122.7, 5.242
[17:58:24] 644.6, 122.7, 5.249
[17:58:25] 644.6, 122.4, 6.949
[17:58:26] 739.0, 122.8, 5.246
[17:58:27] 644.9, 122.8, 5.241
[17:58:28] 644.8, 122.7, 5.239
[17:58:29] 644.7, 122.8, 5.248
[17:58:30] 644.6, 122.4, 6.906
[17:58:31] 738.6, 122.8, 5.250
[17:58:32] 645.1, 122.9, 5.252
[17:58:33] 644.9, 122.9, 5.237
[17:58:34] 644.9, 122.9, 5.246
[17:58:35] 644.8, 122.3, 6.863
[17:58:36] 738.2, 122.8, 5.241
[17:58:37] 644.3, 122.8, 5.264
[17:58:38] 644.4, 122.8, 5.242
[17:58:39] 644.3, 122.7, 5.241
[17:58:40] 644.2, 122.3, 6.800
[17:58:41] 736.7, 122.8, 5.248
[17:58:42] 644.1, 122.7, 5.244
[17:58:43] 644.1, 122.8, 5.238
[17:58:44] 644.1, 122.8, 5.239
[17:58:45] 644.0, 122.4, 6.716
[17:58:46] 734.5, 122.7, 5.242
[17:58:47] 644.3, 122.8, 5.239
[17:58:48] 644.3, 122.8, 5.246
[17:58:49] 644.2, 122.7, 5.244
[17:58:50] 644.2, 122.5, 6.563
[17:58:51] 730.4, 122.8, 5.237
[17:58:52] 644.1, 122.8, 5.239
[17:58:53] 644.1, 122.8, 5.236
[17:58:54] 644.0, 122.8, 5.241
[17:58:55] 644.1, 122.6, 5.743
[17:58:56] 722.7, 122.7, 5.239
[17:58:57] 644.3, 122.9, 5.238
[17:58:58] 644.3, 122.7, 5.245
[17:58:59] 644.2, 122.8, 5.235
[17:59:00] 644.2, 122.8, 5.232
[17:59:01] 751.6, 122.8, 5.243
[17:59:02] 648.3, 122.8, 5.246
[17:59:03] 647.8, 122.8, 5.235
[17:59:04] 647.2, 122.9, 5.234
[17:59:05] 646.8, 122.8, 5.234
[17:59:06] 712.6, 122.8, 5.934
[17:59:07] 754.4, 122.8, 5.233
[17:59:08] 644.1, 122.8, 5.239
[17:59:09] 644.0, 122.9, 5.231
[17:59:10] 644.0, 122.8, 5.234
[17:59:11] 643.9, 122.3, 7.744
[17:59:12] 900.0, 122.9, 5.247
[17:59:13] 651.2, 122.8, 5.245
[17:59:14] 644.9, 122.8, 5.238
[17:59:15] 644.8, 122.9, 5.234
[17:59:16] 644.6, 122.8, 5.239
[17:59:17] 700.6, 122.2, 7.730
[17:59:18] 949.8, 122.7, 6.082
[17:59:19] 764.4, 122.9, 5.241
[17:59:20] 645.1, 122.9, 5.239
[17:59:21] 645.0, 122.8, 5.236
[17:59:22] 644.8, 122.8, 5.236
[17:59:23] 644.7, 122.2, 7.724
[17:59:24] 890.6, 122.2, 7.790
[17:59:25] 952.4, 122.2, 7.799
[17:59:26] 952.0, 122.8, 5.327
[17:59:27] 706.3, 122.9, 5.250
[17:59:28] 645.9, 122.9, 5.243
[17:59:29] 645.7, 123.0, 5.241
[17:59:30] 645.6, 122.9, 5.241
[17:59:31] 662.8, 122.2, 7.765
[17:59:32] 950.0, 122.3, 7.789
[17:59:33] 950.4, 122.2, 7.793
[17:59:34] 950.7, 122.2, 7.807
[17:59:35] 951.1, 122.1, 7.821
[17:59:36] 951.7, 122.3, 7.540
[17:59:37] 837.0, 122.9, 5.264
[17:59:38] 647.1, 122.9, 5.251
[17:59:39] 646.9, 122.8, 5.253
[17:59:40] 646.7, 122.8, 5.244
[17:59:41] 646.5, 122.4, 6.764
[17:59:42] 810.7, 122.2, 7.776
[17:59:43] 952.2, 122.2, 7.801
[17:59:44] 952.4, 122.2, 7.810
[17:59:45] 952.8, 122.2, 7.810
[17:59:46] 953.2, 122.3, 7.828
[17:59:47] 953.7, 122.3, 7.830
[17:59:48] 954.2, 122.2, 7.836
[17:59:49] 954.6, 122.3, 7.815
[17:59:50] 955.0, 122.2, 7.827
[17:59:51] 955.3, 122.2, 7.839
[17:59:52] 955.8, 122.8, 6.341
[17:59:53] 784.9, 122.9, 5.272
[17:59:54] 648.3, 122.8, 5.261
[17:59:55] 648.1, 122.8, 5.270
[17:59:56] 647.9, 122.8, 5.253
