<<<[03:23:45] 656.3, 124.9, 5.260
[03:23:46] 656.0, 125.0, 5.148
[03:23:47] 643.7, 125.0, 5.161
[03:23:48] 643.8, 124.9, 5.285
[03:23:49] 661.3, 125.0, 5.214
[03:23:50] 651.0, 125.0, 5.148
[03:23:51] 644.3, 125.1, 5.164
[03:23:52] 644.3, 125.0, 5.162
[03:23:53] 644.3, 124.9, 5.165
[03:23:54] 644.3, 124.5, 7.086
[03:23:55] 739.8, 125.1, 5.164
[03:23:56] 644.1, 125.0, 5.155
[03:23:57] 644.0, 125.0, 5.163
[03:23:58] 644.0, 125.0, 5.142
[03:23:59] 643.9, 124.6, 7.075
[03:24:00] 734.1, 124.9, 5.158
[03:24:01] 643.9, 125.0, 5.163
[03:24:02] 643.8, 125.0, 5.144
[03:24:03] 643.8, 124.9, 5.163
[03:24:04] 643.8, 124.5, 7.065
[03:24:05] 733.7, 125.0, 5.161
[03:24:06] 643.6, 125.0, 5.146
[03:24:07] 643.6, 125.0, 5.160
[03:24:08] 643.6, 125.0, 5.158
[03:24:09] 643.6, 124.4, 7.057
[03:24:10] 732.3, 125.0, 5.149
[03:24:11] 643.6, 124.9, 5.165
[03:24:12] 643.6, 125.0, 5.160
[03:24:13] 643.6, 124.9, 5.159
[03:24:14] 643.6, 124.5, 7.044
[03:24:15] 730.6, 125.0, 5.157
[03:24:16] 643.6, 125.0, 5.160
[03:24:17] 643.6, 125.0, 5.160
[03:24:18] 643.5, 125.0, 5.141
[03:24:19] 643.5, 124.5, 7.019
[03:24:20] 726.2, 125.0, 5.155
[03:24:21] 643.6, 125.0, 5.155
[03:24:22] 643.6, 125.1, 5.147
[03:24:23] 643.5, 125.0, 5.156
[03:24:24] 643.5, 124.6, 6.970
[03:24:25] 716.6, 125.0, 5.164
[03:24:26] 643.9, 125.0, 5.144
[03:24:27] 643.8, 125.0, 5.156
[03:24:28] 643.8, 125.1, 5.151
[03:24:29] 643.7, 124.6, 6.568
[03:24:30] 748.1, 125.0, 5.143
[03:24:31] 643.6, 125.0, 5.162
[03:24:32] 643.5, 125.0, 5.157
[03:24:33] 643.5, 125.0, 5.156
[03:24:34] 643.5, 125.0, 5.139
[03:24:35] 747.5, 125.0, 5.250
[03:24:36] 707.9, 124.9, 5.157
[03:24:37] 643.7, 125.0, 5.163
[03:24:38] 643.6, 125.0, 5.144
[03:24:39] 643.6, 125.0, 5.166
[03:24:40] 657.5, 124.5, 7.379
[03:24:41] 875.0, 125.0, 5.168
[03:24:42] 644.3, 124.9, 5.144
[03:24:43] 644.2, 125.0, 5.159
[03:24:44] 644.1, 125.0, 5.159
[03:24:45] 644.1, 124.9, 5.154
[03:24:46] 749.5, 124.5, 7.404
[03:24:47] 920.5, 124.9, 5.272
[03:24:48] 711.5, 125.0, 5.166
[03:24:49] 644.7, 125.0, 5.161
[03:24:50] 644.5, 125.1, 5.142
[03:24:51] 644.5, 125.0, 5.157
[03:24:52] 658.7, 124.5, 7.390
[03:24:53] 921.1, 124.5, 7.412
[03:24:54] 921.4, 124.4, 7.419
[03:24:55] 881.1, 125.1, 5.176
[03:24:56] 645.9, 125.0, 5.170
[03:24:57] 645.9, 125.0, 5.166
[03:24:58] 645.8, 125.0, 5.151
[03:24:59] 645.6, 125.1, 5.163
[03:25:00] 758.1, 124.4, 7.397
[03:25:01] 922.5, 124.4, 7.430
[03:25:02] 922.7, 124.5, 7.423
[03:25:03] 923.1, 124.4, 7.437
[03:25:04] 923.4, 124.3, 7.440
[03:25:05] 923.4, 125.0, 5.202
[03:25:06] 668.9, 125.0, 5.168
[03:25:07] 646.5, 124.9, 5.181
[03:25:08] 646.3, 125.0, 5.169
[03:25:09] 646.2, 125.0, 5.170
[03:25:10] 677.6, 124.4, 7.414
[03:25:11] 923.9, 124.5, 7.433
[03:25:12] 924.1, 124.4, 7.436
[03:25:13] 924.5, 124.4, 7.445
[03:25:14] 924.8, 124.5, 7.449
[03:25:15] 925.3, 124.4, 7.464
[03:25:16] 925.7, 124.4, 7.458
[03:25:17] 926.2, 124.5, 7.459
[03:25:18] 926.6, 124.4, 7.461
[03:25:19] 927.0, 124.5, 7.478
[03:25:20] 927.5, 124.9, 6.114
[03:25:21] 770.3, 124.9, 5.193
[03:25:22] 647.7, 125.0, 5.176
[03:25:23] 647.5, 124.9, 5.183
[03:25:24] 647.3, 125.0, 5.175
