<<<[07:10:45] 650.3, 125.0, 5.172
[07:10:46] 650.0, 125.0, 5.174
[07:10:47] 650.4, 125.0, 5.339
[07:10:48] 669.7, 125.0, 5.359
[07:10:49] 669.7, 125.0, 5.316
[07:10:50] 669.4, 125.0, 5.334
[07:10:51] 669.1, 125.0, 5.322
[07:10:52] 669.0, 125.0, 5.326
[07:10:53] 669.1, 125.0, 5.321
[07:10:54] 668.8, 125.0, 5.426
[07:10:55] 669.1, 125.0, 5.219
[07:10:56] 655.4, 125.0, 5.209
[07:10:57] 654.8, 125.0, 5.178
[07:10:58] 647.5, 125.0, 5.174
[07:10:59] 647.5, 125.0, 5.178
[07:11:00] 647.5, 124.4, 7.120
[07:11:01] 745.5, 124.9, 5.172
[07:11:02] 647.9, 125.0, 5.172
[07:11:03] 647.7, 125.0, 5.168
[07:11:04] 647.6, 125.0, 5.171
[07:11:05] 647.6, 124.6, 7.117
[07:11:06] 743.5, 125.1, 5.167
[07:11:07] 646.7, 125.1, 5.169
[07:11:08] 646.7, 125.0, 5.170
[07:11:09] 646.7, 125.0, 5.162
[07:11:10] 646.6, 124.6, 7.115
[07:11:11] 741.6, 125.0, 5.175
[07:11:12] 647.1, 125.0, 5.168
[07:11:13] 647.0, 125.0, 5.164
[07:11:14] 646.9, 124.9, 5.170
[07:11:15] 646.9, 124.4, 7.114
[07:11:16] 739.2, 124.9, 5.170
[07:11:17] 646.9, 125.0, 5.169
[07:11:18] 646.8, 125.1, 5.171
[07:11:19] 646.8, 125.1, 5.171
[07:11:20] 646.8, 124.6, 7.125
[07:11:21] 735.1, 125.0, 5.169
[07:11:22] 646.9, 125.0, 5.169
[07:11:23] 646.9, 125.0, 5.170
[07:11:24] 647.0, 124.9, 5.168
[07:11:25] 647.1, 124.5, 7.350
[07:11:26] 774.1, 125.1, 5.169
[07:11:27] 646.7, 124.9, 5.168
[07:11:28] 646.6, 125.0, 5.171
[07:11:29] 646.6, 125.0, 5.166
[07:11:30] 646.6, 124.5, 6.448
[07:11:31] 798.3, 124.9, 5.180
[07:11:32] 654.4, 124.9, 5.169
[07:11:33] 646.7, 125.0, 5.175
[07:11:34] 646.6, 124.9, 5.168
[07:11:35] 646.6, 124.9, 5.168
[07:11:36] 739.4, 124.9, 5.992
[07:11:37] 775.2, 124.9, 5.168
[07:11:38] 646.5, 124.9, 5.174
[07:11:39] 646.4, 125.0, 5.165
[07:11:40] 646.4, 124.9, 5.166
[07:11:41] 646.4, 124.2, 7.923
[07:11:42] 913.8, 124.9, 6.042
[07:11:43] 775.4, 125.0, 5.172
[07:11:44] 646.9, 125.0, 5.170
[07:11:45] 646.8, 124.9, 5.168
[07:11:46] 646.7, 125.0, 5.175
[07:11:47] 646.7, 124.2, 7.921
[07:11:48] 919.9, 124.3, 7.979
[07:11:49] 993.9, 124.9, 6.104
[07:11:50] 774.5, 125.0, 5.180
[07:11:51] 647.7, 124.9, 5.177
[07:11:52] 647.6, 124.9, 5.174
[07:11:53] 647.5, 125.0, 5.170
[07:11:54] 647.4, 124.4, 7.949
[07:11:55] 933.3, 124.3, 7.982
[07:11:56] 993.9, 124.3, 7.990
[07:11:57] 994.0, 124.3, 8.003
[07:11:58] 994.3, 124.9, 6.155
[07:11:59] 769.7, 124.9, 5.187
[07:12:00] 648.9, 125.0, 5.183
[07:12:01] 648.7, 125.0, 5.177
[07:12:02] 648.6, 124.9, 5.178
[07:12:03] 648.4, 124.3, 7.966
[07:12:04] 961.3, 124.3, 7.992
[07:12:05] 994.5, 124.2, 8.010
[07:12:06] 994.6, 124.2, 8.002
[07:12:07] 994.9, 124.3, 8.018
[07:12:08] 995.3, 124.3, 8.019
[07:12:09] 995.7, 124.2, 8.026
[07:12:10] 996.1, 124.2, 8.036
[07:12:11] 995.6, 125.0, 5.288
[07:12:12] 714.4, 125.0, 5.191
[07:12:13] 649.7, 124.9, 5.192
[07:12:14] 649.5, 124.9, 5.184
[07:12:15] 649.3, 124.9, 5.181
[07:12:16] 672.9, 124.3, 7.985
[07:12:17] 994.7, 124.3, 7.997
[07:12:18] 994.9, 124.3, 8.020
[07:12:19] 995.2, 124.3, 8.012
[07:12:20] 995.6, 124.3, 8.027
[07:12:21] 996.0, 124.2, 8.038
[07:12:22] 996.5, 124.1, 8.037
[07:12:23] 997.0, 124.2, 8.047
[07:12:24] 997.5, 124.2, 8.043
[07:12:25] 997.9, 124.3, 8.044
[07:12:26] 998.4, 124.3, 8.051
[07:12:27] 998.7, 124.3, 8.046
[07:12:28] 999.1, 124.2, 8.046
[07:12:29] 999.5, 124.2, 8.055
[07:12:30] 999.8, 124.2, 8.050
[07:12:31] 1000.2, 124.3, 8.054
[07:12:32] 861.7, 125.0, 5.211
[07:12:33] 652.0, 125.0, 5.196
[07:12:34] 651.8, 124.9, 5.198
[07:12:35] 651.7, 124.9, 5.186
