<<<[18:35:53] 637.3, 123.5, 5.150
[18:35:54] 637.3, 123.6, 5.171
[18:35:55] 637.2, 123.6, 5.372
[18:35:56] 656.7, 123.5, 5.348
[18:35:57] 657.1, 123.5, 5.323
[18:35:58] 657.3, 123.5, 5.386
[18:35:59] 657.7, 123.6, 5.309
[18:36:00] 658.0, 123.6, 5.315
[18:36:01] 658.1, 123.5, 5.315
[18:36:02] 658.1, 123.5, 5.379
[18:36:03] 658.3, 123.5, 5.323
[18:36:04] 658.8, 123.6, 5.329
[18:36:05] 658.9, 123.6, 5.311
[18:36:06] 659.0, 123.5, 5.383
[18:36:07] 658.9, 123.5, 5.446
[18:36:08] 667.2, 123.5, 5.322
[18:36:09] 658.3, 123.7, 5.151
[18:36:10] 637.6, 123.7, 5.172
[18:36:11] 637.5, 123.7, 5.150
[18:36:12] 637.5, 123.6, 5.151
[18:36:13] 637.4, 123.6, 5.152
[18:36:14] 637.4, 123.4, 6.145
[18:36:15] 733.5, 123.6, 5.150
[18:36:16] 636.9, 123.6, 5.150
[18:36:17] 636.9, 123.6, 5.147
[18:36:18] 636.8, 123.6, 5.169
[18:36:19] 636.8, 123.5, 6.230
[18:36:20] 732.7, 123.5, 5.176
[18:36:21] 638.0, 123.5, 5.177
[18:36:22] 637.9, 123.5, 5.171
[18:36:23] 637.7, 123.5, 5.150
[18:36:24] 637.6, 123.4, 6.328
[18:36:25] 730.2, 123.5, 5.153
[18:36:26] 637.3, 123.6, 5.171
[18:36:27] 637.2, 123.5, 5.148
[18:36:28] 637.1, 123.6, 5.145
[18:36:29] 637.0, 123.4, 6.420
[18:36:30] 725.8, 123.6, 5.165
[18:36:31] 636.5, 123.6, 5.151
[18:36:32] 636.5, 123.6, 5.148
[18:36:33] 636.5, 123.6, 5.148
[18:36:34] 636.5, 123.1, 7.176
[18:36:35] 766.0, 123.6, 5.153
[18:36:36] 637.1, 123.6, 5.151
[18:36:37] 637.0, 123.6, 5.183
[18:36:38] 637.2, 123.6, 5.179
[18:36:39] 637.2, 122.9, 7.678
[18:36:40] 798.7, 123.6, 5.157
[18:36:41] 637.3, 123.6, 5.156
[18:36:42] 637.3, 123.5, 5.174
[18:36:43] 637.2, 123.5, 5.154
[18:36:44] 637.1, 123.4, 5.294
[18:36:45] 789.2, 123.5, 5.307
[18:36:46] 711.1, 123.5, 5.171
[18:36:47] 636.9, 123.5, 5.152
[18:36:48] 636.8, 123.5, 5.150
[18:36:49] 636.8, 123.5, 5.152
[18:36:50] 651.8, 122.8, 7.878
[18:36:51] 951.8, 123.5, 5.197
[18:36:52] 666.2, 123.5, 5.182
[18:36:53] 639.2, 123.5, 5.178
[18:36:54] 639.1, 123.5, 5.179
[18:36:55] 639.0, 123.5, 5.182
[18:36:56] 704.4, 122.9, 7.883
[18:36:57] 969.7, 123.0, 7.643
[18:36:58] 857.1, 123.6, 5.184
[18:36:59] 638.2, 123.6, 5.153
[18:37:00] 638.0, 123.7, 5.151
[18:37:01] 637.9, 123.6, 5.153
[18:37:02] 637.8, 123.1, 6.187
[18:37:03] 806.3, 122.8, 7.889
[18:37:04] 970.3, 122.8, 7.903
[18:37:05] 970.5, 122.9, 7.913
[18:37:06] 960.1, 123.5, 5.209
[18:37:07] 671.5, 123.5, 5.168
[18:37:08] 638.6, 123.5, 5.157
[18:37:09] 638.4, 123.6, 5.155
[18:37:10] 638.3, 123.6, 5.177
[18:37:11] 685.9, 122.9, 7.885
[18:37:12] 970.3, 122.9, 7.903
[18:37:13] 970.5, 122.9, 7.918
[18:37:14] 970.8, 122.8, 7.920
[18:37:15] 971.2, 122.8, 7.928
[18:37:16] 971.6, 122.8, 7.931
[18:37:17] 972.0, 122.8, 7.936
[18:37:18] 925.4, 123.5, 5.200
[18:37:19] 640.0, 123.6, 5.179
[18:37:20] 639.9, 123.5, 5.167
[18:37:21] 639.7, 123.5, 5.164
[18:37:22] 639.6, 123.5, 5.178
[18:37:23] 777.6, 122.9, 7.902
[18:37:24] 971.3, 122.9, 7.913
[18:37:25] 971.5, 122.9, 7.922
[18:37:26] 971.8, 122.8, 7.930
[18:37:27] 972.2, 122.8, 7.936
[18:37:28] 972.6, 122.8, 7.937
[18:37:29] 973.0, 122.8, 7.944
[18:37:30] 973.5, 122.8, 7.945
[18:37:31] 973.9, 122.8, 7.950
[18:37:32] 974.4, 122.8, 7.952
[18:37:33] 974.8, 122.8, 7.946
[18:37:34] 975.1, 122.8, 7.951
[18:37:35] 975.5, 122.9, 7.948
[18:37:36] 975.7, 123.5, 5.304
[18:37:37] 658.5, 123.6, 5.288
[18:37:38] 657.9, 123.7, 5.191
[18:37:39] 641.8, 123.6, 5.169
