<<<[18:05:50] 636.0, 123.2, 5.130
[18:05:51] 635.6, 123.2, 5.131
[18:05:52] 635.2, 123.2, 5.331
[18:05:53] 650.8, 123.2, 5.302
[18:05:54] 651.3, 123.1, 5.341
[18:05:55] 651.9, 123.2, 5.310
[18:05:56] 652.3, 123.3, 5.327
[18:05:57] 652.8, 123.2, 5.310
[18:05:58] 653.2, 123.2, 5.323
[18:05:59] 653.5, 123.2, 5.299
[18:06:00] 653.7, 123.2, 5.331
[18:06:01] 653.7, 123.2, 5.286
[18:06:02] 653.6, 123.2, 5.297
[18:06:03] 654.1, 123.3, 5.313
[18:06:04] 654.1, 123.2, 5.406
[18:06:05] 661.7, 123.3, 5.298
[18:06:06] 651.8, 123.2, 5.283
[18:06:07] 652.0, 123.3, 5.405
[18:06:08] 652.5, 123.3, 5.285
[18:06:09] 652.7, 123.3, 5.316
[18:06:10] 652.6, 123.1, 5.427
[18:06:11] 666.6, 123.1, 5.320
[18:06:12] 657.3, 123.3, 5.130
[18:06:13] 635.3, 123.2, 5.134
[18:06:14] 634.9, 123.1, 5.162
[18:06:15] 634.8, 123.2, 5.154
[18:06:16] 634.6, 123.2, 5.152
[18:06:17] 634.5, 122.8, 7.057
[18:06:18] 729.2, 123.2, 5.126
[18:06:19] 632.1, 123.3, 5.124
[18:06:20] 632.0, 123.2, 5.127
[18:06:21] 632.0, 123.2, 5.121
[18:06:22] 632.0, 122.8, 7.095
[18:06:23] 724.1, 123.1, 5.124
[18:06:24] 631.9, 123.2, 5.121
[18:06:25] 631.8, 123.3, 5.120
[18:06:26] 631.8, 123.2, 5.123
[18:06:27] 631.8, 122.7, 7.113
[18:06:28] 721.1, 123.2, 5.126
[18:06:29] 631.7, 123.1, 5.128
[18:06:30] 631.6, 123.1, 5.123
[18:06:31] 631.6, 123.2, 5.120
[18:06:32] 631.5, 122.7, 7.134
[18:06:33] 715.2, 123.2, 5.121
[18:06:34] 631.5, 123.2, 5.120
[18:06:35] 631.5, 123.3, 5.116
[18:06:36] 631.4, 123.3, 5.115
[18:06:37] 631.4, 122.8, 7.431
[18:06:38] 751.4, 123.2, 5.127
[18:06:39] 631.9, 123.2, 5.116
[18:06:40] 631.8, 123.2, 5.115
[18:06:41] 631.7, 123.3, 5.115
[18:06:42] 631.6, 122.9, 6.254
[18:06:43] 786.3, 123.2, 5.148
[18:06:44] 671.3, 123.2, 5.129
[18:06:45] 632.1, 123.3, 5.120
[18:06:46] 632.0, 123.2, 5.122
[18:06:47] 631.9, 123.2, 5.119
[18:06:48] 697.9, 122.6, 7.455
[18:06:49] 864.2, 123.2, 5.128
[18:06:50] 632.3, 123.3, 5.127
[18:06:51] 632.2, 123.3, 5.120
[18:06:52] 632.1, 123.2, 5.118
[18:06:53] 632.0, 122.6, 7.023
[18:06:54] 821.1, 122.5, 7.929
[18:06:55] 937.8, 123.2, 5.136
[18:06:56] 632.3, 123.1, 5.133
[18:06:57] 632.3, 123.2, 5.124
[18:06:58] 632.2, 123.1, 5.124
[18:06:59] 632.1, 123.3, 5.121
[18:07:00] 733.1, 122.6, 7.921
[18:07:01] 972.3, 122.6, 7.935
[18:07:02] 972.4, 122.7, 7.180
[18:07:03] 797.7, 123.2, 5.135
[18:07:04] 633.3, 123.3, 5.124
[18:07:05] 633.1, 123.3, 5.145
[18:07:06] 633.1, 123.3, 5.142
[18:07:07] 633.0, 122.7, 7.860
[18:07:08] 897.9, 122.6, 7.919
[18:07:09] 972.1, 122.6, 7.935
[18:07:10] 972.2, 122.6, 7.945
[18:07:11] 972.6, 122.4, 7.951
[18:07:12] 972.9, 122.6, 7.232
[18:07:13] 810.5, 123.2, 5.140
[18:07:14] 634.1, 123.2, 5.137
[18:07:15] 634.0, 123.3, 5.130
[18:07:16] 633.8, 123.2, 5.128
[18:07:17] 633.7, 122.5, 7.776
[18:07:18] 867.4, 122.5, 7.927
[18:07:19] 972.7, 122.6, 7.942
[18:07:20] 972.9, 122.6, 7.946
[18:07:21] 973.2, 122.5, 7.954
[18:07:22] 973.6, 122.5, 7.957
[18:07:23] 973.9, 122.5, 7.961
[18:07:24] 974.3, 122.6, 7.968
[18:07:25] 974.7, 122.5, 7.970
[18:07:26] 975.0, 122.5, 7.980
[18:07:27] 975.5, 122.9, 7.128
[18:07:28] 802.8, 123.3, 5.149
[18:07:29] 634.9, 123.4, 5.137
[18:07:30] 634.8, 123.3, 5.134
[18:07:31] 634.6, 123.3, 5.129
