<<<[00:07:42] 644.3, 124.4, 5.177
[00:07:43] 644.3, 124.4, 5.175
[00:07:44] 644.3, 124.4, 5.177
[00:07:45] 651.2, 124.3, 5.356
[00:07:46] 669.9, 124.3, 5.328
[00:07:47] 664.6, 124.2, 5.398
[00:07:48] 665.0, 124.3, 5.356
[00:07:49] 665.2, 124.3, 5.351
[00:07:50] 665.5, 124.4, 5.334
[00:07:51] 665.4, 124.4, 5.391
[00:07:52] 665.5, 124.4, 5.359
[00:07:53] 665.8, 124.3, 5.305
[00:07:54] 666.1, 124.3, 5.346
[00:07:55] 666.0, 124.3, 5.400
[00:07:56] 666.2, 124.3, 5.372
[00:07:57] 666.1, 124.4, 5.311
[00:07:58] 666.2, 124.4, 5.413
[00:07:59] 673.7, 124.4, 5.318
[00:08:00] 664.8, 124.4, 5.311
[00:08:01] 664.5, 124.4, 5.334
[00:08:02] 664.6, 124.4, 5.315
[00:08:03] 664.4, 124.3, 5.434
[00:08:04] 664.9, 124.4, 5.305
[00:08:05] 664.6, 124.2, 5.321
[00:08:06] 664.7, 124.4, 5.305
[00:08:07] 664.4, 124.3, 5.315
[00:08:08] 664.9, 124.3, 5.416
[00:08:09] 670.1, 124.2, 5.302
[00:08:10] 662.3, 124.3, 5.302
[00:08:11] 662.5, 124.3, 5.332
[00:08:12] 662.3, 124.3, 5.298
[00:08:13] 662.3, 124.3, 5.436
[00:08:14] 668.2, 124.4, 5.318
[00:08:15] 661.9, 124.4, 5.297
[00:08:16] 662.2, 124.4, 5.303
[00:08:17] 662.2, 124.3, 5.303
[00:08:18] 662.5, 124.3, 5.427
[00:08:19] 675.6, 124.3, 5.299
[00:08:20] 659.3, 124.4, 5.204
[00:08:21] 647.3, 124.4, 5.180
[00:08:22] 646.8, 124.4, 5.165
[00:08:23] 646.4, 124.4, 5.165
[00:08:24] 646.0, 123.9, 7.033
[00:08:25] 741.8, 124.3, 5.169
[00:08:26] 643.7, 124.4, 5.166
[00:08:27] 643.6, 124.5, 5.163
[00:08:28] 643.6, 124.4, 5.163
[00:08:29] 643.5, 123.9, 6.999
[00:08:30] 732.7, 124.4, 5.166
[00:08:31] 643.4, 124.4, 5.169
[00:08:32] 643.4, 124.4, 5.161
[00:08:33] 643.3, 124.3, 5.162
[00:08:34] 643.3, 123.9, 6.960
[00:08:35] 722.7, 124.3, 5.165
[00:08:36] 643.4, 124.4, 5.163
[00:08:37] 643.3, 124.3, 5.162
[00:08:38] 643.2, 124.3, 5.161
[00:08:39] 643.2, 124.2, 5.487
[00:08:40] 757.5, 124.4, 5.168
[00:08:41] 653.4, 124.5, 5.162
[00:08:42] 643.2, 124.5, 5.160
[00:08:43] 643.1, 124.5, 5.156
[00:08:44] 643.1, 124.4, 5.162
[00:08:45] 723.1, 123.9, 7.038
[00:08:46] 776.8, 124.5, 5.165
[00:08:47] 643.4, 124.5, 5.161
[00:08:48] 643.3, 124.4, 5.161
[00:08:49] 643.3, 124.4, 5.165
[00:08:50] 643.2, 123.9, 7.511
[00:08:51] 891.2, 124.4, 5.378
[00:08:52] 723.5, 124.4, 5.163
[00:08:53] 643.2, 124.4, 5.166
[00:08:54] 643.2, 124.4, 5.163
[00:08:55] 643.2, 124.3, 5.164
[00:08:56] 655.2, 123.8, 7.524
[00:08:57] 932.7, 123.8, 7.531
[00:08:58] 899.4, 124.3, 5.176
[00:08:59] 643.9, 124.4, 5.168
[00:09:00] 643.8, 124.4, 5.170
[00:09:01] 643.8, 124.3, 5.165
[00:09:02] 643.7, 124.4, 5.163
[00:09:03] 757.5, 123.8, 7.532
[00:09:04] 933.7, 123.8, 7.539
[00:09:05] 933.8, 123.8, 7.546
[00:09:06] 933.3, 124.4, 5.198
[00:09:07] 678.4, 124.4, 5.174
[00:09:08] 644.1, 124.4, 5.167
[00:09:09] 644.0, 124.5, 5.164
[00:09:10] 643.9, 124.4, 5.164
[00:09:11] 677.2, 123.9, 7.521
[00:09:12] 932.9, 123.8, 7.536
[00:09:13] 933.0, 123.9, 7.548
[00:09:14] 933.4, 123.8, 7.557
[00:09:15] 933.8, 123.8, 7.560
[00:09:16] 934.2, 123.8, 7.566
[00:09:17] 934.6, 123.8, 7.326
[00:09:18] 849.2, 124.5, 5.186
[00:09:19] 646.1, 124.4, 5.177
[00:09:20] 645.8, 124.4, 5.172
[00:09:21] 645.6, 124.4, 5.168
[00:09:22] 645.4, 123.9, 6.832
[00:09:23] 808.1, 123.9, 7.534
[00:09:24] 934.3, 123.8, 7.548
[00:09:25] 934.5, 123.9, 7.555
[00:09:26] 934.8, 123.8, 7.561
[00:09:27] 935.2, 123.9, 7.570
[00:09:28] 935.6, 123.8, 7.571
[00:09:29] 935.9, 123.8, 7.576
[00:09:30] 936.3, 123.7, 7.574
[00:09:31] 936.7, 123.8, 7.575
[00:09:32] 937.0, 123.7, 7.584
[00:09:33] 937.4, 123.8, 7.585
[00:09:34] 937.7, 123.7, 7.584
[00:09:35] 938.0, 123.8, 7.585
[00:09:36] 807.1, 124.4, 5.190
[00:09:37] 646.3, 124.4, 5.189
[00:09:38] 646.2, 124.3, 5.180
[00:09:39] 646.0, 124.3, 5.176
