<<<[15:00:52] 640.8, 122.7, 5.199
[15:00:53] 640.6, 122.7, 5.200
[15:00:54] 640.3, 122.6, 5.199
[15:00:55] 682.7, 122.3, 6.648
[15:00:56] 814.4, 122.2, 6.665
[15:00:57] 814.5, 122.3, 6.667
[15:00:58] 814.7, 122.3, 6.669
[15:00:59] 815.1, 122.3, 6.670
[15:01:00] 815.3, 122.3, 6.668
[15:01:01] 815.6, 122.3, 6.672
[15:01:02] 815.9, 122.4, 6.681
[15:01:03] 816.2, 122.4, 6.673
[15:01:04] 816.4, 122.4, 6.677
[15:01:05] 816.6, 122.3, 6.761
[15:01:06] 823.7, 122.2, 7.274
[15:01:07] 780.0, 122.7, 5.372
[15:01:08] 659.5, 122.7, 5.243
[15:01:09] 644.7, 122.8, 5.246
[15:01:10] 644.6, 122.7, 5.216
[15:01:11] 644.2, 122.3, 7.193
[15:01:12] 723.1, 122.8, 5.194
[15:01:13] 638.2, 122.8, 5.189
[15:01:14] 638.2, 122.8, 5.193
[15:01:15] 638.1, 122.8, 5.182
[15:01:16] 638.1, 122.3, 7.182
[15:01:17] 720.1, 122.7, 5.185
[15:01:18] 637.6, 122.8, 5.183
[15:01:19] 637.5, 122.8, 5.180
[15:01:20] 637.4, 122.7, 5.182
[15:01:21] 637.4, 122.3, 7.185
[15:01:22] 715.8, 122.8, 5.182
[15:01:23] 637.1, 122.7, 5.183
[15:01:24] 637.0, 122.6, 5.193
[15:01:25] 637.1, 122.7, 5.199
[15:01:26] 637.2, 122.1, 7.407
[15:01:27] 755.9, 122.6, 5.202
[15:01:28] 638.0, 122.6, 5.196
[15:01:29] 638.0, 122.6, 5.196
[15:01:30] 638.0, 122.6, 5.195
[15:01:31] 638.1, 122.1, 6.838
[15:01:32] 789.2, 122.7, 5.213
[15:01:33] 638.4, 122.7, 5.191
[15:01:34] 638.3, 122.7, 5.189
[15:01:35] 638.2, 122.7, 5.193
[15:01:36] 638.2, 122.7, 5.191
[15:01:37] 736.3, 122.2, 7.244
[15:01:38] 800.4, 122.8, 5.208
[15:01:39] 639.0, 122.8, 5.199
[15:01:40] 638.9, 122.8, 5.188
[15:01:41] 638.7, 122.8, 5.190
[15:01:42] 638.6, 122.1, 8.023
[15:01:43] 907.9, 122.3, 7.242
[15:01:44] 802.2, 122.8, 5.193
[15:01:45] 638.2, 122.7, 5.205
[15:01:46] 638.1, 122.7, 5.189
[15:01:47] 638.0, 122.7, 5.187
[15:01:48] 637.9, 121.9, 7.983
[15:01:49] 906.7, 122.0, 8.062
[15:01:50] 985.9, 122.2, 7.262
[15:01:51] 804.8, 122.7, 5.195
[15:01:52] 638.4, 122.7, 5.190
[15:01:53] 638.3, 122.7, 5.188
[15:01:54] 638.3, 122.7, 5.180
[15:01:55] 638.0, 122.0, 7.996
[15:01:56] 902.2, 122.0, 8.061
[15:01:57] 986.6, 122.0, 8.076
[15:01:58] 986.6, 121.9, 8.091
[15:01:59] 986.9, 122.2, 7.283
[15:02:00] 808.9, 122.7, 5.209
[15:02:01] 640.6, 122.7, 5.202
[15:02:02] 640.4, 122.7, 5.198
[15:02:03] 640.2, 122.7, 5.202
[15:02:04] 640.0, 122.0, 7.952
[15:02:05] 897.3, 122.0, 8.078
[15:02:06] 986.4, 121.9, 8.096
[15:02:07] 986.6, 122.0, 8.070
[15:02:08] 986.9, 122.0, 8.097
[15:02:09] 987.3, 122.0, 8.119
[15:02:10] 987.8, 122.0, 8.131
[15:02:11] 988.3, 122.0, 8.122
[15:02:12] 988.7, 122.2, 7.340
[15:02:13] 816.6, 122.7, 5.218
[15:02:14] 640.6, 122.6, 5.217
[15:02:15] 640.5, 122.5, 5.208
[15:02:16] 640.4, 122.6, 5.201
[15:02:17] 640.1, 121.9, 7.939
[15:02:18] 883.9, 121.9, 8.062
[15:02:19] 988.0, 121.9, 8.086
[15:02:20] 988.1, 121.9, 8.114
[15:02:21] 988.4, 122.0, 8.120
[15:02:22] 988.8, 122.0, 8.118
[15:02:23] 989.2, 122.0, 8.106
[15:02:24] 989.4, 122.0, 8.128
[15:02:25] 989.6, 122.0, 8.105
[15:02:26] 989.9, 122.0, 8.138
[15:02:27] 990.3, 122.0, 8.102
[15:02:28] 990.7, 122.0, 8.144
[15:02:29] 991.0, 122.0, 8.092
[15:02:30] 991.0, 122.0, 8.117
[15:02:31] 991.4, 122.0, 8.140
[15:02:32] 991.7, 122.0, 8.130
[15:02:33] 992.0, 122.6, 5.958
[15:02:34] 780.4, 122.7, 5.225
[15:02:35] 642.4, 122.7, 5.222
[15:02:36] 642.3, 122.7, 5.214
[15:02:37] 642.1, 122.7, 5.217
