<<<[15:35:32] 641.3, 122.3, 5.224
[15:35:33] 641.1, 122.4, 5.216
[15:35:34] 641.0, 122.4, 5.215
[15:35:35] 674.8, 122.0, 6.828
[15:35:36] 835.1, 122.1, 6.839
[15:35:37] 835.3, 122.1, 6.846
[15:35:38] 835.5, 122.1, 6.857
[15:35:39] 835.9, 122.1, 6.859
[15:35:40] 836.2, 122.0, 6.859
[15:35:41] 836.5, 122.0, 6.865
[15:35:42] 836.9, 122.0, 6.867
[15:35:43] 837.2, 122.1, 6.870
[15:35:44] 837.4, 122.1, 6.900
[15:35:45] 843.5, 122.1, 6.897
[15:35:46] 843.4, 122.0, 6.901
[15:35:47] 843.4, 122.0, 6.901
[15:35:48] 843.5, 122.0, 6.900
[15:35:49] 843.5, 122.1, 6.897
[15:35:50] 843.6, 122.1, 6.901
[15:35:51] 843.7, 122.1, 6.899
[15:35:52] 843.7, 122.0, 6.903
[15:35:53] 843.7, 122.0, 6.906
[15:35:54] 843.8, 122.0, 6.912
[15:35:55] 843.8, 122.0, 6.907
[15:35:56] 843.9, 122.0, 6.911
[15:35:57] 843.9, 122.0, 6.910
[15:35:58] 844.0, 122.0, 6.910
[15:35:59] 844.0, 121.9, 6.911
[15:36:00] 844.0, 122.0, 6.910
[15:36:01] 844.0, 121.9, 6.911
[15:36:02] 844.1, 121.9, 6.909
[15:36:03] 844.1, 121.9, 6.912
[15:36:04] 844.2, 121.9, 6.916
[15:36:05] 844.2, 122.0, 6.915
[15:36:06] 844.2, 122.0, 6.914
[15:36:07] 844.2, 121.9, 6.917
[15:36:08] 844.3, 121.9, 6.916
[15:36:09] 844.3, 121.9, 6.916
[15:36:10] 844.3, 122.1, 6.905
[15:36:11] 844.4, 122.1, 6.909
[15:36:12] 844.4, 122.0, 6.912
[15:36:13] 844.4, 121.9, 6.911
[15:36:14] 844.4, 121.9, 6.912
[15:36:15] 844.4, 122.0, 6.908
[15:36:16] 844.4, 122.0, 6.910
[15:36:17] 844.5, 122.1, 6.909
[15:36:18] 844.5, 122.1, 6.914
[15:36:19] 844.5, 122.0, 6.909
[15:36:20] 844.5, 121.9, 6.910
[15:36:21] 844.5, 122.0, 6.910
[15:36:22] 844.5, 122.0, 6.915
[15:36:23] 844.5, 122.0, 6.907
[15:36:24] 844.5, 122.0, 6.914
[15:36:25] 844.6, 122.0, 6.907
[15:36:26] 844.6, 122.0, 6.908
[15:36:27] 844.6, 122.0, 6.911
[15:36:28] 844.6, 122.0, 6.908
[15:36:29] 844.6, 121.9, 6.912
[15:36:30] 844.6, 121.9, 6.908
[15:36:31] 844.6, 122.1, 6.907
[15:36:32] 844.6, 122.0, 6.917
[15:36:33] 844.7, 122.1, 6.912
[15:36:34] 844.7, 122.0, 6.915
[15:36:35] 844.7, 122.0, 6.910
[15:36:36] 844.7, 122.0, 6.913
[15:36:37] 844.8, 122.0, 6.908
[15:36:38] 844.8, 122.0, 6.916
[15:36:39] 844.8, 122.1, 6.914
[15:36:40] 844.8, 122.1, 6.909
[15:36:41] 844.8, 122.0, 6.917
[15:36:42] 844.8, 122.0, 6.917
[15:36:43] 844.9, 122.0, 6.912
[15:36:44] 844.9, 121.9, 6.915
[15:36:45] 844.9, 122.0, 6.918
[15:36:46] 844.9, 122.0, 6.923
[15:36:47] 845.0, 121.9, 6.913
[15:36:48] 845.0, 121.9, 6.915
[15:36:49] 845.0, 121.9, 6.922
[15:36:50] 845.0, 122.0, 6.921
[15:36:51] 845.0, 122.0, 6.921
[15:36:52] 845.0, 121.9, 6.915
[15:36:53] 845.0, 122.0, 6.915
[15:36:54] 845.0, 121.9, 6.920
[15:36:55] 845.1, 122.0, 6.918
[15:36:56] 845.1, 122.0, 6.922
[15:36:57] 845.1, 122.0, 6.914
[15:36:58] 845.1, 122.0, 6.913
[15:36:59] 845.1, 122.0, 6.909
[15:37:00] 845.1, 122.1, 6.911
[15:37:01] 845.1, 122.1, 6.886
[15:37:02] 844.7, 122.0, 6.893
[15:37:03] 844.3, 122.0, 6.883
[15:37:04] 844.0, 121.9, 6.885
[15:37:05] 843.7, 122.0, 6.889
[15:37:06] 843.5, 122.0, 6.889
[15:37:07] 843.2, 122.1, 6.889
[15:37:08] 843.1, 122.0, 6.883
[15:37:09] 842.9, 122.0, 6.887
[15:37:10] 842.8, 122.0, 6.881
[15:37:11] 842.6, 122.0, 6.889
[15:37:12] 842.6, 122.1, 6.887
[15:37:13] 842.5, 122.0, 6.879
[15:37:14] 842.4, 122.0, 6.890
[15:37:15] 842.3, 122.1, 6.885
[15:37:16] 842.2, 122.1, 6.882
[15:37:17] 842.2, 122.0, 6.885
[15:37:18] 842.2, 122.0, 6.883
[15:37:19] 842.1, 122.1, 6.884
[15:37:20] 842.1, 122.1, 6.879
[15:37:21] 842.0, 122.0, 6.888
[15:37:22] 842.0, 122.0, 6.881
[15:37:23] 842.0, 122.1, 6.887
[15:37:24] 842.0, 122.1, 6.890
[15:37:25] 842.0, 122.0, 6.882
[15:37:26] 841.9, 121.9, 6.891
[15:37:27] 841.9, 121.9, 6.885
[15:37:28] 841.9, 122.0, 6.890
[15:37:29] 841.9, 122.1, 6.881
[15:37:30] 841.9, 122.0, 6.886
[15:37:31] 841.9, 122.0, 6.891
[15:37:32] 841.9, 122.0, 6.882
[15:37:33] 841.9, 122.0, 6.892
[15:37:34] 841.9, 122.0, 6.886
[15:37:35] 841.9, 122.0, 6.887
[15:37:36] 841.9, 122.0, 6.837
[15:37:37] 833.1, 122.2, 6.732
[15:37:38] 822.5, 122.2, 6.541
[15:37:39] 800.8, 121.9, 7.439
[15:37:40] 800.7, 122.4, 5.415
[15:37:41] 663.0, 122.3, 5.371
[15:37:42] 657.9, 122.4, 5.361
[15:37:43] 657.5, 122.5, 5.221
[15:37:44] 641.0, 121.9, 7.038
[15:37:45] 779.2, 122.4, 5.231
[15:37:46] 647.7, 122.5, 5.221
[15:37:47] 640.0, 122.4, 5.219
[15:37:48] 639.9, 122.5, 5.227
[15:37:49] 640.0, 122.5, 5.222
[15:37:50] 746.7, 122.3, 6.125
[15:37:51] 754.4, 122.4, 5.234
[15:37:52] 640.8, 122.5, 5.218
[15:37:53] 640.6, 122.4, 5.212
[15:37:54] 640.5, 122.4, 5.211
[15:37:55] 640.3, 121.8, 7.704
[15:37:56] 915.4, 122.4, 5.295
[15:37:57] 700.8, 122.4, 5.227
[15:37:58] 639.8, 122.4, 5.212
[15:37:59] 639.6, 122.4, 5.212
[15:38:00] 639.5, 122.4, 5.206
[15:38:01] 648.9, 121.7, 7.718
[15:38:02] 942.4, 121.7, 7.739
[15:38:03] 928.6, 122.4, 5.230
[15:38:04] 652.4, 122.4, 5.224
[15:38:05] 640.2, 122.4, 5.222
[15:38:06] 640.2, 122.4, 5.218
[15:38:07] 640.1, 122.3, 5.219
[15:38:08] 723.5, 121.7, 7.728
[15:38:09] 942.2, 121.7, 7.746
[15:38:10] 942.4, 121.7, 7.750
[15:38:11] 942.9, 122.2, 6.246
[15:38:12] 767.0, 122.4, 5.232
[15:38:13] 641.2, 122.4, 5.224
[15:38:14] 641.1, 122.4, 5.222
[15:38:15] 641.0, 122.4, 5.222
[15:38:16] 640.8, 121.9, 7.651
[15:38:17] 870.3, 121.8, 7.744
[15:38:18] 943.5, 121.8, 7.739
[15:38:19] 943.7, 121.8, 7.731
[15:38:20] 943.9, 121.8, 7.764
[15:38:21] 944.2, 121.8, 7.745
[15:38:22] 944.6, 121.8, 7.757
[15:38:23] 944.9, 121.9, 7.333
[15:38:24] 820.9, 122.4, 5.226
[15:38:25] 640.8, 122.4, 5.219
[15:38:26] 640.7, 122.4, 5.218
[15:38:27] 640.5, 122.4, 5.209
[15:38:28] 640.2, 121.9, 7.637
[15:38:29] 858.9, 121.9, 7.720
[15:38:30] 944.3, 121.9, 7.755
[15:38:31] 944.3, 121.8, 7.744
[15:38:32] 944.5, 121.8, 7.754
[15:38:33] 944.8, 121.9, 7.747
[15:38:34] 945.0, 121.9, 7.752
[15:38:35] 945.2, 121.8, 7.781
[15:38:36] 945.6, 121.9, 7.781
[15:38:37] 946.0, 121.8, 7.777
[15:38:38] 946.3, 121.9, 7.777
[15:38:39] 946.5, 121.8, 7.767
[15:38:40] 946.7, 121.8, 7.776
[15:38:41] 947.0, 121.9, 7.775
[15:38:42] 947.3, 122.5, 5.638
[15:38:43] 750.6, 122.5, 5.237
[15:38:44] 641.4, 122.5, 5.224
[15:38:45] 641.2, 122.4, 5.232
[15:38:46] 641.2, 122.5, 5.223
