<<<[15:10:17] 641.4, 122.7, 5.202
[15:10:18] 641.1, 122.7, 5.208
[15:10:19] 640.9, 122.6, 5.208
[15:10:20] 706.9, 122.3, 6.689
[15:10:21] 819.1, 122.2, 6.703
[15:10:22] 819.2, 122.3, 6.711
[15:10:23] 819.4, 122.3, 6.711
[15:10:24] 819.7, 122.2, 6.715
[15:10:25] 820.0, 122.2, 6.719
[15:10:26] 820.2, 122.2, 6.723
[15:10:27] 820.5, 122.2, 6.719
[15:10:28] 820.8, 122.2, 6.722
[15:10:29] 821.0, 122.2, 6.730
[15:10:30] 821.2, 122.1, 6.726
[15:10:31] 821.4, 122.1, 6.730
[15:10:32] 821.6, 122.2, 6.733
[15:10:33] 821.8, 122.1, 6.733
[15:10:34] 822.0, 122.2, 6.732
[15:10:35] 822.2, 122.1, 6.729
[15:10:36] 822.3, 122.2, 6.728
[15:10:37] 822.4, 122.1, 6.732
[15:10:38] 822.5, 122.2, 6.731
[15:10:39] 822.6, 122.2, 6.730
[15:10:40] 822.8, 122.3, 6.731
[15:10:41] 822.9, 122.2, 6.731
[15:10:42] 823.0, 122.3, 6.723
[15:10:43] 823.0, 122.2, 6.724
[15:10:44] 823.1, 122.3, 6.727
[15:10:45] 823.1, 122.2, 6.729
[15:10:46] 823.2, 122.3, 6.725
[15:10:47] 823.3, 122.2, 6.730
[15:10:48] 823.4, 122.2, 6.734
[15:10:49] 823.1, 122.1, 6.798
[15:10:50] 822.7, 122.5, 5.442
[15:10:51] 714.2, 122.5, 5.316
[15:10:52] 651.4, 122.6, 5.215
[15:10:53] 640.0, 122.5, 5.220
[15:10:54] 639.9, 122.6, 5.214
[15:10:55] 639.9, 122.4, 6.061
[15:10:56] 748.1, 122.6, 5.202
[15:10:57] 638.8, 122.6, 5.237
[15:10:58] 639.1, 122.7, 5.196
[15:10:59] 639.0, 122.6, 5.195
[15:11:00] 638.9, 122.6, 6.113
[15:11:01] 740.8, 122.5, 5.200
[15:11:02] 637.6, 122.6, 5.197
[15:11:03] 637.6, 122.7, 5.193
[15:11:04] 637.5, 122.6, 5.198
[15:11:05] 637.6, 122.1, 7.266
[15:11:06] 776.2, 122.7, 5.195
[15:11:07] 637.5, 122.6, 5.197
[15:11:08] 637.5, 122.7, 5.201
[15:11:09] 637.6, 122.6, 5.207
[15:11:10] 637.6, 121.9, 7.706
[15:11:11] 833.5, 122.7, 5.210
[15:11:12] 651.4, 122.6, 5.193
[15:11:13] 637.6, 122.6, 5.221
[15:11:14] 637.9, 122.7, 5.191
[15:11:15] 637.9, 122.7, 5.186
[15:11:16] 743.0, 122.0, 7.363
[15:11:17] 831.9, 122.7, 5.214
[15:11:18] 638.8, 122.7, 5.207
[15:11:19] 638.9, 122.6, 5.199
[15:11:20] 638.8, 122.6, 5.199
[15:11:21] 638.7, 122.1, 7.560
[15:11:22] 843.3, 122.0, 7.888
[15:11:23] 950.6, 122.6, 5.217
[15:11:24] 654.8, 122.6, 5.217
[15:11:25] 639.6, 122.6, 5.212
[15:11:26] 639.5, 122.6, 5.204
[15:11:27] 639.3, 122.6, 5.200
[15:11:28] 707.5, 121.9, 7.932
[15:11:29] 967.5, 122.0, 7.896
[15:11:30] 968.0, 122.0, 7.945
[15:11:31] 905.2, 122.6, 5.209
[15:11:32] 639.2, 122.6, 5.211
[15:11:33] 639.1, 122.7, 5.195
[15:11:34] 638.9, 122.7, 5.191
[15:11:35] 638.8, 122.7, 5.192
[15:11:36] 766.8, 121.9, 7.956
[15:11:37] 968.3, 122.1, 7.922
[15:11:38] 968.2, 122.1, 7.965
[15:11:39] 968.3, 121.9, 8.002
[15:11:40] 975.4, 121.9, 7.947
[15:11:41] 975.0, 122.2, 7.317
[15:11:42] 832.9, 122.6, 5.215
[15:11:43] 640.6, 122.6, 5.201
[15:11:44] 640.3, 122.7, 5.200
[15:11:45] 640.1, 122.6, 5.199
[15:11:46] 639.9, 122.1, 7.812
[15:11:47] 871.3, 122.0, 7.940
[15:11:48] 970.5, 122.0, 7.933
[15:11:49] 970.6, 122.0, 7.950
[15:11:50] 970.7, 121.9, 7.925
[15:11:51] 971.0, 122.0, 7.974
[15:11:52] 971.2, 121.9, 7.970
[15:11:53] 971.7, 121.9, 7.970
[15:11:54] 972.0, 121.9, 7.971
[15:11:55] 972.1, 122.0, 7.956
[15:11:56] 972.6, 122.0, 7.946
[15:11:57] 972.8, 121.8, 8.020
[15:11:58] 850.4, 122.6, 5.233
[15:11:59] 642.2, 122.5, 5.224
[15:12:00] 642.0, 122.7, 5.218
[15:12:01] 641.8, 122.5, 5.214
[15:12:02] 641.5, 122.7, 5.210
