<<<[15:30:12] 641.2, 122.4, 5.212
[15:30:13] 641.0, 122.5, 5.212
[15:30:14] 640.8, 122.3, 6.155
[15:30:15] 739.0, 122.2, 6.732
[15:30:16] 823.7, 122.1, 6.743
[15:30:17] 823.8, 122.1, 6.750
[15:30:18] 824.0, 122.1, 6.753
[15:30:19] 824.3, 122.1, 6.759
[15:30:20] 824.6, 122.1, 6.763
[15:30:21] 824.9, 122.2, 6.760
[15:30:22] 825.2, 122.1, 6.768
[15:30:23] 825.5, 122.1, 6.766
[15:30:24] 825.7, 122.0, 6.777
[15:30:25] 826.0, 122.0, 6.775
[15:30:26] 826.3, 122.0, 6.776
[15:30:27] 826.5, 121.9, 6.779
[15:30:28] 826.7, 121.9, 6.779
[15:30:29] 826.8, 122.0, 6.778
[15:30:30] 827.0, 122.0, 6.777
[15:30:31] 827.1, 122.0, 6.777
[15:30:32] 827.3, 122.0, 6.777
[15:30:33] 827.4, 122.0, 6.777
[15:30:34] 827.5, 121.9, 6.782
[15:30:35] 827.6, 122.0, 6.778
[15:30:36] 827.7, 122.0, 6.775
[15:30:37] 827.8, 122.0, 6.778
[15:30:38] 827.9, 122.0, 6.779
[15:30:39] 828.0, 122.1, 6.774
[15:30:40] 828.1, 122.1, 6.777
[15:30:41] 828.2, 122.1, 6.784
[15:30:42] 828.3, 122.1, 6.783
[15:30:43] 828.3, 122.1, 6.779
[15:30:44] 828.4, 122.2, 6.779
[15:30:45] 828.5, 122.1, 6.775
[15:30:46] 828.5, 122.1, 6.778
[15:30:47] 828.6, 122.1, 6.779
[15:30:48] 828.6, 122.0, 6.779
[15:30:49] 828.6, 122.0, 6.778
[15:30:50] 828.7, 122.0, 6.784
[15:30:51] 828.7, 122.0, 6.782
[15:30:52] 828.7, 121.9, 6.789
[15:30:53] 828.7, 121.9, 6.782
[15:30:54] 828.8, 121.9, 6.784
[15:30:55] 828.8, 121.9, 6.784
[15:30:56] 828.8, 121.9, 6.791
[15:30:57] 828.8, 122.0, 6.785
[15:30:58] 828.9, 122.0, 6.794
[15:30:59] 828.9, 122.0, 6.784
[15:31:00] 828.9, 122.0, 6.785
[15:31:01] 829.0, 121.9, 6.783
[15:31:02] 829.0, 122.0, 6.784
[15:31:03] 829.0, 122.1, 6.785
[15:31:04] 829.1, 122.0, 6.786
[15:31:05] 829.1, 121.9, 6.785
[15:31:06] 829.1, 122.0, 6.782
[15:31:07] 829.1, 122.0, 6.782
[15:31:08] 829.1, 122.0, 6.781
[15:31:09] 829.1, 122.0, 6.790
[15:31:10] 829.2, 122.0, 6.790
[15:31:11] 829.2, 122.0, 6.792
[15:31:12] 829.3, 121.8, 6.796
[15:31:13] 829.3, 121.9, 6.788
[15:31:14] 829.3, 122.0, 6.788
[15:31:15] 829.4, 122.0, 6.793
[15:31:16] 829.4, 122.0, 6.785
[15:31:17] 829.4, 122.1, 6.782
[15:31:18] 829.4, 122.0, 6.783
[15:31:19] 829.4, 121.9, 6.791
[15:31:20] 829.4, 121.9, 6.784
[15:31:21] 829.4, 122.0, 6.788
[15:31:22] 829.4, 122.0, 6.784
[15:31:23] 829.4, 122.0, 6.787
[15:31:24] 829.4, 122.0, 6.790
[15:31:25] 829.4, 121.9, 6.785
[15:31:26] 829.5, 122.0, 6.786
[15:31:27] 829.4, 122.1, 6.786
[15:31:28] 829.4, 121.9, 6.787
[15:31:29] 829.4, 122.0, 6.783
[15:31:30] 829.5, 122.1, 6.783
[15:31:31] 829.5, 122.1, 6.785
[15:31:32] 829.4, 122.0, 6.785
[15:31:33] 829.5, 122.0, 6.784
[15:31:34] 829.5, 122.0, 6.787
[15:31:35] 829.5, 122.0, 6.784
[15:31:36] 829.5, 122.0, 6.782
[15:31:37] 829.5, 121.9, 6.786
[15:31:38] 829.5, 122.0, 6.784
[15:31:39] 829.5, 122.0, 6.779
[15:31:40] 829.4, 121.9, 6.764
[15:31:41] 819.5, 122.0, 6.611
[15:31:42] 807.7, 122.1, 6.528
[15:31:43] 807.1, 122.2, 6.321
[15:31:44] 779.8, 122.1, 6.316
[15:31:45] 794.1, 122.4, 5.423
[15:31:46] 709.9, 122.3, 5.314
[15:31:47] 651.2, 122.4, 5.267
[15:31:48] 645.3, 122.4, 5.245
[15:31:49] 645.1, 122.4, 5.245
[15:31:50] 644.6, 122.4, 6.006
[15:31:51] 749.1, 122.5, 5.233
[15:31:52] 640.8, 122.4, 5.226
[15:31:53] 640.8, 122.4, 5.219
[15:31:54] 640.7, 122.5, 5.222
[15:31:55] 640.7, 121.9, 7.667
[15:31:56] 811.3, 122.4, 5.220
[15:31:57] 640.4, 122.4, 5.218
[15:31:58] 640.3, 122.4, 5.218
[15:31:59] 640.3, 122.5, 5.216
[15:32:00] 640.2, 122.4, 5.217
[15:32:01] 769.1, 121.9, 7.304
[15:32:02] 812.0, 122.3, 5.224
[15:32:03] 640.4, 122.3, 5.219
[15:32:04] 640.3, 122.3, 5.236
[15:32:05] 640.2, 122.3, 5.219
[15:32:06] 640.1, 121.8, 7.571
[15:32:07] 853.4, 121.8, 7.702
[15:32:08] 925.0, 122.4, 5.243
[15:32:09] 650.0, 122.4, 5.221
[15:32:10] 640.6, 122.4, 5.214
[15:32:11] 640.5, 122.4, 5.217
[15:32:12] 640.4, 122.4, 5.214
[15:32:13] 725.0, 121.9, 7.675
[15:32:14] 938.6, 121.8, 7.700
[15:32:15] 938.8, 121.7, 7.700
[15:32:16] 878.6, 122.4, 5.229
[15:32:17] 641.0, 122.4, 5.223
[15:32:18] 640.9, 122.5, 5.216
[15:32:19] 640.8, 122.4, 5.218
[15:32:20] 640.7, 122.4, 5.211
[15:32:21] 767.2, 121.8, 7.694
[15:32:22] 938.8, 121.8, 7.705
[15:32:23] 939.0, 121.8, 7.729
[15:32:24] 939.4, 121.7, 7.736
[15:32:25] 939.8, 121.7, 7.734
[15:32:26] 940.2, 121.8, 7.332
[15:32:27] 816.2, 122.3, 5.234
[15:32:28] 641.4, 122.4, 5.225
[15:32:29] 641.3, 122.3, 5.226
[15:32:30] 641.1, 122.3, 5.220
[15:32:31] 640.9, 121.7, 7.585
[15:32:32] 853.6, 121.7, 7.696
[15:32:33] 939.4, 121.8, 7.719
[15:32:34] 939.7, 121.8, 7.725
[15:32:35] 940.1, 121.8, 7.722
[15:32:36] 940.5, 121.8, 7.732
[15:32:37] 940.9, 121.9, 7.740
[15:32:39] 941.4, 121.8, 7.749
[15:32:40] 941.8, 121.9, 7.772
[15:32:41] 942.1, 121.9, 7.736
[15:32:42] 942.4, 121.8, 7.731
[15:32:43] 942.6, 121.8, 7.747
[15:32:44] 859.5, 122.4, 5.240
[15:32:45] 642.8, 122.4, 5.229
[15:32:46] 642.5, 122.4, 5.230
[15:32:47] 642.3, 122.4, 5.228
