<<<[15:02:41] 641.3, 122.7, 5.201
[15:02:42] 641.0, 122.8, 5.200
[15:02:43] 640.8, 122.8, 5.201
[15:02:44] 704.0, 122.4, 6.737
[15:02:45] 825.4, 122.4, 6.745
[15:02:46] 825.5, 122.3, 6.756
[15:02:47] 825.7, 122.3, 6.764
[15:02:48] 826.1, 122.2, 6.763
[15:02:49] 826.4, 122.2, 6.768
[15:02:50] 826.6, 122.2, 6.767
[15:02:51] 827.0, 122.3, 6.766
[15:02:52] 827.3, 122.3, 6.772
[15:02:53] 827.5, 122.3, 6.774
[15:02:54] 827.7, 122.4, 6.769
[15:02:55] 828.0, 122.4, 6.771
[15:02:56] 828.2, 122.3, 6.764
[15:02:57] 828.4, 122.3, 6.771
[15:02:58] 828.6, 122.3, 6.838
[15:02:59] 838.0, 122.7, 6.304
[15:03:00] 765.6, 122.8, 5.349
[15:03:01] 657.1, 122.8, 5.338
[15:03:02] 656.9, 122.7, 5.293
[15:03:03] 651.6, 122.7, 5.219
[15:03:04] 642.0, 122.5, 6.202
[15:03:05] 734.7, 122.7, 5.200
[15:03:06] 638.8, 122.8, 5.195
[15:03:07] 638.8, 122.6, 5.194
[15:03:08] 638.7, 122.7, 5.189
[15:03:09] 638.6, 122.6, 6.248
[15:03:10] 731.7, 122.8, 5.193
[15:03:11] 638.2, 122.7, 5.187
[15:03:12] 638.2, 122.7, 5.188
[15:03:13] 638.3, 122.8, 5.192
[15:03:14] 638.3, 122.6, 6.307
[15:03:15] 727.4, 122.7, 5.194
[15:03:16] 638.4, 122.6, 5.189
[15:03:17] 638.3, 122.8, 5.189
[15:03:18] 638.2, 122.7, 5.195
[15:03:19] 638.3, 122.2, 7.307
[15:03:20] 766.8, 122.7, 5.192
[15:03:21] 638.0, 122.7, 5.192
[15:03:22] 637.9, 122.7, 5.192
[15:03:23] 637.9, 122.7, 5.189
[15:03:24] 637.9, 122.0, 7.831
[15:03:25] 795.7, 122.6, 5.190
[15:03:26] 637.8, 122.7, 5.186
[15:03:27] 637.7, 122.7, 5.186
[15:03:28] 637.6, 122.7, 5.187
[15:03:29] 637.6, 122.6, 5.185
[15:03:30] 760.1, 122.4, 6.477
[15:03:31] 781.7, 122.6, 5.192
[15:03:32] 637.6, 122.6, 5.196
[15:03:33] 637.6, 122.6, 5.185
[15:03:34] 637.6, 122.8, 5.183
[15:03:35] 637.5, 122.1, 8.076
[15:03:36] 904.2, 122.2, 7.540
[15:03:37] 853.4, 122.7, 5.199
[15:03:38] 638.8, 122.7, 5.190
[15:03:39] 638.7, 122.8, 5.189
[15:03:40] 638.5, 122.7, 5.205
[15:03:41] 638.5, 122.1, 7.334
[15:03:42] 842.0, 122.0, 8.178
[15:03:43] 999.0, 121.9, 8.192
[15:03:44] 974.4, 122.8, 5.217
[15:03:45] 659.5, 122.7, 5.200
[15:03:46] 639.2, 122.8, 5.195
[15:03:47] 639.1, 122.7, 5.191
[15:03:48] 639.0, 122.7, 5.186
[15:03:49] 716.2, 122.0, 8.181
[15:03:50] 999.4, 122.0, 8.220
[15:03:51] 999.6, 122.0, 8.142
[15:03:52] 999.8, 121.9, 8.197
[15:03:53] 999.9, 122.1, 7.777
[15:03:54] 865.6, 122.8, 5.214
[15:03:55] 640.8, 122.8, 5.210
[15:03:56] 640.7, 122.6, 5.215
[15:03:57] 640.6, 122.6, 5.208
[15:03:58] 640.4, 122.3, 6.807
[15:03:59] 830.0, 121.9, 8.171
[15:04:00] 999.2, 122.0, 8.173
[15:04:01] 999.2, 122.0, 8.197
[15:04:02] 999.7, 122.0, 8.192
[15:04:03] 1000.3, 122.0, 8.241
[15:04:04] 1000.7, 122.0, 8.156
[15:04:05] 1001.0, 122.0, 8.221
[15:04:06] 1001.7, 122.0, 8.245
[15:04:07] 1002.2, 122.0, 8.228
[15:04:08] 987.6, 122.8, 5.234
[15:04:09] 664.8, 122.7, 5.205
[15:04:10] 639.8, 122.8, 5.200
[15:04:11] 639.7, 122.7, 5.211
[15:04:12] 639.7, 122.8, 5.203
[15:04:13] 695.3, 122.0, 8.155
[15:04:14] 998.7, 122.0, 8.203
[15:04:15] 999.1, 122.1, 8.190
[15:04:16] 999.5, 122.0, 8.226
[15:04:17] 1000.0, 121.9, 8.217
[15:04:18] 1000.6, 122.1, 8.193
[15:04:19] 1001.1, 122.0, 8.214
[15:04:20] 1001.5, 122.0, 8.237
[15:04:21] 1002.1, 122.0, 8.216
[15:04:22] 1002.6, 122.0, 8.217
[15:04:23] 1002.8, 121.9, 8.261
[15:04:24] 1003.4, 122.0, 8.255
[15:04:25] 1003.9, 122.0, 8.207
[15:04:26] 1004.2, 121.9, 8.277
[15:04:27] 1004.6, 122.0, 8.250
[15:04:28] 1004.8, 121.9, 8.248
[15:04:29] 1005.2, 121.9, 8.240
[15:04:30] 1005.3, 122.0, 8.261
[15:04:31] 1005.8, 122.0, 8.251
[15:04:32] 879.6, 122.7, 5.238
[15:04:33] 643.9, 122.7, 5.225
[15:04:34] 643.6, 122.8, 5.212
[15:04:35] 643.3, 122.8, 5.213
[15:04:36] 643.0, 122.8, 5.214
