<<<[15:06:23] 641.3, 122.7, 5.213
[15:06:24] 641.0, 122.6, 5.206
[15:06:25] 640.7, 122.6, 5.201
[15:06:26] 689.6, 122.3, 6.694
[15:06:27] 819.9, 122.2, 6.707
[15:06:28] 820.0, 122.3, 6.714
[15:06:29] 820.3, 122.3, 6.720
[15:06:30] 820.6, 122.3, 6.726
[15:06:31] 820.9, 122.3, 6.721
[15:06:32] 821.2, 122.3, 6.723
[15:06:33] 821.5, 122.3, 6.726
[15:06:34] 821.7, 122.3, 6.726
[15:06:35] 822.0, 122.4, 6.725
[15:06:36] 822.2, 122.3, 6.728
[15:06:37] 822.5, 122.3, 6.734
[15:06:38] 822.7, 122.3, 6.729
[15:06:39] 822.9, 122.2, 6.734
[15:06:40] 823.1, 122.3, 6.730
[15:06:41] 823.2, 122.3, 6.761
[15:06:42] 828.6, 122.3, 6.767
[15:06:43] 828.6, 122.3, 6.769
[15:06:44] 828.6, 122.2, 6.774
[15:06:45] 828.6, 122.2, 6.769
[15:06:46] 828.7, 122.3, 6.766
[15:06:47] 828.7, 122.3, 6.777
[15:06:48] 828.8, 122.3, 6.763
[15:06:49] 828.8, 122.4, 6.733
[15:06:50] 828.7, 122.3, 6.790
[15:06:51] 835.3, 122.6, 5.625
[15:06:52] 739.2, 122.8, 5.359
[15:06:53] 656.3, 122.7, 5.296
[15:06:54] 650.6, 122.8, 5.294
[15:06:55] 650.5, 122.6, 5.204
[15:06:56] 651.0, 122.8, 5.415
[15:06:57] 719.7, 122.7, 5.195
[15:06:58] 638.0, 122.9, 5.189
[15:06:59] 638.0, 122.7, 5.195
[15:07:00] 638.1, 122.8, 5.187
[15:07:01] 638.6, 122.8, 5.426
[15:07:02] 725.8, 122.8, 5.195
[15:07:03] 638.4, 122.7, 5.193
[15:07:04] 638.3, 122.7, 5.191
[15:07:05] 638.2, 122.8, 5.189
[15:07:06] 638.1, 122.2, 7.229
[15:07:07] 772.7, 122.7, 5.190
[15:07:08] 637.6, 122.8, 5.197
[15:07:09] 637.5, 122.6, 5.191
[15:07:10] 637.5, 122.6, 5.197
[15:07:11] 637.5, 122.2, 7.400
[15:07:12] 802.8, 122.6, 5.196
[15:07:13] 638.0, 122.7, 5.192
[15:07:14] 637.8, 122.6, 5.195
[15:07:15] 637.8, 122.6, 5.198
[15:07:16] 637.8, 122.0, 7.523
[15:07:17] 830.4, 122.6, 5.221
[15:07:18] 676.0, 122.7, 5.195
[15:07:19] 637.6, 122.6, 5.196
[15:07:20] 637.5, 122.5, 5.193
[15:07:21] 637.4, 122.7, 5.189
[15:07:22] 681.3, 121.9, 8.085
[15:07:23] 964.4, 122.6, 5.225
[15:07:24] 677.6, 122.7, 5.196
[15:07:25] 637.5, 122.6, 5.193
[15:07:26] 637.4, 122.7, 5.197
[15:07:27] 637.4, 122.6, 5.194
[15:07:28] 711.5, 121.9, 8.090
[15:07:29] 988.2, 121.9, 8.064
[15:07:30] 938.8, 122.6, 5.213
[15:07:31] 639.0, 122.6, 5.200
[15:07:32] 638.8, 122.6, 5.195
[15:07:33] 638.6, 122.7, 5.191
[15:07:34] 638.5, 122.7, 5.189
[15:07:35] 773.3, 122.0, 8.052
[15:07:36] 985.9, 122.1, 8.064
[15:07:37] 986.1, 121.9, 8.116
[15:07:38] 991.8, 122.3, 7.304
[15:07:39] 810.7, 122.8, 5.200
[15:07:40] 638.8, 122.7, 5.197
[15:07:41] 638.7, 122.8, 5.198
[15:07:42] 638.5, 122.8, 5.190
[15:07:43] 638.5, 122.0, 7.959
[15:07:44] 884.5, 122.1, 8.079
[15:07:45] 987.2, 122.0, 8.068
[15:07:46] 987.2, 122.0, 8.112
[15:07:47] 987.7, 122.0, 8.111
[15:07:48] 988.3, 122.0, 8.112
[15:07:49] 988.6, 122.0, 8.085
[15:07:50] 988.9, 121.9, 8.181
[15:07:51] 954.4, 122.7, 5.222
[15:07:52] 640.8, 122.7, 5.209
[15:07:53] 640.6, 122.8, 5.206
[15:07:54] 640.4, 122.6, 5.216
[15:07:55] 640.4, 122.7, 5.205
[15:07:56] 764.0, 121.9, 8.060
[15:07:57] 988.2, 122.0, 8.099
[15:07:58] 988.2, 122.0, 8.058
[15:07:59] 988.5, 122.0, 8.101
[15:08:00] 988.9, 121.9, 8.109
[15:08:01] 989.4, 122.0, 8.131
[15:08:02] 994.5, 121.9, 8.105
[15:08:03] 994.3, 122.0, 8.135
[15:08:04] 994.3, 121.9, 8.174
[15:08:05] 994.4, 121.9, 8.135
[15:08:06] 994.4, 122.0, 8.165
[15:08:07] 994.5, 122.0, 8.143
[15:08:08] 994.7, 122.0, 8.154
[15:08:09] 994.9, 121.9, 8.154
[15:08:10] 994.7, 122.7, 5.429
[15:08:11] 743.7, 122.7, 5.235
[15:08:12] 642.4, 122.8, 5.220
[15:08:13] 642.2, 122.7, 5.213
[15:08:14] 642.0, 122.8, 5.209
