<<<[14:51:54] 640.2, 122.9, 5.180
[14:51:55] 639.8, 122.9, 5.187
[14:51:56] 639.6, 122.5, 6.627
[14:51:57] 783.7, 122.5, 6.642
[14:51:58] 815.2, 122.8, 5.772
[14:51:59] 742.6, 122.9, 5.325
[14:52:00] 653.8, 122.8, 5.267
[14:52:01] 647.5, 122.8, 5.250
[14:52:02] 647.2, 122.9, 5.193
[14:52:03] 638.4, 122.8, 5.582
[14:52:04] 694.7, 122.9, 5.187
[14:52:05] 637.6, 122.9, 5.186
[14:52:06] 637.6, 122.9, 5.186
[14:52:07] 637.6, 122.9, 5.183
[14:52:08] 637.5, 122.8, 5.607
[14:52:09] 693.5, 122.9, 5.188
[14:52:10] 638.0, 122.8, 5.186
[14:52:11] 637.8, 122.9, 5.183
[14:52:12] 637.7, 122.9, 5.191
[14:52:13] 637.7, 122.8, 5.640
[14:52:14] 693.0, 122.9, 5.180
[14:52:15] 636.5, 122.8, 5.181
[14:52:16] 636.6, 122.9, 5.189
[14:52:17] 636.6, 122.9, 5.181
[14:52:18] 636.7, 122.8, 5.660
[14:52:19] 690.6, 123.0, 5.180
[14:52:20] 637.3, 122.8, 5.189
[14:52:21] 637.2, 122.9, 5.177
[14:52:22] 637.1, 122.9, 5.186
[14:52:23] 637.1, 122.3, 7.187
[14:52:24] 739.0, 122.9, 5.178
[14:52:25] 636.9, 123.0, 5.178
[14:52:26] 636.9, 122.9, 5.175
[14:52:27] 636.8, 122.9, 5.176
[14:52:28] 636.8, 122.4, 7.182
[14:52:29] 734.3, 122.8, 5.181
[14:52:30] 637.1, 122.8, 5.182
[14:52:31] 637.0, 122.9, 5.178
[14:52:32] 637.0, 122.8, 5.180
[14:52:33] 636.9, 122.3, 7.226
[14:52:34] 727.8, 122.9, 5.188
[14:52:35] 637.3, 122.8, 5.179
[14:52:36] 637.3, 122.9, 5.181
[14:52:37] 637.2, 122.8, 5.181
[14:52:38] 637.2, 122.3, 7.648
[14:52:39] 763.2, 122.9, 5.186
[14:52:40] 637.6, 122.8, 5.179
[14:52:41] 637.5, 122.9, 5.181
[14:52:42] 637.4, 122.8, 5.175
[14:52:43] 637.3, 122.9, 5.183
[14:52:44] 780.4, 122.9, 5.237
[14:52:45] 693.9, 122.9, 5.182
[14:52:46] 637.3, 122.9, 5.181
[14:52:47] 637.2, 122.8, 5.179
[14:52:48] 637.2, 122.9, 5.177
[14:52:49] 657.5, 122.1, 8.025
[14:52:50] 947.9, 122.9, 5.187
[14:52:51] 644.7, 122.8, 5.179
[14:52:52] 637.1, 122.9, 5.177
[14:52:53] 637.0, 122.9, 5.174
[14:52:54] 636.9, 122.9, 5.177
[14:52:55] 753.0, 122.1, 8.032
[14:52:56] 980.9, 122.7, 6.045
[14:52:57] 757.7, 122.9, 5.194
[14:52:58] 638.8, 122.8, 5.180
[14:52:59] 638.5, 122.9, 5.179
[14:53:00] 638.3, 122.8, 5.180
[14:53:01] 638.2, 122.2, 8.015
[14:53:02] 941.0, 122.1, 8.031
[14:53:03] 982.7, 122.2, 8.055
[14:53:04] 983.0, 122.8, 5.290
[14:53:05] 701.2, 122.9, 5.192
[14:53:06] 638.8, 122.9, 5.184
[14:53:07] 638.6, 122.9, 5.190
[14:53:08] 638.5, 122.8, 5.182
[14:53:09] 638.4, 122.2, 8.022
[14:53:10] 978.8, 122.2, 8.035
[14:53:11] 979.3, 122.2, 8.053
[14:53:12] 984.7, 122.2, 8.063
[14:53:13] 984.9, 122.2, 8.070
[14:53:14] 985.3, 122.2, 8.078
[14:53:15] 965.8, 122.9, 5.214
[14:53:16] 653.8, 122.8, 5.198
[14:53:17] 639.2, 122.9, 5.197
[14:53:18] 639.1, 122.8, 5.193
[14:53:19] 638.9, 122.8, 5.183
[14:53:20] 713.0, 122.2, 8.038
[14:53:21] 983.5, 122.1, 8.054
[14:53:22] 983.6, 122.2, 8.010
[14:53:23] 983.9, 122.1, 8.081
[14:53:24] 984.5, 122.1, 8.079
[14:53:25] 985.0, 122.2, 8.092
[14:53:26] 985.3, 122.1, 8.092
[14:53:27] 985.9, 122.2, 8.098
[14:53:28] 986.5, 122.1, 8.075
[14:53:29] 986.9, 122.2, 8.100
[14:53:30] 987.2, 122.1, 8.101
[14:53:31] 987.7, 122.8, 5.532
[14:53:32] 754.4, 122.7, 5.216
[14:53:33] 641.2, 122.8, 5.203
[14:53:34] 641.0, 122.9, 5.199
[14:53:35] 640.7, 122.8, 5.191
