<<<[15:12:05] 639.4, 122.6, 5.202
[15:12:06] 639.3, 122.7, 5.204
[15:12:07] 639.3, 122.5, 5.206
[15:12:08] 683.5, 122.3, 6.665
[15:12:09] 816.2, 122.2, 6.677
[15:12:10] 816.3, 122.2, 6.680
[15:12:11] 816.5, 122.2, 6.693
[15:12:12] 816.7, 122.2, 6.691
[15:12:13] 817.0, 122.2, 6.695
[15:12:14] 817.3, 122.2, 6.700
[15:12:15] 817.6, 122.2, 6.701
[15:12:16] 817.8, 122.1, 6.702
[15:12:17] 818.1, 122.1, 6.707
[15:12:18] 818.4, 122.2, 6.699
[15:12:19] 818.6, 122.1, 6.704
[15:12:20] 818.8, 122.2, 6.704
[15:12:21] 819.0, 122.2, 6.706
[15:12:22] 819.2, 122.2, 6.703
[15:12:23] 819.3, 122.2, 6.709
[15:12:24] 819.5, 122.1, 6.711
[15:12:25] 819.6, 122.1, 6.707
[15:12:26] 819.7, 122.2, 6.708
[15:12:27] 819.8, 122.2, 6.710
[15:12:28] 820.0, 122.1, 6.706
[15:12:29] 820.0, 122.2, 6.706
[15:12:30] 820.1, 122.2, 6.709
[15:12:31] 820.2, 122.3, 6.706
[15:12:32] 820.3, 122.3, 6.704
[15:12:33] 820.3, 122.2, 6.704
[15:12:34] 820.4, 122.3, 6.705
[15:12:35] 820.4, 122.2, 6.710
[15:12:36] 820.5, 122.3, 6.705
[15:12:37] 820.5, 122.2, 6.713
[15:12:38] 820.6, 122.2, 6.708
[15:12:39] 820.6, 122.3, 6.708
[15:12:40] 820.6, 122.1, 6.714
[15:12:41] 820.6, 122.2, 6.667
[15:12:42] 820.5, 122.3, 6.473
[15:12:43] 793.9, 122.1, 7.294
[15:12:44] 766.4, 122.6, 5.313
[15:12:45] 650.0, 122.7, 5.268
[15:12:46] 649.5, 122.6, 5.260
[15:12:47] 649.0, 122.7, 5.214
[15:12:48] 640.2, 122.1, 7.185
[15:12:49] 705.8, 122.6, 5.202
[15:12:50] 638.4, 122.6, 5.209
[15:12:51] 638.4, 122.5, 5.209
[15:12:52] 638.3, 122.5, 5.200
[15:12:53] 638.3, 122.1, 7.300
[15:12:54] 748.9, 122.5, 5.213
[15:12:55] 638.6, 122.5, 5.199
[15:12:56] 638.5, 122.6, 5.202
[15:12:57] 638.4, 122.5, 5.204
[15:12:58] 638.3, 121.9, 7.048
[15:12:59] 786.7, 122.4, 5.210
[15:13:00] 637.6, 122.5, 5.202
[15:13:01] 637.6, 122.4, 5.199
[15:13:02] 637.5, 122.4, 5.201
[15:13:03] 637.5, 122.6, 5.205
[15:13:04] 765.8, 122.4, 5.643
[15:13:05] 732.1, 122.5, 5.202
[15:13:06] 638.0, 122.5, 5.203
[15:13:07] 637.9, 122.4, 5.199
[15:13:08] 637.8, 122.6, 5.194
[15:13:09] 637.9, 121.8, 8.111
[15:13:10] 957.3, 122.6, 5.214
[15:13:11] 638.4, 122.6, 5.194
[15:13:12] 638.3, 122.7, 5.205
[15:13:13] 638.2, 122.6, 5.195
[15:13:14] 638.0, 122.7, 5.191
[15:13:15] 742.0, 121.8, 8.148
[15:13:16] 993.5, 122.6, 5.728
[15:13:17] 748.3, 122.5, 5.219
[15:13:18] 639.8, 122.7, 5.205
[15:13:19] 639.6, 122.6, 5.208
[15:13:20] 639.6, 122.7, 5.205
[15:13:21] 639.5, 121.9, 8.132
[15:13:22] 955.9, 122.0, 8.120
[15:13:23] 992.7, 121.9, 8.161
[15:13:24] 987.0, 122.7, 5.250
[15:13:25] 689.6, 122.6, 5.206
[15:13:26] 638.8, 122.7, 5.199
[15:13:27] 638.8, 122.7, 5.197
[15:13:28] 638.7, 122.7, 5.187
[15:13:29] 669.5, 122.0, 8.155
[15:13:30] 995.9, 121.9, 8.157
[15:13:31] 995.8, 121.9, 8.106
[15:13:32] 995.7, 121.9, 8.224
[15:13:33] 996.3, 121.9, 8.136
[15:13:34] 996.5, 122.0, 8.021
[15:13:35] 898.1, 122.7, 5.215
[15:13:36] 640.0, 122.6, 5.222
[15:13:37] 639.9, 122.6, 5.209
[15:13:38] 639.7, 122.6, 5.200
[15:13:39] 639.5, 122.4, 5.667
[15:13:40] 810.1, 122.0, 8.141
[15:13:41] 992.9, 121.9, 8.147
[15:13:42] 998.7, 122.0, 8.159
[15:13:43] 998.7, 121.9, 8.199
[15:13:44] 998.6, 121.9, 8.188
[15:13:45] 998.4, 122.0, 8.159
[15:13:46] 998.5, 121.8, 8.207
[15:13:47] 998.8, 121.9, 8.211
[15:13:48] 999.2, 121.9, 8.085
[15:13:49] 999.2, 121.9, 8.193
[15:13:50] 999.7, 122.0, 8.167
[15:13:51] 911.3, 122.6, 5.231
[15:13:52] 642.6, 122.6, 5.226
[15:13:53] 642.4, 122.6, 5.220
[15:13:54] 642.2, 122.5, 5.221
[15:13:55] 642.0, 122.6, 5.220
